7.18
7.56166666667
6.94666666667
7.57222222222
7.545
8.17222222222
7.89285714286
7.3
7.8406779661
8.79166666667
8.35833333333
7.87894736842
7.35084745763
7.80188679245
8.16833333333
7.85423728814
7.23898305085
7.59310344828
7.25471698113
9.18
7.8
8.20338983051
8.33
7.50714285714
8.04821428571
6.96833333333
7.73684210526
6.59
6.78333333333
7.375
8.42203389831
7.805
6.74137931034
7.22631578947
8.08965517241
8.48666666667
8.76779661017
7.73389830508
7.98166666667
7.94237288136
9.085
7.93666666667
7.51694915254
8.66
8.92666666667
7.81333333333
8.58
8.06363636364
7.96981132075
7.97833333333
9.47454545455
7.34166666667
7.335
8.08793103448
8.128
7.55
8.36666666667
7.61379310345
7.00166666667
6.57894736842
--END OF 1--
13.3836363636
12.6133333333
13.3916666667
13.6185185185
13.0183333333
13.2148148148
14.0446428571
12.31
13.9627118644
15.3966666667
12.7466666667
13.8859649123
14.1305084746
13.7075471698
11.6883333333
14.1
14.9677966102
16.0465517241
16.0660377358
16.3
15.5017241379
14.2898305085
13.7616666667
15.4982142857
13.4214285714
13.68
16.950877193
12.7866666667
12.75
12.7783333333
13.1949152542
14.4783333333
15.2120689655
16.3157894737
14.4
14.545
14.4728813559
16.6813559322
14.035
15.1813559322
14.5366666667
13.645
12.7338983051
15.12
15.61
14.7633333333
15.505
15.0836363636
13.658490566
13.78
15.9636363636
13.455
12.84
12.875862069
12.844
13.4
14.9966666667
14.8379310345
13.0783333333
13.5912280702
--END OF 2--
