7.38833333333
6.54333333333
6.67796610169
7.24166666667
7.63
7.56666666667
7.28666666667
7.54333333333
7.16833333333
7.32833333333
7.24406779661
8.73333333333
7.39661016949
8.19666666667
7.84310344828
7.04666666667
7.33833333333
7.43666666667
7.93898305085
7.87166666667
8.61090909091
8.56333333333
8.80666666667
8.88305084746
7.64666666667
7.94
9.005
8.82711864407
7.985
8.53833333333
7.86666666667
10.1383333333
8.19833333333
9.26666666667
10.5716666667
8.61333333333
8.19666666667
7.61355932203
8.62166666667
7.80677966102
8.56909090909
8.98333333333
8.99310344828
9.22456140351
8.26034482759
7.05833333333
9.1
9.34035087719
8.38983050847
8.54035087719
8.67796610169
8.27966101695
7.52
8.02909090909
8.58518518519
9.64166666667
8.52833333333
8.075
8.88813559322
7.50166666667
--END OF 1--
10.5416666667
10.825
11.6983050847
12.1483333333
12.89
19.5866666667
14.185
10.8133333333
11.3366666667
11.1133333333
12.3423728814
13.6245614035
12.2508474576
12.4566666667
13.0672413793
11.5966666667
11.9583333333
11.39
11.0271186441
11.4666666667
13.8981818182
19.8083333333
16.98
12.6881355932
12.3733333333
13.975
14.165
13.7694915254
14.3983333333
15.2033333333
13.7851851852
13.9283333333
11.99
15.095
13.665
12.3333333333
12.4066666667
13.2898305085
15.435
13.6
14.38
14.9616666667
16.0620689655
14.201754386
12.3448275862
14.5716666667
14.6034482759
13.3385964912
15.8084745763
13.5771929825
14.2593220339
13.0338983051
13.2016666667
12.2
12.2777777778
13.3816666667
12.2083333333
13.7583333333
15.2779661017
10.6483333333
--END OF 2--
