7.31666666667
6.54
8.05333333333
7.03728813559
6.24666666667
6.35666666667
6.365
6.68666666667
7.00833333333
5.935
7.45344827586
6.87833333333
7.00166666667
7.76833333333
7.99661016949
7.76101694915
7.49
8.32711864407
6.82666666667
7.38833333333
7.215
6.5406779661
7.00166666667
6.63333333333
7.64576271186
5.90333333333
6.59666666667
6.67666666667
7.19636363636
7.60847457627
7.11666666667
7.625
7.98833333333
7.30666666667
6.09166666667
5.96166666667
6.66666666667
7.27627118644
7.83333333333
7.27666666667
5.855
6.25
7.48166666667
6.54166666667
6.28
6.01355932203
7.47333333333
7.03166666667
7.64545454545
8.14166666667
7.22033898305
8.48305084746
7.09482758621
7.26
6.17118644068
7.325
8.24333333333
7.59666666667
7.06833333333
7.58620689655
--END OF 1--
12.7033333333
12.9466666667
13.3316666667
12.1355932203
12.0816666667
11.9766666667
12.1316666667
13.6216666667
12.9416666667
13.04
14.2189655172
14.24
11.7833333333
12.5583333333
14.1644067797
13.6237288136
12.6283333333
13.3338983051
12.7383333333
12.84
13.0
13.0
11.8566666667
12.0516666667
13.8966101695
12.64
12.6
13.2233333333
14.8272727273
12.8322033898
13.5016666667
13.5966666667
13.205
13.4183333333
12.6016666667
12.2016666667
12.7283333333
13.5881355932
12.955
12.8733333333
12.01
12.3083333333
13.81
12.14
13.0416666667
13.513559322
12.5583333333
11.7216666667
14.1836363636
15.9116666667
14.2389830508
15.093220339
12.9379310345
12.4416666667
12.2830508475
12.8866666667
14.8616666667
12.6166666667
13.1533333333
13.0396551724
--END OF 2--
