10.5716666667
11.2783333333
12.4881355932
12.0685185185
11.3816666667
11.913559322
12.658490566
12.3637931034
12.2372881356
10.4583333333
12.2766666667
13.7833333333
13.57
12.4949152542
13.0933333333
12.8933333333
11.8603448276
12.4033333333
12.08
12.3616666667
13.2892857143
14.0058823529
11.8216666667
12.9551724138
12.4964285714
13.225
12.49
11.5701754386
12.3766666667
12.1092592593
11.6266666667
10.9566666667
12.4416666667
11.7
12.5283333333
12.6
12.4152542373
12.1283333333
11.05
12.1483333333
11.9766666667
12.8133333333
11.4684210526
11.6133333333
10.0333333333
12.045
11.320754717
10.1633333333
10.1338983051
10.655
11.3266666667
10.4633333333
10.9366666667
10.1983333333
8.97857142857
10.0316666667
11.1433333333
10.0474576271
11.6083333333
11.55
--END OF 1--
15.0733333333
15.3516666667
16.0406779661
16.6388888889
16.6883333333
15.8322033898
15.9660377358
17.2206896552
17.3203389831
15.485
16.6366666667
17.8816666667
16.5633333333
16.3898305085
16.0216666667
15.0416666667
16.6844827586
15.1266666667
15.18
15.2283333333
16.7660714286
17.4352941176
15.3966666667
17.6
17.5125
16.5288461538
16.295
15.7105263158
14.9716666667
16.0555555556
15.815
14.67
15.22
15.185
15.9083333333
15.5066666667
15.8949152542
15.6933333333
14.1416666667
14.5133333333
15.2833333333
17.355
15.049122807
15.71
13.6233333333
14.93
16.4396226415
14.2016666667
14.5372881356
14.97
14.91
14.5016666667
14.45
13.65
13.5625
13.8616666667
14.3816666667
13.7406779661
15.2
16.5796296296
--END OF 2--
