7.45166666667
7.145
6.76779661017
6.75333333333
7.12333333333
8.01333333333
6.62333333333
7.29
7.98
7.40166666667
8.9
7.99333333333
7.465
7.47833333333
7.40666666667
7.945
7.73166666667
7.63166666667
7.005
7.84576271186
8.73833333333
7.37833333333
8.61833333333
8.82166666667
8.82666666667
8.20166666667
9.16833333333
8.14406779661
8.10833333333
8.22666666667
7.43166666667
8.45
7.82666666667
7.79666666667
8.05166666667
9.05084745763
7.2
7.53166666667
8.77833333333
7.52
8.33333333333
8.37
7.875
7.97333333333
9.02711864407
7.54333333333
6.50333333333
7.95666666667
8.25333333333
6.94166666667
6.75166666667
7.92333333333
7.16271186441
8.405
9.05166666667
7.39333333333
7.53833333333
7.955
7.255
7.09137931034
--END OF 1--
10.015
10.0483333333
10.4813559322
9.97833333333
10.325
10.6783333333
9.87
11.6116666667
10.3933333333
10.0283333333
10.6983050847
10.0983333333
10.32
9.95
11.9066666667
12.245
9.975
10.0483333333
10.3083333333
10.2813559322
10.6766666667
10.2
10.5183333333
10.7666666667
11.315
10.7366666667
11.98
10.4
10.1616666667
10.845
10.3316666667
9.99833333333
9.965
10.1333333333
10.5083333333
11.5474576271
11.9516666667
10.3366666667
11.2233333333
10.065
11.4433333333
10.3933333333
10.8583333333
10.4783333333
11.4983050847
10.4833333333
10.5466666667
10.1416666667
10.43
10.545
12.3633333333
10.085
9.69661016949
10.3683333333
10.8433333333
10.25
10.0466666667
10.3316666667
9.80333333333
10.2396551724
--END OF 2--
