11.645
12.9051724138
12.4716666667
13.325862069
12.8593220339
12.3830508475
12.2833333333
12.913559322
13.6916666667
11.6183333333
12.9762711864
12.8203389831
12.606779661
12.3644067797
12.47
13.2133333333
14.1711864407
12.7254545455
12.9779661017
13.3464285714
12.3431034483
12.995
12.9916666667
11.945
12.63
13.4644067797
12.5644067797
11.7916666667
12.8277777778
13.0816666667
13.5724137931
12.8052631579
12.3655172414
14.7288135593
13.3383333333
14.9779661017
13.675
12.3166666667
12.7881355932
14.6052631579
14.4491525424
13.7533333333
14.0166666667
13.7981481481
14.0087719298
15.0775862069
14.645
14.4016666667
13.28
13.7033333333
13.8583333333
13.155
13.4133333333
14.1050847458
14.0833333333
15.6783333333
13.1186440678
14.6271186441
13.7
11.1137931034
--END OF 1--
15.9233333333
17.425862069
14.9766666667
16.7224137931
15.1881355932
15.4949152542
15.8483333333
16.3423728814
16.1316666667
15.0433333333
17.3152542373
16.4203389831
16.8610169492
16.0661016949
14.8183333333
15.4616666667
17.3830508475
16.9490909091
18.406779661
16.8589285714
17.7586206897
16.2516666667
14.0933333333
15.2133333333
16.28
16.9559322034
15.8661016949
15.6366666667
17.0537037037
17.1683333333
17.9896551724
17.7070175439
17.4982758621
17.3203389831
19.6966666667
20.4288135593
17.7916666667
17.8316666667
17.6440677966
18.8298245614
19.7338983051
17.0333333333
17.685
18.1092592593
16.8543859649
18.3103448276
19.3266666667
16.9783333333
18.1816666667
18.125
19.1633333333
18.3666666667
18.5433333333
17.9271186441
16.5583333333
19.845
16.9237288136
18.1016949153
17.7379310345
15.3344827586
--END OF 2--
