11.7711864407
10.6633333333
10.9216666667
10.5716666667
8.3813559322
10.7066666667
10.1416666667
10.5982758621
10.1305084746
9.95833333333
9.39152542373
10.0457627119
10.1944444444
10.9962962963
10.605
11.8433333333
12.205
11.3733333333
10.61
11.3813559322
11.55
11.4266666667
11.3633333333
11.6533333333
12.33
12.3216666667
11.6101694915
10.75
10.1711864407
11.1333333333
8.63965517241
9.5813559322
8.38833333333
8.25666666667
8.00833333333
9.14333333333
8.1125
10.215
9.66610169492
8.59152542373
9.70172413793
10.76
11.3933333333
12.2644067797
11.57
12.5766666667
10.6833333333
12.3625
11.4233333333
11.0603448276
12.9644067797
13.8116666667
13.3183333333
13.8372881356
12.7433333333
13.705
12.8879310345
13.9847457627
14.46
12.1775862069
--END OF 1--
15.8152542373
13.635
13.845
15.2066666667
12.5830508475
14.3316666667
14.685
17.175862069
16.0576271186
15.035
13.7474576271
15.0084745763
16.7888888889
14.9333333333
13.625
14.5466666667
14.9833333333
14.1633333333
15.29
15.8610169492
15.305
14.0316666667
14.015
14.5683333333
14.7016666667
15.2333333333
15.7254237288
13.3933333333
12.9881355932
14.4316666667
13.0465517241
14.0779661017
11.885
11.785
12.2466666667
13.33
11.7625
14.46
13.5576271186
12.4610169492
13.2568965517
14.0083333333
15.545
15.5050847458
15.54
17.48
15.8683333333
16.3446428571
17.96
16.0879310345
20.2305084746
19.0866666667
19.4183333333
17.5457627119
18.185
17.9616666667
17.374137931
18.9508474576
17.1109090909
15.7293103448
--END OF 2--
