6.77
5.92
6.46166666667
6.80833333333
7.175
6.41694915254
5.96166666667
6.605
5.465
7.19333333333
6.555
6.875
6.57166666667
6.77166666667
7.12203389831
6.98166666667
7.365
6.67
6.18166666667
6.85666666667
6.115
6.95833333333
6.37457627119
5.64833333333
6.015
5.28333333333
6.53666666667
6.17166666667
6.32166666667
6.68166666667
6.26
6.3186440678
6.87666666667
6.58833333333
7.10833333333
7.06166666667
7.31
7.705
7.205
7.04915254237
6.11833333333
6.49333333333
7.73833333333
5.59
7.245
7.71333333333
7.425
7.36
5.75423728814
6.37166666667
6.89333333333
5.94833333333
7.47333333333
8.26333333333
7.48333333333
8.27666666667
6.89152542373
7.28
6.02
6.45762711864
--END OF 1--
10.495
10.1366666667
9.92166666667
10.1816666667
10.185
10.3796610169
9.96666666667
10.1133333333
10.3583333333
10.275
11.26
10.3566666667
10.4633333333
10.8833333333
11.2288135593
10.3316666667
10.4733333333
10.19
9.99166666667
10.3883333333
10.7183333333
10.5216666667
9.68644067797
10.485
10.375
10.125
10.9183333333
10.475
11.08
10.745
11.2
10.3050847458
10.355
10.0766666667
10.6766666667
10.6266666667
10.4233333333
12.575
11.4133333333
11.7389830508
10.7883333333
10.665
11.35
10.1183333333
10.98
10.415
10.655
11.3916666667
10.4711864407
10.8766666667
11.5933333333
9.95
12.405
12.5716666667
11.9583333333
12.3133333333
10.5118644068
11.305
10.725
10.0016949153
--END OF 2--
