11.0
10.9
11.0
11.1
11.2
11.1
11.0
10.9
10.9
11.0
11.0
10.9
10.9
10.8
10.9
11.1
11.2
11.4
11.7
12.0
12.0
12.0
12.0
12.0
12.0
12.0
12.1
12.2
12.2
12.1
12.1
12.0
12.0
12.0
12.1
12.0
11.9
11.8
11.8
11.7
11.7
11.7
11.6
11.5
11.5
11.5
11.5
11.7
11.8
11.9
12.1
12.2
12.3
12.3
12.3
12.3
12.5
12.7
12.8
12.8
12.8
12.8
12.8
12.8
12.8
12.8
12.8
12.8
12.9
13.0
13.1
13.2
13.3
13.4
13.4
13.4
13.5
13.3
13.1
12.9
12.9
12.9
12.9
13.0
13.0
13.1
13.0
13.0
12.9
12.9
12.9
12.9
12.9
12.9
12.9
13.2
13.5
13.7
13.7
13.6
13.6
13.5
13.5
13.4
13.4
13.4
13.3
13.4
13.4
13.5
13.5
13.5
13.5
13.5
13.6
13.6
13.6
13.6
13.6
13.6
13.6
13.5
13.6
13.6
13.7
13.8
13.8
13.9
13.7
13.5
13.3
13.2
13.1
13.0
13.0
13.0
12.9
12.9
12.9
12.8
12.9
12.9
13.0
13.0
12.9
12.9
12.9
12.8
12.7
12.8
12.9
13.0
12.9
12.8
12.7
12.6
12.4
12.3
12.3
12.4
12.5
12.5
12.5
12.6
12.6
12.6
12.6
12.5
12.4
12.3
12.2
12.2
12.1
12.0
12.0
11.9
11.9
11.9
11.9
11.9
12.0
12.1
12.0
12.0
11.9
11.9
11.9
12.0
12.0
12.1
12.1
12.2
12.3
12.3
12.3
12.2
12.1
12.2
12.3
12.4
12.3
12.1
12.0
11.9
11.9
11.9
12.0
12.1
12.3
12.3
12.4
12.5
12.5
12.6
12.7
12.7
12.6
12.6
12.5
12.4
12.3
12.3
12.3
12.3
12.3
12.3
12.3
12.3
12.3
12.3
12.3
12.3
12.4
12.4
12.4
12.3
12.3
12.2
12.1
12.1
12.1
12.0
12.1
12.1
12.1
12.1
12.1
12.1
12.0
12.0
12.0
11.9
11.8
11.6
11.7
11.7
11.8
11.7
11.7
11.6
11.7
11.8
11.9
11.9
12.0
12.0
11.9
11.8
11.7
11.6
11.5
11.5
11.4
11.4
11.3
11.5
11.6
11.7
11.8
12.0
12.1
12.1
12.1
12.2
12.2
12.2
12.3
12.2
12.2
12.1
12.1
12.0
12.0
12.0
12.1
12.1
12.2
12.2
12.3
12.2
12.2
12.2
12.1
12.1
12.0
12.0
12.0
12.0
11.9
11.9
11.8
11.9
12.1
12.2
12.2
12.3
12.3
12.3
12.3
12.4
12.4
12.4
12.4
12.3
12.3
12.2
12.2
12.2
12.2
12.1
12.0
11.9
12.0
12.0
12.1
12.0
11.9
11.9
11.8
11.7
11.6
11.7
11.7
11.7
11.6
11.5
11.4
11.5
11.6
11.8
11.8
11.7
11.7
11.7
11.7
11.6
11.6
11.6
11.5
11.5
11.5
11.4
11.6
11.7
12.0
12.2
12.2
12.3
12.4
12.3
12.2
12.1
12.3
12.4
12.6
12.5
12.4
12.3
12.4
12.4
12.4
12.4
12.5
12.5
12.5
12.6
12.7
12.8
12.9
12.8
12.7
12.6
12.5
12.3
12.5
12.7
13.1
13.2
13.3
13.3
13.3
13.3
13.3
13.3
13.2
13.4
13.6
13.7
13.7
13.7
13.7
13.7
13.7
13.7
13.6
13.5
13.4
13.3
13.1
13.0
12.9
12.9
12.8
12.8
12.8
12.9
12.7
12.6
12.4
12.5
12.6
12.7
12.6
12.6
12.5
12.5
12.5
12.6
12.5
12.5
12.5
12.5
12.4
12.3
12.3
12.3
12.3
12.3
12.4
12.4
12.3
12.1
11.9
11.9
11.9
12.0
11.9
11.8
11.8
11.8
11.8
11.8
12.0
12.1
12.2
12.0
11.9
11.7
11.7
11.6
11.6
11.7
11.9
12.1
12.0
12.0
12.0
12.1
12.1
12.2
12.2
12.2
12.3
12.5
12.7
13.0
12.9
12.8
12.7
12.6
12.6
12.5
12.6
12.7
12.8
12.7
12.6
12.6
12.5
12.4
12.4
12.4
12.5
12.5
12.6
12.6
12.7
12.7
12.8
12.8
12.8
12.9
12.9
12.9
13.0
13.0
12.9
12.9
12.9
12.8
12.7
12.6
12.5
12.4
12.3
12.3
12.4
12.4
12.4
12.4
12.5
12.4
12.3
12.3
12.4
12.5
12.7
12.7
12.7
12.8
12.7
12.7
12.7
12.5
12.3
12.1
12.1
12.2
12.2
12.2
12.1
12.0
12.0
11.9
11.9
11.9
11.9
11.9
11.9
12.0
12.0
12.0
11.9
11.9
11.8
11.8
11.8
11.8
11.8
11.8
11.8
11.7
11.7
11.6
11.5
11.4
11.5
11.6
11.7
11.7
11.6
11.6
11.7
11.8
11.9
11.9
11.9
11.8
11.8
11.8
11.7
11.7
11.7
---END OF 2.5 MEASUREMENTS---
13.2
13.2
13.5
13.7
13.9
13.9
13.9
14.0
13.7
13.4
13.1
13.1
13.0
13.0
13.1
13.1
13.2
13.3
13.4
13.5
13.4
13.3
13.3
13.3
13.3
13.3
13.4
13.4
13.4
13.5
13.5
13.5
13.5
13.6
13.6
13.6
13.5
13.4
13.4
13.4
13.4
13.4
13.4
13.4
13.5
13.5
13.5
13.6
13.6
13.6
13.8
14.0
14.1
13.9
13.8
13.6
13.7
13.7
13.8
13.7
13.7
13.6
13.4
13.5
13.5
13.5
13.5
13.5
13.6
13.7
13.8
13.9
14.0
14.1
14.1
14.1
14.2
14.0
13.8
13.6
13.6
13.6
13.6
13.7
13.7
13.8
13.7
13.7
13.6
13.6
13.6
13.6
13.6
13.6
13.6
13.9
14.2
14.4
14.4
14.3
14.3
14.2
14.2
14.0
14.0
14.0
14.0
14.1
14.3
14.5
14.7
14.9
15.2
15.3
15.3
15.4
15.5
15.7
15.8
15.8
15.7
15.7
15.7
15.7
15.7
15.7
15.7
15.7
15.6
15.4
15.3
15.2
15.2
15.1
15.1
15.1
15.1
15.0
14.8
14.7
14.8
14.8
14.9
14.9
14.8
14.8
14.7
14.7
14.7
14.6
14.5
14.3
14.5
14.7
14.9
15.1
15.3
15.5
15.5
15.6
15.6
15.6
15.7
15.7
15.7
15.7
15.7
15.5
15.3
15.0
14.7
14.3
14.0
14.1
14.3
14.4
14.3
14.1
13.9
14.0
14.1
14.2
14.1
14.1
14.0
14.0
14.0
14.0
14.1
14.1
14.1
14.1
14.2
14.2
14.2
14.3
14.3
14.4
14.6
14.7
14.6
14.5
14.4
14.4
14.4
14.4
14.7
15.0
15.3
15.2
15.2
15.1
15.0
15.0
14.9
14.5
14.0
13.6
13.6
13.6
13.6
13.6
13.6
13.6
13.6
13.5
13.4
13.4
13.4
13.5
13.5
13.5
13.6
13.4
13.3
13.1
13.2
13.3
13.4
13.4
13.3
13.2
13.2
13.3
13.3
13.4
13.5
13.6
13.6
13.6
13.5
13.7
13.8
14.0
13.9
13.9
13.9
13.7
13.6
13.5
13.6
13.6
13.7
13.7
13.8
13.9
13.6
13.3
13.1
13.2
13.3
13.5
13.4
13.2
13.1
13.2
13.3
13.3
13.4
13.4
13.5
13.5
13.5
13.5
13.6
13.7
13.7
13.7
13.6
13.6
13.6
13.5
13.5
13.4
13.3
13.2
13.1
13.1
13.0
13.1
13.2
13.4
13.4
13.4
13.4
13.3
13.3
13.2
13.2
13.1
13.1
12.9
12.8
12.9
12.9
13.1
13.3
13.4
13.4
13.5
13.5
13.5
13.5
13.4
13.4
13.4
13.5
13.6
13.8
13.6
13.4
13.1
13.1
13.1
13.1
13.1
13.0
13.0
12.9
12.8
12.8
12.7
12.7
12.6
12.8
12.9
13.1
13.5
14.0
14.4
14.6
14.8
15.0
15.1
15.1
15.2
15.4
15.7
15.9
15.9
15.8
15.8
16.2
16.6
17.1
17.2
17.3
17.4
17.5
17.4
17.3
17.3
17.4
17.5
17.6
17.5
17.4
17.3
17.3
17.3
17.2
17.2
17.2
17.2
16.8
16.6
16.7
16.8
16.9
16.9
16.8
16.8
16.7
16.7
16.8
16.9
16.9
16.8
16.7
16.4
16.2
15.9
15.7
15.5
15.3
15.3
15.3
15.3
15.1
14.8
14.6
14.5
14.5
14.5
14.3
14.2
14.1
14.0
13.8
13.7
13.6
13.6
13.5
13.5
13.5
13.6
13.4
13.3
13.1
13.2
13.3
13.4
13.3
13.3
13.2
13.2
13.2
13.3
13.2
13.2
13.2
13.2
13.1
13.0
12.9
13.0
13.2
13.2
13.3
13.4
13.4
13.3
13.3
13.5
13.6
13.8
13.9
14.0
14.0
14.0
13.9
13.9
13.9
13.9
13.9
13.9
13.9
13.9
13.9
13.8
13.8
13.9
13.9
14.0
14.0
14.0
13.9
14.0
14.0
14.1
14.1
14.2
14.2
14.5
14.8
15.1
15.0
14.9
14.8
14.8
14.7
14.7
14.7
14.8
14.8
14.6
14.5
14.3
14.3
14.2
14.2
14.1
14.0
14.0
14.1
14.3
14.5
14.5
14.4
14.4
14.4
14.4
14.3
14.2
14.1
14.0
13.7
13.5
13.6
13.6
14.0
14.4
14.3
14.3
14.3
14.3
14.2
14.2
14.2
14.2
14.2
14.6
14.9
15.3
15.4
15.6
15.7
15.8
15.8
15.8
15.8
15.7
15.7
15.4
15.1
14.8
14.9
14.9
14.9
14.9
15.0
15.0
15.1
15.1
15.2
15.2
15.1
15.1
15.2
15.3
15.4
15.4
15.4
15.4
15.2
15.1
14.9
14.8
14.8
14.8
14.7
14.6
14.6
14.5
14.5
14.4
14.8
15.2
15.6
15.2
14.8
14.5
14.5
14.5
14.6
14.5
14.5
14.4
14.5
14.7
14.8
14.3
13.8
---END OF 10 MEASUREMENTS---
