14.885
15.0083333333
15.3783333333
14.7683333333
13.6983333333
14.8133333333
13.0457627119
13.93
14.165
14.4216666667
14.01
14.9283333333
13.2883333333
13.39
15.5033898305
13.3066666667
13.3283333333
15.105
14.215
13.5933333333
12.4816666667
13.4733333333
11.9593220339
13.4333333333
13.295
13.4316666667
15.445
13.2883333333
14.0333333333
13.4216666667
13.6366666667
13.5457627119
13.63
13.4683333333
14.5766666667
15.1766666667
14.5466666667
14.815
14.5983333333
14.5423728814
15.7283333333
15.2783333333
14.8033333333
13.8516666667
13.955
13.9916666667
13.7383333333
14.2084745763
13.5066666667
14.4483333333
13.5216666667
14.0833333333
13.6433333333
14.0216666667
13.3183333333
13.9661016949
13.125
12.5233333333
14.71
13.9625
--END OF 1--
25.3833333333
19.56
19.9983333333
21.2533333333
22.255
22.06
18.793220339
20.6183333333
21.8016666667
22.3516666667
21.22
21.6566666667
20.6883333333
21.2333333333
21.5372881356
20.27
19.0566666667
23.8766666667
20.9616666667
20.89
20.2083333333
19.085
18.8627118644
19.8083333333
19.39
20.2583333333
25.9933333333
20.6483333333
20.5766666667
20.025
21.3583333333
23.8016949153
23.76
20.14
20.0266666667
21.3433333333
20.3666666667
20.125
21.63
19.4389830508
20.9816666667
22.0133333333
22.375
20.9216666667
18.6716666667
22.1283333333
19.1433333333
20.506779661
19.485
20.0416666667
21.4783333333
21.0116666667
21.2366666667
22.2
18.2366666667
19.9576271186
21.6833333333
22.58
23.51
22.4017857143
--END OF 2--
