8.68166666667
8.51166666667
7.675
8.16111111111
7.71166666667
8.10666666667
8.35454545455
8.65172413793
9.24
8.20535714286
7.835
8.9775862069
9.53333333333
8.8593220339
9.54
9.16949152542
9.18474576271
9.76
10.3733333333
10.1883333333
8.88596491228
8.89811320755
9.26101694915
10.1186440678
9.735
8.59272727273
9.42881355932
8.52586206897
9.72881355932
9.2406779661
10.0016666667
9.70847457627
10.2033333333
9.17333333333
9.92333333333
9.91333333333
10.4285714286
9.64833333333
10.1633333333
9.56949152542
10.0966666667
10.4883333333
10.445
11.0716666667
9.33
9.10333333333
9.86
10.7466666667
9.76949152542
9.645
10.34
10.2816666667
8.96166666667
10.265
8.905
9.95166666667
9.665
9.92881355932
10.6133333333
8.60877192982
--END OF 1--
14.9583333333
13.1716666667
13.0266666667
13.1777777778
13.1266666667
13.0566666667
13.2909090909
13.5706896552
14.0183333333
14.1
12.9366666667
13.3931034483
13.9833333333
13.2661016949
13.5133333333
13.2881355932
13.7711864407
14.0733333333
14.0416666667
13.4216666667
12.9947368421
13.0905660377
13.3220338983
14.0474576271
13.4716666667
12.7218181818
13.0
13.2931034483
13.9389830508
13.3677966102
13.5016666667
13.7474576271
13.6816666667
13.3466666667
13.0533333333
14.7
16.5607142857
13.6483333333
13.2916666667
13.2474576271
14.2116666667
13.1466666667
12.8833333333
15.58
13.0383333333
14.5633333333
15.0116666667
13.61
14.1305084746
13.54
15.1033333333
13.9366666667
14.46
14.4416666667
14.1466666667
17.1566666667
15.8266666667
14.2813559322
17.1083333333
14.1561403509
--END OF 2--
