13.5766666667
14.2440677966
14.0983333333
13.5416666667
14.035
13.5
13.2452830189
14.5966666667
14.0633333333
14.9627118644
15.5783333333
14.585
15.9716666667
14.2333333333
14.75
14.1633333333
14.54
14.6898305085
14.3916666667
14.5981481481
15.475
14.71
14.075
14.1633333333
14.812244898
15.0833333333
15.49
15.0283333333
15.074137931
16.2137931034
15.6866666667
14.7416666667
15.02
14.8134615385
14.215
14.9466666667
14.7733333333
15.0
16.9911111111
16.0666666667
15.7796610169
16.4884615385
14.5881355932
15.8433333333
15.0683333333
14.8216666667
16.113559322
15.2745762712
16.5796610169
15.5233333333
14.1833333333
15.3457627119
14.5116666667
15.915
14.9716666667
15.6216666667
17.435
15.9403508772
16.2118644068
13.4844827586
--END OF 1--
18.0566666667
19.1101694915
21.1116666667
18.22
18.0983333333
18.6733333333
16.7301886792
20.4483333333
19.1733333333
19.0457627119
19.07
18.4133333333
18.085
18.1733333333
19.525
19.985
18.5983333333
18.8644067797
17.96
17.4296296296
19.1366666667
18.0566666667
18.6333333333
18.8966666667
17.0551020408
18.2333333333
19.4983333333
18.6183333333
19.4689655172
21.1706896552
19.2033333333
18.4633333333
17.8933333333
17.7115384615
18.6533333333
18.7883333333
18.13
19.7366666667
21.0911111111
22.9966666667
21.9254237288
20.6557692308
17.5677966102
19.1
20.655
18.535
21.8
18.886440678
21.4694915254
20.1583333333
18.8466666667
19.5355932203
18.1233333333
18.465
19.6533333333
22.705
21.0766666667
19.4192982456
19.9423728814
18.1534482759
--END OF 2--
