7.88833333333
8.06833333333
8.10175438596
7.575
7.65333333333
7.245
6.98666666667
7.755
7.12333333333
7.705
8.45254237288
7.62
7.93166666667
9.73559322034
8.39333333333
7.74333333333
9.03166666667
9.14444444444
9.18793103448
8.335
9.43157894737
9.09666666667
9.41833333333
9.60517241379
9.54482758621
8.53571428571
9.39310344828
9.68
9.78
8.69285714286
10.235
9.93898305085
8.45833333333
8.94333333333
10.0542372881
9.68793103448
9.84333333333
10.3116666667
9.79152542373
9.925
10.865
9.70701754386
10.4216666667
9.14444444444
9.80175438596
9.62666666667
9.62833333333
11.01
10.885
10.325
10.785
10.9593220339
10.8933333333
9.89166666667
9.39
9.46440677966
9.19166666667
9.75254237288
8.96949152542
8.16140350877
--END OF 1--
12.17
12.2566666667
13.3526315789
12.2516666667
12.2866666667
12.7616666667
12.5516666667
12.4016666667
12.3883333333
11.9033333333
14.1016949153
13.5016666667
12.9683333333
14.0542372881
13.3333333333
12.2716666667
13.9166666667
13.7055555556
13.5965517241
12.78
13.2385964912
13.4216666667
13.8716666667
13.0603448276
12.7310344828
12.8642857143
13.5517241379
13.0583333333
13.325
12.7767857143
13.8733333333
12.9423728814
12.4983333333
14.0483333333
13.1440677966
12.775862069
13.1333333333
13.6816666667
12.7305084746
13.5716666667
13.4116666667
13.050877193
13.1266666667
12.3
12.650877193
13.055
13.4283333333
13.9783333333
13.4533333333
12.965
13.4233333333
13.786440678
13.6283333333
13.0733333333
13.085
12.8
13.3733333333
13.8406779661
13.4033898305
11.2859649123
--END OF 2--
