8.95740740741
9.69333333333
10.3883333333
10.6298245614
10.0696428571
9.72033898305
9.74666666667
9.455
9.26
9.10166666667
9.98035714286
9.36666666667
10.825
9.6593220339
9.48305084746
8.80166666667
8.81186440678
10.86
8.93166666667
9.23898305085
8.1641509434
9.97288135593
10.02
9.90333333333
9.82
8.89833333333
9.89322033898
8.915
9.36440677966
8.93666666667
9.28474576271
8.62166666667
9.35
10.5433333333
10.5716666667
9.03214285714
9.31525423729
9.46166666667
9.97833333333
9.735
10.225
10.1016666667
9.495
9.59166666667
9.22372881356
8.92833333333
8.98833333333
8.98833333333
7.72542372881
7.67627118644
8.98245614035
9.545
9.98644067797
10.3266666667
9.68333333333
9.21
10.1203389831
8.83703703704
10.2166666667
8.79827586207
--END OF 1--
12.7462962963
13.9433333333
14.62
16.0210526316
15.2392857143
13.1457627119
12.8016666667
13.64
14.5683333333
12.975
12.8446428571
12.6140350877
14.0483333333
13.0389830508
13.7745762712
13.3933333333
14.8593220339
13.4383333333
11.84
13.8559322034
14.4150943396
13.9118644068
14.2916666667
12.85
13.9233333333
12.8233333333
12.7559322034
12.77
13.1288135593
14.0483333333
14.4101694915
14.9
16.0232142857
14.7383333333
15.2016666667
13.3428571429
14.4271186441
14.305
13.7183333333
16.045
14.69
14.5116666667
14.8533333333
14.5183333333
15.1491525424
12.7316666667
12.5566666667
14.1166666667
13.3423728814
12.7186440678
13.7631578947
13.4666666667
13.7101694915
14.11
15.2233333333
14.2266666667
13.1559322034
13.387037037
13.2383333333
14.1482758621
--END OF 2--
