9.05084745763
10.7916666667
9.83220338983
9.43728813559
10.3266666667
9.09137931034
9.88571428571
8.78474576271
9.12372881356
9.71724137931
10.7416666667
10.0203389831
10.3966666667
9.54666666667
8.7
10.9383333333
9.56724137931
9.91166666667
8.78333333333
9.8649122807
9.06101694915
9.69166666667
9.66610169492
9.63018867925
10.4305084746
9.085
8.97666666667
8.90545454545
10.8033333333
9.305
9.59166666667
8.53818181818
8.14310344828
7.65762711864
8.45
9.74166666667
8.90166666667
10.5593220339
9.20833333333
8.675
9.56101694915
9.58166666667
9.32
9.00666666667
8.64666666667
10.3727272727
9.52807017544
10.1166666667
9.01833333333
7.7275862069
9.75964912281
11.2516666667
10.4866666667
9.70166666667
10.3694915254
10.1433333333
10.4333333333
11.5694915254
10.545
9.12181818182
--END OF 1--
13.6152542373
15.2416666667
15.8440677966
16.3457627119
13.8883333333
14.5724137931
16.3017857143
14.5593220339
14.9644067797
13.9620689655
15.2483333333
14.6966101695
17.23
14.45
14.6633333333
16.39
15.3224137931
16.06
14.71
15.9561403509
15.8847457627
14.37
15.8983050847
16.0849056604
14.0237288136
14.8983333333
14.3683333333
15.5927272727
15.39
14.4483333333
18.3816666667
13.1818181818
14.4275862069
14.7762711864
15.43
15.3416666667
14.7933333333
14.7796610169
14.1066666667
15.6083333333
14.5644067797
16.3016666667
14.5316666667
12.9533333333
13.125
16.1763636364
15.1859649123
15.2516666667
14.91
13.3155172414
14.4280701754
14.7033333333
14.6866666667
14.3333333333
14.5830508475
16.955
13.815
14.9305084746
17.365
14.1345454545
--END OF 2--
