12.8118644068
11.5733333333
13.1271186441
12.9983050847
12.793220339
11.6216666667
12.755
13.0339285714
12.02
11.8
12.9094339623
12.6216666667
13.7
12.915
12.5474576271
14.6735849057
14.65
12.4175438596
14.3555555556
12.3133333333
12.5186440678
13.775
13.2423728814
13.1483333333
11.8942307692
13.2157894737
13.9283333333
11.8245614035
12.5196428571
12.3946428571
11.2423728814
12.7706896552
11.7338983051
10.8898305085
13.6566666667
13.1983333333
12.3118644068
12.6683333333
12.7709090909
13.1633333333
12.9166666667
13.07
13.285
12.3345454545
12.5689655172
12.7216666667
12.985
12.3672413793
12.9724137931
13.585
13.9945454545
13.4233333333
13.315
11.8793103448
12.9152542373
12.3916666667
13.6732142857
14.0
12.5321428571
12.5196428571
--END OF 1--
17.3813559322
16.02
17.4220338983
18.5644067797
18.4610169492
15.7416666667
16.7566666667
16.8678571429
16.2183333333
16.3711864407
17.1490566038
15.97
17.0660714286
15.54
16.0661016949
17.3452830189
17.1706896552
16.6070175439
17.3166666667
17.9683333333
18.586440678
17.1107142857
16.5593220339
16.4566666667
17.0980769231
16.7
17.8416666667
16.6385964912
16.4464285714
17.3
16.5220338983
17.1568965517
15.9254237288
16.2338983051
18.4633333333
18.4466666667
17.0915254237
16.4316666667
17.34
19.1283333333
17.6633333333
15.7933333333
17.8666666667
16.4927272727
16.7344827586
15.5516666667
16.2616666667
17.3724137931
16.5810344828
18.0383333333
17.3981818182
18.1616666667
18.5583333333
16.9051724138
17.5813559322
15.79
16.6392857143
17.3127272727
17.6964285714
17.3071428571
--END OF 2--
