10.6333333333
11.2559322034
10.7796610169
9.438
9.765
10.1133333333
9.455
10.8633333333
9.68
9.99152542373
11.3316666667
12.0966666667
10.1661016949
10.4833333333
10.7084745763
10.2616666667
11.2283333333
9.94642857143
9.99322033898
10.7416666667
10.715
11.0333333333
11.3183333333
11.8116666667
10.5166666667
9.28983050847
9.885
9.76166666667
10.685
11.7118644068
10.7133333333
8.81333333333
8.89
9.565
10.7677966102
11.9389830508
9.125
10.6916666667
10.1050847458
11.2583333333
11.3735849057
11.0050847458
11.8722222222
11.035
11.6593220339
10.2483333333
9.64576271186
10.955
10.98
11.8133333333
10.6783333333
9.77966101695
10.9066666667
10.7916666667
9.825
11.0089285714
10.605
10.0305084746
11.1327586207
9.71929824561
--END OF 1--
17.5016666667
17.0915254237
15.906779661
16.884
15.1366666667
14.7316666667
14.7383333333
15.7183333333
14.7716666667
14.5271186441
15.1483333333
15.3266666667
17.2033898305
16.4416666667
14.7389830508
14.1033333333
15.1116666667
17.0732142857
17.4271186441
14.815
14.9416666667
17.43
17.1066666667
18.0666666667
16.135
14.3677966102
14.7516666667
14.515
13.89
16.7627118644
16.45
15.5733333333
15.605
15.12
16.193220339
16.7830508475
15.5216666667
15.6333333333
15.5576271186
16.8266666667
16.1339622642
16.5118644068
17.1166666667
16.6116666667
15.1389830508
15.065
16.3796610169
15.9116666667
14.7666666667
15.4416666667
16.7566666667
14.4508474576
15.7933333333
15.645
16.125
17.2535714286
15.6183333333
15.6423728814
16.324137931
16.4438596491
--END OF 2--
