24.7366666667
24.713559322
23.5633333333
22.0305084746
24.4183333333
23.9881355932
24.13
23.3533333333
22.0534482759
22.365
21.8133333333
22.2066666667
23.5203389831
21.7068965517
23.9366666667
25.6266666667
25.1416666667
23.9827586207
22.3533333333
21.0616666667
26.0033333333
23.25
24.8271186441
23.2266666667
25.1683333333
23.093220339
22.7683333333
22.2915254237
23.405
23.0916666667
25.25
23.94
24.33
22.5833333333
24.1733333333
23.255
24.1949152542
22.49
24.9366666667
23.3916666667
22.9366666667
24.33
24.195
25.2733333333
23.186440678
23.0533333333
25.0983333333
25.72
23.0833333333
24.245
23.115
22.749122807
26.0116666667
23.375
24.2483333333
25.5933333333
25.525
23.555
24.9372881356
23.9586206897
--END OF 1--
28.5716666667
28.2983050847
25.9466666667
25.6610169492
30.9966666667
31.1338983051
28.5516666667
29.0333333333
26.1655172414
28.4
26.7433333333
28.095
26.5406779661
26.8431034483
27.1033333333
31.06
30.2133333333
26.8568965517
25.6833333333
24.3483333333
31.085
27.38
29.5915254237
31.6683333333
31.8816666667
25.8016949153
25.395
26.5576271186
24.8133333333
28.1816666667
32.29
26.2866666667
26.6366666667
25.5183333333
28.515
27.5366666667
27.8661016949
27.23
26.7233333333
26.635
26.885
27.0466666667
25.48
29.95
26.7796610169
29.16
30.665
28.52
28.7816666667
26.0166666667
26.24
26.1666666667
28.4366666667
26.4266666667
26.9133333333
28.905
27.4483333333
28.555
29.7
27.5948275862
--END OF 2--
