11.8333333333
9.68166666667
8.395
8.71833333333
10.6854545455
10.3017241379
8.36
9.57
10.8491525424
10.0357142857
10.2066666667
10.7066666667
11.1866666667
11.9661016949
11.745
11.975
10.6983050847
10.8516666667
10.4366666667
10.4118644068
10.5716666667
10.2084745763
9.58983050847
9.91525423729
9.19491525424
8.96333333333
8.16363636364
9.14915254237
9.94915254237
10.245
10.3456140351
10.3186440678
11.3966666667
9.31333333333
9.73220338983
11.3203389831
12.0482758621
11.2983050847
9.62542372881
9.47843137255
11.2966101695
11.0066666667
9.91956521739
9.61016949153
8.63333333333
10.406779661
9.11090909091
10.1033333333
8.92333333333
9.02
9.87166666667
9.175
9.63833333333
10.2474576271
9.32
9.44666666667
9.44666666667
9.93
10.0745762712
11.4089285714
--END OF 1--
17.5666666667
14.3066666667
13.3416666667
14.76
15.7927272727
16.7931034483
13.6533333333
14.0266666667
15.5610169492
16.7821428571
15.97
15.5483333333
15.8333333333
18.8
17.0633333333
16.9857142857
17.2677966102
14.8033333333
14.44
17.4711864407
17.5133333333
15.6847457627
13.8016949153
18.8
15.2322033898
14.7983333333
13.8527272727
14.0033898305
17.2745762712
14.9433333333
16.8087719298
16.2881355932
17.9916666667
15.6816666667
16.8677966102
16.286440678
16.8362068966
15.3406779661
16.1305084746
18.0588235294
15.5576271186
15.785
16.6543478261
16.5457627119
15.58
15.8389830508
16.4163636364
16.2616666667
15.6183333333
15.4766666667
17.0983333333
16.8083333333
19.7533333333
19.2474576271
15.815
14.4883333333
14.465
15.2116666667
14.4254237288
15.3053571429
--END OF 2--
