9.96666666667
9.84166666667
9.80833333333
11.9666666667
11.2066666667
10.4933333333
9.94666666667
11.1355932203
10.9866666667
10.515
10.5866666667
11.2433333333
10.1233333333
10.9916666667
11.1683333333
10.9338983051
11.4089285714
11.1620689655
10.96
11.785
10.4678571429
10.5039215686
10.5316666667
10.38
10.3232142857
9.71166666667
11.1583333333
11.15
11.5383333333
11.0509433962
9.85
10.9333333333
10.3033333333
10.5466666667
9.90166666667
11.2634615385
10.7083333333
10.935
11.2535714286
10.65
11.2913793103
10.7816666667
9.40961538462
10.0616666667
11.8949152542
11.6357142857
11.1016949153
10.8103448276
10.5745762712
10.5433333333
10.7233333333
10.9611111111
10.8433962264
10.3716666667
11.265
11.8216666667
11.31
10.4116666667
11.5271186441
9.81052631579
--END OF 1--
15.0933333333
15.1933333333
14.5416666667
15.25
16.3016666667
14.525
14.8
15.3559322034
14.9766666667
15.6116666667
13.4783333333
15.4333333333
15.5266666667
15.025
16.575
15.6542372881
16.6892857143
16.7637931034
15.1183333333
17.5533333333
17.6642857143
17.0019607843
14.6916666667
16.135
15.8267857143
15.1933333333
15.5016666667
16.5068965517
16.59
15.6433962264
14.7766666667
15.8754385965
15.5883333333
14.9383333333
15.455
16.1019230769
15.3266666667
15.7183333333
16.1982142857
16.4673076923
17.2
16.08
16.6384615385
15.51
17.3966101695
17.1142857143
16.193220339
17.7086206897
15.0508474576
14.5633333333
15.3766666667
17.0481481481
16.3301886792
14.85
14.3716666667
15.6833333333
15.2983333333
14.34
15.3610169492
13.9228070175
--END OF 2--
