35.5338983051
36.005
32.5525423729
30.505
33.1403508772
36.365
33.035
32.4285714286
32.1087719298
33.0
33.0711864407
31.6716666667
31.09
29.225
30.8440677966
29.46
30.74
31.54
28.655
28.4583333333
29.2466666667
31.095
30.4084745763
29.6983333333
26.9966666667
27.8983333333
25.95
26.805
23.6533333333
23.2083333333
23.5966101695
24.415
22.88
25.19
22.915
22.965
25.06
22.34
22.6416666667
24.9
24.1666666667
21.7966666667
22.9266666667
22.745
24.0966666667
22.965
21.9783333333
21.174137931
22.6263157895
20.6807692308
19.8766666667
20.89
19.7666666667
20.5610169492
20.3783333333
18.97
18.7666666667
17.4933333333
19.3083333333
35.3620689655
--END OF 1--
43.9440677966
44.38
36.9847457627
38.405
40.3298245614
42.7716666667
43.25
42.375
40.7894736842
42.0586206897
39.6694915254
37.805
37.93
34.8316666667
37.9474576271
36.56
40.425
38.6633333333
34.6233333333
34.43
36.6166666667
36.5466666667
36.9169491525
34.0833333333
31.985
32.1083333333
30.1233333333
30.7533333333
30.585
30.0333333333
32.9406779661
27.9716666667
29.28
28.52
28.0983333333
28.8933333333
29.8566666667
26.8083333333
25.765
28.3322033898
27.6583333333
26.1066666667
27.6683333333
26.9883333333
27.3283333333
27.21
25.0183333333
24.5637931034
26.1964912281
26.2961538462
24.85
23.9983333333
25.525
25.1033898305
23.365
23.6783333333
23.555
21.49
23.4166666667
41.825862069
--END OF 2--
