11.14
10.48
11.6916666667
10.28
10.0516666667
10.535
11.1083333333
11.4847457627
10.3616666667
11.0366666667
9.525
10.3216666667
11.0566666667
11.7916666667
11.1933333333
10.9881355932
10.7133333333
11.8166666667
11.1233333333
11.5733333333
11.4083333333
10.5483333333
9.78
10.4288135593
11.2833333333
11.23
9.25833333333
11.2616666667
12.7466666667
10.44
11.6383333333
11.9542372881
11.345
11.3016666667
10.535
10.91
11.3333333333
11.8316666667
10.36
10.3203389831
11.5083333333
11.0566666667
11.71
10.7333333333
12.105
10.7333333333
11.0483333333
11.3813559322
11.0566666667
9.63666666667
10.295
10.47
9.895
11.6066666667
11.845
10.2406779661
10.5766666667
10.715
11.0566666667
10.3517241379
--END OF 1--
14.3583333333
13.2
14.6266666667
13.8066666667
13.7866666667
14.3183333333
14.3966666667
15.6474576271
14.565
16.9316666667
16.9
14.0183333333
15.25
15.2116666667
15.1133333333
13.2677966102
14.2533333333
14.9333333333
15.295
14.8133333333
13.465
13.2916666667
13.125
13.7101694915
15.2616666667
15.69
13.3716666667
13.9966666667
15.2983333333
13.745
15.1683333333
14.2389830508
15.47
14.6966666667
14.0316666667
13.8216666667
15.88
15.5716666667
14.7916666667
14.1355932203
14.78
13.9433333333
14.4116666667
15.0833333333
14.9716666667
15.0033333333
14.855
14.7745762712
15.135
14.4983333333
13.42
14.1333333333
13.3183333333
14.845
15.7383333333
13.9525423729
14.23
14.605
14.52
14.424137931
--END OF 2--
