13.2966666667
14.5833333333
12.9433333333
13.9440677966
13.2052631579
13.5482758621
13.0033333333
12.5543859649
11.0092592593
11.7944444444
11.268
13.5627118644
12.7155172414
11.9309090909
13.793220339
12.4983333333
12.51
12.5327586207
12.8271186441
12.6074074074
13.2222222222
13.8474576271
12.4033333333
13.6745762712
12.8982142857
12.075
12.6842105263
12.4259259259
12.7181818182
13.1245614035
13.9406779661
13.5440677966
13.2355932203
14.414
13.1237288136
14.0533333333
13.0766666667
13.755
12.7033333333
12.8224137931
12.5152542373
13.3133333333
12.5568965517
14.2685185185
13.9456140351
13.0766666667
14.1316666667
13.1396551724
13.87
13.3777777778
13.1133333333
11.6094339623
12.5728813559
12.3711864407
13.9843137255
13.0266666667
13.1316666667
12.8517241379
14.4366666667
11.6368421053
--END OF 1--
16.7166666667
17.4516666667
18.7683333333
17.2949152542
17.349122807
17.9879310345
18.9566666667
17.9877192982
15.7074074074
17.1055555556
16.906
18.1474576271
18.5672413793
17.3690909091
17.9491525424
19.0
17.895
16.0310344828
16.9
16.812962963
15.4944444444
18.4677966102
15.4333333333
17.3559322034
17.3107142857
17.98
16.7192982456
17.1037037037
16.8363636364
17.8543859649
17.8169491525
17.3762711864
16.4983050847
16.846
16.1372881356
18.5266666667
19.115
19.7333333333
19.795
18.575862069
17.4610169492
16.5683333333
17.7431034483
18.137037037
16.6157894737
21.05
18.62
17.0672413793
18.14
17.8259259259
17.99
17.2754716981
16.5559322034
16.3372881356
16.9862745098
19.4466666667
17.7116666667
18.2120689655
19.84
15.9543859649
--END OF 2--
