16.3263157895
14.675
15.6322033898
16.555
16.1266666667
15.6333333333
15.46
15.55
15.5216666667
14.6644067797
15.2616666667
16.2916666667
17.3581818182
15.1410714286
14.14
14.3683333333
14.335
16.425
17.3327586207
15.9603448276
14.5283333333
15.5983333333
16.6396551724
17.2
15.4298245614
15.4283333333
16.262
15.4333333333
15.1766666667
14.965
15.82
15.115
16.086440678
14.53
15.49
16.8316666667
15.5416666667
14.7116666667
14.145
14.7716666667
16.0272727273
16.3232142857
15.55
16.8428571429
15.9816666667
13.1466666667
16.0916666667
15.1883333333
15.4716666667
16.3438596491
15.5
13.46
15.8169491525
14.8169491525
16.015
15.6133333333
14.6066666667
14.6466666667
13.81
16.3057692308
--END OF 1--
20.4385964912
21.9633333333
20.2101694915
21.185
22.815
21.72
21.1033333333
27.0383333333
23.1866666667
21.1745762712
23.8416666667
23.4866666667
23.9927272727
25.5089285714
20.4983333333
20.9683333333
21.1233333333
21.3933333333
22.2172413793
21.9637931034
20.8233333333
21.7966666667
21.8793103448
26.0440677966
21.4771929825
21.0533333333
20.934
23.58
20.8816666667
27.3616666667
23.9966666667
21.2516666667
21.8525423729
22.3166666667
21.9083333333
22.1116666667
19.365
19.6166666667
19.7233333333
21.5233333333
22.0527272727
21.0017857143
21.4733333333
24.2678571429
25.945
21.8583333333
20.675
20.6816666667
23.275
26.2807017544
21.6866666667
20.62
22.8101694915
19.8220338983
20.2983333333
20.7233333333
21.68
25.4733333333
23.0433333333
20.9269230769
--END OF 2--
