9.87666666667
9.69666666667
10.365
10.9821428571
9.86833333333
10.9483333333
10.4482758621
9.63620689655
9.965
9.32068965517
9.50677966102
10.0966666667
9.34833333333
10.0316666667
9.62881355932
8.92666666667
11.6833333333
9.58666666667
10.685
10.3
10.065
9.97
8.88983050847
9.32166666667
10.6431034483
9.17636363636
8.67678571429
9.605
9.42909090909
10.3583333333
8.66833333333
9.13220338983
8.13684210526
8.74406779661
8.66034482759
8.60862068966
9.51186440678
10.2983333333
9.23166666667
9.2813559322
10.1333333333
9.36842105263
8.48666666667
9.31666666667
10.0666666667
8.85423728814
8.99482758621
8.98333333333
9.38
8.24482758621
10.2406779661
10.4169491525
9.45333333333
9.24166666667
9.76271186441
9.425
9.79333333333
10.7333333333
9.56666666667
9.28070175439
--END OF 1--
13.7966666667
15.5033333333
17.39
17.6767857143
15.605
19.9516666667
14.8862068966
13.075862069
13.7283333333
13.4862068966
14.9254237288
16.0366666667
15.6916666667
14.7783333333
13.7711864407
15.7583333333
17.46
14.2983333333
14.8133333333
14.5533333333
15.07
15.4683333333
15.8084745763
15.3266666667
15.6948275862
17.3036363636
15.5357142857
16.5716666667
16.6363636364
14.0283333333
15.3083333333
16.313559322
14.2754385965
14.3186440678
14.6517241379
15.0879310345
16.0728813559
16.5433333333
15.085
15.9118644068
14.6133333333
15.5719298246
17.4633333333
14.9166666667
16.25
15.2474576271
16.95
14.975
15.08
13.174137931
15.5372881356
16.0949152542
15.2233333333
14.86
14.6711864407
13.76
16.8933333333
16.8033333333
16.01
14.7333333333
--END OF 2--
