17.545
18.9883333333
18.6633333333
19.7616666667
19.8683333333
20.9483333333
20.05
19.8779661017
18.565
20.4333333333
19.0533333333
18.64
18.18
18.9
17.745
18.2866666667
19.6423728814
16.915
16.505
18.4483333333
18.025
19.0333333333
18.4733333333
17.2428571429
19.5183333333
20.8983333333
19.7338983051
19.8033333333
18.7383333333
19.4416666667
20.5116666667
20.5783333333
21.87
17.89
19.393220339
19.88
20.4333333333
19.71
20.1333333333
20.34
20.1233333333
19.735
20.135
21.4
21.7616666667
20.4633333333
19.9466666667
19.8166666667
19.6883333333
19.125
19.4816666667
19.8316666667
20.786440678
19.4283333333
20.1283333333
20.845
21.6833333333
22.32
20.4566666667
18.1137931034
--END OF 1--
21.5516666667
20.705
21.6266666667
25.7133333333
24.0866666667
23.7233333333
23.48
22.3966101695
19.7583333333
24.5366666667
21.92
21.4666666667
23.3
23.1916666667
22.795
21.4983333333
23.3915254237
21.425
21.55
25.465
24.515
23.0316666667
23.96
20.8089285714
24.315
25.2383333333
22.8457627119
23.3233333333
22.0816666667
22.6583333333
25.4083333333
25.5033333333
26.6966666667
22.3966666667
23.3491525424
25.0683333333
26.0266666667
24.1516666667
24.4183333333
23.955
24.67
23.4833333333
24.3633333333
28.0440677966
26.565
26.21
23.635
22.585
25.9233333333
24.065
23.9233333333
22.4016666667
24.8627118644
24.6333333333
29.0483333333
27.285
26.925
25.545
24.335
20.275862069
--END OF 2--
