9.8224137931
10.62
9.60333333333
9.81333333333
8.955
8.7813559322
10.1066666667
10.6216666667
10.1183333333
9.64833333333
10.5133333333
9.0724137931
9.28644067797
10.0883333333
10.206779661
8.77
7.685
8.545
8.36610169492
8.92777777778
8.27058823529
8.43454545455
9.13859649123
9.74166666667
9.96
10.2766666667
10.045
9.19666666667
10.28
10.7033333333
10.1322033898
11.2766666667
11.5233333333
10.4166666667
10.3
9.80666666667
9.58833333333
11.02
10.186440678
9.895
10.0966666667
9.71666666667
10.925
10.3433333333
10.4833333333
10.5616666667
9.60338983051
9.59
10.11
10.6133333333
11.0666666667
10.6216666667
10.1033333333
10.4
11.3694915254
10.0766666667
9.87166666667
9.9
10.9566666667
8.16153846154
--END OF 1--
13.4810344828
14.2216666667
14.74
13.2616666667
12.99
13.5813559322
14.19
15.6516666667
15.9933333333
15.71
13.5416666667
16.2155172414
14.5661016949
15.1383333333
15.9440677966
15.4866666667
15.9916666667
14.08
12.7813559322
13.6
13.8764705882
13.8545454545
13.1421052632
14.84
14.835
14.2316666667
15.5783333333
13.8733333333
14.9733333333
14.3483333333
14.5271186441
15.31
15.65
14.2683333333
14.42
14.1166666667
13.8033333333
16.2266666667
14.9474576271
15.17
13.8883333333
14.2983333333
15.61
14.55
13.55
14.795
14.4796610169
14.545
14.0816666667
13.625
14.0666666667
14.5416666667
13.52
13.9066666667
14.5593220339
14.3783333333
14.865
14.5716666667
15.1466666667
13.3038461538
--END OF 2--
