9.82833333333
11.0733333333
10.3966666667
11.01
9.77288135593
9.65166666667
10.1966666667
11.2833333333
10.84
11.62
10.7066666667
10.865
10.7542372881
9.71
11.0
11.8983333333
10.765
11.065
11.2516666667
12.1859649123
11.8116666667
12.0915254237
11.7685185185
10.905
11.0516666667
12.26
12.015
11.8189655172
12.2383333333
11.7465517241
12.82
12.72
11.3571428571
11.6280701754
12.8898305085
11.465
11.9616666667
11.1883333333
10.8101694915
12.2133333333
10.595
9.18833333333
10.0233333333
10.1583333333
10.7033333333
10.9616666667
11.7186440678
11.68
11.925
11.335
11.4586206897
10.335
11.2183333333
11.2683333333
11.8685185185
12.4509090909
12.3672413793
12.7016949153
12.265
11.1614035088
--END OF 1--
14.17
14.755
14.0616666667
14.31
13.0372881356
14.975
14.3866666667
16.085
14.1716666667
14.1683333333
13.9833333333
13.405
14.9033898305
14.44
14.2266666667
15.3516666667
15.7816666667
15.0733333333
15.3266666667
16.8807017544
15.9783333333
15.6186440678
16.7925925926
15.8316666667
15.2016666667
16.1633333333
16.2633333333
15.5724137931
15.4983333333
15.8620689655
15.6383333333
16.14
16.6285714286
17.4561403509
17.9203389831
18.4783333333
15.6916666667
14.6566666667
14.9271186441
15.61
13.5816666667
13.5866666667
13.5966666667
14.3966666667
15.515
14.835
16.7898305085
17.5683333333
17.42
16.7716666667
17.2793103448
15.6966666667
17.3216666667
15.8883333333
16.8740740741
18.0618181818
18.1137931034
18.1711864407
16.1533333333
13.9175438596
--END OF 2--
