9.59666666667
8.735
9.26206896552
8.565
7.30333333333
8.40357142857
9.02
9.28333333333
9.675
9.4298245614
8.28166666667
7.79661016949
9.15636363636
9.87457627119
8.67543859649
8.90847457627
7.65333333333
8.52711864407
7.65254237288
7.70166666667
7.03559322034
7.72909090909
8.4406779661
8.02833333333
9.38305084746
8.9
9.14736842105
9.07636363636
10.2583333333
8.97966101695
8.75
7.94339622642
8.11016949153
7.63333333333
7.69
9.16610169492
8.50833333333
9.42833333333
9.09833333333
8.525
7.35833333333
9.14385964912
8.325
8.02333333333
8.93833333333
8.7649122807
7.97833333333
7.82166666667
7.665
8.85666666667
9.51206896552
9.685
7.01333333333
7.16166666667
7.87586206897
7.51166666667
8.71454545455
8.77288135593
6.85
9.19661016949
--END OF 1--
16.6816666667
16.62
13.0086206897
11.8133333333
11.875
14.1785714286
13.4866666667
14.2716666667
14.3966666667
16.6526315789
13.74
14.3610169492
13.4436363636
15.6389830508
14.1315789474
15.4525423729
15.07
13.1644067797
12.6830508475
12.17
11.5830508475
12.8818181818
12.1491525424
13.0966666667
13.2559322034
12.4491525424
12.7631578947
13.4945454545
13.88
12.2016949153
12.2706896552
13.1886792453
12.9813559322
12.3333333333
13.6216666667
13.3440677966
11.2683333333
11.735
11.1833333333
11.9716666667
11.9316666667
12.1473684211
12.115
11.6
12.005
12.4947368421
11.8683333333
11.9
11.9133333333
12.7833333333
12.6672413793
12.1383333333
11.8183333333
12.1716666667
14.1637931034
11.9066666667
12.0381818182
11.8033898305
11.9916666667
14.6016949153
--END OF 2--
