15.855
15.8283333333
14.94
14.5018181818
13.7132075472
14.4559322034
15.2116666667
15.7271186441
15.32
14.455
14.1366666667
13.4583333333
14.0283333333
16.5366666667
15.2189655172
14.21
14.7833333333
15.13
14.285
13.8948275862
13.4448275862
13.9866666667
13.1516666667
15.0525423729
15.6183333333
14.9683333333
15.8525423729
15.9183333333
16.005
15.7644067797
15.6016666667
15.0716666667
14.7683333333
15.7483333333
15.4783333333
14.06
15.2483333333
15.0508474576
14.015
15.9588235294
14.24
15.67
13.6448275862
14.6035714286
16.0216666667
16.2779661017
15.4216666667
16.4192307692
14.7355932203
15.3916666667
14.4266666667
14.2116666667
15.6333333333
15.9583333333
14.9516666667
15.3316666667
15.6383333333
15.5762711864
14.52
14.8534482759
--END OF 1--
18.7416666667
19.6116666667
19.3933333333
16.8327272727
16.7773584906
18.9711864407
18.7916666667
18.4084745763
18.5616666667
19.2066666667
20.525
17.9166666667
19.18
20.2616666667
17.3293103448
17.685
18.0388888889
19.24
17.5466666667
18.1293103448
18.5517241379
20.9466666667
18.3833333333
19.0457627119
20.43
19.2133333333
18.4254237288
18.79
19.035
19.706779661
18.7716666667
18.765
19.4716666667
20.0583333333
20.9233333333
17.945
18.7683333333
17.7271186441
19.2333333333
20.3078431373
18.5866666667
18.88
17.9413793103
17.4839285714
19.5283333333
21.306779661
20.245
22.0519230769
19.8084745763
18.8033333333
18.9316666667
18.285
18.6533333333
18.8366666667
17.9833333333
18.52
18.6633333333
19.4355932203
18.9533333333
18.6793103448
--END OF 2--
