18.1966101695
15.9866666667
16.1946428571
16.0846153846
17.0716666667
17.805
19.4466666667
18.0116666667
18.0983333333
16.8964285714
17.232
16.1220338983
17.15
16.2733333333
16.635
16.2949152542
15.2283333333
16.5137931034
17.8581818182
18.1982758621
16.1706896552
16.666
16.5716981132
16.49
17.686440678
16.913559322
17.6474576271
15.3
15.8533333333
17.1410714286
16.3983050847
17.4033898305
18.86
17.575862069
16.7172413793
15.4483333333
16.8783333333
17.9372881356
17.2779661017
18.2783333333
18.2316666667
17.8275862069
17.7535714286
18.0033333333
17.6847457627
15.5389830508
16.9254545455
16.5517857143
16.5090909091
17.4915254237
18.5
16.6133333333
17.4896551724
17.7644067797
18.1333333333
15.12
17.8627118644
19.5
18.1661016949
17.8327586207
--END OF 1--
21.8898305085
21.9616666667
19.6589285714
17.4788461538
18.7983333333
22.32
23.23
22.1766666667
21.8533333333
22.4428571429
19.36
20.7661016949
22.0137931034
19.7216666667
19.1316666667
20.4796610169
19.8283333333
20.3310344828
20.4581818182
21.5948275862
21.0189655172
17.854
20.0566037736
19.2833333333
21.4644067797
20.2389830508
19.0728813559
18.7283333333
18.7533333333
20.8267857143
20.1491525424
23.3983050847
21.6816666667
19.7431034483
19.7913793103
18.7566666667
19.4333333333
19.7898305085
20.3440677966
20.83
22.5116666667
22.2775862069
20.1517857143
20.6466666667
20.2779661017
19.2576271186
22.6090909091
20.5910714286
23.2436363636
20.8559322034
20.4833333333
21.6483333333
22.2568965517
20.4406779661
25.9866666667
21.215
21.0966101695
21.125
20.9677966102
22.7172413793
--END OF 2--
