11.545
9.86440677966
9.63
9.635
8.57833333333
9.83166666667
9.86034482759
9.16545454545
8.16333333333
8.5
9.57166666667
9.14237288136
10.4066666667
9.76833333333
8.82
10.3066666667
10.01
10.5152542373
9.36111111111
9.93389830508
10.1183333333
10.715
11.1016666667
11.2433333333
8.68620689655
10.44
11.0033333333
10.5933333333
11.4716666667
10.565
9.685
10.7763636364
11.48
10.8516666667
10.2366666667
10.9466666667
9.20333333333
9.45762711864
10.0362068966
9.97166666667
11.2133333333
10.7983333333
8.80166666667
10.5316666667
11.3416666667
10.9525423729
10.0266666667
10.4733333333
10.1566666667
9.21785714286
8.71052631579
9.20847457627
8.82711864407
9.18771929825
7.08305084746
7.96071428571
9.86379310345
8.29661016949
8.16833333333
11.3982758621
--END OF 1--
14.22
13.7016949153
14.1216666667
13.1233333333
12.9216666667
13.2016666667
13.0775862069
13.1272727273
13.2383333333
13.0684210526
13.6616666667
13.5457627119
14.2266666667
13.9683333333
13.71
14.9616666667
16.3916666667
14.2203389831
13.0759259259
13.3016949153
13.3283333333
13.8766666667
13.2616666667
13.725
12.4344827586
14.0533333333
14.545
14.19
14.125
13.5083333333
14.3916666667
12.2872727273
13.8516666667
13.8833333333
13.8233333333
13.5683333333
12.5783333333
12.8355932203
13.5948275862
14.39
13.855
14.1083333333
12.5183333333
13.6183333333
13.1983333333
13.6983050847
13.7433333333
12.4833333333
13.0016666667
12.2875
12.4912280702
12.4491525424
12.3762711864
12.6684210526
12.9084745763
12.7785714286
13.7465517241
13.2966101695
12.585
14.7586206897
--END OF 2--
