7.605
8.20677966102
7.215
7.095
6.65166666667
7.47118644068
7.70833333333
8.09074074074
8.375
8.36315789474
8.42105263158
7.9406779661
9.13898305085
9.51186440678
7.93333333333
8.76101694915
9.01886792453
9.13833333333
8.01694915254
7.77833333333
9.05423728814
8.35166666667
7.95333333333
8.81724137931
9.91666666667
8.95666666667
9.16603773585
8.395
6.805
8.41296296296
8.20166666667
7.42666666667
8.70169491525
8.96333333333
8.355
8.72666666667
8.23898305085
8.255
8.09166666667
7.77
7.24666666667
8.3
7.285
8.06
7.55254237288
6.71666666667
7.515
7.9
7.45
7.78
7.995
6.94333333333
7.895
8.75689655172
8.95614035088
8.615
7.38474576271
7.725
8.13
6.80517241379
--END OF 1--
13.3066666667
12.2677966102
12.705
12.4483333333
12.1833333333
12.4779661017
14.0183333333
13.4833333333
13.7053571429
12.2631578947
12.4210526316
12.4271186441
13.5372881356
13.7949152542
11.7566666667
12.2338983051
13.6698113208
12.38
12.306779661
13.21
12.7677966102
12.915
12.595
12.8844827586
14.3966666667
13.0883333333
12.1113207547
12.49
11.4583333333
12.8111111111
12.2
11.73
12.0576271186
13.1
12.05
11.9083333333
11.8779661017
12.115
12.965
12.195
12.8183333333
13.4033333333
12.29
12.7483333333
12.1677966102
13.1
12.2233333333
12.005
11.6433333333
12.0633333333
13.0333333333
13.0666666667
12.685
12.6034482759
13.0157894737
13.125
12.7728813559
11.695
12.305
12.3620689655
--END OF 2--
