7.82666666667
8.79661016949
7.68666666667
8.8375
8.87166666667
7.59322033898
9.46666666667
8.43050847458
8.51186440678
9.52666666667
9.87833333333
9.56
9.21833333333
8.57627118644
9.89152542373
9.48545454545
10.5483333333
10.3983333333
11.5216666667
10.6866666667
9.655
9.12363636364
10.1533333333
10.0283333333
9.705
11.5416666667
11.006779661
9.79
11.0816666667
10.1116666667
9.24
9.95254237288
10.5949152542
10.1116666667
9.89491525424
9.73220338983
10.8457627119
10.05
9.58
9.15892857143
10.31
11.4101694915
11.63
10.63
10.1931034483
10.065
12.1583333333
10.8816666667
10.9766666667
9.56166666667
11.29
10.2389830508
10.8683333333
11.5066666667
10.8916666667
11.1166666667
11.5118644068
10.975
10.6566666667
8.87543859649
--END OF 1--
11.3866666667
11.8355932203
12.9416666667
12.5678571429
14.1216666667
12.8644067797
13.2833333333
13.5525423729
15.0440677966
13.4916666667
14.7716666667
16.35
16.4766666667
12.2389830508
14.9186440678
14.2854545455
14.8583333333
14.95
14.915
15.7583333333
14.2466666667
13.8309090909
14.3
14.0833333333
13.5566666667
13.1
14.6796610169
14.6216666667
15.1666666667
14.845
15.0866666667
13.9372881356
14.2813559322
16.245
15.2254237288
15.1711864407
17.093220339
13.485
14.8266666667
13.0910714286
14.4816666667
15.3152542373
15.9066666667
14.805
12.4206896552
13.5383333333
14.19
13.4383333333
13.73
14.7233333333
16.2083333333
14.4491525424
16.2566666667
16.93
14.5466666667
15.985
14.9677966102
14.47
15.6416666667
13.0052631579
--END OF 2--
