2.7
2.7
2.7
2.7
2.7
2.7
2.7
2.7
2.7
2.7
2.7
2.7
2.8
2.8
2.8
2.8
2.7
2.6
2.6
2.6
2.6
2.6
2.6
2.7
2.7
2.7
2.7
2.7
2.7
2.8
2.8
2.9
2.9
2.9
2.9
3.0
3.0
3.0
3.0
3.0
3.0
3.0
3.0
3.0
3.0
3.0
3.0
3.0
3.0
3.0
3.0
3.0
3.0
3.0
3.0
2.9
2.9
2.9
2.9
2.9
2.9
2.9
3.0
3.0
3.0
3.0
3.0
3.0
3.0
3.0
2.9
2.9
2.9
2.9
2.8
2.8
2.7
2.7
2.6
2.6
2.6
2.6
2.6
2.6
2.5
2.5
2.5
2.5
2.5
2.4
2.4
2.3
2.3
2.3
2.3
2.3
2.3
2.3
2.3
2.3
2.3
2.3
2.4
2.4
2.4
2.4
2.4
2.4
2.4
2.4
2.4
2.4
2.4
2.4
2.4
2.4
2.4
2.4
2.4
2.3
2.3
2.3
2.3
2.4
2.4
2.4
2.4
2.4
2.4
2.4
2.4
2.4
2.3
2.3
2.3
2.3
2.3
2.2
2.2
2.2
2.2
2.2
2.2
2.2
2.2
2.2
2.2
2.2
2.2
2.2
2.2
2.2
2.2
2.2
2.1
2.1
2.1
2.1
2.1
2.2
2.1
2.1
2.1
2.1
2.1
2.1
2.1
2.1
2.1
2.2
2.2
2.2
2.2
2.2
2.3
2.3
2.3
2.3
2.3
2.3
2.3
2.3
2.2
2.2
2.2
2.2
2.2
2.2
2.2
2.2
2.2
2.2
2.2
2.2
2.2
2.3
2.3
2.3
2.3
2.3
2.4
2.4
2.4
2.3
2.3
2.3
2.3
2.3
2.3
2.3
2.3
2.3
2.3
2.3
2.2
2.2
2.2
2.2
2.1
2.1
2.1
2.1
2.1
2.1
2.2
2.2
2.2
2.3
2.3
2.3
2.3
2.4
2.4
2.4
2.4
2.4
2.4
2.5
2.5
2.5
2.5
2.6
2.6
2.6
2.6
2.6
2.6
2.6
2.6
2.6
2.6
2.6
2.6
2.6
2.6
2.6
2.6
2.6
2.6
2.6
2.6
2.6
2.6
2.6
2.6
2.6
2.6
2.6
2.6
2.7
2.7
2.8
2.8
2.9
2.9
2.9
2.9
2.9
2.9
2.9
2.9
2.9
2.9
2.9
2.9
2.8
2.8
2.8
2.7
2.7
2.6
2.6
2.6
2.6
2.6
2.5
2.5
2.5
2.5
2.5
2.5
2.4
2.4
2.3
2.4
2.4
2.4
2.4
2.4
2.4
2.4
2.5
2.5
2.5
2.5
2.5
2.4
2.4
2.4
2.4
2.4
2.5
2.5
2.5
2.5
2.5
2.5
2.5
2.4
2.4
2.4
2.3
2.3
2.2
2.2
2.2
2.2
2.2
2.2
2.2
2.2
2.2
2.2
2.2
2.2
2.3
2.3
2.3
2.4
2.4
2.5
2.5
2.6
2.6
2.7
2.7
2.8
2.8
2.8
2.9
2.9
3.0
3.1
3.1
3.2
3.2
3.3
3.3
3.3
3.4
3.4
3.3
3.3
3.3
3.3
3.4
3.4
3.4
3.4
3.4
3.4
3.4
3.4
3.4
3.4
3.4
3.4
3.5
3.4
3.4
3.4
3.4
3.4
3.4
3.4
3.4
3.4
3.4
3.4
3.4
3.4
3.4
3.4
3.4
3.4
3.4
3.3
3.3
3.2
3.2
3.1
3.1
3.1
3.0
3.0
2.9
2.8
2.8
2.7
2.7
2.7
2.6
2.5
2.4
2.4
2.3
2.3
2.2
2.2
2.2
2.2
2.2
2.1
2.1
2.2
2.2
2.2
2.2
2.2
2.2
2.2
2.2
2.2
2.3
2.3
2.3
2.3
2.3
2.3
2.3
2.3
2.3
2.3
2.2
2.3
2.3
2.3
2.3
2.3
2.2
2.3
2.3
2.3
2.3
2.3
2.4
2.4
2.4
2.4
2.4
2.4
2.4
2.4
2.4
2.4
2.4
2.4
2.4
2.4
2.4
2.4
2.4
2.4
2.4
2.4
2.4
2.4
2.3
2.3
2.3
2.3
2.3
2.3
2.3
2.3
2.2
2.2
2.2
2.2
2.2
2.2
2.2
2.2
2.2
2.2
2.1
2.1
2.1
2.1
2.1
2.1
2.1
2.1
2.2
2.1
2.1
2.1
2.1
2.1
2.1
2.1
2.1
2.1
2.1
2.0
2.0
2.0
2.1
2.1
2.1
2.1
2.1
2.2
2.3
2.3
2.4
2.4
2.4
2.4
2.4
2.4
2.5
2.5
2.5
2.5
2.6
2.6
2.6
2.7
2.8
2.8
2.9
3.0
3.0
3.0
3.0
3.0
3.0
3.0
3.0
3.0
3.1
3.0
3.0
3.0
3.0
3.0
3.1
3.1
3.1
3.1
3.1
3.1
3.1
3.1
3.2
3.2
3.2
3.2
3.2
3.2
3.3
3.3
3.3
3.3
3.3
3.3
3.2
3.2
3.2
3.2
3.2
3.2
---END OF 2.5 MEASUREMENTS---
6.0
6.0
6.0
6.0
6.0
5.9
5.9
5.9
5.9
5.9
5.9
6.0
6.0
6.0
5.9
5.9
6.0
6.0
6.0
6.0
6.0
5.9
6.0
6.0
6.0
6.0
6.0
6.0
6.1
6.1
6.2
6.2
6.2
6.2
6.2
6.2
6.2
6.2
6.2
6.2
6.2
6.2
6.2
6.2
6.2
6.2
6.2
6.2
6.2
6.2
6.2
6.2
6.2
6.2
6.2
6.2
6.1
6.1
6.1
6.1
6.1
6.1
6.1
6.2
6.2
6.2
6.2
6.2
6.2
6.2
6.2
6.1
6.1
6.1
6.1
6.1
6.0
5.9
5.9
5.9
5.9
5.8
5.8
5.8
5.8
5.8
5.8
5.8
5.7
5.7
5.7
5.6
5.6
5.6
5.6
5.6
5.6
5.6
5.6
5.6
5.7
5.7
5.8
5.8
5.8
5.8
5.8
5.8
5.8
5.8
5.8
5.8
5.8
5.8
5.8
5.8
5.8
5.8
5.8
5.8
5.8
5.8
5.8
5.8
5.8
5.8
5.8
5.8
5.8
5.8
5.8
5.8
5.8
5.8
5.8
5.8
5.8
5.7
5.7
5.7
5.7
5.7
5.7
5.7
5.7
5.7
5.7
5.7
5.7
5.7
5.7
5.7
5.7
5.7
5.7
5.7
5.7
5.7
5.7
5.7
5.7
5.6
5.6
5.6
5.6
5.6
5.6
5.6
5.6
5.6
5.6
5.6
5.6
5.6
5.6
5.6
5.6
5.6
5.6
5.6
5.6
5.6
5.6
5.6
5.6
5.6
5.6
5.6
5.6
5.6
5.6
5.6
5.6
5.6
5.6
5.7
5.7
5.7
5.7
5.7
5.7
5.7
5.7
5.7
5.7
5.7
5.7
5.7
5.7
5.6
5.6
5.6
5.6
5.6
5.6
5.6
5.6
5.6
5.6
5.6
5.6
5.6
5.6
5.6
5.7
5.7
6.2
6.6
7.1
7.1
7.1
7.1
7.1
7.1
7.1
7.1
7.1
7.1
7.1
7.1
7.2
7.2
7.2
7.2
7.2
7.2
7.2
7.3
7.3
7.3
7.3
7.3
7.3
7.3
7.3
7.3
7.3
7.3
7.3
7.3
7.3
7.3
7.3
7.3
7.3
7.2
7.2
7.2
7.3
7.3
7.3
7.3
7.4
7.4
7.4
7.4
7.4
7.4
7.4
7.4
7.4
7.4
7.4
7.4
7.3
7.3
6.9
6.4
5.9
5.9
5.9
5.9
5.8
5.8
5.8
5.8
5.8
5.8
5.8
5.8
5.8
5.8
5.7
5.7
5.8
5.8
5.9
5.9
5.9
5.9
6.0
6.0
6.1
6.1
6.1
6.1
6.1
6.1
6.1
6.1
6.1
6.1
6.1
6.1
6.1
6.1
6.1
6.1
6.1
6.1
6.2
6.1
6.1
6.0
6.0
6.0
6.0
6.0
6.0
6.0
6.0
6.0
6.0
6.0
6.1
6.1
6.1
6.1
6.1
6.1
6.2
6.2
6.2
6.2
6.2
6.3
6.3
6.3
6.3
6.4
6.4
6.4
6.5
6.5
6.4
6.4
6.3
6.3
6.3
6.3
6.2
6.2
6.1
6.1
6.1
6.1
6.2
6.2
6.2
6.2
6.2
6.2
6.2
6.2
6.2
6.3
6.3
6.3
6.3
6.2
6.2
6.2
6.2
6.3
6.2
6.2
6.2
6.2
6.2
6.2
6.2
6.2
6.2
6.2
6.2
6.2
6.2
6.2
6.2
6.2
6.1
6.1
6.1
6.1
6.1
6.0
6.0
6.0
5.9
5.9
5.9
5.8
5.8
5.8
5.8
5.8
5.8
5.8
5.8
5.8
5.8
5.8
5.8
5.8
5.8
5.8
5.8
5.7
5.7
5.7
5.7
5.7
5.8
5.8
5.9
5.9
5.9
5.9
5.9
5.9
5.9
5.8
5.8
5.8
5.8
5.8
5.8
5.8
5.8
5.8
5.8
5.8
5.8
5.8
5.8
5.8
5.8
5.8
5.8
5.8
5.8
5.8
5.8
5.8
5.8
5.8
5.8
5.8
5.8
5.8
5.8
5.8
5.8
5.9
5.8
5.8
5.8
5.8
5.8
5.8
5.8
5.8
5.8
5.7
5.7
5.7
5.7
5.7
5.7
5.7
5.7
5.7
5.7
5.6
5.5
5.5
5.5
5.5
5.5
5.6
5.6
5.6
5.6
5.6
5.6
5.6
5.6
5.6
5.6
5.6
5.6
5.6
5.6
5.6
5.6
5.6
5.6
5.6
5.6
5.6
5.6
5.6
5.6
5.6
5.7
5.7
5.7
5.7
5.7
5.7
5.7
5.7
5.7
5.7
5.7
5.7
5.7
5.7
5.8
5.8
5.8
5.8
5.8
5.8
5.8
5.8
5.8
5.8
5.8
5.8
5.8
5.8
5.8
5.8
5.8
5.8
5.8
5.8
5.8
5.8
5.8
5.8
5.8
5.8
5.8
5.9
5.9
5.9
5.9
5.9
5.9
5.9
5.9
5.9
5.9
5.9
6.0
6.0
6.0
6.0
6.0
6.0
6.0
---END OF 10 MEASUREMENTS---
