14.075862069
12.18
12.0933333333
11.2533333333
11.1266666667
10.8372881356
10.6133333333
11.0333333333
12.4
10.5983333333
10.71
11.31
9.27068965517
11.0553191489
10.56
10.6266666667
11.2898305085
11.3066666667
11.4983333333
11.3033333333
11.1416666667
10.065
10.7366666667
9.57833333333
11.0694915254
11.1366666667
10.9933333333
10.7533333333
11.1983333333
11.21
9.615
9.95666666667
9.755
10.8779661017
10.3333333333
11.5866666667
11.2716666667
10.5866666667
12.52
10.4866666667
9.68333333333
10.9016949153
10.6
10.56
10.4433333333
11.4133333333
11.745
10.7716666667
9.995
11.2305084746
10.8366666667
12.415
12.5983333333
10.855
10.7633333333
11.5433333333
10.565
11.205
10.5593220339
11.1631578947
--END OF 1--
16.3189655172
15.3383333333
14.67
14.1766666667
14.1316666667
14.506779661
14.0466666667
14.6783333333
15.3783333333
14.4333333333
15.1516666667
14.3066666667
13.2120689655
15.8808510638
14.775
14.3066666667
14.2898305085
14.0333333333
14.3016666667
13.5616666667
14.215
14.0583333333
14.2683333333
14.0366666667
14.5
13.7216666667
13.9483333333
14.96
14.805
13.23
13.8383333333
13.7466666667
14.2766666667
15.1949152542
14.9116666667
15.2783333333
14.3266666667
13.5133333333
15.375
14.5833333333
13.995
15.9983050847
14.6016666667
15.0533333333
17.0883333333
14.4516666667
13.4233333333
14.0783333333
13.8816666667
14.0898305085
14.2383333333
14.8333333333
15.7333333333
15.94
15.43
14.95
13.4116666667
15.0983333333
14.4559322034
14.9403508772
--END OF 2--
