9.75593220339
10.5472727273
10.3483333333
11.385
10.975
11.7766666667
11.5216666667
10.6016949153
9.4875
10.9066666667
10.9733333333
11.7283333333
10.58
9.80666666667
10.2166666667
10.6
9.88813559322
10.635
11.2516666667
11.03
9.865
11.8966101695
12.4616666667
11.3283333333
9.50666666667
11.2796610169
11.1083333333
10.3383333333
10.7516666667
9.33333333333
9.82542372881
9.20166666667
9.57166666667
8.57321428571
9.76610169492
10.3233333333
9.11833333333
9.11818181818
10.6883333333
11.1366666667
11.4533333333
12.3516666667
11.145
10.8847457627
11.0616666667
11.5466666667
10.6733333333
11.355
11.8716666667
10.8333333333
12.3
10.1916666667
11.2016949153
11.393220339
11.7233333333
10.786440678
12.7833333333
11.9166666667
10.8883333333
8.48771929825
--END OF 1--
12.9576271186
17.1290909091
13.14
14.3566666667
14.1966666667
15.005
14.625
16.1491525424
13.0160714286
12.7183333333
13.9333333333
15.145
15.0533333333
13.2216666667
13.8416666667
13.6066666667
13.6627118644
15.02
16.425
15.49
14.4433333333
15.9288135593
14.4216666667
14.1916666667
14.1916666667
16.1152542373
14.3583333333
12.9483333333
14.1566666667
13.6516666667
14.3508474576
13.37
12.885
12.8196428571
13.3084745763
13.7416666667
13.77
12.9181818182
13.7766666667
14.8916666667
14.205
15.2216666667
15.5333333333
14.5457627119
14.4483333333
14.0716666667
15.3933333333
14.445
16.195
16.2666666667
16.4016666667
14.815
15.306779661
15.8508474576
15.1433333333
13.7016949153
14.105
15.935
13.9916666667
12.0631578947
--END OF 2--
