9.095
8.29
8.97
9.77
9.09491525424
8.58666666667
9.03793103448
8.46271186441
8.2224137931
9.04333333333
8.74745762712
9.91551724138
8.68666666667
8.60188679245
8.44166666667
9.04827586207
8.16333333333
8.66666666667
8.83666666667
8.30166666667
7.77333333333
8.305
7.93666666667
8.525
9.06333333333
9.22203389831
8.635
9.36333333333
9.56206896552
8.95833333333
9.99454545455
9.80350877193
9.1186440678
8.22333333333
8.55333333333
8.975
8.475
8.79661016949
7.48833333333
7.97833333333
8.06949152542
7.52666666667
7.29830508475
7.37666666667
6.63333333333
6.84666666667
7.10833333333
7.27166666667
6.79333333333
7.045
7.58474576271
6.99666666667
6.485
7.31333333333
7.19166666667
8.17
8.53666666667
7.385
7.59322033898
8.79122807018
--END OF 1--
13.41
12.465
11.15
13.01
13.1237288136
12.0716666667
12.6275862069
13.2966101695
13.6344827586
12.4416666667
12.4847457627
11.7948275862
11.8583333333
12.9
10.7166666667
11.7689655172
11.4716666667
12.1416666667
13.1583333333
13.3033333333
11.2116666667
11.4266666667
11.5383333333
12.4678571429
14.275
12.2389830508
11.4616666667
12.3983333333
12.7982758621
11.4
12.1327272727
12.2333333333
13.4237288136
11.3266666667
11.4816666667
12.0589285714
12.8033333333
13.2
11.9383333333
11.9516666667
13.186440678
10.53
11.1440677966
11.255
10.185
11.1166666667
12.7766666667
11.3966666667
10.7783333333
11.045
10.7525423729
10.7283333333
11.125
11.5933333333
10.6116666667
11.55
11.8916666667
11.57
10.7661016949
11.3473684211
--END OF 2--
