14.958490566
14.3120689655
14.5796610169
14.4818181818
12.7854545455
13.7366666667
14.4372881356
14.5303571429
13.8483333333
13.7616666667
13.1966101695
13.3566037736
13.8810344828
13.8683333333
13.5890909091
14.3372881356
14.5383333333
16.1068965517
13.3133333333
13.5916666667
14.9847457627
15.675
14.4366666667
14.3508474576
15.2175438596
12.5576271186
12.9116666667
13.7083333333
13.3525423729
14.1666666667
13.485
13.01
13.0616666667
13.3925925926
13.7916666667
12.4066666667
13.9883333333
14.85
14.2526315789
14.2533333333
14.7783333333
14.8474576271
13.6086206897
13.9661016949
14.0285714286
13.2833333333
13.0233333333
13.9338983051
13.7416666667
12.1254237288
14.4322033898
13.925
14.5568965517
13.4483333333
13.9543859649
13.4375
14.1542372881
14.5428571429
12.9698113208
13.1350877193
--END OF 1--
18.4094339623
16.9448275862
16.413559322
17.3472727273
16.6236363636
17.5233333333
17.8288135593
16.7017857143
16.185
16.3566666667
17.3949152542
16.3509433962
16.8810344828
17.0533333333
17.4618181818
16.3508474576
21.7916666667
18.0603448276
15.0316666667
17.925
16.1254237288
17.7666666667
18.1566666667
16.6644067797
19.4052631579
16.8322033898
15.405
15.3616666667
15.7355932203
18.385
18.21
16.055
15.5416666667
16.3333333333
15.9383333333
15.3933333333
17.52
19.26
17.4666666667
18.4633333333
17.8416666667
17.1915254237
18.0775862069
17.7
17.1410714286
16.445
16.76
17.5559322034
15.7233333333
16.7644067797
16.3305084746
15.6683333333
16.3413793103
15.5183333333
16.5964912281
17.2678571429
16.7169491525
16.7571428571
16.8849056604
16.8859649123
--END OF 2--
