17.3821428571
17.4293103448
17.2811320755
16.6389830508
17.1089285714
16.7490909091
17.2169491525
17.775
17.186
18.6
16.4982758621
16.6610169492
17.8
16.4406779661
18.3583333333
16.305
16.7322033898
17.3192982456
17.4366666667
17.4614035088
17.428
18.5333333333
18.2783333333
19.4745762712
19.6016666667
19.8666666667
19.5066666667
19.5016666667
19.7666666667
19.3616666667
18.6333333333
17.493220339
20.0616666667
19.2983333333
19.4333333333
19.6186440678
19.9
21.0816666667
20.0633333333
20.9266666667
22.175
20.3745762712
19.845
21.6216666667
20.2683333333
20.8559322034
21.7728813559
22.0633333333
20.6566666667
21.0050847458
20.165
21.4350877193
19.9542372881
21.08
21.5525423729
21.4379310345
21.7224137931
21.4155172414
21.6517241379
16.1224137931
--END OF 1--
20.125
20.5775862069
19.3339622642
20.4423728814
21.3178571429
19.7490909091
19.986440678
19.2821428571
21.214
20.2966666667
20.4793103448
21.5338983051
21.1543859649
20.9898305085
21.0266666667
20.04
21.6728813559
21.3526315789
20.05
21.9122807018
20.308
21.315
21.92
23.3372881356
23.6466666667
21.8833333333
23.1283333333
23.2316666667
23.255
22.0883333333
21.3033333333
21.6372881356
24.275
25.7466666667
22.6383333333
22.8728813559
22.9833333333
25.5866666667
25.1533333333
22.9633333333
25.855
24.3644067797
21.0633333333
24.165
25.6433333333
26.4610169492
25.8898305085
24.3016666667
25.1316666667
25.0627118644
23.4666666667
26.1105263158
23.3745762712
24.4416666667
26.3033898305
24.7551724138
25.1827586207
25.475862069
26.9551724138
18.0620689655
--END OF 2--
