11.8083333333
12.205
12.2516666667
12.8516666667
13.3916666667
11.8633333333
12.4909090909
12.4440677966
13.2642857143
12.2593220339
12.5766666667
12.9178571429
12.625862069
13.1576271186
13.4271186441
13.4070175439
13.5716666667
11.225
11.2666666667
12.96
13.09
12.1283333333
13.0683333333
13.4833333333
11.9694915254
12.985
12.3533333333
12.9416666667
12.9627118644
11.185
12.3766666667
12.1216666667
11.7683333333
12.5566666667
13.0633333333
12.615
11.9101694915
12.305
12.5683333333
11.7633333333
12.6866666667
12.515
13.2
12.34
11.8796610169
12.0383333333
11.2666666667
10.7833333333
12.215
12.15
11.4333333333
12.4516666667
12.65
11.9491525424
11.4633333333
11.8483333333
12.5216666667
11.2616666667
10.9916666667
11.687037037
--END OF 1--
15.25
17.4433333333
18.06
15.445
16.0583333333
15.5616666667
16.8745454545
16.4610169492
16.6589285714
15.6322033898
15.8866666667
16.0785714286
15.2172413793
18.7779661017
17.2983050847
17.1052631579
17.46
14.82
15.1233333333
24.695
18.1416666667
14.2633333333
15.69
15.8633333333
14.8355932203
15.185
15.6683333333
15.4916666667
16.1423728814
15.5116666667
15.0716666667
14.655
15.1016666667
15.5466666667
15.3683333333
15.1483333333
15.8694915254
14.3116666667
15.195
15.5783333333
14.5533333333
15.9433333333
16.4283333333
14.925
14.6661016949
14.0266666667
14.665
15.9083333333
15.3016666667
15.4033333333
15.4116666667
15.8383333333
14.8516666667
14.513559322
14.8483333333
14.7316666667
16.2733333333
14.8466666667
14.8733333333
14.9555555556
--END OF 2--
