8.07966101695
7.18666666667
7.54666666667
7.92807017544
7.98363636364
9.37288135593
7.87288135593
8.77666666667
8.51833333333
9.77333333333
9.48666666667
8.88166666667
7.13
9.04655172414
8.81896551724
9.37818181818
9.55833333333
8.92666666667
8.56545454545
8.72678571429
8.44339622642
10.6566666667
9.46666666667
8.68035714286
9.87666666667
8.60333333333
8.61296296296
8.44912280702
8.81
8.45344827586
8.3186440678
9.03684210526
8.34827586207
9.46833333333
8.38867924528
8.54666666667
8.5
8.64107142857
9.19482758621
8.12372881356
7.41
7.90333333333
8.46666666667
8.51666666667
8.50169491525
7.29166666667
7.86333333333
8.18
8.85333333333
8.38333333333
9.40338983051
8.42333333333
8.10166666667
8.15
7.22333333333
8.29833333333
9.78571428571
8.42881355932
9.35333333333
7.35087719298
--END OF 1--
14.1711864407
12.4616666667
11.8283333333
13.9175438596
14.1345454545
12.8152542373
12.3847457627
14.2783333333
13.5683333333
14.04
13.6266666667
13.29
14.2516666667
15.0120689655
14.0637931034
16.52
14.5316666667
13.7483333333
13.2563636364
13.4267857143
12.7735849057
13.5533333333
13.76
12.7196428571
13.5166666667
12.65
13.7703703704
13.5
14.97
13.3362068966
12.5966101695
13.4561403509
13.4
13.4233333333
13.1396226415
13.1911111111
12.2683333333
12.9535714286
13.674137931
11.6322033898
11.885
12.9033333333
12.4333333333
12.0233333333
14.0288135593
12.815
12.195
12.575
13.97
11.8166666667
13.2610169492
12.1516666667
11.7866666667
11.4833333333
11.4533333333
12.45
12.0625
12.0898305085
13.5883333333
12.4526315789
--END OF 2--
