5.95333333333
4.88166666667
5.92
5.84833333333
6.23166666667
5.87457627119
5.03333333333
5.79333333333
5.405
4.65666666667
5.41333333333
5.89333333333
6.88666666667
6.99830508475
6.25666666667
5.435
5.13333333333
5.57
5.125
5.35333333333
5.14166666667
5.43666666667
5.50677966102
5.68
5.74333333333
5.80833333333
4.87666666667
5.98
5.07333333333
4.765
6.69661016949
6.5
5.22
5.76333333333
5.10166666667
5.99166666667
5.32666666667
5.345
5.90677966102
5.90166666667
4.85833333333
6.20166666667
5.455
5.12166666667
5.945
5.33
5.63166666667
4.33898305085
5.51833333333
5.64333333333
6.31666666667
6.48333333333
5.97666666667
5.04
5.77666666667
5.90833333333
5.78813559322
5.16166666667
5.32833333333
5.98596491228
--END OF 1--
11.4066666667
10.4433333333
11.7183333333
10.8683333333
10.45
10.8406779661
11.1466666667
11.415
12.295
10.085
11.96
13.2583333333
12.675
13.0338983051
11.5866666667
11.1366666667
10.7166666667
10.64
10.8216666667
11.2183333333
11.0883333333
12.1883333333
11.9423728814
14.095
11.17
10.815
9.98333333333
9.685
10.6883333333
11.1
11.7508474576
11.5366666667
11.3666666667
12.4833333333
10.895
10.9933333333
10.8833333333
11.235
11.1186440678
10.5883333333
10.31
11.6833333333
11.3016666667
10.5166666667
11.1533333333
11.4866666667
11.1166666667
9.48813559322
10.9116666667
11.305
10.3033333333
10.7216666667
12.6716666667
12.2366666667
11.4033333333
12.0383333333
12.493220339
11.5833333333
11.035
12.3842105263
--END OF 2--
