9.96
10.14
9.54576271186
10.4433333333
10.0766666667
9.15
8.79166666667
9.99
7.94655172414
8.53728813559
8.38965517241
9.56271186441
9.53333333333
8.985
8.88333333333
9.21666666667
8.61833333333
8.04833333333
8.595
8.98666666667
8.91694915254
9.64166666667
8.33833333333
8.99833333333
8.57833333333
8.09310344828
8.16101694915
6.9406779661
9.19
10.035
7.67666666667
7.57
7.7593220339
8.09333333333
8.39122807018
8.35593220339
8.89642857143
8.18666666667
7.45
7.58909090909
6.91666666667
7.36296296296
7.85862068966
7.85689655172
7.60701754386
7.85166666667
8.11636363636
8.25087719298
8.87666666667
7.51166666667
8.62881355932
8.19830508475
7.53898305085
8.44666666667
7.36
7.445
7.14
8.16440677966
8.60833333333
10.0120689655
--END OF 1--
15.1816666667
15.6916666667
14.7169491525
15.5483333333
15.7666666667
15.4166666667
14.975
15.215
14.9862068966
14.0033898305
13.5672413793
14.293220339
14.1683333333
15.2366666667
15.0066666667
14.14
13.875
13.795
13.985
14.5
15.0745762712
13.8316666667
14.8433333333
15.1833333333
14.6166666667
13.9724137931
14.9084745763
15.0440677966
13.5966666667
14.7833333333
13.1883333333
13.9283333333
14.1711864407
13.685
13.7666666667
15.2694915254
16.0339285714
13.5883333333
13.235
13.74
12.6716666667
13.7962962963
13.6120689655
13.4517241379
13.6666666667
14.15
13.5381818182
14.1929824561
14.8316666667
13.5716666667
14.5372881356
13.8508474576
13.2915254237
14.2083333333
13.155
12.7833333333
13.1533333333
12.7711864407
14.04
15.5637931034
--END OF 2--
