2.9
3.0
3.0
3.1
3.1
3.1
3.1
3.1
3.1
3.1
3.1
3.1
3.1
3.1
3.1
3.1
3.1
3.2
3.2
3.2
3.3
3.3
3.3
3.4
3.4
3.4
3.5
3.5
3.5
3.4
3.4
3.5
3.5
3.5
3.5
3.5
3.5
3.5
3.5
3.5
3.6
3.6
3.6
3.6
3.6
3.6
3.6
3.6
3.6
3.6
3.6
3.6
3.6
3.6
3.6
3.6
3.6
3.6
3.6
3.6
3.6
3.5
3.5
3.5
3.5
3.4
3.4
3.4
3.3
3.3
3.2
3.2
3.1
3.1
3.1
3.1
3.0
3.0
3.0
2.9
2.8
2.8
2.7
2.6
2.6
2.5
2.5
2.5
2.5
2.5
2.5
2.6
2.6
2.7
2.7
2.8
2.8
2.9
2.9
3.0
3.0
3.0
3.1
3.1
3.2
3.3
3.4
3.5
3.6
3.6
3.6
3.6
3.7
3.7
3.8
3.9
4.0
4.1
4.1
4.1
4.1
4.1
4.2
4.3
4.3
4.3
4.3
4.3
4.3
4.3
4.3
4.4
4.4
4.4
4.4
4.4
4.4
4.4
4.4
4.4
4.4
4.4
4.4
4.4
4.4
4.4
4.5
4.5
4.5
4.5
4.5
4.4
4.4
4.3
4.3
4.2
4.2
4.1
4.0
4.0
4.0
3.9
3.9
3.8
3.7
3.6
3.5
3.4
3.3
3.3
3.3
3.2
3.2
3.2
3.2
3.1
3.0
2.9
3.0
3.0
3.1
3.0
3.0
3.0
3.0
3.0
3.0
3.1
3.1
3.1
3.1
3.1
3.1
3.1
3.1
3.2
3.2
3.3
3.3
3.3
3.3
3.4
3.4
3.4
3.5
3.5
3.5
3.5
3.5
3.5
3.5
3.5
3.5
3.5
3.5
3.5
3.5
3.6
3.6
3.6
3.6
3.6
3.7
3.7
3.7
3.7
3.7
3.7
3.8
3.8
3.7
3.7
3.7
3.7
3.7
3.8
3.9
3.9
3.9
3.8
3.7
3.6
3.5
3.5
3.4
3.4
3.4
3.4
3.3
3.3
3.3
3.3
3.3
3.3
3.3
3.2
3.1
3.1
3.0
3.0
3.1
3.1
3.1
3.1
3.1
3.0
2.9
2.9
2.9
3.0
3.0
3.0
3.0
3.1
3.1
3.1
3.1
3.2
3.2
3.3
3.2
3.2
3.2
3.2
3.2
3.2
3.2
3.2
3.3
3.3
3.3
3.4
3.4
3.4
3.5
3.5
3.5
3.5
3.6
3.6
3.7
3.7
3.7
3.7
3.7
3.7
3.7
3.7
3.8
3.8
3.8
3.8
3.8
3.8
3.8
3.8
3.8
3.8
3.9
3.8
3.8
3.8
3.8
3.8
3.8
3.8
3.8
3.8
3.8
3.7
3.7
3.7
3.7
3.7
3.7
3.7
3.8
3.7
3.6
3.6
3.6
3.6
3.6
3.7
3.8
3.8
3.8
3.8
3.7
3.7
3.6
3.6
3.5
3.4
3.4
3.3
3.2
3.2
3.1
3.1
3.1
3.1
3.1
3.1
3.2
3.2
3.2
3.2
3.2
3.2
3.1
3.1
3.0
3.1
3.1
3.1
3.1
3.1
3.2
3.1
3.1
3.1
3.1
3.1
3.1
3.1
3.1
3.2
3.3
3.3
3.4
3.4
3.4
3.4
3.3
3.2
3.2
3.2
3.2
3.2
3.2
3.2
3.1
3.1
3.0
3.0
2.9
2.9
2.9
2.9
2.9
2.9
2.9
3.0
3.0
3.0
3.0
3.0
3.0
3.1
3.1
3.0
3.0
3.0
3.0
3.0
3.1
3.0
3.0
3.0
3.0
3.1
3.1
3.1
3.0
3.0
3.1
3.1
3.2
3.2
3.2
3.2
3.2
3.2
3.2
3.2
3.2
3.2
3.1
3.0
3.0
2.9
2.9
2.9
2.9
3.0
3.0
3.2
3.4
3.6
3.6
3.6
3.6
3.6
3.6
3.6
3.6
3.6
3.6
3.6
3.7
3.8
3.7
3.7
3.7
3.7
3.7
3.8
3.7
3.7
3.7
3.7
3.7
3.7
3.7
3.8
3.8
3.8
3.8
3.8
3.8
3.8
3.8
3.8
3.8
3.8
3.8
3.7
3.6
3.6
3.6
3.6
3.6
3.6
3.6
3.7
3.7
3.7
3.7
3.7
3.7
3.8
3.8
3.8
3.8
3.8
3.8
3.6
3.4
3.2
3.2
3.2
3.2
3.2
3.2
3.3
3.3
3.3
3.3
3.3
3.2
3.1
3.1
3.1
3.0
3.0
3.0
2.9
2.9
3.0
3.0
3.0
3.0
3.0
2.9
2.8
2.8
2.8
2.7
2.7
2.7
2.8
2.8
2.8
2.8
2.8
2.8
2.8
2.8
2.8
2.8
2.8
2.8
2.7
2.7
2.7
2.6
2.6
2.6
2.6
2.5
2.5
2.5
2.5
2.5
2.4
2.4
2.4
2.4
2.4
2.4
2.4
2.4
2.4
2.4
2.4
2.4
2.4
2.3
2.3
2.3
2.3
2.4
2.4
2.4
2.4
2.4
2.4
---END OF 2.5 MEASUREMENTS---
6.5
6.5
6.5
6.5
6.5
6.5
6.5
6.4
6.4
6.3
6.4
6.5
6.5
6.5
6.4
6.4
6.4
6.3
6.3
6.3
6.3
6.3
6.3
6.3
6.3
6.3
6.3
6.3
6.3
6.3
6.3
6.3
6.3
6.3
6.3
6.3
6.3
6.3
6.3
6.2
6.3
6.3
6.3
6.3
6.2
6.2
6.2
6.2
6.2
6.2
6.2
6.2
6.2
6.2
6.2
6.2
6.2
6.3
6.7
7.2
7.7
7.7
7.7
7.7
7.7
7.7
7.7
7.7
7.7
7.6
7.5
7.5
7.4
7.4
7.4
7.3
7.3
7.3
7.3
7.3
7.3
7.3
7.3
7.3
7.2
7.4
7.6
7.7
7.7
7.7
7.7
7.7
7.8
7.8
7.8
7.8
7.8
7.8
7.8
7.7
7.7
7.7
7.7
7.8
7.8
7.9
8.1
8.3
8.6
8.5
8.5
8.5
8.6
8.6
8.6
8.6
8.6
8.7
8.2
7.7
7.2
7.6
8.0
8.4
8.4
8.4
8.4
8.4
8.4
8.4
8.4
8.5
8.5
8.5
8.5
8.5
8.5
8.5
8.5
8.5
8.5
8.5
8.5
8.5
8.5
8.3
8.1
8.0
8.0
8.0
8.0
8.0
8.0
8.0
8.0
8.0
8.0
8.0
8.0
8.1
8.1
8.1
8.1
8.0
8.0
7.9
7.7
7.5
7.3
7.3
7.3
7.4
7.4
7.4
7.4
7.4
7.4
7.4
7.4
7.4
7.4
7.0
6.6
6.2
6.2
6.2
6.2
6.2
6.2
6.3
6.2
6.2
6.1
6.1
6.2
6.2
6.2
6.3
6.4
6.4
6.4
6.4
6.4
6.4
6.4
6.4
6.4
6.4
6.4
6.4
6.4
6.4
6.3
6.3
6.3
6.3
6.3
6.3
6.2
6.2
6.2
6.2
6.2
6.2
6.2
6.2
6.2
6.2
6.2
6.2
6.2
6.1
6.1
6.1
6.1
6.1
6.2
6.2
6.2
6.2
6.1
6.1
6.1
6.1
6.1
6.1
6.1
6.1
6.1
6.1
6.1
6.1
6.2
6.1
6.1
6.1
6.0
5.9
5.9
5.9
5.9
6.0
6.0
6.0
6.0
6.0
6.0
6.0
6.0
6.0
6.0
6.0
6.0
6.0
6.0
6.0
6.0
6.0
6.1
6.1
6.1
6.1
6.1
6.1
6.1
6.1
6.1
6.1
6.1
6.1
6.1
6.1
6.1
6.1
6.1
6.1
6.1
6.1
6.1
6.2
6.3
6.3
6.3
6.3
6.3
6.3
6.3
6.3
6.3
6.3
6.3
6.3
6.3
6.3
6.3
6.3
6.3
6.3
6.3
6.3
6.2
6.2
6.2
6.2
6.2
6.2
6.2
6.2
6.2
6.2
6.2
6.2
6.2
6.2
6.3
6.3
6.3
6.2
6.2
6.1
6.1
6.1
6.1
6.2
6.2
6.2
6.2
6.2
6.2
6.2
6.2
6.2
6.2
6.2
6.2
6.3
6.4
6.5
6.5
6.4
6.4
6.4
6.4
6.4
6.4
6.4
6.4
6.5
6.5
6.6
6.5
6.5
6.5
6.5
6.5
6.5
6.6
6.6
6.6
6.6
6.6
6.5
6.6
6.7
6.8
6.9
6.9
6.9
6.9
7.0
7.1
7.1
7.0
7.0
7.0
7.1
7.1
7.1
7.1
7.1
7.1
7.1
7.1
7.1
7.1
7.1
7.1
7.1
7.0
7.0
7.0
7.0
7.1
7.1
7.1
6.9
6.8
6.7
6.7
6.7
6.7
6.6
6.6
6.6
6.6
6.6
6.6
6.5
6.5
6.4
6.4
6.5
6.5
6.4
6.4
6.4
6.4
6.4
6.4
6.4
6.4
6.4
6.3
6.2
6.2
6.2
6.2
6.2
6.1
6.0
6.0
6.0
6.0
6.0
5.9
5.9
5.9
6.0
6.2
6.4
6.4
6.4
6.4
6.4
6.4
6.4
6.4
6.4
6.4
6.4
6.4
6.4
6.4
6.4
6.4
6.4
6.4
6.5
6.5
6.5
6.5
6.5
6.5
6.5
6.5
6.5
6.5
6.5
6.5
6.5
6.5
6.5
6.5
6.6
6.6
6.7
6.7
6.6
6.6
6.6
6.6
6.6
6.6
6.6
6.5
6.6
6.6
6.6
6.6
6.6
6.6
6.6
6.6
6.6
6.6
6.6
6.6
6.5
6.3
6.1
6.1
6.1
6.1
6.1
6.1
6.1
6.1
6.1
6.1
6.1
6.1
6.1
6.1
6.1
6.0
6.0
5.9
5.9
5.9
5.9
5.9
5.9
5.9
5.9
5.9
5.9
5.9
5.9
5.9
5.9
5.9
5.9
5.9
5.9
5.8
5.8
5.8
5.8
5.8
5.8
5.8
5.8
5.8
5.8
5.7
5.7
5.7
5.7
5.6
5.6
5.6
5.6
5.6
5.6
5.6
5.6
5.6
5.6
5.6
5.6
5.6
5.5
5.5
5.6
5.8
5.9
5.9
5.8
5.8
5.9
5.9
5.9
5.9
5.9
5.9
5.9
5.9
5.9
---END OF 10 MEASUREMENTS---
