7.65166666667
7.64745762712
7.84
7.51166666667
8.54166666667
7.31
7.69473684211
7.97192982456
7.52033898305
7.04
6.93833333333
8.88666666667
7.59491525424
7.14833333333
7.94833333333
7.30508474576
8.27627118644
8.7775862069
7.445
8.78333333333
7.95833333333
7.51166666667
7.68305084746
8.36666666667
7.58166666667
7.89333333333
8.13220338983
6.63333333333
6.85666666667
8.03333333333
7.89830508475
8.26607142857
7.34833333333
6.98333333333
7.58333333333
8.04333333333
8.92333333333
8.46271186441
6.98666666667
7.275
7.41525423729
8.41525423729
6.87777777778
7.74406779661
7.65593220339
6.76333333333
7.3
7.91818181818
7.18214285714
5.65833333333
6.03166666667
6.27333333333
7.56666666667
6.53166666667
6.9406779661
9.67
7.47666666667
6.32881355932
6.27
7.97796610169
--END OF 1--
11.6566666667
12.3118644068
13.6218181818
11.84
13.1016666667
14.41
13.0771929825
13.8140350877
14.1508474576
11.9933333333
12.59
13.43
12.6016949153
12.0833333333
12.1916666667
14.5084745763
16.9728813559
14.175862069
13.26
14.93
12.44
12.7533333333
15.2118644068
14.74
11.1466666667
12.7833333333
14.0457627119
11.805
13.1833333333
12.9316666667
11.0169491525
13.45
13.2383333333
11.9816666667
12.5333333333
13.57
15.6333333333
13.2186440678
13.2116666667
13.8083333333
13.1491525424
13.7389830508
14.7314814815
16.1389830508
15.7474576271
12.7666666667
12.5677966102
14.1836363636
14.0
12.7066666667
12.7933333333
12.545
11.8066666667
14.0116666667
13.2542372881
14.795
12.9433333333
12.9661016949
12.7583333333
12.7542372881
--END OF 2--
