9.2
9.2
9.3
9.3
9.3
9.3
9.4
9.4
9.4
9.4
9.4
9.5
9.5
9.6
9.6
9.7
9.7
9.7
9.8
9.8
9.8
9.9
9.9
10.0
10.0
10.0
9.9
9.8
9.7
9.8
9.9
10.0
10.0
10.1
10.2
10.2
10.2
10.3
10.3
10.3
10.3
10.3
10.3
10.3
10.3
10.5
10.6
10.7
10.7
10.7
10.6
10.7
10.7
10.7
10.7
10.7
10.7
10.7
10.7
10.7
10.7
10.7
10.7
10.6
10.6
10.5
10.6
10.7
10.8
10.8
10.8
10.9
10.8
10.7
10.6
10.5
10.4
10.3
10.2
10.1
10.0
9.9
9.8
9.8
9.8
9.9
9.8
9.7
9.6
9.5
9.4
9.4
9.5
9.5
9.6
9.7
9.9
10.0
10.1
10.1
10.0
10.0
10.0
9.8
10.0
10.2
10.3
10.4
10.5
10.7
10.8
10.9
11.0
11.1
11.1
11.2
11.3
11.3
11.5
11.6
11.7
11.7
11.7
11.6
11.5
11.4
11.3
11.4
11.5
11.6
11.6
11.7
11.7
11.8
11.8
11.9
11.9
11.9
11.9
11.8
11.7
11.6
11.5
11.4
11.4
11.3
11.2
11.1
11.1
11.0
11.0
10.9
10.8
10.6
10.6
10.5
10.5
10.4
10.3
10.1
10.1
10.1
10.0
10.0
10.0
9.9
9.7
9.6
9.5
9.4
9.3
9.3
9.3
9.3
9.2
9.2
9.1
9.2
9.2
9.3
9.3
9.4
9.5
9.6
9.7
9.9
9.9
9.9
10.0
9.9
9.8
9.7
9.7
9.8
9.8
9.9
10.0
10.1
10.2
10.3
10.3
10.4
10.4
10.5
10.6
10.6
10.7
10.7
10.8
10.8
10.9
11.0
11.1
11.1
11.2
11.3
11.3
11.3
11.3
11.4
11.4
11.5
11.5
11.5
11.6
11.6
11.7
11.8
11.9
12.0
12.1
12.1
12.1
12.1
12.1
12.2
12.2
12.1
12.0
11.9
11.9
11.8
11.8
11.7
11.7
11.7
11.7
11.6
11.6
11.7
11.9
12.0
12.0
12.0
11.9
11.9
11.9
11.8
11.9
12.0
12.1
12.1
12.2
12.2
12.2
12.1
12.0
11.9
11.9
11.8
11.6
11.5
11.4
11.3
11.3
11.3
11.3
11.4
11.4
11.3
11.2
11.1
11.0
10.9
10.9
10.8
10.8
10.7
10.6
10.5
10.3
10.2
10.2
10.1
10.1
10.0
10.0
9.9
9.8
9.7
9.6
9.6
9.5
9.5
9.4
9.4
9.3
9.3
9.3
9.2
9.1
9.0
9.0
8.9
8.9
8.8
8.7
8.7
8.5
8.4
8.2
8.2
8.2
8.1
8.2
8.2
8.2
8.3
8.3
8.4
8.4
8.5
8.6
8.4
8.3
8.2
8.2
8.1
8.0
8.2
8.3
8.5
8.5
8.6
8.6
8.5
8.5
8.4
8.4
8.5
8.5
8.6
8.7
8.7
8.8
8.9
9.0
9.1
9.2
9.2
9.3
9.4
9.4
9.4
9.4
9.4
9.5
9.6
9.6
9.6
9.7
9.7
9.7
9.8
9.8
9.8
9.9
9.9
9.9
10.0
10.0
10.1
10.2
10.3
10.4
10.5
10.6
10.6
10.6
10.6
10.6
10.5
10.5
10.5
10.6
10.7
10.7
10.8
10.8
10.8
10.8
10.7
10.7
10.7
10.7
10.7
10.8
10.9
10.9
10.8
10.8
10.8
10.8
10.8
10.6
10.4
10.3
10.2
10.2
10.1
10.0
9.9
9.8
9.7
9.7
9.7
9.7
9.7
9.6
9.6
9.6
9.6
9.6
9.6
9.6
9.6
9.6
9.5
9.6
9.7
9.5
9.4
9.3
9.1
9.1
9.2
9.2
9.2
9.2
9.2
9.3
9.4
9.5
9.7
10.0
10.0
10.0
10.0
9.9
9.9
9.8
9.8
9.7
9.8
9.9
10.0
10.0
10.1
10.1
10.3
10.4
10.6
10.6
10.7
10.7
10.8
10.8
10.9
11.0
11.2
11.3
11.3
11.3
11.3
11.4
11.5
11.6
11.6
11.5
11.5
11.7
11.8
12.0
11.9
11.9
11.8
11.7
11.7
11.6
11.6
11.7
11.8
11.7
11.7
11.7
11.7
11.6
11.6
11.4
11.2
11.0
10.9
10.7
10.6
10.6
10.6
10.7
10.8
10.8
10.9
11.0
11.0
11.1
11.1
11.0
11.0
10.9
10.9
10.8
10.6
10.4
10.5
10.7
10.3
10.1
10.1
10.1
10.1
9.8
9.6
9.7
9.7
9.8
9.7
9.7
9.6
9.6
9.5
9.4
9.7
9.9
10.1
10.2
10.3
10.4
10.3
10.3
10.3
10.3
10.3
10.4
10.5
10.6
10.7
10.6
10.6
10.6
10.5
10.4
10.4
10.3
10.2
10.2
10.1
10.1
10.1
10.0
9.9
9.9
9.8
9.8
---END OF 2.5 MEASUREMENTS---
10.6
10.8
10.8
10.8
10.9
10.9
10.8
10.8
10.8
10.9
10.9
10.9
10.9
10.9
10.9
11.0
11.0
11.0
11.1
11.1
11.2
11.2
11.2
11.3
11.3
11.4
11.4
11.4
11.4
11.5
11.5
11.6
11.7
11.7
11.8
11.8
11.8
11.8
11.8
11.8
11.8
11.7
11.7
11.8
11.8
12.0
12.1
12.2
12.2
12.3
12.3
12.2
12.2
12.2
12.3
12.3
12.4
12.3
12.3
12.3
12.2
12.2
12.2
12.2
12.1
12.0
12.1
12.1
12.1
12.3
12.4
12.5
12.5
12.5
12.5
12.5
12.5
12.5
12.5
12.4
12.3
12.3
12.2
12.2
12.2
12.2
12.2
12.1
12.0
12.0
11.9
11.9
11.9
11.9
11.9
12.0
12.1
12.2
12.3
12.2
12.1
12.1
12.0
11.9
12.0
12.0
12.1
12.1
12.1
12.2
12.2
12.3
12.2
12.2
12.1
12.2
12.2
12.3
12.3
12.4
12.5
12.6
12.6
12.7
12.5
12.4
12.2
12.2
12.2
12.2
12.2
12.2
12.2
12.4
12.4
12.5
12.5
12.5
12.5
12.4
12.3
12.2
12.0
12.1
12.2
12.2
12.1
12.0
12.1
12.2
12.3
12.3
12.2
12.2
12.1
12.1
12.1
12.1
12.1
12.1
12.1
12.1
12.1
12.1
12.1
12.1
12.1
12.0
11.9
11.8
11.7
11.7
11.7
11.7
11.6
11.6
11.5
11.5
11.6
11.6
11.6
11.5
11.4
11.5
11.6
11.7
11.7
11.6
11.6
11.5
11.4
11.2
11.3
11.3
11.4
11.5
11.5
11.6
11.6
11.5
11.5
11.3
11.1
11.1
11.2
11.1
11.3
11.3
11.4
11.4
11.5
11.6
11.7
11.7
11.8
11.9
11.9
11.9
11.9
12.0
12.0
12.1
12.1
12.1
12.2
12.2
12.3
12.4
12.4
12.7
12.8
12.8
12.8
12.8
12.8
12.9
12.9
12.8
12.7
12.7
12.7
12.7
12.8
12.7
12.7
12.6
12.6
12.6
12.5
12.6
12.7
12.7
12.7
12.7
12.7
12.7
12.7
12.7
12.8
13.0
13.2
13.2
13.3
13.4
13.4
13.4
13.5
13.4
13.4
13.4
13.3
13.2
13.2
13.2
13.3
13.4
13.4
13.3
13.3
13.1
12.9
12.7
12.6
12.5
12.4
12.2
11.9
11.6
11.6
11.5
11.5
11.4
11.3
11.1
11.2
11.2
11.2
11.1
10.9
10.8
10.7
10.7
10.6
10.6
10.6
10.6
10.6
10.7
10.7
10.7
10.8
10.8
10.8
10.8
10.9
10.8
10.8
10.7
10.6
10.4
10.2
10.2
10.2
10.2
10.1
10.1
10.1
10.1
10.2
10.2
10.2
10.3
10.3
10.1
10.0
9.8
9.8
9.8
9.8
9.9
10.0
10.2
10.1
10.1
10.1
10.1
10.1
10.1
10.1
10.2
10.3
10.3
10.3
10.3
10.3
10.3
10.3
10.3
10.3
10.3
10.3
10.3
10.3
10.3
10.3
10.4
10.4
10.4
10.4
10.4
10.3
10.2
10.2
10.3
10.3
10.2
10.4
10.4
10.4
10.6
10.6
10.7
10.8
10.9
11.0
11.1
11.2
11.2
11.2
11.2
11.2
11.1
11.1
11.1
11.2
11.3
11.3
11.4
11.4
11.4
11.4
11.3
11.3
11.3
11.3
11.3
11.4
11.5
11.5
11.4
11.4
11.4
11.4
11.4
11.2
11.0
10.9
10.8
10.8
10.6
10.5
10.5
10.5
10.6
10.6
10.6
10.9
11.1
11.4
11.6
11.9
12.1
12.1
12.1
12.0
12.1
12.1
12.2
12.2
12.3
12.3
12.1
12.0
11.8
11.9
11.9
12.0
12.0
12.0
12.0
12.0
12.0
12.1
12.1
12.1
12.2
12.2
12.3
12.3
12.3
12.3
12.2
12.1
12.2
12.2
12.3
12.3
12.3
12.3
12.4
12.4
12.5
12.5
12.4
12.4
12.5
12.5
12.6
12.6
12.7
12.8
12.4
12.1
11.8
12.0
12.1
12.2
12.2
12.1
12.1
12.3
12.4
12.7
12.5
12.5
12.4
12.3
12.3
12.2
12.2
12.3
12.4
12.3
12.3
12.3
12.3
12.2
12.2
12.0
11.8
11.6
11.5
11.3
11.2
11.2
11.2
11.3
11.4
11.4
11.5
11.6
11.6
11.7
11.7
11.6
11.6
11.5
11.5
11.3
11.2
11.2
11.2
11.3
11.7
11.9
11.9
11.9
12.0
11.9
11.8
11.9
11.9
12.0
12.1
12.1
12.2
12.2
12.1
12.1
12.1
12.2
12.3
12.5
12.6
12.8
12.7
12.6
12.6
12.6
12.7
12.7
12.8
12.9
13.0
13.0
13.0
13.0
13.0
13.0
13.0
12.9
12.7
12.6
12.5
12.4
12.3
12.2
12.1
12.1
12.0
12.0
---END OF 10 MEASUREMENTS---
