27.3566666667
29.6655172414
33.4237288136
34.24
33.7266666667
36.97
40.4166666667
41.5017241379
41.9083333333
42.9
43.0363636364
44.6610169492
45.4833333333
44.76
48.3305084746
48.7533333333
46.2983333333
46.4666666667
45.3716666667
45.16
46.1183333333
44.53
43.0543859649
44.1983333333
44.2666666667
44.1666666667
45.3283333333
44.1916666667
45.5271186441
42.395
41.6491525424
41.1616666667
41.8137931034
41.9508474576
41.3508474576
41.565
41.6566666667
40.8566666667
40.755
41.65
42.8178571429
41.8622641509
39.4416666667
37.7796610169
36.6666666667
37.7016666667
37.8333333333
37.1783333333
39.5216666667
35.5866666667
35.9233333333
36.0101694915
33.9683333333
34.3916666667
35.0716666667
37.6233333333
34.1783333333
32.99
33.6066666667
23.1649122807
--END OF 1--
36.785
41.4482758621
45.9355932203
47.565
49.1433333333
56.2233333333
60.36
56.65
54.0933333333
58.5632653061
56.8981818182
66.2576271186
61.27
61.8883333333
66.8457627119
70.0816666667
66.3816666667
62.6116666667
62.9366666667
62.8966666667
67.4616666667
66.815
64.5684210526
62.79
62.0683333333
60.6883333333
61.06
60.9533333333
62.4169491525
59.3016666667
54.3474576271
55.2433333333
57.4551724138
59.5169491525
63.3220338983
60.8883333333
56.25
52.44
52.135
52.7034482759
57.4589285714
56.1943396226
55.2933333333
54.5491525424
48.605
46.145
48.7216666667
47.6916666667
48.8716666667
46.6616666667
53.5116666667
51.1423728814
47.3633333333
48.3783333333
50.09
45.1616666667
43.4116666667
44.57
47.66
32.6192982456
--END OF 2--
