12.45
12.7983050847
11.6074074074
10.085
11.345
11.2133333333
11.3163636364
11.4224137931
12.5016949153
12.3796610169
10.815
11.3403508772
13.8355932203
11.4293103448
10.34
11.3910714286
12.2711864407
12.6517241379
11.0966666667
11.1566666667
11.4745762712
11.545
10.8266666667
11.9431034483
11.6416666667
12.5315789474
11.6516666667
10.955
10.149122807
10.2196428571
11.5383333333
12.4655172414
10.5389830508
10.1233333333
8.67
11.2183333333
10.3383333333
10.3816666667
8.46833333333
8.87719298246
10.5694915254
10.6616666667
9.75964912281
10.0525423729
10.3766666667
10.36
11.315
9.85
10.4733333333
11.7516666667
10.2576271186
10.42
9.77333333333
10.1633333333
9.52
9.93833333333
10.4616666667
9.82372881356
9.555
11.6711864407
--END OF 1--
17.6766666667
18.8661016949
17.7574074074
15.4033333333
15.1533333333
17.2866666667
16.8363636364
17.7603448276
17.9169491525
17.8728813559
14.9866666667
16.350877193
18.8491525424
16.6327586207
16.7436363636
16.6910714286
19.9627118644
18.3431034483
15.8133333333
17.6783333333
19.0847457627
16.6733333333
15.9166666667
15.9137931034
15.09
19.3210526316
17.9966666667
15.9466666667
17.049122807
16.9410714286
17.3833333333
17.1465517241
15.9966101695
16.1866666667
14.4066666667
16.69
15.3016666667
14.535
13.9383333333
14.0368421053
15.4372881356
15.885
13.2666666667
14.1237288136
14.9483333333
14.875
15.7616666667
15.2016666667
14.3666666667
15.8166666667
14.9711864407
15.405
15.7083333333
15.615
15.1066666667
14.655
13.5016666667
15.5016949153
14.9216666667
16.7186440678
--END OF 2--
