15.5483333333
15.4816666667
15.745
15.7372881356
15.7183333333
15.2733333333
15.2877192982
15.6433333333
14.4433333333
13.1216666667
12.8813559322
13.0266666667
13.91
14.1016666667
15.1783333333
14.7416666667
14.6051724138
16.4896551724
16.1322033898
16.7928571429
15.8611111111
16.075862069
15.5216666667
16.28
15.58
15.1533333333
15.3898305085
17.4381818182
15.9633333333
15.4766666667
16.8344827586
16.401754386
16.6928571429
16.7810344828
16.4830508475
16.5576271186
15.465
16.9462962963
17.1818181818
17.1058823529
17.1771929825
16.9232142857
16.5288135593
17.1618181818
17.6267857143
18.485
17.2140350877
17.315
16.5779661017
18.0862068966
17.3089285714
17.0160714286
16.7666666667
16.7189655172
17.7362068966
17.1559322034
18.81
18.2406779661
17.3090909091
17.0344827586
--END OF 1--
20.9166666667
18.685
21.5033333333
20.5474576271
18.675
19.31
17.9122807018
18.975
22.98
20.0383333333
18.7440677966
18.595
20.1933333333
21.8
18.7883333333
18.2566666667
17.6155172414
20.924137931
20.4169491525
21.6107142857
18.9
20.3844827586
18.9516666667
19.8233333333
19.61
18.44
19.3406779661
20.2309090909
19.6316666667
19.48
20.5396551724
20.0245614035
20.3571428571
20.6086206897
19.8355932203
19.9288135593
19.83
20.1407407407
21.3218181818
20.9196078431
20.8245614035
21.3464285714
20.2440677966
19.8545454545
21.7089285714
20.5633333333
19.5245614035
21.3316666667
22.2830508475
20.7155172414
19.5071428571
19.4982142857
19.6277777778
20.325862069
19.4931034483
19.9440677966
21.5133333333
21.5542372881
20.7490909091
20.275862069
--END OF 2--
