8.78965517241
9.46551724138
9.37413793103
9.915
8.93
9.30338983051
9.96833333333
9.63333333333
9.65333333333
10.19
10.785
10.0683333333
9.68
10.0542372881
8.855
8.98333333333
9.66
9.62
10.75
8.73333333333
8.44333333333
9.91833333333
9.23389830508
9.6350877193
9.22166666667
10.2433333333
10.2288135593
10.6816666667
9.51166666667
9.77
8.63166666667
8.06333333333
9.86333333333
10.4866666667
10.1406779661
8.72166666667
9.05892857143
11.075862069
10.2383333333
9.67118644068
9.47288135593
9.66166666667
10.15
9.19333333333
9.2431372549
8.61228070175
9.98813559322
9.62142857143
9.37209302326
8.38
9.45517241379
10.5271186441
10.6566666667
10.345
9.44166666667
9.66
10.505
9.285
7.86833333333
9.14909090909
--END OF 1--
12.3982758621
13.5844827586
12.9482758621
13.7466666667
13.8183333333
14.6474576271
13.1833333333
13.7133333333
13.6733333333
13.8683333333
13.9066666667
13.4616666667
13.2983333333
13.5966101695
13.5383333333
13.6316666667
13.1316666667
12.855
13.8383333333
13.2616666667
12.26
13.275
13.5389830508
13.3438596491
12.755
13.4116666667
14.2508474576
14.345
13.075
13.605
13.6183333333
12.275
14.3466666667
14.3166666667
14.306779661
13.43
13.3875
13.3413793103
13.74
13.4389830508
12.5915254237
13.5766666667
13.0783333333
12.9766666667
12.7901960784
12.5912280702
13.3033898305
12.4803571429
12.488372093
13.1283333333
12.8344827586
15.2762711864
14.2733333333
14.1266666667
13.815
14.3366666667
13.0883333333
13.3533333333
12.0883333333
13.8
--END OF 2--
