8.38
7.95423728814
7.94666666667
7.14666666667
7.745
8.685
8.24166666667
8.07333333333
6.965
6.83389830508
6.70833333333
6.495
6.48
6.43833333333
8.42333333333
8.02833333333
7.55333333333
8.57288135593
7.32666666667
7.39166666667
8.99833333333
7.90350877193
9.21
8.78
7.75666666667
7.61166666667
6.86
8.67166666667
8.09
7.14166666667
7.4813559322
7.45166666667
7.00833333333
6.66166666667
6.91166666667
7.02333333333
7.91333333333
7.85833333333
6.63050847458
7.14333333333
6.87
7.35833333333
7.78666666667
6.63333333333
7.26166666667
6.86666666667
8.44237288136
8.23833333333
7.64333333333
6.73
7.27666666667
8.46166666667
7.41166666667
7.73166666667
7.52
7.52711864407
7.17666666667
8.04333333333
8.00166666667
8.98421052632
--END OF 1--
11.4183333333
11.2169491525
11.1916666667
10.6483333333
10.4916666667
10.7766666667
10.9566666667
11.9133333333
11.5333333333
10.4
10.54
12.3383333333
10.75
10.7333333333
11.18
10.78
12.235
12.4254237288
11.485
10.785
11.9766666667
11.2350877193
11.06
10.4266666667
10.8116666667
10.6216666667
10.2716666667
11.4933333333
11.9633333333
10.7833333333
10.5457627119
10.325
10.8433333333
11.3366666667
11.595
11.1383333333
10.7216666667
11.1033333333
9.9593220339
10.465
11.085
10.4533333333
10.5466666667
11.2133333333
11.8033333333
10.8283333333
11.206779661
12.2033333333
11.5766666667
10.7183333333
12.8033333333
11.52
10.44
11.04
11.3783333333
11.2796610169
10.9683333333
11.4416666667
11.29
11.4298245614
--END OF 2--
