12.5483333333
11.755
11.986440678
10.3716666667
11.2633333333
10.915
10.5983333333
10.145
10.4816666667
10.4283333333
10.8816666667
10.9711864407
10.89
11.245
11.5166666667
10.3516666667
9.87666666667
9.95833333333
10.845
12.9
11.4483333333
11.02
10.8333333333
10.57
11.0366666667
11.115
12.0516666667
11.3457627119
10.565
10.7533333333
11.125
12.0966666667
11.2716666667
10.365
11.705
12.1116666667
11.0186440678
11.1633333333
12.1333333333
12.15
11.0827586207
11.6762711864
10.8816666667
10.7516666667
10.6816666667
11.645
10.685
9.46333333333
10.6762711864
11.9383333333
12.6533333333
11.1509090909
10.185
11.575
11.2983333333
11.4416666667
11.7516666667
10.2203389831
9.60333333333
12.9192982456
--END OF 1--
18.6183333333
15.4883333333
14.6237288136
15.4033333333
15.76
15.3766666667
14.825
14.8716666667
14.735
15.075
16.1783333333
15.0983050847
14.5566666667
14.6133333333
14.3566666667
15.2883333333
15.465
14.5216666667
15.745
17.9627118644
15.8733333333
15.49
13.9433333333
14.685
14.69
13.8083333333
15.2933333333
14.4372881356
14.415
15.515
15.045
14.4083333333
15.1316666667
14.5766666667
15.0533333333
16.6483333333
15.406779661
15.69
15.015
16.4616666667
15.4706896552
15.2
14.3666666667
14.71
15.52
14.215
14.2016666667
14.37
16.4338983051
15.2433333333
15.9083333333
15.7945454545
14.1066666667
14.1316666667
15.1616666667
15.0766666667
14.12
13.9728813559
14.0083333333
17.5947368421
--END OF 2--
