19.1183333333
19.0166666667
21.1066666667
19.4466666667
19.4133333333
19.62
21.1366666667
19.3355932203
20.43
20.1033333333
19.7233333333
21.1116666667
20.2566666667
19.6283333333
19.9466666667
20.9440677966
19.515
20.0066666667
20.3966666667
21.625
19.8716666667
20.4266666667
20.2383333333
21.475
20.0762711864
20.7016666667
22.3866666667
20.835
20.525
22.0148148148
19.5796610169
18.6866666667
18.9033333333
19.295
17.6789473684
18.1183333333
17.8333333333
18.275
18.025
18.6083333333
20.1333333333
22.4847457627
20.5983333333
18.5466666667
20.0566666667
20.82
20.57
20.6016666667
21.875
22.2237288136
21.1283333333
19.5983333333
19.665
21.6016666667
21.8016666667
19.6216666667
20.9576271186
22.8866666667
21.9133333333
19.8807017544
--END OF 1--
25.8883333333
23.1866666667
23.2
22.7383333333
21.6016666667
22.34
24.2083333333
22.106779661
23.8883333333
22.3033333333
23.6416666667
24.8666666667
24.365
22.69
23.84
23.6254237288
22.2183333333
24.1316666667
23.7666666667
25.3283333333
25.5233333333
22.16
22.9233333333
23.9083333333
26.3
24.095
25.4233333333
23.8366666667
23.0133333333
25.5037037037
22.8983050847
21.835
23.32
23.5383333333
20.1298245614
21.0266666667
21.52
23.6883333333
23.4866666667
22.06
23.6783333333
26.3847457627
24.0033333333
25.0833333333
25.7316666667
24.9166666667
23.8433333333
23.905
23.7433333333
25.1610169492
24.435
22.5916666667
23.5266666667
27.8633333333
24.92
22.8383333333
24.6474576271
26.975
26.1066666667
23.9824561404
--END OF 2--
