9.305
9.2649122807
9.12
9.19
9.42333333333
8.73275862069
9.96779661017
8.78166666667
9.63220338983
10.0224137931
9.68
9.41960784314
9.41929824561
9.85833333333
9.15263157895
9.70833333333
9.19830508475
9.58103448276
8.53
9.11052631579
8.40169491525
8.84464285714
9.14576271186
9.31228070175
10.2535714286
9.46271186441
8.9962962963
10.0677966102
10.7916666667
8.42413793103
8.87169811321
9.0813559322
9.485
8.75333333333
7.73333333333
9.27627118644
7.865
9.44237288136
8.28
8.42542372881
8.9
8.13220338983
7.525
8.62711864407
8.57166666667
7.555
7.62833333333
8.035
8.075
7.49833333333
8.26101694915
8.57
8.115
8.18035714286
7.30166666667
8.32372881356
8.68490566038
8.485
8.53090909091
10.1945454545
--END OF 1--
14.3383333333
12.5631578947
13.5316666667
14.1483333333
13.3583333333
13.3862068966
13.8118644068
12.5033333333
13.1813559322
13.1396551724
13.92
12.9098039216
12.8719298246
13.5433333333
12.6859649123
14.93
13.9288135593
12.9534482759
12.0766666667
12.4245614035
12.5152542373
12.4285714286
12.4016949153
12.5894736842
12.9607142857
13.3423728814
13.3074074074
13.313559322
14.0666666667
12.8034482759
12.779245283
13.1338983051
13.215
12.3616666667
13.11
13.0745762712
11.915
12.2644067797
12.16
13.5305084746
12.18
12.1406779661
12.5733333333
12.5152542373
12.1766666667
12.3516666667
12.5166666667
12.81
12.6533333333
12.0016666667
14.9084745763
12.6383333333
12.6833333333
13.4767857143
12.8433333333
13.0355932203
13.4622641509
12.4666666667
12.1745454545
15.5163636364
--END OF 2--
