9.465
8.89166666667
10.06
9.75333333333
10.0616666667
10.5533333333
9.965
10.7716666667
10.5372881356
10.0533333333
9.50166666667
11.0566666667
10.2316666667
10.0333333333
10.9733333333
11.7916666667
10.7542372881
11.3016666667
11.04
10.0733333333
10.63
11.7516666667
10.6066666667
11.3933333333
10.7516666667
11.0084745763
9.815
11.8483333333
12.0583333333
10.57
10.1366666667
11.8466666667
11.385
9.92203389831
11.27
11.8333333333
11.9266666667
10.165
11.2783333333
11.4716666667
11.4233333333
11.2366666667
11.0983050847
10.8233333333
10.1322033898
10.895
10.3233333333
10.5583333333
10.9533333333
9.775
9.5593220339
10.905
11.0466666667
10.1533333333
10.7983333333
10.885
11.0383333333
10.5483333333
10.17
10.4298245614
--END OF 1--
13.8183333333
14.1233333333
14.3283333333
13.2533333333
14.045
16.16
14.5083333333
15.2783333333
14.0474576271
14.405
13.9516666667
14.345
14.3716666667
16.08
15.4016666667
13.855
14.0406779661
15.5633333333
17.1016666667
16.1766666667
14.7816666667
15.8783333333
15.2933333333
15.2916666667
14.6533333333
15.4220338983
15.2833333333
15.8416666667
15.7133333333
15.0633333333
15.7366666667
16.0766666667
14.1116666667
15.4203389831
15.11
14.495
14.355
13.8733333333
14.6216666667
15.8033333333
17.1683333333
15.145
16.6559322034
20.0683333333
14.2644067797
14.9916666667
14.0466666667
15.5116666667
15.2066666667
15.145
14.5101694915
15.45
15.6666666667
15.435
14.7666666667
17.0316666667
15.5183333333
15.065
15.2883333333
14.2824561404
--END OF 2--
