11.1220338983
10.59
11.465
10.4966666667
11.1883333333
11.74
12.3733333333
11.105
11.1288135593
11.5816666667
11.045
11.2666666667
10.4533333333
11.3666666667
11.7516666667
11.055
11.1457627119
11.81
11.1933333333
11.9866666667
12.4216666667
10.74
12.675
11.1
11.3355932203
11.12
11.685
12.0133333333
11.3083333333
11.6833333333
11.32
11.765
12.086440678
12.1431034483
10.455
12.34
11.4433333333
11.375862069
12.5583333333
11.985
11.9166666667
11.5762711864
11.4516666667
10.2766666667
12.27
12.32
12.06
11.125
11.5866666667
12.5440677966
12.0616666667
11.9833333333
11.16
11.1166666667
12.7728813559
11.1016666667
11.5783333333
12.025
11.2516666667
10.1413793103
--END OF 1--
13.9118644068
14.5366666667
15.4083333333
14.375
14.4633333333
15.485
15.5566666667
14.77
14.7101694915
13.8933333333
14.1316666667
13.9983333333
13.9266666667
15.63
15.975
15.3033333333
14.2322033898
14.845
14.4866666667
15.4333333333
14.7066666667
13.6616666667
15.0083333333
15.69
15.513559322
13.6483333333
13.965
14.255
14.43
14.5383333333
13.8966666667
13.8416666667
17.0288135593
15.9689655172
13.7233333333
15.0916666667
15.3116666667
15.7862068966
15.67
14.435
14.8233333333
14.0898305085
14.28
13.5216666667
14.4783333333
14.585
14.6
14.63
14.6416666667
15.1423728814
15.18
14.7883333333
14.7983333333
14.39
17.0457627119
14.8266666667
14.3716666667
15.0633333333
15.6516666667
14.7189655172
--END OF 2--
