17.4916666667
16.2288135593
17.1915254237
16.1883333333
17.106779661
18.7610169492
16.3566666667
17.3316666667
17.085
15.44
15.3116666667
15.4983050847
16.345
17.7866666667
16.7888888889
15.535
15.9017241379
17.0789473684
16.6719298246
17.1322033898
17.8816666667
15.575
14.8593220339
18.4216666667
17.0965517241
15.1783333333
16.3355932203
15.9533333333
16.0083333333
16.386
15.4694915254
16.3090909091
16.8614035088
16.4066666667
15.1583333333
17.075862069
17.5271186441
16.7089285714
17.0607843137
17.0907407407
15.7107142857
15.6316666667
15.54
15.0423728814
16.8350877193
15.0677966102
14.4416666667
15.1133333333
16.2816666667
16.2016666667
17.4586206897
17.1884615385
17.6183333333
16.2677966102
15.3083333333
16.0783333333
18.1644067797
15.0333333333
15.1066666667
15.0689655172
--END OF 1--
21.9166666667
21.2711864407
19.7915254237
19.945
20.6016949153
20.5525423729
19.6166666667
22.3366666667
22.2333333333
20.29
19.51
22.6661016949
21.0433333333
21.01
22.3574074074
20.4583333333
19.575862069
20.1842105263
19.4385964912
21.4542372881
22.69
21.5785714286
21.1796610169
23.4966666667
20.325862069
18.4266666667
19.9237288136
19.1783333333
19.6316666667
22.526
20.3254237288
19.6309090909
19.8298245614
21.7733333333
20.0116666667
20.3396551724
20.0762711864
19.9892857143
21.3745098039
20.2685185185
18.5910714286
19.6516666667
20.7333333333
20.1237288136
19.5385964912
19.2762711864
19.295
19.5216666667
20.1216666667
21.7566666667
20.4431034483
19.6634615385
20.1583333333
20.1847457627
18.255
20.0083333333
22.3694915254
19.7583333333
19.3466666667
20.0637931034
--END OF 2--
