14.0666666667
14.28
13.9516666667
13.7120689655
13.0133333333
14.1482758621
14.0423728814
13.8683333333
13.6333333333
13.3779661017
12.9169491525
12.9559322034
13.0322033898
13.8833333333
14.9724137931
14.2728813559
13.4473684211
13.9583333333
12.5816666667
12.9833333333
15.6266666667
13.8166666667
12.9525423729
12.1683333333
14.1490909091
13.9833333333
12.445
13.825862069
15.1016666667
15.4916666667
14.706779661
14.2466666667
14.505
14.0101694915
13.1661016949
12.4316666667
11.5879310345
12.7517241379
14.7033898305
12.4616666667
14.2266666667
14.29
12.6683333333
12.305
13.3875
14.3083333333
14.7
13.97
12.9066666667
13.7355932203
13.6355932203
13.4709090909
13.5616666667
13.13
13.8305084746
13.2433333333
11.7947368421
14.6474576271
14.6508474576
12.9596491228
--END OF 1--
19.515
18.085
19.5216666667
17.0137931034
16.3666666667
16.6862068966
16.9355932203
18.1483333333
17.7631578947
17.0169491525
16.9457627119
17.5203389831
18.0101694915
18.42
17.8706896552
16.9694915254
18.0087719298
18.5566666667
17.2766666667
16.1016666667
18.1833333333
19.0266666667
17.5118644068
17.5166666667
17.3781818182
18.1633333333
17.2433333333
17.7586206897
17.8266666667
19.285
18.4762711864
17.5766666667
17.935
17.7949152542
16.5423728814
15.9766666667
16.5896551724
16.9862068966
18.2389830508
16.48
17.8883333333
18.1216666667
17.9883333333
17.7866666667
17.0910714286
18.8
18.4233333333
16.5066666667
15.73
15.7644067797
16.9644067797
16.7127272727
17.6183333333
18.5033333333
16.7305084746
16.6283333333
17.8964912281
17.7474576271
17.8101694915
18.6175438596
--END OF 2--
