11.3050847458
10.3583333333
9.01833333333
10.6116666667
10.0766666667
10.2316666667
9.01896551724
8.83333333333
8.56271186441
9.03833333333
10.155
10.3525423729
8.68333333333
9.70666666667
10.0133333333
9.92333333333
9.38666666667
9.24166666667
9.98333333333
10.9033898305
10.5866666667
10.0333333333
10.21
10.6316666667
10.5066666667
10.8783333333
10.6716666667
10.16
9.56428571429
9.86333333333
10.245
9.49333333333
10.105
9.37288135593
10.0966666667
9.865
11.3983333333
10.1883333333
10.58
10.59
10.0083333333
9.825
10.5593220339
10.8166666667
10.91
10.48
10.485
10.0783333333
10.0383333333
9.94
10.4050847458
10.1516666667
9.92
10.98
9.85333333333
9.85166666667
10.675
10.0333333333
9.43728813559
10.2280701754
--END OF 1--
15.0661016949
14.105
13.8566666667
14.2233333333
14.2
14.5416666667
14.1
12.5066666667
13.5898305085
14.175
14.8783333333
15.886440678
15.225
14.4183333333
13.4933333333
14.13
14.1983333333
13.3283333333
14.0666666667
14.5813559322
13.9516666667
14.1333333333
13.8833333333
14.425
15.4316666667
14.88
14.4666666667
14.4083333333
13.2017857143
13.69
13.4083333333
13.3333333333
14.1683333333
13.9406779661
13.6983333333
13.795
15.0533333333
13.605
14.38
14.875
13.7
13.0516666667
13.5203389831
14.0316666667
14.69
13.9116666667
13.265
14.1983333333
13.9916666667
13.6
14.5203389831
14.3483333333
13.8266666667
15.8633333333
14.8616666667
14.1066666667
13.82
13.8666666667
13.9084745763
13.5807017544
--END OF 2--
