10.0183333333
10.38
11.3457627119
11.11
10.655
10.2966666667
8.72666666667
9.21355932203
9.64137931034
8.70508474576
7.915
8.66
9.785
10.865
11.1083333333
9.965
10.2220338983
9.81333333333
11.3833333333
11.2066666667
11.6016666667
11.2066666667
11.6233333333
10.9066666667
10.42
11.0220338983
11.1216666667
11.7483333333
11.7733333333
12.6033333333
11.0383333333
11.8716666667
10.2733333333
11.3633333333
10.1677966102
10.05
10.5866666667
11.4716666667
11.3466666667
11.73
11.1186440678
10.6333333333
12.0773584906
11.9593220339
11.7866666667
10.7416666667
10.6883333333
11.48
10.3683333333
9.56
10.54
11.2169491525
10.85
10.87
12.06
11.0116666667
10.4716666667
9.94
10.2316666667
11.6327272727
--END OF 1--
14.9683333333
14.2283333333
14.8186440678
14.8083333333
13.6783333333
13.265
13.3183333333
13.3728813559
13.7362068966
13.3118644068
12.8533333333
13.465
14.5033333333
13.765
14.2583333333
13.6116666667
14.7745762712
14.145
15.8466666667
14.8516666667
14.68
17.9933333333
16.9166666667
15.2983333333
14.22
18.6355932203
16.525
17.0633333333
17.5116666667
15.945
14.6083333333
16.0383333333
16.9366666667
15.4133333333
17.6220338983
15.23
14.47
15.975
16.21
16.185
14.9254237288
15.9166666667
16.7018867925
17.9152542373
15.8016666667
15.0
14.575
15.1533333333
13.5316666667
13.8133333333
14.985
15.2762711864
14.5183333333
13.8566666667
14.82
14.0333333333
14.9916666667
13.6466666667
13.325
14.7563636364
--END OF 2--
