45.1416666667
45.78
44.9233333333
44.0677966102
41.2766666667
45.4566666667
40.0283333333
38.7133333333
37.8533333333
42.6683333333
42.12
41.0116666667
40.6627118644
39.77
41.135
39.1666666667
37.6166666667
36.1465517241
34.9288135593
35.6533333333
33.36
34.8627118644
33.0516666667
32.6216666667
34.1491525424
32.28
29.71
27.0783333333
30.4816666667
28.7916666667
27.45
28.35
29.2050847458
28.6366666667
26.7633333333
26.3766666667
27.9383333333
29.2866666667
27.085
28.5633333333
27.8593220339
26.8116666667
26.385
23.8866666667
25.5733333333
26.815
25.6566666667
25.6916666667
27.3516666667
24.5474576271
24.8716666667
27.3666666667
22.9966666667
23.065
25.2583333333
24.9116666667
23.72
22.6745762712
23.0316666667
46.7070175439
--END OF 1--
59.6516666667
59.1433333333
57.5966666667
59.2796610169
52.9416666667
52.0683333333
50.5066666667
48.865
48.5233333333
51.7316666667
50.24
50.88
49.9457627119
48.2483333333
50.0866666667
48.4616666667
45.0883333333
41.6344827586
41.1322033898
46.69
39.145
43.7779661017
40.8966666667
39.605
42.6152542373
37.9
37.6316666667
37.3583333333
37.6133333333
33.9716666667
34.615
35.7583333333
36.5677966102
37.57
33.5383333333
30.7633333333
32.78
38.1866666667
35.0816666667
36.7816666667
33.3203389831
32.06
32.6433333333
32.8616666667
39.9
34.95
30.115
33.26
36.2416666667
31.593220339
30.4966666667
32.835
29.6966666667
29.525
30.8633333333
32.4366666667
29.0533333333
27.2254237288
28.7616666667
60.2578947368
--END OF 2--
