9.17166666667
9.27288135593
8.54576271186
8.96833333333
10.4883333333
9.945
10.4816666667
9.37796610169
7.87627118644
9.25593220339
10.1966666667
9.37966101695
8.4775862069
9.93833333333
7.58813559322
9.03333333333
9.975
9.97
8.73833333333
9.895
11.015
9.76
10.1133333333
7.72203389831
7.25833333333
8.53559322034
9.58666666667
10.0766666667
8.655
8.59491525424
9.38392857143
9.885
9.24666666667
8.7275862069
8.785
8.04333333333
8.36166666667
9.01333333333
9.17254901961
8.21694915254
9.39666666667
10.4525423729
9.06481481481
9.38679245283
11.0116666667
9.68305084746
9.40833333333
8.87966101695
7.56
8.14833333333
8.80847457627
9.535
8.98833333333
8.22586206897
9.20769230769
8.28545454545
9.01525423729
8.24655172414
9.77833333333
8.65535714286
--END OF 1--
14.2183333333
17.406779661
14.8186440678
15.375
18.4583333333
15.8866666667
14.5233333333
14.1389830508
12.7593220339
15.6050847458
14.7133333333
13.6847457627
13.8482758621
14.9533333333
13.3423728814
15.0416666667
15.18
14.1966666667
14.1733333333
14.195
15.5416666667
15.0016666667
14.2716666667
14.0271186441
13.4833333333
13.9254237288
15.325
15.605
15.405
12.3847457627
15.3982142857
16.7133333333
15.42
13.6310344828
14.7733333333
14.7983333333
14.5366666667
13.21
12.7862745098
14.513559322
15.32
16.706779661
14.1037037037
16.0320754717
14.33
13.3576271186
12.4066666667
15.1305084746
13.9783333333
14.7716666667
13.8440677966
13.825
15.2366666667
14.4293103448
15.875
13.4872727273
14.1305084746
14.35
14.8916666667
14.1589285714
--END OF 2--
