23.97
22.6566666667
24.3833333333
23.8316666667
23.8016666667
25.3483333333
25.92
23.7966101695
24.0116666667
23.95
24.5683333333
24.9983333333
25.8033333333
25.22
24.3083333333
25.1288135593
24.6183333333
23.6166666667
24.42
25.12
26.2116666667
22.495
24.8583333333
24.7762711864
25.1866666667
23.4316666667
24.02
26.2616666667
25.49
22.18
21.72
23.0050847458
23.4316666667
24.48
23.62
24.765
24.385
26.9666666667
25.2733333333
24.586440678
22.8783333333
23.2783333333
24.4783333333
24.095
26.1133333333
23.01
22.1083333333
24.6830508475
24.315
24.5933333333
23.9866666667
24.38
23.7816666667
22.3783333333
23.5333333333
23.2066666667
24.4593220339
23.7766666667
22.865
22.6438596491
--END OF 1--
26.9433333333
28.9883333333
28.7683333333
29.4366666667
27.76
30.3533333333
30.3233333333
27.993220339
25.805
27.75
29.8216666667
28.1566666667
30.8166666667
29.6283333333
29.365
29.8728813559
29.21
28.0566666667
28.2016666667
29.695
29.1933333333
30.9483333333
29.665
32.206779661
33.9583333333
27.4733333333
29.7133333333
30.0333333333
28.2916666667
25.745
26.4216666667
26.4525423729
31.0083333333
31.3066666667
30.2116666667
31.6683333333
29.7166666667
31.0083333333
29.8166666667
27.7457627119
27.045
26.9333333333
28.9716666667
25.9016666667
31.2483333333
28.3316666667
28.5566666667
28.3983050847
30.8933333333
29.4566666667
26.05
27.1383333333
28.0116666667
27.4183333333
26.9616666667
28.5933333333
29.7762711864
28.9466666667
28.94
27.2333333333
--END OF 2--
