13.8316666667
14.8016666667
14.255
15.31
13.4733333333
11.1275862069
11.3277777778
11.6418181818
12.1406779661
11.4037037037
11.1133333333
11.1689655172
11.86
11.405
12.12
12.3716666667
13.5183333333
12.3216666667
12.4830508475
11.9116666667
11.4403508772
12.8666666667
11.8288135593
11.7766666667
10.97
10.413559322
12.1982758621
11.555
10.3916666667
12.08
10.955
11.4576271186
10.2966666667
11.5137931034
11.1745762712
10.2233333333
10.0816666667
10.065
10.675
10.2576271186
10.0416666667
9.83275862069
9.48333333333
10.2483333333
9.16833333333
9.37118644068
9.62
10.0616666667
9.735
9.505
9.88833333333
9.68166666667
10.5448275862
8.66379310345
10.45
11.1898305085
8.675
9.01186440678
10.1516666667
15.7431034483
--END OF 1--
18.615
22.1533333333
21.56
21.965
19.2483333333
16.5862068966
17.1814814815
17.2690909091
16.0288135593
17.0518518519
16.16
16.0327586207
18.37
18.39
18.63
20.4966666667
17.4266666667
19.4116666667
17.9491525424
16.3183333333
16.3298245614
18.205
19.2203389831
16.7883333333
17.0966666667
17.5881355932
16.8396551724
16.2183333333
15.6466666667
15.9866666667
14.4983333333
15.6338983051
14.7533333333
16.5086206897
16.1186440678
15.3433333333
14.8233333333
14.9166666667
16.4288461538
15.5559322034
14.7966666667
16.5810344828
15.5
15.78
14.6266666667
15.7576271186
16.4133333333
14.8933333333
15.4633333333
15.9083333333
14.9266666667
14.8333333333
15.9862068966
14.4568965517
15.5879310345
18.3372881356
14.64
14.7644067797
15.5866666667
20.225862069
--END OF 2--
