10.01
8.635
9.14237288136
9.35254237288
9.79333333333
10.1166666667
9.83559322034
9.45
10.075
8.84
8.165
10.365
10.5084745763
9.24166666667
11.0916666667
9.47547169811
9.47457627119
10.6333333333
11.025
11.12
9.92
10.8383333333
9.92586206897
10.2118644068
9.48333333333
8.96166666667
9.39183673469
9.885
10.2596491228
9.705
8.60847457627
9.55333333333
10.02
9.21833333333
9.60517241379
9.51694915254
9.4724137931
10.1830508475
9.05
9.38474576271
8.74237288136
8.51694915254
10.1183333333
8.82166666667
9.36666666667
7.46833333333
8.19166666667
7.37
8.70169491525
8.265
8.61833333333
8.44833333333
6.63166666667
7.535
8.42
7.84833333333
8.8186440678
8.885
9.45
11.1140350877
--END OF 1--
12.085
13.0266666667
13.0525423729
13.013559322
12.9516666667
13.1766666667
13.4033898305
11.8233333333
14.305
12.655
11.945
12.0316666667
11.8542372881
11.5483333333
11.9033333333
12.3754716981
14.1254237288
14.6933333333
13.11
13.5416666667
12.6527272727
13.9083333333
12.4431034483
11.9406779661
12.6518518519
11.3866666667
12.1836734694
12.615
12.150877193
11.7883333333
11.7423728814
12.31
12.2818181818
11.8016666667
13.6275862069
12.386440678
12.1517241379
13.2491525424
13.224137931
12.4491525424
12.0169491525
12.7305084746
13.0566666667
11.215
11.185
11.005
11.605
10.9466666667
11.8322033898
11.94
12.06
12.0583333333
11.0633333333
11.21
11.6516666667
11.0783333333
11.8101694915
11.905
14.05
13.749122807
--END OF 2--
