11.5216666667
10.435
10.6866666667
10.255
11.545
11.065
11.92
11.2288135593
12.0816666667
11.575
8.93666666667
10.0783333333
10.5233333333
10.3166666667
9.8593220339
10.7483333333
8.61525423729
9.48666666667
9.55
9.4186440678
9.97666666667
10.475
11.11
8.83166666667
10.5383333333
11.0133333333
10.8666666667
10.8440677966
12.1283333333
10.9233333333
11.885
10.965
12.0683333333
11.52
11.9866666667
12.0083333333
10.5372881356
10.9033333333
12.3066666667
11.6166666667
11.4733333333
12.5783333333
11.9333333333
9.85333333333
10.2
9.57666666667
10.115
9.91666666667
10.0216666667
9.74545454545
11.0288135593
9.64166666667
10.7118644068
10.2362068966
8.9537037037
10.5483333333
10.3612244898
11.0966666667
10.306779661
11.6719298246
--END OF 1--
12.5883333333
13.86
13.6833333333
14.4333333333
14.5383333333
13.7033333333
13.1883333333
12.386440678
12.905
13.3133333333
12.41
12.715
12.3733333333
13.445
12.2
14.4566666667
13.5576271186
14.83
12.6433333333
15.3576271186
14.0966666667
12.8466666667
13.2383333333
11.99
13.5716666667
13.025
13.1266666667
12.7016949153
14.8133333333
13.1716666667
12.9616666667
12.6133333333
13.305
12.3633333333
13.5733333333
14.53
13.4254237288
12.9166666667
13.7366666667
13.1883333333
13.0716666667
15.59
12.8833333333
13.1116666667
12.7610169492
14.0716666667
12.595
12.2016666667
12.8133333333
12.4127272727
12.7288135593
13.33
13.113559322
12.7775862069
12.5277777778
12.8233333333
11.8204081633
12.9033333333
12.7745762712
14.1228070175
--END OF 2--
