7.58166666667
7.11525423729
8.0
9.35333333333
9.37333333333
8.80333333333
7.83728813559
8.18965517241
8.18965517241
8.22833333333
9.115
8.99811320755
7.82068965517
8.53666666667
7.68
7.34833333333
7.70338983051
8.845
10.9224137931
9.44237288136
8.29333333333
8.89122807018
8.375
8.41724137931
8.71929824561
8.11379310345
8.98644067797
9.19833333333
8.42033898305
8.71355932203
8.65254237288
7.19166666667
7.78333333333
8.69166666667
8.30333333333
9.42033898305
8.79152542373
9.86333333333
8.31833333333
9.34
9.0275862069
8.44035087719
8.52166666667
9.49833333333
9.76610169492
9.39833333333
9.62105263158
9.50847457627
9.495
9.21833333333
9.22452830189
9.485
9.84666666667
8.38245614035
7.9
8.30333333333
9.06333333333
9.37666666667
9.87666666667
6.69310344828
--END OF 1--
15.1383333333
14.8322033898
14.3016949153
15.95
15.3733333333
13.8783333333
14.6406779661
14.275862069
14.8568965517
14.7666666667
15.1216666667
16.541509434
13.974137931
14.4716666667
12.4633333333
12.5566666667
13.3644067797
14.0816666667
17.9413793103
15.4
12.6016666667
13.2298245614
12.95
14.3603448276
14.2403508772
13.1137931034
14.5762711864
15.1583333333
13.4593220339
13.3508474576
13.1372881356
12.0666666667
12.5466666667
14.665
15.8266666667
14.1694915254
14.1423728814
14.9633333333
12.3733333333
13.965
17.9327586207
14.2771929825
13.7566666667
14.9083333333
13.6152542373
15.8216666667
17.3192982456
15.1355932203
14.905
14.53
15.3245283019
17.045
14.2033333333
13.7947368421
12.9232142857
15.77
14.1283333333
14.0066666667
15.1783333333
14.0137931034
--END OF 2--
