25.4966666667
24.0833333333
23.3383333333
23.8423728814
23.5833333333
24.7833333333
22.5542372881
23.8383333333
24.2576271186
24.585
23.7016666667
23.2716666667
23.9766666667
24.815
26.2683333333
24.8833333333
24.5881355932
23.6783333333
24.8866666667
24.775
24.4683333333
24.0583333333
25.285
24.7666666667
23.7016949153
23.7866666667
25.2983333333
24.42
22.6283333333
24.2133333333
23.45
26.0316666667
24.9796610169
24.6083333333
24.725
22.5433333333
24.1266666667
25.2483333333
24.5116666667
25.6583333333
24.0711864407
21.4083333333
24.825
24.7916666667
25.4666666667
22.8516666667
22.33
23.99
25.4491525424
24.0216666667
22.6216666667
22.7066666667
23.32
24.4433333333
24.5766666667
21.9816666667
22.7186440678
24.5466666667
22.4283333333
23.7844827586
--END OF 1--
31.35
27.0533333333
25.3033333333
26.0237288136
25.7583333333
26.7566666667
24.2457627119
25.7766666667
27.1338983051
27.0366666667
25.7216666667
25.8783333333
26.1616666667
26.1333333333
29.1583333333
27.155
26.6355932203
27.925
27.285
26.9016666667
26.385
25.8166666667
28.0966666667
27.2083333333
29.4525423729
28.93
29.7016666667
30.885
24.6833333333
28.585
26.4666666667
28.8716666667
27.7508474576
26.075
27.0516666667
24.2366666667
25.4166666667
28.4533333333
28.685
30.72
27.1576271186
24.435
29.0516666667
26.5166666667
33.2516666667
28.2616666667
29.7366666667
26.2333333333
27.3372881356
28.5233333333
25.3383333333
25.4083333333
28.13
26.6483333333
26.96
26.75
29.0593220339
32.03
26.2566666667
26.4655172414
--END OF 2--
