8.24
8.765
8.78166666667
8.62542372881
7.245
7.84166666667
9.09166666667
7.825
7.21833333333
8.15833333333
7.95333333333
7.33220338983
8.25333333333
8.83833333333
7.685
8.45166666667
7.54
7.92
8.61
8.49152542373
7.56
7.25333333333
8.275
6.55
8.12166666667
8.45
8.05
8.36333333333
8.44237288136
8.22333333333
8.98833333333
7.66166666667
8.01166666667
8.76666666667
8.79166666667
8.58666666667
8.53898305085
8.87166666667
8.33
8.9
7.65166666667
8.36610169492
7.165
8.09666666667
9.03559322034
8.185
9.46333333333
9.8406779661
9.95892857143
9.15084745763
8.86833333333
9.16166666667
7.89666666667
8.275
8.225
9.14482758621
8.41052631579
9.38166666667
9.45084745763
7.88793103448
--END OF 1--
12.115
12.0266666667
11.7533333333
12.5
11.655
12.08
12.735
11.6233333333
11.685
12.07
12.3183333333
12.5118644068
12.055
13.3016666667
12.7966666667
11.8316666667
11.6983333333
12.1833333333
12.655
12.0762711864
11.12
11.0233333333
11.8666666667
11.445
11.6383333333
11.8533333333
12.1033333333
11.9466666667
12.2389830508
11.7733333333
11.8583333333
12.6483333333
12.43
12.8483333333
11.915
12.6266666667
12.7050847458
12.23
12.6866666667
13.0298245614
12.6016666667
13.3237288136
11.9866666667
11.9883333333
12.3728813559
13.3633333333
14.3466666667
13.5389830508
12.4375
11.9322033898
11.97
12.9183333333
12.2816666667
11.7066666667
11.9616666667
12.5586206897
13.0877192982
13.5183333333
13.0084745763
12.5517241379
--END OF 2--
