8.56
7.44
6.68833333333
7.32
7.51525423729
6.20166666667
6.685
7.08
7.67333333333
7.27
7.22
6.70166666667
7.16101694915
8.35666666667
8.28333333333
7.82166666667
7.95666666667
7.325
7.9
6.64166666667
5.75593220339
7.545
8.06666666667
8.055
7.275
6.72833333333
5.55
5.33
6.83728813559
6.515
6.32333333333
6.40166666667
7.00166666667
6.08333333333
6.58666666667
7.08833333333
6.98305084746
7.465
6.30833333333
5.71333333333
7.13
7.09
8.06333333333
7.695
6.98813559322
6.84166666667
7.43333333333
7.175
7.77166666667
7.12
7.06
6.89
8.32542372881
8.27
7.36666666667
7.13166666667
7.62833333333
7.455
7.86833333333
7.81052631579
--END OF 1--
11.5466666667
11.0116666667
11.26
11.7983333333
11.7203389831
10.7216666667
10.925
11.9566666667
11.8083333333
11.5566666667
11.145
10.9433333333
11.286440678
12.4133333333
11.4866666667
11.5216666667
10.99
11.0566666667
11.365
11.1033333333
10.2372881356
10.8416666667
11.335
11.7133333333
11.5016666667
10.9016666667
10.475
10.9816666667
10.9203389831
11.0483333333
11.2966666667
10.76
11.6883333333
11.3516666667
11.1466666667
11.0366666667
11.5423728814
11.3316666667
10.965
10.8583333333
11.2466666667
11.3866666667
12.0483333333
11.9716666667
10.8203389831
11.35
11.525
11.6666666667
11.5533333333
11.015
11.09
11.45
11.4406779661
11.855
11.5616666667
11.7783333333
11.8983333333
11.6816666667
11.4683333333
11.3421052632
--END OF 2--
