14.6983333333
14.9316666667
16.7166666667
16.9382978723
15.7915254237
15.38
14.245
14.0203389831
16.7596491228
15.1946428571
14.2406779661
16.065
15.8316666667
15.595
15.4983050847
14.9233333333
16.6982142857
16.9192307692
15.285
16.2551724138
16.8271186441
15.4406779661
16.075
16.198245614
16.05
16.2728813559
16.2383333333
15.2
14.4383333333
15.1491525424
17.350877193
16.613559322
15.665
16.0896551724
14.8766666667
15.2266666667
15.025
15.175
15.6783333333
15.2474576271
15.5266666667
14.6616666667
15.885
14.295
15.6366666667
15.4216666667
16.1966666667
14.8233333333
14.1457627119
14.7561403509
13.9910714286
14.3833333333
16.0166666667
15.2516666667
16.9981132075
15.94
14.1120689655
15.8
16.2440677966
15.1481481481
--END OF 1--
19.3516666667
19.015
20.5483333333
20.8531914894
19.0237288136
18.9166666667
18.8116666667
17.486440678
19.8754385965
17.5767857143
16.4728813559
19.9533333333
19.9683333333
19.29
18.7186440678
18.73
20.9142857143
19.4903846154
19.2716666667
19.7189655172
19.7881355932
19.3949152542
19.3283333333
20.1298245614
19.0766666667
19.7372881356
20.2883333333
21.4
18.9966666667
19.5406779661
19.4964912281
17.9542372881
19.71
20.3327586207
19.2916666667
19.7433333333
20.3116666667
19.6483333333
19.3383333333
18.7627118644
19.8766666667
19.8383333333
19.9416666667
18.56
18.355
20.2983333333
20.3
18.7366666667
17.4983050847
17.9456140351
17.5785714286
17.8
20.0
21.0316666667
21.1603773585
20.7563636364
17.8551724138
18.7833333333
19.7389830508
18.3759259259
--END OF 2--
