9.16842105263
9.61525423729
9.35166666667
8.465
9.00517241379
9.38
9.71333333333
8.99821428571
9.32166666667
9.50338983051
9.02
9.57413793103
9.42631578947
7.74
8.49333333333
9.825
8.67966101695
7.79666666667
8.745
9.25333333333
8.85166666667
8.72372881356
9.91754385965
9.13050847458
10.0233333333
9.74385964912
9.38833333333
9.71206896552
10.37
11.1733333333
10.7183333333
10.8377358491
8.935
9.40847457627
9.34915254237
8.28666666667
9.22727272727
8.22833333333
9.38421052632
8.20666666667
9.45166666667
9.89
8.27884615385
9.02542372881
8.83793103448
8.85517241379
8.55084745763
9.55172413793
8.82
8.30172413793
9.7775862069
9.75614035088
9.96296296296
9.24833333333
9.09642857143
8.76666666667
8.01
8.83666666667
9.50166666667
9.33818181818
--END OF 1--
12.849122807
11.9728813559
11.6683333333
11.645
14.05
14.315
11.6233333333
12.6321428571
14.355
11.5745762712
11.3266666667
11.9224137931
12.1964912281
11.0816666667
12.1366666667
14.2616666667
11.9372881356
10.34
10.6933333333
12.2133333333
11.7566666667
12.3440677966
11.8087719298
12.5440677966
13.5416666667
13.601754386
10.81
12.0310344828
14.7516666667
14.1883333333
11.6866666667
12.3962264151
11.6883333333
12.7745762712
12.2305084746
13.0683333333
12.3981818182
10.9716666667
13.1929824561
11.8283333333
12.255
11.6683333333
13.0230769231
11.4288135593
12.6327586207
13.0310344828
11.7118644068
12.4465517241
11.8983333333
12.5310344828
11.9155172414
12.4473684211
12.0055555556
13.8433333333
14.1017857143
11.3883333333
10.8516666667
17.465
14.7633333333
13.7654545455
--END OF 2--
