16.7620689655
16.8555555556
17.6491525424
17.1907407407
18.9516666667
18.6830508475
16.5327272727
18.2948275862
19.19
19.0216666667
17.7728813559
16.6196428571
17.5692307692
17.7431034483
18.495
16.8596491228
17.1647058824
18.55
19.7152542373
18.505
18.9666666667
16.8593220339
19.305
19.1
17.61
17.8101694915
19.5816666667
17.2694915254
16.5586206897
17.3189655172
16.906779661
17.1483333333
18.2881355932
17.9389830508
16.3166666667
16.8679245283
17.6859649123
18.24
19.4066666667
19.9783333333
19.4466666667
18.33
18.095
18.4847457627
18.5033333333
17.8883333333
19.26
19.5533333333
17.4866666667
17.995
18.2
18.2
17.0211538462
17.0896551724
18.115
19.2
18.8898305085
19.435
20.4116666667
18.0396551724
--END OF 1--
19.8051724138
19.7962962963
21.0389830508
22.1185185185
20.2516666667
21.7169491525
19.5072727273
19.7448275862
21.945
22.35
20.8186440678
21.0196428571
21.2096153846
20.2431034483
20.6966666667
20.0087719298
19.4960784314
21.2116666667
21.6661016949
23.02
21.37
19.5711864407
20.875
20.7616666667
20.0433333333
20.1440677966
21.7216666667
22.2711864407
19.8637931034
19.7706896552
20.2050847458
21.3983333333
20.2389830508
19.7508474576
18.585
20.1811320755
21.650877193
21.9983333333
21.1866666667
22.5383333333
20.675
20.5433333333
20.87
20.6016949153
20.56
21.71
22.5366666667
22.1016666667
20.83
21.3233333333
20.6616666667
21.7237288136
19.4307692308
20.5620689655
21.2183333333
21.0883333333
21.2711864407
20.975
21.6466666667
19.7413793103
--END OF 2--
