8.26833333333
7.79833333333
7.975
8.84406779661
8.28644067797
8.57166666667
8.135
6.8186440678
9.03666666667
7.85833333333
8.16610169492
8.41016949153
8.29833333333
8.06833333333
8.25892857143
7.57796610169
8.70508474576
8.58333333333
9.67288135593
7.97
7.83728813559
7.47666666667
8.84833333333
8.78113207547
6.97666666667
7.225
9.09166666667
9.34166666667
8.502
8.53275862069
9.18333333333
10.013559322
9.985
9.26851851852
8.99322033898
7.655
8.62333333333
9.05517241379
9.46727272727
9.3
8.60169491525
9.40175438596
8.73272727273
9.51481481481
9.33
9.06379310345
8.365
7.465
7.86166666667
8.02833333333
8.23773584906
7.56
8.92881355932
10.89
10.1220338983
8.39473684211
9.16833333333
8.05254237288
9.24137931034
8.285
--END OF 1--
12.3166666667
11.235
12.1583333333
13.1491525424
12.9084745763
11.6316666667
11.215
13.0728813559
13.3483333333
11.885
13.5559322034
13.0423728814
11.3116666667
13.285
13.3964285714
13.2254237288
13.8084745763
14.1
12.8305084746
11.7616666667
11.6593220339
11.5983333333
15.3433333333
12.2018867925
11.1533333333
12.03
12.9483333333
12.7883333333
12.634
12.6775862069
13.7483333333
12.9322033898
13.4666666667
12.4648148148
13.3457627119
12.0666666667
12.065
11.7568965517
12.4709090909
12.6157894737
12.9610169492
13.2894736842
12.8763636364
12.1
12.4466666667
13.1344827586
12.4116666667
11.6866666667
11.835
12.3566666667
13.5849056604
11.9816666667
12.093220339
13.81
13.5355932203
13.3368421053
13.48
13.1525423729
13.9637931034
12.3866666667
--END OF 2--
