15.5333333333
15.9033333333
15.9508474576
16.8383333333
15.3166666667
14.3016666667
16.6094339623
15.3233333333
15.3644067797
16.1641509434
16.4847457627
16.54
16.8561403509
16.5962264151
18.2483333333
15.9933333333
17.5566666667
17.3542372881
16.2288135593
16.7559322034
15.135
16.5466666667
15.5915254237
15.0233333333
17.2166666667
18.2416666667
15.8322033898
16.5152542373
18.0716666667
16.4698113208
17.2037735849
16.7576271186
16.5644067797
16.1266666667
17.1338983051
17.49
16.2016666667
17.9728813559
17.4389830508
17.0160714286
16.085
16.4338983051
16.345
16.3616666667
17.3052631579
17.4981132075
17.8618181818
16.8754385965
16.0929824561
17.3305084746
17.5491525424
18.9516666667
16.802
16.4206896552
16.1616666667
18.7271186441
16.2440677966
16.6483333333
17.5533333333
14.8275862069
--END OF 1--
19.21
20.3016666667
21.6491525424
21.9383333333
19.42
18.74
21.1905660377
19.5783333333
19.6711864407
20.9452830189
23.1118644068
20.7116666667
21.049122807
21.120754717
20.4966666667
18.7066666667
20.2916666667
23.4033898305
21.8016949153
22.3186440678
18.625
21.0516666667
17.6288135593
18.505
20.2933333333
19.2183333333
17.693220339
20.3406779661
21.5366666667
21.6754716981
20.4
19.2152542373
18.0084745763
19.0016666667
19.8372881356
20.215
19.725
22.4050847458
19.8593220339
18.9053571429
18.9733333333
19.5661016949
21.2166666667
19.8016666667
19.7087719298
20.8849056604
20.1218181818
19.001754386
18.4526315789
18.9508474576
21.7711864407
25.6033333333
20.63
19.8672413793
21.4066666667
21.4847457627
20.2813559322
19.44
19.97
18.6568965517
--END OF 2--
