10.7220338983
9.21166666667
8.23666666667
7.50833333333
7.51333333333
7.19166666667
5.80666666667
7.315
7.21333333333
7.49152542373
8.67833333333
8.325
9.12909090909
9.61186440678
8.56949152542
8.26
7.73461538462
7.58644067797
8.5125
8.73
8.30666666667
10.1833333333
9.03333333333
9.33214285714
9.51166666667
9.76166666667
8.435
8.70508474576
9.07457627119
8.01333333333
9.705
10.2933333333
9.02711864407
9.27796610169
9.49137931034
9.77666666667
9.17833333333
7.31833333333
9.26666666667
9.73166666667
9.44915254237
8.45
9.63333333333
9.87333333333
9.90833333333
8.94
9.24
9.55166666667
8.84655172414
8.1
7.885
8.94576271186
9.22068965517
8.88813559322
9.65423728814
9.39310344828
9.17857142857
9.74833333333
7.63793103448
10.3267857143
--END OF 1--
14.1372881356
12.84
12.6116666667
11.8966666667
12.295
12.26
11.5266666667
13.4133333333
12.405
12.5508474576
12.195
12.3716666667
12.46
13.5033898305
13.9474576271
14.4833333333
13.7807692308
13.6796610169
13.3017857143
14.215
12.905
14.6533333333
14.08
13.0232142857
14.2816666667
15.2316666667
13.2483333333
13.1305084746
13.2915254237
12.22
13.0133333333
15.2833333333
13.4237288136
13.4966101695
13.3310344828
13.69
13.125
12.8066666667
14.2916666667
13.0483333333
12.5762711864
11.8583333333
14.12
14.165
13.37
13.55
12.61
12.85
12.6844827586
12.3275862069
11.9216666667
12.6220338983
12.7172413793
13.1813559322
12.9305084746
12.8224137931
12.7892857143
13.8433333333
12.9344827586
13.4017857143
--END OF 2--
