24.0933333333
23.625
22.9694915254
23.02
23.55
22.7216666667
22.335
22.8368421053
24.0118644068
22.7016666667
22.1034482759
23.8833333333
23.7216666667
21.7125
22.4983333333
23.4916666667
23.06
20.415
22.6533333333
22.5966101695
23.7916666667
22.7383333333
22.4266666667
21.1033333333
22.375
22.1733333333
22.605
22.175
23.4830508475
22.25
21.205
21.4166666667
21.3271186441
21.8416666667
22.24
23.8266666667
22.1066666667
23.16
23.5133333333
22.8152542373
23.315
20.9316666667
23.06
23.0933333333
21.7
23.2810344828
21.8333333333
21.7762711864
23.4406779661
24.355
21.6533333333
22.0183333333
23.3816666667
20.8203389831
21.9216666667
20.9745762712
22.0559322034
22.8783333333
24.4383333333
22.5172413793
--END OF 1--
28.565
28.4083333333
26.6101694915
27.6083333333
29.3983333333
27.9633333333
25.51
27.9649122807
31.0881355932
28.2933333333
26.2103448276
29.415
28.5733333333
26.8410714286
26.86
26.9883333333
28.7866666667
27.1516666667
30.545
34.5694915254
25.5733333333
26.835
27.775
29.505
27.1516666667
27.2483333333
26.84
28.7933333333
28.1389830508
26.9083333333
24.3083333333
27.3866666667
29.9186440678
26.8183333333
25.76
27.1783333333
27.2316666667
27.3533333333
26.5916666667
26.4491525424
30.5083333333
25.3283333333
27.8666666667
28.4066666667
28.106779661
26.1982758621
25.2754385965
26.4745762712
28.086440678
31.5333333333
27.4766666667
29.41
28.5666666667
27.1559322034
26.2266666667
25.9237288136
27.1203389831
30.01
30.19
27.0931034483
--END OF 2--
