14.0763636364
14.7212765957
15.2050847458
14.6316666667
15.5074074074
13.2879310345
15.395
15.8438596491
15.265
15.3072727273
14.8196428571
14.668627451
14.2779661017
15.35
14.455
14.3230769231
14.7549019608
15.9666666667
12.9745762712
15.3283333333
15.1086206897
15.0413793103
15.9388888889
14.125
13.8649122807
15.2896551724
15.6033333333
13.13
15.03
14.3137931034
14.6842105263
14.2807017544
15.3637931034
14.9338983051
14.6017857143
15.5
15.88
14.7293103448
14.4440677966
14.2616666667
13.78
12.8016666667
13.8084745763
15.0189655172
14.0915254237
13.4433333333
13.72
12.2355932203
13.1316666667
13.57
12.2733333333
11.9833333333
13.1913793103
12.9813559322
12.9983333333
14.079245283
14.5607142857
13.8866666667
13.9933333333
13.2927272727
--END OF 1--
16.8545454545
17.5106382979
17.9440677966
17.8216666667
17.1740740741
17.5913793103
21.2166666667
17.7052631579
17.9283333333
16.5309090909
16.7964285714
18.0294117647
18.0898305085
17.2634615385
16.16
16.875
17.5921568627
18.4083333333
16.4050847458
17.3933333333
16.9327586207
17.5620689655
17.0148148148
16.8673076923
17.3157894737
17.6034482759
16.9266666667
15.51
17.31
15.9413793103
17.4701754386
16.7473684211
17.8965517241
17.2694915254
16.9107142857
17.2466666667
17.7733333333
18.124137931
18.6254237288
19.3933333333
18.25
17.4316666667
17.6355932203
17.3965517241
16.893220339
15.8816666667
17.1733333333
15.2084745763
18.8533333333
17.8783333333
15.4333333333
15.9766666667
17.0862068966
16.2966101695
15.4516666667
17.0377358491
17.7035714286
21.265
17.8816666667
18.04
--END OF 2--
