9.3
7.78
9.35333333333
8.97166666667
8.45666666667
7.59166666667
8.30166666667
9.0813559322
8.685
9.53666666667
8.825
7.67
7.29666666667
8.33166666667
7.84333333333
7.72881355932
8.01166666667
9.525
7.795
9.20689655172
8.46440677966
7.36779661017
7.80166666667
8.28833333333
8.58166666667
8.81
9.25
7.40333333333
8.57333333333
8.11016949153
8.38833333333
9.30333333333
9.02833333333
9.41333333333
9.14137931034
8.73220338983
8.57627118644
6.96166666667
8.49833333333
9.34333333333
8.20333333333
8.035
7.41694915254
7.49166666667
8.14
7.78833333333
8.16166666667
8.56166666667
8.18666666667
8.33666666667
7.47288135593
8.98166666667
7.97833333333
8.615
8.09833333333
8.80666666667
7.68166666667
9.12666666667
7.48
9.45789473684
--END OF 1--
11.685
11.0916666667
11.075
11.4233333333
10.9083333333
10.9933333333
11.4183333333
11.1559322034
13.5316666667
18.2216666667
11.5
11.55
11.1933333333
11.3983333333
11.7116666667
11.5033898305
11.2666666667
11.7033333333
10.5833333333
12.0724137931
11.8440677966
11.2949152542
11.5633333333
10.4833333333
11.5483333333
11.3916666667
11.6083333333
10.3333333333
11.2716666667
10.1644067797
10.9383333333
11.405
12.13
11.2633333333
12.2327586207
11.0305084746
12.0728813559
9.745
10.825
10.9166666667
10.5516666667
10.5816666667
10.6203389831
10.855
10.4966666667
10.095
11.49
12.8433333333
11.6066666667
11.2383333333
10.9254237288
10.7583333333
11.0233333333
13.25
10.8866666667
11.1766666667
11.0083333333
11.1783333333
11.7683333333
11.5070175439
--END OF 2--
