11.2849056604
11.4733333333
9.75166666667
10.735
10.0666666667
11.3166666667
10.2633333333
10.793220339
10.2733333333
10.885
10.715
11.3133333333
10.2366666667
11.25
10.485
10.913559322
9.93166666667
10.9533333333
11.4833333333
11.5933333333
11.07
10.1516666667
10.3866666667
10.8457627119
10.7566666667
10.8983333333
11.3483333333
12.3183333333
12.3033333333
11.2894736842
10.5672727273
11.4983333333
11.0233333333
11.31
10.405
10.7516666667
12.5533333333
11.2711864407
11.0883333333
11.1983333333
11.7678571429
11.2683333333
11.4366666667
11.0237288136
10.6983333333
11.5616666667
12.015
12.6516666667
12.44
12.1689655172
12.1142857143
10.3933333333
11.4683333333
12.4813559322
12.045
11.7916666667
12.2382978723
10.8964285714
10.7155172414
10.6672413793
--END OF 1--
15.9811320755
16.0916666667
13.4483333333
14.4683333333
14.755
14.9666666667
14.185
14.913559322
14.8066666667
14.3533333333
15.5483333333
14.165
14.245
16.4783333333
14.8816666667
15.8593220339
14.385
14.135
15.0866666667
16.945
14.3466666667
15.025
14.75
15.9711864407
14.86
14.65
14.95
16.25
16.48
16.9543859649
15.6418181818
14.8116666667
15.775
14.8733333333
14.6316666667
16.0766666667
15.6583333333
14.7677966102
14.7916666667
16.9733333333
18.1660714286
15.785
16.0683333333
15.4203389831
15.5783333333
15.7466666667
16.5616666667
15.8466666667
15.1233333333
16.6448275862
16.8183673469
15.1966666667
15.925
16.4389830508
15.0566666667
14.5566666667
16.7531914894
16.6089285714
17.4275862069
14.2689655172
--END OF 2--
