10.0033333333
10.3433333333
8.91833333333
9.18214285714
10.3433333333
10.086440678
11.03
8.94833333333
10.3366666667
10.1116666667
9.57833333333
9.84833333333
10.175
9.9775862069
11.2
9.67333333333
9.92
10.0633333333
10.9383333333
10.0816666667
10.3533333333
9.46607142857
11.1683333333
12.1516666667
10.6083333333
10.7233333333
10.7783333333
10.0983333333
11.2166666667
10.6627118644
9.70677966102
10.0583333333
9.41166666667
10.3214285714
10.4416666667
9.83
10.7118644068
10.9483333333
11.125
11.75
9.34333333333
10.97
11.5152542373
10.3766666667
12.1216666667
10.4410714286
10.4035087719
10.3766666667
9.94166666667
10.2266666667
11.0316666667
10.11
11.6116666667
11.0203389831
10.4266666667
10.8216666667
10.58
11.17
12.006779661
9.59298245614
--END OF 1--
14.8333333333
14.9783333333
14.715
12.15
15.1466666667
13.6559322034
14.5716666667
12.2733333333
14.0766666667
13.9016666667
13.5683333333
12.9
12.8173076923
13.4862068966
15.53
13.2283333333
14.3716666667
15.4683333333
14.3966666667
14.0733333333
14.2666666667
13.2553571429
13.615
14.2116666667
15.1966666667
14.0183333333
13.3016666667
13.5483333333
14.6083333333
13.4322033898
12.7169491525
12.6633333333
14.0183333333
13.6375
14.125
13.6333333333
13.793220339
15.5083333333
14.5333333333
15.4683333333
14.3
14.0916666667
16.2355932203
16.23
14.53
12.8375
14.1543859649
12.9516666667
13.0183333333
12.85
13.4833333333
12.515
14.4433333333
14.3305084746
14.335
14.8266666667
13.82
14.2083333333
16.1372881356
13.7859649123
--END OF 2--
