11.1
11.2
11.1
11.1
11.0
11.0
10.9
10.9
10.8
10.8
10.7
10.5
10.4
10.3
10.5
10.7
10.9
10.9
10.8
10.8
10.7
10.7
10.6
10.7
10.8
10.9
10.9
10.9
11.0
11.0
11.0
11.0
11.0
11.1
11.1
11.1
11.1
11.2
11.2
11.2
11.2
11.2
11.2
11.2
11.3
11.4
11.5
11.4
11.3
11.2
11.3
11.3
11.3
11.4
11.5
11.5
11.7
11.9
12.0
12.1
12.3
12.4
12.3
12.3
12.2
12.2
12.2
12.2
12.3
12.3
12.4
12.4
12.5
12.5
12.4
12.2
12.1
12.1
12.0
12.0
12.1
12.2
12.3
12.3
12.3
12.4
12.3
12.3
12.3
12.4
12.4
12.5
12.4
12.4
12.4
12.4
12.4
12.4
12.4
12.4
12.4
12.5
12.5
12.6
12.5
12.4
12.3
12.4
12.6
12.7
12.7
12.7
12.7
12.6
12.6
12.5
12.4
12.4
12.4
12.2
12.1
11.9
11.8
11.8
11.7
11.8
11.8
11.8
11.8
11.7
11.7
11.6
11.6
11.6
11.5
11.4
11.3
11.2
11.2
11.2
11.1
10.9
10.8
10.7
10.7
10.6
10.6
10.7
10.8
10.8
10.8
10.8
10.8
10.9
11.0
11.0
11.0
11.0
10.8
10.7
10.5
10.5
10.4
10.3
10.4
10.4
10.4
10.5
10.5
10.5
10.5
10.5
10.6
10.6
10.6
10.7
10.6
10.5
10.5
10.4
10.4
10.4
10.4
10.4
10.4
10.4
10.4
10.4
10.3
10.3
10.2
10.3
10.4
10.5
10.5
10.6
10.6
10.7
10.7
10.8
10.8
10.8
10.8
10.9
10.9
10.9
11.0
11.1
11.2
11.1
11.1
11.1
11.1
11.2
11.2
11.2
11.3
11.4
11.5
11.7
11.9
12.0
12.2
12.3
12.3
12.3
12.4
12.3
12.2
12.1
12.1
12.1
12.1
12.1
12.1
12.1
12.1
12.1
12.0
12.1
12.1
12.2
12.2
12.2
12.1
12.1
12.1
12.1
12.1
12.2
12.2
12.2
12.1
12.1
12.1
12.1
12.1
12.0
12.0
12.0
12.0
12.1
12.1
12.1
12.1
12.1
12.1
12.1
12.1
12.1
12.2
12.2
12.2
12.2
12.2
12.1
12.1
12.0
11.9
11.8
11.7
11.7
11.7
11.6
11.5
11.4
11.3
11.3
11.3
11.2
11.2
11.1
11.0
11.1
11.2
11.3
11.4
11.4
11.4
11.4
11.4
11.4
11.3
11.3
11.3
11.3
11.3
11.2
11.3
11.3
11.4
11.3
11.2
11.1
11.1
11.0
11.0
11.0
11.0
11.1
11.1
11.1
11.2
11.2
11.2
11.1
11.0
10.9
10.8
10.8
10.7
10.7
10.6
10.5
10.4
10.5
10.5
10.6
10.6
10.7
10.8
10.7
10.7
10.7
10.8
10.9
10.9
10.9
10.8
10.8
10.8
10.9
10.9
10.9
10.9
10.9
10.9
10.9
10.9
11.1
11.3
11.6
11.6
11.7
11.8
11.9
12.0
11.9
11.9
11.8
11.8
11.8
11.7
12.0
12.3
12.5
12.5
12.5
12.5
12.4
12.3
12.2
12.3
12.3
12.3
12.3
12.3
12.3
12.2
12.1
12.0
12.0
12.0
12.0
12.0
11.9
11.9
11.8
11.6
11.5
11.6
11.7
11.8
11.7
11.7
11.6
11.7
11.7
11.8
11.8
11.8
11.9
11.8
11.7
11.7
11.7
11.7
11.7
11.5
11.2
11.0
11.0
11.1
11.1
11.0
11.0
10.9
11.0
11.1
11.3
11.4
11.5
11.6
11.4
11.2
11.0
11.0
11.0
10.9
11.0
11.0
11.1
11.1
11.1
11.1
11.1
11.1
11.2
11.2
11.3
11.4
11.8
11.8
11.8
11.8
11.8
11.7
11.8
11.9
12.0
12.0
11.9
11.9
11.9
12.0
12.0
12.1
12.1
12.2
12.1
12.1
12.1
12.1
12.1
12.1
12.1
12.2
12.2
12.3
12.3
12.3
12.4
12.4
12.5
12.6
12.7
12.8
12.8
12.8
12.7
12.7
12.7
12.7
12.8
12.9
12.9
13.1
13.2
13.3
13.4
13.4
13.5
13.5
13.5
13.6
13.5
13.4
13.3
13.4
13.4
13.5
13.1
13.1
13.0
13.0
12.9
12.9
13.1
13.2
13.3
13.2
13.2
13.1
13.1
13.0
13.0
13.0
13.0
12.9
12.9
12.8
12.8
12.7
12.6
12.6
12.5
12.4
12.4
12.4
12.5
12.5
12.4
12.3
12.2
12.1
12.0
11.9
11.9
11.8
11.8
11.8
11.8
11.7
11.8
11.9
12.0
11.8
11.6
11.4
11.4
11.3
11.3
11.3
11.2
11.2
11.4
11.5
11.6
11.5
11.5
11.4
11.4
11.5
11.5
11.5
11.5
11.5
11.4
11.3
11.2
11.2
11.2
11.2
11.3
11.3
11.4
11.4
11.4
11.4
11.6
11.8
12.0
12.1
12.3
12.4
12.4
12.4
12.4
---END OF 2.5 MEASUREMENTS---
13.0
12.9
12.7
12.5
12.3
12.2
12.1
12.0
12.1
12.1
12.2
12.1
12.0
12.0
12.2
12.4
12.6
12.5
12.5
12.5
12.2
11.9
11.6
11.7
11.8
11.8
11.8
11.8
11.8
11.9
11.9
12.0
12.1
12.1
12.2
12.3
12.3
12.4
12.4
12.4
12.4
12.4
12.5
12.5
12.5
12.5
12.5
12.5
12.5
12.4
12.4
12.4
12.4
13.0
13.5
14.1
14.1
14.2
14.2
14.3
14.4
14.5
14.5
14.4
14.4
14.3
14.3
14.2
14.3
14.4
14.5
14.5
14.5
14.5
14.3
14.1
13.9
13.8
13.8
13.7
13.8
13.8
13.8
13.9
13.9
14.0
14.0
14.0
14.0
14.0
13.9
13.9
13.8
13.8
13.7
13.6
13.5
13.5
13.7
13.9
14.2
14.2
14.1
14.1
14.1
14.1
14.0
14.1
14.2
14.2
14.2
14.2
14.2
13.6
13.3
13.2
13.1
13.1
13.1
12.8
13.2
13.6
13.5
13.4
13.4
13.4
13.5
13.6
13.4
13.2
13.0
13.1
13.1
13.2
13.2
13.2
13.1
13.2
13.2
13.2
13.2
13.2
13.1
13.1
13.0
12.9
12.9
13.0
13.0
13.2
13.4
13.6
13.6
13.7
13.7
13.8
13.8
13.8
13.5
13.2
12.9
12.8
12.8
12.8
13.1
13.3
13.6
13.7
13.7
13.8
13.8
13.8
13.9
14.0
14.0
14.1
14.4
14.7
14.9
14.4
13.9
13.3
13.5
13.6
13.7
13.7
13.6
13.6
13.7
13.7
13.8
13.8
13.8
13.8
13.9
13.9
13.9
14.0
14.1
14.1
14.2
14.2
14.2
14.2
14.2
14.2
14.1
14.1
14.0
13.8
13.6
13.4
13.4
13.4
13.4
13.4
13.4
13.4
13.8
14.2
14.6
14.6
14.7
14.8
14.6
14.4
14.2
14.2
14.1
14.0
14.3
14.6
14.8
14.8
14.7
14.7
14.4
14.0
13.7
13.9
14.2
14.4
14.2
14.1
14.0
14.0
14.1
14.2
14.1
14.0
14.0
14.0
14.0
14.1
14.1
14.1
14.1
14.0
13.9
13.8
13.8
13.8
13.8
13.9
13.9
14.0
14.1
14.3
14.4
14.5
14.5
14.5
14.6
14.6
14.6
14.7
14.7
14.8
14.5
14.1
13.8
13.7
13.7
13.7
13.5
13.3
13.2
13.2
13.2
13.2
12.8
12.5
12.2
12.2
12.3
12.3
12.4
12.4
12.4
12.2
12.0
12.0
11.8
11.8
11.9
11.8
11.9
11.7
11.9
11.9
12.0
11.9
11.8
11.7
11.7
11.6
11.6
11.6
11.6
11.7
11.7
11.7
11.8
11.8
11.8
11.7
11.6
11.5
11.5
11.5
11.6
11.7
11.6
11.6
11.6
11.9
12.3
12.7
12.8
13.0
13.2
13.2
13.3
13.3
13.8
14.4
14.9
14.8
14.8
14.8
14.8
14.9
14.9
15.1
15.2
15.3
15.3
15.3
15.3
15.7
16.1
16.5
16.5
16.5
16.5
17.4
17.9
17.9
17.9
18.0
17.9
17.8
17.8
17.9
18.0
18.1
18.1
18.2
18.2
18.2
18.2
18.2
18.1
18.0
18.0
17.9
17.8
17.7
17.6
17.4
17.3
17.3
17.3
17.3
16.9
16.5
16.2
16.0
15.8
15.6
15.8
16.0
16.2
15.8
15.3
14.8
14.9
15.0
15.1
15.2
15.2
15.3
15.1
14.9
14.7
14.7
14.7
14.7
14.4
14.0
13.7
13.7
13.8
13.8
13.4
13.0
12.6
12.6
12.7
12.7
12.8
12.9
13.0
12.9
12.8
12.7
12.7
12.7
12.6
12.7
12.8
12.8
13.0
13.2
13.3
13.5
13.6
13.8
13.8
13.8
13.9
14.3
14.4
14.9
14.8
14.8
14.7
14.8
14.9
14.9
14.8
14.6
14.4
14.4
14.5
14.5
14.5
14.5
14.5
14.5
14.5
14.5
14.6
14.7
14.8
14.8
14.9
14.9
15.0
15.1
15.3
15.3
15.4
15.4
15.5
15.5
15.6
15.5
15.4
15.4
15.4
15.4
15.4
15.7
16.0
16.3
16.3
16.3
16.3
16.3
16.2
16.2
16.0
15.8
15.7
15.5
15.3
15.0
15.3
15.5
15.8
15.4
15.3
14.8
14.8
14.8
14.8
14.9
15.1
15.3
15.3
15.4
15.5
15.4
15.3
15.2
15.2
15.1
15.0
15.0
14.9
14.9
14.8
14.7
14.6
14.6
14.6
14.6
14.5
14.4
14.2
14.2
14.1
14.0
13.9
13.9
13.8
13.7
13.7
13.6
13.6
13.6
13.5
13.6
13.7
13.8
13.9
14.0
14.1
14.1
14.1
14.1
14.1
14.1
14.2
14.3
14.5
14.7
14.7
14.7
14.7
14.6
14.5
14.5
14.5
14.4
14.4
14.4
14.4
14.3
14.3
14.3
14.3
14.4
14.5
14.6
14.7
14.8
14.8
14.9
15.0
15.1
15.2
15.4
15.5
15.4
15.2
15.1
---END OF 10 MEASUREMENTS---
