13.3516666667
13.64
12.0516666667
11.6183333333
11.0118644068
9.52833333333
9.425
10.7866666667
11.3266666667
9.71833333333
9.79166666667
10.9483333333
10.6779661017
9.12666666667
10.915
10.96
10.115
9.895
10.5333333333
10.6183333333
10.4745762712
10.7483333333
11.775
11.7983333333
10.435
9.93833333333
10.82
9.81333333333
11.1728813559
10.45
10.05
9.52
9.875
8.73166666667
8.92666666667
8.8
7.065
6.56
8.68166666667
8.07333333333
7.93166666667
8.37666666667
8.08666666667
8.30169491525
8.425
7.745
9.55666666667
9.43666666667
9.30833333333
9.32666666667
9.21186440678
8.63833333333
10.185
10.8816666667
9.18333333333
8.78333333333
9.44666666667
8.32711864407
8.81333333333
15.56
--END OF 1--
16.99
17.9066666667
13.7966666667
16.265
14.5491525424
14.4366666667
13.9133333333
14.3733333333
14.2833333333
13.5916666667
13.8683333333
16.0316666667
15.0203389831
13.5766666667
14.1383333333
15.1683333333
16.3333333333
13.8116666667
13.49
14.0616666667
15.4830508475
14.9883333333
15.695
13.42
12.32
13.1683333333
13.4716666667
12.5383333333
15.7220338983
14.54
13.8833333333
12.8483333333
12.65
12.9066666667
14.255
12.8813559322
12.4316666667
12.6
13.7116666667
11.715
11.5883333333
13.15
14.1666666667
13.3881355932
12.2383333333
11.5533333333
12.915
12.62
13.9
13.135
14.2559322034
12.5133333333
14.4366666667
14.07
13.0883333333
12.1916666667
12.4333333333
13.2372881356
11.5116666667
17.1466666667
--END OF 2--
