6.9
6.9
6.7
6.4
6.2
6.1
6.1
6.0
5.9
5.9
5.9
6.0
6.1
6.3
6.3
6.2
6.2
6.1
6.1
6.0
6.1
6.2
6.2
6.2
6.2
6.2
6.2
6.2
6.2
6.2
6.2
6.1
6.1
6.0
6.0
5.9
5.9
5.8
5.9
5.9
6.0
5.9
5.9
5.8
5.7
5.6
5.6
5.5
5.4
5.3
5.3
5.2
5.2
5.2
5.2
5.3
5.3
5.3
5.3
5.3
5.3
5.2
5.3
5.3
5.4
5.4
5.4
5.4
5.4
5.4
5.3
5.2
5.1
4.9
5.0
5.0
5.0
4.9
4.9
4.9
4.9
4.9
4.9
4.9
5.0
5.0
5.0
5.0
5.0
5.0
5.0
4.9
5.0
5.1
5.2
5.2
5.2
5.2
5.2
5.1
5.1
5.1
5.1
5.1
5.1
5.1
5.1
5.1
5.0
5.0
5.0
5.0
5.0
5.0
5.0
4.9
4.9
4.9
4.9
4.9
4.9
4.9
4.9
4.8
4.8
4.7
4.6
4.6
4.7
4.8
4.9
4.9
5.0
5.1
5.1
5.1
5.2
5.3
5.4
5.5
5.6
5.6
5.7
5.6
5.6
5.6
5.6
5.7
5.7
5.9
6.1
6.3
6.3
6.2
6.2
6.3
6.3
6.3
6.3
6.2
6.2
6.3
6.4
6.5
6.5
6.5
6.5
6.6
6.6
6.6
6.6
6.6
6.6
6.6
6.7
6.7
6.6
6.6
6.5
6.5
6.5
6.5
6.5
6.5
6.4
6.4
6.4
6.4
6.4
6.4
6.4
6.3
6.2
6.1
6.0
6.0
5.9
5.9
5.8
5.8
5.7
5.7
5.6
5.5
5.5
5.4
5.4
5.3
5.3
5.1
4.9
4.7
4.7
4.7
4.7
4.6
4.6
4.6
4.7
4.8
4.9
4.8
4.7
4.6
4.7
4.7
4.8
4.9
4.9
5.0
5.1
5.2
5.3
5.3
5.3
5.4
5.6
5.8
6.1
6.1
6.1
6.2
6.2
6.2
6.3
6.3
6.4
6.5
6.4
6.3
6.3
6.3
6.4
6.5
6.6
6.6
6.7
6.6
6.6
6.6
6.5
6.5
6.4
6.4
6.4
6.4
6.4
6.5
6.5
6.5
6.5
6.6
6.6
6.7
6.8
6.8
6.8
6.8
6.7
6.7
6.6
6.6
6.6
6.7
6.6
6.6
6.5
6.4
6.3
6.3
6.2
6.1
6.0
6.0
6.0
5.9
5.7
5.5
5.4
5.5
5.6
5.7
5.6
5.6
5.6
5.6
5.6
5.6
5.6
5.6
5.7
5.6
5.6
5.5
5.5
5.4
5.3
5.3
5.4
5.4
5.5
5.7
5.8
5.8
5.9
5.9
5.9
5.9
5.9
5.9
5.9
5.9
5.9
5.9
5.8
5.9
5.9
5.9
6.0
6.0
6.1
6.1
6.1
6.1
6.0
6.0
6.0
6.0
6.0
6.0
6.0
6.0
6.1
6.1
6.0
6.0
6.1
6.1
6.1
6.0
5.9
5.8
5.9
6.0
6.1
6.1
6.1
6.1
6.1
6.1
6.1
6.1
6.1
6.1
6.2
6.2
6.3
6.3
6.3
6.3
6.2
6.2
6.1
6.1
6.1
6.0
6.0
6.0
6.0
6.0
6.1
6.1
6.0
6.0
5.9
5.9
5.9
5.9
5.9
5.9
6.0
5.9
5.9
5.9
5.9
5.9
6.0
6.1
6.1
6.2
6.2
6.2
6.1
6.2
6.3
6.4
6.4
6.5
6.5
6.5
6.5
6.5
6.4
6.3
6.3
6.3
6.3
6.3
6.3
6.4
6.5
6.6
6.6
6.7
6.7
6.8
6.8
6.8
6.8
6.8
6.8
6.8
6.8
6.8
6.8
6.8
6.8
6.8
6.8
6.8
6.8
6.7
6.7
6.7
6.7
6.6
6.6
6.6
6.6
6.6
6.6
6.6
6.6
6.6
6.6
6.5
6.5
6.4
6.4
6.3
6.3
6.3
6.4
6.3
6.2
6.1
6.0
6.0
5.9
5.9
5.9
6.0
5.9
5.9
5.9
5.8
5.8
5.8
5.6
5.5
5.4
5.4
5.4
5.4
5.3
5.3
5.2
5.2
5.2
5.2
5.1
5.1
5.1
5.1
5.1
5.1
5.1
5.2
5.2
5.2
5.2
5.1
5.1
5.1
5.1
5.2
5.2
5.2
5.2
5.2
5.2
5.4
5.7
5.9
5.9
5.9
5.9
5.9
6.0
6.1
6.1
6.1
6.1
6.1
6.1
6.1
6.1
6.1
6.1
6.2
6.4
6.5
6.5
6.5
6.6
6.6
6.6
6.7
6.7
6.8
6.9
6.8
6.8
6.7
6.7
6.6
6.6
6.6
6.6
6.7
6.7
6.7
6.7
6.7
6.7
6.7
6.7
6.8
6.8
6.8
6.8
6.9
6.9
6.9
6.9
6.8
6.8
6.7
6.7
6.7
6.7
6.5
6.3
6.0
6.0
6.0
5.9
5.9
5.9
5.9
5.9
5.9
5.9
5.9
5.9
6.0
6.0
6.0
---END OF 2.5 MEASUREMENTS---
11.9
11.9
11.7
11.5
11.3
11.0
10.7
10.5
10.4
10.4
10.4
10.5
10.7
10.8
10.7
10.6
10.5
10.9
11.3
11.6
11.7
11.8
11.8
12.1
12.4
12.7
12.8
12.9
12.9
12.7
12.5
12.4
12.4
12.3
12.3
12.3
12.2
12.2
12.2
12.2
12.2
12.1
11.9
11.8
11.7
11.6
11.4
11.3
11.2
11.1
10.9
10.8
10.6
10.6
10.7
10.7
10.7
10.6
10.6
10.6
10.6
10.6
11.0
11.5
12.0
12.0
12.1
12.2
12.2
12.2
12.2
12.0
11.9
11.8
12.0
12.2
12.4
12.0
11.5
11.1
11.1
11.0
11.0
11.1
11.1
11.2
11.6
12.1
12.5
12.4
12.4
12.4
12.4
12.4
12.5
12.6
12.6
12.7
13.1
13.4
13.8
13.8
13.8
13.7
13.7
13.6
13.6
13.6
13.6
13.6
13.7
13.8
13.9
13.8
13.8
13.7
13.8
13.8
13.9
13.9
14.0
14.1
13.6
13.1
12.6
12.5
12.4
12.3
12.4
12.4
12.5
12.5
12.5
12.5
12.5
12.5
12.5
12.6
12.8
12.9
12.9
12.9
12.9
12.5
12.1
11.7
11.3
10.8
10.4
10.5
10.7
10.8
10.7
10.7
10.6
10.5
10.5
10.4
9.9
9.4
9.0
9.0
9.1
9.2
9.2
9.3
9.4
9.4
9.4
9.4
9.3
9.2
9.1
9.1
9.1
9.1
9.0
9.0
8.9
8.8
8.8
8.7
8.9
9.1
9.3
9.3
9.3
9.3
9.2
9.2
9.1
9.1
9.0
9.0
8.8
8.7
8.5
8.4
8.4
8.3
8.3
8.3
8.3
8.3
8.3
8.3
8.3
8.3
8.3
8.2
8.1
8.0
8.0
8.0
8.0
8.0
8.0
8.0
8.1
8.1
8.2
8.1
8.0
8.0
8.6
9.1
9.7
9.7
9.7
9.6
9.7
9.7
9.8
9.8
9.8
9.8
10.0
10.1
10.3
10.3
10.3
10.3
10.1
9.8
9.6
9.7
9.7
9.8
9.8
9.8
9.8
10.0
10.2
10.4
10.5
10.7
10.9
10.9
11.0
11.0
11.0
10.9
10.9
10.9
10.9
10.9
10.8
10.8
10.7
10.7
10.6
10.6
10.6
10.7
10.8
10.8
10.8
10.8
10.7
10.7
10.7
10.9
11.1
11.2
10.7
10.1
9.6
9.6
9.6
9.6
9.6
9.6
9.6
9.6
9.6
9.6
9.5
9.3
9.2
9.3
9.4
9.5
9.5
9.5
9.5
9.5
9.5
9.5
9.5
9.5
9.5
9.4
9.3
9.2
9.0
8.8
8.7
8.6
8.5
8.5
8.6
8.7
8.8
8.9
9.0
9.2
9.2
9.2
9.2
9.6
10.1
10.5
10.7
11.0
11.2
11.2
11.2
11.2
11.2
11.2
11.2
11.1
10.9
10.8
10.9
10.9
11.0
11.0
11.0
11.0
11.1
11.3
11.4
11.4
11.4
11.4
11.4
11.4
11.3
11.3
11.3
11.3
11.4
11.4
11.5
11.6
11.6
11.7
11.7
11.8
11.8
11.7
11.6
11.5
11.6
11.7
11.8
11.8
11.8
11.8
12.3
12.7
13.2
13.1
13.0
12.9
13.0
13.0
13.1
12.7
12.3
11.9
11.7
11.4
11.2
11.2
11.3
11.4
11.4
11.4
11.4
11.5
11.5
11.5
11.5
11.4
11.4
11.7
11.9
12.2
12.0
11.8
11.6
11.8
12.1
12.3
12.4
12.4
12.5
12.4
12.3
12.3
12.4
12.5
12.6
12.7
12.7
12.7
12.8
12.8
12.9
13.0
13.2
13.4
13.4
13.4
13.5
13.5
13.5
13.5
12.9
12.4
11.9
11.9
11.9
11.9
11.9
11.8
11.8
11.8
11.8
11.8
12.1
12.4
12.7
12.6
12.6
12.5
12.6
12.6
12.6
12.5
12.5
12.4
12.6
12.8
13.0
12.7
12.5
12.2
12.3
12.4
12.4
12.2
12.1
11.9
12.1
12.3
12.5
12.4
12.4
12.4
12.2
12.0
11.9
12.0
12.2
12.4
12.3
12.2
12.1
12.5
12.9
13.2
13.1
12.9
12.8
12.9
12.9
13.0
13.0
13.0
13.0
13.0
12.9
12.9
12.9
13.0
13.0
13.0
12.9
12.9
12.8
12.6
12.5
12.5
12.5
12.5
12.4
12.4
12.3
12.8
13.3
13.8
13.5
13.2
12.9
12.9
13.0
13.0
13.0
12.9
12.9
12.8
12.8
12.8
12.6
12.5
12.3
12.5
12.8
13.0
13.0
13.1
13.2
13.0
12.8
12.6
12.6
12.6
12.6
12.1
11.6
11.1
11.1
11.0
11.0
11.0
10.9
10.8
10.9
11.0
11.1
11.1
11.1
11.1
11.1
11.1
11.1
11.1
11.1
11.1
10.8
10.6
10.3
10.3
10.2
10.2
10.3
10.3
10.3
9.9
9.4
8.9
8.9
8.9
8.9
8.9
8.8
8.8
8.8
8.9
8.9
8.8
8.8
8.7
8.7
8.6
---END OF 10 MEASUREMENTS---
