14.52
15.3666666667
15.2508474576
15.505
14.095
13.7116666667
13.7316666667
15.675
14.0905660377
14.0466666667
14.435
16.1948275862
15.6122807018
15.2516666667
15.015
13.6883333333
12.5716666667
14.4133333333
15.0933333333
16.2949152542
14.0966666667
13.6385964912
13.1482142857
14.66
15.2610169492
14.18
14.6117647059
14.5964285714
14.29
13.5183333333
14.8516666667
13.385
13.641509434
14.4166666667
14.4366666667
14.8637931034
13.1016666667
15.5866666667
13.995
12.2017241379
15.055
15.6406779661
14.6983333333
14.5649122807
14.8345454545
14.1222222222
14.6464285714
15.6383333333
13.5916666667
15.1383333333
13.8316666667
12.985
14.145
14.0216666667
14.525
13.5847457627
14.0583333333
14.486440678
14.965
15.0824561404
--END OF 1--
19.6233333333
18.8233333333
18.6474576271
19.8316666667
18.615
18.99
17.47
18.86
18.4849056604
20.2516666667
18.3516666667
19.7879310345
20.1298245614
21.3183333333
19.475
19.3533333333
17.9166666667
20.6116666667
18.1
20.1644067797
17.79
17.0192982456
16.5821428571
19.7233333333
19.6254237288
20.3766666667
17.8117647059
18.7035714286
20.555
18.3533333333
17.3266666667
16.4166666667
17.8037735849
20.08
17.3583333333
17.7344827586
19.1816666667
19.275
17.6816666667
16.8637931034
22.03
18.0271186441
19.41
17.1912280702
17.8272727273
17.1388888889
18.1785714286
20.1083333333
19.59
18.71
17.8466666667
17.815
17.8233333333
18.0933333333
18.87
18.3254237288
17.5116666667
17.8525423729
19.3183333333
19.6122807018
--END OF 2--
