9.00166666667
9.70833333333
10.3166666667
10.335
9.15166666667
8.52586206897
8.74333333333
8.36
9.31052631579
9.26
8.86
9.37288135593
8.15084745763
9.16666666667
10.0416666667
9.5186440678
9.50666666667
10.9366666667
8.69166666667
8.38305084746
7.94827586207
9.66166666667
9.24745762712
11.3542372881
9.91166666667
10.07
10.35
8.49090909091
9.62407407407
9.63898305085
9.86440677966
9.9275862069
8.43728813559
9.265
9.09166666667
10.2116666667
9.62166666667
9.77288135593
8.67833333333
8.54909090909
8.20833333333
8.71578947368
9.1
9.42333333333
10.5745762712
10.3183333333
10.2305084746
9.42068965517
9.53666666667
11.2283333333
9.41833333333
8.62666666667
9.36166666667
8.27894736842
8.445
9.77166666667
9.795
8.71833333333
9.11166666667
10.5830508475
--END OF 1--
15.0616666667
15.14
16.1116666667
16.1666666667
15.5133333333
14.5775862069
15.195
15.6066666667
14.4368421053
15.6
14.8483333333
16.3016949153
14.793220339
14.9266666667
14.6533333333
16.1610169492
15.2466666667
15.57
14.5966666667
15.7661016949
13.2913793103
14.49
15.9881355932
15.3881355932
14.25
14.8233333333
16.1879310345
14.8381818182
16.3685185185
16.0237288136
15.6627118644
16.0982758621
14.6525423729
14.2183333333
14.1233333333
14.24
15.9266666667
15.7372881356
13.9066666667
13.9345454545
15.5033333333
14.0666666667
15.7883333333
18.48
15.5271186441
16.42
16.6915254237
16.0189655172
14.6716666667
14.3266666667
14.5733333333
14.3933333333
17.205
15.3052631579
14.9733333333
15.1316666667
15.0316666667
15.9283333333
15.525
18.2881355932
--END OF 2--
