9.62166666667
9.56101694915
9.065
8.32833333333
8.80925925926
9.28269230769
8.32
10.585
9.92413793103
8.43666666667
9.57666666667
8.76610169492
9.52166666667
9.22
9.135
9.65849056604
9.105
9.25178571429
8.255
8.48166666667
8.46833333333
9.4037037037
7.93275862069
8.08363636364
8.8350877193
8.35084745763
8.36551724138
8.72033898305
9.02833333333
9.59833333333
10.0457627119
10.0983333333
9.67166666667
7.32542372881
8.25818181818
10.1716666667
9.225
8.27118644068
8.15
8.09166666667
9.58666666667
9.655
9.18947368421
9.24333333333
8.00666666667
8.21016949153
8.13166666667
7.83666666667
8.24333333333
8.27627118644
8.63050847458
9.835
10.0315789474
8.89491525424
8.14333333333
7.93166666667
9.08983050847
8.80535714286
8.58947368421
8.43559322034
--END OF 1--
13.765
13.4983050847
11.8416666667
11.5716666667
12.1907407407
12.2826923077
12.825
13.6083333333
13.575862069
12.4833333333
12.9233333333
12.6677966102
14.415
12.615
12.2533333333
12.3754716981
14.0966666667
13.0375
12.4083333333
11.5533333333
12.5616666667
12.3814814815
12.4948275862
12.4418181818
12.8421052632
13.106779661
13.4637931034
13.3423728814
15.1883333333
13.74
13.3491525424
12.4916666667
13.9966666667
12.5644067797
13.7545454545
13.1533333333
12.7283333333
11.2983050847
12.4116666667
12.5583333333
12.6716666667
13.165
12.4052631579
13.735
13.535
12.6847457627
12.2366666667
12.13
12.415
14.2423728814
14.8474576271
14.7133333333
12.2263157895
12.8050847458
12.4216666667
13.0616666667
13.3796610169
13.025
12.0912280702
12.6779661017
--END OF 2--
