7.84833333333
6.34
5.82833333333
6.32203389831
6.87
6.80666666667
6.97
7.08166666667
6.245
5.91166666667
7.36271186441
7.27666666667
6.86333333333
6.975
6.77666666667
7.23166666667
7.66
6.13333333333
6.00508474576
6.97333333333
6.68666666667
6.97
6.81333333333
6.62833333333
6.03166666667
7.22666666667
7.83220338983
8.215
6.95
6.125
7.03
7.81333333333
6.95
7.28666666667
6.21525423729
6.07666666667
7.53333333333
7.16833333333
7.74
6.26333333333
6.275
6.94666666667
6.86440677966
7.08833333333
7.09666666667
6.09
7.09333333333
7.39833333333
7.545
7.69333333333
6.37627118644
7.72333333333
7.345
6.40666666667
7.69166666667
7.61
7.2
6.785
7.07288135593
7.17118644068
--END OF 1--
12.1866666667
12.335
12.0633333333
11.2271186441
12.5766666667
13.735
13.0866666667
11.68
12.21
11.0733333333
13.5423728814
12.4966666667
12.1616666667
11.725
12.115
11.5866666667
12.3833333333
11.805
12.3745762712
13.31
11.6533333333
11.3283333333
11.885
11.3133333333
12.1283333333
11.5933333333
12.4050847458
14.7666666667
11.3083333333
11.4
11.86
13.5016666667
11.5066666667
12.915
11.2237288136
12.0916666667
12.8416666667
11.5783333333
14.585
11.8616666667
11.4466666667
10.8733333333
12.1322033898
11.865
12.3966666667
11.8716666667
12.545
12.39
12.115
13.4266666667
13.0559322034
12.8366666667
12.81
12.9866666667
11.9433333333
12.1433333333
12.7116666667
12.3266666667
13.5593220339
11.3491525424
--END OF 2--
