7.995
9.45098039216
7.85666666667
8.72666666667
7.67166666667
9.31228070175
9.28545454545
8.73620689655
8.19655172414
9.715
9.795
8.25166666667
9.83571428571
9.06
8.925
9.58813559322
9.86166666667
9.34666666667
9.425
8.73220338983
9.12166666667
9.51568627451
9.08644067797
9.68644067797
9.48833333333
9.51578947368
9.40338983051
9.43050847458
8.93518518519
8.58035714286
8.76666666667
8.61636363636
7.685
8.215
7.17457627119
8.04666666667
8.32166666667
8.72372881356
8.05517241379
9.95666666667
10.3762711864
9.24310344828
9.27166666667
10.1333333333
9.43
8.75892857143
8.7406779661
9.88833333333
9.175
9.74666666667
10.0533333333
8.49122807018
9.14509803922
9.02456140351
9.49152542373
7.96779661017
9.845
9.45172413793
10.006779661
9.06315789474
--END OF 1--
11.645
12.4019607843
12.25
13.385
13.1516666667
12.5561403509
13.0727272727
12.675862069
12.775862069
13.3466666667
14.0083333333
12.7683333333
12.7589285714
14.9333333333
14.0283333333
13.2322033898
13.6133333333
14.3166666667
13.4416666667
12.6728813559
11.9716666667
12.562745098
12.6779661017
13.1372881356
13.1716666667
12.9649122807
13.0101694915
13.2084745763
12.7925925926
12.9232142857
13.4351851852
12.8163636364
12.92
12.5
12.406779661
12.5233333333
13.1183333333
13.5559322034
12.9551724138
15.3066666667
15.5033898305
13.7137931034
13.445
13.86
13.28
12.8660714286
13.3915254237
13.9416666667
15.4183333333
13.6616666667
13.625
13.6035087719
12.7901960784
12.1403508772
12.0050847458
12.1186440678
13.495
12.8793103448
14.1915254237
13.3105263158
--END OF 2--
