15.7
15.7
15.6
15.4
15.3
15.4
15.5
15.6
15.6
15.6
15.6
15.6
15.6
15.7
15.7
15.8
15.8
15.8
15.8
15.8
15.7
15.7
15.6
15.6
15.6
15.7
15.9
16.0
16.2
16.0
15.9
15.9
15.8
15.9
16.0
16.0
16.0
15.9
15.9
15.8
15.8
15.8
15.8
15.9
15.8
15.8
15.7
15.6
15.4
15.3
15.2
15.2
15.1
15.1
15.0
15.0
15.1
15.3
15.4
15.5
15.6
15.6
15.6
15.5
15.5
15.5
15.5
15.5
15.6
15.7
15.9
15.9
15.9
15.9
15.9
16.0
16.0
16.3
16.4
16.4
16.4
16.4
16.4
16.3
16.2
16.3
16.4
16.5
16.5
16.5
16.6
16.6
16.7
16.8
16.9
16.9
17.1
17.2
17.3
17.3
17.3
17.4
17.4
17.5
17.6
17.6
17.7
17.7
17.7
17.8
17.8
17.9
18.0
18.2
18.1
18.0
17.9
17.9
18.0
18.0
18.0
18.0
18.1
18.0
18.0
17.9
17.8
17.6
17.5
17.5
17.4
17.4
17.3
17.2
17.1
16.9
16.8
16.8
16.8
16.8
16.7
16.7
16.6
16.6
16.5
16.5
16.5
16.4
16.3
16.2
16.0
15.9
15.8
15.8
15.8
15.7
15.6
15.5
15.4
15.3
15.3
15.3
15.3
15.3
15.3
15.3
15.3
15.2
15.1
15.0
15.0
15.0
15.0
15.0
15.0
15.0
14.9
14.8
14.8
14.8
14.8
14.8
14.9
14.9
15.0
15.0
15.0
15.1
15.0
15.0
15.0
15.1
15.2
15.2
15.3
15.3
15.3
15.3
15.3
15.3
15.2
15.2
15.2
15.1
15.0
14.9
14.9
14.9
14.8
14.9
14.9
15.0
15.0
15.1
15.2
15.1
15.1
15.1
15.1
15.2
15.2
15.2
15.2
15.2
15.1
15.1
15.1
15.1
15.2
15.3
15.2
15.1
15.0
15.0
15.0
15.1
15.1
15.1
15.1
15.0
15.0
14.9
14.9
14.9
14.9
15.0
15.1
15.2
15.3
15.4
15.5
15.5
15.5
15.5
15.4
15.3
15.2
15.2
15.1
15.1
15.1
15.1
15.2
15.1
15.1
15.1
15.2
15.4
15.5
15.5
15.5
15.4
15.4
15.3
15.3
15.3
15.3
15.4
15.4
15.3
15.3
15.3
15.3
15.4
15.4
15.4
15.5
15.5
15.6
15.6
15.7
15.7
15.7
15.7
15.7
15.7
15.6
15.6
15.5
15.5
15.5
15.5
15.5
15.4
15.4
15.4
15.3
15.3
15.3
15.3
15.3
15.2
15.1
15.0
15.0
15.0
15.0
15.0
15.0
15.0
15.1
15.1
15.2
15.2
15.2
15.3
15.2
15.2
15.1
15.1
15.1
15.2
15.2
15.2
15.2
15.2
15.3
15.4
15.4
15.4
15.4
15.5
15.5
15.6
15.5
15.4
15.3
15.2
15.2
15.1
15.2
15.2
15.3
15.2
15.2
15.1
15.2
15.2
15.3
15.4
15.5
15.6
15.5
15.4
15.3
15.2
15.1
15.0
15.0
14.9
14.9
14.9
14.9
14.8
14.9
15.0
15.1
15.1
15.1
15.2
15.1
15.1
15.0
15.0
15.0
15.0
15.1
15.2
15.3
15.2
15.2
15.2
15.2
15.2
15.2
15.3
15.5
15.6
15.6
15.5
15.5
15.4
15.3
15.3
15.4
15.4
15.5
15.6
15.6
15.7
15.5
15.4
15.3
15.4
15.5
15.6
15.8
15.9
16.0
15.9
15.8
15.9
16.0
16.2
16.3
16.3
16.4
16.4
16.4
16.4
16.4
16.4
16.5
16.4
16.2
16.0
16.0
15.9
15.8
15.9
16.0
16.0
15.8
15.6
15.4
15.5
15.6
15.6
15.6
15.7
15.7
15.8
15.8
15.9
16.0
16.2
16.2
16.3
16.4
16.4
16.4
16.4
16.2
16.0
15.7
15.8
15.8
15.9
15.8
15.7
15.6
15.6
15.6
15.5
15.5
15.4
15.4
15.4
15.4
15.4
15.5
15.6
15.6
15.7
15.8
15.9
15.9
16.0
16.0
16.2
16.3
16.4
16.3
16.2
16.0
15.9
15.8
15.7
15.7
15.7
15.6
15.5
15.4
15.3
15.3
15.2
15.1
15.0
14.9
14.7
14.5
14.3
14.4
14.4
14.5
14.5
14.4
14.4
14.6
14.7
14.8
14.8
14.8
14.8
14.8
14.8
14.8
14.9
15.0
15.1
15.1
15.1
15.1
15.2
15.2
15.3
15.2
15.2
15.1
15.1
15.1
15.1
15.1
15.1
15.1
15.1
15.1
15.1
15.1
15.0
14.9
15.0
15.1
15.2
15.3
15.5
15.6
15.7
15.9
16.0
15.9
15.9
15.9
15.8
15.8
15.8
15.9
15.9
15.9
16.2
16.4
16.6
16.6
16.6
16.5
16.6
---END OF 2.5 MEASUREMENTS---
16.4
16.5
16.4
16.2
16.1
16.2
16.3
16.4
16.4
16.4
16.4
16.4
16.4
16.5
16.5
16.6
16.6
16.6
16.6
16.6
16.5
16.5
16.4
16.4
16.4
16.5
16.7
16.9
17.1
16.9
16.7
16.7
16.6
16.7
16.9
16.9
16.9
16.7
16.7
16.6
16.6
16.6
16.6
16.7
16.6
16.6
16.5
16.4
16.2
16.1
16.0
16.0
15.9
15.9
15.8
15.8
15.9
16.1
16.2
16.3
16.4
16.5
16.4
16.4
16.4
16.4
16.5
16.6
16.6
16.7
16.8
16.7
16.6
16.7
16.7
16.9
16.9
17.1
17.4
17.4
17.3
17.3
17.3
17.3
17.3
17.3
17.3
17.3
17.3
17.4
17.5
17.5
17.6
17.7
17.8
17.8
18.0
18.1
18.2
18.2
18.2
18.3
18.3
18.4
18.5
18.5
18.6
18.6
18.6
18.7
18.7
18.8
19.0
19.2
19.1
19.0
18.8
18.8
19.0
19.0
19.0
19.0
19.1
19.0
19.0
18.8
18.7
18.5
18.4
18.4
18.3
18.3
18.2
18.1
18.0
17.8
17.7
17.7
17.7
17.7
17.6
17.6
17.5
17.5
17.4
17.4
17.4
17.3
17.2
17.1
16.9
16.7
16.6
16.6
16.6
16.5
16.4
16.3
16.2
16.1
16.1
16.1
16.1
16.1
16.1
16.1
16.1
16.0
15.9
15.8
15.8
15.8
15.8
15.8
15.8
15.8
15.7
15.6
15.6
15.6
15.6
15.6
15.7
15.7
15.8
15.8
15.8
15.9
15.8
15.8
15.8
15.9
16.0
16.0
16.1
16.1
16.1
16.1
16.1
16.1
16.0
16.0
16.0
15.9
15.8
15.7
15.7
15.7
15.6
15.7
15.7
15.8
15.8
15.9
16.0
15.9
15.9
15.9
15.9
16.0
16.0
16.0
16.0
16.0
15.9
15.9
15.9
15.9
16.0
16.1
16.0
15.9
15.8
15.8
15.8
15.9
15.9
15.9
15.9
15.8
15.8
15.7
15.7
15.7
15.7
15.8
15.9
16.0
16.1
16.2
16.3
16.3
16.3
16.3
16.2
16.1
16.0
16.0
15.9
15.9
15.9
15.9
16.0
15.9
15.9
15.9
16.0
16.2
16.3
16.3
16.3
16.2
16.2
16.1
16.1
16.1
16.1
16.2
16.2
16.1
16.1
16.1
16.1
16.2
16.2
16.2
16.3
16.3
16.4
16.4
16.5
16.5
16.5
16.5
16.5
16.5
16.4
16.4
16.3
16.3
16.3
16.3
16.3
16.2
16.2
16.2
16.1
16.1
16.1
16.1
16.1
16.0
15.9
15.8
15.8
15.8
15.8
15.8
15.8
15.8
15.9
15.9
16.0
16.0
16.0
16.1
16.0
16.0
15.9
15.9
15.9
16.0
16.0
16.0
16.0
16.0
16.1
16.2
16.2
16.2
16.2
16.3
16.3
16.4
16.3
16.2
16.1
16.0
16.0
15.9
16.0
16.0
16.1
16.0
16.0
15.9
16.0
16.0
16.1
16.2
16.3
16.4
16.3
16.2
16.1
16.0
15.9
15.8
15.8
15.7
15.7
15.7
15.7
15.6
15.7
15.8
15.9
15.9
15.9
16.0
15.9
15.9
15.8
15.8
15.8
15.8
15.9
16.0
16.1
16.0
16.0
16.0
16.0
16.0
16.0
16.1
16.3
16.4
16.4
16.3
16.3
16.2
16.1
16.1
16.2
16.2
16.3
16.4
16.4
16.5
16.3
16.2
16.1
16.2
16.3
16.4
16.6
16.7
16.9
16.7
16.6
16.7
16.9
17.1
17.2
17.2
17.3
17.3
17.3
17.3
17.3
17.3
17.4
17.3
17.1
16.9
16.9
16.7
16.6
16.7
16.9
16.9
16.6
16.4
16.2
16.3
16.4
16.4
16.4
16.5
16.5
16.6
16.6
16.7
16.9
17.1
17.1
17.2
17.3
17.3
17.3
17.3
17.1
16.9
16.5
16.6
16.6
16.7
16.6
16.5
16.4
16.4
16.4
16.3
16.3
16.2
16.2
16.2
16.2
16.2
16.3
16.4
16.4
16.5
16.6
16.7
16.7
16.9
16.9
17.1
17.2
17.3
17.2
17.1
16.9
16.7
16.6
16.5
16.5
16.5
16.4
16.3
16.2
16.1
16.1
16.0
15.9
15.8
15.7
15.5
15.3
15.1
15.2
15.2
15.3
15.3
15.2
15.2
15.4
15.5
15.5
15.5
15.6
15.6
15.7
15.8
15.9
15.9
15.9
16.0
15.9
15.8
15.8
15.9
16.0
16.1
16.0
16.0
16.0
16.1
16.1
16.2
16.2
16.2
16.3
16.3
16.3
16.2
16.2
16.2
16.2
16.4
16.6
16.8
16.9
17.1
17.3
17.5
17.7
17.9
17.8
17.8
17.7
17.7
17.7
17.7
17.8
17.8
17.8
17.9
17.9
18.0
18.2
18.4
18.7
18.4
---END OF 10 MEASUREMENTS---
