10.2416666667
11.1525423729
8.845
9.10526315789
9.77627118644
10.16
8.95666666667
9.11166666667
9.58833333333
9.0406779661
9.17068965517
9.11206896552
8.54666666667
8.05593220339
9.2
8.18596491228
8.56346153846
8.095
9.41052631579
8.74137931034
7.99491525424
8.19322033898
10.145
11.0066666667
10.1733333333
11.0413793103
10.7254237288
11.7127272727
12.1327586207
9.98
10.6216666667
10.8283333333
10.595
10.3728813559
10.7333333333
8.73833333333
9.75166666667
9.94333333333
9.995
10.4366666667
9.815
9.975
10.96
10.21
9.36
9.93
9.94166666667
11.0516666667
9.32333333333
10.0661016949
11.42
11.91
10.4683333333
10.0533333333
10.1433333333
9.78166666667
10.8690909091
10.8327586207
11.0340425532
9.60677966102
--END OF 1--
14.9616666667
21.0813559322
12.5616666667
13.3684210526
14.8016949153
13.9533333333
12.7633333333
12.0833333333
12.83
12.513559322
13.0655172414
12.7586206897
11.6016666667
11.6237288136
12.91
11.9964912281
13.9634615385
12.2383333333
12.798245614
11.5120689655
12.9728813559
13.0338983051
13.23
13.285
14.4266666667
16.0603448276
16.3254237288
16.8909090909
16.2431034483
14.3
14.7966666667
14.4066666667
15.5033333333
14.6779661017
15.9783333333
14.8866666667
14.7516666667
14.46
14.52
15.1033333333
15.43
15.6016666667
16.8690909091
15.3516666667
14.4383333333
14.925
13.9666666667
14.6166666667
13.6083333333
13.7508474576
15.3833333333
14.9383333333
14.46
14.8883333333
14.7716666667
14.7466666667
16.4036363636
15.4344827586
16.0127659574
14.0372881356
--END OF 2--
