11.8483333333
11.7316666667
10.5183333333
11.9416666667
11.1583333333
9.87333333333
10.595
10.0183333333
12.2762711864
11.2466666667
11.2966666667
12.14
9.80666666667
11.8516666667
10.8166666667
11.5133333333
10.7355932203
10.8866666667
11.7
11.315
11.2
10.1603448276
10.693220339
11.2966666667
10.9683333333
10.2633333333
10.56
10.735
10.56
11.5033333333
10.7796610169
10.1416666667
10.6116666667
10.4366666667
10.4728813559
9.86779661017
8.85172413793
9.25714285714
8.38813559322
8.96964285714
7.56610169492
8.24666666667
8.40166666667
8.525
9.28421052632
8.10666666667
8.91551724138
8.79166666667
9.4350877193
9.24406779661
9.66206896552
9.2962962963
10.6610169492
10.9627118644
9.88947368421
8.94339622642
9.4406779661
10.0210526316
11.0833333333
10.2982142857
--END OF 1--
14.165
13.2183333333
13.8116666667
15.0983333333
13.7683333333
13.5983333333
12.585
12.485
14.3050847458
13.5266666667
14.1383333333
13.1583333333
11.9383333333
13.35
14.0883333333
14.3666666667
13.2542372881
14.0633333333
13.7233333333
14.1283333333
13.5933333333
12.1465517241
12.8542372881
14.8366666667
13.0783333333
13.5483333333
13.3266666667
12.96
13.84
13.8033333333
14.5
13.65
12.445
14.23
13.1983050847
11.7322033898
12.7431034483
12.4232142857
11.5762711864
12.2321428571
12.2050847458
11.7083333333
12.1366666667
11.8533333333
13.5912280702
11.2816666667
11.6155172414
12.1683333333
12.798245614
13.2406779661
12.6017241379
12.7518518519
13.286440678
13.9762711864
13.1719298246
12.5188679245
11.7050847458
11.9824561404
13.9416666667
12.4125
--END OF 2--
