21.6366666667
22.4433333333
22.8316666667
22.9566666667
20.8416666667
21.6183333333
21.6372881356
21.2633333333
20.8116666667
22.3583333333
21.2016666667
19.2983333333
19.93
18.49
21.9305084746
21.7355932203
20.8315789474
20.18
22.1915254237
21.3949152542
18.54
19.1366666667
21.7033898305
20.975
19.88
19.5966666667
19.74
18.0542372881
18.9483333333
21.05
20.0933333333
18.5
19.7616666667
19.5566666667
19.1366666667
18.9616666667
20.8677966102
19.3866666667
19.5
19.4683333333
17.9559322034
20.1433333333
18.5316666667
18.5666666667
18.1266666667
18.3516666667
18.1316666667
19.22
19.9316666667
18.6830508475
17.8192307692
17.9816666667
18.3666666667
16.0898305085
18.215
19.0118644068
16.7728813559
17.9616666667
17.8033898305
23.301754386
--END OF 1--
29.6483333333
28.3583333333
27.5866666667
30.4633333333
28.92
28.6333333333
28.2661016949
25.855
26.62
27.6216666667
26.795
25.1066666667
27.26
24.0766666667
26.3542372881
26.6508474576
26.0614035088
24.7316666667
25.7610169492
26.1118644068
24.115
26.6783333333
28.6949152542
26.7466666667
25.8266666667
23.055
24.9766666667
26.6406779661
26.3816666667
26.4566666667
25.5133333333
23.64
25.415
24.44
25.6566666667
23.1316666667
27.013559322
24.59
25.76
24.9266666667
23.7644067797
26.1583333333
25.13
24.725
25.2266666667
24.53
25.1883333333
23.7833333333
24.0833333333
25.4949152542
24.8346153846
23.1983333333
23.6
20.3186440678
23.3616666667
23.1661016949
21.8305084746
24.1733333333
22.5372881356
30.7859649123
--END OF 2--
