13.3333333333
12.2783333333
10.9683333333
10.765
11.8189655172
12.05
11.5767857143
12.1883333333
12.3066666667
12.7338983051
12.54
11.355
11.565
10.17
10.41
12.3733333333
12.37
11.0661016949
11.8983333333
10.9566666667
12.5583333333
13.7383333333
9.94444444444
10.5766666667
13.1610169492
11.6385964912
10.32
10.6428571429
11.3847457627
12.305
10.065
12.145
13.5051724138
12.5983050847
13.0220338983
11.9
11.65
11.6666666667
10.8086206897
10.8310344828
10.450877193
9.88214285714
10.87
10.02
10.0133333333
10.275
10.1466666667
8.70666666667
10.6389830508
9.81333333333
10.1733333333
10.6716981132
12.09
11.2016666667
11.6733333333
12.6
11.7316666667
9.92
10.4783333333
11.0054545455
--END OF 1--
22.7816666667
21.4016666667
17.9233333333
15.6916666667
16.5086206897
18.205
16.9107142857
18.7166666667
18.3333333333
17.7915254237
18.8516666667
20.6216666667
20.925
22.5633333333
19.5466666667
18.1666666667
18.6433333333
17.7016949153
20.8966666667
19.3016666667
18.55
19.9383333333
17.3240740741
18.005
17.3830508475
17.7894736842
16.275
17.4446428571
17.8016949153
18.0266666667
16.9183333333
18.9866666667
18.9827586207
18.2169491525
17.6355932203
18.5745762712
15.645
16.8137254902
20.5465517241
18.2551724138
16.8105263158
15.9964285714
15.4666666667
14.3566666667
21.6766666667
17.295
16.9366666667
15.1
15.7830508475
15.01
14.4983333333
16.820754717
17.272
15.4983333333
17.9333333333
17.5616666667
15.4366666667
15.2533333333
14.1983333333
18.2290909091
--END OF 2--
