14.5583333333
15.006779661
15.4983333333
14.0366666667
15.1766666667
15.1816666667
15.2066666667
14.3016666667
14.605
14.506779661
15.5566666667
15.5716666667
13.9533333333
14.6533333333
15.335
14.6766666667
14.7583333333
15.4728813559
14.85
14.7733333333
14.4066666667
14.6116666667
16.7266666667
14.7183333333
14.705
15.5423728814
15.69
15.155
14.575
15.6266666667
13.99
15.055
15.005
16.2666666667
14.8355932203
14.995
15.2766666667
14.7466666667
15.5166666667
15.2366666667
14.18
15.055
14.8745762712
15.74
14.6966666667
15.0166666667
15.8733333333
14.4766666667
15.7633333333
15.8433333333
15.8322033898
14.8766666667
14.8883333333
14.0433333333
14.28
14.1366666667
14.7716666667
13.9033333333
15.245
14.3224137931
--END OF 1--
18.5666666667
20.4559322034
19.1816666667
18.6016666667
20.1766666667
19.37
18.6383333333
19.3233333333
19.4233333333
18.686440678
20.6316666667
18.9066666667
17.6066666667
18.985
18.8083333333
20.315
19.265
20.886440678
20.9683333333
20.045
19.1433333333
19.7033333333
21.2383333333
19.985
18.7066666667
19.1796610169
21.0766666667
22.525
21.0133333333
20.8616666667
20.1566666667
21.2983333333
19.6416666667
20.2083333333
20.6406779661
19.0316666667
20.4983333333
19.97
18.9483333333
18.9716666667
18.5133333333
19.6483333333
20.3542372881
19.2516666667
20.1983333333
20.6366666667
19.6533333333
18.0583333333
20.37
21.34
19.4271186441
17.9433333333
18.3283333333
19.46
21.825
19.3883333333
18.4866666667
17.4266666667
19.57
19.075862069
--END OF 2--
