14.895
13.2116666667
12.6016666667
12.5050847458
12.9701754386
14.0933333333
13.77
12.4593220339
12.4183333333
13.19
13.1333333333
12.78
14.1616666667
15.025
14.4466666667
13.2084745763
13.2333333333
13.3916666667
14.43
14.7583333333
13.2
12.36
11.2833333333
13.9711864407
13.1216666667
13.2916666667
13.9766666667
14.2033333333
13.385
12.9366666667
12.73
14.1915254237
13.9233333333
12.19
13.7133333333
13.5983333333
12.9916666667
12.46
14.1783333333
12.1186440678
12.3583333333
12.6483333333
12.6066666667
12.3716666667
14.64
15.3796610169
13.3583333333
13.7316666667
13.3783333333
11.3366666667
13.9616666667
13.595
14.1266666667
13.6
14.3813559322
12.9766666667
12.4383333333
13.0583333333
11.7766666667
14.5070175439
--END OF 1--
22.775
18.0533333333
18.86
18.2406779661
17.6684210526
20.1316666667
21.59
19.5610169492
19.0483333333
18.4683333333
18.6266666667
20.37
24.9783333333
21.6766666667
21.3133333333
18.6542372881
19.9883333333
20.0266666667
22.6116666667
19.6633333333
18.345
23.3283333333
20.5633333333
19.0118644068
20.1666666667
19.5433333333
20.63
20.4716666667
19.695
19.2883333333
20.23
20.2627118644
21.305
19.21
20.7166666667
20.065
20.0183333333
19.7333333333
19.9583333333
21.3050847458
18.97
18.195
18.7516666667
20.02
20.1033333333
20.9050847458
19.8533333333
22.325
20.9766666667
21.0316666667
21.5033333333
23.205
20.0366666667
21.3433333333
20.5813559322
18.7766666667
15.6033333333
18.03
19.01
20.1578947368
--END OF 2--
