20.5288135593
19.9983333333
19.3783333333
21.3466666667
21.4066666667
21.6316666667
21.0166666667
20.15
19.8118644068
20.885
18.735
18.985
21.2983333333
21.1433333333
20.7683333333
22.3933333333
20.9266666667
19.9050847458
19.6711864407
20.9305084746
18.0120689655
18.3315789474
18.7366666667
18.1683333333
17.7116666667
16.0216666667
16.844
17.1344827586
16.7655172414
16.46
18.5372881356
17.7766666667
16.2416666667
17.1472727273
16.5448275862
16.8981481481
16.2916666667
15.92
17.2783333333
17.0228070175
16.8807017544
16.9322033898
17.5372881356
18.224137931
17.3116666667
15.2423728814
15.2983333333
14.3232142857
14.1796296296
13.6711538462
13.9483333333
14.4396551724
12.9842105263
12.6616666667
14.6137931034
14.6716666667
14.3122807018
15.2943396226
14.6543859649
21.0105263158
--END OF 1--
23.5779661017
23.7733333333
25.0933333333
23.5666666667
23.175
25.215
24.805
25.4016666667
22.4542372881
24.9116666667
22.05
21.39
22.4233333333
26.1183333333
24.16
26.875
25.5766666667
23.613559322
26.5830508475
25.9118644068
22.6293103448
21.5859649123
21.1833333333
23.065
22.1716666667
18.8583333333
18.444
18.9465517241
19.9086206897
20.1466666667
22.0949152542
20.89
19.3033333333
20.2890909091
18.0086206897
20.7074074074
21.4033333333
19.705
20.5116666667
18.7385964912
19.5245614035
19.7677966102
19.8813559322
19.4293103448
20.0766666667
17.4508474576
18.0883333333
17.4392857143
16.7277777778
16.7326923077
17.1416666667
17.6327586207
16.7280701754
17.0933333333
17.5568965517
19.33
18.2228070175
16.6188679245
17.9789473684
24.3877192982
--END OF 2--
