8.37333333333
8.08983050847
9.96363636364
9.77457627119
10.293220339
9.83275862069
9.08
9.88771929825
10.2
9.05344827586
8.56
8.59310344828
8.08833333333
9.97090909091
8.65
8.83166666667
9.59830508475
9.88620689655
9.00666666667
8.67833333333
8.495
8.82545454545
8.86166666667
9.91206896552
10.413559322
9.37777777778
7.73666666667
8.86333333333
9.445
9.14915254237
8.45254237288
9.66896551724
8.41
8.38166666667
8.86
9.48644067797
8.41724137931
8.6
8.22711864407
8.595
9.80384615385
9.04666666667
8.64833333333
8.815
9.30357142857
7.98666666667
9.09827586207
9.60833333333
9.82105263158
8.35833333333
9.30517241379
8.72456140351
9.97894736842
8.64333333333
9.01551724138
9.72833333333
8.84509803922
8.6
8.99272727273
9.56034482759
--END OF 1--
11.4066666667
11.6627118644
12.1127272727
11.7457627119
12.6627118644
11.774137931
11.74
12.201754386
12.4616666667
12.3017241379
11.7633333333
12.6103448276
10.99
11.8672727273
10.5183333333
10.99
11.7474576271
12.7637931034
11.8266666667
11.435
11.6816666667
12.8727272727
11.6333333333
12.3275862069
13.4813559322
12.1518518519
10.8983333333
11.455
11.65
11.7542372881
12.4271186441
11.3327586207
11.075
12.0466666667
12.1233333333
13.4474576271
11.3655172414
11.5066666667
10.5050847458
10.865
11.9980769231
11.1716666667
11.915
12.24
13.2142857143
12.655
11.7965517241
12.5666666667
11.5473684211
11.67
11.9293103448
11.8140350877
11.350877193
11.1666666667
14.9672413793
14.245
12.2039215686
11.345
12.1872727273
12.8568965517
--END OF 2--
