13.4116666667
12.615
14.005
15.6551724138
14.44
14.14
13.5816666667
14.8766666667
13.445
14.0754716981
13.6233333333
13.2627118644
13.9714285714
14.88
13.7913793103
12.9779661017
15.0616666667
16.1551724138
16.1610169492
15.6694915254
15.6316666667
14.9116666667
15.69
15.1383333333
14.26
13.0203389831
14.4555555556
15.8383333333
14.1033333333
14.6066666667
15.0220338983
15.6083333333
15.3416666667
15.3333333333
15.2633333333
14.5333333333
14.91
16.2616666667
16.7818181818
15.8344827586
16.0465517241
14.2542372881
14.186440678
13.8545454545
13.4466666667
14.6633333333
16.5178571429
15.2881355932
15.9016666667
14.1416666667
15.5016666667
15.5883333333
15.8016666667
14.53
14.0683333333
13.8050847458
14.2116666667
14.8833333333
14.68
13.7892857143
--END OF 1--
19.1916666667
17.8183333333
18.67
17.725862069
18.46
18.7416666667
19.945
19.2683333333
17.9883333333
17.2320754717
18.545
17.4389830508
16.8089285714
18.9166666667
17.8017241379
17.6627118644
18.8733333333
19.6482758621
21.0033898305
20.3949152542
18.54
18.885
19.805
17.86
18.0466666667
16.6542372881
17.7462962963
18.6233333333
18.28
18.9516666667
19.0101694915
20.3983333333
21.13
19.265
19.9216666667
17.9033333333
20.3466666667
19.4633333333
19.8436363636
18.4172413793
18.6913793103
17.6271186441
16.5508474576
17.6872727273
18.74
18.6766666667
20.8285714286
18.4677966102
20.3133333333
18.3983333333
21.1416666667
18.9883333333
20.2633333333
19.8666666667
19.0716666667
17.2949152542
16.635
17.935
17.792
18.8071428571
--END OF 2--
