13.2701754386
13.325
13.1084745763
13.7416666667
14.4916666667
14.375
14.6321428571
13.3083333333
14.525
15.1583333333
15.0916666667
14.9627118644
15.515
14.0879310345
13.625862069
14.5966666667
14.6966666667
14.1338983051
13.6240740741
14.3603448276
14.7305084746
13.7166666667
14.4166666667
13.1672413793
13.5016666667
14.5466666667
15.405
14.1220338983
14.3298245614
14.3813559322
14.4203389831
13.793220339
13.8714285714
14.1847457627
14.4166666667
13.5474576271
14.17
15.0333333333
14.2859649123
13.7272727273
14.0611111111
14.5727272727
13.8866666667
12.9947368421
14.8066666667
12.0525423729
13.2617021277
14.8338983051
13.3457627119
13.6237288136
13.7266666667
14.5267857143
14.8516666667
13.825
12.2728813559
12.9057692308
14.085
13.8366666667
14.0285714286
12.8035714286
--END OF 1--
17.5894736842
19.2616666667
16.2966101695
18.6666666667
18.1066666667
18.5133333333
17.7428571429
19.515
19.35
17.5183333333
18.6766666667
17.6949152542
21.0283333333
19.5689655172
16.7620689655
19.0716666667
20.0316666667
18.8525423729
17.1018518519
17.3224137931
18.2949152542
17.85
17.7533333333
17.9068965517
19.1083333333
18.92
19.105
18.8830508475
18.5719298246
18.0084745763
16.5644067797
17.813559322
18.1446428571
17.6050847458
18.145
17.7915254237
18.1583333333
19.0116666667
18.0245614035
16.7836363636
16.9074074074
18.3618181818
18.1616666667
16.1789473684
18.1266666667
17.0423728814
16.7468085106
17.6983050847
17.186440678
17.6186440678
17.695
16.9946428571
18.105
17.8183333333
17.786440678
17.2865384615
17.6
17.605
16.8857142857
16.4035714286
--END OF 2--
