14.1983333333
15.735
15.285
15.4666666667
14.9966666667
16.3466666667
17.0254237288
15.5733333333
17.0983050847
14.7483333333
15.32
14.255
15.4733333333
15.3216666667
15.2733333333
16.5816666667
18.6416666667
16.0610169492
15.615
16.015
15.415
15.6916666667
16.2416666667
18.4525423729
17.7793103448
17.5266666667
17.8214285714
17.2701754386
16.0766666667
16.6679245283
16.4087719298
16.2888888889
17.4366666667
16.5568965517
17.5836363636
16.8941176471
17.2196078431
18.005
16.8233333333
16.9892857143
17.3872727273
15.3333333333
16.5103448276
15.7627118644
16.7408163265
16.6465517241
17.0533333333
18.495
17.3982758621
16.8981818182
17.3052631579
16.3824561404
16.1263157895
16.27
17.295
16.6425925926
14.9616666667
16.61
17.21
15.0537037037
--END OF 1--
20.8233333333
23.7233333333
24.83
25.6533333333
23.4333333333
25.0166666667
26.0440677966
28.2933333333
23.7847457627
22.265
24.5983333333
23.2466666667
25.3283333333
23.8416666667
25.9333333333
27.695
25.3366666667
23.4220338983
25.5616666667
24.535
22.14
23.455
22.4866666667
24.4644067797
23.0689655172
24.045
26.1642857143
23.2684210526
23.3533333333
23.1132075472
21.7578947368
22.0333333333
24.3466666667
25.5534482759
28.3872727273
23.7470588235
22.2921568627
26.2333333333
24.4183333333
24.6946428571
27.5072727273
24.7916666667
25.0189655172
23.3745762712
23.5285714286
23.2534482759
24.3166666667
26.285
24.8327586207
23.6890909091
25.0035087719
22.1403508772
22.4543859649
23.3883333333
26.3733333333
23.85
21.9116666667
24.4283333333
25.3783333333
21.7055555556
--END OF 2--
