11.6266666667
11.9711864407
11.475
11.655
11.975
12.1254545455
12.4034482759
11.845
12.6087719298
12.07
12.9333333333
11.4933333333
12.0233333333
11.4066666667
11.5431034483
11.9288135593
12.7053571429
12.1949152542
12.0593220339
12.7913793103
13.2358490566
12.2866666667
12.5436363636
12.4586206897
12.3483333333
12.29
11.6733333333
11.1416666667
11.6516666667
11.5966666667
11.4589285714
12.6116666667
13.5294117647
13.3915254237
10.74
12.3355932203
11.9183333333
11.6033333333
11.39
10.49
11.5666666667
10.9683333333
10.8644067797
12.5433333333
12.1983333333
12.5216666667
12.93
12.3683333333
12.8366666667
13.437037037
12.0433333333
12.6283333333
12.1116666667
13.3263157895
13.5982758621
11.9490566038
12.9886792453
13.4133333333
12.8516666667
11.9655172414
--END OF 1--
19.3333333333
18.4389830508
16.0083333333
17.075
18.36
16.3527272727
17.2913793103
15.6133333333
16.4578947368
15.1233333333
16.0516666667
15.4233333333
15.28
15.08
16.2706896552
16.3830508475
16.925
16.2237288136
16.4830508475
16.324137931
16.8339622642
16.34
16.6345454545
16.5551724138
15.5716666667
15.8483333333
14.6566666667
15.2366666667
14.8966666667
15.54
15.7946428571
16.385
16.6823529412
16.3033898305
15.0283333333
14.6
15.85
15.4133333333
14.435
15.4866666667
16.1666666667
15.415
15.2220338983
14.89
14.9766666667
15.3
15.38
15.435
16.255
16.5037037037
15.0233333333
15.4966666667
15.9116666667
16.8824561404
17.0327586207
16.9
18.2566037736
22.2433333333
16.5266666667
16.1362068966
--END OF 2--
