16.7821428571
18.505
19.045
18.7866666667
21.3366666667
20.9466666667
20.38
19.4288135593
17.7616666667
19.53
20.0316666667
20.6916666667
20.9733333333
21.1
20.6783333333
21.0633333333
18.8694915254
19.535
20.2716666667
20.8066666667
20.5633333333
21.5133333333
20.9316666667
19.8816666667
21.0916666667
22.8830508475
21.6116666667
21.7383333333
20.2016666667
21.565
20.8216666667
20.3633333333
18.94
16.4966101695
17.71
17.7327586207
18.1137931034
17.3169491525
17.7086206897
17.4821428571
18.2983333333
18.625
17.8933333333
17.1764705882
18.1
18.4456140351
18.4661016949
18.8716666667
19.0766666667
19.1033333333
19.18
19.7305084746
18.45
20.0716666667
18.89
19.2666666667
18.2816666667
18.83
17.84
17.4346153846
--END OF 1--
19.7928571429
21.5883333333
22.14
21.2566666667
22.865
22.3783333333
23.27
21.3203389831
20.2733333333
23.0016666667
23.4583333333
22.9866666667
22.6916666667
23.0083333333
22.0516666667
23.74
21.0508474576
22.335
23.425
23.5733333333
23.57
23.8983333333
22.7133333333
22.7033333333
24.0366666667
25.1220338983
24.7516666667
22.865
22.4016666667
23.1766666667
22.6116666667
23.835
21.4433333333
20.913559322
21.3716666667
20.3086206897
20.5551724138
21.3152542373
21.0275862069
20.6732142857
20.64
21.5833333333
22.1283333333
22.2176470588
20.6368421053
20.7105263158
21.3881355932
20.3116666667
22.045
21.9616666667
20.9383333333
22.7101694915
20.2766666667
21.785
22.6266666667
22.445
21.7666666667
19.8966666667
19.3916666667
20.5365384615
--END OF 2--
