18.3320754717
17.0816666667
16.3254237288
18.2616666667
18.0416666667
17.1711111111
17.287037037
17.1280701754
17.3583333333
17.625
16.1037037037
17.4053571429
16.3578947368
17.0406779661
19.3333333333
19.6133333333
18.28
18.185
18.9533333333
18.5766666667
18.1644067797
18.3516666667
19.0783333333
19.0683333333
19.1133333333
16.7766666667
18.7433333333
19.4466666667
17.886440678
18.89
19.3066666667
17.0433962264
16.7706896552
17.8133333333
17.8
17.5140350877
17.7898305085
18.33
19.1416666667
17.5266666667
19.105
17.1578947368
18.155
19.925
18.1983333333
16.2779661017
18.8766666667
18.5566666667
15.9327586207
15.7916666667
15.73
15.6466666667
15.28
17.0813559322
14.885
13.9883333333
16.06
16.2516666667
17.0148148148
17.2210526316
--END OF 1--
22.6811320755
22.3883333333
20.2661016949
20.5766666667
23.5766666667
19.0266666667
20.8296296296
19.7666666667
19.5066666667
18.875
19.587037037
20.3714285714
18.5789473684
19.586440678
21.5566666667
23.3466666667
20.7466666667
21.29
23.29
21.67
20.7644067797
21.23
20.975
22.3
21.925
21.295
21.875
22.0516666667
20.0711864407
21.2633333333
21.2966666667
21.8754716981
19.7827586207
20.1416666667
20.5084745763
20.3263157895
20.3440677966
19.895
21.31
23.7683333333
22.2816666667
22.0192982456
22.25
22.7283333333
21.4116666667
20.4661016949
21.155
20.645
20.0948275862
19.0783333333
19.405
18.87
18.5333333333
20.193220339
19.3766666667
18.6483333333
19.5016666667
19.2616666667
21.4796296296
21.1789473684
--END OF 2--
