7.855
7.05166666667
7.4
8.36
7.415
7.60677966102
7.86833333333
6.425
6.96666666667
7.55666666667
8.65666666667
8.095
8.09666666667
8.22
8.01355932203
7.11
7.47166666667
8.47
8.385
7.49
7.87
8.25166666667
8.76271186441
8.16
8.07
7.81833333333
7.90333333333
8.79
8.91428571429
8.5
8.01833333333
8.83148148148
7.93666666667
8.21666666667
8.61833333333
8.38833333333
8.44833333333
8.73559322034
8.96607142857
8.81896551724
8.54482758621
7.75833333333
7.15666666667
7.65
7.06271186441
7.465
6.86101694915
7.90833333333
8.11333333333
7.03666666667
7.63833333333
7.36
6.88666666667
8.18833333333
8.94406779661
9.12
8.29166666667
8.53559322034
9.265
7.53157894737
--END OF 1--
11.1166666667
10.645
11.0333333333
11.4816666667
13.0383333333
12.7440677966
11.6883333333
10.195
10.7
11.8983333333
11.7633333333
11.6983333333
11.9116666667
11.2916666667
10.6898305085
11.6033333333
10.6233333333
12.1316666667
11.86
11.125
10.6733333333
10.645
11.1372881356
11.0716666667
11.42
11.4066666667
11.195
12.0883333333
12.7571428571
12.6525423729
12.3366666667
11.5055555556
10.61
11.5933333333
11.4866666667
11.5466666667
12.8583333333
11.6389830508
12.2839285714
12.1793103448
12.5362068966
11.145
10.8566666667
12.4433333333
13.4338983051
11.3883333333
11.013559322
11.27
12.9083333333
11.0316666667
11.4383333333
11.5366666667
10.915
11.1366666667
11.4677966102
11.3933333333
12.475
13.1593220339
14.505
11.450877193
--END OF 2--
