16.4433333333
17.2
16.613559322
17.662745098
16.3482142857
15.9483333333
15.3483333333
17.0933333333
15.6172413793
16.5152542373
16.1035087719
16.6711538462
17.886440678
16.2779661017
17.5381818182
18.0736842105
17.206779661
15.7433333333
16.7983050847
17.64
18.045
17.3052631579
16.5271186441
17.9779661017
17.2508474576
15.9844827586
16.5333333333
16.4603448276
15.5583333333
17.6
17.1314814815
16.6054545455
15.07
16.4571428571
16.8618181818
15.6433333333
17.386440678
15.7881355932
16.5543859649
15.5566666667
16.5186440678
17.5133333333
16.8813559322
16.9052631579
15.9779661017
16.4578947368
15.88
16.5118644068
16.9379310345
17.985
15.925
16.165
14.435
17.2775862069
16.1155172414
16.9333333333
16.5120689655
15.895
15.135
18.0403508772
--END OF 1--
23.355
23.150877193
22.7711864407
29.031372549
22.1321428571
24.3433333333
21.4966666667
23.9966666667
23.6448275862
25.9542372881
23.6438596491
26.125
23.8661016949
23.7542372881
22.8
22.6315789474
22.6796610169
24.0516666667
26.1593220339
24.3416666667
23.1483333333
22.7298245614
23.3881355932
23.6237288136
25.0830508475
24.3689655172
24.1222222222
22.9379310345
22.1966666667
23.45
24.3351851852
23.9890909091
26.9233333333
23.4196428571
23.04
23.2183333333
23.6593220339
24.2694915254
21.8140350877
23.6
23.0355932203
27.505
24.1677966102
23.9859649123
23.8237288136
22.7789473684
25.065
26.5186440678
23.6086206897
24.72
21.285
23.0566666667
21.34
26.1465517241
24.6775862069
24.3456140351
21.7706896552
23.71
20.935
28.4438596491
--END OF 2--
