8.70877192982
7.995
9.07894736842
8.34833333333
8.91666666667
8.16833333333
8.22711864407
8.53050847458
9.41272727273
8.87678571429
7.73166666667
7.99
7.17166666667
7.175
6.96949152542
6.59
7.495
7.275
7.42
7.23833333333
7.61166666667
7.92833333333
6.9
7.58333333333
8.63333333333
7.155
7.75833333333
7.99
8.175
8.035
8.18596491228
8.16315789474
7.365
7.84333333333
8.32833333333
8.41525423729
8.71833333333
8.43166666667
7.82
6.91166666667
7.39333333333
8.04333333333
7.615
6.835
8.74237288136
9.26206896552
7.72666666667
6.815
8.36333333333
7.89666666667
8.82857142857
8.75818181818
8.7
7.45833333333
7.01
7.57413793103
7.33559322034
7.13333333333
7.4862745098
9.09464285714
--END OF 1--
12.7157894737
12.1866666667
12.8245614035
11.8266666667
11.605
12.1916666667
13.6915254237
11.993220339
12.8436363636
12.4607142857
12.3066666667
11.5266666667
11.2583333333
12.0533333333
12.4711864407
12.9733333333
12.3183333333
11.86
12.4133333333
11.9916666667
12.4233333333
13.7466666667
12.9898305085
13.8233333333
14.7733333333
11.6516666667
14.095
12.9383333333
13.24
12.3166666667
12.4736842105
12.4350877193
11.8233333333
12.3766666667
11.575
12.0813559322
11.7
11.1216666667
11.575
13.5033333333
12.5116666667
12.9583333333
12.6366666667
11.1183333333
12.1949152542
12.4362068966
11.815
10.5
12.0066666667
12.2116666667
12.6642857143
13.8854545455
14.1440677966
11.2416666667
11.845
12.9482758621
12.5966101695
11.55
13.3843137255
12.5767857143
--END OF 2--
