9.06140350877
9.32075471698
9.25172413793
10.0133333333
8.06610169492
9.50338983051
7.84576271186
8.30833333333
9.34745762712
7.55593220339
8.23333333333
8.86206896552
8.72166666667
9.85593220339
9.62456140351
9.40666666667
10.1633333333
8.44666666667
8.21186440678
7.16833333333
8.62333333333
8.37627118644
8.01379310345
7.6862745098
9.06724137931
8.80508474576
8.31333333333
8.20677966102
7.57833333333
7.97818181818
8.48103448276
7.83559322034
8.85762711864
8.88771929825
7.61
7.63148148148
7.57
9.01929824561
9.93793103448
7.47
7.69666666667
7.41694915254
8.73166666667
9.375
7.725
7.18333333333
7.64666666667
8.33333333333
7.78666666667
8.09642857143
8.57288135593
7.18333333333
7.65666666667
8.14666666667
8.32166666667
7.47
7.49166666667
7.94666666667
7.32372881356
9.23214285714
--END OF 1--
12.5421052632
12.5716981132
12.4724137931
13.8466666667
13.3830508475
13.8898305085
12.4898305085
12.525
13.0474576271
12.3457627119
13.1684210526
12.6534482759
12.6283333333
12.7728813559
12.8894736842
13.36
14.065
12.4133333333
12.5559322034
12.3633333333
13.9566666667
12.3203389831
12.7603448276
13.8823529412
13.6344827586
13.1101694915
14.14
12.4525423729
12.01
13.12
12.825862069
12.9644067797
13.3423728814
13.5859649123
12.9383333333
12.9851851852
12.0833333333
13.1824561404
12.9603448276
11.9983333333
12.8316666667
11.7593220339
13.36
12.8983333333
12.515
12.0916666667
14.145
14.1516666667
13.13
12.9857142857
12.7898305085
12.5166666667
12.7333333333
12.485
12.265
11.8916666667
11.8316666667
12.1516666667
11.7779661017
12.3910714286
--END OF 2--
