6.51016949153
5.86833333333
5.91666666667
5.98333333333
6.03833333333
5.285
5.47
5.74833333333
6.8
6.225
5.57333333333
5.74
6.16166666667
7.28333333333
6.81833333333
6.615
6.53
7.71016949153
6.75166666667
6.65666666667
6.01166666667
6.75666666667
7.72666666667
7.495
7.85666666667
6.86610169492
6.95166666667
7.655
6.85084745763
8.00833333333
7.59166666667
7.35172413793
6.935
7.66896551724
8.91090909091
7.93559322034
8.61355932203
8.13833333333
8.36440677966
8.03559322034
8.77166666667
7.26206896552
8.32542372881
6.67833333333
9.14833333333
8.07413793103
6.88596491228
8.59666666667
8.32
7.70169491525
7.88333333333
8.02545454545
8.18928571429
8.1406779661
8.97166666667
8.92857142857
6.96101694915
9.15833333333
9.10166666667
6.24745762712
--END OF 1--
11.7338983051
12.5733333333
11.7483333333
12.3216666667
12.1083333333
11.8716666667
12.9733333333
11.7916666667
12.1322033898
12.6616666667
12.0766666667
12.625
12.7283333333
12.7716666667
13.2766666667
12.8866666667
12.95
13.2152542373
14.4316666667
13.9333333333
15.64
13.4133333333
12.9616666667
12.8416666667
13.255
14.886440678
12.8083333333
13.2766666667
12.8525423729
14.3966666667
14.0633333333
14.075862069
13.98
13.8051724138
13.7963636364
15.3372881356
15.0372881356
15.3633333333
14.2016949153
14.186440678
14.865
13.8793103448
14.8779661017
13.1866666667
16.3516666667
15.2103448276
13.0859649123
14.82
14.5516666667
14.806779661
14.1466666667
14.1672727273
13.1678571429
13.8305084746
14.9216666667
15.3089285714
14.2677966102
13.775
14.8016666667
12.293220339
--END OF 2--
