7.95833333333
6.58
5.98305084746
6.335
6.875
6.64666666667
7.32
6.76666666667
5.82
6.66333333333
7.18166666667
7.1813559322
5.84666666667
7.67333333333
6.98333333333
7.64666666667
7.38333333333
8.01355932203
6.555
6.25
7.65833333333
7.54166666667
7.60666666667
6.25833333333
6.14833333333
5.62881355932
6.49
6.79833333333
5.795
5.72333333333
6.63166666667
8.20833333333
7.15166666667
6.595
5.86610169492
7.16333333333
7.66
5.95
5.85666666667
6.8
7.84833333333
6.87833333333
6.45423728814
7.09333333333
7.46833333333
7.235
6.21333333333
6.455
7.045
6.745
6.57796610169
6.84833333333
7.065
6.8
6.78666666667
7.21833333333
7.06
6.65166666667
6.36666666667
7.10892857143
--END OF 1--
11.8033333333
12.0283333333
11.3237288136
11.025
11.6883333333
12.0366666667
11.6416666667
12.0266666667
12.0133333333
11.32
13.5483333333
12.5813559322
10.7483333333
13.4933333333
13.5366666667
11.8633333333
11.1133333333
11.3237288136
11.9183333333
11.97
12.8966666667
13.1516666667
11.995
12.1866666667
11.2966666667
11.3983050847
12.8333333333
11.53
13.2616666667
11.4
12.9966666667
14.4666666667
13.04
13.2866666667
11.706779661
13.175
14.7316666667
11.91
11.435
12.5616666667
13.3616666667
12.8216666667
12.1338983051
12.0766666667
11.9483333333
12.7733333333
11.9433333333
12.4166666667
11.915
11.4833333333
12.0508474576
11.4466666667
11.035
11.995
13.1116666667
11.1733333333
11.5716666667
12.2583333333
12.2283333333
10.825
--END OF 2--
