9.73
10.6033333333
10.84
10.0283333333
10.6183333333
10.52
9.70166666667
10.6338983051
10.0216666667
9.71833333333
10.5216666667
11.445
11.1633333333
10.0683333333
8.46
9.4593220339
10.1816666667
8.635
8.82105263158
9.4
9.33103448276
9.70333333333
9.665
9.29285714286
10.285
10.835
10.7152542373
10.725
9.47
9.97333333333
9.34333333333
10.3833333333
9.99333333333
11.1333333333
11.1813559322
11.435
10.6066666667
12.235
12.445
11.2683333333
11.895
11.5033333333
12.1033333333
11.6474576271
11.2616666667
12.2416666667
11.9983333333
11.4133333333
11.0683333333
11.4266666667
12.1783333333
11.5728813559
12.205
12.75
12.8916666667
13.2666666667
11.8166666667
12.0733333333
12.1983333333
9.90877192982
--END OF 1--
13.79
13.6166666667
14.11
13.8466666667
14.2933333333
14.385
13.2216666667
13.8254237288
12.6883333333
13.0433333333
13.9516666667
15.13
14.1233333333
13.45
13.4
13.1491525424
14.2733333333
12.9366666667
12.6666666667
13.365
12.874137931
14.0933333333
13.4166666667
13.0589285714
14.3416666667
14.1283333333
13.5949152542
13.6433333333
13.3983333333
13.8616666667
13.195
13.8516666667
13.4766666667
14.1483333333
13.8305084746
14.845
15.2733333333
14.65
15.565
15.0166666667
14.3633333333
14.4233333333
16.2883333333
15.0966101695
13.4933333333
14.4266666667
15.8433333333
14.4533333333
13.6316666667
13.7816666667
14.2766666667
13.6796610169
15.015
15.6633333333
15.8466666667
16.1366666667
14.405
15.2316666667
15.8
13.4631578947
--END OF 2--
