12.4983050847
14.3466666667
14.63
12.9883333333
14.905
13.6
13.4118644068
13.3816666667
13.3033333333
12.0466666667
11.3066666667
13.4305084746
13.08
11.9413793103
12.8603448276
13.3035714286
12.6071428571
12.3406779661
11.58
13.1588235294
12.8271186441
12.8661016949
12.9732142857
13.1175438596
12.9016666667
12.2516666667
12.4916666667
11.7915254237
11.6333333333
12.9566666667
11.5083333333
13.4116666667
11.595
11.0016666667
10.806779661
9.26181818182
10.5833333333
8.94406779661
9.10344827586
8.77678571429
8.89824561404
9.70677966102
9.86896551724
11.005
10.2316666667
10.098
10.7783333333
10.1288135593
9.74
10.59
11.145
10.995
10.2316666667
10.9683333333
11.8345454545
12.3216666667
12.4916666667
12.2616666667
12.03
12.7454545455
--END OF 1--
14.506779661
17.9066666667
19.6
15.0266666667
17.2533333333
15.3203389831
16.406779661
16.35
14.8833333333
14.7416666667
16.0633333333
18.9627118644
19.9283333333
16.3379310345
17.7775862069
17.1571428571
16.8642857143
17.7694915254
14.4
16.4196078431
15.6440677966
16.2440677966
16.6071428571
16.9192982456
15.305
13.94
13.9016666667
13.4762711864
14.4766666667
16.2683333333
15.3533333333
15.4
15.35
14.745
14.6322033898
13.2054545455
13.9866666667
13.1322033898
13.2620689655
12.3303571429
13.0473684211
14.2576271186
13.1396551724
14.2783333333
13.2083333333
12.552
13.095
13.0355932203
14.5466666667
15.2283333333
13.325
13.705
14.175
13.6066666667
15.7490909091
14.7066666667
14.5733333333
15.305
13.7483333333
16.7490909091
--END OF 2--
