6.83220338983
7.02166666667
6.03
6.64333333333
6.95
6.93333333333
7.58333333333
7.27833333333
7.07457627119
7.46833333333
7.60333333333
7.84833333333
5.87666666667
6.15666666667
6.48166666667
6.49166666667
5.575
6.28474576271
6.825
6.59833333333
7.135
6.375
6.13333333333
7.59666666667
6.27833333333
6.45423728814
7.47833333333
6.28666666667
5.69666666667
6.11833333333
6.44833333333
6.34166666667
5.81833333333
7.05333333333
5.87627118644
5.37333333333
6.96333333333
6.015
6.59166666667
6.30666666667
5.72166666667
6.185
6.93389830508
6.62
6.57333333333
7.03666666667
7.345
7.72166666667
6.545
7.15666666667
7.055
5.51694915254
6.56166666667
6.045
5.85833333333
5.52333333333
7.36833333333
6.60666666667
5.73
6.29333333333
--END OF 1--
10.8033898305
10.6566666667
10.745
10.6233333333
11.555
11.1066666667
11.1366666667
10.72
11.0593220339
11.9016666667
11.6066666667
10.9316666667
10.085
10.105
10.2616666667
10.4266666667
10.4666666667
11.8033898305
10.8983333333
10.165
11.2416666667
9.99666666667
10.1983333333
12.115
10.965
10.5627118644
10.6083333333
10.3116666667
9.96
10.0216666667
9.93666666667
10.7233333333
10.7783333333
10.6616666667
9.51016949153
9.48333333333
10.355
10.065
10.0266666667
9.835
9.63166666667
10.6083333333
10.8881355932
10.6333333333
11.35
10.7333333333
11.01
11.0966666667
10.675
10.2933333333
10.1983333333
9.62372881356
9.72
10.2816666667
9.54833333333
9.40666666667
10.74
10.7533333333
9.97333333333
11.2683333333
--END OF 2--
