14.6283333333
15.105
14.5847457627
15.125
16.155
15.6883333333
15.4636363636
15.6916666667
14.7066666667
15.7
17.4725490196
17.3339285714
16.2321428571
15.31
16.2090909091
16.1266666667
16.045
16.435
14.7966666667
13.6366666667
13.6933333333
12.7316666667
12.5898305085
13.425
12.0118644068
12.185
12.9949152542
13.19
14.4516666667
15.4745454545
15.4677966102
15.4966101695
14.42
14.1033898305
15.0916666667
14.7516666667
15.1683333333
16.62
14.7406779661
15.4034482759
16.113559322
15.945
14.5216666667
14.7883333333
15.4733333333
15.5016666667
14.0
14.9333333333
14.6898305085
15.8305084746
15.4566666667
16.4694915254
16.2983050847
16.045
16.9736842105
16.0083333333
15.0118644068
14.275
14.2183333333
14.650877193
--END OF 1--
17.8466666667
18.8516666667
17.5949152542
19.0066666667
18.8266666667
18.4566666667
17.6090909091
18.5
18.36
17.4894736842
19.1980392157
20.7625
20.3160714286
19.3183333333
18.3309090909
19.7366666667
18.56
19.55
18.8266666667
17.9683333333
16.2966666667
15.7416666667
16.2559322034
18.2466666667
16.706779661
16.1766666667
15.9355932203
18.125
18.555
18.2036363636
19.1050847458
18.413559322
18.4833333333
17.4372881356
19.745
18.8383333333
18.1666666667
19.3183333333
17.0983050847
18.1534482759
19.0474576271
20.1833333333
18.56
17.7633333333
18.5083333333
20.61
18.0316666667
18.835
17.9050847458
19.2440677966
19.74
19.1949152542
20.1881355932
23.6116666667
19.8192982456
19.1766666667
18.5186440678
18.1233333333
18.7516666667
18.1175438596
--END OF 2--
