9.31052631579
9.3224137931
8.54745762712
8.60701754386
9.87666666667
10.1933333333
9.21694915254
8.90925925926
8.9
10.0066666667
10.0333333333
9.44406779661
10.205
7.86166666667
8.89
10.5066666667
10.2366666667
10.4271186441
9.89166666667
10.2733333333
9.68644067797
9.43571428571
10.12
9.80344827586
9.87068965517
9.72372881356
9.77118644068
8.97678571429
9.25084745763
8.97118644068
9.97666666667
8.81578947368
7.78166666667
9.29322033898
8.13
9.32881355932
9.94745762712
9.11964285714
9.59622641509
9.44333333333
10.0383333333
9.2724137931
8.56896551724
8.64666666667
8.56949152542
10.1616666667
9.51228070175
8.64666666667
9.27333333333
10.1372881356
9.725
9.72833333333
9.24333333333
8.61960784314
9.29830508475
10.68
10.9333333333
9.85666666667
8.98305084746
10.7982758621
--END OF 1--
13.6315789474
13.3603448276
14.5576271186
13.8122807018
13.42
13.7133333333
13.3542372881
13.7240740741
13.0559322034
13.1083333333
13.3133333333
12.9898305085
13.9716666667
12.67
14.1166666667
14.5383333333
14.0016666667
14.0949152542
13.4166666667
13.2916666667
12.4983050847
12.5089285714
13.8333333333
13.6344827586
13.3379310345
12.4983050847
13.1237288136
13.375
13.0355932203
13.6779661017
14.9283333333
12.9438596491
12.38
13.106779661
12.1183333333
12.2796610169
13.5338983051
13.0946428571
14.0320754717
13.93
13.5066666667
13.5051724138
12.2862068966
11.63
12.6016949153
13.0966666667
12.301754386
14.61
14.48
14.8237288136
13.5483333333
14.07
14.6366666667
13.4137254902
13.8033898305
20.6066666667
15.6933333333
14.1816666667
12.6593220339
17.7413793103
--END OF 2--
