10.9133333333
10.5066666667
10.485
9.97
8.46440677966
9.46545454545
8.61666666667
10.31
9.99833333333
8.17333333333
8.00178571429
7.955
8.15862068966
9.36666666667
10.2661016949
10.1316666667
8.75166666667
9.275
9.97118644068
10.5644067797
8.88793103448
8.67457627119
10.3375
8.92666666667
9.24333333333
10.385
9.10833333333
8.605
9.43833333333
9.17118644068
7.815
8.69666666667
7.96949152542
8.93898305085
8.97068965517
8.62372881356
8.36206896552
10.0403508772
10.1716666667
9.70338983051
9.31694915254
9.57666666667
8.4775862069
10.0366666667
9.73333333333
9.8186440678
8.73
9.20666666667
9.395
9.86101694915
9.85
8.53076923077
9.285
8.77666666667
10.1
9.13833333333
9.27
8.83389830508
8.89491525424
9.12413793103
--END OF 1--
15.6966666667
15.9816666667
13.7266666667
15.0283333333
13.2254237288
12.8709090909
15.17
15.905
15.4183333333
14.2933333333
13.7160714286
12.9483333333
12.3672413793
14.0583333333
16.3254237288
15.155
16.0216666667
14.94
15.3711864407
18.2796610169
14.2224137931
14.6576271186
15.6625
17.2733333333
14.5183333333
13.9983333333
14.5716666667
14.695
14.9383333333
15.8694915254
13.5616666667
14.6416666667
12.7847457627
14.0610169492
13.5931034483
13.8288135593
13.7310344828
16.1719298246
15.06
14.3050847458
15.5627118644
13.535
14.2637931034
13.9833333333
13.5566666667
14.2779661017
17.4116666667
14.5383333333
13.86
13.206779661
15.1483333333
13.95
13.4233333333
13.8566666667
13.2016666667
14.5716666667
15.1166666667
15.0661016949
12.4745762712
13.9465517241
--END OF 2--
