8.85666666667
8.16833333333
10.3
9.61
8.97666666667
9.36271186441
8.79833333333
9.63793103448
9.59298245614
8.18125
8.5593220339
9.62413793103
9.36101694915
8.14333333333
10.06
8.73559322034
9.92203389831
10.245
9.38983050847
8.71
8.28333333333
7.18833333333
7.56166666667
7.95084745763
8.40701754386
7.63333333333
6.54
7.98166666667
6.755
7.78833333333
8.47166666667
8.21355932203
8.35833333333
8.135
8.18166666667
7.32666666667
7.525
7.295
8.07
9.29833333333
8.89322033898
8.44166666667
8.79166666667
7.83666666667
9.28793103448
8.44166666667
9.64310344828
9.36
8.565
7.91333333333
8.6
8.425
9.015
8.32203389831
8.87118644068
8.49482758621
8.52166666667
8.51724137931
8.51333333333
8.07894736842
--END OF 1--
11.3933333333
11.0866666667
11.325
11.145
12.195
12.7830508475
11.87
12.4155172414
12.398245614
13.2770833333
11.7644067797
12.3344827586
12.9169491525
11.68
12.0166666667
11.7254237288
13.2457627119
12.9533333333
11.5016949153
12.6066666667
12.5111111111
10.9866666667
12.3033333333
12.2542372881
12.9859649123
11.135
11.345
13.5033333333
11.225
12.025
11.2883333333
11.3593220339
11.5583333333
11.015
11.1783333333
12.35
11.92
11.0633333333
12.02
11.9316666667
12.0966101695
11.48
11.175
10.9916666667
11.9827586207
11.2916666667
11.8344827586
12.2
12.3066666667
11.81
13.1568965517
12.3483333333
13.7466666667
12.6
11.2762711864
11.5982758621
10.94
12.65
11.8283333333
11.4912280702
--END OF 2--
