8.70166666667
8.12
8.73333333333
7.64166666667
9.185
8.76833333333
9.36034482759
9.39649122807
8.79166666667
7.92931034483
8.4224137931
8.17857142857
8.75357142857
7.76779661017
8.48983050847
8.59
10.0433333333
8.10847457627
8.67166666667
9.27719298246
8.98333333333
7.93833333333
7.90169491525
9.29166666667
9.3
8.95166666667
8.35636363636
8.00833333333
9.93214285714
8.94912280702
8.98644067797
8.33448275862
9.97966101695
8.25666666667
7.94642857143
9.21833333333
9.45833333333
8.42372881356
8.5701754386
8.46833333333
9.67413793103
9.35166666667
8.72033898305
8.44666666667
8.08983050847
9.3406779661
10.3883333333
10.4016949153
9.09166666667
8.47
9.94333333333
9.37413793103
8.43103448276
8.41666666667
9.00338983051
9.20666666667
9.03559322034
9.27
8.05517241379
8.19047619048
--END OF 1--
13.9183333333
14.2466666667
15.65
16.4633333333
15.08
15.0266666667
16.0034482759
15.2403508772
15.01
14.1431034483
14.2310344828
13.3821428571
13.8446428571
13.7677966102
13.886440678
14.3066666667
13.7033333333
13.6745762712
12.665
16.7894736842
15.0566666667
15.3566666667
12.9288135593
14.4666666667
16.4016949153
13.925
13.66
14.2283333333
16.0017857143
14.8298245614
14.0525423729
14.0431034483
16.8152542373
14.21
14.5428571429
14.2133333333
16.2533333333
14.6898305085
14.5526315789
13.3133333333
13.5827586207
15.7833333333
13.2118644068
13.2266666667
16.0593220339
14.6237288136
14.7166666667
15.2203389831
15.2366666667
15.1466666667
14.9116666667
13.15
13.8862068966
14.555
15.9847457627
17.63
14.4966101695
14.42
14.9362068966
13.9095238095
--END OF 2--
