6.51666666667
7.265
8.245
7.7
7.83333333333
7.63728813559
7.46
7.71666666667
6.93728813559
6.35333333333
6.62166666667
6.54666666667
7.37666666667
8.145
5.95666666667
6.3
6.275
7.02881355932
6.28666666667
6.35166666667
5.695
6.73
6.14166666667
7.02833333333
6.61833333333
6.25423728814
7.465
6.46333333333
7.20833333333
6.47166666667
6.89166666667
6.61833333333
6.34833333333
7.07166666667
7.40847457627
7.65333333333
8.075
5.78833333333
5.295
6.90333333333
6.3
6.66166666667
7.54237288136
6.54
7.23666666667
6.725
5.17333333333
6.025
6.22333333333
7.29
5.09322033898
5.29166666667
5.68166666667
6.58
6.28666666667
7.265
6.125
6.03333333333
5.08
7.78448275862
--END OF 1--
10.945
12.0383333333
13.8483333333
11.5966666667
12.295
13.306779661
11.5066666667
11.58
11.7084745763
10.765
11.875
11.27
12.2483333333
11.295
11.59
11.0916666667
11.41
12.4237288136
11.7833333333
11.7133333333
11.715
12.7316666667
10.5933333333
11.4683333333
11.1983333333
10.6745762712
11.285
11.1816666667
11.47
11.4333333333
11.7983333333
10.9683333333
11.135
10.8566666667
11.2745762712
12.85
12.1133333333
10.9866666667
12.1033333333
11.7783333333
11.1766666667
12.5216666667
13.0389830508
10.8883333333
10.765
10.365
9.53666666667
10.8
10.9166666667
11.6433333333
10.0559322034
10.3516666667
11.025
11.3116666667
11.7283333333
12.2716666667
11.13
11.9766666667
10.7433333333
12.0431034483
--END OF 2--
