14.6616666667
13.5730769231
13.0385964912
14.2458333333
13.1444444444
13.79
14.005
13.8433333333
14.8266666667
13.5068965517
14.5416666667
13.8050847458
13.6152542373
14.5216666667
13.3275862069
15.2280701754
13.7783333333
14.6372881356
14.2233333333
14.0033333333
13.5886792453
13.5684210526
13.3362068966
14.7157894737
14.6696428571
13.9683333333
14.7033333333
14.6118644068
15.7965517241
16.1366666667
16.4017857143
16.4215686275
15.2683333333
15.0733333333
14.3525423729
14.8383333333
14.79
14.9183333333
14.74
13.9631578947
14.7666666667
14.8416666667
14.9516666667
15.2813559322
14.685
14.216
15.5771929825
15.2533333333
14.6338983051
15.055
14.5833333333
14.8483333333
14.5116666667
15.68
13.0288135593
15.2072727273
14.1775862069
15.4642857143
16.837254902
13.7551724138
--END OF 1--
18.0383333333
17.1480769231
16.6964912281
16.7291666667
17.8037037037
20.0666666667
17.2483333333
19.5933333333
20.22
18.8362068966
18.3633333333
16.7389830508
17.7288135593
17.4266666667
16.3034482759
16.7578947368
18.1166666667
18.7271186441
16.2233333333
19.6216666667
17.9641509434
17.5719298246
16.6155172414
18.0754385965
18.8107142857
17.7733333333
19.4783333333
17.9220338983
18.5603448276
18.3133333333
17.9464285714
19.7803921569
19.505
20.3066666667
18.5576271186
18.6783333333
20.52
20.0916666667
18.8183333333
17.4385964912
20.3566666667
18.8866666667
18.5383333333
20.4762711864
18.13
17.498
18.8912280702
20.01
19.6745762712
18.8133333333
18.7216666667
19.7283333333
20.0933333333
20.4366666667
19.1711864407
17.0472727273
17.1189655172
18.325
20.7882352941
17.6896551724
--END OF 2--
