8.65818181818
7.89824561404
8.48793103448
9.08245614035
7.89
7.80677966102
8.745
8.98
7.62033898305
9.22456140351
8.50169491525
7.51333333333
8.10166666667
9.03965517241
8.44833333333
8.69830508475
8.1
8.38833333333
8.82711864407
7.62833333333
7.26833333333
8.3813559322
7.96
7.84833333333
8.88103448276
7.96271186441
8.21666666667
8.08333333333
8.775
8.76610169492
8.36666666667
8.57333333333
9.45833333333
9.155
7.33666666667
8.15
9.06785714286
7.66949152542
7.79166666667
8.925
8.64833333333
7.59333333333
8.045
8.515
8.76949152542
8.45666666667
7.89
7.95
7.16666666667
8.34
8.27
7.49
7.64237288136
6.985
6.59666666667
7.04666666667
7.43
7.49
8.29666666667
9.05660377358
--END OF 1--
13.2527272727
13.5543859649
12.9982758621
13.4298245614
12.87
12.5220338983
13.5433333333
12.6983333333
12.6677966102
12.898245614
11.7745762712
11.63
11.8466666667
11.3775862069
11.8
13.013559322
11.7683333333
11.56
12.2118644068
11.9033333333
11.48
11.6559322034
11.74
12.045
12.4586206897
12.5661016949
12.7
12.0283333333
11.5483333333
12.4305084746
11.5783333333
12.345
12.46
12.3833333333
11.4816666667
11.8
13.3232142857
11.7677966102
11.58
12.03
12.1783333333
11.42
11.4666666667
11.38
12.1830508475
12.1716666667
12.7933333333
12.1666666667
11.5416666667
12.135
11.4116666667
11.8683333333
11.7745762712
11.2066666667
11.585
11.5383333333
11.095
11.64
11.2933333333
13.2150943396
--END OF 2--
