7.59333333333
7.46166666667
8.65833333333
7.78474576271
7.425
7.215
7.69333333333
6.99333333333
6.94333333333
7.15166666667
6.87166666667
7.05593220339
7.45
7.20833333333
7.13666666667
6.90333333333
7.45833333333
7.55333333333
7.47
7.47288135593
7.075
7.32666666667
8.29333333333
8.50333333333
7.50333333333
8.595
7.92881355932
7.62881355932
7.875
8.255
7.57666666667
7.06166666667
8.015
8.36440677966
8.34333333333
7.93
6.96833333333
7.935
7.09333333333
7.51666666667
6.72166666667
7.54333333333
6.97118644068
7.12833333333
7.86
8.59833333333
7.81833333333
8.58166666667
8.36833333333
7.57333333333
7.88983050847
7.72166666667
6.81833333333
7.99333333333
7.90666666667
7.17666666667
7.29
7.75333333333
8.21186440678
7.6649122807
--END OF 1--
11.7433333333
11.26
11.9
11.0796610169
11.5483333333
11.0916666667
11.1866666667
11.26
11.31
11.1633333333
12.1183333333
12.2966101695
13.0933333333
12.0033333333
11.7366666667
11.7783333333
11.945
12.9583333333
11.5183333333
11.1118644068
12.0533333333
12.3133333333
12.39
12.24
11.4216666667
12.5733333333
12.6711864407
11.3830508475
11.9316666667
12.48
11.4783333333
12.4216666667
12.5283333333
11.1661016949
11.53
11.8216666667
11.7966666667
11.8133333333
11.51
11.6883333333
11.3933333333
12.0533333333
11.0372881356
10.4833333333
11.785
12.24
12.975
11.8
11.3883333333
11.555
11.7288135593
11.545
11.2466666667
11.3516666667
11.56
11.345
11.57
11.4233333333
11.4406779661
11.5614035088
--END OF 2--
