16.9210526316
17.61
17.5711864407
17.3593220339
16.0116666667
15.8666666667
16.6033333333
16.6473684211
16.05
15.1933333333
16.0
16.1140350877
16.3122807018
16.205
15.3633333333
15.9583333333
16.8947368421
17.0423728814
17.0672413793
15.72
15.55
16.1216666667
16.0948275862
16.5169491525
14.9933333333
16.3859649123
16.8857142857
16.7541666667
14.8033898305
16.3053571429
15.6133333333
14.95
13.6948275862
12.6545454545
14.295
12.9413793103
11.3166666667
13.0283333333
13.6310344828
13.3714285714
14.8233333333
15.0
14.5383333333
14.3396551724
13.9155172414
15.0766666667
14.5983333333
12.7
14.5305084746
14.7327272727
14.9716666667
15.1813559322
14.1183333333
13.315
14.8847457627
13.7333333333
13.8066666667
14.5783333333
13.32
16.6714285714
--END OF 1--
20.7701754386
22.42
19.9033898305
21.3661016949
20.8483333333
19.3916666667
21.3133333333
22.6122807018
18.9862068966
19.8733333333
21.2216666667
20.5719298246
22.4561403509
19.8866666667
18.9883333333
18.92
23.1666666667
23.5542372881
20.35
19.5483333333
19.4416666667
19.185
19.1896551724
21.7881355932
21.4583333333
20.198245614
20.7551020408
20.3583333333
18.6813559322
19.1821428571
21.0666666667
18.8333333333
17.4965517241
17.08
19.365
16.6396551724
16.3316666667
18.55
17.3155172414
17.6535714286
20.4033333333
21.6866666667
19.7666666667
17.4913793103
17.3224137931
18.6883333333
19.025
18.1833333333
18.4576271186
17.8018181818
18.8916666667
19.4254237288
19.94
17.7183333333
17.8593220339
18.7783333333
17.1083333333
18.795
18.9983333333
20.5607142857
--END OF 2--
