15.9616666667
13.4283333333
14.2169491525
15.2433333333
16.0066666667
16.1033333333
15.9216666667
14.8033333333
15.65
15.2483333333
14.5416666667
14.6133333333
15.025
15.6293103448
15.8965517241
15.8983333333
16.7947368421
16.3051724138
14.8966666667
15.32
15.8576271186
15.3981481481
15.0066666667
14.9793103448
14.9783333333
16.0366666667
16.3793103448
15.985
14.4068965517
13.0482758621
13.293220339
14.4694915254
12.7517241379
13.3583333333
13.5078431373
13.6982758621
13.1357142857
13.9592592593
13.7076923077
13.6592592593
14.8066666667
13.8733333333
15.19
15.2379310345
14.8881355932
14.49
15.54
14.2711864407
14.66
13.9616666667
15.6233333333
14.5583333333
15.44
15.3517241379
15.4483333333
13.9
13.2762711864
13.513559322
15.2
16.2368421053
--END OF 1--
18.605
17.7783333333
19.5389830508
19.5183333333
18.6316666667
17.7466666667
18.725
18.31
17.8706896552
21.4
19.5383333333
18.7583333333
18.9833333333
18.9327586207
17.4310344828
17.995
18.298245614
17.724137931
18.6183333333
18.09
18.7305084746
17.487037037
18.11
17.6310344828
18.3966666667
19.42
19.3655172414
19.34
16.3568965517
17.0620689655
16.5576271186
18.3457627119
15.8931034483
19.55
17.531372549
17.0103448276
16.5089285714
17.8907407407
16.6365384615
18.6018518519
20.5566666667
18.095
20.285
19.3137931034
18.3474576271
19.575
21.2433333333
18.8440677966
18.6133333333
18.2716666667
19.33
18.9066666667
17.8818181818
17.9586206897
18.2266666667
17.8016666667
17.4559322034
17.0305084746
17.2264150943
19.4280701754
--END OF 2--
