14.1050847458
14.3483333333
15.4983333333
13.9818181818
15.605
13.0351851852
15.0
13.7928571429
16.4326923077
15.0440677966
14.222
15.3016666667
15.1949152542
14.1833333333
15.7559322034
14.7423728814
15.5016666667
14.3525423729
14.7428571429
13.450877193
14.706779661
14.806779661
14.5833333333
14.1661016949
14.5762711864
16.1338983051
16.6895833333
15.685
15.2508474576
13.735
13.7518518519
14.2315789474
15.9807017544
15.475
15.7033333333
14.3949152542
15.3233333333
15.3933333333
15.3322033898
16.7538461538
13.9545454545
14.45
15.465
16.4051724138
15.8283333333
14.3316666667
14.5322033898
15.9783333333
13.4916666667
15.1433333333
15.47
15.8983333333
15.7538461538
14.4491525424
14.5610169492
13.9625
13.8266666667
15.235
14.12
13.7706896552
--END OF 1--
16.6288135593
18.6083333333
18.2633333333
17.2818181818
19.355
17.6777777778
19.0433333333
16.9678571429
18.6653846154
16.7745762712
17.882
17.6566666667
18.6305084746
18.0083333333
18.6762711864
17.3915254237
17.6283333333
17.5898305085
17.7160714286
16.1157894737
17.9593220339
17.8677966102
17.6233333333
17.7322033898
18.1016949153
18.3016949153
18.7083333333
17.0666666667
16.506779661
15.8366666667
16.3925925926
16.2543859649
18.1087719298
17.8214285714
18.9733333333
17.8152542373
18.175
18.235
18.3627118644
20.1461538462
16.9345454545
18.2183333333
18.4233333333
19.3465517241
19.19
20.2466666667
19.7847457627
20.6116666667
19.2916666667
20.93
19.1583333333
21.65
19.1596153846
18.6830508475
17.1847457627
17.375
17.6283333333
18.6366666667
16.0733333333
17.0017241379
--END OF 2--
