14.6830508475
13.4633333333
14.4508474576
13.1220338983
14.9355932203
13.2516666667
13.8733333333
13.6796610169
13.9633333333
14.7066666667
13.1732142857
13.9872727273
13.7438596491
12.1433333333
12.4016949153
14.7568965517
14.7783333333
15.1883333333
13.8559322034
13.75
13.012962963
13.5559322034
14.085
11.8711864407
13.9842105263
14.5649122807
12.6633333333
13.3220338983
14.785
14.6233333333
12.7982758621
13.895
12.4561403509
13.8017857143
14.725
13.0933333333
13.5966101695
14.3711864407
13.4915254237
13.0183333333
12.8633333333
12.1466666667
12.3716666667
11.8648148148
12.3133333333
12.8266666667
13.5383333333
12.825
11.4050847458
13.5433333333
13.6355932203
13.25
13.062962963
12.387037037
13.7116666667
13.1491525424
12.4288135593
13.095
14.0796610169
14.175862069
--END OF 1--
19.1779661017
17.1883333333
18.2627118644
17.8254237288
18.2491525424
18.7166666667
15.7516666667
17.5627118644
18.8983333333
17.9033333333
17.2875
18.1363636364
16.9666666667
15.795
16.0610169492
18.0189655172
18.6716666667
17.4716666667
18.2779661017
16.865
17.3018518519
18.0
17.4416666667
15.9203389831
16.3719298246
16.4157894737
17.2616666667
16.8355932203
19.5266666667
18.625
18.7913793103
18.45
16.6122807018
16.8125
19.2033333333
17.7383333333
17.7084745763
17.9491525424
17.0322033898
18.1866666667
18.2783333333
16.355
16.8983333333
16.6481481481
17.2716666667
15.6233333333
15.7266666667
16.6660714286
18.6610169492
18.49
17.9152542373
15.68
16.3092592593
17.0333333333
20.3383333333
17.4525423729
16.0271186441
16.11
17.7220338983
16.4051724138
--END OF 2--
