14.4847457627
13.3733333333
13.9933333333
14.2833333333
12.81
11.8616666667
13.31
12.37
12.3305084746
13.1066666667
12.4016666667
13.1583333333
12.395
14.1083333333
14.4066666667
13.0316666667
11.4830508475
13.3066666667
13.515
13.3533333333
12.07
11.8316666667
13.4266666667
13.2166666667
13.7644067797
14.175
12.9
13.51
14.0183333333
13.9
13.3983333333
14.0583333333
13.2766666667
11.3118644068
11.87
13.6
12.7916666667
12.3216666667
13.2216666667
12.49
12.13
14.2881355932
13.3483333333
13.11
12.6416666667
11.4366666667
11.99
12.1816666667
13.3783333333
13.0
11.855
11.0033333333
10.9016666667
12.2842105263
11.5915254237
11.6733333333
12.1033333333
10.7948275862
10.8483333333
14.1145454545
--END OF 1--
20.6372881356
20.095
19.11
19.7683333333
18.9983333333
18.9733333333
17.1416666667
20.05
21.2338983051
22.1033333333
21.2583333333
23.0033333333
19.8766666667
20.3083333333
22.4183333333
21.1833333333
18.2389830508
19.3616666667
20.9566666667
22.2016666667
22.2066666667
18.745
20.6583333333
18.6633333333
19.7949152542
21.2916666667
22.4216666667
19.1733333333
18.6983333333
19.9583333333
19.5966666667
20.4833333333
18.5483333333
19.8406779661
16.965
19.36
20.06
20.355
20.4566666667
19.245
18.5866666667
21.2
18.5066666667
19.375
18.8783333333
19.3483333333
16.8416666667
18.095
21.3083333333
20.006779661
18.2
22.49
18.2416666667
20.0824561404
16.7271186441
18.795
21.175
19.4534482759
18.6716666667
18.64
--END OF 2--
