11.5816666667
11.4183333333
12.5133333333
11.995
12.2933333333
13.3716666667
12.6644067797
11.7716666667
12.7866666667
13.0527272727
11.26
13.6433333333
13.7910714286
13.3518518519
13.635
11.7666666667
13.4516666667
14.165
13.5933333333
13.0350877193
14.31
12.75
11.2233333333
12.3033333333
12.4403508772
12.1
10.6283333333
12.5966666667
12.5283333333
11.3813559322
12.2616666667
13.485
14.28
12.475
12.4716666667
12.6533333333
12.0066666667
13.21
12.2457627119
12.4833333333
11.6983333333
11.67
12.1033333333
10.585
10.6466666667
10.9338983051
10.205
11.3283333333
8.80166666667
9.75263157895
11.2813559322
9.34
9.96610169492
11.105
11.03
10.96
11.495
11.1440677966
9.815
10.6913793103
--END OF 1--
14.725
14.9316666667
15.2433333333
15.0716666667
14.615
17.595
17.9661016949
16.46
16.0983333333
16.1272727273
15.575
15.4133333333
16.3982142857
17.6666666667
17.6616666667
15.2966666667
15.765
15.88
16.065
16.2228070175
16.548
14.83
13.345
15.4683333333
16.6719298246
15.9534482759
14.5933333333
15.1266666667
15.3383333333
14.3542372881
14.08
15.2133333333
18.6583333333
14.5866666667
15.4466666667
15.185
15.25
15.6633333333
16.0423728814
17.3145833333
15.4966666667
14.1066666667
13.81
13.4283333333
13.2683333333
12.9983050847
13.3033333333
13.7833333333
12.6516666667
12.7789473684
14.5440677966
13.31
12.6305084746
14.1916666667
13.82
13.9716666667
14.5966666667
13.486440678
13.2933333333
14.9017241379
--END OF 2--
