13.1559322034
14.0593220339
13.0696428571
13.8509090909
14.6383333333
12.9142857143
12.8
14.2527272727
14.606779661
15.2966666667
16.8175438596
14.9454545455
16.3943396226
15.7763636364
14.1583333333
14.4641509434
15.61
15.3555555556
16.8775862069
15.6416666667
15.8083333333
15.445
16.7113207547
17.7
15.6216666667
17.1881355932
16.2383333333
17.555
17.5593220339
16.9839285714
15.9283333333
15.1183333333
15.6610169492
15.4568965517
16.1407407407
15.4762711864
14.5683333333
15.5316666667
14.1183333333
14.1473684211
14.401754386
14.3033333333
14.7084745763
12.5140350877
13.3423728814
13.825
14.1566666667
14.8152542373
13.6333333333
15.4166666667
14.9666666667
15.305
14.8875
15.4355932203
13.4266666667
14.3166666667
15.5719298246
16.4173076923
17.0553191489
14.1964912281
--END OF 1--
17.0525423729
18.5881355932
17.525
17.9145454545
18.4333333333
17.1696428571
16.5596491228
17.9709090909
18.1084745763
19.325
19.6929824561
17.9145454545
18.179245283
17.6490909091
17.8516666667
16.8981132075
18.8433333333
18.3462962963
19.9413793103
20.2833333333
19.9933333333
18.62
21.0433962264
19.6220338983
19.285
19.2440677966
19.275
19.4033333333
19.6983050847
19.6928571429
22.4533333333
21.89
18.8322033898
17.7672413793
19.2685185185
20.4254237288
22.1116666667
20.6833333333
17.72
16.4754385965
17.8421052632
18.0933333333
19.2033898305
16.949122807
18.1169491525
17.6533333333
18.13
19.4542372881
21.3816666667
19.34
18.9033333333
19.8983333333
17.7375
17.1559322034
18.2683333333
19.1083333333
19.1157894737
19.0576923077
19.8680851064
18.5754385965
--END OF 2--
