13.1116666667
12.1271186441
12.3983333333
11.755
12.4087719298
11.3283333333
12.0033333333
13.68
12.4566666667
13.4896551724
13.0483333333
13.1796610169
12.7705882353
11.7288135593
11.6216666667
13.0070175439
12.7050847458
12.1929824561
12.8440677966
13.3413793103
12.1362068966
11.9428571429
13.0944444444
12.7054545455
13.0533333333
13.1981132075
11.6169491525
12.52
13.7559322034
12.5576271186
12.1830508475
12.6883333333
14.0192982456
13.0634615385
11.15
12.1833333333
12.6666666667
13.22
13.935
13.3283333333
12.6083333333
13.2071428571
14.4066666667
12.0169491525
13.1423728814
13.07
13.8542372881
12.7813559322
12.8368421053
13.9771929825
11.8883333333
13.775
13.93
13.1898305085
12.2833333333
12.7233333333
13.2433333333
12.2666666667
12.2483333333
13.0490909091
--END OF 1--
16.1933333333
15.1322033898
15.1766666667
15.0416666667
17.9280701754
16.0716666667
15.485
19.4416666667
17.8133333333
17.7396551724
15.9033333333
17.306779661
16.6843137255
15.6813559322
16.0816666667
17.1561403509
17.1220338983
16.550877193
17.0728813559
16.7155172414
16.3551724138
16.5982142857
16.6314814815
17.7363636364
18.1683333333
17.3320754717
16.8237288136
17.3166666667
17.1627118644
17.4389830508
17.3949152542
18.0133333333
17.1842105263
16.7442307692
16.6166666667
17.9016666667
19.2833333333
18.73
18.4216666667
17.99
18.6483333333
17.1607142857
18.025
16.4033898305
18.5254237288
17.4866666667
18.1983050847
15.9338983051
16.4666666667
16.8649122807
16.43
17.0057692308
17.1283333333
18.1847457627
15.6933333333
17.9633333333
17.7083333333
16.5316666667
16.5616666667
16.9690909091
--END OF 2--
