11.64
11.68
12.8566666667
12.3066666667
10.413559322
11.3293103448
11.0666666667
11.4305084746
10.5516666667
12.0766666667
12.1566666667
10.8816666667
11.6038461538
12.1338983051
12.9933333333
12.374137931
11.3283333333
12.8350877193
12.6105263158
12.5466666667
12.4981132075
12.198245614
11.3844827586
11.9214285714
12.2
14.45
13.255
12.7368421053
11.7678571429
12.8983050847
13.8666666667
13.6071428571
11.23
12.7457627119
13.0035087719
13.7933333333
12.1368421053
13.2084745763
13.8645833333
12.3826923077
13.1949152542
14.0633333333
12.2783333333
11.6762711864
11.8542372881
12.7474576271
12.2616666667
12.3745762712
12.4881355932
11.9379310345
14.1701754386
14.2883333333
13.9649122807
13.43
13.5116666667
14.255
15.725862069
20.21
23.1966666667
11.8298245614
--END OF 1--
15.6783333333
14.5416666667
15.305
15.9133333333
14.7406779661
16.2948275862
15.165
15.6
16.8733333333
17.525
18.6933333333
15.625
17.225
18.893220339
15.885
16.5137931034
15.7316666667
17.1
16.8929824561
16.4516666667
17.1433962264
15.8070175439
16.9344827586
16.2517857143
19.32
20.0216666667
17.5466666667
16.7894736842
16.7767857143
16.4491525424
17.5916666667
17.2428571429
18.0583333333
17.4355932203
17.1263157895
19.1983333333
16.7719298246
17.5474576271
17.1708333333
16.5288461538
17.7559322034
18.6283333333
17.855
16.6152542373
17.4186440678
16.613559322
16.1183333333
17.2949152542
17.2644067797
16.6103448276
18.5912280702
18.5466666667
17.9245614035
18.6933333333
19.0816666667
18.55
20.3793103448
26.605
31.565
15.6385964912
--END OF 2--
