15.5474576271
15.3916666667
15.0
14.285
14.305
15.545
14.8583333333
15.8216666667
14.213559322
14.145
14.0118644068
15.7866666667
15.765
15.8116666667
15.0866666667
14.565
14.4716666667
15.0915254237
16.313559322
14.8915254237
14.8844827586
16.8948275862
15.6372881356
14.965
14.8745762712
15.47
15.2333333333
16.435
15.6866666667
17.0677966102
16.7698113208
15.5593220339
15.5457627119
15.8816666667
15.2305084746
14.8066666667
14.8719298246
14.59
15.0283333333
15.7666666667
15.255
14.3733333333
14.4796610169
14.2266666667
15.535
14.91
14.7883333333
15.46
15.165
15.8728813559
15.935
15.44
13.455
15.055
14.0163636364
14.4491525424
14.9533333333
16.0133333333
15.2745762712
15.4724137931
--END OF 1--
20.8372881356
18.3266666667
17.6016666667
18.6466666667
22.17
18.4716666667
18.3833333333
19.2816666667
17.3711864407
19.3566666667
18.986440678
20.545
21.2966666667
21.7433333333
19.2266666667
19.13
19.29
18.9406779661
21.2406779661
18.0389830508
20.075862069
21.3637931034
18.8101694915
19.2083333333
19.5305084746
19.0233333333
18.3183333333
19.8266666667
20.615
20.8050847458
20.1905660377
17.9813559322
19.186440678
20.0516666667
22.1271186441
19.655
17.9666666667
18.3883333333
19.6783333333
19.8333333333
19.0683333333
18.2333333333
19.0
18.84
22.44
20.8066666667
19.4233333333
19.975
19.215
22.2627118644
20.7833333333
19.6883333333
17.865
18.9566666667
17.0709090909
17.5661016949
18.8766666667
18.055
18.5898305085
20.35
--END OF 2--
