9.33035714286
9.15
8.72456140351
9.62
8.91052631579
9.24651162791
8.72203389831
9.8186440678
8.97966101695
9.80833333333
9.81833333333
9.81694915254
9.675
8.6625
9.14666666667
9.10877192982
8.97413793103
10.0366666667
8.55166666667
9.5186440678
8.27627118644
8.5775862069
8.85423728814
9.38474576271
9.235
10.5763636364
10.4416666667
8.71428571429
9.13389830508
7.75423728814
9.84333333333
10.706779661
9.41166666667
9.28545454545
9.21551724138
9.07142857143
8.83050847458
8.89824561404
9.96166666667
10.2483333333
9.97166666667
10.0847457627
9.29333333333
9.57166666667
9.35636363636
8.27592592593
8.78070175439
8.34333333333
8.73333333333
9.05084745763
9.295
9.65
9.32666666667
10.0933333333
10.0683333333
9.00892857143
8.86071428571
9.47796610169
9.80555555556
9.48620689655
--END OF 1--
12.6089285714
13.8965517241
12.998245614
12.9433333333
12.5526315789
12.7558139535
13.386440678
13.5355932203
13.5254237288
14.0216666667
13.6233333333
13.7627118644
13.4933333333
12.9053571429
13.9516666667
12.5280701754
12.9362068966
13.375
12.3566666667
12.3779661017
12.8016949153
12.7465517241
13.8050847458
13.6559322034
12.22
13.5836363636
15.5083333333
13.7910714286
12.3915254237
11.6728813559
16.1666666667
16.0796610169
12.3983333333
12.2781818182
12.6896551724
12.3446428571
13.486440678
13.8403508772
13.2333333333
13.5
14.15
13.4305084746
12.775
12.9683333333
13.3854545455
13.5037037037
12.4754385965
12.1166666667
12.2283333333
13.5169491525
13.7333333333
13.4533333333
13.6616666667
12.725
13.18
12.5428571429
12.8107142857
12.8406779661
12.6166666667
12.9879310345
--END OF 2--
