13.6333333333
12.9596153846
12.55
14.24
13.1196428571
12.8169491525
13.5673076923
13.7728813559
13.4316666667
14.285
14.7654545455
13.3732142857
12.8035714286
12.6779661017
13.1766666667
14.1436363636
13.96
12.2169811321
12.8813559322
14.1666666667
14.3322033898
14.9410714286
13.4851851852
12.3783333333
12.61
12.8867924528
13.3510638298
12.2607142857
11.635
11.9233333333
12.2683333333
12.9071428571
14.31
13.355
14.4966101695
13.325
11.8533333333
12.3666666667
13.0883333333
12.5192307692
13.0593220339
12.6633333333
12.3916666667
13.6
13.5465517241
13.0117647059
13.4033898305
13.6133333333
13.786440678
13.7553191489
12.61
12.1603448276
13.1310344828
12.3733333333
13.213559322
13.1722222222
14.9220338983
14.5711538462
14.1416666667
13.9844827586
--END OF 1--
16.4633333333
16.5711538462
16.6086206897
16.5127272727
17.4714285714
17.4322033898
16.5423076923
17.2694915254
17.9166666667
16.77
16.6636363636
16.5803571429
16.9589285714
17.0457627119
16.1433333333
16.5236363636
18.1866666667
16.8962264151
16.5661016949
17.86
16.8847457627
17.3375
16.7222222222
16.3733333333
16.065
17.1377358491
16.8212765957
16.9321428571
15.8816666667
16.9133333333
16.2866666667
17.3535714286
19.6216666667
16.095
18.5542372881
16.8115384615
15.635
15.975
16.57
16.9134615385
16.806779661
16.3816666667
18.07
18.5683333333
16.5517241379
16.7941176471
16.2474576271
16.5233333333
16.6762711864
16.8382978723
15.935
16.2706896552
16.4793103448
15.5783333333
17.0966101695
16.1537037037
17.1
17.3673076923
18.2066666667
18.5810344828
--END OF 2--
