9.545
9.55666666667
8.99310344828
8.00847457627
8.305
8.59
8.61833333333
9.58813559322
9.90833333333
9.92105263158
9.06333333333
9.32166666667
9.30344827586
8.90666666667
8.71666666667
8.7
8.90333333333
8.07166666667
9.88666666667
10.0107142857
9.89310344828
10.1620689655
8.49
8.42909090909
8.01833333333
7.96071428571
8.365
7.50333333333
9.05833333333
9.945
7.92166666667
9.61206896552
9.32105263158
8.29491525424
8.01355932203
7.59333333333
9.67833333333
7.795
8.47833333333
9.10333333333
8.36166666667
9.18644067797
9.71
9.51333333333
8.12833333333
9.39833333333
8.715
8.93833333333
8.47166666667
8.34310344828
8.09830508475
7.89166666667
8.93333333333
8.43666666667
8.14333333333
7.67833333333
8.15
8.31525423729
7.85833333333
9.1298245614
--END OF 1--
12.9483333333
12.1233333333
13.0689655172
12.3305084746
11.105
11.4616666667
12.9633333333
13.8
12.845
11.6929824561
11.9183333333
12.1033333333
11.1189655172
12.58
12.0383333333
11.0166666667
11.0416666667
10.7316666667
11.9183333333
11.3785714286
11.7362068966
11.6206896552
11.495
12.2909090909
11.2316666667
11.9660714286
11.4066666667
10.965
12.23
11.805
10.6433333333
11.2620689655
11.2333333333
11.9050847458
10.2694915254
10.2766666667
11.9833333333
12.2566666667
10.945
10.8983333333
11.385
11.3016949153
11.1633333333
11.36
10.955
11.4916666667
11.435
11.41
11.4883333333
10.9189655172
11.5406779661
11.13
11.1833333333
11.0183333333
12.2516666667
10.9183333333
10.6483333333
11.2813559322
11.2716666667
11.7175438596
--END OF 2--
