8.08333333333
7.8
6.61
7.21666666667
6.91166666667
7.63728813559
8.44666666667
6.81333333333
7.85423728814
8.235
6.135
6.42542372881
6.95593220339
7.19090909091
7.044
8.26666666667
8.36166666667
6.815
7.79019607843
9.07966101695
7.49666666667
6.90892857143
7.9
6.87068965517
6.6406779661
5.86666666667
6.03389830508
8.21355932203
7.86333333333
7.31666666667
5.93333333333
7.33157894737
7.30892857143
7.40338983051
7.0186440678
6.30833333333
7.6406779661
6.66379310345
5.38166666667
5.80166666667
6.57
5.68666666667
5.77166666667
7.005
7.02203389831
6.24
8.10666666667
8.245
6.3
7.255
6.97833333333
6.70338983051
6.65166666667
5.70166666667
6.80833333333
7.25333333333
6.595
6.58166666667
6.05
7.66724137931
--END OF 1--
15.0333333333
14.335
12.93
14.105
13.845
13.4288135593
15.82
13.5383333333
14.4169491525
12.77
14.5766666667
14.9220338983
14.1
13.3581818182
13.6
13.5766666667
13.6916666667
13.0466666667
13.6843137255
13.9423728814
13.1816666667
14.0357142857
14.4728813559
14.6396551724
13.8915254237
12.7133333333
13.5457627119
14.7779661017
12.4833333333
13.3566666667
12.7433333333
14.8105263158
14.6839285714
13.5186440678
12.1050847458
12.8366666667
13.0762711864
13.1913793103
12.74
13.3966666667
13.0383333333
12.13
11.7866666667
14.0016666667
12.1288135593
11.9833333333
13.0783333333
12.6233333333
12.8683333333
13.4883333333
13.3866666667
13.2254237288
12.33
11.75
13.805
12.165
11.7316666667
12.2516666667
11.965
14.9586206897
--END OF 2--
