8.95333333333
9.46
8.5406779661
7.96166666667
7.93166666667
7.73
8.92833333333
9.86
9.28909090909
8.95254237288
8.46271186441
8.45254237288
8.24237288136
8.31607142857
8.64833333333
7.36
7.66166666667
8.59137931034
6.95166666667
7.825
9.64915254237
9.52
9.05
8.2125
9.30166666667
9.07857142857
9.12881355932
9.85789473684
8.25166666667
8.2
8.86346153846
7.385
8.68571428571
9.60384615385
9.04
9.48
8.415
10.1483333333
10.2220338983
10.095
9.45593220339
9.70689655172
9.55762711864
8.72931034483
8.64745762712
8.52166666667
9.4186440678
9.56271186441
9.62833333333
9.18813559322
7.66428571429
9.27666666667
10.0766666667
10.6433333333
9.765
9.29152542373
8.79333333333
9.33389830508
10.655
7.64814814815
--END OF 1--
12.155
12.4983333333
11.7305084746
12.8666666667
13.5066666667
13.0783333333
13.6216666667
12.9316666667
12.4290909091
14.0830508475
14.4474576271
13.7677966102
13.7593220339
13.6392857143
13.1483333333
12.4666666667
11.9333333333
13.8655172414
12.3433333333
11.945
12.8288135593
12.9916666667
12.09
12.6303571429
12.7966666667
12.7142857143
12.6711864407
12.6052631579
11.9416666667
11.9533333333
12.0096153846
11.1316666667
13.5392857143
17.3653846154
13.88
15.4016666667
13.7
13.11
14.4830508475
13.0616666667
13.7406779661
12.4827586207
14.1033898305
12.5396551724
12.5440677966
13.135
13.0322033898
12.9881355932
14.1716666667
14.1661016949
12.7107142857
13.51
12.9616666667
13.5266666667
12.5566666667
12.706779661
13.05
13.0559322034
14.935
13.7555555556
--END OF 2--
