103.181666667
110.901666667
112.753333333
113.71
111.233333333
106.82
106.284745763
102.185
102.465
102.165
96.505
93.3089285714
92.3103448276
93.6137931034
91.8116666667
87.8366666667
85.5305084746
82.1233333333
82.2316666667
80.65
82.6683333333
77.1483333333
73.0916666667
72.0883333333
72.1491525424
72.195
69.0766666667
67.5566666667
63.9084745763
63.5216666667
62.175
60.1166666667
58.1333333333
56.1683333333
52.9
53.1833333333
51.2847457627
50.1816666667
51.7866666667
53.4166666667
50.3783333333
52.105
50.9322033898
46.4266666667
47.1866666667
46.97
48.1483333333
48.185
46.2383333333
46.9016666667
46.7830508475
46.4833333333
44.7983333333
43.6793103448
43.0545454545
41.9949152542
41.2254237288
39.8407407407
36.0596491228
93.3578947368
--END OF 1--
144.173333333
151.596666667
154.938333333
154.176666667
145.786666667
139.541666667
145.122033898
135.233333333
137.123333333
138.08
126.021666667
124.158928571
129.49137931
133.575862069
125.718333333
113.608333333
109.713559322
113.16
109.105
109.08
103.833333333
100.956666667
101.798333333
89.9083333333
90.9169491525
90.0516666667
91.305
87.4433333333
82.9542372881
82.5866666667
79.7716666667
80.85
79.5033333333
70.44
65.9466666667
75.145
65.3491525424
62.095
60.3783333333
68.475
63.3116666667
66.4666666667
64.0813559322
60.73
59.9483333333
59.6083333333
59.15
63.2216666667
54.2633333333
53.2
54.0203389831
55.3616666667
51.5283333333
51.4206896552
50.9036363636
51.486440678
51.2983050847
47.6925925926
44.549122807
129.712280702
--END OF 2--
