14.36
12.6166666667
12.3
11.575
12.95
13.0881355932
13.7689655172
12.9716666667
13.5133333333
12.9466666667
14.185
12.8859649123
13.8830508475
12.485
12.4533333333
12.7127272727
12.0677966102
10.0633333333
10.5533333333
10.4466666667
10.4583333333
10.3083333333
10.8
10.1881355932
11.755
12.5433333333
11.1816666667
11.73
10.9533333333
11.7633333333
12.7783333333
13.08
13.6957446809
11.8357142857
13.9192982456
12.34
13.2383333333
13.5383333333
13.6966666667
13.2116666667
12.8416666667
13.0525423729
12.9627118644
12.4416666667
11.1316666667
10.8833333333
11.1733333333
11.0416666667
10.9233333333
10.8491525424
12.2254237288
12.6152542373
11.2516666667
10.7183333333
11.4933333333
11.813559322
12.01
12.9350877193
13.0383333333
13.6
--END OF 1--
16.5545454545
15.4833333333
15.4733333333
15.1916666667
16.4183333333
17.2322033898
16.5879310345
15.0933333333
15.7533333333
16.54
19.325
16.8701754386
16.5949152542
15.8316666667
15.0683333333
16.7109090909
15.8677966102
13.78
13.8166666667
15.425
15.0383333333
13.935
14.5083333333
15.0457627119
15.7333333333
16.1833333333
15.955
15.915
15.705
16.0
16.7833333333
15.9766666667
16.1574468085
16.3267857143
17.2596491228
20.325
18.6033333333
17.98
17.91
16.595
17.7633333333
17.9576271186
15.6762711864
15.17
17.3966666667
15.4516666667
14.8166666667
15.1133333333
15.62
15.5898305085
17.0372881356
17.4152542373
15.265
15.1516666667
15.1116666667
15.1186440678
15.1083333333
17.5666666667
16.5683333333
16.0446428571
--END OF 2--
