19.1
16.4701754386
14.85
15.5833333333
16.14
19.2216666667
17.1617021277
15.8559322034
14.7766666667
16.2677966102
17.3285714286
16.6218181818
18.7847457627
16.9086206897
15.49
16.3235294118
17.8333333333
18.5339622642
15.795
16.45
15.2166666667
17.8916666667
16.6183333333
15.3593220339
16.245
18.0383333333
16.2338983051
16.4034482759
16.3033333333
16.09
15.3366666667
16.07
15.695
15.55
16.0559322034
15.6483333333
15.4433333333
15.2966666667
15.47
16.0666666667
14.7183333333
16.5033333333
16.8677966102
18.21
16.1796610169
16.23
16.5033333333
15.52
15.4883333333
15.8316666667
15.4423728814
16.6689655172
15.7916666667
16.5105263158
17.5186440678
15.7910714286
16.4948275862
17.1719298246
16.1267857143
15.5196428571
--END OF 1--
21.5283333333
20.3070175439
20.085
19.87
18.7333333333
21.6466666667
22.329787234
20.1898305085
18.915
21.0915254237
21.0285714286
21.6709090909
22.8711864407
22.9413793103
20.9316666667
18.937254902
20.5611111111
20.8811320755
19.73
21.1483333333
18.9833333333
19.25
19.0166666667
19.7389830508
21.67
19.8933333333
19.4254237288
21.5810344828
19.7033333333
19.9166666667
21.2933333333
19.6366666667
20.02
19.4283333333
20.9915254237
20.4083333333
18.39
18.5066666667
18.6466666667
21.1716666667
19.1316666667
20.8716666667
21.406779661
20.585
18.3983050847
19.4316666667
21.1066666667
19.1283333333
19.8566666667
19.57
22.3593220339
20.3620689655
21.2183333333
21.7403508772
23.8881355932
19.5482142857
19.8672413793
18.8368421053
19.9535714286
19.9696428571
--END OF 2--
