19.7
19.7
19.8
19.8
19.9
20.1
20.2
20.2
20.1
20.1
20.3
20.4
20.6
20.6
20.6
20.7
20.7
20.7
20.7
20.8
20.8
20.8
20.7
20.6
20.4
20.3
20.3
20.2
20.0
19.9
19.7
19.6
19.6
19.5
19.4
19.2
19.1
19.1
19.1
19.1
19.0
18.8
18.7
18.6
18.6
18.5
18.6
18.7
18.7
18.8
18.9
19.0
19.2
19.3
19.5
19.5
19.6
19.6
19.6
19.6
19.7
19.8
20.0
20.1
20.1
20.0
20.0
20.0
20.1
20.1
20.0
19.8
19.6
19.5
19.4
19.3
19.4
19.4
19.5
19.3
19.2
19.1
19.0
19.0
18.9
19.1
19.2
19.3
19.3
19.2
19.1
19.0
18.9
18.8
18.9
19.0
19.1
19.0
18.8
18.7
18.8
18.9
19.0
19.1
19.1
19.2
19.1
19.0
18.9
19.0
19.0
19.0
18.8
18.6
18.4
18.3
18.2
18.2
18.2
18.2
18.3
18.3
18.3
18.4
18.4
18.4
18.5
18.4
18.3
18.2
18.2
18.2
18.2
18.2
18.1
18.1
18.2
18.2
18.2
18.1
17.9
17.8
17.8
17.8
17.8
17.7
17.5
17.4
17.2
17.1
16.9
17.1
17.2
17.4
17.5
17.7
17.8
17.8
17.7
17.7
17.7
17.7
17.7
17.8
17.9
17.9
18.1
18.2
18.4
18.3
18.3
18.2
18.2
18.2
18.3
18.3
18.4
18.5
18.4
18.3
18.2
18.1
18.0
18.0
17.9
17.9
17.9
18.0
18.0
18.0
18.2
18.3
18.4
18.5
18.7
18.8
18.7
18.6
18.5
18.6
18.6
18.7
18.7
18.7
18.8
18.8
18.8
18.8
18.8
18.9
19.0
19.0
18.9
18.9
18.8
18.7
18.7
18.6
18.6
18.6
18.6
18.7
18.7
18.5
18.4
18.2
18.0
17.8
17.6
17.5
17.5
17.4
17.5
17.5
17.6
17.5
17.4
17.3
17.3
17.3
17.3
17.4
17.5
17.6
17.6
17.6
17.5
17.5
17.5
17.4
17.4
17.4
17.4
17.4
17.3
17.2
17.3
17.3
17.3
17.4
17.5
17.7
17.7
17.8
17.9
17.9
18.0
18.1
18.2
18.3
18.4
18.4
18.4
18.5
18.4
18.4
18.3
18.4
18.4
18.5
18.4
18.2
18.1
18.3
18.4
18.5
18.7
18.9
19.0
19.1
19.1
19.2
19.1
19.1
19.0
19.1
19.1
19.1
19.3
19.5
19.7
19.5
19.4
19.2
19.1
19.1
19.1
19.0
19.0
19.0
18.9
18.9
18.8
18.8
18.8
18.9
18.8
18.8
18.8
18.7
18.6
18.6
18.5
18.5
18.5
18.4
18.4
18.3
18.3
18.3
18.3
18.2
18.1
18.0
18.1
18.3
18.4
18.4
18.4
18.4
18.5
18.6
18.7
18.7
18.6
18.6
18.5
18.5
18.5
18.4
18.3
18.2
18.4
18.6
18.7
18.8
18.8
18.8
18.7
18.7
18.6
18.7
18.9
19.0
19.1
19.1
19.2
19.2
19.2
19.3
19.4
19.5
19.7
19.7
19.7
19.7
19.7
19.7
19.7
19.7
19.7
19.8
19.7
19.6
19.6
19.6
19.6
19.7
19.6
19.5
19.4
19.4
19.4
19.5
19.4
19.3
19.2
19.1
19.1
19.1
19.2
19.2
19.3
19.2
19.1
19.0
19.0
19.0
19.1
19.2
19.3
19.5
19.6
19.7
19.8
19.9
19.9
20.0
19.9
19.8
19.8
19.7
19.7
19.7
19.7
19.8
19.8
20.0
20.2
20.5
20.4
20.4
20.3
20.3
20.2
20.1
20.3
20.4
20.5
20.6
20.7
20.7
20.8
20.8
20.8
20.8
20.8
20.7
20.8
20.8
20.8
20.9
21.0
21.0
20.9
20.8
20.6
20.7
20.7
20.7
20.6
20.5
20.4
20.5
20.6
20.6
20.6
20.5
20.5
20.5
20.6
20.7
20.6
20.5
20.3
20.3
20.3
20.3
20.3
20.3
20.2
20.2
20.1
20.1
20.2
20.4
20.5
20.4
20.3
20.2
20.3
20.4
20.4
20.5
20.5
20.6
20.6
20.6
20.6
20.6
20.5
20.5
20.5
20.5
20.5
20.6
20.6
20.7
20.6
20.6
20.5
20.4
20.4
20.3
20.5
20.8
21.0
21.0
21.0
21.0
20.9
20.9
20.8
20.9
20.9
20.9
20.9
20.9
21.0
20.8
20.6
20.4
20.4
20.5
20.5
20.5
20.5
20.5
20.6
20.8
20.9
20.9
20.9
20.9
20.8
20.7
20.6
20.5
20.4
20.3
20.3
20.2
20.2
20.2
20.2
20.2
20.1
19.9
19.8
19.8
19.8
19.7
19.6
19.5
19.3
19.4
19.5
19.6
19.7
19.8
19.9
19.8
19.8
19.7
19.6
19.5
19.4
19.5
19.6
19.7
19.8
19.8
19.9
19.9
19.9
19.9
19.9
19.9
19.8
20.0
20.2
20.3
20.3
20.4
20.4
20.2
20.1
20.0
---END OF 2.5 MEASUREMENTS---
20.7
20.7
20.8
20.8
20.9
21.2
21.3
21.3
21.2
21.2
21.4
21.5
21.7
21.7
21.7
21.8
21.8
21.8
21.8
21.9
21.9
21.9
21.8
21.7
21.5
21.4
21.4
21.3
21.1
20.9
20.7
20.6
20.6
20.5
20.4
20.2
20.1
20.1
20.1
20.1
20.0
19.8
19.7
19.6
19.6
19.5
19.6
19.7
19.7
19.8
19.9
20.0
20.2
20.3
20.5
20.5
20.6
20.6
20.6
20.6
20.7
20.8
21.1
21.2
21.2
21.1
21.1
21.1
21.2
21.2
21.1
20.8
20.6
20.5
20.4
20.3
20.4
20.4
20.5
20.3
20.2
20.1
20.0
20.0
19.9
20.1
20.2
20.3
20.3
20.2
20.1
20.0
19.9
19.8
19.9
20.0
20.1
20.0
19.8
19.7
19.8
19.9
20.0
20.1
20.1
20.2
20.1
20.0
19.9
20.0
20.0
20.0
19.8
19.6
19.4
19.3
19.2
19.2
19.2
19.2
19.3
19.3
19.3
19.4
19.4
19.4
19.5
19.4
19.3
19.2
19.2
19.2
19.2
19.2
19.1
19.1
19.2
19.3
19.7
19.6
19.5
19.4
19.5
19.5
19.5
19.3
19.2
19.1
18.9
18.8
18.7
18.8
19.0
19.1
19.1
19.1
19.1
19.1
19.1
19.0
18.8
18.7
18.5
18.7
18.8
18.8
19.1
19.2
19.4
19.3
19.3
19.3
19.3
19.3
19.3
19.3
19.3
19.5
19.4
19.2
19.2
19.1
19.0
18.9
18.9
19.0
19.0
19.1
19.1
19.1
19.2
19.3
19.4
19.5
19.7
19.8
19.7
19.6
19.5
19.6
19.6
19.7
19.7
19.7
19.8
19.8
19.8
19.8
19.8
19.9
20.0
20.0
19.9
19.9
19.8
19.7
19.7
19.6
19.6
19.6
19.6
19.7
19.7
19.5
19.4
19.2
19.0
18.7
18.5
18.4
18.4
18.3
18.4
18.4
18.5
18.4
18.3
18.2
18.2
18.2
18.2
18.3
18.4
18.5
18.5
18.5
18.4
18.4
18.4
18.3
18.3
18.3
18.3
18.3
18.2
18.1
18.2
18.2
18.2
18.3
18.4
18.6
18.6
18.7
18.8
18.8
19.0
19.1
19.2
19.3
19.4
19.4
19.4
19.5
19.4
19.4
19.3
19.4
19.4
19.5
19.4
19.2
19.1
19.3
19.4
19.5
19.7
19.9
20.0
20.1
20.1
20.2
20.1
20.1
20.0
20.1
20.1
20.1
20.3
20.5
20.7
20.5
20.4
20.2
20.1
20.1
20.1
20.0
20.0
20.0
19.9
19.9
19.8
19.8
19.8
19.9
19.8
19.8
19.8
19.7
19.6
19.6
19.5
19.5
19.5
19.4
19.4
19.3
19.3
19.3
19.3
19.2
19.1
19.0
19.1
19.3
19.4
19.4
19.4
19.4
19.5
19.6
19.7
19.7
19.6
19.6
19.5
19.5
19.5
19.4
19.3
19.2
19.4
19.6
19.7
19.8
19.8
19.8
19.7
19.7
19.6
19.7
19.9
20.0
20.1
20.1
20.2
20.2
20.2
20.3
20.4
20.5
20.7
20.7
20.7
20.7
20.7
20.7
20.7
20.7
20.7
20.8
20.7
20.6
20.6
20.6
20.6
20.7
20.6
20.5
20.4
20.4
20.4
20.5
20.4
20.3
20.2
20.1
20.1
20.1
20.2
20.2
20.3
20.2
20.1
20.0
20.0
20.0
20.1
20.2
20.3
20.5
20.6
20.7
20.8
20.9
20.9
21.1
20.9
20.7
20.7
20.7
20.6
20.6
20.7
20.8
20.9
21.0
21.3
21.6
21.5
21.5
21.4
21.4
21.3
21.2
21.4
21.5
21.6
21.7
21.8
21.8
21.9
21.9
21.8
21.9
21.9
21.8
21.9
21.9
21.9
22.0
22.1
22.1
22.0
21.9
21.7
21.8
21.8
21.8
21.7
21.6
21.5
21.6
21.7
21.7
21.7
21.6
21.6
21.6
21.7
21.8
21.7
21.6
21.4
21.4
21.4
21.4
21.4
21.4
21.3
21.3
21.2
21.2
21.3
21.5
21.6
21.5
21.4
21.3
21.4
21.5
21.5
21.6
21.6
21.7
21.7
21.7
21.7
21.7
21.6
21.6
21.6
21.6
21.6
21.7
21.7
21.8
21.7
21.7
21.6
21.5
21.5
21.4
21.6
21.9
22.1
22.1
22.1
22.1
22.0
22.0
21.9
22.0
22.0
22.0
22.0
22.0
22.1
21.9
21.7
21.5
21.5
21.6
21.6
21.6
21.6
21.6
21.7
21.9
22.0
22.0
22.0
22.0
21.9
21.8
21.7
21.6
21.5
21.4
21.4
21.3
21.3
21.3
21.3
21.3
21.2
20.8
20.7
20.8
20.8
20.7
20.6
20.5
20.6
20.5
20.4
20.6
20.7
20.8
20.9
20.8
20.8
20.7
20.5
20.5
20.5
20.6
20.7
20.8
20.9
21.0
21.1
21.2
21.3
21.4
21.4
21.4
21.4
21.8
22.3
22.8
22.4
21.9
21.5
21.4
21.3
21.2
---END OF 10 MEASUREMENTS---
