7.54833333333
6.525
6.57
6.49166666667
7.385
7.97627118644
7.49333333333
6.945
6.95333333333
7.01833333333
6.88833333333
6.34666666667
6.80333333333
7.76333333333
7.57627118644
6.26666666667
7.01166666667
7.94166666667
8.81896551724
8.16101694915
8.43050847458
8.74833333333
9.52
8.84482758621
7.65666666667
7.25166666667
8.14482758621
7.37627118644
7.885
7.93928571429
8.3125
7.68983050847
7.386
7.42666666667
9.0724137931
7.205
7.62372881356
8.66909090909
8.55166666667
8.17288135593
9.16315789474
8.75
7.28666666667
7.77833333333
8.4641509434
7.865
8.05762711864
8.06333333333
8.64833333333
8.16333333333
7.23166666667
7.18666666667
8.655
7.665
7.355
6.90169491525
7.465
7.54
8.74666666667
7.28771929825
--END OF 1--
12.37
11.1766666667
11.7183333333
11.8183333333
11.72
12.0152542373
12.6716666667
12.7283333333
12.2783333333
13.47
13.335
13.7266666667
12.7133333333
11.7483333333
12.4423728814
11.84
12.07
14.8833333333
13.4086206897
12.7101694915
13.9288135593
13.725
13.1966666667
12.1206896552
11.6433333333
12.89
11.8362068966
12.8813559322
12.5266666667
13.9178571429
13.4160714286
16.2508474576
12.102
12.055
12.8155172414
10.9333333333
12.8813559322
13.1472727273
14.3433333333
16.1033898305
13.3789473684
11.905
12.3283333333
11.7116666667
12.1962264151
11.7516666667
11.3542372881
11.9283333333
11.7266666667
12.135
12.2183333333
11.485
13.8633333333
12.7233333333
11.8966666667
11.6050847458
12.3916666667
11.8783333333
12.74
12.4350877193
--END OF 2--
