13.4066666667
13.4591836735
12.5883333333
12.9733333333
12.765
13.255
13.5116666667
14.7474576271
14.0678571429
12.7983333333
14.1366666667
13.7678571429
13.2152542373
13.68
13.49
12.325
13.2783333333
12.3466666667
14.4298245614
13.6116666667
14.4288135593
14.715
13.1653846154
13.11
13.5383333333
13.7633333333
12.655
12.3333333333
12.705
14.5413793103
12.3266666667
12.8425925926
13.3166666667
13.8232142857
13.4387755102
13.7169491525
15.0533333333
14.0859649123
13.9783333333
13.3933333333
13.1711864407
12.985
11.7433333333
13.4576271186
14.0166666667
14.84
15.5983333333
14.345
15.9982758621
15.0883333333
16.5879310345
14.7283333333
13.0474576271
14.2533333333
14.8184210526
13.0086206897
14.1701754386
13.6982142857
12.6116666667
12.750877193
--END OF 1--
16.6483333333
16.793877551
14.9166666667
15.0933333333
15.935
15.6183333333
17.6383333333
17.9610169492
17.6035714286
15.995
16.5133333333
17.0839285714
15.5542372881
15.8483333333
15.945
14.5583333333
14.635
14.7066666667
17.1526315789
15.7033333333
16.393220339
16.6833333333
16.8423076923
15.7483333333
19.2516666667
18.8383333333
15.8016666667
14.9533333333
17.0683333333
16.8379310345
15.005
17.0296296296
18.48
17.325
17.0775510204
17.1050847458
17.7433333333
17.2368421053
18.5816666667
17.335
16.1186440678
17.13
17.33
15.7949152542
15.585
16.2316666667
18.51
16.6016666667
17.0448275862
18.12
18.425862069
18.7833333333
17.5881355932
18.3
16.8973684211
16.6655172414
17.1070175439
16.3071428571
14.8066666667
16.6614035088
--END OF 2--
