12.9183333333
13.7593220339
14.1433333333
12.75
12.4033333333
12.805
11.8666666667
13.16
13.8326530612
13.9283018868
13.1266666667
14.786440678
13.8115384615
13.3727272727
13.674
13.4277777778
14.1172413793
14.4568965517
13.8566666667
14.2881355932
13.3661016949
13.4924528302
14.2456521739
14.0803571429
14.4157894737
13.1035714286
12.7683333333
12.9333333333
13.8314814815
13.1232142857
14.2163636364
12.7733333333
13.2962962963
13.7017241379
12.8610169492
12.5333333333
11.7933333333
13.1724137931
13.1245614035
14.9283333333
13.3483333333
12.2068965517
12.9816666667
14.2355932203
14.0684210526
14.486440678
13.0830508475
13.6283333333
13.8559322034
13.8983333333
13.3118644068
11.9779661017
13.43
12.5033898305
12.1084745763
13.9186440678
12.79
13.4016666667
12.8677966102
13.0706896552
--END OF 1--
18.8616666667
18.2610169492
18.1916666667
18.58
16.5483333333
17.11
15.7833333333
18.1066666667
17.5632653061
16.641509434
17.0233333333
17.4796610169
16.9211538462
17.0163636364
16.764
16.8203703704
17.4793103448
18.1637931034
17.9866666667
17.4203389831
17.6881355932
17.0622641509
17.4086956522
16.8232142857
17.0157894737
17.1553571429
18.615
17.1529411765
17.2
18.6285714286
16.5490909091
16.67
17.3074074074
17.1275862069
16.3118644068
16.02
15.9533333333
17.3155172414
17.8859649123
19.0033333333
16.3866666667
17.6724137931
16.41
17.6440677966
17.3526315789
17.393220339
16.9796610169
18.3466666667
19.0644067797
18.0533333333
17.386440678
16.3762711864
18.3783333333
17.006779661
17.2898305085
17.4508474576
15.1566666667
15.7016666667
17.6305084746
16.7103448276
--END OF 2--
