12.24
12.1288135593
12.1633333333
12.8933333333
12.55
12.5596153846
12.47
12.338
12.9101694915
12.1383333333
11.945
12.4654545455
12.5816666667
12.16
12.085
12.2728813559
12.195
12.765
11.7133333333
11.01
11.1833333333
12.3466666667
10.64
9.915
10.5711864407
9.915
9.61666666667
9.18666666667
9.18644067797
9.575
9.94333333333
9.645
10.1466666667
9.67
10.38
9.90333333333
10.0830508475
10.655
10.225
11.2966666667
10.165
10.1666666667
10.7933333333
11.15
11.14
10.7616666667
12.2779661017
12.4383333333
12.1883333333
10.6566666667
12.7666666667
11.55
10.32
11.8683333333
10.3016666667
10.0169491525
11.2683333333
10.3933333333
11.265
12.2298245614
--END OF 1--
15.695
15.4542372881
15.5933333333
17.0683333333
15.6533333333
16.3692307692
15.9133333333
16.952
15.9898305085
15.6916666667
15.24
16.6327272727
15.3916666667
15.8716666667
15.64
16.2152542373
15.4333333333
15.5133333333
15.08
14.0166666667
15.2483333333
14.975
14.3066666667
16.2133333333
14.686440678
14.4433333333
14.76
13.6166666667
13.7949152542
13.0633333333
14.3166666667
14.1616666667
14.025
13.8533333333
14.22
14.7516666667
14.6169491525
14.6883333333
14.3683333333
14.3516666667
14.2733333333
14.4816666667
14.905
14.8283333333
13.905
14.2183333333
15.6677966102
15.3283333333
15.3666666667
14.9416666667
15.51
15.3233333333
13.965
15.1383333333
14.435
13.9288135593
13.8916666667
14.0366666667
13.7033333333
15.5684210526
--END OF 2--
