8.17333333333
7.83666666667
7.40166666667
9.12372881356
7.86
7.07333333333
7.985
7.52333333333
7.09166666667
8.11
8.75
8.16949152542
7.62
7.63166666667
7.705
8.095
7.745
8.41
7.175
8.84833333333
8.00508474576
9.01166666667
8.2
7.505
8.49
8.36333333333
8.50666666667
6.885
8.58305084746
7.105
7.90833333333
8.96
8.35166666667
6.49
7.44166666667
9.295
8.41355932203
8.23333333333
8.01833333333
7.66
8.20833333333
7.295
9.34666666667
7.68666666667
8.895
7.54576271186
8.32166666667
7.91166666667
8.90166666667
9.1
8.71833333333
7.96666666667
8.79
8.99491525424
6.96333333333
8.35
9.66666666667
8.37234042553
8.38833333333
7.53684210526
--END OF 1--
11.215
10.6733333333
12.41
10.9711864407
10.7516666667
10.295
10.4433333333
10.65
10.325
12.395
11.4666666667
10.2305084746
10.4516666667
10.5316666667
12.0833333333
11.3466666667
11.6416666667
10.4366666667
10.695
10.3383333333
10.2491525424
11.785
11.2966666667
10.2166666667
10.6783333333
12.9966666667
13.84
11.0583333333
10.7593220339
10.105
10.4216666667
11.8733333333
11.4216666667
11.0016666667
10.6233333333
13.605
11.5847457627
10.795
11.435
11.5183333333
11.0466666667
10.5516666667
12.155
11.3716666667
11.0233333333
10.0118644068
10.6983333333
11.01
11.31
11.4883333333
12.7766666667
12.1116666667
11.7533333333
11.6186440678
10.4
13.0433333333
10.8966666667
13.8659574468
11.12
11.1070175439
--END OF 2--
