6.08666666667
6.09
6.29322033898
6.02833333333
5.94166666667
4.52166666667
5.63666666667
5.36833333333
5.91
5.89666666667
6.16101694915
5.98666666667
5.23
4.585
5.03166666667
5.585
5.16833333333
4.62333333333
4.76271186441
4.61666666667
4.25833333333
4.9
5.08166666667
5.26333333333
5.33833333333
5.01
5.69322033898
5.27166666667
4.35833333333
5.09
5.86666666667
5.22166666667
5.27
4.61166666667
5.29830508475
6.06
6.16666666667
5.625
5.59833333333
5.22
6.00166666667
5.725
6.34576271186
5.98666666667
4.06333333333
4.70333333333
5.12166666667
5.00333333333
5.31333333333
5.43833333333
5.59322033898
5.74
4.43166666667
5.02166666667
6.17666666667
6.07333333333
5.99333333333
4.835
5.25084745763
6.03620689655
--END OF 1--
10.5116666667
10.2266666667
10.9593220339
10.905
10.6516666667
9.795
10.6166666667
9.54166666667
10.27
10.465
10.1
10.255
10.6066666667
10.5083333333
10.4333333333
10.695
9.76666666667
9.255
10.5
11.3533333333
10.085
10.3583333333
10.4933333333
10.6583333333
13.0833333333
11.1566666667
12.5423728814
11.5633333333
11.4766666667
11.4033333333
10.9466666667
9.99833333333
11.9233333333
10.2516666667
11.4
11.725
11.2383333333
12.6966666667
11.1333333333
10.895
11.4466666667
10.4116666667
10.9542372881
11.0516666667
11.0033333333
10.4
10.1516666667
10.72
10.5116666667
10.8283333333
10.6406779661
10.1316666667
9.46666666667
10.665
11.1466666667
11.6016666667
10.5766666667
10.3466666667
10.1677966102
10.5620689655
--END OF 2--
