4.3
4.3
4.3
4.3
4.2
4.2
4.2
4.1
4.1
4.1
4.1
4.1
4.0
4.0
3.9
4.0
4.0
4.0
3.9
3.9
3.8
3.8
3.9
3.9
3.8
3.8
3.8
3.7
3.7
3.7
3.7
3.7
3.7
3.7
3.7
3.7
3.7
3.7
3.7
3.7
3.7
3.7
3.7
3.7
3.7
3.7
3.7
3.7
3.8
3.8
3.9
3.9
3.9
3.9
3.9
3.9
3.9
3.9
3.8
3.8
3.8
3.8
3.8
3.8
3.8
3.8
3.9
3.9
4.0
4.1
4.1
4.2
4.2
4.2
4.2
4.2
4.3
4.3
4.3
4.4
4.4
4.4
4.3
4.3
4.3
4.4
4.4
4.5
4.5
4.6
4.7
4.7
4.8
4.9
5.0
5.0
5.1
5.1
5.1
5.0
5.0
5.0
4.9
4.9
4.9
4.9
4.9
4.9
4.9
4.9
4.9
4.9
4.8
4.8
4.8
4.7
4.7
4.7
4.7
4.7
4.7
4.7
4.7
4.7
4.8
4.8
4.8
4.8
4.9
4.8
4.8
4.8
4.8
4.9
5.0
5.0
5.0
5.0
5.0
4.9
4.8
4.9
5.0
5.1
5.1
5.1
5.1
5.2
5.2
5.3
5.3
5.3
5.2
5.3
5.4
5.5
5.5
5.6
5.6
5.6
5.6
5.6
5.6
5.6
5.6
5.6
5.6
5.5
5.6
5.6
5.7
5.7
5.8
5.8
5.8
5.9
5.9
5.9
6.0
6.0
6.1
6.2
6.3
6.3
6.3
6.4
6.3
6.2
6.2
6.1
6.1
6.0
5.9
5.9
5.8
5.8
5.7
5.7
5.8
5.8
5.9
5.8
5.7
5.6
5.6
5.5
5.4
5.3
5.3
5.2
5.2
5.1
5.1
4.9
4.7
4.6
4.6
4.6
4.7
4.6
4.6
4.6
4.6
4.6
4.6
4.6
4.7
4.7
4.7
4.6
4.5
4.5
4.5
4.5
4.5
4.5
4.5
4.4
4.4
4.4
4.3
4.3
4.2
4.2
4.2
4.2
4.2
4.2
4.3
4.3
4.2
4.2
4.3
4.3
4.3
4.3
4.2
4.2
4.2
4.2
4.2
4.3
4.4
4.4
4.5
4.5
4.6
4.5
4.5
4.5
4.5
4.5
4.6
4.6
4.6
4.6
4.5
4.5
4.4
4.4
4.5
4.5
4.5
4.5
4.5
4.5
4.5
4.6
4.5
4.5
4.5
4.5
4.5
4.5
4.5
4.5
4.5
4.5
4.5
4.4
4.4
4.4
4.4
4.4
4.4
4.4
4.4
4.4
4.4
4.4
4.4
4.4
4.4
4.4
4.4
4.3
4.3
4.3
4.3
4.2
4.2
4.1
4.1
4.0
4.0
4.0
4.0
4.0
4.0
3.9
3.9
3.9
3.9
4.0
4.0
4.1
4.1
4.1
4.2
4.2
4.2
4.2
4.3
4.3
4.4
4.3
4.3
4.2
4.2
4.2
4.2
4.2
4.2
4.2
4.1
4.1
4.1
4.1
4.1
4.2
4.1
4.1
4.1
4.1
4.2
4.2
4.2
4.2
4.2
4.2
4.3
4.3
4.3
4.2
4.2
4.3
4.3
4.4
4.4
4.4
4.4
4.4
4.4
4.4
4.5
4.5
4.6
4.6
4.7
4.7
4.7
4.6
4.6
4.5
4.4
4.4
4.3
4.3
4.3
4.3
4.3
4.3
4.2
4.2
4.1
4.2
4.2
4.2
4.3
4.3
4.3
4.3
4.4
4.4
4.5
4.5
4.6
4.6
4.7
4.7
4.7
4.7
4.8
4.7
4.7
4.6
4.7
4.8
4.9
4.9
4.9
4.9
5.0
5.1
5.1
5.1
5.0
5.0
5.0
5.0
5.0
5.0
5.0
4.9
4.9
4.8
4.7
4.7
4.7
4.7
4.7
4.7
4.7
4.7
4.7
4.8
4.8
4.8
4.8
4.9
4.9
4.9
4.9
4.9
4.9
4.9
4.9
4.9
4.9
4.9
4.9
4.9
4.9
4.9
4.8
4.7
4.6
4.5
4.5
4.4
4.4
4.5
4.5
4.5
4.4
4.4
4.4
4.3
4.2
4.1
4.1
4.1
4.0
4.0
4.0
4.0
4.1
4.2
4.2
4.2
4.2
4.2
4.2
4.2
4.2
4.2
4.2
4.2
4.1
4.1
4.2
4.2
4.2
4.2
4.2
4.1
4.1
4.1
4.0
4.0
4.0
4.0
4.0
4.0
4.0
4.0
4.0
4.0
4.0
4.0
4.0
4.1
4.2
4.2
4.4
4.6
4.7
4.8
4.8
4.9
4.9
4.9
4.8
4.9
4.9
4.9
5.0
5.0
5.1
5.2
5.2
5.3
5.3
5.3
5.3
5.4
5.5
5.6
5.6
5.5
5.5
5.6
5.7
5.7
5.8
5.8
5.8
5.9
5.9
6.0
6.0
6.1
6.1
6.1
6.1
6.1
6.1
6.1
6.1
6.1
6.1
6.0
6.1
6.1
6.2
6.2
6.2
6.2
6.2
6.3
6.3
6.2
6.1
6.0
5.9
5.7
---END OF 2.5 MEASUREMENTS---
7.3
7.3
7.3
7.3
7.3
7.2
7.2
7.2
7.1
7.1
7.2
7.2
7.1
7.1
7.0
6.9
6.9
6.8
6.8
6.8
6.7
6.7
6.7
6.7
6.7
6.7
6.7
6.7
6.6
6.6
6.6
6.7
6.7
6.6
6.6
6.6
6.6
6.6
6.6
6.6
6.6
6.7
6.6
6.6
6.6
6.6
6.7
6.7
6.7
6.7
6.7
6.7
6.6
6.6
6.6
6.6
6.6
6.6
6.6
6.6
6.6
6.7
6.8
6.8
6.8
6.8
6.8
6.9
6.9
7.0
7.0
7.1
7.1
7.2
7.2
7.2
7.2
7.2
7.3
7.3
7.4
7.4
7.4
7.4
7.4
7.4
7.4
7.4
7.5
7.5
7.5
7.5
7.5
7.5
7.5
7.6
7.5
7.5
7.5
7.5
7.5
7.5
7.5
7.4
7.4
7.4
7.5
7.5
7.5
7.5
7.5
7.5
7.5
7.5
7.5
7.5
7.5
7.5
7.5
7.5
7.5
7.4
7.3
7.4
7.4
7.5
7.5
7.5
7.5
7.4
7.3
7.2
7.8
8.4
9.0
9.0
9.0
9.1
9.0
8.9
8.8
8.9
8.9
8.9
8.9
8.9
8.9
9.0
9.0
9.1
9.1
9.1
9.1
11.1
13.0
15.0
15.0
15.0
15.1
15.0
15.0
15.0
15.0
15.0
15.0
15.0
14.9
14.9
14.9
14.9
15.0
15.0
15.0
15.0
15.0
15.0
15.0
15.0
15.1
15.1
15.2
15.2
15.3
15.3
15.2
15.2
15.2
15.2
15.2
15.2
15.1
15.1
14.5
13.9
13.3
13.3
13.3
13.3
13.4
13.4
13.4
13.4
13.4
13.4
13.4
13.3
13.3
13.3
13.2
13.2
13.3
13.4
13.5
11.5
9.6
7.6
7.6
7.7
7.7
7.8
7.9
8.0
8.0
8.0
8.0
8.0
8.0
8.0
8.0
8.0
7.9
7.9
7.9
7.9
7.9
7.9
7.9
7.8
7.8
7.8
7.7
7.6
7.5
7.5
7.6
7.6
7.6
7.6
7.6
7.6
7.6
7.6
7.5
7.5
7.5
7.5
7.5
7.5
7.5
7.5
7.5
7.5
7.6
7.6
7.6
7.7
7.7
7.6
7.6
7.6
7.5
7.4
7.3
7.2
7.2
7.2
7.2
7.2
7.2
7.1
7.1
7.0
7.0
7.0
7.0
7.1
7.1
7.1
7.1
7.0
7.0
7.0
7.0
7.0
7.0
7.0
7.0
7.0
7.0
7.0
7.0
7.0
7.0
7.0
7.0
7.0
7.0
7.0
7.0
7.0
7.1
7.1
7.0
7.0
7.0
7.0
7.0
7.0
7.0
7.0
7.0
6.9
6.9
6.8
6.8
6.8
6.8
6.8
6.8
6.8
6.9
6.9
7.0
7.0
7.0
7.1
7.0
6.9
6.9
6.9
6.9
6.9
6.9
6.9
6.9
6.9
6.9
6.9
6.8
6.8
6.8
6.8
6.9
6.9
6.9
6.9
6.9
6.9
6.9
6.9
6.9
6.9
6.9
6.9
6.9
6.9
7.0
7.0
7.1
7.1
7.2
7.2
7.2
7.2
7.3
7.3
7.3
7.3
7.3
7.3
7.3
7.3
7.3
7.3
7.4
7.4
7.5
7.5
7.5
7.5
7.4
7.4
7.3
7.5
7.7
7.8
7.8
7.8
7.8
7.9
7.9
8.0
7.9
7.9
7.9
7.9
7.9
7.9
7.9
8.0
8.0
8.0
8.0
8.0
8.1
8.1
8.1
8.2
8.3
8.3
8.3
8.3
8.4
8.3
8.3
8.2
8.3
8.4
8.4
8.4
8.4
8.4
8.4
8.5
8.5
8.5
8.5
8.5
8.5
8.6
8.7
8.7
8.7
8.8
8.7
8.7
8.6
8.6
8.6
8.6
8.6
8.6
8.6
8.5
8.3
8.2
8.2
8.2
8.3
8.2
8.2
8.2
8.2
8.2
8.3
8.3
8.3
8.3
8.3
8.3
8.3
8.3
8.3
8.3
8.3
8.2
8.2
8.2
8.1
8.1
8.3
8.5
8.7
8.7
8.8
8.8
8.6
8.5
8.4
8.4
8.4
8.4
8.4
8.4
8.4
8.5
8.5
8.6
8.6
8.6
8.5
8.5
8.4
8.4
8.4
8.4
8.5
8.4
8.4
8.4
8.4
8.5
8.5
8.4
8.4
8.4
8.3
8.3
8.3
8.3
8.4
8.5
8.5
8.4
8.4
8.4
8.3
8.3
8.3
8.3
8.3
8.3
8.3
8.4
8.4
8.4
8.4
8.4
8.5
8.5
8.3
8.0
7.8
7.8
7.8
7.8
7.9
8.0
8.1
8.1
8.1
8.1
8.1
8.0
8.0
8.0
8.1
8.1
8.1
8.1
8.0
8.1
8.2
8.4
8.3
8.3
8.3
8.3
8.3
8.4
8.4
8.4
8.4
8.4
8.4
8.4
8.4
8.4
8.4
8.3
8.2
8.2
8.2
8.2
8.2
8.2
8.3
8.3
8.3
8.3
8.4
8.3
8.3
8.3
8.2
8.1
---END OF 10 MEASUREMENTS---
