10.7576271186
11.6236363636
10.5066666667
10.1583333333
11.24
11.3633333333
11.5316666667
11.5859649123
11.3083333333
11.7933333333
11.1016666667
9.60169491525
10.6433333333
11.2583333333
11.2433333333
10.6545454545
10.4561403509
12.4206896552
9.99166666667
9.95084745763
10.2683333333
10.7796610169
11.08
11.1433333333
10.0383333333
9.89152542373
10.3280701754
9.96166666667
10.4745762712
11.0779661017
10.8433333333
10.7428571429
9.64666666667
11.625
13.2169491525
12.8433333333
12.0035087719
11.915
10.345
9.38166666667
10.8016949153
11.3133333333
11.2625
11.3948275862
11.0125
12.2389830508
11.4222222222
11.7254237288
11.4183333333
10.9178571429
12.1446428571
11.6830508475
11.1365384615
10.7
10.95
11.8915254237
13.8233333333
11.374137931
11.1927272727
11.6844827586
--END OF 1--
16.6728813559
16.4145454545
16.18
15.3933333333
14.4016666667
15.3316666667
15.8033333333
17.0403508772
14.7966666667
15.19
16.2266666667
15.2627118644
15.905
15.6566666667
17.7816666667
16.4145454545
15.5964912281
17.2120689655
14.9483333333
16.6474576271
15.065
15.0389830508
14.6633333333
15.4866666667
15.765
15.7152542373
16.6421052632
15.4833333333
18.1152542373
16.506779661
15.9583333333
16.3910714286
15.7666666667
16.9714285714
18.6220338983
18.8216666667
16.0578947368
15.675
15.3116666667
15.3266666667
15.0186440678
14.4083333333
16.8910714286
16.6862068966
17.175
16.1542372881
16.4844444444
16.1610169492
16.3
16.1535714286
17.5678571429
15.9322033898
17.3769230769
15.5186440678
16.16
17.2203389831
16.6083333333
15.8637931034
16.46
18.2206896552
--END OF 2--
