14.8355932203
15.7610169492
14.8816666667
13.9072727273
14.5132075472
14.237037037
14.5183333333
14.7224137931
14.6203389831
15.1824561404
14.3120689655
15.4944444444
15.12
13.7625
16.3116666667
15.2037735849
14.5254237288
13.255
14.6525423729
14.5913793103
15.512962963
16.5666666667
13.2877192982
16.2735849057
15.72
15.13
15.225
15.3366666667
13.6133333333
14.0816666667
15.2266666667
15.2050847458
15.2066666667
15.4183333333
14.4766666667
15.8633333333
15.0683333333
15.7616666667
15.8933333333
14.895
15.3983050847
15.785
14.96
14.1966666667
14.6101694915
14.7316666667
14.29
14.9416666667
15.685
14.9866666667
14.6561403509
15.6183333333
14.0410714286
15.9142857143
15.25
16.3327272727
14.6357142857
14.345
14.4966666667
13.8368421053
--END OF 1--
17.6593220339
17.5237288136
17.3883333333
17.28
17.0660377358
17.2425925926
18.0466666667
17.3827586207
17.0610169492
17.4824561404
17.1465517241
17.2314814815
18.405
16.7660714286
18.63
17.7283018868
17.4796610169
17.2783333333
18.5305084746
18.5482758621
18.1111111111
19.1516666667
16.1526315789
17.9377358491
18.3916666667
18.4266666667
18.3583333333
18.9183333333
17.6933333333
18.8983333333
18.7016666667
19.1627118644
18.3716666667
18.08
17.8266666667
19.3083333333
18.5133333333
19.935
18.59
18.1583333333
18.2677966102
18.2633333333
17.6983333333
17.8583333333
17.2966101695
19.045
20.1616666667
18.4966666667
17.9316666667
17.6516666667
18.2649122807
18.8233333333
17.7607142857
17.4089285714
18.3
18.2672727273
17.8035714286
18.5333333333
18.6833333333
17.2894736842
--END OF 2--
