19.99
17.815
18.8966101695
17.22
15.2766666667
16.82
18.6166666667
19.6716666667
17.1321428571
16.6762711864
16.6942307692
16.4433333333
15.8233333333
15.2616666667
15.6283333333
15.5116666667
13.395
14.8576271186
15.1433333333
14.6683333333
16.0333333333
14.955
13.2066666667
15.0214285714
15.1578947368
15.7696428571
15.3637931034
15.3383333333
13.7711864407
16.0116666667
16.6666666667
15.5083333333
15.1566666667
14.9016666667
17.4807017544
17.2732142857
15.3
16.0192982456
15.7833333333
14.425862069
15.085
13.8152542373
14.8050847458
14.9316666667
14.7
14.0734693878
15.2295454545
15.415
13.795
15.8322033898
15.2679245283
16.2949152542
15.14
15.185
13.94
13.3931034483
11.9966666667
12.3183333333
11.1583333333
18.6637931034
--END OF 1--
23.95
22.7583333333
23.6101694915
20.2
18.7016666667
21.03
24.8316666667
24.8333333333
22.5107142857
21.7338983051
19.825
19.02
18.2566666667
19.2983333333
18.5916666667
20.425
18.5433333333
18.3203389831
18.155
18.1733333333
21.565
20.5166666667
18.2366666667
20.2125
20.9807017544
18.7821428571
19.675862069
19.815
19.9745762712
19.495
18.6666666667
18.765
20.365
18.27
19.6245614035
23.2821428571
18.7728813559
17.9561403509
18.2133333333
17.4844827586
18.4433333333
17.6677966102
17.9949152542
18.0416666667
17.6271186441
17.1285714286
17.1636363636
19.8216666667
17.9533333333
19.6084745763
17.958490566
20.0559322034
18.1733333333
18.0283333333
15.9316666667
17.6327586207
15.6533333333
16.3183333333
16.0233333333
21.6017241379
--END OF 2--
