8.385
9.41896551724
9.34166666667
9.56333333333
9.59833333333
8.27666666667
9.40666666667
8.975
8.69830508475
8.49285714286
8.83793103448
8.06666666667
8.29666666667
9.4298245614
9.99310344828
7.42333333333
7.55
8.78333333333
7.96166666667
8.70727272727
7.41016949153
8.26610169492
8.68166666667
8.93728813559
8.225
7.03
8.05517241379
7.14666666667
7.60576923077
7.87666666667
8.37
8.04745762712
6.63898305085
7.6186440678
9.58166666667
9.305
9.29833333333
7.83448275862
9.31333333333
8.505
8.34
8.25333333333
7.76666666667
7.82
6.77833333333
8.01355932203
8.485
7.86833333333
7.495
7.95666666667
8.4
6.77666666667
8.27457627119
8.71186440678
7.97
8.07166666667
7.94333333333
8.53
8.43166666667
9.19298245614
--END OF 1--
14.9966666667
13.3551724138
14.7133333333
14.4616666667
15.5
14.5783333333
14.4566666667
11.8066666667
12.3796610169
13.2339285714
12.5948275862
12.3733333333
11.4733333333
13.4228070175
16.1206896552
12.1516666667
11.7233333333
13.7716666667
12.755
12.8418181818
12.6
12.3203389831
17.1516666667
15.4542372881
14.095
13.4883333333
13.15
12.4333333333
12.8134615385
12.98
14.085
13.6508474576
13.1762711864
13.6881355932
15.0066666667
14.2116666667
13.795
13.2068965517
14.6033333333
14.6283333333
12.485
12.0183333333
13.4283333333
12.1316666667
11.57
12.6576271186
12.33
12.8266666667
12.0616666667
13.24
12.1416666667
11.6466666667
13.4203389831
13.4152542373
11.9933333333
12.2283333333
12.19
11.9783333333
12.9283333333
15.9122807018
--END OF 2--
