11.9983333333
11.8083333333
12.3133333333
11.3913793103
11.824137931
12.3701754386
11.6529411765
11.2913793103
13.3883333333
14.3333333333
12.8547169811
11.9395833333
11.1305084746
13.405
13.3118644068
12.6620689655
13.1169491525
13.1724137931
12.34
13.8796610169
11.7983333333
12.3933333333
12.8
13.5696428571
13.0910714286
14.0288135593
13.2701754386
14.9866666667
12.8568965517
12.1366666667
12.4610169492
13.6333333333
13.4833333333
12.535
13.3683333333
12.81
12.9644067797
11.8375
11.6416666667
11.0525423729
10.51
10.2416666667
10.2666666667
11.8526315789
12.5983333333
11.8637931034
12.2627118644
11.945
11.485
12.2266666667
12.4355932203
11.3116666667
10.355
11.2483333333
12.795
12.9066666667
13.3666666667
12.9666666667
13.3520833333
12.2392857143
--END OF 1--
17.025
17.0516666667
16.925
17.6637931034
16.6413793103
16.7736842105
17.0529411765
16.6603448276
17.8283333333
18.9433333333
17.6283018868
16.8645833333
16.2762711864
18.6366666667
18.0542372881
17.0189655172
17.6440677966
17.1465517241
17.9127272727
18.6389830508
15.2516666667
18.0966666667
19.1525423729
17.5107142857
17.1892857143
16.9457627119
16.498245614
18.4683333333
16.4534482759
16.1366666667
17.5762711864
17.74
18.405
17.8766666667
18.32
16.945
19.3169491525
18.5285714286
15.7216666667
16.4033898305
15.2083333333
16.97
18.98
16.6877192982
18.655
16.8482758621
16.9016949153
19.295
21.1466666667
15.8583333333
14.8169491525
14.7733333333
15.045
15.33
16.095
15.38
15.685
15.9596491228
17.50625
15.3142857143
--END OF 2--
