8.39491525424
8.465
9.26428571429
10.0344827586
9.55666666667
9.41
8.045
9.835
9.30666666667
9.87333333333
9.88833333333
9.24915254237
9.90833333333
9.68983050847
10.5327272727
10.4072727273
8.91403508772
9.37288135593
9.75263157895
10.1152542373
9.50877192982
9.36833333333
8.63666666667
9.0724137931
10.465
10.655
9.84909090909
9.98421052632
10.3310344828
9.705
9.72857142857
9.55535714286
10.53
10.0666666667
10.72
9.39642857143
10.19
10.5233333333
10.275
10.393220339
9.81833333333
8.64166666667
10.7866666667
10.595
8.88461538462
10.5542372881
10.31
11.1783333333
9.81016949153
11.0033898305
11.145
11.275
11.2666666667
9.1
9.81016949153
10.0166666667
9.12833333333
9.20555555556
10.6116666667
8.82931034483
--END OF 1--
12.1661016949
11.765
12.8660714286
13.9396551724
12.1483333333
12.2683333333
11.8833333333
12.74
12.5283333333
12.87
12.55
12.6203389831
13.1583333333
12.3084745763
13.2745454545
13.0563636364
13.601754386
13.8457627119
12.5350877193
12.7423728814
12.750877193
11.7233333333
12.2033333333
12.1344827586
13.1616666667
13.9116666667
13.2018181818
12.2578947368
11.974137931
13.0
12.7767857143
12.2946428571
13.3566666667
12.9016666667
13.9816666667
12.3339285714
12.5383333333
13.6316666667
12.7083333333
13.6525423729
12.93
12.87
12.6766666667
12.61
12.8826923077
13.0305084746
13.445
13.3966666667
12.5423728814
12.5881355932
13.045
13.3083333333
13.4233333333
11.7033333333
13.1559322034
12.9066666667
11.4783333333
11.6240740741
12.2866666667
13.4413793103
--END OF 2--
