23.7333333333
22.4566666667
25.1433333333
23.79
23.5183333333
22.8516666667
23.3779661017
23.605
21.89
21.4155172414
21.0133333333
23.9237288136
24.28
24.3033333333
22.805
23.5033333333
24.0433333333
22.175
21.6866666667
21.07
21.6152542373
21.525
23.0483333333
24.1833333333
21.3283333333
21.2933333333
22.8366666667
22.3016666667
22.4101694915
22.2366666667
22.4816666667
22.3616666667
22.195
23.1933333333
20.985
20.5266666667
20.9847457627
21.7305084746
23.1083333333
23.665
22.59
21.94
22.5034482759
22.2224137931
21.3916666667
21.0280701754
22.0561403509
22.9183333333
22.1766666667
21.85
21.4583333333
22.3916666667
21.6644067797
22.5474576271
21.686440678
22.1068965517
22.8877192982
21.813559322
22.8466666667
22.1368421053
--END OF 1--
25.355
25.95
27.85
28.455
29.8433333333
27.16
27.2
26.5716666667
26.46
27.3396551724
25.725
25.8118644068
26.3866666667
27.6716666667
25.8116666667
25.6933333333
27.76
28.0233333333
28.57
28.4566666667
26.2949152542
28.0183333333
27.1316666667
32.2233333333
27.6633333333
27.3633333333
25.85
26.0716666667
26.8644067797
27.9983333333
26.6933333333
25.3883333333
27.42
29.3416666667
27.4883333333
25.3233333333
27.8627118644
24.6694915254
26.35
28.9666666667
26.3816666667
25.7133333333
24.9017241379
27.4448275862
26.8016666667
25.5192982456
27.5105263158
25.1083333333
27.735
27.5733333333
27.1433333333
24.4333333333
27.4525423729
25.6271186441
24.3728813559
27.6913793103
24.8543859649
26.4644067797
27.3016666667
26.0385964912
--END OF 2--
