19.02
18.4066666667
21.2133333333
19.6866666667
18.0627118644
20.29
20.33
20.5983333333
20.98
20.0133333333
21.0283333333
20.575
20.8355932203
20.6333333333
18.1716666667
20.4933333333
20.555
21.34
19.23
19.415
18.5491525424
18.8866666667
19.535
18.8516666667
19.1933333333
20.2983333333
20.585
21.0533333333
19.0084745763
18.5633333333
20.6233333333
18.06
19.1033333333
21.1566666667
21.2383333333
21.03
20.575
20.3155172414
20.19
20.17
20.9716666667
22.1071428571
20.3266666667
19.885
19.6033898305
19.1116666667
20.4033333333
20.6183333333
19.5983333333
19.7733333333
19.395
21.095
19.0576271186
20.0
20.4983333333
20.9633333333
19.0133333333
18.5433333333
20.07
17.9614035088
--END OF 1--
23.0016666667
20.82
22.5333333333
21.8216666667
22.1457627119
23.6316666667
23.1716666667
25.4183333333
22.885
21.1483333333
22.1283333333
24.2583333333
23.5355932203
22.185
20.39
21.96
21.7683333333
22.625
21.5166666667
21.2283333333
21.9254237288
21.3266666667
21.1166666667
23.29
21.35
22.26
22.4733333333
22.5733333333
23.9983050847
22.26
23.31
21.48
20.6983333333
22.9616666667
25.0616666667
25.155
24.2683333333
25.0103448276
23.0633333333
23.285
23.5516666667
25.8642857143
23.2866666667
21.7833333333
21.2338983051
21.75
23.7433333333
24.265
24.3166666667
22.0633333333
22.0016666667
22.45
23.2288135593
23.2983333333
22.8966666667
25.0733333333
20.96
21.155
21.7433333333
23.9122807018
--END OF 2--
