5.45423728814
5.87666666667
5.975
5.32166666667
5.255
4.185
5.045
4.805
5.27627118644
5.53666666667
5.0
4.41333333333
4.51833333333
5.64
5.77
5.55166666667
5.45254237288
4.94
6.09666666667
4.73833333333
5.16666666667
5.25333333333
5.55
5.245
4.77
4.21694915254
4.99333333333
4.98
5.05
3.87166666667
4.54
3.97666666667
4.39666666667
5.01525423729
5.62166666667
4.75333333333
4.86666666667
6.35666666667
5.10833333333
5.43333333333
6.08666666667
5.02203389831
5.89166666667
5.55
5.85
5.53666666667
4.875
4.97333333333
5.1
4.86666666667
4.11016949153
4.16666666667
5.18166666667
4.415
4.73166666667
3.885
5.13833333333
4.495
5.62711864407
4.72413793103
--END OF 1--
9.97966101695
9.64833333333
9.95666666667
10.9316666667
11.12
11.2616666667
11.295
9.57666666667
10.3474576271
10.88
9.88833333333
9.255
10.41
10.3466666667
9.86333333333
11.975
11.0915254237
10.5583333333
10.3766666667
10.755
10.4283333333
10.36
11.0966666667
10.8633333333
10.9833333333
10.4796610169
10.4433333333
12.0766666667
9.84666666667
9.645
9.91166666667
9.30666666667
10.27
10.6237288136
11.3783333333
9.90666666667
10.3766666667
10.9183333333
9.91333333333
11.3216666667
10.5483333333
11.6491525424
11.1083333333
10.8433333333
11.2266666667
11.13
10.2033333333
10.5566666667
9.535
9.57166666667
9.68813559322
10.97
10.7283333333
9.17166666667
9.895
10.1583333333
10.0216666667
10.2733333333
9.75423728814
9.6724137931
--END OF 2--
