11.675862069
12.54
11.2413793103
12.1796610169
12.5660714286
11.9576271186
12.0037735849
12.5118644068
11.1133333333
11.2627118644
11.8316666667
12.5813559322
12.725
10.9631578947
10.8183333333
10.39
11.6816666667
12.1103448276
13.9423728814
11.37
12.1266666667
12.7722222222
10.6224137931
11.0316666667
13.013559322
12.24
10.6610169492
12.3
11.6305084746
11.7491525424
12.3966666667
11.9592592593
11.4288135593
11.9423076923
11.85
12.1275862069
11.97
12.7433333333
12.7949152542
13.4933333333
12.3183333333
11.965
11.8716666667
11.9383333333
12.2733333333
11.5916666667
11.9157894737
10.5733333333
10.6192982456
12.2833333333
10.4555555556
11.36
11.5933333333
11.9288888889
11.705
12.5644067797
11.35
10.8333333333
10.2474576271
12.0816666667
--END OF 1--
17.1206896552
17.0183333333
16.3086206897
17.5949152542
18.2964285714
16.1593220339
16.779245283
18.4372881356
17.195
15.5576271186
18.875
18.0050847458
17.8366666667
16.5771929825
15.0933333333
15.9583333333
16.145
18.2
19.2559322034
17.2183333333
18.6183333333
17.3148148148
15.8586206897
15.165
17.7372881356
18.78
17.3966101695
17.8233333333
16.9677966102
16.113559322
16.4716666667
17.0444444444
17.993220339
17.0673076923
15.75
16.5413793103
16.07
18.3666666667
15.9661016949
16.985
16.63
15.96
16.2883333333
16.0083333333
15.7633333333
15.865
16.8210526316
17.5583333333
17.0754385965
17.7092592593
16.9
17.1666666667
16.165
16.7266666667
16.1333333333
16.0186440678
17.2160714286
16.298245614
14.8983050847
17.9483333333
--END OF 2--
