9.70166666667
11.3133333333
10.74
9.82333333333
11.1933333333
10.9966666667
10.0898305085
11.74
11.3466666667
10.7533333333
10.7233333333
9.94
10.485
11.525
10.8966666667
11.4542372881
11.08
11.4666666667
12.6833333333
11.8433333333
11.3
11.7566666667
11.985
10.906779661
12.0383333333
10.875
10.6483333333
11.25
12.1666666667
10.9116666667
10.3933333333
11.2266666667
11.3033898305
11.14
10.3
9.16666666667
9.33666666667
9.22033898305
9.03833333333
8.26949152542
8.98275862069
9.78666666667
8.93928571429
9.49
10.4083333333
8.605
9.42280701754
10.0583333333
8.72333333333
9.89
10.2440677966
10.1233333333
9.98793103448
9.96833333333
9.47586206897
10.2685185185
10.5051724138
10.105
10.555
11.801754386
--END OF 1--
13.71
13.15
13.42
13.2683333333
13.46
14.4
13.2881355932
13.15
13.29
13.235
13.4333333333
13.2566666667
12.7133333333
13.8966666667
13.8816666667
12.906779661
12.76
13.905
15.315
13.0083333333
13.93
13.2566666667
13.9616666667
13.7796610169
13.7116666667
13.7466666667
13.63
13.6783333333
14.2866666667
13.9716666667
14.5366666667
14.3266666667
12.9457627119
13.6483333333
12.8733333333
12.3033333333
12.9016666667
12.0389830508
11.9316666667
12.5525423729
12.4568965517
12.7533333333
12.5303571429
13.52
13.32
12.185
12.2438596491
12.3866666667
12.3066666667
13.5166666667
12.606779661
12.4966666667
12.5379310345
13.1266666667
13.6931034483
12.1944444444
12.4344827586
12.755
14.16
14.5684210526
--END OF 2--
