9.65
8.6813559322
8.71166666667
8.285
9.22
8.22166666667
7.83833333333
7.32666666667
8.73166666667
8.53833333333
8.85593220339
9.39833333333
7.57333333333
8.17333333333
9.57
9.025
8.095
9.62666666667
9.07288135593
10.7833333333
8.82166666667
7.72666666667
9.32881355932
8.75762711864
9.58
8.99830508475
8.99166666667
8.525
8.93275862069
9.16666666667
8.655
8.38490566038
8.75
7.88166666667
8.25833333333
7.76333333333
7.71333333333
9.41525423729
9.49
9.08305084746
9.375
8.64833333333
7.26
8.02666666667
9.34333333333
8.79661016949
9.27333333333
8.33666666667
7.73333333333
9.41666666667
9.11132075472
8.78833333333
8.435
9.83389830508
10.4716666667
10.26
8.865
10.3321428571
10.5016949153
8.36206896552
--END OF 1--
12.495
10.9627118644
11.6083333333
11.3
11.2983333333
11.945
11.4183333333
10.515
11.99
13.055
12.5627118644
12.635
11.6466666667
12.065
12.4016666667
13.0983333333
12.2983333333
13.5533333333
12.0915254237
12.8166666667
12.225
13.1816666667
12.586440678
12.3711864407
14.51
12.906779661
11.1783333333
12.9383333333
13.4034482759
12.3771929825
12.4566666667
13.3754716981
11.8066666667
12.37
12.325
12.035
16.0683333333
13.8355932203
12.4983333333
13.7881355932
11.8375
12.0683333333
12.8933333333
13.5266666667
12.015
12.013559322
14.8666666667
12.25
12.1
13.1016666667
13.5981132075
12.9966666667
12.0616666667
13.4610169492
13.3666666667
13.1833333333
12.2233333333
11.9232142857
12.5559322034
11.7551724138
--END OF 2--
