7.62166666667
8.04666666667
8.50833333333
7.90847457627
7.78333333333
7.47
7.06833333333
7.17833333333
7.26166666667
7.25666666667
7.38833333333
7.95423728814
6.785
7.58166666667
7.635
8.27166666667
7.93166666667
7.85
7.40666666667
8.08983050847
8.67333333333
8.31666666667
8.13
6.98333333333
8.385
7.665
7.31166666667
8.42372881356
8.17333333333
8.58166666667
8.04
7.95166666667
8.22833333333
8.57666666667
8.365
7.89322033898
7.97
8.38
6.97833333333
7.77
8.01333333333
7.505
7.41016949153
7.96
8.83
8.13333333333
7.41833333333
7.47
7.75833333333
7.97666666667
7.65166666667
7.81016949153
8.55
9.22033898305
8.07833333333
6.60833333333
8.08833333333
8.16833333333
8.21
7.33090909091
--END OF 1--
11.48
12.48
12.2666666667
11.7288135593
12.6633333333
11.745
11.9616666667
11.46
11.2066666667
10.9566666667
11.1966666667
11.7559322034
11.4466666667
11.1083333333
11.6983333333
12.755
11.895
12.4383333333
13.1266666667
11.6288135593
12.1316666667
12.4816666667
13.2366666667
12.3533333333
12.58
11.5766666667
11.2666666667
12.6474576271
11.6533333333
12.2916666667
11.4766666667
11.5816666667
12.03
12.685
11.9483333333
11.3491525424
11.775
11.5333333333
11.1566666667
11.5183333333
12.075
12.185
11.7915254237
11.45
12.515
12.4566666667
12.4816666667
12.195
13.35
12.1166666667
13.665
11.7
12.0816666667
12.1711864407
11.6533333333
11.695
12.185
12.49
12.4716666667
12.0109090909
--END OF 2--
