17.3644067797
18.7542372881
18.1183333333
18.795
19.62
17.88
19.5559322034
19.275
19.135
17.2016666667
16.9771929825
15.2105263158
16.4298245614
14.785
14.425
16.7228070175
14.093220339
15.1416666667
15.5816666667
17.3185185185
17.0566666667
15.7283333333
16.4379310345
18.7116666667
17.3839285714
17.2118644068
16.7508474576
17.6152542373
17.8568965517
18.485
18.42
17.4266666667
16.3603448276
18.0614035088
17.7779661017
17.2457627119
17.7118644068
17.6633333333
18.9433333333
17.8728813559
16.4016949153
15.1927272727
17.3254237288
16.0949152542
18.3542372881
17.94
17.5389830508
18.4283333333
17.7
17.06
17.3423728814
16.5366666667
17.6736842105
17.6766666667
15.6137931034
14.4491525424
15.0813559322
14.9933333333
14.4533333333
16.3859649123
--END OF 1--
22.1610169492
19.986440678
19.3
19.9016666667
23.2033333333
21.7933333333
22.2406779661
22.4833333333
20.3433333333
18.9116666667
18.7105263158
17.5
19.2578947368
20.2166666667
18.085
20.6298245614
17.8084745763
20.2166666667
19.5083333333
21.9222222222
19.9666666667
18.1133333333
18.8603448276
20.145
18.2982142857
21.1254237288
19.5355932203
18.5627118644
19.3534482759
21.0683333333
20.18
19.875
18.8586206897
19.6771929825
19.7898305085
18.2457627119
19.0118644068
18.78
19.9383333333
18.8983050847
17.8644067797
17.1872727273
19.6559322034
17.8847457627
20.2220338983
19.1816666667
20.4694915254
19.585
19.18
18.3533333333
20.8593220339
19.8216666667
18.7859649123
19.025
17.4431034483
17.8796610169
18.1322033898
19.2316666667
18.99
20.2350877193
--END OF 2--
