8.595
8.01481481481
7.60666666667
7.74833333333
6.94237288136
8.035
8.27833333333
9.06833333333
8.78333333333
8.925
8.03333333333
8.2
6.97288135593
8.015
7.855
8.29833333333
8.63166666667
9.25172413793
8.61
8.08666666667
8.93448275862
8.14666666667
8.18644067797
6.51
7.05333333333
7.78666666667
8.22333333333
8.32333333333
7.44333333333
6.94166666667
6.84915254237
7.775
8.975
8.64666666667
9.605
8.70333333333
7.21833333333
7.52833333333
7.98333333333
8.54745762712
8.58666666667
7.99333333333
6.56166666667
8.28666666667
6.95166666667
7.075
6.89166666667
7.13050847458
8.38666666667
7.54333333333
8.425
7.99333333333
8.225
9.42666666667
7.585
8.61525423729
8.09
8.455
7.91
7.44561403509
--END OF 1--
12.3766666667
12.762962963
10.5866666667
12.9833333333
10.5644067797
10.34
11.01
12.1733333333
12.7740740741
11.4716666667
10.8866666667
11.7433333333
10.5830508475
10.33
10.68
10.51
10.8716666667
12.0379310345
11.3933333333
10.9516666667
11.6672413793
10.3766666667
10.7186440678
10.5783333333
10.625
10.4733333333
10.9566666667
10.925
10.2616666667
10.2133333333
9.61016949153
10.92
11.29
11.6416666667
10.7666666667
10.595
10.9783333333
11.3183333333
10.9383333333
10.6949152542
12.0266666667
12.3133333333
9.885
10.8866666667
9.90666666667
10.6866666667
9.57166666667
10.0406779661
10.925
10.415
15.525
11.0316666667
11.3333333333
11.2133333333
11.3183333333
11.2694915254
10.135
10.175
10.315
10.3350877193
--END OF 2--
