7.68666666667
7.14166666667
8.51206896552
7.52333333333
8.98333333333
7.57
7.36779661017
7.75833333333
8.19333333333
8.70666666667
8.30666666667
8.105
7.865
7.97666666667
7.36271186441
9.15666666667
8.27333333333
7.75833333333
8.95666666667
8.95535714286
7.89333333333
8.30166666667
8.37333333333
7.28305084746
8.215
7.58
8.31666666667
9.29333333333
9.32333333333
7.76
8.49333333333
8.39833333333
7.45423728814
7.895
7.86666666667
8.15
8.15333333333
7.825
7.455
8.015
8.49830508475
8.30333333333
8.20166666667
7.455
8.74833333333
8.75166666667
8.00833333333
8.13833333333
6.92833333333
8.65254237288
8.62166666667
7.86333333333
8.62
8.08333333333
8.15084745763
8.835
7.71666666667
7.09166666667
7.495
8.04655172414
--END OF 1--
11.61
12.0083333333
12.5948275862
10.8983333333
14.8266666667
11.5216666667
13.1220338983
11.2283333333
11.8516666667
11.1333333333
11.42
12.06
12.6133333333
10.9533333333
10.4152542373
12.8466666667
11.7466666667
11.7083333333
14.4566666667
11.8892857143
12.1083333333
11.9366666667
12.7433333333
9.92881355932
10.7116666667
11.4183333333
12.3116666667
11.4783333333
11.4533333333
10.5716666667
11.6383333333
11.6883333333
10.8372881356
12.69
10.8516666667
11.465
12.295
10.8
10.3666666667
12.0283333333
12.2152542373
12.1783333333
11.21
10.615
11.23
11.885
11.9583333333
12.7
11.0483333333
10.7203389831
12.0883333333
11.6816666667
11.6683333333
12.3283333333
11.5169491525
10.8633333333
11.04
10.7666666667
11.92
11.625862069
--END OF 2--
