19.165
19.0933333333
20.1233333333
18.4483333333
18.5072727273
19.8466666667
18.0416666667
19.1533333333
18.8
18.775
19.7576271186
19.075
18.71
18.2406779661
19.5666666667
19.22
19.1416666667
17.3982758621
17.9847457627
18.6233333333
16.1542372881
18.0666666667
18.9440677966
19.7833333333
20.3866666667
18.7266666667
20.5666666667
20.155
18.965
20.2533333333
21.6271186441
22.1216666667
21.7783333333
19.4733333333
21.7266666667
22.9316666667
20.6433333333
21.24
24.0183333333
21.9949152542
23.72
22.78
22.9333333333
23.2033333333
23.435
23.3683333333
23.375
23.3101694915
23.8866666667
22.6333333333
22.5
23.9316666667
24.305
24.655
23.9033333333
23.9101694915
23.6433333333
22.0116666667
21.8965517241
19.0385964912
--END OF 1--
21.6433333333
22.0866666667
21.2866666667
20.9766666667
21.9509090909
24.1366666667
22.9866666667
23.6
22.4916666667
21.2
24.1169491525
22.33
19.945
20.7830508475
20.9216666667
24.0983333333
21.3833333333
20.1327586207
22.1610169492
24.24
22.8389830508
21.8333333333
21.6237288136
24.1533333333
23.3316666667
23.2816666667
21.9516666667
22.7316666667
23.8483333333
23.9233333333
23.3050847458
23.3366666667
23.8816666667
22.935
26.9066666667
27.545
23.2616666667
24.3916666667
26.3333333333
23.1559322034
25.195
25.145
26.3233333333
25.7633333333
26.8333333333
26.4233333333
26.33
24.5779661017
25.5233333333
25.7433333333
25.3133333333
28.3266666667
27.6066666667
26.3066666667
25.7166666667
25.506779661
27.7066666667
29.4616666667
25.7672413793
21.5087719298
--END OF 2--
