12.0116666667
10.2389830508
11.89
10.1933333333
10.0116666667
11.4783333333
11.4678571429
11.6966101695
11.6216666667
10.8050847458
10.9821428571
12.1813559322
10.4833333333
12.9210526316
12.7661016949
10.47
10.715
10.6866666667
10.3783333333
10.3833333333
10.7133333333
9.13728813559
11.7779661017
12.71
10.99
9.69666666667
10.99
12.5762711864
11.1466666667
11.3166666667
9.26666666667
11.8153846154
10.174137931
10.8620689655
10.9561403509
11.6716666667
12.1483333333
13.0709090909
12.3068965517
12.0537037037
11.9086206897
12.6830508475
11.22
10.4228070175
9.74107142857
11.1949152542
10.9206896552
12.005
12.3392857143
11.455
12.4672413793
12.1719298246
12.1379310345
10.4216666667
11.0709090909
12.375
11.7464285714
12.3070175439
11.195
11.9583333333
--END OF 1--
16.075
16.0305084746
15.6766666667
14.8266666667
16.205
16.795
16.65
15.986440678
14.9266666667
16.0949152542
17.4339285714
17.5322033898
15.8333333333
18.2561403509
18.1949152542
15.3016666667
15.6016666667
15.095
15.1366666667
15.3316666667
14.6483333333
13.8084745763
16.1559322034
15.8316666667
17.005
16.02
16.3316666667
17.8593220339
16.2383333333
15.8916666667
16.1483333333
16.7634615385
16.4224137931
16.2137931034
16.6754385965
15.7016666667
15.52
16.0963636364
16.8775862069
17.4222222222
17.1948275862
17.5305084746
16.23
16.6192982456
16.3357142857
17.5050847458
15.7982758621
16.1583333333
17.0410714286
16.0133333333
16.5051724138
16.8350877193
17.5224137931
15.5183333333
16.2454545455
15.4983333333
16.9321428571
17.5035087719
15.4566666667
15.1233333333
--END OF 2--
