13.065
14.95
16.3683333333
25.2533333333
32.14
34.5881355932
35.5183333333
35.405
41.1083333333
45.624137931
52.1881355932
48.2033898305
49.8333333333
51.3433333333
51.3483333333
51.2683333333
50.6766666667
49.4016666667
50.5237288136
53.805
56.2866666667
60.9183333333
60.0716666667
65.305
63.11
64.2316666667
63.0118644068
64.3366666667
65.6627118644
66.4322033898
66.7719298246
75.0203389831
75.2355932203
75.115
75.8661016949
72.4116666667
69.9118644068
71.7966666667
74.8433333333
71.4633333333
72.0883333333
70.1183333333
69.6483333333
69.7322033898
66.8338983051
60.6783333333
62.92
60.04
58.52
55.6683333333
57.715
54.9833333333
55.5576271186
53.4783333333
51.69
50.82
51.9083333333
47.555
48.2016666667
12.9929824561
--END OF 1--
14.8883333333
18.5566666667
22.4716666667
34.3716666667
45.57
47.1542372881
46.47
50.0683333333
64.9616666667
63.1775862069
70.4796610169
67.7186440678
72.4966666667
77.8466666667
77.315
73.2183333333
73.88
76.115
72.2305084746
73.9866666667
77.71
77.6983333333
82.1183333333
85.345
83.7933333333
82.735
92.8898305085
88.4033333333
91.9881355932
92.786440678
95.3122807018
103.920338983
102.072881356
99.0283333333
106.725423729
102.211666667
96.4898305085
98.0133333333
99.0183333333
94.6583333333
99.155
96.4816666667
93.0066666667
92.4084745763
89.1101694915
86.75
81.2766666667
77.3233333333
74.735
73.725
73.085
75.165
76.6813559322
77.0033333333
76.5016666667
67.425
69.3983333333
61.635
64.3233333333
14.5
--END OF 2--
