6.52166666667
6.62166666667
6.395
7.57118644068
8.06833333333
7.50862068966
6.02542372881
7.35423728814
7.55333333333
6.7375
7.8275862069
7.06666666667
6.53
7.33728813559
7.69833333333
7.76666666667
8.48666666667
8.77833333333
7.88888888889
8.01296296296
7.59272727273
8.15740740741
7.67222222222
8.58983050847
8.24
7.82881355932
7.53050847458
7.97
7.52833333333
7.07666666667
7.85689655172
7.7775862069
8.56034482759
7.82666666667
7.24237288136
7.66315789474
6.97894736842
8.29
7.96101694915
7.515
7.39272727273
6.99
7.73448275862
8.50862068966
8.51186440678
9.15166666667
7.54666666667
7.76271186441
9.42666666667
8.13833333333
6.74166666667
7.76
7.31333333333
7.2775862069
8.26078431373
7.8813559322
7.77407407407
7.86551724138
8.28909090909
6.41551724138
--END OF 1--
13.3766666667
13.9033333333
13.18
13.5372881356
14.775
14.1655172414
12.3661016949
13.6237288136
21.21
14.7982142857
13.0034482759
13.0316666667
13.895
13.3593220339
12.5416666667
13.8229166667
14.9616666667
15.1116666667
13.1740740741
13.8296296296
13.7854545455
13.8722222222
13.9944444444
15.5661016949
17.0233333333
13.6220338983
14.1830508475
15.945
14.3066666667
13.355
15.0827586207
18.0517241379
16.2293103448
14.79
13.586440678
14.7105263158
14.4140350877
15.6533333333
15.806779661
14.3133333333
13.9090909091
12.2016666667
14.274137931
14.2034482759
14.4322033898
14.42
13.57
13.293220339
15.915
13.93
14.6133333333
13.2583333333
13.28
13.2896551724
14.4647058824
14.1186440678
13.7185185185
13.9327586207
16.0618181818
13.2775862069
--END OF 2--
