5.69166666667
4.39830508475
4.94333333333
4.03166666667
4.28666666667
4.79666666667
5.31166666667
4.92
5.05833333333
5.37333333333
5.56949152542
5.34833333333
5.75166666667
4.675
4.225
4.295
5.67333333333
5.38666666667
4.15254237288
4.55166666667
6.12333333333
6.04666666667
5.59666666667
5.87166666667
5.58833333333
5.545
5.58813559322
5.18333333333
5.73
5.85166666667
6.15166666667
6.04666666667
5.36666666667
4.88666666667
5.58474576271
5.95666666667
5.64333333333
4.895
4.73666666667
5.53
5.98
5.73666666667
5.20169491525
4.62333333333
5.995
5.06
4.32166666667
5.205
6.16833333333
4.985
5.50677966102
5.09166666667
4.845
5.195
4.08
4.545
4.895
5.20166666667
4.16949152542
4.21034482759
--END OF 1--
10.6183333333
9.9593220339
10.4483333333
10.305
12.095
9.80833333333
9.71333333333
9.46666666667
10.5683333333
10.83
10.3644067797
10.4833333333
9.67
9.46666666667
9.28833333333
9.715
10.2933333333
10.6466666667
9.79661016949
13.2366666667
11.45
11.335
11.5683333333
12.9716666667
11.0333333333
9.935
11.3559322034
11.1633333333
11.1716666667
10.8533333333
10.545
13.05
11.6933333333
11.12
10.0983050847
10.765
10.595
10.7283333333
10.22
10.6816666667
10.505
10.2316666667
11.9576271186
10.3466666667
11.025
10.995
10.51
10.3383333333
10.4683333333
10.5916666667
11.1796610169
10.73
11.155
10.3266666667
12.2683333333
11.36
10.11
11.975
11.5372881356
10.0689655172
--END OF 2--
