17.8566666667
18.9644067797
17.3066666667
17.26
17.9716666667
15.5983333333
16.4288135593
16.5033898305
16.5192307692
16.993877551
16.8953488372
16.3618181818
16.0881355932
17.2288135593
15.645
16.5033333333
16.5066666667
17.4016949153
17.0690909091
16.4862068966
14.4942307692
18.3101694915
17.72
14.9254237288
16.4672413793
16.01
16.0576271186
17.5830508475
14.95
15.8666666667
16.4166666667
16.2796610169
15.6966666667
14.7116666667
15.513559322
16.5633333333
17.0677966102
17.6633333333
16.2383333333
17.325
15.975
16.1275862069
16.6689655172
16.1303571429
16.6482758621
16.19
14.9733333333
16.0033898305
16.2574074074
15.3833333333
18.3916666667
16.6543859649
16.025862069
17.0482758621
16.1220338983
16.37
17.3237288136
15.3293103448
16.3711864407
16.32
--END OF 1--
19.52
20.8101694915
18.6933333333
19.2783333333
22.5783333333
19.5783333333
21.3355932203
20.2813559322
18.5538461538
20.8632653061
19.9209302326
18.7945454545
20.7322033898
23.6271186441
19.8833333333
19.6633333333
20.3016666667
20.4084745763
22.0745454545
19.1844827586
16.7846153846
19.7762711864
24.7716666667
19.0271186441
17.9965517241
20.2283333333
19.8322033898
21.5610169492
18.2016666667
18.0716666667
19.44
19.2915254237
19.3383333333
19.3066666667
19.6237288136
18.575
19.3627118644
19.3033333333
19.42
19.1053571429
18.8433333333
19.324137931
18.5655172414
18.5303571429
19.9948275862
21.0683333333
17.4133333333
17.7762711864
18.862962963
20.3183333333
23.4433333333
19.0035087719
19.3517241379
19.9620689655
18.0542372881
17.784
18.8508474576
17.6482758621
19.5440677966
18.6654545455
--END OF 2--
