10.7883333333
9.89482758621
9.91428571429
9.62333333333
8.3
9.16610169492
8.95
7.73666666667
9.275
8.65423728814
8.455
9.86166666667
9.53157894737
9.50333333333
9.17166666667
8.82833333333
9.47166666667
9.67037037037
9.18474576271
10.0366666667
9.61666666667
10.1366666667
10.3333333333
9.8186440678
10.21
10.0283333333
10.5083333333
10.565
9.61833333333
10.3633333333
9.92333333333
10.2416666667
9.6406779661
8.92666666667
9.73666666667
9.555
9.97
9.81166666667
9.665
9.59
9.69322033898
9.555
9.01
10.6083333333
10.63
10.4183333333
9.71666666667
11.055
11.29
10.1355932203
10.0883333333
11.4816666667
10.8433333333
10.4633333333
9.48
10.9283333333
10.0
10.1203389831
11.4116666667
9.43454545455
--END OF 1--
13.995
13.2275862069
13.1428571429
14.07
12.7516666667
13.4457627119
13.0481481481
14.445
21.1633333333
14.8033898305
14.505
16.34
15.4298245614
15.2333333333
14.295
13.815
14.2633333333
16.0092592593
14.9983050847
14.14
14.0616666667
14.4966666667
15.8533333333
13.6
14.23
14.8716666667
15.445
15.5633333333
13.7733333333
14.5066666667
15.145
15.3433333333
15.593220339
14.2566666667
13.785
14.7183333333
14.1016666667
15.14
15.5616666667
14.6483333333
14.3593220339
14.45
14.2483333333
13.9566666667
15.3116666667
15.1233333333
13.9316666667
15.8716666667
14.3966666667
14.3322033898
15.1183333333
15.4516666667
14.7183333333
14.6383333333
14.465
15.0416666667
14.75
14.3033898305
17.9883333333
14.2272727273
--END OF 2--
