9.78
8.33666666667
7.76206896552
9.64642857143
8.355
7.975
8.895
10.0189655172
8.38
8.53859649123
8.47966101695
8.45172413793
8.91403508772
8.08833333333
8.30666666667
8.785
9.31272727273
9.435
8.51481481481
8.76603773585
9.36607142857
8.3724137931
8.25666666667
8.77457627119
9.17457627119
9.88421052632
9.82881355932
8.20169491525
7.68
7.77833333333
7.64166666667
7.805
7.0
7.14166666667
6.805
7.7
8.83859649123
8.3350877193
8.17118644068
8.47413793103
8.84310344828
9.38245614035
9.98771929825
8.89333333333
8.82372881356
10.225
9.10892857143
9.0
10.2322033898
8.81355932203
9.44833333333
9.94666666667
10.1694915254
9.91833333333
8.955
9.15593220339
8.58965517241
8.405
9.24666666667
10.1631578947
--END OF 1--
12.5483333333
12.7116666667
13.175862069
13.7017857143
12.6816666667
12.5766666667
12.8333333333
12.9120689655
12.1533333333
12.6842105263
12.8762711864
12.1913793103
12.3035087719
11.7183333333
12.335
12.1933333333
12.4472727273
12.9783333333
12.6962962963
12.9094339623
12.6785714286
12.7844827586
12.2116666667
12.4762711864
12.2627118644
12.8438596491
13.7881355932
12.1355932203
11.9483333333
12.095
11.775
12.8183333333
11.81
11.1283333333
11.6983333333
12.9813559322
12.5824561404
13.4631578947
12.5372881356
12.7793103448
12.5655172414
12.5263157895
12.6912280702
12.5366666667
12.8542372881
13.2883333333
12.35
12.7775862069
13.0288135593
12.5898305085
13.6583333333
13.2933333333
13.4169491525
13.3416666667
11.86
12.0779661017
12.6206896552
12.615
12.44
13.0210526316
--END OF 2--
