17.8491525424
17.84
16.775862069
17.9616666667
19.1050847458
18.5216666667
18.6533333333
19.025
18.5816666667
18.1916666667
17.8866666667
18.5633333333
18.6762711864
18.4533333333
16.2766666667
19.325
18.545
17.94
18.665
19.29
19.3254237288
19.6216666667
18.9966666667
19.5066666667
18.3166666667
19.04
18.4383333333
18.0166666667
19.2338983051
20.7766666667
18.8766666667
19.2033333333
19.1933333333
20.5133333333
20.6766666667
20.8716666667
19.7483333333
19.186440678
19.57
19.9716666667
18.645
18.995
19.1616666667
17.8677966102
20.3566666667
18.7716666667
18.835
19.3694915254
19.47
19.6966666667
19.8733333333
18.9
19.1616666667
19.3083333333
20.74
20.0898305085
18.585
20.04
21.0383333333
17.5111111111
--END OF 1--
22.0372881356
21.595
22.1965517241
22.265
21.7966101695
22.6116666667
22.7983333333
21.8316666667
20.9416666667
21.9083333333
23.1683333333
20.925
20.7220338983
21.2783333333
21.8116666667
23.11
21.9316666667
20.8866666667
22.76
24.5766666667
23.6813559322
23.61
22.825
22.43
21.3616666667
21.3583333333
21.685
22.4916666667
22.1050847458
23.5966666667
22.3183333333
22.6333333333
22.895
23.5916666667
24.4
22.4483333333
22.1316666667
22.4237288136
21.6016666667
23.0533333333
22.4133333333
22.4233333333
24.98
20.7559322034
23.6266666667
22.59
23.5133333333
22.8881355932
21.9633333333
22.6516666667
23.7783333333
21.4983333333
21.53
23.59
23.7066666667
22.6627118644
21.81
22.17
23.33
21.4481481481
--END OF 2--
