14.8533333333
15.6316666667
13.9610169492
14.8116666667
14.0066666667
15.4583333333
14.7966666667
14.0316666667
15.7233333333
15.4433333333
14.9949152542
13.835
14.5433333333
14.96
15.8966666667
13.275
14.6266666667
15.4933333333
14.5525423729
14.63
15.4716666667
14.13
15.6416666667
14.2066666667
14.5616666667
15.7566666667
15.7627118644
14.1666666667
15.0116666667
13.7333333333
15.3816666667
16.4593220339
13.6283333333
13.9683333333
13.55
14.3694915254
14.72
14.1983333333
13.7166666667
13.1133333333
14.3033333333
15.2533333333
14.51
13.586440678
14.7516666667
14.575
13.9433333333
13.8566666667
14.935
14.5383333333
13.5
13.4847457627
14.5533333333
13.135
14.5733333333
14.2333333333
15.19
15.1566666667
13.585
13.6418181818
--END OF 1--
26.445
26.535
27.5762711864
27.4166666667
24.565
23.1166666667
23.125
25.0266666667
29.2033333333
24.8183333333
25.4745762712
24.3483333333
23.35
25.875
26.4633333333
24.4716666667
25.8516666667
27.7333333333
25.1542372881
27.8383333333
30.0083333333
23.1766666667
27.545
27.4466666667
23.74
28.3933333333
28.6949152542
25.4516666667
27.515
23.2966666667
27.18
26.3576271186
26.0733333333
24.45
22.2416666667
22.6271186441
22.945
22.02
20.0983333333
21.785
24.4166666667
24.43
22.3316666667
24.6677966102
25.1883333333
24.1016666667
24.4933333333
25.1583333333
27.1183333333
21.8616666667
23.58
25.3830508475
25.13
26.7816666667
24.0366666667
25.79
25.7
23.7283333333
23.1816666667
27.7054545455
--END OF 2--
