13.6183333333
15.7883333333
14.3116666667
14.0566666667
14.9474576271
14.7183333333
13.9483333333
14.0483333333
14.495
13.5
14.825
14.7166666667
15.0813559322
13.0516666667
13.7616666667
13.4516666667
13.89
13.4783333333
13.695
12.4783333333
14.5644067797
14.6433333333
11.25
13.4383333333
14.5966666667
13.7916666667
13.81
14.1033333333
14.7616666667
15.0372881356
14.74
13.8
14.5916666667
15.7983333333
15.3516666667
15.7216666667
14.4783333333
15.6355932203
14.8183333333
14.785
15.945
15.3016666667
13.5016666667
13.8466666667
14.945
14.9661016949
13.49
15.4633333333
15.2016666667
14.8283333333
13.7183333333
14.5033333333
14.6266666667
14.7766666667
15.5457627119
14.6633333333
15.8766666667
15.515
15.5766666667
14.1754385965
--END OF 1--
23.0583333333
27.9333333333
23.4333333333
22.8783333333
24.6491525424
23.3066666667
23.7933333333
23.74
25.26
23.2216666667
28.0766666667
30.7216666667
23.9559322034
24.68
26.4283333333
24.7833333333
25.7083333333
26.4083333333
24.5333333333
25.845
26.6016949153
24.0933333333
21.425
24.7216666667
27.1483333333
25.6183333333
28.0966666667
24.7233333333
26.2933333333
22.513559322
26.2816666667
24.6783333333
24.61
27.2466666667
24.3866666667
23.63
22.84
24.886440678
22.485
25.3166666667
29.5116666667
24.3066666667
23.6816666667
25.575
28.7933333333
25.6728813559
29.045
29.5183333333
26.0116666667
24.6816666667
23.4633333333
24.8416666667
23.0466666667
27.22
27.9661016949
27.7116666667
25.1233333333
25.215
28.1216666667
24.2912280702
--END OF 2--
