20.2711864407
19.6616666667
20.315
20.1283333333
19.825
21.1233333333
21.1233333333
20.5083333333
20.4728813559
20.9066666667
22.595
22.025
21.3233333333
21.065
23.3783333333
21.0716666667
20.2033333333
19.4372881356
21.46
21.1433333333
22.895
22.1866666667
22.05
21.8862068966
19.8716666667
21.1711864407
20.0183333333
20.2016949153
19.1
19.4152542373
19.7466666667
21.3983333333
21.3783333333
21.0383333333
21.5
20.015
22.27
20.2237288136
19.7983333333
21.15
20.0983333333
22.515
22.2166666667
21.4982758621
21.0355932203
20.58
17.7516666667
19.4716666667
20.2745762712
19.4633333333
17.4351851852
17.81
15.8084745763
17.43
17.6327586207
17.9633333333
18.7633333333
19.5183333333
19.19
19.4275862069
--END OF 1--
23.8745762712
24.4366666667
23.715
23.4816666667
23.8316666667
23.5983333333
24.1683333333
22.9483333333
25.4762711864
24.3466666667
24.1266666667
24.3083333333
22.935
23.5133333333
27.22
24.8283333333
22.305
22.3152542373
22.6366666667
22.9266666667
24.225
24.5516666667
24.805
25.2086206897
21.8116666667
22.2966101695
21.7633333333
23.9423728814
22.506779661
21.4457627119
24.0683333333
22.985
24.22
25.1183333333
24.13
22.3533333333
23.4483333333
22.6474576271
22.5983333333
23.5233333333
22.8266666667
25.2366666667
25.1866666667
25.5465517241
22.7728813559
23.785
21.2216666667
22.8216666667
23.3491525424
22.09
19.5611111111
21.6183333333
20.4627118644
20.285
19.4396551724
20.7
21.5516666667
22.7366666667
22.4916666667
23.9017241379
--END OF 2--
