14.0767857143
12.9491525424
13.8933333333
14.1983050847
15.8883333333
14.9833333333
13.15
13.5866666667
13.8627118644
13.605
14.3133333333
15.4283333333
15.3233333333
13.8433333333
14.14
15.5583333333
14.7186440678
14.295
12.6458333333
12.6534482759
14.5288135593
15.155
13.8910714286
14.4416666667
14.995
14.0603773585
13.1881355932
12.5220338983
13.15
14.08
13.2155172414
14.4116666667
12.6542372881
14.975
15.2627118644
14.075862069
13.9844827586
14.1266666667
14.1
15.0966666667
14.3616666667
11.9206896552
13.3793103448
13.9140350877
13.2716666667
14.03
13.4120689655
13.7816666667
12.3
13.2203389831
14.6779661017
14.6583333333
15.793220339
14.27
13.2724137931
13.5111111111
13.8810344828
13.6916666667
13.6833333333
14.0293103448
--END OF 1--
17.6910714286
16.4661016949
17.6116666667
19.1966101695
18.2333333333
17.7033333333
17.6120689655
17.3233333333
17.8
18.0016666667
18.6566666667
19.0683333333
17.8633333333
16.2316666667
18.4783333333
18.885
19.7576271186
19.0766666667
18.3125
16.4103448276
18.4457627119
19.76
17.4232142857
18.96
18.6183333333
17.4660377358
17.6457627119
16.1491525424
17.0732142857
18.3166666667
16.9793103448
18.395
15.7152542373
18.9466666667
19.9033898305
17.074137931
17.3844827586
17.5683333333
18.2101694915
18.5383333333
19.2566666667
17.2465517241
17.9620689655
17.6947368421
17.5733333333
18.765
17.4206896552
16.2466666667
17.2269230769
18.0779661017
18.1644067797
19.57
18.506779661
18.0933333333
17.6206896552
17.387037037
18.0620689655
17.4866666667
16.6516666667
17.8534482759
--END OF 2--
