8.61
8.94833333333
8.39666666667
8.065
8.26271186441
8.605
8.39
9.005
8.14166666667
7.81166666667
8.02833333333
8.58305084746
9.07833333333
8.68
8.95
9.81333333333
8.84
8.705
9.92
8.82203389831
8.42666666667
8.72333333333
8.77333333333
9.28666666667
8.96333333333
9.0
9.575
8.5186440678
8.615
8.95833333333
9.46666666667
8.95833333333
8.52666666667
8.54833333333
9.27457627119
9.28666666667
9.21666666667
9.845
9.655
10.555
9.76333333333
9.965
9.75254237288
9.59166666667
9.56166666667
9.775
11.055
10.1933333333
10.295
11.1183333333
12.0610169492
10.9666666667
9.97333333333
9.97666666667
10.7816666667
11.2333333333
11.3716666667
11.0433333333
10.3762711864
10.2233333333
--END OF 1--
13.6366666667
13.82
14.5016666667
12.9866666667
13.3966101695
14.5983333333
14.1883333333
14.3916666667
13.3583333333
12.545
13.605
13.6745762712
14.0283333333
14.5516666667
14.0633333333
14.3883333333
15.7933333333
13.9583333333
15.6266666667
14.7525423729
13.9733333333
14.125
14.5666666667
15.2866666667
13.4933333333
14.8533333333
14.3016666667
13.2644067797
14.2866666667
14.9716666667
14.7233333333
14.4166666667
14.4716666667
13.4466666667
13.8050847458
14.9133333333
14.2083333333
14.9416666667
13.8
15.2316666667
15.19
15.7933333333
15.2542372881
14.6116666667
14.61
15.0883333333
16.1366666667
16.0116666667
15.9433333333
18.6933333333
17.9627118644
16.9116666667
17.3583333333
16.5933333333
15.7
16.2566666667
16.9383333333
17.1766666667
14.5237288136
16.37
--END OF 2--
