10.5266666667
10.0086206897
8.98363636364
8.89833333333
9.76101694915
10.9466666667
9.83166666667
10.2483333333
10.185
10.5689655172
9.85
9.20333333333
10.7383333333
9.42115384615
8.97413793103
9.29833333333
9.82033898305
10.57
9.97666666667
9.69666666667
9.30338983051
10.17
9.48644067797
9.70909090909
9.43272727273
9.41454545455
10.0810344828
9.62203389831
8.58474576271
8.87118644068
9.66964285714
8.06833333333
10.095
9.24655172414
8.86610169492
8.99464285714
9.96
9.96333333333
9.02068965517
9.80677966102
9.63148148148
9.37543859649
9.54736842105
10.29
8.99122807018
10.9216666667
9.42105263158
9.11666666667
9.815
9.66666666667
9.87833333333
9.25254237288
8.89661016949
9.64576271186
10.4566666667
10.8283333333
9.00677966102
9.98333333333
9.64716981132
9.1875
--END OF 1--
13.3766666667
12.2672413793
12.68
12.96
13.3254237288
13.6983333333
13.0266666667
13.5666666667
12.86
13.5534482759
14.5583333333
13.875
13.8666666667
13.1865384615
12.8206896552
14.2533333333
13.4254237288
13.7266666667
13.79
13.9283333333
13.306779661
13.8016666667
13.1508474576
12.9272727273
12.92
12.9490909091
13.2120689655
13.8305084746
12.7559322034
13.3423728814
12.575
12.3283333333
13.665
12.2517241379
13.193220339
13.4696428571
15.3616666667
15.715
13.9793103448
13.3949152542
12.5759259259
12.6192982456
13.1368421053
13.3583333333
12.7421052632
12.8766666667
13.0438596491
13.4666666667
14.7783333333
14.0066666667
12.9983333333
12.9762711864
12.6830508475
12.506779661
13.7166666667
14.785
13.8457627119
13.27
12.6528301887
13.4053571429
--END OF 2--
