14.0
13.9
14.0
14.1
14.2
14.2
14.2
14.3
14.3
14.3
14.3
14.3
14.3
14.3
14.4
14.4
14.5
14.6
14.7
14.7
14.7
14.6
14.5
14.5
14.4
14.4
14.3
14.3
14.2
14.2
14.2
14.2
14.2
14.2
14.2
14.2
14.3
14.4
14.3
14.3
14.2
14.3
14.5
14.6
14.7
14.8
14.9
14.9
15.0
15.0
15.1
15.2
15.4
15.4
15.5
15.5
15.6
15.6
15.7
15.7
15.8
15.8
15.8
15.9
15.9
16.0
16.0
16.2
16.3
16.5
16.6
16.7
16.8
16.7
16.6
16.4
16.4
16.3
16.3
16.4
16.5
16.7
16.7
16.7
16.7
16.7
16.8
16.8
16.7
16.6
16.6
16.5
16.4
16.4
16.4
16.3
16.3
16.4
16.4
16.5
16.4
16.3
16.2
16.3
16.3
16.4
16.2
15.9
15.9
15.9
15.9
15.9
15.8
15.8
15.7
15.6
15.5
15.5
15.5
15.4
15.4
15.3
15.3
15.1
14.9
14.7
14.6
14.4
14.3
14.2
14.0
13.9
14.0
14.0
14.0
14.0
14.0
14.0
14.0
14.1
14.1
14.1
14.1
14.1
14.2
14.3
14.3
14.4
14.4
14.5
14.5
14.5
14.5
14.5
14.5
14.6
14.6
14.7
14.7
14.6
14.5
14.4
14.4
14.3
14.2
14.3
14.3
14.3
14.3
14.3
14.3
14.3
14.3
14.3
14.4
14.5
14.6
14.8
14.9
15.1
15.1
15.1
15.1
15.2
15.4
15.5
15.5
15.6
15.6
15.5
15.5
15.4
15.5
15.7
15.8
15.8
15.8
15.8
15.7
15.6
15.5
15.6
15.6
15.7
15.6
15.6
15.5
15.4
15.3
15.1
15.1
15.1
15.1
15.0
15.0
15.0
15.0
15.0
15.0
15.1
15.2
15.3
15.4
15.5
15.6
15.6
15.7
15.7
15.7
15.7
15.7
15.6
15.6
15.5
15.5
15.4
15.4
15.3
15.2
15.1
15.1
15.1
15.1
15.1
15.1
15.2
15.2
15.2
15.2
15.2
15.2
15.2
15.1
15.1
15.0
15.0
15.0
14.9
15.0
15.1
15.2
15.2
15.3
15.3
15.4
15.4
---END OF 2.5 MEASUREMENTS---
14.8
14.6
14.8
14.9
15.0
15.0
15.0
15.1
15.1
15.1
15.1
15.1
15.1
15.1
15.2
15.2
15.3
15.4
15.5
15.4
15.4
15.4
15.4
15.4
15.4
15.4
15.4
15.3
15.2
15.2
15.1
15.1
15.1
15.2
15.2
15.1
15.1
15.2
15.0
15.0
15.0
15.3
15.6
15.9
16.0
16.0
16.1
16.1
16.2
16.3
16.3
16.3
16.3
16.3
16.3
16.3
16.3
16.3
16.5
16.5
16.6
16.6
16.6
16.7
16.7
16.9
16.9
17.1
17.2
17.4
17.5
17.6
17.7
17.6
17.5
17.3
17.3
17.2
17.2
17.3
17.4
17.6
17.6
17.6
17.6
17.6
17.7
17.7
17.6
17.5
17.5
17.4
17.3
17.3
17.3
17.2
17.2
17.3
17.3
17.4
17.3
17.2
17.1
17.2
17.2
17.3
17.1
16.7
16.7
16.7
16.7
16.7
16.6
16.6
16.5
16.4
16.3
16.3
16.3
16.2
16.2
16.1
16.1
15.9
15.7
15.5
15.4
15.2
15.1
15.0
14.8
14.6
14.8
14.8
14.8
14.8
14.8
14.8
14.8
14.9
14.9
14.9
14.9
14.9
15.0
15.1
15.1
15.2
15.2
15.3
15.3
15.3
15.3
15.3
15.3
15.4
15.4
15.5
15.4
15.3
15.2
15.2
15.2
15.1
15.0
15.1
15.1
15.0
15.0
15.1
15.1
15.1
15.0
15.0
15.2
15.3
15.4
15.6
15.7
15.9
15.9
15.9
15.9
16.0
16.2
16.3
16.3
16.4
16.4
16.3
16.3
16.2
16.3
16.5
16.6
16.6
16.6
16.6
16.5
16.4
16.3
16.4
16.4
16.5
16.4
16.4
16.3
16.2
16.1
15.9
15.9
15.9
15.9
15.8
15.8
15.8
15.8
15.8
15.8
15.9
16.0
16.1
16.2
16.3
16.4
16.4
16.5
16.5
16.5
16.5
16.5
16.4
16.4
16.3
16.3
16.2
16.2
16.1
16.0
15.9
15.9
15.9
15.9
15.9
15.9
16.0
16.0
16.0
16.0
16.0
16.0
16.0
15.9
15.9
15.8
15.8
15.8
15.7
15.8
15.9
16.0
16.0
16.1
16.1
16.2
16.2
---END OF 10 MEASUREMENTS---
