8.6
8.5
8.5
8.5
8.5
8.5
8.6
8.6
8.6
8.6
8.7
8.6
8.5
8.4
8.4
8.4
8.4
8.4
8.4
8.4
8.5
8.5
8.6
8.7
8.8
8.9
9.0
9.0
9.1
9.0
9.0
8.9
8.9
8.8
8.8
8.8
8.8
8.8
8.9
8.9
9.0
8.9
8.9
8.9
8.9
8.8
8.8
8.7
8.6
8.4
8.5
8.6
8.7
8.6
8.6
8.5
8.6
8.6
8.7
8.8
8.8
8.9
8.9
---END OF 2.5 MEASUREMENTS---
9.9
9.8
9.8
9.8
9.8
9.8
9.8
9.7
9.8
9.8
9.8
9.7
9.6
9.5
9.5
9.5
9.5
9.5
9.5
9.6
9.6
9.7
9.7
9.9
10.1
10.2
10.2
10.2
10.3
10.2
10.1
10.0
9.9
9.9
9.9
9.8
9.8
9.8
9.7
9.6
9.5
9.5
9.5
9.5
9.5
9.5
9.5
9.5
9.4
9.4
9.4
9.4
9.4
9.3
9.3
9.3
9.3
9.2
9.2
9.3
9.4
9.5
9.5
---END OF 10 MEASUREMENTS---
