14.01
13.845
15.7033333333
15.465
16.6050847458
15.8120689655
15.5175438596
15.5983333333
16.1116666667
15.41
15.6583333333
15.5116666667
16.7836734694
16.6333333333
15.7672727273
15.9379310345
17.6631578947
16.0929824561
15.604
15.2701754386
16.02
16.5116666667
17.1586956522
16.5483333333
16.520754717
16.49
15.620754717
14.905
13.8862068966
12.5333333333
12.4644067797
12.8203703704
13.3267857143
12.4272727273
13.1267857143
13.5321428571
12.4283333333
12.3916666667
12.75
11.975
12.7622641509
13.5086206897
14.5130434783
13.6913793103
12.7916666667
13.6186440678
13.0220338983
14.2783333333
13.2762711864
14.2120689655
14.6666666667
13.9813559322
14.4616666667
14.2216666667
13.6
13.9033333333
13.5433333333
12.8719298246
13.5472727273
11.8450980392
--END OF 1--
19.7816666667
18.9083333333
20.0316666667
19.545
23.0898305085
19.4689655172
17.8263157895
18.5116666667
21.4466666667
19.0716666667
18.02
17.84
19.8673469388
19.5263157895
20.5145454545
24.3275862069
20.9263157895
21.2894736842
17.66
17.7157894737
18.575
18.605
20.5413043478
19.26
18.8113207547
17.582
16.7264150943
18.435
17.7431034483
16.7433333333
17.1644067797
16.8851851852
17.775
17.3181818182
17.0410714286
17.3785714286
18.8616666667
16.6066666667
18.175
16.2483333333
16.9641509434
17.8137931034
17.7804347826
17.6
16.6883333333
16.2593220339
17.7593220339
16.8783333333
17.1796610169
17.2517241379
16.88
16.3440677966
16.2683333333
15.9666666667
16.754
18.4516666667
17.08
16.0789473684
16.94
17.5254901961
--END OF 2--
