9.84137931034
9.35
10.13
10.32
8.17833333333
9.60862068966
9.43
8.81960784314
9.02321428571
9.325
9.66833333333
10.27
9.13620689655
8.975
9.97833333333
10.4166666667
9.185
8.89649122807
8.93454545455
8.72413793103
9.88
10.525
9.43448275862
9.62833333333
10.1216666667
9.73833333333
9.65423728814
10.2433333333
9.74
9.7
10.005
10.605
10.0683333333
9.1813559322
9.21964285714
10.4216666667
10.7733333333
10.5416666667
10.0783333333
9.745
9.0
9.715
10.035
8.41228070175
8.94821428571
9.13050847458
9.98333333333
7.98148148148
9.28867924528
9.765
9.03448275862
9.352
9.35166666667
9.20545454545
8.91525423729
10.0183333333
9.27586206897
8.91551724138
8.03559322034
9.23518518519
--END OF 1--
14.7482758621
13.6396551724
13.7883333333
13.475
12.6566666667
13.8827586207
15.0533333333
13.5607843137
12.8482142857
13.6633333333
13.485
13.5633333333
12.9120689655
12.5285714286
12.415
13.27
12.5866666667
12.8175438596
13.5054545455
13.4034482759
13.5166666667
13.6783333333
13.425862069
12.4566666667
13.6066666667
13.3366666667
13.6033898305
13.7233333333
13.585
13.4683333333
13.7216666667
14.0566666667
13.315
12.7305084746
13.6017857143
13.8933333333
14.1733333333
13.9833333333
14.4033333333
13.37
12.9844827586
13.5716666667
13.5516666667
12.6350877193
12.5767857143
13.0661016949
13.6633333333
13.8981481481
12.7301886792
13.5016666667
14.174137931
13.558
13.4933333333
13.4727272727
12.5203389831
13.0366666667
13.2568965517
13.1724137931
13.3593220339
14.0296296296
--END OF 2--
