13.425
14.0915254237
14.9566666667
14.3366666667
15.07
14.1866666667
15.0576271186
15.065
15.7283333333
16.6339622642
16.2915254237
14.8233333333
15.3440677966
15.6483333333
16.205
16.1933333333
16.6
15.0
16.0766666667
16.4344827586
16.8509433962
15.8466666667
16.2142857143
15.41
15.8338983051
14.5152542373
15.2296296296
15.4019607843
15.2616666667
16.950877193
14.3
13.5277777778
13.21
12.5474576271
12.7403846154
13.1773584906
13.6383333333
14.135
13.5983333333
13.8783333333
14.2474576271
14.7683333333
14.1962264151
13.9745454545
15.0943396226
14.6867924528
14.015
13.3637931034
14.6596491228
15.3101694915
15.2283018868
15.805
14.0898305085
15.285
15.5084745763
14.5066666667
14.97
14.8305084746
15.6466666667
14.4807017544
--END OF 1--
16.7033333333
17.0
19.5366666667
19.35
19.9616666667
18.0833333333
18.7830508475
18.5166666667
18.4283333333
20.6849056604
19.6457627119
18.44
20.1169491525
18.8333333333
18.3633333333
20.885
20.1438596491
17.94
18.9516666667
19.0
20.2283018868
20.3266666667
19.5214285714
18.7683333333
18.4423728814
17.7966101695
17.9888888889
17.6803921569
18.875
20.4912280702
17.5070175439
17.0555555556
17.8683333333
17.3355932203
17.0384615385
17.1283018868
18.0983333333
17.8333333333
16.8133333333
17.7
17.8847457627
18.015
17.0716981132
17.0418181818
17.4188679245
17.0
17.2216666667
18.2017241379
18.4298245614
18.2050847458
16.9094339623
17.9633333333
19.0983050847
18.3933333333
18.1152542373
18.5883333333
17.795
18.4762711864
19.5816666667
18.4543859649
--END OF 2--
