8.58813559322
6.99333333333
8.30847457627
7.65
8.24666666667
7.18833333333
7.845
7.37166666667
7.72833333333
7.97
7.46
7.07966101695
8.70166666667
7.93833333333
8.2
7.57333333333
7.64333333333
7.63
8.19
7.8813559322
7.74666666667
8.37
7.34
6.81666666667
8.06833333333
8.12
7.52166666667
6.22881355932
8.21166666667
7.645
8.14333333333
6.40333333333
6.83833333333
7.10666666667
7.85166666667
8.21186440678
7.27333333333
7.14
7.32666666667
7.54833333333
7.66
6.89
6.65666666667
6.845
5.78305084746
6.94833333333
6.09166666667
6.12666666667
7.53
7.38
7.75833333333
8.3
8.93559322034
8.21333333333
7.69
7.575
8.49666666667
9.3
7.21166666667
7.99298245614
--END OF 1--
11.9813559322
11.47
11.5118644068
11.5583333333
12.0433333333
11.97
11.495
11.4783333333
11.815
12.4683333333
11.7783333333
12.6440677966
12.8083333333
12.1316666667
13.4616666667
11.7983333333
12.2483333333
11.6583333333
11.82
11.4694915254
11.3883333333
11.65
11.1333333333
11.915
11.71
11.66
11.785
10.9305084746
11.38
11.0083333333
11.4233333333
10.6766666667
10.7483333333
10.825
11.1466666667
11.3847457627
11.185
10.8083333333
11.7333333333
11.7716666667
11.555
10.9783333333
10.8116666667
11.0916666667
11.9711864407
11.5016666667
11.1183333333
10.6916666667
11.5516666667
11.355
12.865
12.6466666667
13.8949152542
12.865
12.6
11.42
11.83
12.9066666667
12.3466666667
12.1807017544
--END OF 2--
