14.0169811321
14.3152542373
13.7566666667
13.4833333333
14.2372881356
13.17
14.0116666667
14.35
13.8482758621
13.8779661017
13.3183333333
13.91
13.0084745763
11.4316666667
12.7690909091
11.8491525424
11.4266666667
11.06
11.435
10.4583333333
10.2616666667
11.6133333333
12.5305084746
11.755
12.7745762712
13.4169811321
13.0775510204
12.6368421053
12.2633333333
12.295
12.7254545455
12.4383333333
13.3535714286
12.5466666667
12.9366666667
12.29
13.0566666667
13.1266666667
13.7542372881
12.6945454545
13.6733333333
11.5966666667
12.8105263158
12.3566666667
11.8233333333
12.9633333333
12.1440677966
13.1666666667
12.9133333333
12.73
13.35
12.9983333333
12.545
12.1716666667
12.44
11.8118644068
13.5866666667
13.4169491525
13.025
13.6716981132
--END OF 1--
17.2018867925
16.8983050847
17.07
16.9783333333
18.7372881356
16.19
17.53
17.1833333333
15.9103448276
16.7661016949
15.9516666667
15.48
15.8372881356
15.8766666667
15.5127272727
16.8271186441
15.0033333333
15.2333333333
15.56
15.1433333333
15.1716666667
15.9716666667
17.0661016949
15.5416666667
15.7508474576
16.5849056604
17.312244898
16.6105263158
15.7016666667
16.295
17.16
15.6633333333
16.4678571429
15.0916666667
15.5916666667
16.1983333333
15.5266666667
16.78
18.2576271186
15.8981818182
15.915
16.225
16.3684210526
15.6466666667
16.435
15.17
15.7610169492
15.4816666667
14.9816666667
15.2533333333
15.6233333333
15.81
15.425
15.025
15.335
16.0237288136
16.445
16.5406779661
15.875
16.9754716981
--END OF 2--
