7.49666666667
7.29649122807
7.96724137931
8.03050847458
7.71186440678
7.185
7.71
7.67118644068
7.97894736842
8.33333333333
7.60535714286
7.0
7.38363636364
8.03529411765
9.515
7.60166666667
8.36610169492
7.83666666667
7.86333333333
6.70333333333
6.83666666667
8.045
7.64166666667
7.23559322034
7.6406779661
6.42
7.95
7.2593220339
7.82
6.68644067797
7.08813559322
6.88474576271
6.51166666667
6.315
7.26166666667
6.56666666667
7.01333333333
7.39661016949
7.15833333333
7.95593220339
7.795
7.63333333333
7.81818181818
7.24333333333
7.11034482759
6.49166666667
7.485
6.76166666667
7.10508474576
6.09333333333
8.21333333333
8.66
8.36166666667
6.965
7.79649122807
6.05833333333
7.035
7.59666666667
7.75833333333
8.15862068966
--END OF 1--
13.4283333333
14.1473684211
13.4379310345
14.4508474576
13.8169491525
13.82
16.5383333333
13.6508474576
14.201754386
14.5316666667
14.2
12.8516666667
14.4927272727
14.0745098039
17.3016666667
14.265
14.2271186441
13.8233333333
14.75
12.875
13.7783333333
14.5666666667
13.2633333333
13.8372881356
13.5220338983
12.9966666667
12.76
13.3593220339
14.855
13.6644067797
12.9338983051
14.5084745763
13.2016666667
13.9266666667
13.1733333333
13.1516666667
13.56
14.8474576271
13.28
13.0966101695
13.8516666667
15.17
14.2163636364
13.4866666667
15.2534482759
13.5433333333
13.5233333333
13.0316666667
12.7881355932
12.025
13.385
15.445
14.73
14.51
14.1070175439
12.9933333333
12.9466666667
14.065
14.98
14.9120689655
--END OF 2--
