11.9933333333
11.0216666667
12.1813559322
12.25
11.7233333333
10.65
12.3866666667
13.025
12.01
12.035
12.3881355932
13.0216666667
12.8683333333
12.7566666667
12.78
11.17
11.3316666667
10.8433333333
10.0796610169
10.8183333333
10.69
10.2816666667
10.725
9.77833333333
9.85666666667
10.68
9.19661016949
9.72833333333
10.2983333333
10.1816666667
10.625
10.505
12.0881355932
10.405
11.8833333333
11.8416666667
10.4983333333
11.4533333333
10.9683333333
12.0433333333
12.0783333333
12.2525423729
9.885
11.5516666667
12.09
12.735
11.0583333333
10.72
11.9516666667
10.2593220339
10.0733333333
8.51
9.70166666667
8.52833333333
9.10333333333
9.09833333333
9.54576271186
9.66034482759
8.87924528302
12.3596491228
--END OF 1--
14.36
14.1916666667
13.986440678
15.7766666667
15.555
14.0766666667
14.9716666667
14.9716666667
14.5666666667
14.5766666667
15.0694915254
13.7433333333
14.8566666667
14.94
14.3733333333
14.1083333333
14.875
14.5883333333
13.1355932203
14.07
13.5783333333
12.8366666667
13.095
12.965
12.99
13.65
12.993220339
13.4133333333
12.6033333333
13.8983333333
14.35
14.175
15.0966101695
14.1316666667
14.0783333333
14.2283333333
14.9316666667
16.015
15.0533333333
13.4033333333
13.9183333333
14.9949152542
12.855
13.7283333333
14.66
14.2883333333
13.8333333333
13.8933333333
14.0583333333
12.7254237288
14.1016666667
12.7183333333
13.3766666667
12.5466666667
13.29
12.975
12.913559322
13.4775862069
13.0849056604
15.3263157895
--END OF 2--
