9.755
9.41666666667
9.72833333333
9.50508474576
8.54705882353
10.055
10.485
9.73666666667
10.1766666667
9.73050847458
10.5766666667
9.76271186441
10.545
10.3333333333
9.95833333333
10.53
9.17796610169
9.91166666667
8.71666666667
9.865
10.4516666667
10.1966666667
9.28
10.7796610169
10.4183333333
10.5416666667
11.3366666667
10.0233333333
10.0466666667
11.3033333333
10.2616666667
10.235
10.0
10.4366666667
10.69
10.1616666667
10.2483333333
10.99
10.9033333333
9.18166666667
9.13559322034
8.58
9.97
10.2566666667
9.425
8.905
9.61
9.54
8.79
9.59322033898
8.68833333333
8.78833333333
8.205
8.5
8.30338983051
9.68474576271
10.0933333333
10.325
9.86833333333
10.5610169492
--END OF 1--
15.3516666667
14.1866666667
14.4716666667
13.5728813559
12.9137254902
12.96
14.5683333333
14.1866666667
14.625
13.8677966102
12.9583333333
12.9016949153
15.0133333333
14.6966666667
12.6183333333
12.5483333333
13.6406779661
13.9083333333
13.2083333333
13.7866666667
13.7866666667
15.3
12.81
13.8813559322
13.995
13.4666666667
15.2233333333
13.825
14.3266666667
14.4683333333
13.5533333333
13.635
13.3881355932
13.9416666667
14.61
14.33
13.5
14.4783333333
15.04
14.585
14.806779661
14.0766666667
12.9283333333
13.88
13.49
13.04
13.88
13.33
12.9033333333
13.8118644068
13.9466666667
14.28
12.38
13.1745454545
12.9
13.5915254237
14.1766666667
14.0733333333
14.165
13.6525423729
--END OF 2--
