11.3883333333
11.2576271186
10.62
10.7672413793
11.5288135593
11.5661016949
12.1216666667
12.2793103448
12.2616666667
11.406779661
12.64
12.1683333333
12.475
12.4583333333
12.3745762712
11.4833333333
13.2366666667
13.905
12.8766666667
14.115
13.0733333333
11.8433333333
12.3050847458
11.7466666667
11.45
12.2566666667
12.9916666667
10.7534482759
12.1631578947
12.9355932203
11.99
11.5627118644
12.7474576271
12.2083333333
12.3966666667
11.7383333333
11.986440678
12.3683333333
13.2775862069
11.605
12.045
10.9913793103
11.2254237288
12.4944444444
12.0237288136
11.7983333333
12.7267857143
12.4666666667
10.8568965517
11.7583333333
13.3
11.2433333333
11.5183333333
10.815
12.2186440678
11.4216666667
12.43
11.4283333333
11.9816666667
12.7175438596
--END OF 1--
18.7383333333
18.1254237288
15.6033333333
17.1051724138
16.3677966102
17.9322033898
19.9033333333
19.124137931
18.7616666667
18.8830508475
20.7183333333
19.405
19.105
19.215
21.5677966102
20.52
19.5616666667
19.77
19.7416666667
19.565
18.715
15.9066666667
18.4966101695
15.2783333333
15.6583333333
21.55
18.7533333333
16.4017241379
17.3228070175
19.2694915254
16.7783333333
17.3355932203
19.7898305085
20.9883333333
20.0533333333
17.665
17.0813559322
17.4466666667
17.6706896552
18.1133333333
19.7466666667
16.8086206897
16.6271186441
17.3425925926
18.6644067797
18.0566666667
18.4053571429
19.27
17.2810344828
16.99
18.8733333333
19.8416666667
22.4683333333
20.5316666667
21.813559322
19.685
20.6666666667
21.1766666667
18.8966666667
20.1473684211
--END OF 2--
