9.505
9.77333333333
11.0440677966
11.125
10.8816666667
10.1033333333
11.0516666667
10.9166666667
11.4183333333
10.6133333333
10.3833333333
10.4203389831
9.29
10.4816666667
10.9433333333
10.87
10.7033333333
10.1833333333
9.17666666667
10.3322033898
10.7383333333
9.71833333333
10.7116666667
10.79
11.1266666667
11.035
11.1233333333
10.0559322034
10.14
10.715
10.8316666667
10.095
9.79666666667
11.565
9.325
9.86333333333
10.2101694915
9.87
10.0683333333
10.355
9.68666666667
10.98
11.315
10.26
10.7728813559
8.96545454545
11.7716666667
10.8033333333
10.4583333333
10.8533333333
11.235
10.3711864407
10.52
11.805
11.4491525424
10.9066666667
9.735
11.7516666667
10.415
9.80172413793
--END OF 1--
14.1116666667
14.1816666667
15.1796610169
15.1
14.0716666667
14.7983333333
14.6983333333
13.7716666667
14.6416666667
13.9216666667
14.005
13.5305084746
13.5883333333
14.495
13.91
13.8983333333
14.2133333333
13.9433333333
13.5066666667
14.0474576271
14.3666666667
13.5383333333
13.6333333333
14.165
13.9683333333
15.0066666667
14.6016666667
14.4762711864
13.8916666667
14.1383333333
14.095
13.8783333333
14.45
15.145
13.0016666667
13.8883333333
13.9881355932
13.1866666667
13.515
14.815
13.765
13.41
13.6616666667
14.725
14.9491525424
13.3872727273
15.1983333333
14.0116666667
13.5266666667
14.185
14.0016666667
13.6525423729
13.74
15.0983333333
17.0813559322
13.9533333333
14.5116666667
14.9216666667
14.8333333333
13.6603448276
--END OF 2--
