9.35172413793
10.1764705882
9.56166666667
9.60833333333
9.68
9.95
8.74
8.255
8.43962264151
9.02203389831
9.79166666667
10.3066666667
8.89166666667
7.72931034483
8.19661016949
8.53666666667
8.625
8.97833333333
8.755
8.28833333333
9.33559322034
8.55666666667
8.3406779661
8.85666666667
9.415
9.72203389831
8.80333333333
8.31607142857
9.51
8.345
9.11166666667
10.6083333333
8.84833333333
9.01525423729
8.38666666667
8.20666666667
7.58275862069
8.03666666667
9.295
10.885
8.84666666667
9.295
10.2576271186
9.00166666667
9.63833333333
10.2813559322
9.25166666667
8.54745762712
9.41666666667
8.61666666667
9.83050847458
8.60333333333
9.71833333333
9.13166666667
9.02068965517
8.79333333333
9.295
9.28275862069
8.81
10.0779661017
--END OF 1--
17.1551724138
15.1568627451
15.8583333333
14.99
14.6416666667
14.8966666667
15.7216666667
15.1483333333
14.5641509434
15.013559322
14.9933333333
15.1066666667
14.5083333333
14.8844827586
14.5915254237
14.8866666667
14.59
13.9866666667
17.2116666667
14.685
13.5372881356
14.36
15.093220339
14.6133333333
14.6833333333
14.6322033898
14.4433333333
14.5464285714
14.7516666667
14.9416666667
14.6866666667
15.7183333333
14.3833333333
15.2118644068
17.36
14.6566666667
13.8948275862
14.7966666667
15.7616666667
15.8933333333
15.4633333333
15.7816666667
16.5762711864
14.3666666667
15.1016666667
16.8559322034
16.42
14.7966101695
14.2166666667
15.0433333333
16.7050847458
15.1266666667
14.44
14.6766666667
13.9965517241
14.3833333333
15.0516666667
15.4793103448
15.7116666667
14.4322033898
--END OF 2--
