10.675
10.4762711864
10.8666666667
8.3
9.16206896552
10.0183333333
10.1016666667
9.32711864407
10.14
10.9816666667
8.90333333333
10.1526315789
10.095
8.88181818182
10.44
10.33
10.0816666667
10.4583333333
10.2796610169
10.7033333333
10.255
10.27
11.3216666667
10.9433333333
11.325
9.965
10.1694915254
10.21
8.89827586207
11.2333333333
11.6383333333
10.5416666667
10.1916666667
9.76610169492
9.89666666667
9.47
10.1781818182
10.0066666667
10.85
9.89152542373
11.1448979592
11.1383333333
12.0416666667
11.5416666667
10.56
10.4694915254
12.6183333333
11.2933333333
10.8566666667
11.525
11.3983333333
11.19
10.45
11.6762711864
11.48
10.9283333333
11.735
11.6866666667
10.9366666667
10.5137931034
--END OF 1--
13.4333333333
13.2203389831
14.4683333333
12.9814814815
12.9327586207
13.1133333333
12.98
13.1542372881
14.3766666667
13.9166666667
13.105
13.4263157895
13.6366666667
13.74
14.09
14.4183333333
13.8316666667
13.605
15.106779661
14.8966666667
13.8966666667
13.9533333333
14.4566666667
14.855
14.575
14.08
13.9101694915
13.5016666667
13.275862069
14.935
14.7133333333
14.6883333333
13.6366666667
13.8305084746
12.91
13.3133333333
13.8181818182
13.4616666667
14.2616666667
14.5288135593
16.5571428571
14.3816666667
15.1016666667
14.295
14.2833333333
14.3983050847
14.9383333333
14.375
14.7083333333
14.3233333333
15.3583333333
15.3666666667
14.1866666667
14.9305084746
14.1416666667
14.0516666667
13.8966666667
14.325
15.8316666667
14.0689655172
--END OF 2--
