5.6
5.6
5.6
5.6
5.7
5.7
5.7
5.7
5.7
5.7
5.7
5.7
5.7
5.6
5.6
5.7
5.7
5.7
5.7
5.7
5.8
5.7
5.6
5.5
5.5
5.4
5.3
5.3
5.2
5.2
5.1
5.0
4.9
4.9
4.9
4.9
4.9
4.8
4.8
4.9
4.9
5.0
5.0
5.1
5.2
5.2
5.1
5.1
5.2
5.2
5.2
5.2
5.2
5.1
5.2
5.2
5.2
5.2
5.2
5.2
5.2
5.3
5.3
5.3
5.3
5.4
5.4
5.4
5.5
5.5
5.5
5.6
5.5
5.4
5.4
5.5
5.5
5.6
5.7
5.8
5.9
5.9
5.9
5.9
6.0
6.1
6.2
6.1
6.1
6.1
6.0
6.0
6.0
5.9
5.9
5.9
5.8
5.8
5.7
5.7
5.6
5.6
5.5
5.4
5.4
5.3
5.3
5.2
5.2
5.3
5.3
5.3
5.3
5.3
5.3
5.2
5.2
5.1
5.1
5.1
5.2
5.2
5.3
5.3
5.2
5.1
5.0
5.0
4.9
4.9
4.9
4.9
4.9
4.9
5.0
5.0
5.0
5.0
4.9
4.8
4.7
4.7
4.8
4.8
4.8
4.8
4.8
4.8
4.9
4.9
4.9
4.9
4.9
4.9
4.9
5.0
5.0
5.0
5.1
5.1
5.1
5.0
5.1
5.1
5.1
5.1
5.2
5.2
5.1
5.1
5.0
5.0
5.0
5.0
5.0
5.1
5.1
5.2
5.2
5.3
5.2
5.0
4.9
5.0
5.1
5.2
5.3
5.4
5.4
5.4
5.4
5.4
5.4
5.4
5.3
5.3
5.2
5.2
5.2
5.1
5.1
5.0
5.0
5.0
4.9
4.9
4.8
4.8
4.7
4.6
4.6
4.6
4.6
4.6
4.6
4.6
4.6
4.6
4.6
4.6
4.6
4.6
4.6
4.6
4.6
4.6
4.6
4.6
4.6
4.6
4.6
4.6
4.6
4.6
4.6
4.5
4.5
4.5
4.6
4.6
4.7
4.7
4.8
4.7
4.7
4.6
4.6
4.6
4.6
4.6
4.6
4.6
4.6
4.6
4.6
4.6
4.7
4.7
4.7
4.8
4.8
4.8
4.9
4.9
4.9
4.9
4.9
5.0
5.0
5.1
5.1
5.1
5.2
5.3
5.4
5.4
5.5
5.5
5.5
5.5
5.6
5.6
5.6
5.6
5.6
5.7
5.7
5.8
5.8
5.9
5.9
6.0
6.1
6.2
6.2
6.3
6.3
6.3
6.4
6.4
6.4
6.3
6.2
6.3
6.3
6.3
6.3
6.3
6.3
6.3
6.3
6.3
6.3
6.4
6.4
6.4
6.4
6.3
6.3
6.3
6.3
6.2
6.2
6.2
6.2
6.2
6.2
6.2
6.2
6.3
6.2
6.2
6.2
6.1
6.0
6.0
5.9
5.9
5.9
6.0
6.0
6.1
6.1
6.0
6.0
6.0
5.9
5.8
5.8
5.7
5.7
5.6
5.6
5.5
5.5
5.5
5.5
5.3
5.2
5.1
5.1
5.1
5.2
5.2
5.2
5.2
5.2
5.2
5.2
5.2
5.1
5.1
5.1
5.1
5.2
5.2
5.2
5.2
5.1
5.1
5.0
5.0
5.0
4.9
5.0
5.1
5.3
5.3
5.3
5.3
5.4
5.4
5.4
5.5
5.5
5.5
5.5
5.5
5.5
5.4
5.3
5.2
5.3
5.3
5.3
5.4
5.4
5.4
5.4
5.4
5.4
5.4
5.3
5.3
5.2
5.2
5.2
5.2
5.1
5.1
5.0
5.0
5.0
5.1
5.1
5.2
5.2
5.2
5.3
5.2
5.2
5.1
5.1
5.1
5.1
5.1
5.1
5.1
5.1
5.2
5.3
5.3
5.3
5.4
5.5
5.4
5.3
5.2
5.3
5.4
5.3
5.4
5.4
5.4
5.4
5.4
5.4
5.4
5.5
5.5
5.5
5.5
5.6
5.7
5.7
5.8
5.8
5.8
5.8
5.8
5.8
5.9
6.0
6.0
6.0
6.0
6.0
6.1
6.1
6.2
6.3
6.3
6.3
6.3
6.2
6.1
6.1
6.1
6.1
6.2
6.3
6.4
6.3
6.3
6.2
6.2
6.3
6.3
6.2
6.2
6.1
6.1
6.1
6.0
5.7
5.6
5.6
5.5
5.4
5.3
5.3
5.2
5.2
5.1
5.0
4.9
4.9
4.8
4.7
4.7
4.6
4.6
4.5
4.4
4.3
4.3
4.3
4.3
4.3
4.3
4.3
4.2
4.2
4.2
4.2
4.3
4.3
4.3
4.3
4.2
4.2
4.2
4.2
4.2
4.2
4.2
4.1
4.1
4.1
4.1
4.1
4.1
4.1
4.1
4.2
4.2
4.1
4.1
4.1
4.1
4.1
4.1
4.1
4.1
4.1
4.2
4.3
4.3
4.3
4.4
4.4
4.4
4.4
4.4
4.4
4.5
4.5
4.5
4.6
4.6
4.6
4.7
4.7
4.7
4.7
4.7
4.7
4.7
4.7
4.7
4.7
4.8
4.8
4.9
4.9
4.8
4.8
4.8
---END OF 2.5 MEASUREMENTS---
8.6
8.6
8.6
8.6
8.6
8.6
8.6
8.6
8.6
8.6
8.7
8.7
8.7
8.8
8.8
8.8
8.8
8.7
8.8
8.8
8.9
8.7
8.6
8.4
8.4
8.3
8.3
8.3
8.3
8.2
8.2
8.1
8.1
8.1
8.1
8.1
8.1
8.1
8.1
8.1
8.1
8.1
8.2
8.3
8.4
8.3
8.2
8.2
8.2
8.2
8.2
8.1
8.1
8.0
7.8
7.6
7.4
7.8
8.2
8.6
8.6
8.6
8.6
8.6
8.6
8.7
8.8
8.9
8.9
9.0
9.1
9.1
9.0
8.9
8.8
8.9
9.0
9.1
9.2
9.4
9.6
9.6
9.6
9.6
10.1
10.6
11.1
11.1
11.1
11.1
11.5
12.0
12.4
12.4
12.3
12.3
12.6
12.9
13.3
13.3
13.3
13.3
13.3
13.2
13.2
13.2
13.2
13.1
13.2
13.2
13.2
13.2
13.2
13.2
13.2
13.2
13.1
12.7
12.3
11.9
12.0
12.2
12.4
12.3
12.3
12.2
12.1
12.0
11.9
11.8
11.8
11.7
11.7
11.7
11.7
11.7
11.6
11.6
11.5
11.5
11.4
11.4
11.4
11.4
11.0
10.6
10.1
10.3
10.4
10.5
10.2
9.8
9.4
9.5
9.6
9.6
9.3
9.0
8.6
8.6
8.6
8.6
8.5
8.5
8.4
8.4
8.5
8.5
8.5
8.4
8.4
8.4
8.4
8.4
8.4
8.4
8.5
8.5
8.5
8.5
8.4
8.2
8.1
8.2
8.2
8.2
8.2
8.3
8.3
8.3
8.3
8.3
8.3
8.3
8.3
8.3
8.2
8.2
8.1
7.9
7.7
7.7
7.7
7.7
7.6
7.6
7.5
7.4
7.3
7.1
7.2
7.3
7.4
7.4
7.3
7.3
7.3
7.4
7.4
7.4
7.4
7.4
7.4
7.4
7.4
7.3
7.3
7.3
7.3
7.3
7.2
7.3
7.3
7.4
7.4
7.3
7.3
7.4
7.5
7.7
7.7
7.6
7.6
7.6
7.6
7.6
7.6
7.6
7.6
7.6
7.6
7.6
7.6
7.7
7.7
7.7
7.7
7.8
7.8
7.8
7.8
7.8
7.8
7.8
7.9
8.0
8.1
8.1
8.1
8.2
8.1
8.1
8.0
8.1
8.2
8.2
8.2
8.2
8.2
8.4
8.6
8.9
8.9
8.9
8.9
8.9
8.9
8.9
8.9
9.0
9.0
9.0
9.0
9.0
9.1
9.1
9.2
9.1
9.1
9.1
9.1
9.1
9.1
9.1
9.1
9.1
9.1
9.0
9.0
9.0
9.0
9.0
8.9
8.9
8.8
8.9
8.9
8.9
8.9
8.9
9.0
9.0
9.0
9.0
8.9
8.8
8.7
8.7
8.7
8.7
8.7
8.7
8.7
8.9
9.1
9.3
9.4
9.4
9.5
9.4
9.3
9.2
9.1
9.1
9.1
9.2
9.2
9.2
9.2
9.1
9.1
9.1
9.0
9.0
9.0
9.0
9.0
9.1
9.1
9.2
9.1
9.1
9.1
9.2
9.2
9.3
9.3
9.4
9.4
9.4
9.4
9.4
9.4
9.5
9.5
9.5
9.5
9.5
9.5
9.6
9.6
9.6
9.6
9.5
9.7
9.8
10.0
10.0
10.0
10.0
10.0
9.9
9.9
9.6
9.2
8.9
8.9
8.9
8.9
8.7
8.6
8.5
8.5
8.5
8.5
8.5
8.5
8.5
8.5
8.5
8.5
8.5
8.5
8.4
8.4
8.4
8.3
8.1
7.9
7.7
7.7
7.7
7.7
7.7
7.7
7.7
7.6
7.6
7.6
7.7
7.7
7.7
7.9
8.1
8.3
8.3
8.3
8.3
8.2
8.2
8.1
8.1
8.2
8.2
8.1
8.0
7.9
7.8
7.8
7.8
7.8
7.8
7.8
7.8
7.7
7.7
7.7
7.7
7.8
7.7
7.7
7.7
7.8
7.8
7.8
7.8
7.8
7.8
7.8
7.8
7.9
7.9
8.0
8.0
8.0
8.0
8.0
8.0
8.0
8.0
8.0
8.1
8.1
8.2
8.3
8.4
8.4
8.4
8.4
8.4
8.4
8.5
8.2
8.0
7.8
7.9
7.9
7.9
7.9
7.9
7.9
8.1
8.2
8.4
8.3
8.2
8.2
8.3
8.3
8.4
8.4
8.4
8.4
8.4
8.4
8.4
8.4
8.5
8.6
8.6
8.5
8.5
8.5
8.5
8.5
8.5
8.5
8.5
8.5
8.5
8.5
8.4
8.4
8.3
8.4
8.4
8.4
8.4
8.4
8.4
8.3
8.3
8.3
8.2
8.1
7.9
8.0
8.0
8.0
8.0
8.0
8.0
7.9
7.9
7.8
7.8
7.7
7.7
7.7
7.7
7.7
7.5
7.4
7.2
7.3
7.4
7.4
7.3
7.2
7.2
7.1
7.1
7.0
7.1
7.2
7.3
7.2
7.2
7.1
7.2
7.3
7.4
7.4
7.4
7.4
7.4
7.4
7.5
7.5
7.5
7.5
7.5
7.6
7.6
7.6
7.5
7.5
7.5
---END OF 10 MEASUREMENTS---
