15.9
16.0
16.2
16.3
16.3
16.3
16.3
16.4
16.4
16.5
16.4
16.4
16.3
16.3
16.3
16.2
16.2
16.2
16.2
16.2
16.2
16.2
16.0
16.0
16.0
16.0
16.0
16.3
16.4
16.4
16.5
16.5
16.6
16.6
16.7
16.6
16.6
16.6
16.6
16.7
16.7
16.8
16.9
16.9
16.9
16.8
16.9
16.9
16.9
16.8
16.7
16.6
16.5
16.4
16.3
16.3
16.2
16.2
16.0
15.9
15.7
15.7
15.7
15.7
15.7
15.7
15.7
15.6
15.5
15.4
15.4
15.4
15.4
15.5
15.5
15.6
15.5
15.4
15.4
15.4
15.4
15.5
15.5
15.5
15.5
15.4
15.4
15.3
15.4
15.4
15.5
15.5
15.5
15.6
15.6
15.6
15.6
15.6
15.7
15.7
15.6
15.5
15.5
15.4
15.3
15.3
15.3
15.3
15.4
15.4
15.4
15.4
15.4
15.5
15.6
15.5
15.3
15.2
15.4
15.6
15.7
15.7
15.6
15.5
15.6
15.6
15.6
15.7
15.8
15.8
15.8
15.8
15.8
15.8
15.8
15.7
15.8
15.9
15.9
15.9
15.8
15.7
15.6
15.6
15.5
15.5
15.5
15.5
15.6
15.6
15.6
15.6
15.5
15.5
15.4
15.4
15.4
15.4
15.4
15.4
15.6
15.7
15.8
15.8
15.9
16.0
16.0
15.9
15.8
16.0
16.2
16.2
16.2
16.2
16.3
16.4
16.5
16.5
16.4
16.3
16.4
16.4
16.5
16.5
16.4
16.4
16.4
16.5
16.5
16.5
16.5
16.5
16.6
16.7
16.7
16.7
16.7
16.7
16.7
16.8
16.8
16.9
17.1
17.1
17.1
16.9
16.9
17.1
17.1
17.1
17.1
17.2
17.1
17.1
17.1
17.2
17.3
17.3
17.3
17.3
17.3
17.2
17.2
17.1
17.1
17.1
16.9
16.8
16.7
16.7
16.6
16.6
16.6
16.7
16.7
16.8
16.8
16.8
16.8
16.8
16.9
16.8
16.7
16.7
16.7
16.6
16.6
16.6
16.5
16.4
16.5
16.6
16.6
16.6
16.6
16.6
16.7
16.8
16.9
16.9
16.8
16.8
16.7
16.6
16.6
16.6
16.6
16.6
16.5
16.5
16.5
16.4
16.3
16.2
16.3
16.4
16.5
16.4
16.3
16.2
16.3
16.4
16.5
16.6
16.6
16.6
16.7
16.8
16.9
16.9
16.9
16.9
16.9
16.8
16.8
16.9
16.9
17.1
17.1
17.1
17.2
17.1
17.1
17.1
17.3
17.4
17.6
17.5
17.5
17.4
17.5
17.6
17.7
17.6
17.4
17.3
17.3
17.3
17.4
17.4
17.4
17.4
17.4
17.4
17.3
17.3
17.3
17.3
17.3
17.3
17.3
17.2
17.1
16.9
16.8
16.7
16.6
16.6
16.6
16.6
16.6
16.6
16.7
16.7
16.8
16.9
16.8
16.7
16.6
16.6
16.5
16.5
16.5
16.4
16.3
16.4
16.4
16.5
16.3
16.2
16.0
16.0
16.0
15.9
15.9
15.8
15.7
15.8
15.8
15.9
16.0
16.2
16.2
16.3
16.4
16.4
16.4
16.5
16.5
16.6
16.7
16.6
16.6
16.5
16.5
16.5
16.6
16.6
16.7
16.8
16.8
16.8
16.7
16.7
16.7
16.7
16.7
16.7
16.8
16.9
17.1
16.9
16.8
16.7
16.7
16.6
16.7
16.8
16.8
16.9
16.9
16.9
16.9
16.9
16.9
16.9
16.9
16.8
16.7
16.7
16.6
16.6
16.7
16.7
16.8
16.8
16.7
16.6
16.6
16.5
16.4
16.5
16.5
16.5
16.5
16.4
16.4
16.5
16.5
16.6
16.6
16.6
16.6
16.5
16.5
16.5
16.5
16.4
16.4
16.5
16.5
16.5
16.5
16.4
16.4
16.3
16.2
16.0
16.0
15.9
15.8
15.9
15.9
15.9
15.9
15.9
15.8
15.8
15.7
15.7
15.7
15.6
15.6
15.6
15.7
15.8
15.8
15.9
15.9
15.9
16.0
16.0
16.0
16.0
16.0
15.9
15.8
15.8
15.8
15.7
15.7
15.8
15.8
15.9
15.8
15.7
15.6
15.6
15.6
15.7
15.6
15.6
15.5
15.5
15.4
15.4
15.4
15.4
15.4
15.5
15.6
15.7
15.7
15.8
15.9
16.0
16.2
16.3
16.5
16.6
16.6
16.6
16.6
16.6
16.5
16.4
16.6
16.7
16.8
16.9
16.9
17.1
17.1
17.3
17.4
17.6
17.7
17.8
17.9
18.0
18.2
18.3
18.3
18.3
18.4
18.4
18.4
18.5
18.5
18.6
18.6
18.6
18.7
18.7
18.8
18.8
18.9
---END OF 2.5 MEASUREMENTS---
16.7
16.9
17.1
17.2
17.2
17.2
17.2
17.3
17.3
17.4
17.3
17.3
17.2
17.2
17.2
17.1
17.1
17.1
17.1
17.1
17.1
17.1
16.9
16.9
16.9
16.9
16.9
17.2
17.3
17.3
17.4
17.4
17.5
17.5
17.6
17.5
17.5
17.5
17.5
17.6
17.6
17.7
17.8
17.8
17.8
17.7
17.8
17.8
17.8
17.7
17.6
17.5
17.4
17.3
17.2
17.2
17.1
17.1
16.9
16.7
16.5
16.5
16.5
16.5
16.5
16.5
16.5
16.4
16.3
16.2
16.2
16.2
16.2
16.3
16.3
16.4
16.3
16.2
16.2
16.2
16.2
16.3
16.3
16.3
16.3
16.2
16.2
16.1
16.2
16.2
16.3
16.3
16.3
16.4
16.4
16.4
16.4
16.4
16.5
16.5
16.4
16.3
16.3
16.2
16.1
16.1
16.1
16.1
16.2
16.2
16.2
16.2
16.2
16.3
16.4
16.3
16.1
16.0
16.2
16.4
16.5
16.5
16.4
16.3
16.4
16.4
16.4
16.5
16.6
16.6
16.6
16.6
16.6
16.6
16.6
16.5
16.6
16.7
16.7
16.7
16.6
16.5
16.4
16.4
16.3
16.3
16.3
16.3
16.4
16.4
16.4
16.4
16.3
16.3
16.2
16.2
16.2
16.2
16.2
16.2
16.4
16.5
16.6
16.6
16.7
16.9
16.9
16.7
16.6
16.9
17.1
17.1
17.1
17.1
17.2
17.3
17.4
17.4
17.3
17.2
17.3
17.3
17.4
17.4
17.3
17.3
17.3
17.4
17.4
17.4
17.4
17.4
17.5
17.6
17.6
17.6
17.6
17.6
17.6
17.7
17.7
17.8
18.0
18.0
18.0
17.8
17.8
18.0
18.0
18.0
18.0
18.1
18.0
18.0
18.0
18.1
18.2
18.2
18.2
18.2
18.2
18.1
18.1
18.0
18.0
18.0
17.8
17.7
17.6
17.6
17.5
17.5
17.5
17.6
17.6
17.7
17.7
17.7
17.7
17.7
17.8
17.7
17.6
17.6
17.6
17.5
17.5
17.5
17.4
17.3
17.4
17.5
17.5
17.5
17.5
17.5
17.6
17.7
17.8
17.8
17.7
17.7
17.6
17.5
17.5
17.5
17.5
17.5
17.4
17.4
17.4
17.3
17.2
17.1
17.2
17.3
17.4
17.3
17.2
17.1
17.2
17.3
17.4
17.5
17.5
17.5
17.6
17.7
17.8
17.8
17.8
17.8
17.8
17.7
17.7
17.8
17.8
18.0
18.0
18.0
18.1
18.0
18.0
18.0
18.2
18.3
18.5
18.4
18.4
18.3
18.4
18.5
18.6
18.5
18.3
18.2
18.2
18.2
18.3
18.3
18.3
18.3
18.3
18.3
18.2
18.2
18.2
18.2
18.2
18.2
18.2
18.1
18.0
17.8
17.7
17.6
17.5
17.5
17.5
17.5
17.5
17.5
17.6
17.6
17.7
17.8
17.7
17.6
17.5
17.5
17.4
17.4
17.4
17.3
17.2
17.3
17.3
17.4
17.2
17.1
16.9
16.9
16.9
16.7
16.7
16.6
16.5
16.6
16.6
16.7
16.9
17.1
17.1
17.2
17.3
17.3
17.3
17.4
17.4
17.5
17.6
17.5
17.5
17.4
17.4
17.4
17.5
17.5
17.6
17.7
17.7
17.7
17.6
17.6
17.6
17.6
17.6
17.6
17.7
17.8
18.0
17.8
17.7
17.6
17.6
17.5
17.6
17.7
17.7
17.8
17.8
17.8
17.8
17.8
17.8
17.8
17.8
17.7
17.6
17.6
17.5
17.5
17.6
17.6
17.7
17.7
17.6
17.5
17.5
17.4
17.3
17.4
17.4
17.3
17.4
17.3
17.3
17.4
17.4
17.5
17.5
17.5
17.5
17.4
17.4
17.4
17.4
17.3
17.3
17.4
17.4
17.4
17.4
17.3
17.3
17.2
17.1
16.9
16.9
16.7
16.6
16.7
16.7
16.7
16.7
16.7
16.6
16.6
16.5
16.5
16.5
16.4
16.4
16.4
16.5
16.6
16.6
16.7
16.7
16.7
16.9
16.9
16.9
16.9
16.9
16.7
16.6
16.6
16.6
16.5
16.5
16.6
16.6
16.7
16.6
16.5
16.4
16.4
16.4
16.5
16.4
16.4
16.2
16.2
16.1
16.1
16.1
16.1
16.2
16.3
16.4
16.4
16.4
16.5
16.7
16.9
17.1
17.2
17.4
17.5
17.5
17.5
17.5
17.5
17.4
17.3
17.5
17.6
17.7
17.8
17.8
18.0
18.0
18.2
18.3
18.5
18.6
18.7
18.8
19.0
19.2
19.3
19.3
19.3
19.4
19.4
19.4
19.5
19.5
19.6
19.6
19.6
19.7
19.7
19.8
19.8
19.9
---END OF 10 MEASUREMENTS---
