13.165
12.1933333333
11.555
12.5316666667
12.5559322034
12.5783333333
12.44
13.7266666667
12.4316666667
12.9927272727
11.84
12.105
12.81
10.895
11.6277777778
11.5566666667
9.91333333333
10.6366666667
13.013559322
11.1516666667
13.2661016949
13.8166666667
12.1966666667
13.4965517241
14.9433333333
12.9224137931
14.1745098039
14.0277777778
14.5133333333
14.6683333333
14.5745762712
14.1666666667
13.9616666667
13.8966666667
14.2
14.9833333333
14.1542372881
14.8949152542
14.3
13.5058823529
13.8679245283
14.0133333333
13.8186440678
14.3283333333
14.2333333333
14.075
14.2034482759
13.82
13.2898305085
15.5116666667
14.8933333333
15.4333333333
15.9366666667
16.6392857143
15.086440678
15.0254237288
13.3898305085
15.0733333333
15.193220339
12.6775862069
--END OF 1--
15.9383333333
15.335
15.1416666667
15.3266666667
14.7254237288
15.065
15.165
16.195
15.305
16.5745454545
15.66
15.46
15.6216666667
14.8783333333
16.0592592593
15.4733333333
14.13
14.895
18.513559322
16.6516666667
17.2644067797
18.8733333333
18.4683333333
16.9620689655
19.31
17.6844827586
16.2941176471
17.0333333333
18.0783333333
18.69
17.9237288136
17.4816666667
18.35
16.9833333333
17.4633333333
17.3962962963
17.5813559322
17.8830508475
17.195
17.962745098
17.3773584906
15.975
17.3542372881
19.3466666667
17.665
17.8816666667
17.524137931
15.605
16.1169491525
18.2283333333
19.3183333333
19.9216666667
20.74
19.4428571429
18.6627118644
18.1389830508
16.7203389831
18.055
18.9983050847
15.9155172414
--END OF 2--
