19.5333333333
21.095
19.705
21.1084745763
19.9633333333
20.4266666667
20.3433333333
21.635
20.7383333333
20.4216666667
20.8833333333
20.8466666667
20.6525423729
19.6666666667
19.2716666667
19.44
19.2683333333
20.4366666667
20.7
19.9083333333
21.3033898305
21.9254237288
21.1766666667
21.4438596491
19.7683333333
20.3983333333
19.9916666667
20.52
20.5933333333
20.4533333333
20.2310344828
19.385
20.0616666667
20.0583333333
20.8533333333
19.62
20.0316666667
21.0423728814
19.695
20.5933333333
21.055
21.1483333333
19.3333333333
18.1355932203
18.0516666667
20.9416666667
19.1283333333
19.845
20.2733333333
21.2083333333
20.445
19.306779661
19.4016666667
18.475
18.1568965517
20.3616666667
19.92
17.5509090909
17.4228070175
19.1254545455
--END OF 1--
24.235
25.1366666667
23.3216666667
24.4423728814
25.4916666667
26.54
23.8533333333
25.84
25.1633333333
23.7316666667
23.5783333333
26.245
23.3016949153
24.175
24.1016666667
23.8766666667
24.175
27.5966666667
23.1566666667
24.4766666667
27.1762711864
25.7355932203
23.3133333333
25.3333333333
26.205
29.0683333333
23.9533333333
23.0666666667
25.04
25.085
26.7379310345
23.9916666667
24.7116666667
24.0916666667
24.9583333333
25.1233333333
27.105
25.4423728814
23.8683333333
23.38
27.4666666667
25.6333333333
23.6266666667
23.3423728814
21.355
25.1416666667
24.9483333333
24.1483333333
24.715
24.1633333333
25.0133333333
26.0389830508
22.755
23.5016666667
23.2362068966
22.45
23.1166666667
22.46
23.1087719298
25.7436363636
--END OF 2--
