18.725
19.3433333333
21.8949152542
20.635
21.4166666667
16.9773584906
17.0907407407
16.9
16.5016949153
17.6898305085
17.9633333333
17.4355932203
16.3474576271
17.2433333333
16.5103448276
17.7933333333
18.8083333333
19.8440677966
19.7266666667
19.25
18.2344827586
17.9983333333
19.1933333333
19.9779661017
21.1166666667
20.1316666667
20.8466666667
19.2816666667
19.885
21.2366666667
19.6483333333
20.8881355932
20.7583333333
22.8833333333
20.255
20.3830508475
20.0216666667
19.4233333333
21.42
19.4766666667
18.9516666667
21.5816666667
22.0316666667
21.2866666667
18.6898305085
18.7816666667
19.9866666667
19.4216666667
21.1066666667
19.9916666667
21.8233333333
20.9266666667
21.2050847458
21.1283333333
19.6
18.745
21.3816666667
19.3766666667
18.6133333333
20.7070175439
--END OF 1--
22.655
24.0383333333
23.3389830508
23.19
23.735
20.7754716981
20.0037037037
18.6824561404
19.6440677966
23.1627118644
20.9416666667
20.9406779661
21.6728813559
21.625
20.8448275862
20.98
22.6783333333
24.0898305085
22.1933333333
22.1483333333
22.9155172414
22.3283333333
21.55
23.1983050847
23.6866666667
22.0116666667
23.9
22.145
24.2216666667
22.8766666667
22.0133333333
24.9389830508
24.7866666667
25.05
23.8283333333
23.9271186441
22.275
21.6483333333
24.0283333333
22.2333333333
21.97
25.2483333333
23.6033333333
23.57
22.2372881356
21.8316666667
21.5066666667
23.0566666667
24.5133333333
21.4266666667
25.0233333333
24.825
24.3644067797
25.4366666667
22.81
21.15
24.0333333333
22.035
23.385
22.7543859649
--END OF 2--
