11.5
11.5
11.4
11.4
11.3
11.3
11.2
11.2
11.1
11.1
11.0
11.0
11.0
10.9
10.9
10.8
10.7
10.8
10.8
10.8
10.8
10.8
10.8
10.8
10.8
10.8
10.8
10.8
10.8
10.8
10.8
10.8
10.8
10.8
10.8
10.7
10.5
10.5
10.4
10.4
10.4
10.4
10.5
10.5
10.5
10.4
10.5
10.5
10.5
10.5
10.5
10.5
10.5
10.5
10.5
10.4
10.4
10.3
10.4
10.5
10.6
10.7
10.7
10.8
10.8
10.8
10.8
10.8
10.8
10.9
10.9
11.0
11.0
11.0
11.1
11.1
11.1
11.1
11.1
11.2
11.2
11.3
11.3
11.3
11.3
11.3
11.3
11.3
11.4
11.5
11.6
11.7
11.8
11.9
12.0
12.0
12.1
12.1
12.2
12.2
12.0
11.9
11.8
11.7
11.7
11.6
11.7
11.7
11.8
11.8
11.8
11.8
11.7
11.6
11.5
11.6
11.8
11.9
11.8
11.7
11.7
11.6
11.5
11.3
11.3
11.3
11.3
11.3
11.3
11.2
11.3
11.4
11.4
11.5
11.5
11.6
11.6
11.5
11.5
11.4
11.4
11.3
11.3
11.4
11.4
11.4
11.4
11.4
11.4
11.3
11.2
11.1
11.1
11.0
10.9
10.9
10.8
10.8
10.8
10.8
10.8
10.9
10.9
11.0
11.0
11.1
11.1
11.1
11.0
11.0
10.9
10.8
10.8
10.8
10.8
10.8
10.9
10.9
10.9
10.9
10.9
10.9
10.9
10.9
10.9
10.9
10.9
11.0
11.1
11.3
11.3
11.3
11.3
11.2
11.2
11.2
11.2
11.2
11.3
11.3
11.4
11.4
11.4
11.3
11.3
11.2
11.2
11.2
11.3
11.4
11.5
11.6
11.7
11.8
11.8
11.9
11.9
12.0
12.1
12.2
12.1
12.0
11.9
11.9
11.9
11.8
11.8
11.8
11.8
11.9
11.9
12.0
12.0
12.0
12.0
12.0
11.9
11.8
11.8
11.9
11.9
12.0
12.0
12.1
12.1
12.1
12.1
12.0
12.0
11.9
11.8
11.7
11.6
11.6
11.7
11.7
11.6
11.6
11.5
11.5
11.4
11.3
11.3
11.3
11.3
11.3
11.3
11.3
11.2
11.1
11.1
11.2
11.3
11.4
11.4
11.4
11.4
11.3
11.2
11.1
11.2
11.3
11.4
11.4
11.4
11.3
11.3
11.3
11.3
11.3
11.3
11.3
11.3
11.2
11.2
11.2
11.2
11.1
11.1
11.0
10.9
10.9
10.9
10.9
11.0
11.1
11.1
11.1
11.1
11.1
11.3
11.4
11.6
11.5
11.5
11.4
11.3
11.3
11.2
11.2
11.2
11.2
11.3
11.3
11.3
11.2
11.2
11.2
11.1
11.1
11.1
10.9
10.7
10.6
10.6
10.7
10.7
10.7
10.7
10.8
10.7
10.7
10.6
10.7
10.7
10.8
10.8
10.8
10.9
10.9
10.9
10.9
10.9
10.9
11.0
11.1
11.1
11.2
11.2
11.3
11.3
11.4
11.4
11.4
11.5
11.5
11.5
11.4
11.4
11.4
11.4
11.3
11.3
11.3
11.4
11.5
11.6
11.7
11.8
11.8
11.8
11.7
11.7
11.7
11.6
11.7
11.8
11.9
11.9
12.0
12.1
12.1
12.1
12.1
12.1
12.2
12.2
12.1
12.0
11.9
11.9
11.9
11.9
12.0
12.1
12.3
12.2
12.1
12.1
12.1
12.0
12.0
12.0
11.9
11.9
11.8
11.8
11.7
11.8
12.0
12.1
12.0
11.9
11.7
11.7
11.6
11.5
11.6
11.6
11.6
11.5
11.4
11.3
11.3
11.3
11.3
11.3
11.3
11.4
11.5
11.6
11.7
11.7
11.8
11.8
11.7
11.6
11.6
11.5
11.5
11.4
11.4
11.4
11.3
11.2
11.1
11.0
11.1
11.2
11.3
11.3
11.4
11.5
11.4
11.3
11.1
11.2
11.2
11.2
11.3
11.4
11.5
11.4
11.3
11.3
11.3
11.4
11.5
11.4
11.3
11.2
11.3
11.3
11.4
11.4
11.3
11.3
11.2
11.1
11.1
11.1
11.1
11.1
11.0
11.0
10.9
10.9
10.8
10.7
10.6
10.5
10.5
10.5
10.5
10.5
10.5
10.4
10.4
10.4
10.4
10.4
10.4
10.5
10.5
10.5
10.5
10.5
10.6
10.6
10.6
10.6
10.5
10.4
10.4
10.4
10.4
10.5
10.6
10.6
10.5
10.4
10.3
10.4
10.4
10.4
10.4
10.4
10.4
10.4
10.4
10.4
10.3
10.3
10.2
10.3
10.4
10.4
10.4
10.4
10.4
10.4
10.5
10.5
10.5
10.4
10.4
10.4
10.4
10.4
10.4
10.4
10.4
10.3
10.3
10.3
10.4
10.4
10.5
10.6
10.7
10.7
10.7
10.6
10.8
11.0
11.1
11.1
11.0
10.9
10.9
11.0
11.0
11.0
11.1
11.1
11.1
11.0
11.0
11.1
11.1
11.2
11.3
11.3
11.4
11.4
11.4
11.3
11.4
---END OF 2.5 MEASUREMENTS---
14.0
14.0
13.8
13.7
13.6
13.5
13.5
13.5
13.4
13.3
13.2
13.2
13.2
13.2
13.1
13.1
13.0
13.0
12.9
12.9
12.6
12.3
12.0
12.0
12.0
12.0
11.8
11.5
11.3
11.3
11.4
11.5
11.5
11.5
11.5
11.4
11.3
11.2
11.1
11.0
10.9
11.0
11.1
11.1
11.1
11.0
11.1
11.1
11.1
11.1
11.1
11.1
11.1
11.1
11.1
11.0
11.0
10.9
11.0
11.1
11.2
11.3
11.3
11.4
11.4
11.4
11.4
11.4
11.3
11.5
11.4
11.6
11.6
11.6
11.7
11.7
11.7
11.7
11.7
11.8
11.8
11.9
11.9
11.8
11.8
11.9
12.0
12.1
12.1
12.1
12.1
12.3
12.4
12.5
12.7
12.7
12.8
12.8
12.9
12.9
12.6
12.5
12.4
12.3
12.3
12.3
12.3
12.4
12.4
12.4
12.4
12.4
12.3
12.3
12.2
12.1
12.4
12.5
12.4
12.3
12.3
12.2
12.1
11.9
11.9
11.9
11.9
11.9
11.9
11.7
11.8
12.0
12.1
12.2
12.3
12.3
12.3
12.4
12.4
12.2
12.1
11.9
11.9
12.0
12.0
11.9
12.0
12.0
12.0
11.9
11.8
11.6
11.6
11.6
11.5
11.5
11.4
11.4
11.4
11.4
11.4
11.5
11.5
11.5
11.6
11.6
11.6
11.6
11.6
11.6
11.6
11.7
11.6
11.6
11.5
11.7
11.9
12.1
12.1
12.1
12.2
12.2
12.2
12.2
12.1
12.1
12.0
12.0
12.1
12.1
11.9
11.8
11.9
11.8
11.8
11.8
11.8
11.8
11.9
11.9
12.0
12.0
12.0
11.9
11.9
11.8
11.8
11.8
11.9
12.2
12.5
12.6
12.7
12.8
12.8
12.8
12.8
12.9
12.9
13.0
12.9
12.9
12.9
12.9
12.8
12.8
12.8
12.8
12.8
12.8
12.8
12.8
12.8
12.8
12.9
12.7
12.5
12.3
12.4
12.5
12.5
12.7
12.7
12.8
12.8
12.8
12.8
12.7
12.7
12.6
12.6
12.6
12.6
12.6
12.6
12.6
12.6
12.5
12.5
12.5
12.4
12.4
12.4
12.4
12.4
12.4
12.4
12.4
12.2
11.9
11.7
11.8
11.8
12.0
12.0
12.0
12.0
11.9
11.7
11.6
11.7
11.8
11.9
12.0
12.1
12.2
12.2
12.2
12.2
12.2
12.3
12.4
12.3
12.3
12.3
12.4
12.5
12.6
12.7
12.7
12.8
12.8
12.8
12.8
12.9
13.0
13.1
13.1
13.1
13.2
13.2
13.3
13.4
13.4
13.4
13.4
13.4
13.5
13.5
13.5
13.5
13.5
13.4
13.4
13.4
13.3
13.3
13.3
13.2
13.1
13.0
13.0
12.9
12.9
12.9
13.0
13.0
13.0
12.9
12.9
12.8
12.8
12.8
12.7
12.6
12.5
12.5
12.6
12.6
12.5
12.4
12.4
12.4
12.4
12.4
12.3
12.2
12.1
12.0
11.9
11.8
12.0
11.9
11.9
12.1
12.1
12.1
12.0
12.0
12.0
12.0
11.9
11.9
11.9
12.0
12.1
12.2
12.3
12.4
12.4
12.4
12.3
12.3
12.3
12.2
12.3
12.4
12.5
12.5
12.7
12.8
12.8
12.8
12.8
12.8
12.9
12.9
12.8
12.7
12.5
12.5
12.5
12.5
12.7
12.8
13.0
12.9
12.8
12.8
12.8
12.7
12.7
12.7
12.5
12.5
12.4
12.4
12.3
12.4
12.7
12.8
12.7
12.5
12.3
12.3
12.2
12.1
12.2
12.2
12.2
12.0
12.1
12.2
12.2
12.2
12.2
12.2
12.2
12.2
12.5
12.8
13.1
13.0
12.9
12.9
12.8
12.7
12.6
12.6
12.6
12.6
12.6
12.5
12.4
12.3
12.1
11.9
11.9
12.0
12.1
12.1
12.2
12.3
12.2
12.1
12.0
12.0
12.1
12.1
12.1
12.1
12.1
12.1
12.0
11.9
12.0
12.1
12.2
12.7
13.1
13.5
13.5
13.5
13.5
13.5
13.5
13.4
13.4
13.4
13.4
13.3
13.2
13.0
13.0
13.0
13.0
13.0
13.0
13.0
12.7
12.5
12.2
12.2
12.3
12.3
12.2
12.1
12.0
12.0
12.0
12.0
12.0
12.0
12.0
12.0
12.0
11.9
12.0
12.0
12.0
12.0
12.0
12.0
12.0
12.0
12.0
12.0
12.1
12.1
12.1
12.1
12.1
12.1
12.1
12.1
12.1
12.2
12.2
11.8
11.3
10.9
10.8
10.8
10.8
10.8
10.9
10.9
11.0
11.1
11.1
11.2
11.2
11.3
11.3
11.4
11.4
11.4
11.4
11.4
11.4
11.3
11.3
11.2
11.1
11.0
11.1
11.1
11.2
11.2
11.3
11.3
11.3
11.2
11.3
11.6
11.7
11.7
11.6
11.4
11.5
11.6
11.6
11.6
11.7
11.7
11.7
11.6
11.6
11.7
11.7
11.8
11.9
11.9
12.0
12.0
12.0
11.9
12.0
---END OF 10 MEASUREMENTS---
