9.055
7.32881355932
8.11034482759
7.7
8.57586206897
7.11525423729
7.95172413793
7.43833333333
7.05333333333
8.3125
8.02372881356
7.2701754386
7.41166666667
6.68333333333
7.07666666667
6.84333333333
7.335
8.26166666667
6.965
6.68474576271
7.68421052632
7.71551724138
8.03272727273
7.62
7.25517241379
7.93928571429
8.28813559322
7.79491525424
7.83684210526
6.96166666667
8.22881355932
8.17857142857
8.6593220339
8.83684210526
8.525
7.43
6.85833333333
7.685
7.60833333333
7.86666666667
6.80847457627
6.98666666667
7.54333333333
7.31833333333
7.435
6.81
7.87
7.24666666667
7.44576271186
6.41
7.31016949153
7.62777777778
8.32372881356
7.69827586207
8.13636363636
6.87333333333
8.1724137931
8.335
7.235
9.7724137931
--END OF 1--
13.6516666667
13.8830508475
12.9534482759
14.41
14.3
13.6525423729
13.5465517241
12.8433333333
12.4983333333
13.9357142857
14.0796610169
13.2157894737
12.9383333333
12.1566666667
12.9233333333
12.4516666667
12.7333333333
13.3433333333
12.725
12.7084745763
13.7736842105
13.1862068966
13.2181818182
13.1233333333
14.0293103448
14.8821428571
14.5389830508
13.4813559322
13.3210526316
13.4433333333
13.7593220339
14.4321428571
13.9779661017
14.0543859649
13.88
13.1933333333
12.8183333333
13.2383333333
12.4
13.5533333333
13.4
12.9566666667
12.67
12.1966666667
11.9316666667
12.7916666667
14.1316666667
12.4966666667
13.5711864407
12.98
14.6711864407
13.0814814815
12.6949152542
12.9465517241
13.4309090909
13.2783333333
12.8103448276
12.8983333333
13.3016666667
13.5224137931
--END OF 2--
