23.8033333333
23.6559322034
24.4766666667
24.9283333333
23.6316666667
23.6166666667
23.5566666667
23.8333333333
22.3066666667
23.2661016949
25.1816666667
23.7266666667
24.4616666667
22.195
22.2683333333
23.4816666667
24.53
24.815
23.713559322
24.245
22.9733333333
23.5483333333
25.07
26.56
23.8616666667
22.9633333333
23.2711864407
26.6433333333
24.4566666667
25.1583333333
24.4666666667
23.5933333333
25.1016666667
24.035
22.875
23.4084745763
23.335
25.2583333333
24.625
24.2933333333
25.52
24.0616666667
23.6983333333
22.8779661017
22.885
24.8733333333
24.4933333333
23.5633333333
24.21
23.6033333333
24.835
23.5186440678
24.64
25.1683333333
25.21
23.65
24.505
23.4566666667
23.68
24.9793103448
--END OF 1--
27.485
28.5406779661
28.655
30.4266666667
27.6016666667
25.585
26.1166666667
27.4233333333
27.4083333333
27.5830508475
28.645
27.1633333333
26.1916666667
26.63
27.155
31.51
29.4633333333
29.0566666667
27.793220339
26.7033333333
27.1
27.3966666667
28.7683333333
28.7216666667
28.4216666667
27.145
27.3661016949
33.8016666667
29.3733333333
29.46
29.2
25.7716666667
27.9
27.4366666667
26.8983333333
27.5593220339
28.7633333333
30.33
28.86
29.69
30.335
27.6316666667
26.0766666667
25.1813559322
26.38
29.6766666667
28.3516666667
28.405
31.7533333333
31.445
28.5
26.3118644068
29.4316666667
31.3716666667
29.3983333333
28.65
28.28
26.305
28.835
26.8137931034
--END OF 2--
