11.285
12.550877193
11.8847457627
12.63
10.8649122807
11.120754717
11.1474576271
10.87
10.7766666667
10.1133333333
11.0446808511
11.1616666667
11.8183333333
10.0783333333
11.535
12.21
11.4508474576
11.945
11.5666666667
10.9633333333
10.1716666667
11.8083333333
12.8491525424
10.8433333333
12.0189655172
11.3034482759
10.4245614035
11.9050847458
11.815
10.5392857143
12.4183333333
13.5389830508
10.67
12.1543859649
13.7033333333
13.66
13.8403508772
12.8574074074
11.7783333333
11.8083333333
13.2694915254
14.1433333333
13.5116666667
14.3283333333
13.5766666667
11.7118644068
12.4450980392
13.4559322034
13.65
14.6283333333
13.0966666667
11.8316666667
12.7050847458
13.9810344828
13.3616666667
13.4614035088
11.0508474576
12.0416666667
10.62
11.2736842105
--END OF 1--
16.0066666667
17.398245614
16.0254237288
15.2616666667
16.6385964912
16.4452830189
15.0677966102
15.625
15.4483333333
14.745
16.4914893617
15.4333333333
16.1983333333
15.1983333333
15.5116666667
15.0666666667
16.1322033898
15.715
14.5816666667
14.6883333333
15.55
15.945
16.6355932203
16.1533333333
16.2103448276
16.3931034483
16.5122807018
16.0559322034
15.5333333333
17.1035714286
15.9133333333
20.9983050847
18.07
17.9315789474
19.3516666667
17.73
18.1175438596
16.2444444444
18.56
16.2666666667
22.9915254237
21.0083333333
16.685
20.14
17.3933333333
15.9237288136
16.468627451
19.1593220339
18.5913793103
17.4433333333
15.145
14.9683333333
16.2355932203
17.9224137931
17.6766666667
17.8228070175
15.793220339
15.3166666667
13.9383333333
16.7280701754
--END OF 2--
