7.41833333333
6.85333333333
7.26666666667
7.615
7.35166666667
7.91186440678
6.96333333333
6.81666666667
6.73333333333
6.475
6.24833333333
6.58666666667
6.20166666667
7.37
6.76440677966
6.685
5.365
6.83166666667
6.67166666667
7.27333333333
6.515
6.16166666667
7.88983050847
7.98
6.97166666667
5.94666666667
6.16
6.02333333333
6.64333333333
6.87833333333
6.6813559322
6.31666666667
6.56333333333
7.03
7.425
5.66833333333
6.02166666667
6.32
6.68166666667
6.84915254237
6.51
7.29833333333
6.55833333333
6.93833333333
5.52666666667
5.79666666667
6.26333333333
6.88644067797
7.88166666667
6.41833333333
6.36
5.56166666667
5.92833333333
5.36666666667
6.06166666667
6.175
6.58813559322
6.43666666667
6.50833333333
7.64576271186
--END OF 1--
10.6833333333
10.9366666667
10.9016666667
10.95
10.7883333333
11.4084745763
11.83
11.3683333333
10.73
10.63
11.4466666667
11.3416666667
11.465
10.9783333333
10.2169491525
11.4233333333
10.7066666667
10.2716666667
10.5633333333
11.3766666667
9.97
10.1916666667
10.9711864407
11.1533333333
10.7816666667
10.35
10.68
10.8
10.215
10.78
10.7508474576
10.72
10.3316666667
10.4216666667
10.4533333333
9.89833333333
10.39
10.3483333333
10.485
10.5694915254
10.7033333333
10.7816666667
10.44
10.3583333333
9.48166666667
9.965
10.0666666667
11.1474576271
10.595
10.7216666667
11.2383333333
10.48
10.8466666667
10.8716666667
10.3766666667
10.615
10.6372881356
11.0833333333
11.3266666667
11.4084745763
--END OF 2--
