12.4766666667
13.6915254237
13.0433333333
12.1372881356
13.6627118644
12.6898305085
11.8
14.0016666667
12.6054545455
11.5916666667
12.6433333333
14.0183333333
14.3847457627
14.0771929825
14.28
15.2169811321
12.345
12.7033333333
12.7583333333
14.9559322034
14.9428571429
18.5766666667
35.6050847458
48.1316666667
52.5796610169
46.8483333333
40.725
38.5084745763
37.2533333333
35.9916666667
33.1716666667
32.6016666667
29.615
29.8966666667
30.5516666667
30.3915254237
28.4
27.48
27.7315789474
28.2614035088
27.1813559322
26.1116666667
26.2766666667
25.1616666667
24.33
23.5516666667
21.8633333333
21.31
24.1745762712
23.275
23.285
21.9633333333
21.2366666667
19.21
21.1983333333
19.29
18.506779661
20.4016666667
19.3633333333
13.3120689655
--END OF 1--
15.5333333333
16.2033898305
16.1133333333
17.3898305085
16.3305084746
16.4355932203
17.0233333333
17.7583333333
16.8109090909
14.7666666667
18.4766666667
16.175
17.1118644068
17.2228070175
19.9283333333
17.5283018868
15.3866666667
15.725
15.065
16.8033898305
16.6196428571
28.4883333333
61.7847457627
84.0083333333
95.793220339
76.9833333333
69.7416666667
57.7661016949
61.3183333333
59.8016666667
57.64
56.3883333333
47.1783333333
51.625
51.81
49.8152542373
48.0116666667
45.6983333333
43.2543859649
46.2368421053
41.6677966102
35.5
38.03
35.355
34.7483333333
36.975
36.345
29.745
34.0779661017
32.8816666667
34.5733333333
29.295
29.4433333333
27.295
30.4216666667
25.945
29.6966101695
29.56
29.645
15.9155172414
--END OF 2--
