14.8898305085
14.875
14.8683333333
16.045
15.495
14.1666666667
15.1116666667
14.14
16.6796610169
16.0033333333
15.48
14.9566666667
14.6183333333
13.8366666667
15.0316666667
14.3633333333
15.0627118644
14.2116666667
14.065
15.6913793103
16.7053571429
14.985
16.05
15.455
14.5406779661
14.7516666667
13.9716666667
14.5133333333
15.7288135593
16.3016666667
15.895
15.295
15.01
15.1898305085
14.3466666667
16.3796296296
15.8833333333
16.186440678
16.1490909091
15.7933333333
16.2068965517
16.0035087719
15.4166666667
15.585
15.5466666667
15.23
14.4916666667
16.4793103448
16.2283333333
16.641509434
17.3568965517
15.3333333333
15.6949152542
16.9896551724
17.6716666667
15.8533333333
15.4666666667
16.2659574468
15.4366666667
15.25
--END OF 1--
18.2694915254
18.1116666667
18.9466666667
20.0916666667
19.205
19.6116666667
18.985
18.5733333333
19.4949152542
18.87
17.7583333333
18.6733333333
19.7833333333
19.995
20.3083333333
19.6016666667
18.6491525424
17.7983333333
19.2816666667
19.6810344828
20.7428571429
17.975
18.5266666667
18.6433333333
18.7627118644
19.4516666667
18.9783333333
18.305
19.4847457627
20.4416666667
20.0683333333
19.4966666667
18.84
19.5288135593
20.0016666667
19.5388888889
18.48
20.906779661
23.1727272727
20.8833333333
19.5517241379
21.2175438596
20.775
19.135
20.235
20.985
20.81
20.0879310345
21.33
20.1622641509
19.8948275862
19.5116666667
22.8542372881
22.0293103448
22.5916666667
19.1466666667
19.775
20.6106382979
20.695
17.9833333333
--END OF 2--
