18.0
19.2
17.593220339
18.6333333333
18.5166666667
18.4333333333
18.6333333333
18.55
18.7627118644
17.4666666667
20.0
19.25
21.1166666667
20.4915254237
19.75
19.1833333333
19.15
18.95
18.4406779661
20.4833333333
19.9166666667
19.6
19.8333333333
18.8305084746
18.3166666667
19.95
19.7
18.8833333333
18.9
18.7457627119
18.2666666667
20.1166666667
19.65
18.7666666667
19.6949152542
18.6833333333
19.0666666667
19.0333333333
18.8333333333
18.1016949153
18.3333333333
20.1333333333
19.0333333333
17.9833333333
19.4915254237
18.3666666667
18.55
17.5666666667
18.3666666667
18.2542372881
19.7333333333
18.9166666667
18.15
18.05
18.5333333333
19.593220339
18.5166666667
19.7
20.2
19.0666666667
--END OF 1--
26.3833333333
26.35
25.4237288136
27.3166666667
27.2666666667
26.6
27.7166666667
26.8333333333
26.9661016949
25.5833333333
29.35
27.9333333333
31.2833333333
30.0169491525
29.7
27.7833333333
29.3
27.6166666667
27.1355932203
28.9666666667
30.4333333333
28.9
28.6833333333
28.3050847458
26.1
29.1
29.6833333333
27.5833333333
28.85
27.3898305085
27.6333333333
29.6833333333
28.6333333333
27.8666666667
29.1355932203
28.0
27.55
28.5833333333
26.9
28.2033898305
26.4166666667
29.6333333333
28.6833333333
27.4
27.8983050847
26.6166666667
26.0333333333
25.8666666667
26.75
26.9322033898
28.6666666667
26.5
27.6333333333
27.2333333333
26.6333333333
28.4745762712
26.85
28.7
30.3666666667
26.9833333333
--END OF 2--
27.4
27.6
26.0677966102
28.1333333333
28.65
27.4166666667
30.2166666667
28.6166666667
27.7118644068
26.8666666667
30.4166666667
29.2833333333
32.6666666667
31.0338983051
30.85
28.65
30.9666666667
28.8833333333
28.1016949153
29.6666666667
31.9
30.0833333333
29.3333333333
29.6271186441
26.6
30.85
31.35
28.7
29.2833333333
28.2542372881
29.75
30.6166666667
30.5333333333
28.1666666667
30.8983050847
28.95
29.05
29.9666666667
27.9833333333
29.6271186441
27.4666666667
31.6666666667
30.8166666667
30.05
29.7288135593
27.7166666667
27.2666666667
27.7666666667
27.2833333333
27.6949152542
29.7833333333
27.3166666667
29.3166666667
28.5666666667
28.15
29.6101694915
29.0666666667
29.0
32.4166666667
28.7833333333
--END OF 3--
18.0
19.1
17.593220339
18.6333333333
18.5166666667
18.2166666667
18.6333333333
18.55
18.7627118644
17.4666666667
19.6166666667
19.1833333333
20.3833333333
19.9491525424
19.4
19.1666666667
19.1
18.8
18.4406779661
20.0166666667
19.6
19.35
19.6
18.7966101695
18.3166666667
19.8
19.6333333333
18.75
18.8166666667
18.7457627119
18.2666666667
19.7333333333
19.25
18.7166666667
19.4237288136
18.6833333333
19.05
18.8833333333
18.6833333333
18.1016949153
18.3333333333
19.7666666667
19.0333333333
17.9833333333
19.3050847458
18.3666666667
18.55
17.5666666667
18.1666666667
18.1525423729
19.5
18.7
18.15
18.05
18.5333333333
19.593220339
18.2833333333
19.3666666667
19.8833333333
19.0666666667
--END OF 4--
26.3833333333
26.35
25.4237288136
27.3166666667
27.2666666667
26.55
27.7166666667
26.8333333333
26.9661016949
25.5833333333
29.05
27.7666666667
30.5333333333
29.7796610169
29.3833333333
27.7833333333
29.25
27.4666666667
27.1355932203
28.5
29.8833333333
28.8
28.6666666667
28.3050847458
26.1
28.9833333333
29.4333333333
27.5
28.7666666667
27.3898305085
27.6166666667
29.3833333333
28.5333333333
27.8166666667
28.813559322
28.0
27.45
28.4833333333
26.8833333333
28.1525423729
26.4166666667
29.35
28.6833333333
27.4
27.7627118644
26.6166666667
26.0333333333
25.8666666667
26.65
26.7796610169
28.6166666667
26.5
27.6166666667
27.1833333333
26.6
28.4576271186
26.75
28.5333333333
29.8833333333
26.9833333333
--END OF 5--
27.4
27.6
26.0677966102
28.1333333333
28.65
27.4166666667
30.2166666667
28.6166666667
27.7118644068
26.8666666667
30.4166666667
29.2833333333
32.6666666667
31.0338983051
30.85
28.65
30.9666666667
28.8833333333
28.1016949153
29.6666666667
31.9
30.0833333333
29.3333333333
29.6271186441
26.6
30.85
31.35
28.7
29.2833333333
28.2542372881
29.75
30.6166666667
30.5333333333
28.1666666667
30.8983050847
28.95
29.05
29.9666666667
27.9833333333
29.6271186441
27.4666666667
31.6666666667
30.8166666667
30.05
29.7288135593
27.7166666667
27.2666666667
27.7666666667
27.2833333333
27.6949152542
29.7833333333
27.3166666667
29.3166666667
28.5666666667
28.15
29.6101694915
29.0666666667
29.0
32.4166666667
28.7833333333
--END OF 6--
3479.65
3508.8
3251.59322034
3599.7
3624.6
3575.0
3496.35
3499.7
3439.06779661
3334.15
3724.55
3540.6
3862.3
3739.6779661
3727.3
3624.55
3626.05
3683.15
3542.69491525
3805.75
3795.95
3578.3
3718.6
3574.77966102
3533.4
3631.5
3710.4
3554.85
3579.3
3578.33898305
3478.5
3710.65
3711.85
3570.15
3636.81355932
3541.6
3497.15
3530.5
3567.95
3586.62711864
3408.0
3768.6
3648.7
3427.75
3616.52542373
3561.45
3529.1
3397.05
3526.05
3468.30508475
3653.1
3490.8
3510.45
3497.5
3471.15
3599.28813559
3513.3
3633.9
3706.5
3519.45
--END OF 7--
972.633333333
981.6
912.644067797
1009.83333333
1015.4
1000.28333333
999.966666667
990.983333333
973.050847458
919.966666667
1053.28333333
995.666666667
1092.38333333
1067.69491525
1052.25
1020.16666667
1008.55
1015.71666667
968.525423729
1053.71666667
1054.18333333
1020.05
1044.48333333
1002.38983051
989.633333333
1023.75
1034.4
999.383333333
998.05
995.338983051
986.083333333
1048.25
1038.78333333
992.95
1027.06779661
1000.85
995.966666667
1004.7
991.416666667
998.983050847
952.433333333
1060.68333333
1018.4
964.916666667
1014.08474576
982.7
987.166666667
970.5
996.7
981.694915254
1032.71666667
976.433333333
980.316666667
981.983333333
976.25
1030.45762712
980.483333333
1038.51666667
1055.18333333
981.883333333
--END OF 8--
161.183333333
166.55
152.559322034
175.516666667
181.266666667
159.8
183.75
165.25
165.322033898
148.783333333
165.366666667
175.05
209.633333333
191.779661017
186.366666667
172.916666667
198.5
172.366666667
175.881355932
172.633333333
193.4
176.566666667
177.566666667
179.372881356
155.516666667
193.266666667
184.933333333
173.8
186.983333333
164.322033898
174.416666667
182.8
179.85
176.55
178.355932203
179.466666667
169.75
170.733333333
156.683333333
191.372881356
172.566666667
183.166666667
182.25
177.716666667
171.86440678
162.0
166.166666667
167.9
176.933333333
165.033898305
181.75
157.316666667
185.666666667
177.9
157.583333333
175.644067797
176.15
187.65
191.883333333
167.583333333
--END OF 9--
5.03333333333
4.7
8.69491525424
4.6
5.83333333333
5.55
9.91666666667
9.03333333333
6.18644067797
13.9
9.55
11.0833333333
9.9
11.593220339
8.21666666667
7.88333333333
9.8
8.31666666667
5.71186440678
7.4
11.5166666667
9.75
7.95
6.37288135593
4.65
9.81666666667
11.1333333333
7.28333333333
8.95
8.28813559322
11.4333333333
9.15
11.5333333333
6.7
10.2203389831
7.56666666667
9.03333333333
10.5
8.48333333333
9.16949152542
8.81666666667
12.55
10.7833333333
11.65
8.50847457627
8.15
7.4
9.4
6.91666666667
7.27118644068
7.15
7.91666666667
9.23333333333
9.5
9.73333333333
7.93220338983
9.88333333333
6.05
13.6833333333
9.18333333333
--END OF 10--
1.25
1.45
1.4406779661
1.43333333333
2.3
1.06666666667
3.8
2.26666666667
0.949152542373
0.866666666667
1.43333333333
1.86666666667
2.06666666667
1.22033898305
1.5
0.666666666667
2.51666666667
2.2
1.25423728814
1.1
1.95
1.6
1.16666666667
2.32203389831
0.583333333333
2.31666666667
2.3
1.28333333333
0.366666666667
1.22033898305
2.51666666667
1.53333333333
1.75
0.5
3.10169491525
1.48333333333
2.26666666667
2.03333333333
1.43333333333
2.18644067797
1.28333333333
3.1
3.46666666667
4.01666666667
2.81355932203
1.25
1.13333333333
3.2
0.7
1.20338983051
1.66666666667
0.966666666667
2.76666666667
1.75
2.58333333333
1.40677966102
3.21666666667
0.5
2.28333333333
2.35
--END OF 11--
0.0
0.0
0.0
0.5
0.433333333333
0.4
0.0333333333333
0.966666666667
0.0
0.0
0.7
0.7
0.0
0.0
0.183333333333
0.05
0.7
0.366666666667
0.491525423729
0.216666666667
0.0
0.0
0.0
0.508474576271
0.0
0.816666666667
0.95
0.0666666666667
0.3
0.254237288136
0.45
0.0
0.0
0.0
0.0
0.0
0.366666666667
0.333333333333
0.733333333333
0.389830508475
0.283333333333
0.45
0.416666666667
0.216666666667
0.28813559322
0.2
0.533333333333
0.0
0.0
0.186440677966
0.383333333333
0.0
0.0
0.383333333333
0.65
0.0
0.8
0.0
0.0
0.616666666667
--END OF 12--
