23.6166666667
24.2166666667
24.4
24.4666666667
24.3559322034
24.6
25.35
23.7
24.3
25.3166666667
24.6833333333
24.8983050847
24.9
25.2666666667
24.6666666667
24.9
23.7457627119
24.9166666667
24.4
25.7
23.8166666667
23.6
24.3559322034
25.6666666667
25.8333333333
26.1
25.6
25.2
24.0338983051
24.9333333333
24.0833333333
25.2333333333
23.6666666667
24.8813559322
24.2833333333
25.4
25.45
25.0333333333
22.9833333333
24.6440677966
24.9333333333
25.2833333333
25.2666666667
24.3833333333
23.2833333333
24.2203389831
25.3
25.1166666667
24.7333333333
24.8166666667
23.7457627119
23.5833333333
24.2333333333
24.0833333333
23.6333333333
23.6333333333
25.1355932203
24.95
24.7833333333
24.5094339623
--END OF 1--
32.3166666667
34.15
35.65
36.1666666667
36.7457627119
36.75
36.7666666667
33.9833333333
33.35
35.9166666667
35.0833333333
35.1186440678
36.2833333333
35.3166666667
36.7666666667
35.6666666667
33.3728813559
34.2333333333
35.2166666667
35.7
34.4333333333
34.3333333333
34.813559322
37.8
36.8333333333
36.1333333333
35.1666666667
35.1333333333
35.186440678
36.4166666667
35.15
34.95
35.5666666667
34.7118644068
35.4
35.9
37.25
37.5333333333
33.4
36.1016949153
36.6666666667
37.3166666667
36.7333333333
34.1333333333
33.9833333333
33.7966101695
37.2666666667
35.95
35.9
34.3
33.6610169492
33.7333333333
35.3
36.3
33.3166666667
32.6166666667
35.5762711864
35.6666666667
35.5833333333
34.9056603774
--END OF 2--
33.3166666667
34.5
36.65
37.2666666667
39.0
37.8333333333
38.7
34.95
35.2666666667
37.7
36.1
36.0508474576
38.1666666667
36.6666666667
37.25
36.1666666667
34.0338983051
36.45
35.9166666667
37.3
36.2166666667
35.2666666667
35.4745762712
39.5833333333
39.7333333333
37.7833333333
35.8833333333
36.9833333333
37.186440678
38.0333333333
36.9833333333
35.95
36.9
36.2033898305
36.9833333333
37.5
38.55
38.6166666667
34.8833333333
37.1016949153
38.5333333333
39.45
38.8
34.9333333333
35.3333333333
36.0
37.5166666667
36.5333333333
36.3166666667
35.0
34.8644067797
36.6833333333
36.4666666667
38.65
33.8666666667
34.2833333333
37.9322033898
36.9333333333
37.3
35.5471698113
--END OF 3--
21.9166666667
22.1166666667
22.35
22.35
22.4237288136
22.5666666667
22.8666666667
22.0166666667
22.45
22.85
22.35
22.5254237288
22.55
22.85
22.5833333333
22.7333333333
21.8983050847
22.2833333333
22.4166666667
23.0
21.8166666667
21.7333333333
22.3050847458
23.0
23.0833333333
23.2666666667
23.05
22.65
21.9830508475
22.4666666667
22.3666666667
22.8
22.05
22.6101694915
22.4333333333
22.9
22.95
22.7
21.2833333333
22.5423728814
22.5833333333
22.7833333333
22.7
22.3833333333
21.5
22.0169491525
22.8
22.8333333333
22.4833333333
22.65
22.1525423729
21.9833333333
22.3166666667
21.9333333333
21.65
22.1333333333
22.593220339
22.85
22.7833333333
22.3396226415
--END OF 4--
31.0166666667
32.0666666667
32.9
33.45
33.8474576271
33.8666666667
33.7666666667
32.25
31.8
33.3
32.6833333333
32.6949152542
33.4333333333
32.9
33.8
33.1166666667
31.7627118644
32.0166666667
32.7666666667
33.15
32.2833333333
32.15
32.6440677966
34.4166666667
33.9166666667
33.3666666667
32.8666666667
32.7
32.6101694915
33.4833333333
32.7833333333
32.7333333333
33.1333333333
32.6101694915
32.9833333333
33.2
34.05
34.2166666667
31.55
33.406779661
33.7166666667
34.1
33.7333333333
32.0333333333
31.7333333333
31.8644067797
34.05
33.2
33.15
32.3166666667
31.8474576271
32.0333333333
32.7666666667
33.3
31.4166666667
31.35
33.0
33.3166666667
33.1666666667
32.4339622642
--END OF 5--
33.3166666667
34.5
36.65
37.2666666667
39.0
37.8333333333
38.7
34.95
35.2666666667
37.7
36.1
36.0508474576
38.1666666667
36.6666666667
37.25
36.1666666667
34.0338983051
36.45
35.9166666667
37.3
36.2166666667
35.2666666667
35.4745762712
39.5833333333
39.7333333333
37.7833333333
35.8833333333
36.9833333333
37.186440678
38.0333333333
36.9833333333
35.95
36.9
36.2033898305
36.9833333333
37.5
38.55
38.6166666667
34.8833333333
37.1016949153
38.5333333333
39.45
38.8
34.9333333333
35.3333333333
36.0
37.5166666667
36.5333333333
36.3166666667
35.0
34.8644067797
36.6833333333
36.4666666667
38.65
33.8666666667
34.2833333333
37.9322033898
36.9333333333
37.3
35.5471698113
--END OF 6--
4339.35
4464.6
4552.8
4475.6
4470.10169492
4590.15
4610.75
4306.6
4378.6
4648.4
4625.0
4569.76271186
4554.85
4579.65
4590.0
4556.6
4405.52542373
4615.2
4449.2
4648.2
4495.35
4406.9
4434.15254237
4679.3
4604.85
4632.9
4642.1
4699.0
4566.3559322
4650.7
4301.45
4601.25
4461.65
4521.55932203
4548.3
4599.75
4637.4
4516.1
4262.6
4555.72881356
4628.95
4772.3
4660.05
4553.3
4354.5
4501.01694915
4641.6
4576.0
4618.4
4487.2
4411.52542373
4406.4
4536.85
4600.1
4430.65
4300.45
4629.0
4511.65
4548.05
4513.9245283
--END OF 7--
1194.4
1248.88333333
1271.65
1273.76666667
1277.89830508
1279.5
1303.23333333
1217.96666667
1230.61666667
1301.0
1290.48333333
1281.38983051
1263.91666667
1288.1
1288.33333333
1273.11666667
1227.3220339
1292.0
1253.7
1295.1
1253.65
1241.88333333
1242.94915254
1330.73333333
1299.55
1312.75
1295.11666667
1305.0
1270.01694915
1306.71666667
1235.55
1289.16666667
1253.4
1239.30508475
1259.35
1302.75
1296.25
1294.2
1225.96666667
1263.22033898
1284.96666667
1334.7
1305.83333333
1268.61666667
1230.06666667
1252.54237288
1297.66666667
1283.7
1284.45
1258.11666667
1233.01694915
1222.6
1264.26666667
1271.36666667
1231.68333333
1205.16666667
1292.13559322
1269.15
1290.25
1262.30188679
--END OF 8--
196.7
207.316666667
214.5
220.266666667
229.050847458
227.283333333
233.766666667
198.25
190.75
209.716666667
218.383333333
212.322033898
217.583333333
212.783333333
232.616666667
221.666666667
209.203389831
195.35
218.9
207.2
217.75
224.583333333
210.711864407
256.766666667
222.133333333
221.883333333
205.75
203.833333333
221.169491525
236.0
216.766666667
194.866666667
236.616666667
220.610169492
226.416666667
220.5
222.1
228.416666667
210.65
228.779661017
223.083333333
233.216666667
239.666666667
220.133333333
215.116666667
199.93220339
230.15
229.066666667
225.516666667
200.333333333
197.322033898
210.85
213.783333333
224.45
209.65
192.616666667
220.372881356
225.5
234.35
223.264150943
--END OF 9--
5.6
5.7
11.2
12.0166666667
11.7796610169
14.0666666667
14.1666666667
10.3
8.28333333333
10.7
7.0
7.59322033898
13.8333333333
9.75
10.4
8.43333333333
7.40677966102
12.6333333333
8.66666666667
11.35
10.6166666667
8.33333333333
6.1186440678
14.1
17.4166666667
9.65
8.56666666667
9.85
12.3050847458
10.3666666667
15.65
7.8
13.4666666667
12.3050847458
14.2666666667
9.35
15.65
14.45
8.86666666667
11.1186440678
13.2333333333
12.9333333333
11.2833333333
7.91666666667
10.3
10.8644067797
9.95
5.63333333333
7.36666666667
6.71666666667
7.30508474576
11.8
10.7
15.85
7.78333333333
8.63333333333
11.2542372881
8.46666666667
8.71666666667
8.32075471698
--END OF 10--
1.6
0.55
1.75
1.46666666667
2.5593220339
0.833333333333
2.13333333333
0.9
2.4
2.01666666667
1.65
1.5593220339
3.11666666667
1.95
0.233333333333
0.7
1.1186440678
3.16666666667
0.966666666667
2.5
2.83333333333
1.25
1.20338983051
2.11666666667
4.2
2.06666666667
0.583333333333
2.88333333333
2.20338983051
2.48333333333
2.33333333333
1.0
1.71666666667
2.03389830508
1.76666666667
2.1
1.45
0.866666666667
1.71666666667
1.37288135593
2.4
2.33333333333
2.71666666667
0.85
2.23333333333
3.20338983051
0.5
0.85
0.666666666667
0.866666666667
1.76271186441
4.2
1.28333333333
3.8
0.716666666667
2.0
2.79661016949
1.61666666667
1.95
0.735849056604
--END OF 11--
0.0
0.233333333333
0.5
0.566666666667
0.847457627119
0.0
0.266666666667
0.433333333333
0.916666666667
0.483333333333
0.0
0.0
0.5
0.166666666667
0.0
0.0
0.0
0.3
0.0
0.0
0.3
0.0
0.0338983050847
0.766666666667
0.5
0.0
0.233333333333
0.0
0.440677966102
0.0
0.0
0.0
0.0
0.508474576271
0.533333333333
0.85
0.85
0.0
0.5
0.0
0.5
0.166666666667
0.716666666667
0.283333333333
0.333333333333
0.508474576271
0.0
0.0
0.0
0.0
0.0
1.0
0.0
0.6
0.0
0.45
1.54237288136
0.366666666667
0.0
0.0
--END OF 12--
