20.15
19.9333333333
20.8
20.0508474576
20.55
18.5666666667
19.7
21.2833333333
20.3166666667
22.0169491525
20.95
19.4333333333
20.6666666667
20.5333333333
19.65
20.5593220339
19.7166666667
19.7333333333
19.8833333333
20.7333333333
20.0833333333
21.0508474576
19.8666666667
19.55
20.2166666667
18.9166666667
18.9
20.1525423729
19.8
19.8666666667
20.1166666667
21.8666666667
21.1016949153
20.7166666667
19.25
20.3666666667
19.6333333333
21.3333333333
21.813559322
20.3833333333
21.3666666667
20.65
20.1666666667
20.4833333333
20.9152542373
20.35
20.6166666667
20.2166666667
20.35
20.9
19.2711864407
20.6166666667
21.0333333333
20.6
19.7
19.7333333333
19.7966101695
21.1166666667
22.3333333333
20.2456140351
--END OF 1--
26.8333333333
28.0666666667
29.1833333333
28.2033898305
28.8
27.2166666667
28.9666666667
28.8833333333
28.0
29.5084745763
28.65
28.1833333333
29.3333333333
29.9833333333
28.05
29.406779661
28.8166666667
26.3333333333
28.3833333333
28.5166666667
28.7666666667
29.2711864407
27.9
28.2166666667
27.7166666667
27.0666666667
26.7
28.8983050847
27.75
27.7166666667
28.5166666667
29.2666666667
29.6271186441
29.7166666667
26.7
28.3333333333
28.9
29.0166666667
31.2203389831
30.6833333333
30.2
28.9666666667
28.5333333333
28.9333333333
29.8813559322
28.1333333333
29.1166666667
29.1
28.2
29.55
27.0
27.8833333333
28.8833333333
28.9166666667
28.5333333333
27.7333333333
26.5423728814
29.0333333333
31.9833333333
27.350877193
--END OF 2--
27.7333333333
29.8166666667
30.6166666667
28.6271186441
30.1
28.5166666667
30.1166666667
29.3833333333
29.55
30.2542372881
29.15
28.5666666667
30.0833333333
30.5333333333
28.95
30.3389830508
30.2333333333
27.8
29.8333333333
29.5833333333
28.9833333333
29.5084745763
28.9
29.1333333333
28.3666666667
27.9666666667
27.7666666667
29.7796610169
28.15
28.1666666667
29.5666666667
30.1166666667
30.0677966102
30.3166666667
27.5833333333
29.3833333333
29.65
29.0166666667
31.813559322
32.05
31.2666666667
30.0166666667
29.8666666667
30.75
30.9830508475
28.8
31.0666666667
30.45
28.65
31.1
27.186440678
28.0833333333
30.0666666667
29.9
30.2666666667
28.9833333333
27.0677966102
30.1333333333
32.8833333333
28.649122807
--END OF 3--
20.0
19.7
20.2166666667
19.8474576271
19.9
18.3666666667
19.3833333333
20.2833333333
19.9166666667
20.9661016949
20.3
19.3833333333
20.0833333333
20.0333333333
19.4666666667
19.9491525424
19.2666666667
19.2333333333
19.4166666667
19.85
19.4833333333
20.2711864407
19.6833333333
19.3
19.7
18.6333333333
18.6333333333
19.813559322
19.65
19.4666666667
19.2666666667
20.8666666667
20.3389830508
19.9833333333
19.2
19.7333333333
19.2833333333
20.4166666667
20.6949152542
20.0
20.6
20.0
19.7333333333
19.7833333333
19.9152542373
19.5666666667
19.6666666667
19.8
19.95
20.05
19.1694915254
20.0333333333
20.3833333333
19.95
19.45
19.5333333333
19.4237288136
20.3
21.3333333333
19.8771929825
--END OF 4--
26.8333333333
28.0666666667
29.0166666667
27.9830508475
28.45
27.1333333333
28.7833333333
28.4333333333
28.0
29.3559322034
28.5
28.1333333333
29.0833333333
29.5833333333
27.95
29.406779661
28.7
26.3333333333
28.35
28.3666666667
28.6666666667
28.9830508475
27.7833333333
28.1166666667
27.7166666667
27.0666666667
26.7
28.6949152542
27.75
27.7166666667
28.4166666667
28.9666666667
29.1694915254
29.2166666667
26.7
28.3333333333
28.65
28.85
30.4406779661
30.25
29.7333333333
28.8333333333
28.3666666667
28.8833333333
29.3220338983
28.1333333333
28.8666666667
28.9833333333
28.2
29.15
26.9830508475
27.75
28.8166666667
28.85
28.5333333333
27.7333333333
26.5423728814
28.8666666667
30.9333333333
27.350877193
--END OF 5--
27.7333333333
29.8166666667
30.6166666667
28.6271186441
30.1
28.5166666667
30.1166666667
29.3833333333
29.55
30.2542372881
29.15
28.5666666667
30.0833333333
30.5333333333
28.95
30.3389830508
30.2333333333
27.8
29.8333333333
29.5833333333
28.9833333333
29.5084745763
28.9
29.1333333333
28.3666666667
27.9666666667
27.7666666667
29.7796610169
28.15
28.1666666667
29.5666666667
30.1166666667
30.0677966102
30.3166666667
27.5833333333
29.3833333333
29.65
29.0166666667
31.813559322
32.05
31.2666666667
30.0166666667
29.8666666667
30.75
30.9830508475
28.8
31.0666666667
30.45
28.65
31.1
27.186440678
28.0833333333
30.0666666667
29.9
30.2666666667
28.9833333333
27.0677966102
30.1333333333
32.8833333333
28.649122807
--END OF 6--
3549.75
3756.25
3850.0
3792.86440678
3842.3
3652.6
3783.05
3911.9
3719.35
4013.23728814
3925.5
3749.4
3849.3
3715.35
3675.7
3726.66101695
3780.15
3710.8
3694.15
3859.4
3843.1
3867.71186441
3625.1
3628.3
3762.2
3753.8
3603.6
3796.27118644
3684.45
3739.8
3878.7
3912.15
3911.94915254
3866.8
3684.1
3891.25
3778.45
3945.1
3962.59322034
3860.05
3846.7
3737.7
3686.75
3856.8
3937.62711864
3867.55
3945.6
3823.15
3717.45
3795.6
3547.62711864
3723.4
3871.85
3782.95
3800.25
3681.6
3658.52542373
3713.7
4005.55
3670.94736842
--END OF 7--
1003.76666667
1030.05
1073.36666667
1052.10169492
1084.65
1018.41666667
1075.56666667
1113.58333333
1043.18333333
1118.13559322
1084.95
1042.35
1065.45
1052.25
1027.66666667
1060.25423729
1068.66666667
1045.91666667
1039.13333333
1073.08333333
1065.81666667
1088.42372881
1026.86666667
1026.56666667
1060.41666667
1036.11666667
1000.3
1058.96610169
1043.6
1043.65
1086.6
1097.4
1094.3559322
1077.96666667
998.116666667
1082.45
1051.2
1109.38333333
1126.44067797
1088.7
1074.88333333
1050.55
1051.26666667
1085.36666667
1118.28813559
1069.65
1105.15
1067.63333333
1050.25
1076.7
997.745762712
1056.33333333
1083.31666667
1058.25
1056.96666667
1036.51666667
1013.84745763
1068.56666667
1151.81666667
1041.63157895
--END OF 8--
158.616666667
162.533333333
167.45
166.644067797
176.566666667
173.816666667
180.916666667
170.133333333
165.933333333
170.389830508
156.15
172.466666667
172.316666667
182.5
164.3
182.559322034
190.75
149.883333333
171.2
160.766666667
172.966666667
176.728813559
157.35
176.4
157.85
155.15
163.15
189.084745763
159.3
170.85
160.3
164.05
180.966101695
180.766666667
169.716666667
167.2
175.6
160.35
185.694915254
193.616666667
193.666666667
172.8
173.666666667
187.533333333
182.288135593
166.4
167.9
165.5
161.9
172.95
174.847457627
168.6
187.05
178.483333333
180.466666667
169.316666667
151.033898305
175.783333333
196.983333333
167.736842105
--END OF 9--
6.41666666667
8.1
9.96666666667
3.28813559322
7.26666666667
9.01666666667
6.58333333333
2.8
9.0
5.98305084746
5.55
6.2
8.76666666667
9.75
6.46666666667
9.05084745763
6.46666666667
3.8
8.43333333333
8.83333333333
6.58333333333
3.33898305085
7.28333333333
8.13333333333
3.46666666667
7.3
4.71666666667
6.96610169492
5.2
6.4
10.05
4.9
6.28813559322
7.9
5.43333333333
6.88333333333
9.06666666667
3.05
7.45762711864
9.9
8.0
7.85
7.05
10.6833333333
8.67796610169
4.43333333333
11.25
11.1666666667
5.3
11.3
5.89830508475
4.1
4.05
7.83333333333
11.4166666667
6.41666666667
4.18644067797
6.18333333333
7.16666666667
5.33333333333
--END OF 10--
1.5
2.85
2.4
0.661016949153
1.86666666667
1.68333333333
1.6
1.0
1.68333333333
1.25423728814
0.9
0.533333333333
0.816666666667
0.55
1.75
1.08474576271
1.65
2.55
2.5
1.4
0.116666666667
0.762711864407
1.76666666667
0.783333333333
0.833333333333
1.68333333333
1.1
0.864406779661
0.4
0.7
1.5
0.9
0.457627118644
0.633333333333
0.9
0.95
0.966666666667
0.0
1.03389830508
1.63333333333
1.58333333333
1.4
1.91666666667
1.21666666667
1.89830508475
0.9
3.15
1.86666666667
0.3
2.45
0.0
0.0
1.61666666667
1.11666666667
2.05
1.21666666667
0.525423728814
1.46666666667
1.58333333333
1.66666666667
--END OF 11--
0.0
0.683333333333
0.316666666667
0.0
0.0666666666667
0.433333333333
0.0
0.0
0.366666666667
0.135593220339
0.0
0.0
0.2
0.3
0.0
0.28813559322
0.483333333333
0.0666666666667
0.65
0.15
0.0
0.0
0.5
0.0
0.0
0.0
0.0
0.0
0.0
0.0
0.5
0.5
0.0
0.0
0.0
0.0
0.333333333333
0.0
0.491525423729
0.616666666667
0.0
0.433333333333
0.0333333333333
0.0
0.271186440678
0.0
0.4
0.1
0.0
0.5
0.0
0.0
0.5
0.0
0.383333333333
0.316666666667
0.508474576271
0.0
0.566666666667
0.0
--END OF 12--
