11.9
12.6166666667
13.15
12.4666666667
12.2372881356
12.4666666667
12.7333333333
13.25
12.1833333333
12.3833333333
12.2833333333
12.7288135593
13.3833333333
12.2333333333
12.1833333333
12.3333333333
11.7457627119
12.2
12.2333333333
12.8166666667
12.5333333333
12.6666666667
12.1355932203
12.0333333333
11.8333333333
11.2
11.1833333333
11.5833333333
12.3728813559
12.2
12.25
12.25
12.2
13.1016949153
12.8166666667
12.6666666667
11.9833333333
11.5833333333
12.0
12.3559322034
12.4166666667
11.1166666667
11.5166666667
11.3833333333
11.9166666667
11.9491525424
11.8833333333
12.25
12.1
11.9
11.7333333333
11.9322033898
11.5
12.4666666667
12.3666666667
10.9833333333
11.4237288136
11.4833333333
12.2
12.8846153846
--END OF 1--
15.8166666667
17.2833333333
18.55
17.1
16.2542372881
17.0833333333
17.0666666667
17.7833333333
16.3333333333
16.1
16.4833333333
17.5762711864
18.7
16.5833333333
16.4833333333
15.7833333333
15.4915254237
16.6
17.45
17.9833333333
16.25
17.5
16.0847457627
16.1166666667
16.8
15.3
15.5333333333
15.65
17.0677966102
16.5
15.95
17.6
16.6
17.0508474576
16.85
17.1
16.25
16.15
16.4166666667
15.6610169492
17.3833333333
14.4166666667
16.5833333333
16.3833333333
16.6333333333
15.1525423729
17.7166666667
15.55
15.4
15.4
15.6833333333
16.2372881356
16.5833333333
16.5833333333
17.65
14.9666666667
15.7118644068
15.5166666667
16.1833333333
17.8269230769
--END OF 2--
16.0833333333
18.7666666667
18.5833333333
17.8833333333
16.5762711864
17.7833333333
17.3666666667
18.6166666667
16.95
16.45
16.6833333333
17.9830508475
19.4
16.9333333333
16.9833333333
16.1833333333
15.7966101695
17.1833333333
17.7166666667
18.7666666667
17.8666666667
18.1333333333
16.7796610169
16.9166666667
16.9
16.0166666667
16.7333333333
16.1333333333
17.8305084746
16.5
15.95
18.0
17.9
17.8474576271
17.3166666667
17.1833333333
16.3666666667
17.1333333333
16.7833333333
16.5423728814
18.1333333333
14.95
17.4333333333
17.5833333333
17.5
15.7966101695
18.3833333333
16.1
15.95
15.55
16.3833333333
16.4406779661
17.0666666667
17.7833333333
18.55
16.0333333333
16.5084745763
15.7833333333
16.7333333333
18.3076923077
--END OF 3--
11.9
12.6166666667
13.15
12.4666666667
12.2372881356
12.4666666667
12.7333333333
13.25
12.1833333333
12.3833333333
12.2833333333
12.7288135593
13.3833333333
12.2333333333
12.1833333333
12.3333333333
11.7457627119
12.2
12.2333333333
12.8166666667
12.5333333333
12.6666666667
12.1355932203
12.0333333333
11.8333333333
11.2
11.1833333333
11.5833333333
12.3728813559
12.2
12.25
12.25
12.2
13.1016949153
12.8166666667
12.6666666667
11.9833333333
11.5833333333
12.0
12.3559322034
12.4166666667
11.1166666667
11.5166666667
11.3833333333
11.9166666667
11.9491525424
11.8833333333
12.25
12.1
11.9
11.7333333333
11.9322033898
11.5
12.4666666667
12.3666666667
10.9833333333
11.4237288136
11.4833333333
12.2
12.8846153846
--END OF 4--
15.8166666667
17.2833333333
18.55
17.1
16.2542372881
17.0833333333
17.0666666667
17.7833333333
16.3333333333
16.1
16.4833333333
17.5762711864
18.7
16.5833333333
16.4833333333
15.7833333333
15.4915254237
16.6
17.45
17.9833333333
16.25
17.5
16.0847457627
16.1166666667
16.8
15.3
15.5333333333
15.65
17.0677966102
16.5
15.95
17.6
16.6
17.0508474576
16.85
17.1
16.25
16.15
16.4166666667
15.6610169492
17.3833333333
14.4166666667
16.5833333333
16.3833333333
16.6333333333
15.1525423729
17.7166666667
15.55
15.4
15.4
15.6833333333
16.2372881356
16.5833333333
16.5833333333
17.65
14.9666666667
15.7118644068
15.5166666667
16.1833333333
17.8269230769
--END OF 5--
16.0833333333
18.7666666667
18.5833333333
17.8833333333
16.5762711864
17.7833333333
17.3666666667
18.6166666667
16.95
16.45
16.6833333333
17.9830508475
19.4
16.9333333333
16.9833333333
16.1833333333
15.7966101695
17.1833333333
17.7166666667
18.7666666667
17.8666666667
18.1333333333
16.7796610169
16.9166666667
16.9
16.0166666667
16.7333333333
16.1333333333
17.8305084746
16.5
15.95
18.0
17.9
17.8474576271
17.3166666667
17.1833333333
16.3666666667
17.1333333333
16.7833333333
16.5423728814
18.1333333333
14.95
17.4333333333
17.5833333333
17.5
15.7966101695
18.3833333333
16.1
15.95
15.55
16.3833333333
16.4406779661
17.0666666667
17.7833333333
18.55
16.0333333333
16.5084745763
15.7833333333
16.7333333333
18.3076923077
--END OF 6--
2293.75
2444.1
2423.35
2388.65
2265.20338983
2407.6
2379.8
2501.65
2477.85
2375.1
2417.65
2374.27118644
2536.4
2447.1
2235.0
2347.2
2263.88135593
2359.25
2450.65
2476.6
2331.8
2400.65
2289.05084746
2314.9
2372.1
2306.2
2347.65
2357.2
2504.03389831
2376.0
2367.0
2374.05
2343.0
2388.40677966
2422.95
2399.8
2348.65
2287.35
2384.85
2338.27118644
2399.65
2158.15
2264.0
2206.95
2303.9
2285.03389831
2295.05
2368.2
2351.55
2314.35
2282.1
2304.66101695
2241.3
2359.5
2379.8
2245.8
2286.96610169
2209.65
2281.5
2508.63461538
--END OF 7--
630.2
667.233333333
703.8
668.966666667
629.508474576
674.0
668.966666667
705.566666667
668.966666667
661.166666667
658.25
659.457627119
714.0
650.3
631.25
653.75
622.271186441
659.4
687.266666667
681.466666667
646.05
674.633333333
630.966101695
642.183333333
655.4
645.733333333
634.316666667
644.816666667
688.288135593
640.15
650.3
652.55
646.65
670.898305085
678.283333333
677.283333333
662.45
636.583333333
656.116666667
640.338983051
669.35
592.75
627.3
622.666666667
643.483333333
627.86440678
642.633333333
659.95
634.9
626.75
621.85
636.06779661
630.266666667
659.9
670.316666667
610.616666667
610.762711864
622.066666667
644.833333333
700.442307692
--END OF 8--
86.4
107.233333333
97.7
103.783333333
91.1355932203
99.1666666667
91.8833333333
102.9
94.9
90.2
98.8666666667
91.5084745763
115.466666667
95.3
100.45
80.0
86.7966101695
91.85
99.6
110.016666667
94.5166666667
110.983333333
80.1355932203
90.5833333333
105.816666667
82.8
92.1833333333
88.8
105.355932203
91.05
85.15
101.8
101.35
100.610169492
85.5
87.7
89.0
99.4
95.25
75.5084745763
104.15
78.5833333333
97.3166666667
96.6666666667
93.75
80.8983050847
110.783333333
75.4
78.15
77.75
89.2
101.983050847
104.783333333
96.7166666667
104.866666667
85.1
91.0
86.2
89.8833333333
92.5384615385
--END OF 9--
2.85
4.41666666667
5.78333333333
4.41666666667
2.42372881356
3.35
2.95
4.28333333333
2.71666666667
2.48333333333
2.05
6.22033898305
5.5
2.8
3.35
3.25
2.28813559322
2.6
3.96666666667
2.4
4.88333333333
3.58333333333
4.72881355932
4.35
3.55
3.28333333333
2.53333333333
1.78333333333
4.25423728814
2.3
1.55
5.4
4.7
2.77966101695
3.7
4.08333333333
2.05
4.3
2.31666666667
3.5593220339
5.05
2.31666666667
6.33333333333
6.65
6.5
2.81355932203
7.43333333333
3.25
3.3
2.0
2.85
1.61016949153
3.96666666667
4.3
6.5
2.85
4.67796610169
3.25
3.36666666667
4.11538461538
--END OF 10--
0.366666666667
2.56666666667
0.1
1.28333333333
0.237288135593
0.983333333333
0.5
1.3
0.9
0.116666666667
0.383333333333
0.508474576271
0.933333333333
0.45
0.45
0.5
0.0
0.583333333333
0.416666666667
1.11666666667
2.38333333333
0.933333333333
0.915254237288
1.53333333333
0.0
1.15
1.85
0.766666666667
0.745762711864
0.0
0.0
0.5
1.3
1.35593220339
0.366666666667
0.0
0.0
1.53333333333
0.466666666667
1.54237288136
0.483333333333
0.516666666667
1.48333333333
1.61666666667
0.766666666667
0.627118644068
0.916666666667
0.95
0.8
0.25
1.2
0.0508474576271
1.08333333333
1.38333333333
1.16666666667
2.1
1.06779661017
0.216666666667
0.5
0.942307692308
--END OF 11--
0.0
0.383333333333
0.0166666666667
0.0
0.0
0.0
0.0
0.0166666666667
0.483333333333
0.0
0.0
0.0
0.45
0.05
0.0
0.0
0.0
0.0
0.0
0.483333333333
0.0166666666667
0.0
0.0
0.0
0.0
0.0
0.0
0.0
0.0
0.0
0.0
0.0
1.05
0.457627118644
0.0
0.0
0.0
0.0333333333333
0.466666666667
0.508474576271
0.0
0.0
0.5
0.616666666667
0.383333333333
0.0
0.0
0.0
0.0
0.0
0.45
0.0508474576271
0.0
0.5
0.5
0.5
0.322033898305
0.183333333333
0.0
0.0
--END OF 12--
