16.5
16.3166666667
17.7
16.9830508475
17.4
18.2
16.75
18.0
17.95
16.5084745763
17.3333333333
16.8
17.1166666667
17.4666666667
18.0166666667
17.1016949153
17.1833333333
16.8166666667
16.1333333333
17.7333333333
16.9322033898
17.5666666667
18.35
17.75
16.75
16.75
17.9322033898
17.6666666667
17.6166666667
18.15
16.95
16.9
17.0847457627
16.6333333333
17.3833333333
17.3166666667
18.2333333333
18.0833333333
17.9830508475
16.8833333333
17.1666666667
16.95
17.0833333333
16.0666666667
16.9661016949
16.7166666667
16.9333333333
16.9666666667
17.2833333333
18.3898305085
17.0333333333
16.65
17.95
17.5833333333
16.7833333333
17.3898305085
16.6333333333
16.7
17.0666666667
16.701754386
--END OF 1--
22.9
23.8166666667
25.15
23.1694915254
23.15
23.95
22.55
23.85
24.55
23.7118644068
24.1833333333
23.9
25.0
24.2666666667
25.5333333333
24.406779661
24.6666666667
22.6
22.9
25.6833333333
24.0847457627
24.4666666667
24.5166666667
23.9
24.15
22.3
24.9322033898
23.65
23.4666666667
25.1666666667
24.5666666667
24.5833333333
24.1186440678
24.2
24.65
23.65
23.7666666667
24.5333333333
25.1355932203
23.3333333333
23.9666666667
23.3333333333
23.8333333333
23.0166666667
23.0677966102
23.6833333333
23.7333333333
23.4833333333
22.9333333333
24.3389830508
24.2
23.4333333333
23.3833333333
22.8166666667
22.4333333333
24.1016949153
23.2333333333
23.9166666667
22.9666666667
22.701754386
--END OF 2--
23.4666666667
25.0833333333
26.7333333333
24.8813559322
24.1
24.85
22.55
24.1
26.25
25.406779661
25.35
24.8833333333
26.7
26.3
26.2666666667
26.2881355932
25.25
24.2666666667
23.6666666667
27.4333333333
24.5762711864
25.3166666667
25.3666666667
24.05
25.05
22.7
26.4915254237
24.75
23.5833333333
25.7
25.2
25.05
25.3220338983
24.7833333333
26.3166666667
24.4
26.4833333333
25.2666666667
25.593220339
23.3333333333
24.1166666667
23.5666666667
24.3833333333
23.8166666667
23.6101694915
23.85
24.3166666667
23.85
23.1333333333
25.2881355932
24.8666666667
23.5166666667
25.9666666667
23.6333333333
23.4
25.1186440678
24.5333333333
24.6666666667
24.1166666667
23.0175438596
--END OF 3--
16.5
16.3166666667
17.7
16.9830508475
17.4
18.2
16.75
18.0
17.95
16.5084745763
17.3333333333
16.8
17.1166666667
17.4666666667
18.0166666667
17.1016949153
17.1833333333
16.8166666667
16.1333333333
17.7333333333
16.9322033898
17.5666666667
18.35
17.75
16.75
16.75
17.9322033898
17.6666666667
17.6166666667
18.15
16.95
16.9
17.0847457627
16.6333333333
17.3833333333
17.3166666667
18.2333333333
18.0833333333
17.9830508475
16.8833333333
17.1666666667
16.95
17.0833333333
16.0666666667
16.9661016949
16.7166666667
16.9333333333
16.9666666667
17.2833333333
18.3898305085
17.0333333333
16.65
17.95
17.5833333333
16.7833333333
17.3898305085
16.6333333333
16.7
17.0666666667
16.701754386
--END OF 4--
22.9
23.8166666667
25.15
23.1694915254
23.15
23.95
22.55
23.85
24.55
23.7118644068
24.1833333333
23.9
25.0
24.2666666667
25.5333333333
24.406779661
24.6666666667
22.6
22.9
25.6833333333
24.0847457627
24.4666666667
24.5166666667
23.9
24.15
22.3
24.9322033898
23.65
23.4666666667
25.1666666667
24.5666666667
24.5833333333
24.1186440678
24.2
24.65
23.65
23.7666666667
24.5333333333
25.1355932203
23.3333333333
23.9666666667
23.3333333333
23.8333333333
23.0166666667
23.0677966102
23.6833333333
23.7333333333
23.4833333333
22.9333333333
24.3389830508
24.2
23.4333333333
23.3833333333
22.8166666667
22.4333333333
24.1016949153
23.2333333333
23.9166666667
22.9666666667
22.701754386
--END OF 5--
23.4666666667
25.0833333333
26.7333333333
24.8813559322
24.1
24.85
22.55
24.1
26.25
25.406779661
25.35
24.8833333333
26.7
26.3
26.2666666667
26.2881355932
25.25
24.2666666667
23.6666666667
27.4333333333
24.5762711864
25.3166666667
25.3666666667
24.05
25.05
22.7
26.4915254237
24.75
23.5833333333
25.7
25.2
25.05
25.3220338983
24.7833333333
26.3166666667
24.4
26.4833333333
25.2666666667
25.593220339
23.3333333333
24.1166666667
23.5666666667
24.3833333333
23.8166666667
23.6101694915
23.85
24.3166666667
23.85
23.1333333333
25.2881355932
24.8666666667
23.5166666667
25.9666666667
23.6333333333
23.4
25.1186440678
24.5333333333
24.6666666667
24.1166666667
23.0175438596
--END OF 6--
3298.3
3192.5
3385.05
3305.13559322
3320.55
3316.95
3163.8
3254.1
3435.9
3155.28813559
3217.7
3191.05
3279.65
3297.05
3329.5
3347.6440678
3297.65
3125.4
3085.0
3314.7
3319.88135593
3398.7
3468.15
3258.6
3126.15
3142.95
3332.03389831
3292.2
3244.5
3358.75
3344.0
3239.15
3258.55932203
3166.85
3267.05
3242.1
3293.65
3398.85
3417.50847458
3156.15
3222.3
3308.9
3200.7
3104.85
3276.71186441
3302.5
3276.7
3232.4
3300.65
3291.66101695
3249.35
3206.8
3318.95
3267.0
3182.9
3248.08474576
3108.15
3273.85
3199.2
3321.52631579
--END OF 7--
895.85
888.466666667
937.85
898.389830508
897.4
928.8
869.25
913.5
944.8
872.830508475
907.266666667
881.633333333
920.966666667
911.383333333
937.116666667
916.762711864
927.55
882.983333333
856.183333333
930.133333333
905.796610169
934.3
960.133333333
898.9
876.0
871.75
939.881355932
914.283333333
904.133333333
936.9
943.0
910.216666667
900.406779661
887.35
926.133333333
923.016666667
917.516666667
927.266666667
953.508474576
893.6
909.45
912.966666667
907.8
882.7
917.440677966
922.95
914.0
888.966666667
915.016666667
932.355932203
906.75
890.983333333
909.0
894.9
866.566666667
898.406779661
874.65
893.316666667
884.55
904.736842105
--END OF 8--
127.0
139.283333333
145.683333333
128.101694915
131.55
131.6
124.4
122.95
136.5
138.983050847
147.716666667
137.85
154.8
150.15
146.333333333
134.186440678
145.183333333
143.566666667
139.733333333
147.95
145.457627119
140.0
132.15
139.1
140.05
124.3
153.694915254
133.216666667
136.833333333
140.816666667
145.7
155.333333333
151.186440678
150.25
128.633333333
120.283333333
142.283333333
152.466666667
152.152542373
143.4
138.1
139.416666667
125.4
136.3
122.13559322
146.2
133.05
131.966666667
128.766666667
133.576271186
138.383333333
125.65
134.283333333
122.266666667
126.116666667
136.677966102
133.4
141.9
134.15
130.333333333
--END OF 9--
6.05
9.45
10.4833333333
5.5593220339
5.1
6.2
3.2
5.4
8.25
7.03389830508
3.81666666667
6.6
8.31666666667
10.0333333333
8.25
8.86440677966
6.3
7.58333333333
6.78333333333
12.3
3.05084745763
5.6
5.75
4.6
7.65
2.6
7.4406779661
5.33333333333
2.98333333333
7.31666666667
7.88333333333
5.61666666667
8.10169491525
5.56666666667
14.3166666667
6.96666666667
9.8
5.13333333333
4.33898305085
3.05
5.45
4.9
7.7
8.75
3.84745762712
4.3
5.93333333333
5.58333333333
1.68333333333
7.01694915254
6.25
5.83333333333
8.1
6.1
4.21666666667
6.45762711864
4.65
7.11666666667
5.7
5.0
--END OF 10--
1.0
1.81666666667
2.68333333333
2.64406779661
1.05
0.85
0.0
0.5
1.9
2.57627118644
1.53333333333
1.58333333333
2.63333333333
3.55
0.8
2.50847457627
0.5
2.5
1.26666666667
2.15
0.694915254237
1.5
0.833333333333
0.5
1.4
0.1
1.52542372881
1.78333333333
0.216666666667
0.166666666667
0.5
0.466666666667
1.67796610169
1.03333333333
2.18333333333
0.966666666667
4.06666666667
1.18333333333
0.796610169492
0.0
0.2
0.466666666667
0.6
1.5
0.745762711864
0.1
0.0833333333333
0.416666666667
0.0
1.0
0.983333333333
0.05
2.96666666667
1.48333333333
1.86666666667
0.745762711864
1.75
0.716666666667
1.5
0.526315789474
--END OF 11--
0.0
0.5
0.5
0.610169491525
0.55
0.35
0.0
0.0
0.0
0.508474576271
0.0
0.0333333333333
0.733333333333
0.0
0.0
0.508474576271
0.0
0.366666666667
0.0
0.5
0.0
0.5
0.466666666667
0.0
0.5
0.0
0.508474576271
0.5
0.0
0.0
0.0
0.166666666667
0.0
0.0
0.0
0.0
0.5
0.0
0.0
0.0
0.0
0.0
0.0
0.0
0.0
0.0
0.0
0.0
0.0
0.728813559322
0.25
0.0166666666667
0.983333333333
0.0
0.0
0.610169491525
0.4
0.0
0.0
0.0
--END OF 12--
