13.9
12.9833333333
14.7118644068
15.3
13.6166666667
15.3333333333
13.7833333333
13.2166666667
13.7457627119
14.4
13.4166666667
14.35
14.55
14.0166666667
13.3220338983
13.55
14.35
13.0833333333
12.7
13.7
13.6610169492
13.3166666667
12.7
13.65
12.8166666667
14.4406779661
12.1
13.85
14.15
13.0833333333
14.7666666667
14.8644067797
13.7
13.2666666667
12.25
12.9166666667
12.3333333333
13.0677966102
13.8333333333
13.6833333333
13.6333333333
13.2666666667
12.7796610169
13.6333333333
13.1666666667
13.1166666667
14.7166666667
13.1833333333
13.7457627119
15.0666666667
14.55
13.65
12.6166666667
12.406779661
11.3833333333
12.5833333333
13.1833333333
13.1166666667
12.7833333333
13.3684210526
--END OF 1--
19.15
17.9333333333
19.5593220339
19.45
17.5
19.8333333333
19.3833333333
19.0833333333
18.2372881356
20.1
18.8
18.35
18.8666666667
18.4
18.2372881356
17.85
18.95
18.1333333333
17.9666666667
18.5
18.8644067797
17.3
16.6166666667
18.4666666667
17.1833333333
19.0508474576
17.85
18.9833333333
19.3
17.3
19.8666666667
19.7627118644
18.3
17.8666666667
16.0
17.0166666667
17.5333333333
17.4237288136
18.4
18.8
18.05
17.6166666667
16.4745762712
17.2333333333
16.9666666667
17.8833333333
20.2166666667
17.6666666667
17.7457627119
18.3166666667
18.8
18.3
17.6166666667
17.9661016949
16.4333333333
16.3
17.5166666667
18.1166666667
17.1666666667
18.0
--END OF 2--
20.05
18.7333333333
20.2203389831
19.95
17.5333333333
20.6166666667
20.2333333333
19.6166666667
18.9830508475
21.1
19.9833333333
18.35
18.8666666667
18.65
18.4915254237
19.4
19.35
18.7833333333
18.4166666667
19.85
19.7118644068
18.0666666667
17.2833333333
18.7
18.0166666667
20.0847457627
19.8
20.3666666667
20.5666666667
17.85
19.8666666667
20.1694915254
18.75
18.1666666667
16.65
17.4166666667
18.2166666667
17.8305084746
18.8
19.6
18.5
17.65
16.9661016949
17.6833333333
18.35
18.7
20.7
18.3166666667
18.3559322034
18.9166666667
19.2
18.85
18.0666666667
19.3220338983
17.05
16.3833333333
17.8833333333
18.35
17.5833333333
18.0
--END OF 3--
13.9
12.9833333333
14.7118644068
15.3
13.6166666667
15.3333333333
13.7833333333
13.2166666667
13.7457627119
14.4
13.4166666667
14.35
14.55
14.0166666667
13.3220338983
13.55
14.35
13.0833333333
12.7
13.7
13.6610169492
13.3166666667
12.7
13.65
12.8166666667
14.4406779661
12.1
13.85
14.15
13.0833333333
14.7666666667
14.8644067797
13.7
13.2666666667
12.25
12.9166666667
12.3333333333
13.0677966102
13.8333333333
13.6833333333
13.6333333333
13.2666666667
12.7796610169
13.6333333333
13.1666666667
13.1166666667
14.7166666667
13.1833333333
13.7457627119
15.0666666667
14.55
13.65
12.6166666667
12.406779661
11.3833333333
12.5833333333
13.1833333333
13.1166666667
12.7833333333
13.3684210526
--END OF 4--
19.15
17.9333333333
19.5593220339
19.45
17.5
19.8333333333
19.3833333333
19.0833333333
18.2372881356
20.1
18.8
18.35
18.8666666667
18.4
18.2372881356
17.85
18.95
18.1333333333
17.9666666667
18.5
18.8644067797
17.3
16.6166666667
18.4666666667
17.1833333333
19.0508474576
17.85
18.9833333333
19.3
17.3
19.8666666667
19.7627118644
18.3
17.8666666667
16.0
17.0166666667
17.5333333333
17.4237288136
18.4
18.8
18.05
17.6166666667
16.4745762712
17.2333333333
16.9666666667
17.8833333333
20.2166666667
17.6666666667
17.7457627119
18.3166666667
18.8
18.3
17.6166666667
17.9661016949
16.4333333333
16.3
17.5166666667
18.1166666667
17.1666666667
18.0
--END OF 5--
20.05
18.7333333333
20.2203389831
19.95
17.5333333333
20.6166666667
20.2333333333
19.6166666667
18.9830508475
21.1
19.9833333333
18.35
18.8666666667
18.65
18.4915254237
19.4
19.35
18.7833333333
18.4166666667
19.85
19.7118644068
18.0666666667
17.2833333333
18.7
18.0166666667
20.0847457627
19.8
20.3666666667
20.5666666667
17.85
19.8666666667
20.1694915254
18.75
18.1666666667
16.65
17.4166666667
18.2166666667
17.8305084746
18.8
19.6
18.5
17.65
16.9661016949
17.6833333333
18.35
18.7
20.7
18.3166666667
18.3559322034
18.9166666667
19.2
18.85
18.0666666667
19.3220338983
17.05
16.3833333333
17.8833333333
18.35
17.5833333333
18.0
--END OF 6--
2662.95
2532.9
2821.83050847
2804.7
2551.6
2814.0
2671.45
2587.8
2631.0
2695.65
2678.2
2702.3
2719.85
2664.55
2579.59322034
2529.0
2780.7
2696.1
2655.75
2647.65
2634.81355932
2626.05
2617.75
2693.25
2617.75
2802.25423729
2560.85
2642.5
2610.1
2466.45
2656.95
2802.10169492
2607.6
2539.5
2484.45
2531.55
2523.2
2627.28813559
2609.7
2573.4
2602.35
2622.85
2506.52542373
2677.85
2628.1
2577.35
2904.1
2586.65
2573.23728814
2731.05
2759.4
2566.95
2557.8
2437.83050847
2397.15
2478.65
2554.15
2561.3
2522.15
2602.42105263
--END OF 7--
752.2
690.9
778.050847458
789.5
708.2
776.983333333
733.3
710.383333333
728.186440678
746.516666667
726.333333333
751.133333333
752.3
742.7
715.186440678
700.9
751.5
731.5
727.883333333
748.3
735.220338983
730.966666667
706.733333333
748.433333333
697.033333333
757.796610169
709.516666667
744.633333333
738.866666667
683.433333333
753.883333333
773.169491525
706.25
710.65
663.8
717.25
698.666666667
719.305084746
729.0
719.916666667
721.75
694.333333333
678.779661017
735.7
704.7
686.4
774.433333333
700.0
706.508474576
763.2
751.8
709.85
702.9
692.745762712
663.983333333
669.366666667
710.883333333
708.0
695.516666667
722.368421053
--END OF 8--
109.55
104.2
105.728813559
102.116666667
91.45
98.7833333333
111.416666667
106.283333333
95.593220339
111.666666667
103.533333333
90.9666666667
103.65
103.033333333
99.4745762712
98.8
98.65
101.5
103.616666667
104.35
99.9322033898
98.8333333333
98.85
105.783333333
92.1
108.220338983
102.666666667
119.333333333
117.166666667
90.3333333333
113.083333333
112.254237288
103.3
101.3
76.0
89.1
100.05
89.1355932203
95.4833333333
99.4833333333
100.483333333
99.8833333333
86.7457627119
79.35
87.1833333333
94.8666666667
108.216666667
92.4
98.186440678
84.8
93.65
109.45
101.4
106.525423729
81.2833333333
88.1833333333
98.25
95.45
83.6166666667
94.7368421053
--END OF 9--
5.1
4.8
2.91525423729
3.13333333333
3.48333333333
6.63333333333
6.48333333333
7.16666666667
4.23728813559
7.33333333333
5.98333333333
0.866666666667
2.8
2.13333333333
3.66101694915
5.15
3.15
4.45
4.28333333333
6.85
5.96610169492
2.16666666667
4.75
4.66666666667
2.51666666667
3.74576271186
8.48333333333
4.31666666667
4.21666666667
4.33333333333
2.1
3.1186440678
3.2
4.25
2.2
3.9
4.58333333333
2.50847457627
3.6
8.6
3.31666666667
0.383333333333
4.4406779661
2.93333333333
4.0
5.11666666667
4.48333333333
2.91666666667
2.81355932203
3.15
3.9
5.8
3.65
8.18644067797
7.85
3.0
3.13333333333
3.48333333333
4.81666666667
2.84210526316
--END OF 10--
1.1
0.9
1.10169491525
0.416666666667
0.0333333333333
1.21666666667
1.18333333333
0.933333333333
1.05084745763
1.38333333333
1.61666666667
0.0
0.0
0.116666666667
0.440677966102
2.05
0.4
0.5
0.4
1.55
0.949152542373
1.01666666667
0.183333333333
0.316666666667
1.01666666667
1.52542372881
2.68333333333
2.6
1.3
0.916666666667
0.0833333333333
0.508474576271
0.25
0.25
0.5
0.3
1.26666666667
0.508474576271
0.5
1.48333333333
0.516666666667
0.0
0.64406779661
0.75
1.61666666667
1.21666666667
0.8
1.1
1.0
0.9
0.5
0.5
0.55
1.89830508475
1.08333333333
0.316666666667
0.683333333333
0.283333333333
0.716666666667
0.105263157895
--END OF 11--
0.5
0.0
0.0
0.0
0.0
0.0
0.166666666667
0.0
0.0
0.5
0.0
0.0
0.0
0.0
0.0508474576271
0.95
0.0
0.0
0.0
0.0
0.491525423729
0.516666666667
0.0
0.0
0.5
0.508474576271
1.0
0.0
0.166666666667
0.0
0.0
0.0
0.0
0.0
0.5
0.0
0.0
0.0
0.5
0.0
0.0
0.0
0.0
0.0666666666667
0.433333333333
0.0
0.0
0.0
0.610169491525
0.4
0.0
0.0
0.5
0.491525423729
0.0166666666667
0.0
0.0
0.0
0.0
0.0
--END OF 12--
