20.6101694915
19.5833333333
19.6
19.0833333333
19.85
19.2666666667
19.3389830508
19.8
17.9333333333
18.8833333333
19.0166666667
19.1
19.6833333333
18.3898305085
19.8166666667
17.7333333333
19.45
19.35
18.6666666667
18.5762711864
19.6333333333
18.0833333333
18.25
18.3
20.0508474576
17.9833333333
18.1666666667
18.2666666667
18.4
20.15
18.7627118644
18.6333333333
19.2833333333
17.95
19.25
18.8983050847
18.4333333333
18.6166666667
18.3833333333
19.0333333333
19.1833333333
18.3389830508
18.3666666667
18.2833333333
18.7333333333
16.95
17.9666666667
19.2542372881
18.8333333333
18.4
19.4166666667
18.2333333333
18.5084745763
17.05
19.5
19.1
18.4666666667
17.4
18.0169491525
20.4528301887
--END OF 1--
28.2203389831
27.3833333333
26.6
26.55
27.4
26.3333333333
26.7627118644
26.4166666667
25.2
26.55
26.6833333333
25.8166666667
26.4333333333
24.813559322
26.95
25.2
26.6166666667
25.7166666667
26.1666666667
25.4745762712
26.1333333333
25.8666666667
24.5
25.9166666667
25.1186440678
24.8833333333
25.2333333333
26.1833333333
24.4666666667
27.25
25.813559322
26.2833333333
26.7
25.3333333333
26.5
26.3389830508
24.7833333333
24.7833333333
26.5333333333
25.4833333333
25.4166666667
25.5593220339
25.25
22.9333333333
25.3666666667
25.3333333333
24.05
26.0508474576
25.0
24.4333333333
25.8333333333
23.9166666667
24.3728813559
22.8
25.05
24.9
25.8666666667
24.8
23.813559322
26.8679245283
--END OF 2--
28.6440677966
28.8666666667
27.95
27.4833333333
27.8333333333
27.3166666667
27.7118644068
27.3333333333
26.7166666667
26.85
27.3
26.6666666667
26.7833333333
25.5084745763
29.3166666667
26.3666666667
27.5333333333
26.7166666667
26.3333333333
26.8474576271
26.3333333333
26.6333333333
25.3
27.3833333333
26.8813559322
25.5166666667
26.1833333333
27.4666666667
25.5666666667
27.8
26.1355932203
27.9833333333
27.3833333333
25.65
26.6166666667
26.7118644068
26.5333333333
25.3833333333
27.3333333333
26.0833333333
26.4333333333
25.9661016949
26.0
24.0166666667
26.1166666667
27.3333333333
25.1333333333
27.2881355932
26.4166666667
24.9833333333
26.8833333333
24.45
24.9322033898
23.35
25.05
26.55
27.7666666667
26.5666666667
24.8983050847
27.6037735849
--END OF 3--
20.1016949153
19.4333333333
19.6
19.0166666667
19.55
19.2666666667
19.3050847458
19.6333333333
17.9333333333
18.8833333333
19.0166666667
19.1
19.5833333333
18.3389830508
19.3666666667
17.7333333333
19.45
19.15
18.6666666667
18.5762711864
19.3833333333
18.05
18.25
18.1833333333
19.593220339
17.9833333333
18.1666666667
18.2666666667
18.4
19.6166666667
18.7457627119
18.5166666667
19.0333333333
17.95
19.25
18.8983050847
18.4333333333
18.5666666667
18.3833333333
19.0333333333
19.1833333333
18.3389830508
18.3666666667
18.2833333333
18.7333333333
16.9166666667
17.9666666667
19.1355932203
18.7333333333
18.4
19.4166666667
18.2333333333
18.5084745763
17.05
19.3
19.1
18.4666666667
17.4
18.0169491525
19.8867924528
--END OF 4--
28.2203389831
27.3833333333
26.6
26.55
27.4
26.3333333333
26.7627118644
26.4166666667
25.2
26.55
26.6833333333
25.8166666667
26.4333333333
24.813559322
26.95
25.2
26.6166666667
25.7166666667
26.1666666667
25.4745762712
26.1333333333
25.85
24.5
25.9166666667
25.1186440678
24.8833333333
25.2333333333
26.1833333333
24.4666666667
27.25
25.813559322
26.2833333333
26.7
25.3333333333
26.5
26.3389830508
24.7833333333
24.7833333333
26.5333333333
25.4833333333
25.4166666667
25.5593220339
25.25
22.9333333333
25.3666666667
25.3333333333
24.05
26.0508474576
25.0
24.4333333333
25.8333333333
23.9166666667
24.3728813559
22.8
25.05
24.9
25.8666666667
24.8
23.813559322
26.8679245283
--END OF 5--
28.6440677966
28.8666666667
27.95
27.4833333333
27.8333333333
27.3166666667
27.7118644068
27.3333333333
26.7166666667
26.85
27.3
26.6666666667
26.7833333333
25.5084745763
29.3166666667
26.3666666667
27.5333333333
26.7166666667
26.3333333333
26.8474576271
26.3333333333
26.6333333333
25.3
27.3833333333
26.8813559322
25.5166666667
26.1833333333
27.4666666667
25.5666666667
27.8
26.1355932203
27.9833333333
27.3833333333
25.65
26.6166666667
26.7118644068
26.5333333333
25.3833333333
27.3333333333
26.0833333333
26.4333333333
25.9661016949
26.0
24.0166666667
26.1166666667
27.3333333333
25.1333333333
27.2881355932
26.4166666667
24.9833333333
26.8833333333
24.45
24.9322033898
23.35
25.05
26.55
27.7666666667
26.5666666667
24.8983050847
27.6037735849
--END OF 6--
3822.0
3622.75
3619.95
3661.25
3681.4
3634.3
3575.03389831
3570.95
3387.15
3497.7
3543.6
3584.1
3649.5
3489.10169492
3696.95
3405.15
3729.25
3692.1
3511.1
3635.79661017
3620.4
3613.15
3571.35
3486.65
3709.52542373
3436.6
3458.8
3510.15
3512.2
3642.7
3491.23728814
3509.9
3505.1
3472.8
3464.0
3559.47457627
3469.2
3420.65
3513.0
3549.45
3568.25
3457.57627119
3469.05
3370.35
3429.15
3495.55
3395.4
3629.18644068
3439.4
3392.55
3566.25
3417.95
3577.62711864
3322.05
3562.05
3491.1
3589.95
3488.2
3343.42372881
3741.50943396
--END OF 7--
1056.23728814
1009.83333333
1002.35
1005.13333333
1034.43333333
1020.7
986.474576271
1001.01666667
935.633333333
981.216666667
989.3
997.166666667
1013.4
956.881355932
1015.25
940.15
1006.36666667
990.033333333
976.133333333
997.0
1006.9
980.3
981.85
982.316666667
1026.27118644
949.733333333
954.583333333
996.5
979.116666667
1021.48333333
981.016949153
978.683333333
998.8
946.25
986.216666667
986.322033898
966.25
969.883333333
985.25
984.9
978.833333333
969.169491525
966.416666667
932.283333333
958.566666667
958.733333333
953.05
1007.69491525
961.133333333
948.983333333
997.583333333
953.016666667
960.406779661
915.2
1003.5
983.15
979.8
938.616666667
931.949152542
1046.30188679
--END OF 8--
153.779661017
165.633333333
142.1
148.083333333
150.316666667
142.233333333
146.101694915
146.083333333
141.633333333
151.516666667
158.716666667
146.783333333
150.133333333
133.86440678
140.966666667
144.716666667
155.283333333
144.933333333
164.95
141.542372881
148.483333333
146.916666667
129.75
157.016666667
126.508474576
144.4
140.083333333
155.516666667
131.966666667
160.266666667
151.423728814
155.166666667
163.283333333
161.283333333
156.766666667
153.322033898
141.55
136.7
164.9
145.25
137.616666667
149.593220339
144.3
121.333333333
148.6
159.666666667
140.133333333
146.06779661
141.45
130.933333333
134.55
114.55
130.576271186
128.05
128.7
123.95
142.75
152.9
134.457627119
148.547169811
--END OF 9--
6.15254237288
10.5833333333
8.5
7.31666666667
6.56666666667
6.5
6.67796610169
4.81666666667
6.45
6.0
6.4
4.88333333333
2.86666666667
6.18644067797
10.2666666667
10.3833333333
6.56666666667
4.55
4.75
6.61016949153
4.13333333333
6.63333333333
6.0
7.21666666667
5.8813559322
5.86666666667
6.33333333333
8.38333333333
7.28333333333
7.23333333333
4.08474576271
5.81666666667
5.71666666667
6.6
5.68333333333
5.13559322034
7.4
4.31666666667
7.18333333333
5.95
7.08333333333
5.84745762712
3.8
4.16666666667
4.88333333333
9.18333333333
5.0
6.93220338983
6.13333333333
4.9
7.95
6.06666666667
5.18644067797
6.2
2.6
8.55
8.7
8.58333333333
3.03389830508
4.11320754717
--END OF 10--
0.525423728814
2.61666666667
2.35
1.66666666667
0.216666666667
1.03333333333
0.847457627119
0.95
2.56666666667
0.483333333333
0.5
0.983333333333
0.516666666667
0.898305084746
3.4
1.56666666667
1.05
1.63333333333
0.633333333333
2.03389830508
0.366666666667
1.03333333333
1.4
1.96666666667
2.37288135593
0.3
1.68333333333
1.81666666667
1.66666666667
0.933333333333
0.305084745763
2.26666666667
1.25
0.45
0.316666666667
0.457627118644
2.4
0.6
0.466666666667
0.75
1.28333333333
0.508474576271
0.783333333333
1.55
0.65
1.91666666667
1.68333333333
1.52542372881
1.91666666667
0.716666666667
2.05
0.266666666667
0.915254237288
0.6
0.05
2.8
3.3
2.8
1.93220338983
1.01886792453
--END OF 11--
0.237288135593
0.0
0.0
0.0
0.0
0.0
0.0
0.0
0.5
0.0
0.0
0.0
0.0
0.0
1.0
0.0166666666667
0.483333333333
0.0
0.0
1.01694915254
0.0
0.0833333333333
0.25
0.0166666666667
0.35593220339
0.0
0.233333333333
0.466666666667
0.0
0.0
0.0
0.6
0.0333333333333
0.0
0.0
0.101694915254
1.9
0.2
0.0
0.0
0.3
0.305084745763
0.233333333333
0.266666666667
0.0
0.5
1.0
0.0
0.0
0.0
0.0
0.0
0.0
0.0
0.05
0.75
0.85
0.783333333333
0.0
0.490566037736
--END OF 12--
