12.0166666667
12.6610169492
13.4666666667
12.6166666667
12.25
12.2833333333
11.4833333333
11.7796610169
12.2666666667
11.8833333333
10.9833333333
12.5
11.9491525424
12.75
13.3
12.8
12.6833333333
12.7666666667
12.3898305085
12.6833333333
13.9666666667
13.7833333333
12.4833333333
12.5254237288
12.65
13.65
12.55
13.0333333333
12.186440678
12.7833333333
13.8
12.9833333333
12.9
12.8833333333
14.7457627119
13.0833333333
12.75
12.3333333333
12.6333333333
12.5423728814
12.7
11.7166666667
12.4333333333
13.3
13.6166666667
12.7796610169
13.3166666667
12.7666666667
12.7333333333
12.5
13.05
12.8813559322
14.5
13.6333333333
12.6333333333
13.3833333333
11.6271186441
11.7833333333
12.4833333333
12.3275862069
--END OF 1--
16.4666666667
17.2881355932
18.6833333333
17.3833333333
17.25
17.5166666667
15.5666666667
16.5593220339
15.8166666667
15.0833333333
15.3333333333
17.3
17.1016949153
16.7166666667
18.0166666667
18.2166666667
17.5833333333
17.1666666667
17.6779661017
17.4333333333
18.1666666667
18.7666666667
18.8666666667
17.7288135593
16.9
18.9
16.95
18.0833333333
17.1694915254
17.9
18.0666666667
17.0166666667
17.6166666667
16.8166666667
20.0677966102
17.7666666667
17.1333333333
17.6
16.85
17.0169491525
17.2
15.4666666667
18.1333333333
18.7
17.9166666667
16.5423728814
18.15
16.4666666667
17.25
16.8166666667
17.75
18.2033898305
19.4833333333
18.2833333333
16.0166666667
17.5833333333
16.6101694915
15.9833333333
16.2833333333
16.8965517241
--END OF 2--
16.6166666667
18.0847457627
19.75
17.3833333333
17.3
18.3166666667
15.95
16.7118644068
16.2166666667
15.1833333333
15.8333333333
17.75
17.6101694915
17.25
18.5333333333
18.6666666667
19.2666666667
17.5833333333
18.3050847458
18.0833333333
18.4
19.0333333333
19.2
18.2881355932
18.6
19.5
17.15
18.5833333333
17.7627118644
18.3833333333
18.75
17.5666666667
18.1
16.9666666667
20.0847457627
18.3666666667
18.05
18.5
16.9333333333
17.2203389831
17.95
16.4166666667
18.8333333333
19.15
18.1666666667
16.9830508475
18.3666666667
17.3
18.4
18.1333333333
17.8
18.2203389831
20.1333333333
18.5166666667
16.4333333333
17.9333333333
16.9491525424
16.2333333333
16.5833333333
17.4827586207
--END OF 3--
12.0166666667
12.6610169492
13.4666666667
12.6166666667
12.25
12.2833333333
11.4833333333
11.7796610169
12.2666666667
11.8833333333
10.9833333333
12.5
11.9491525424
12.75
13.3
12.8
12.6833333333
12.7666666667
12.3898305085
12.6833333333
13.9666666667
13.7833333333
12.4833333333
12.5254237288
12.65
13.65
12.55
13.0333333333
12.186440678
12.7833333333
13.8
12.9833333333
12.9
12.8833333333
14.7457627119
13.0833333333
12.75
12.3333333333
12.6333333333
12.5423728814
12.7
11.7166666667
12.4333333333
13.3
13.6166666667
12.7796610169
13.3166666667
12.7666666667
12.7333333333
12.5
13.05
12.8813559322
14.5
13.6333333333
12.6333333333
13.3833333333
11.6271186441
11.7833333333
12.4833333333
12.3275862069
--END OF 4--
16.4666666667
17.2881355932
18.6833333333
17.3833333333
17.25
17.5166666667
15.5666666667
16.5593220339
15.8166666667
15.0833333333
15.3333333333
17.3
17.1016949153
16.7166666667
18.0166666667
18.2166666667
17.5833333333
17.1666666667
17.6779661017
17.4333333333
18.1666666667
18.7666666667
18.8666666667
17.7288135593
16.9
18.9
16.95
18.0833333333
17.1694915254
17.9
18.0666666667
17.0166666667
17.6166666667
16.8166666667
20.0677966102
17.7666666667
17.1333333333
17.6
16.85
17.0169491525
17.2
15.4666666667
18.1333333333
18.7
17.9166666667
16.5423728814
18.15
16.4666666667
17.25
16.8166666667
17.75
18.2033898305
19.4833333333
18.2833333333
16.0166666667
17.5833333333
16.6101694915
15.9833333333
16.2833333333
16.8965517241
--END OF 5--
16.6166666667
18.0847457627
19.75
17.3833333333
17.3
18.3166666667
15.95
16.7118644068
16.2166666667
15.1833333333
15.8333333333
17.75
17.6101694915
17.25
18.5333333333
18.6666666667
19.2666666667
17.5833333333
18.3050847458
18.0833333333
18.4
19.0333333333
19.2
18.2881355932
18.6
19.5
17.15
18.5833333333
17.7627118644
18.3833333333
18.75
17.5666666667
18.1
16.9666666667
20.0847457627
18.3666666667
18.05
18.5
16.9333333333
17.2203389831
17.95
16.4166666667
18.8333333333
19.15
18.1666666667
16.9830508475
18.3666666667
17.3
18.4
18.1333333333
17.8
18.2203389831
20.1333333333
18.5166666667
16.4333333333
17.9333333333
16.9491525424
16.2333333333
16.5833333333
17.4827586207
--END OF 6--
2366.75
2456.79661017
2570.05
2374.4
2341.5
2404.7
2224.5
2352.3559322
2412.0
2267.55
2216.4
2437.8
2440.93220339
2439.15
2575.45
2541.0
2403.5
2477.95
2518.6779661
2411.15
2557.5
2581.05
2445.6
2375.38983051
2399.4
2541.45
2342.25
2468.55
2423.18644068
2512.55
2584.45
2477.4
2444.9
2396.3
2678.08474576
2469.4
2454.7
2416.3
2368.25
2454.76271186
2421.6
2301.0
2409.15
2567.25
2532.75
2405.54237288
2564.35
2406.85
2446.6
2407.6
2455.0
2429.28813559
2740.85
2625.85
2527.7
2569.1
2363.18644068
2291.25
2335.8
2335.60344828
--END OF 7--
652.233333333
694.762711864
724.366666667
675.2
665.95
666.55
616.833333333
637.796610169
661.8
638.4
611.55
670.3
670.677966102
685.733333333
725.85
713.333333333
677.5
674.683333333
700.86440678
677.383333333
720.133333333
731.35
682.283333333
674.152542373
673.35
713.6
650.0
683.45
664.101694915
694.95
732.333333333
684.35
694.05
673.366666667
767.847457627
693.866666667
678.783333333
682.65
661.916666667
693.254237288
675.15
631.2
663.3
710.4
713.25
670.440677966
706.466666667
665.9
679.183333333
665.15
690.0
687.271186441
765.35
730.45
678.466666667
719.266666667
643.830508475
637.6
656.8
644.862068966
--END OF 8--
97.6
101.254237288
109.95
97.2666666667
103.6
112.033333333
82.7833333333
102.203389831
86.9
85.75
104.35
100.9
103.661016949
93.8333333333
100.8
103.016666667
95.1166666667
98.85
102.0
90.7166666667
100.716666667
110.533333333
120.216666667
103.338983051
97.6
124.0
99.05
97.75
104.152542373
94.0333333333
96.85
94.65
108.866666667
101.75
117.491525424
101.983333333
96.2333333333
105.066666667
99.6833333333
98.2711864407
99.05
81.75
111.95
116.95
104.4
90.3728813559
96.9166666667
92.4833333333
98.3666666667
99.15
105.333333333
113.949152542
107.65
99.0666666667
86.8833333333
94.85
93.3050847458
98.35
96.8
95.3448275862
--END OF 9--
3.5
4.01694915254
4.78333333333
2.53333333333
2.63333333333
3.83333333333
3.36666666667
2.28813559322
2.75
0.4
0.95
3.4
2.66101694915
3.33333333333
3.88333333333
4.01666666667
6.4
2.0
5.57627118644
6.13333333333
2.96666666667
3.15
4.63333333333
5.57627118644
4.9
3.05
2.65
5.55
4.18644067797
4.95
5.03333333333
5.21666666667
2.75
0.5
3.91525423729
5.93333333333
5.36666666667
6.6
2.96666666667
1.59322033898
2.7
4.2
6.9
3.4
1.95
4.0
4.58333333333
2.56666666667
3.08333333333
4.15
3.9
3.33898305085
4.75
3.1
1.78333333333
3.71666666667
5.96610169492
1.65
2.15
6.74137931034
--END OF 10--
0.466666666667
1.10169491525
1.91666666667
0.0
0.0
1.0
0.6
0.35593220339
0.65
0.1
0.45
0.95
0.0
0.0333333333333
0.966666666667
0.783333333333
2.58333333333
0.633333333333
0.593220338983
0.733333333333
0.183333333333
0.516666666667
0.483333333333
0.71186440678
2.65
0.65
0.5
0.0
0.745762711864
0.433333333333
0.833333333333
1.0
0.5
0.183333333333
0.322033898305
1.0
1.06666666667
1.35
0.0833333333333
0.305084745763
1.15
1.55
0.65
0.85
0.5
0.491525423729
0.0166666666667
1.23333333333
1.53333333333
1.71666666667
0.0166666666667
0.0169491525424
0.983333333333
0.0
0.716666666667
0.4
0.389830508475
0.5
0.4
1.03448275862
--END OF 11--
0.0
0.423728813559
0.0833333333333
0.0
0.0
0.0
0.166666666667
0.0
0.0
0.1
0.4
0.0
0.0
0.0
0.0
0.0
0.5
0.5
0.0
0.0
0.0
0.0
0.0
0.0
0.8
0.2
0.0
0.0
0.0
0.0
0.0
0.0
0.0
0.0
0.0
0.0
0.0
0.0
0.0
0.0
0.0
0.0
0.0
0.5
0.0
0.0
0.0
0.5
0.5
0.983333333333
0.0166666666667
0.0
0.0
0.0
0.0
0.0
0.0
0.0
0.0
0.0
--END OF 12--
