23.0166666667
22.5833333333
21.3333333333
20.8644067797
21.1333333333
21.5166666667
20.5833333333
21.9666666667
21.1833333333
20.1016949153
21.9666666667
21.5666666667
21.5166666667
22.25
21.5666666667
22.186440678
22.7666666667
21.1333333333
22.2166666667
22.85
21.5254237288
22.4666666667
22.3166666667
22.1666666667
21.5833333333
22.3389830508
23.5166666667
22.25
22.9
22.9833333333
22.7457627119
22.3333333333
22.8
22.7
22.6440677966
21.6166666667
22.6666666667
22.7666666667
22.85
22.8305084746
23.15
22.9333333333
21.8333333333
21.6949152542
22.1666666667
22.5333333333
23.6666666667
22.85
22.7966101695
20.8666666667
21.8166666667
22.1833333333
21.2666666667
22.15
21.7288135593
21.5833333333
21.0666666667
21.1666666667
21.9333333333
23.0
--END OF 1--
33.0166666667
35.2
31.7833333333
32.0677966102
32.5166666667
31.9333333333
31.45
32.2
30.3833333333
29.3050847458
31.1333333333
31.5
31.9333333333
33.4666666667
32.3166666667
32.9661016949
31.8833333333
31.7333333333
33.7166666667
34.2666666667
31.5423728814
34.2
31.8
31.8333333333
31.6166666667
33.1694915254
34.5666666667
32.7166666667
34.35
34.1666666667
33.2881355932
34.6333333333
34.1333333333
33.55
32.1186440678
33.2166666667
33.1666666667
34.7833333333
33.8666666667
35.6271186441
32.05
34.6333333333
33.9
33.5423728814
31.7166666667
34.1
33.3166666667
31.8666666667
34.4576271186
30.5833333333
31.4666666667
32.0
32.7666666667
31.7833333333
32.406779661
30.0166666667
32.6333333333
31.85
32.3
32.8644067797
--END OF 2--
34.4333333333
36.7
32.9333333333
32.9491525424
34.2
34.2166666667
32.6333333333
33.8666666667
32.9833333333
30.2711864407
34.1833333333
33.25
32.8666666667
35.9333333333
34.35
35.1694915254
33.2833333333
33.1166666667
36.9666666667
35.7833333333
32.5423728814
35.2
34.4666666667
33.9
33.7833333333
34.0508474576
35.6333333333
34.5
36.8
35.5666666667
35.3728813559
37.0833333333
35.7333333333
36.1
33.3728813559
35.2
35.4
36.4
34.9666666667
37.0169491525
33.7666666667
37.1333333333
35.3666666667
35.2881355932
33.7166666667
34.9333333333
34.8666666667
32.9
36.2033898305
33.2
32.2833333333
34.1
33.95
31.9333333333
33.3728813559
31.3166666667
34.0
34.2666666667
34.1333333333
35.1694915254
--END OF 3--
21.4833333333
21.3833333333
20.5333333333
20.0508474576
20.1833333333
20.5166666667
19.7833333333
20.8833333333
20.1
19.4237288136
20.8
20.5666666667
20.55
21.25
20.65
21.186440678
21.6666666667
20.3
21.0166666667
21.7333333333
20.5254237288
21.4
21.2666666667
21.0166666667
20.5833333333
21.2372881356
21.8333333333
21.1
21.6166666667
21.7833333333
21.593220339
21.0833333333
21.3333333333
21.1666666667
21.4237288136
20.6166666667
21.4
21.5
21.5833333333
21.2542372881
21.75
21.7
20.8166666667
20.6949152542
21.1666666667
21.25
21.9833333333
21.6333333333
21.3559322034
19.8666666667
20.8166666667
21.1333333333
20.5666666667
21.15
20.7288135593
20.5833333333
20.1666666667
20.2166666667
20.8166666667
21.6440677966
--END OF 4--
31.3666666667
32.8333333333
30.8833333333
30.7118644068
31.3333333333
30.8333333333
30.5
31.1166666667
29.65
28.9322033898
30.25
30.55
30.8166666667
31.95
31.1333333333
31.6440677966
30.9166666667
30.7166666667
31.6666666667
32.3666666667
30.5423728814
32.45
30.7833333333
30.85
30.5833333333
31.6440677966
32.5333333333
31.3833333333
32.4833333333
32.2666666667
31.7457627119
32.4166666667
32.0333333333
31.7833333333
30.9152542373
31.6
31.75
32.6333333333
32.1166666667
33.1525423729
30.95
32.4666666667
32.1333333333
31.7627118644
30.6166666667
32.0833333333
31.7833333333
30.8
32.3050847458
29.6833333333
30.6333333333
30.9333333333
31.5166666667
30.8666666667
31.2542372881
29.8
31.45
30.6166666667
30.9666666667
31.3728813559
--END OF 5--
34.4333333333
36.7
32.9333333333
32.9491525424
34.2
34.2166666667
32.6333333333
33.8666666667
32.9833333333
30.2711864407
34.1833333333
33.25
32.8666666667
35.9333333333
34.35
35.1694915254
33.2833333333
33.1166666667
36.9666666667
35.7833333333
32.5423728814
35.2
34.4666666667
33.9
33.7833333333
34.0508474576
35.6333333333
34.5
36.8
35.5666666667
35.3728813559
37.0833333333
35.7333333333
36.1
33.3728813559
35.2
35.4
36.4
34.9666666667
37.0169491525
33.7666666667
37.1333333333
35.3666666667
35.2881355932
33.7166666667
34.9333333333
34.8666666667
32.9
36.2033898305
33.2
32.2833333333
34.1
33.95
31.9333333333
33.3728813559
31.3166666667
34.0
34.2666666667
34.1333333333
35.1694915254
--END OF 6--
4133.85
4269.45
4089.15
3997.06779661
4119.3
4062.7
3999.45
4143.35
4101.4
3962.18644068
4056.4
4011.4
4036.3
4158.3
4102.45
4124.33898305
4149.85
4068.2
4336.05
4298.8
4068.91525424
4181.2
4154.5
4133.75
4087.95
4198.3220339
4418.15
4209.4
4232.25
4295.35
4213.72881356
4269.65
4229.4
4242.4
4186.27118644
4086.5
4311.8
4356.25
4186.25
4323.20338983
4173.95
4371.1
4194.65
4199.38983051
4199.25
4228.0
4438.0
4237.5
4297.42372881
4026.85
4015.75
3986.5
4026.3
3882.2
3973.37288136
3984.7
4004.55
4001.65
4048.05
4190.79661017
--END OF 7--
1172.33333333
1193.78333333
1131.75
1132.08474576
1138.81666667
1133.2
1106.31666667
1155.51666667
1128.85
1088.15254237
1145.96666667
1128.38333333
1143.0
1171.36666667
1139.56666667
1166.13559322
1162.11666667
1119.03333333
1221.7
1209.36666667
1138.98305085
1170.38333333
1161.98333333
1151.95
1139.16666667
1184.44067797
1251.0
1177.33333333
1203.13333333
1202.21666667
1167.20338983
1202.5
1184.01666667
1186.3
1176.13559322
1155.03333333
1190.06666667
1203.11666667
1177.15
1212.71186441
1176.98333333
1225.26666667
1181.28333333
1169.84745763
1182.5
1199.43333333
1222.43333333
1177.21666667
1211.79661017
1127.5
1121.1
1136.9
1119.68333333
1126.95
1132.23728814
1101.46666667
1138.31666667
1132.51666667
1152.21666667
1199.96610169
--END OF 8--
198.616666667
227.833333333
187.85
205.186440678
205.716666667
204.816666667
201.916666667
203.666666667
196.166666667
183.372881356
193.1
193.883333333
201.9
208.95
211.366666667
207.016949153
207.766666667
201.616666667
198.65
208.033333333
194.050847458
226.6
198.533333333
205.333333333
195.4
204.0
215.1
198.15
216.6
221.066666667
203.677966102
227.283333333
214.533333333
223.35
198.338983051
215.95
209.05
212.116666667
200.15
216.559322034
199.933333333
211.85
209.533333333
201.830508475
196.8
219.1
198.733333333
192.466666667
223.728813559
195.45
187.083333333
186.333333333
214.65
205.016666667
219.389830508
174.55
209.116666667
212.4
208.533333333
207.644067797
--END OF 9--
10.4666666667
17.55
13.8
10.4406779661
11.4666666667
14.9
10.3
7.55
10.95
9.67796610169
14.8
10.3333333333
9.56666666667
9.45
10.85
13.3389830508
7.5
12.2
17.35
10.55
6.91525423729
12.1333333333
9.83333333333
7.91666666667
10.2333333333
8.45762711864
9.78333333333
11.0333333333
15.4333333333
10.1833333333
13.9152542373
15.4333333333
14.15
12.65
7.69491525424
11.1666666667
12.1333333333
14.6
13.65
18.0508474576
8.88333333333
14.6166666667
13.8
17.8983050847
10.15
11.8166666667
9.26666666667
8.15
15.8813559322
10.4666666667
11.45
13.7166666667
9.65
7.06666666667
8.49152542373
10.45
13.7
10.7
9.93333333333
7.71186440678
--END OF 10--
1.96666666667
1.61666666667
1.15
0.559322033898
2.16666666667
2.93333333333
1.73333333333
2.51666666667
4.15
1.08474576271
3.51666666667
2.26666666667
1.2
3.53333333333
2.6
3.47457627119
1.93333333333
1.51666666667
5.0
2.2
1.20338983051
1.86666666667
4.6
2.51666666667
3.18333333333
1.38983050847
1.61666666667
3.28333333333
3.78333333333
2.28333333333
3.72881355932
2.98333333333
2.4
3.61666666667
1.71186440678
2.65
2.85
2.38333333333
1.6
1.45762711864
2.48333333333
3.73333333333
2.1
2.45762711864
2.45
1.36666666667
2.36666666667
1.48333333333
1.76271186441
3.88333333333
0.833333333333
2.68333333333
2.13333333333
0.5
1.23728813559
1.15
1.63333333333
3.11666666667
2.6
3.37288135593
--END OF 11--
0.55
0.216666666667
0.0
0.389830508475
0.883333333333
1.0
0.6
0.166666666667
0.0
0.0
0.566666666667
0.933333333333
0.483333333333
0.85
0.583333333333
0.0847457627119
0.0
0.0
0.9
0.533333333333
0.813559322034
0.166666666667
0.833333333333
1.13333333333
0.0
0.0
0.166666666667
0.5
0.383333333333
0.5
0.338983050847
0.55
0.0
0.833333333333
0.0338983050847
0.3
0.283333333333
1.05
0.0
0.440677966102
0.5
0.983333333333
0.316666666667
0.0
0.0
0.25
0.683333333333
0.0
0.0
0.0
0.5
1.36666666667
0.0
0.0
0.322033898305
0.683333333333
0.183333333333
0.65
0.85
0.983050847458
--END OF 12--
