24.7
24.6666666667
26.4
24.9333333333
25.0833333333
25.3666666667
25.6779661017
25.9333333333
25.5833333333
25.3166666667
26.5
24.8166666667
24.4745762712
25.8666666667
27.2
26.4833333333
28.2
27.6333333333
29.9830508475
31.1333333333
30.2666666667
30.9166666667
31.6166666667
30.2
30.2542372881
29.0166666667
29.7166666667
27.9666666667
28.5166666667
28.4666666667
28.3728813559
28.0666666667
29.0166666667
29.3833333333
28.75
27.1016949153
28.9833333333
30.4
29.9
29.9
31.2
28.4745762712
27.7666666667
29.1
29.6
29.3333333333
29.4
30.2033898305
30.9833333333
31.35
28.9333333333
30.0166666667
30.2203389831
30.3
29.3666666667
28.0166666667
29.2333333333
29.1833333333
27.4915254237
23.1403508772
--END OF 1--
34.8333333333
36.65
37.65
35.6333333333
36.3333333333
37.8666666667
39.5423728814
39.5333333333
38.8
38.1
39.7666666667
37.2166666667
37.8644067797
40.4666666667
42.8166666667
43.05
43.7166666667
45.3333333333
49.6949152542
51.6
49.1833333333
49.6833333333
51.3166666667
49.8333333333
47.5084745763
47.5833333333
49.9
44.15
45.6
45.3666666667
45.1694915254
43.25
47.1666666667
45.2
43.6166666667
40.3220338983
44.7833333333
44.75
46.15
46.6
43.8
43.3898305085
42.8833333333
44.8
44.5833333333
42.0
43.2833333333
42.5084745763
45.95
45.2
41.8
43.7
41.1186440678
43.9333333333
42.7166666667
41.2666666667
41.25
41.6333333333
39.186440678
33.1052631579
--END OF 2--
38.25
38.5166666667
41.1
37.5833333333
39.1833333333
39.8666666667
43.3898305085
44.7333333333
45.2166666667
42.2833333333
42.8166666667
41.3666666667
43.2033898305
48.2166666667
47.15
50.1333333333
49.4
49.5166666667
60.5084745763
60.35
57.4333333333
55.9333333333
62.6666666667
59.1833333333
55.3728813559
55.2333333333
56.7833333333
51.3333333333
52.9
53.2166666667
53.7627118644
48.0833333333
54.1833333333
52.6666666667
47.6
44.5423728814
49.3
49.2333333333
51.4833333333
51.9333333333
49.15
46.186440678
45.6333333333
49.4666666667
49.85
45.25
46.2833333333
45.6440677966
51.0666666667
48.2166666667
46.7
46.1833333333
42.5593220339
47.0333333333
45.2666666667
42.8166666667
44.0833333333
43.9666666667
41.186440678
36.7368421053
--END OF 3--
22.5333333333
22.55
23.4
22.5833333333
22.6333333333
22.8666666667
22.9491525424
23.1166666667
22.8833333333
22.9
23.3833333333
22.5666666667
22.3898305085
23.1
23.75
23.1333333333
24.35
23.9333333333
25.6271186441
26.1166666667
25.8666666667
26.1166666667
26.5333333333
25.85
25.7966101695
24.95
25.5333333333
24.0166666667
24.65
24.6333333333
24.5423728814
24.5
25.0166666667
25.3333333333
24.75
23.4745762712
24.9
26.0
25.7
25.6333333333
26.25
24.4745762712
23.9166666667
24.7833333333
25.25
25.2
25.1
25.6949152542
26.2166666667
26.4666666667
24.7
25.45
25.8983050847
25.8666666667
25.2166666667
24.0166666667
25.0833333333
25.05
24.0847457627
21.5614035088
--END OF 4--
32.7166666667
33.8166666667
34.25
33.1833333333
33.4333333333
34.4666666667
35.4915254237
35.5333333333
35.0166666667
34.8
35.5166666667
34.0833333333
34.3898305085
35.9166666667
37.4333333333
37.35
37.75
38.6333333333
40.8813559322
41.9666666667
40.8
41.15
41.85
41.05
39.9322033898
40.05
41.1333333333
38.0166666667
38.85
38.8666666667
38.6779661017
37.6666666667
39.8166666667
38.8666666667
38.0
35.7627118644
38.4833333333
38.5166666667
39.3166666667
39.4166666667
38.15
37.6271186441
37.15
38.1833333333
38.1833333333
36.8833333333
37.5833333333
37.1186440678
39.2
38.8833333333
36.7166666667
37.7
36.3728813559
37.8833333333
37.3166666667
36.4666666667
36.5
36.8
35.3559322034
31.5964912281
--END OF 5--
38.25
38.5166666667
41.1
37.5833333333
39.0833333333
39.7166666667
43.0
44.3166666667
44.6333333333
42.2833333333
42.5166666667
41.2666666667
42.9152542373
46.6666666667
46.0
47.7
47.35
47.45
54.0508474576
53.8833333333
52.3833333333
51.45
55.4
53.45
51.3050847458
51.1333333333
52.05
48.5166666667
49.6
49.9
50.2542372881
46.6833333333
50.4833333333
49.6166666667
46.3833333333
44.0677966102
47.35
47.3833333333
48.8666666667
49.1166666667
47.35
45.1016949153
44.75
47.25
47.6666666667
44.6166666667
45.3833333333
44.8305084746
48.5833333333
46.6333333333
45.4
45.2
42.5593220339
45.8833333333
44.5666666667
42.8166666667
43.6333333333
43.7666666667
41.186440678
36.7368421053
--END OF 6--
4534.75
4663.95
4736.4
4606.8
4708.2
4710.9
4841.18644068
4855.55
4681.3
4735.0
4798.15
4715.2
4656.50847458
4984.45
5077.25
5251.1
5297.6
5284.1
5595.61016949
5934.55
5660.55
5663.75
5945.1
5743.7
5607.0
5530.45
5647.3
5257.3
5523.15
5342.35
5341.06779661
5254.75
5530.85
5442.25
5364.35
5121.76271186
5429.85
5583.5
5555.55
5642.5
5592.9
5332.72881356
5407.05
5678.6
5651.95
5541.45
5612.0
5631.76271186
5704.1
5814.75
5586.85
5605.1
5542.98305085
5706.65
5469.75
5269.05
5359.1
5389.2
5035.42372881
4382.42105263
--END OF 7--
1270.75
1282.63333333
1336.5
1293.73333333
1310.4
1323.55
1350.54237288
1354.98333333
1326.75
1337.11666667
1377.18333333
1313.03333333
1304.6440678
1392.7
1432.15
1465.65
1495.08333333
1480.95
1599.16949153
1665.11666667
1605.25
1604.0
1680.3
1611.93333333
1586.62711864
1537.63333333
1584.73333333
1475.26666667
1525.95
1508.83333333
1500.77966102
1462.23333333
1546.51666667
1538.68333333
1511.2
1434.89830508
1520.0
1553.31666667
1552.95
1573.15
1570.15
1491.42372881
1487.48333333
1570.75
1573.1
1524.33333333
1562.26666667
1559.49152542
1609.4
1609.73333333
1527.71666667
1566.15
1525.81355932
1570.28333333
1517.0
1456.35
1496.41666667
1501.75
1419.27118644
1228.36842105
--END OF 8--
210.416666667
216.366666667
235.95
213.683333333
204.25
222.3
241.949152542
236.183333333
249.533333333
237.683333333
245.666666667
228.95
253.694915254
268.416666667
271.633333333
283.066666667
293.083333333
300.15
343.508474576
344.0
334.516666667
313.45
350.55
340.516666667
313.322033898
314.266666667
307.933333333
284.883333333
284.583333333
296.666666667
298.13559322
282.1
297.516666667
300.5
269.75
252.0
279.433333333
291.466666667
282.45
291.766666667
273.55
278.338983051
279.383333333
278.083333333
266.216666667
239.65
260.283333333
252.288135593
281.316666667
247.016666667
259.366666667
259.85
241.423728814
259.15
257.15
241.65
232.866666667
241.433333333
235.389830508
212.122807018
--END OF 9--
15.1833333333
15.8833333333
15.8
12.5333333333
19.45
17.75
23.6271186441
24.6166666667
26.7333333333
19.1
18.35
18.6833333333
18.2203389831
27.1166666667
27.6333333333
33.0666666667
27.9166666667
29.5333333333
45.8305084746
44.2333333333
38.3166666667
34.2666666667
43.3833333333
39.75
30.7796610169
37.3166666667
44.1333333333
36.1833333333
39.1333333333
32.7833333333
35.2711864407
24.8833333333
37.4333333333
28.3166666667
22.15
18.3728813559
27.8333333333
22.0166666667
27.55
32.2833333333
18.25
18.3220338983
17.9
23.1166666667
23.5666666667
17.5333333333
15.2833333333
14.5593220339
25.8166666667
21.3666666667
17.1666666667
14.6
9.30508474576
19.0166666667
16.35
15.4
19.1166666667
13.9666666667
13.0169491525
12.1929824561
--END OF 10--
4.71666666667
2.35
3.7
2.66666666667
4.8
2.9
4.42372881356
7.08333333333
7.8
6.68333333333
4.01666666667
5.8
8.4406779661
10.9666666667
5.1
10.2833333333
8.06666666667
6.01666666667
15.593220339
12.7333333333
10.7333333333
8.41666666667
14.8833333333
13.0666666667
11.8644067797
10.2666666667
10.1333333333
8.66666666667
8.26666666667
11.2
12.9661016949
6.28333333333
9.76666666667
10.95
5.33333333333
6.47457627119
6.3
6.6
8.16666666667
7.93333333333
6.95
3.79661016949
3.85
6.48333333333
7.41666666667
4.88333333333
4.08333333333
4.20338983051
7.26666666667
4.68333333333
6.51666666667
3.85
1.94915254237
4.35
3.3
2.7
3.51666666667
3.26666666667
2.8813559322
4.87719298246
--END OF 11--
0.6
0.883333333333
1.95
1.0
0.6
0.75
1.76271186441
2.26666666667
2.11666666667
0.9
1.28333333333
1.33333333333
1.45762711864
2.31666666667
2.76666666667
2.0
1.33333333333
1.16666666667
3.72881355932
2.23333333333
2.36666666667
1.76666666667
2.63333333333
2.46666666667
1.64406779661
3.16666666667
1.93333333333
1.61666666667
1.95
1.76666666667
2.03389830508
1.7
1.95
2.0
0.7
1.32203389831
0.9
1.15
1.86666666667
1.18333333333
2.3
0.406779661017
0.733333333333
1.95
2.76666666667
1.31666666667
0.35
0.372881355932
0.783333333333
0.416666666667
0.533333333333
0.166666666667
0.338983050847
1.6
0.5
0.5
0.0
0.4
0.338983050847
0.59649122807
--END OF 12--
