12.593220339
12.2
12.7833333333
12.0666666667
12.5833333333
12.6
11.8644067797
12.4166666667
13.3166666667
12.8
12.4333333333
12.6166666667
13.0333333333
12.0169491525
12.55
12.05
11.8
10.2
11.3559322034
11.5833333333
11.6
11.7
11.2833333333
11.0166666667
11.406779661
11.0833333333
11.4666666667
10.3833333333
11.2
10.65
10.6101694915
10.8333333333
10.5166666667
10.3333333333
10.15
10.55
10.0847457627
9.58333333333
10.0166666667
9.43333333333
9.35
10.0508474576
10.35
9.81666666667
9.06666666667
9.03333333333
9.71666666667
9.74576271186
10.2
10.15
10.4
9.1
9.45
8.83050847458
8.75
8.38333333333
9.05
8.5
9.6
13.3962264151
--END OF 1--
18.0
16.3
17.25
16.9166666667
16.3833333333
18.0666666667
17.6271186441
16.7166666667
18.3166666667
17.35
16.65
16.6166666667
17.9
16.6779661017
17.4
16.2833333333
16.1
13.9
15.5084745763
15.6166666667
15.5666666667
15.7
15.5
14.35
15.6610169492
14.7666666667
15.7
15.6333333333
15.0666666667
15.15
14.2372881356
14.7333333333
14.7166666667
13.8333333333
13.75
14.1
12.5254237288
13.0333333333
12.5166666667
13.0666666667
12.9666666667
13.0338983051
13.1
13.5
12.7166666667
11.6166666667
13.0666666667
12.8474576271
14.1833333333
13.4
14.05
12.1
12.75
12.1186440678
12.2666666667
11.15
12.1666666667
12.2666666667
11.9666666667
16.8113207547
--END OF 2--
19.3898305085
17.0666666667
17.7
17.9166666667
17.15
19.2166666667
17.7796610169
17.1666666667
18.7666666667
17.5833333333
18.35
16.6833333333
18.3166666667
17.5254237288
18.75
16.3833333333
16.4
15.2
16.7288135593
15.6166666667
15.8
16.4
16.9
14.95
15.7796610169
15.4666666667
16.8
15.8
15.9333333333
15.6166666667
14.5423728814
15.3833333333
14.9666666667
14.3333333333
13.9
14.7
13.1694915254
14.2166666667
13.5833333333
13.5833333333
13.6
13.406779661
13.4
13.8166666667
13.4666666667
11.65
13.1833333333
13.186440678
14.5833333333
14.3
14.25
12.5
13.15
12.3898305085
13.1
11.6833333333
12.9666666667
12.65
12.9333333333
17.0943396226
--END OF 3--
12.593220339
12.2
12.7833333333
12.0666666667
12.5833333333
12.6
11.8644067797
12.4166666667
13.3166666667
12.8
12.4333333333
12.6166666667
13.0333333333
12.0169491525
12.55
12.05
11.8
10.2
11.3559322034
11.5833333333
11.6
11.7
11.2833333333
11.0166666667
11.406779661
11.0833333333
11.4666666667
10.3833333333
11.2
10.65
10.6101694915
10.8333333333
10.5166666667
10.3333333333
10.15
10.55
10.0847457627
9.58333333333
10.0166666667
9.43333333333
9.35
10.0508474576
10.35
9.81666666667
9.06666666667
9.03333333333
9.71666666667
9.74576271186
10.2
10.15
10.4
9.1
9.45
8.83050847458
8.75
8.38333333333
9.05
8.5
9.6
13.3962264151
--END OF 4--
18.0
16.3
17.25
16.9166666667
16.3833333333
18.0666666667
17.6271186441
16.7166666667
18.3166666667
17.35
16.65
16.6166666667
17.9
16.6779661017
17.4
16.2833333333
16.1
13.9
15.5084745763
15.6166666667
15.5666666667
15.7
15.5
14.35
15.6610169492
14.7666666667
15.7
15.6333333333
15.0666666667
15.15
14.2372881356
14.7333333333
14.7166666667
13.8333333333
13.75
14.1
12.5254237288
13.0333333333
12.5166666667
13.0666666667
12.9666666667
13.0338983051
13.1
13.5
12.7166666667
11.6166666667
13.0666666667
12.8474576271
14.1833333333
13.4
14.05
12.1
12.75
12.1186440678
12.2666666667
11.15
12.1666666667
12.2666666667
11.9666666667
16.8113207547
--END OF 5--
19.3898305085
17.0666666667
17.7
17.9166666667
17.15
19.2166666667
17.7796610169
17.1666666667
18.7666666667
17.5833333333
18.35
16.6833333333
18.3166666667
17.5254237288
18.75
16.3833333333
16.4
15.2
16.7288135593
15.6166666667
15.8
16.4
16.9
14.95
15.7796610169
15.4666666667
16.8
15.8
15.9333333333
15.6166666667
14.5423728814
15.3833333333
14.9666666667
14.3333333333
13.9
14.7
13.1694915254
14.2166666667
13.5833333333
13.5833333333
13.6
13.406779661
13.4
13.8166666667
13.4666666667
11.65
13.1833333333
13.186440678
14.5833333333
14.3
14.25
12.5
13.15
12.3898305085
13.1
11.6833333333
12.9666666667
12.65
12.9333333333
17.0943396226
--END OF 6--
2474.44067797
2330.75
2385.1
2207.5
2349.3
2438.95
2371.11864407
2373.9
2607.05
2333.05
2332.35
2322.95
2433.6
2259.20338983
2372.25
2335.95
2278.05
2044.5
2268.76271186
2181.8
2192.55
2268.95
2138.0
2087.6
2156.38983051
2076.6
2153.7
2045.95
2189.45
2094.3
2066.23728814
2034.45
2121.15
2089.95
1965.45
2007.45
1935.81355932
1895.35
1904.4
1837.45
1878.35
1966.47457627
1922.55
1869.05
1807.8
1748.25
1892.05
1865.08474576
1935.25
1957.5
1905.45
1830.9
1882.5
1748.54237288
1774.45
1661.45
1780.9
1699.95
1769.15
2499.05660377
--END OF 7--
691.203389831
644.583333333
668.683333333
630.15
660.516666667
689.6
671.101694915
667.1
726.183333333
667.433333333
656.666666667
656.6
684.45
632.389830508
673.95
650.6
630.3
576.55
624.372881356
621.083333333
619.416666667
631.5
596.366666667
580.483333333
594.677966102
589.183333333
604.816666667
575.216666667
597.616666667
576.033333333
568.152542373
571.7
583.15
582.75
551.55
560.85
538.813559322
531.4
529.216666667
521.516666667
517.683333333
536.559322034
541.583333333
530.766666667
512.966666667
490.283333333
520.666666667
525.06779661
543.9
540.4
538.6
494.45
514.9
487.847457627
496.866666667
455.05
517.266666667
472.016666667
500.566666667
696.018867925
--END OF 8--
103.06779661
97.7333333333
98.4
107.983333333
96.1333333333
114.983333333
104.86440678
93.4
112.833333333
93.3833333333
98.7666666667
87.5333333333
102.45
110.186440678
92.75
87.7166666667
92.05
82.65
85.7118644068
82.9
80.75
92.45
94.9166666667
79.75
88.4915254237
88.8
93.2166666667
100.4
84.2666666667
91.0333333333
80.8474576271
88.3
90.3
84.1
85.7
93.95
61.0508474576
68.35
69.7333333333
77.8333333333
76.35
73.3220338983
64.0
82.6333333333
71.05
57.95
67.7333333333
64.0508474576
83.7833333333
75.2
88.45
79.25
75.1
77.6949152542
74.3666666667
68.2
66.1
83.15
63.9
88.7358490566
--END OF 9--
6.79661016949
2.86666666667
2.9
5.55
3.53333333333
4.86666666667
2.98305084746
3.48333333333
3.95
4.25
4.91666666667
2.53333333333
3.75
3.76271186441
7.55
3.21666666667
3.1
3.3
5.40677966102
1.8
5.01666666667
2.33333333333
5.6
4.0
2.22033898305
1.85
4.16666666667
4.1
4.61666666667
4.13333333333
1.52542372881
3.65
3.55
1.8
4.4
2.5
2.30508474576
3.21666666667
2.31666666667
2.75
1.9
1.67796610169
2.0
3.28333333333
4.73333333333
2.63333333333
2.5
1.98305084746
2.96666666667
3.55
2.15
1.05
2.25
3.03389830508
3.91666666667
1.8
3.21666666667
3.13333333333
3.55
1.49056603774
--END OF 10--
2.32203389831
0.95
0.35
1.5
1.31666666667
1.66666666667
0.508474576271
0.5
0.5
0.3
2.73333333333
0.1
0.616666666667
1.40677966102
2.0
0.3
0.5
2.3
1.62711864407
0.0
0.0833333333333
1.4
2.01666666667
0.833333333333
0.169491525424
1.08333333333
1.78333333333
0.166666666667
1.48333333333
0.85
0.508474576271
0.7
0.3
1.0
0.0
0.65
1.0
1.71666666667
1.03333333333
1.1
0.55
0.983050847458
0.5
0.566666666667
0.433333333333
0.0
0.0
0.508474576271
0.233333333333
1.55
0.45
0.6
0.5
0.271186440678
1.23333333333
0.5
0.783333333333
0.5
1.71666666667
0.11320754717
--END OF 11--
0.0
0.0
0.0
0.5
0.5
0.766666666667
0.0
0.0
0.0
0.0166666666667
0.483333333333
0.0
0.5
0.0
0.5
0.0
0.0
0.3
0.203389830508
0.0
0.0833333333333
0.416666666667
0.5
0.5
0.0
0.0166666666667
0.316666666667
0.166666666667
0.333333333333
0.0
0.0
0.0
0.0
0.0
0.0
0.5
0.508474576271
0.783333333333
0.6
0.116666666667
0.5
0.0
0.0
0.0
0.0
0.0
0.0
0.0
0.0
0.0
0.0
0.0
0.0
0.186440677966
0.316666666667
0.5
0.0
0.0
0.0
0.0
--END OF 12--
