13.3666666667
12.35
13.1694915254
12.4
11.6
11.2666666667
12.3
12.85
12.35
12.1694915254
12.2166666667
13.25
12.3666666667
12.4833333333
12.6949152542
12.6
12.7333333333
12.8333333333
13.4166666667
12.4666666667
12.7457627119
13.0
12.5333333333
13.7333333333
13.2833333333
12.4745762712
12.6666666667
12.0333333333
11.8666666667
12.8833333333
12.4406779661
11.95
13.2333333333
13.1666666667
12.5333333333
13.0
13.3
13.2166666667
13.5833333333
12.4833333333
12.2372881356
13.0166666667
12.9833333333
12.3833333333
11.4833333333
11.8983050847
13.25
12.9833333333
12.4166666667
12.25
12.9322033898
13.1833333333
12.4166666667
12.2833333333
12.5166666667
12.25
11.7627118644
13.4333333333
11.9166666667
12.3518518519
--END OF 1--
16.2666666667
17.0666666667
17.8305084746
16.55
15.55
15.2166666667
16.2
16.95
15.95
15.6271186441
16.55
16.7
16.95
16.5
17.0847457627
16.3666666667
16.85
16.4
16.55
15.5666666667
17.3898305085
16.35
16.6833333333
17.2833333333
17.4833333333
16.7457627119
15.2166666667
15.95
15.8
16.6666666667
16.4915254237
16.65
17.9
16.1
16.5166666667
17.6779661017
17.55
17.6666666667
17.3833333333
15.9333333333
15.8813559322
16.6166666667
16.0
16.85
15.3
16.6101694915
17.0166666667
17.8333333333
15.9666666667
16.05
17.4576271186
16.8333333333
16.3666666667
16.0833333333
16.9666666667
16.55
15.0169491525
17.3666666667
16.7333333333
15.9814814815
--END OF 2--
17.2666666667
17.0666666667
17.8305084746
16.75
16.3
15.6666666667
16.6
17.45
16.7
15.9830508475
17.9666666667
16.9833333333
17.8
17.0333333333
18.2711864407
16.3666666667
17.0666666667
16.6833333333
16.75
16.0166666667
18.0508474576
16.5
16.9333333333
17.4333333333
17.6833333333
17.0
15.5
16.9333333333
17.4
17.3833333333
17.0847457627
17.8833333333
18.1666666667
16.65
17.3
17.7796610169
17.7
18.4166666667
17.4833333333
16.0333333333
16.2203389831
17.2333333333
16.0
17.2666666667
15.9
16.6779661017
17.5666666667
18.6
16.1
16.7166666667
18.0
16.9333333333
16.4666666667
16.6833333333
17.0666666667
17.15
15.7627118644
18.6166666667
17.1833333333
16.2592592593
--END OF 3--
13.3666666667
12.35
13.1694915254
12.4
11.6
11.2666666667
12.3
12.85
12.35
12.1694915254
12.2166666667
13.25
12.3666666667
12.4833333333
12.6949152542
12.6
12.7333333333
12.8333333333
13.4166666667
12.4666666667
12.7457627119
13.0
12.5333333333
13.7333333333
13.2833333333
12.4745762712
12.6666666667
12.0333333333
11.8666666667
12.8833333333
12.4406779661
11.95
13.2333333333
13.1666666667
12.5333333333
13.0
13.3
13.2166666667
13.5833333333
12.4833333333
12.2372881356
13.0166666667
12.9833333333
12.3833333333
11.4833333333
11.8983050847
13.25
12.9833333333
12.4166666667
12.25
12.9322033898
13.1833333333
12.4166666667
12.2833333333
12.5166666667
12.25
11.7627118644
13.4333333333
11.9166666667
12.3518518519
--END OF 4--
16.2666666667
17.0666666667
17.8305084746
16.55
15.55
15.2166666667
16.2
16.95
15.95
15.6271186441
16.55
16.7
16.95
16.5
17.0847457627
16.3666666667
16.85
16.4
16.55
15.5666666667
17.3898305085
16.35
16.6833333333
17.2833333333
17.4833333333
16.7457627119
15.2166666667
15.95
15.8
16.6666666667
16.4915254237
16.65
17.9
16.1
16.5166666667
17.6779661017
17.55
17.6666666667
17.3833333333
15.9333333333
15.8813559322
16.6166666667
16.0
16.85
15.3
16.6101694915
17.0166666667
17.8333333333
15.9666666667
16.05
17.4576271186
16.8333333333
16.3666666667
16.0833333333
16.9666666667
16.55
15.0169491525
17.3666666667
16.7333333333
15.9814814815
--END OF 5--
17.2666666667
17.0666666667
17.8305084746
16.75
16.3
15.6666666667
16.6
17.45
16.7
15.9830508475
17.9666666667
16.9833333333
17.8
17.0333333333
18.2711864407
16.3666666667
17.0666666667
16.6833333333
16.75
16.0166666667
18.0508474576
16.5
16.9333333333
17.4333333333
17.6833333333
17.0
15.5
16.9333333333
17.4
17.3833333333
17.0847457627
17.8833333333
18.1666666667
16.65
17.3
17.7796610169
17.7
18.4166666667
17.4833333333
16.0333333333
16.2203389831
17.2333333333
16.0
17.2666666667
15.9
16.6779661017
17.5666666667
18.6
16.1
16.7166666667
18.0
16.9333333333
16.4666666667
16.6833333333
17.0666666667
17.15
15.7627118644
18.6166666667
17.1833333333
16.2592592593
--END OF 6--
2502.85
2335.75
2479.88135593
2461.5
2296.8
2322.6
2382.3
2454.6
2363.55
2259.05084746
2405.7
2517.55
2402.05
2392.7
2420.79661017
2359.25
2428.35
2496.4
2537.15
2302.5
2407.88135593
2418.75
2432.7
2539.35
2401.95
2331.20338983
2304.75
2328.3
2328.5
2399.0
2455.22033898
2289.1
2549.15
2423.45
2439.25
2403.40677966
2466.15
2466.0
2577.0
2374.35
2471.54237288
2495.9
2458.7
2337.1
2317.6
2341.22033898
2543.9
2492.85
2416.7
2434.05
2521.98305085
2491.35
2421.95
2460.15
2428.5
2318.55
2352.10169492
2541.85
2356.75
2420.27777778
--END OF 7--
695.133333333
651.033333333
687.627118644
656.55
623.0
640.6
664.9
676.65
673.15
641.915254237
679.433333333
699.733333333
669.583333333
665.583333333
677.288135593
666.35
677.466666667
690.483333333
694.2
647.183333333
677.813559322
667.75
662.55
721.4
673.65
662.983050847
642.166666667
640.65
657.433333333
674.483333333
663.576271186
638.816666667
709.95
671.433333333
673.183333333
684.491525424
690.5
693.7
731.2
652.3
658.898305085
692.75
682.416666667
661.783333333
631.783333333
660.406779661
692.466666667
691.55
665.983333333
681.766666667
708.13559322
692.8
678.0
680.6
671.2
649.65
659.966101695
714.533333333
642.75
671.925925926
--END OF 8--
79.75
88.4833333333
93.6779661017
91.8
88.5
83.85
82.3
91.15
85.3
85.3050847458
91.7
74.4
84.7
82.8
93.9661016949
88.45
104.2
87.8
78.9333333333
85.6666666667
96.0677966102
84.85
87.65
90.95
100.3
88.6271186441
78.15
93.15
80.9
92.4833333333
85.186440678
97.5666666667
96.8833333333
79.9166666667
95.6833333333
98.4915254237
96.3
93.5
84.1
80.8
78.4745762712
88.8666666667
80.55
96.85
81.0666666667
88.1016949153
91.6166666667
101.316666667
77.7333333333
85.9
89.7796610169
87.9
89.5833333333
86.55
95.95
94.6
73.0
102.333333333
99.65
82.2222222222
--END OF 9--
2.75
4.01666666667
3.37288135593
3.0
3.75
3.85
1.85
4.9
3.3
3.49152542373
5.53333333333
4.28333333333
3.61666666667
3.53333333333
4.42372881356
0.5
1.25
1.96666666667
1.5
2.48333333333
4.01694915254
1.7
4.55
2.0
4.75
2.69491525424
1.95
4.2
6.23333333333
3.58333333333
5.03389830508
5.68333333333
5.23333333333
1.91666666667
4.6
5.03389830508
2.95
3.1
1.0
2.05
2.27118644068
2.8
1.5
3.5
2.18333333333
3.47457627119
3.53333333333
3.95
2.43333333333
4.78333333333
5.27118644068
2.05
1.6
2.4
3.7
4.25
2.59322033898
3.48333333333
3.7
2.14814814815
--END OF 10--
1.5
0.0
0.0
0.0
0.8
0.75
0.45
0.45
0.75
0.813559322034
2.45
0.55
1.33333333333
0.833333333333
1.86440677966
0.0
0.0
0.0
0.5
0.5
1.37288135593
0.15
0.5
0.3
0.2
0.508474576271
0.316666666667
1.43333333333
1.91666666667
1.11666666667
0.728813559322
2.06666666667
0.5
0.6
1.33333333333
0.254237288136
0.25
1.5
0.2
0.3
0.389830508475
0.116666666667
0.0
0.7
1.0
0.0169491525424
0.85
1.3
0.433333333333
0.5
0.508474576271
0.0
0.0
0.95
0.15
0.9
1.23728813559
1.76666666667
0.25
0.555555555556
--END OF 11--
0.0
0.0
0.0
0.0
0.5
0.05
0.45
0.0
0.2
0.305084745763
0.5
0.0
0.0
0.133333333333
0.372881355932
0.0
0.0
0.0
0.0
0.0
0.0
0.0
0.0
0.0
0.0
0.0
0.0833333333333
0.416666666667
0.483333333333
0.0166666666667
0.0
0.5
0.0
0.0
0.0
0.0
0.0
0.0
0.0
0.0
0.0
0.0
0.0
0.0
0.0
0.0
0.0
0.0
0.0
0.0
0.0
0.0
0.0
0.0
0.0
0.5
0.338983050847
0.166666666667
0.233333333333
0.0
--END OF 12--
