11.9833333333
12.7166666667
12.1333333333
13.0833333333
13.2666666667
11.8983050847
12.65
12.75
12.2333333333
12.6166666667
12.5
11.6440677966
12.75
11.9166666667
13.9333333333
13.9
13.0666666667
13.1694915254
13.0
13.4833333333
12.9166666667
13.3666666667
13.3898305085
12.2333333333
13.9166666667
13.3666666667
14.4333333333
14.8666666667
15.1525423729
14.25
13.9
13.55
14.0
13.95
14.4406779661
15.5
14.65
13.4833333333
13.7333333333
13.3728813559
13.75
14.4
14.3833333333
13.55
14.0666666667
14.4915254237
13.5
15.4166666667
14.65
13.3
15.05
14.6949152542
14.6333333333
14.8666666667
13.4333333333
13.6833333333
14.8305084746
13.9833333333
13.5166666667
12.5769230769
--END OF 1--
15.2166666667
15.7166666667
16.1166666667
16.8666666667
16.45
15.0
16.0
16.05
16.25
15.1166666667
15.5833333333
14.6610169492
16.05
15.1166666667
17.0833333333
17.0
16.8166666667
17.1186440678
17.3833333333
16.9166666667
16.9
17.3666666667
17.3728813559
16.0
17.3666666667
16.45
17.2333333333
17.9666666667
19.2711864407
18.4
17.7833333333
17.7
18.35
17.9
18.0169491525
18.8833333333
18.15
16.3666666667
18.4833333333
17.4406779661
17.3166666667
18.3166666667
18.0833333333
16.25
17.05
17.3898305085
17.05
19.7833333333
17.1
17.4
18.2
18.3389830508
18.6666666667
18.7833333333
17.0
17.2666666667
18.1525423729
17.5666666667
17.3833333333
15.5
--END OF 2--
15.8666666667
15.7666666667
16.1833333333
17.05
16.6166666667
15.7457627119
16.4166666667
16.0666666667
17.1166666667
15.6166666667
15.5833333333
14.9661016949
16.4
15.3666666667
18.3333333333
17.5
16.8666666667
17.2542372881
17.5333333333
17.7833333333
17.2333333333
17.6833333333
17.5254237288
17.1
17.5666666667
16.9166666667
17.9666666667
18.9333333333
20.1186440678
19.3
17.9833333333
18.55
19.3
18.4
18.3728813559
19.9666666667
18.9166666667
16.3666666667
18.7833333333
17.4406779661
17.3166666667
19.0166666667
18.3
16.6833333333
17.1666666667
18.1355932203
18.0666666667
20.1166666667
17.9
17.4
18.5
19.3728813559
19.35
18.7833333333
17.9
17.35
18.3559322034
18.5833333333
18.0166666667
15.8461538462
--END OF 3--
11.9833333333
12.7166666667
12.1333333333
13.0833333333
13.2666666667
11.8983050847
12.65
12.75
12.2333333333
12.6166666667
12.5
11.6440677966
12.75
11.9166666667
13.9333333333
13.9
13.0666666667
13.1694915254
13.0
13.4833333333
12.9166666667
13.3666666667
13.3898305085
12.2333333333
13.9166666667
13.3666666667
14.4333333333
14.8666666667
15.1525423729
14.25
13.9
13.55
14.0
13.95
14.4406779661
15.5
14.65
13.4833333333
13.7333333333
13.3728813559
13.75
14.4
14.3833333333
13.55
14.0666666667
14.4915254237
13.5
15.4166666667
14.65
13.3
15.05
14.6949152542
14.6333333333
14.8666666667
13.4333333333
13.6833333333
14.8305084746
13.9833333333
13.5166666667
12.5769230769
--END OF 4--
15.2166666667
15.7166666667
16.1166666667
16.8666666667
16.45
15.0
16.0
16.05
16.25
15.1166666667
15.5833333333
14.6610169492
16.05
15.1166666667
17.0833333333
17.0
16.8166666667
17.1186440678
17.3833333333
16.9166666667
16.9
17.3666666667
17.3728813559
16.0
17.3666666667
16.45
17.2333333333
17.9666666667
19.2711864407
18.4
17.7833333333
17.7
18.35
17.9
18.0169491525
18.8833333333
18.15
16.3666666667
18.4833333333
17.4406779661
17.3166666667
18.3166666667
18.0833333333
16.25
17.05
17.3898305085
17.05
19.7833333333
17.1
17.4
18.2
18.3389830508
18.6666666667
18.7833333333
17.0
17.2666666667
18.1525423729
17.5666666667
17.3833333333
15.5
--END OF 5--
15.8666666667
15.7666666667
16.1833333333
17.05
16.6166666667
15.7457627119
16.4166666667
16.0666666667
17.1166666667
15.6166666667
15.5833333333
14.9661016949
16.4
15.3666666667
18.3333333333
17.5
16.8666666667
17.2542372881
17.5333333333
17.7833333333
17.2333333333
17.6833333333
17.5254237288
17.1
17.5666666667
16.9166666667
17.9666666667
18.9333333333
20.1186440678
19.3
17.9833333333
18.55
19.3
18.4
18.3728813559
19.9666666667
18.9166666667
16.3666666667
18.7833333333
17.4406779661
17.3166666667
19.0166666667
18.3
16.6833333333
17.1666666667
18.1355932203
18.0666666667
20.1166666667
17.9
17.4
18.5
19.3728813559
19.35
18.7833333333
17.9
17.35
18.3559322034
18.5833333333
18.0166666667
15.8461538462
--END OF 6--
2298.65
2482.2
2403.0
2488.75
2541.0
2337.96610169
2458.2
2481.6
2552.85
2489.2
2514.4
2403.25423729
2404.65
2425.35
2670.15
2682.3
2640.6
2607.30508475
2623.0
2599.75
2516.25
2651.75
2713.62711864
2457.25
2646.6
2603.85
2771.25
2880.5
2918.44067797
2836.2
2705.25
2930.25
2886.75
2695.05
2746.93220339
2793.65
2804.35
2565.05
2701.15
2792.38983051
2726.8
2880.7
2749.85
2613.35
2743.7
2744.59322034
2609.85
2853.65
2674.05
2538.75
2800.2
2810.33898305
2811.85
2813.35
2721.5
2777.75
2867.28813559
2690.3
2660.65
2374.61538462
--END OF 7--
637.5
673.316666667
654.516666667
683.7
690.833333333
644.322033898
660.616666667
680.016666667
688.366666667
689.483333333
681.3
651.06779661
661.75
661.9
727.55
723.45
712.95
723.593220339
727.966666667
716.35
688.866666667
726.583333333
742.847457627
676.1
717.85
721.233333333
760.733333333
782.933333333
786.050847458
761.35
746.15
787.95
773.55
740.25
754.644067797
781.2
766.683333333
695.783333333
734.2
745.661016949
743.65
787.633333333
760.366666667
705.716666667
737.85
760.033898305
720.416666667
806.25
749.1
697.1
777.85
772.644067797
773.15
776.983333333
752.4
735.316666667
772.338983051
730.45
723.45
646.576923077
--END OF 8--
69.5
77.4333333333
84.8833333333
81.5333333333
82.75
76.2542372881
74.9
74.4
77.4166666667
65.3666666667
63.1
73.6779661017
78.25
75.05
83.15
79.5
81.9
83.7796610169
83.9833333333
79.5333333333
83.4833333333
93.0166666667
85.7457627119
73.7833333333
78.65
78.4
75.0833333333
84.3833333333
88.0508474576
82.1
90.95
91.45
97.2
94.25
78.5254237288
93.2833333333
77.2666666667
74.8833333333
103.933333333
89.0169491525
77.7
86.3833333333
85.2
73.5833333333
71.0666666667
78.5593220339
81.5166666667
104.6
67.55
86.5
75.9
90.6101694915
94.5166666667
84.9
85.8833333333
87.5166666667
86.0847457627
74.8
85.1333333333
66.3461538462
--END OF 9--
3.45
1.48333333333
2.01666666667
1.93333333333
2.0
3.18644067797
3.31666666667
2.43333333333
5.05
1.8
2.66666666667
1.71186440678
2.65
2.2
4.3
3.2
1.0
1.61016949153
5.01666666667
2.53333333333
2.58333333333
2.58333333333
1.01694915254
5.61666666667
3.1
2.1
2.36666666667
3.48333333333
5.38983050847
5.4
3.25
3.45
4.3
3.75
2.74576271186
4.05
3.56666666667
1.56666666667
4.61666666667
2.23728813559
2.21666666667
3.03333333333
2.2
2.25
2.73333333333
3.22033898305
3.9
2.53333333333
1.95
2.2
2.4
4.25423728814
4.83333333333
3.51666666667
3.05
1.61666666667
1.91525423729
4.73333333333
2.15
3.40384615385
--END OF 10--
0.883333333333
0.116666666667
0.166666666667
0.283333333333
0.216666666667
1.30508474576
0.716666666667
0.0166666666667
1.25
0.833333333333
0.0
0.152542372881
0.75
0.1
2.0
0.95
0.05
0.237288135593
0.383333333333
1.71666666667
0.533333333333
0.633333333333
0.169491525424
1.3
0.0333333333333
0.866666666667
1.13333333333
1.61666666667
1.40677966102
0.9
0.1
0.55
1.45
1.0
0.508474576271
1.23333333333
0.766666666667
0.0
0.5
0.0
0.0
0.5
0.116666666667
0.883333333333
0.0
0.813559322034
1.5
0.366666666667
1.0
0.0
0.65
2.03389830508
1.35
0.0
0.983333333333
0.383333333333
0.0
1.33333333333
0.666666666667
0.576923076923
--END OF 11--
0.5
0.0
0.0
0.283333333333
0.216666666667
0.423728813559
0.0833333333333
0.0
0.733333333333
0.0
0.0
0.0
0.0
0.0
0.5
0.45
0.05
0.0
0.0
0.0
0.283333333333
0.216666666667
0.169491525424
0.333333333333
0.0
0.366666666667
0.133333333333
0.0
0.0
0.4
0.1
0.0
0.5
0.0
0.508474576271
0.233333333333
0.266666666667
0.0
0.0
0.0
0.0
0.5
0.0
0.0
0.0
0.0
0.3
0.366666666667
0.5
0.0
0.0
0.0
0.0
0.0
0.0
0.0
0.0
0.0
0.0
0.0
--END OF 12--
