18.6333333333
19.65
18.8833333333
18.65
18.85
19.4576271186
19.75
19.0666666667
19.4666666667
19.9333333333
20.2
19.9830508475
20.1333333333
20.3
19.0666666667
18.8833333333
20.0166666667
20.5254237288
20.05
18.85
20.0333333333
20.3166666667
19.8333333333
20.9152542373
19.8166666667
19.8833333333
19.4
19.9166666667
19.8833333333
20.0
20.35
20.15
20.15
20.1666666667
20.85
20.6949152542
21.0333333333
20.0333333333
20.6
20.9
21.3220338983
21.8
21.65
20.4
21.1833333333
20.7833333333
20.186440678
20.0166666667
20.4833333333
21.2333333333
21.2666666667
21.0833333333
20.5254237288
20.0666666667
20.2666666667
20.5333333333
20.7333333333
21.9666666667
20.7966101695
19.350877193
--END OF 1--
23.8333333333
27.8166666667
26.7333333333
25.9
25.55
27.1016949153
27.9666666667
27.25
28.2333333333
28.0
26.7833333333
27.9152542373
26.7833333333
27.2
26.6333333333
27.0
27.3333333333
27.4915254237
28.25
25.2
27.9333333333
27.7666666667
27.7
29.5593220339
27.05
28.0
26.7666666667
27.4333333333
28.0333333333
27.9322033898
28.3
27.6166666667
29.3666666667
30.0
27.85
29.6949152542
30.0333333333
29.3
28.2
28.8
30.3220338983
30.25
28.95
30.3333333333
30.05
30.55
28.7457627119
27.3166666667
28.5666666667
29.5833333333
29.3166666667
29.45
27.6949152542
28.9666666667
27.7666666667
29.1333333333
28.8
29.6166666667
28.6779661017
27.2456140351
--END OF 2--
24.5333333333
28.4666666667
27.9333333333
27.6
25.8
27.813559322
28.8166666667
28.1166666667
29.65
28.85
27.0833333333
29.7796610169
26.85
28.35
26.95
27.5
28.1166666667
28.6610169492
29.3
26.25
28.6333333333
28.1666666667
28.3166666667
30.6271186441
28.5833333333
29.1333333333
26.9833333333
29.1
28.4833333333
29.1525423729
29.2833333333
28.35
29.9333333333
30.9333333333
28.45
30.2372881356
31.1833333333
30.6
28.35
29.6
31.2203389831
30.9833333333
29.3
31.6
30.9333333333
31.8166666667
30.1016949153
28.7
29.5666666667
30.7333333333
30.3
30.0666666667
31.1694915254
30.0666666667
29.0166666667
29.3833333333
30.3166666667
30.6333333333
30.2711864407
28.2456140351
--END OF 3--
18.4833333333
19.4833333333
18.8833333333
18.65
18.85
19.4576271186
19.4
19.0166666667
19.35
19.7
19.6333333333
19.5762711864
19.7166666667
19.6166666667
19.05
18.8833333333
19.25
19.5762711864
19.6
18.75
19.4833333333
19.7166666667
19.4166666667
19.9322033898
19.3166666667
19.3833333333
19.1666666667
19.6833333333
19.45
19.4576271186
19.5666666667
19.6
19.7166666667
19.8833333333
20.0
20.0169491525
20.2833333333
19.6
19.7
20.25
20.4237288136
20.8
20.6833333333
19.9166666667
20.3666666667
19.7833333333
19.4406779661
19.5333333333
19.9166666667
20.3833333333
20.4333333333
20.2333333333
19.813559322
19.3833333333
19.6166666667
19.6333333333
19.9333333333
20.9666666667
20.0508474576
19.0350877193
--END OF 4--
23.8333333333
27.8166666667
26.7333333333
25.9
25.55
27.1016949153
27.9666666667
27.25
28.2333333333
28.0
26.7833333333
27.7118644068
26.7833333333
27.2
26.6333333333
27.0
27.3333333333
27.4915254237
28.15
25.2
27.9333333333
27.7666666667
27.7
29.3220338983
27.0333333333
27.9333333333
26.7666666667
27.4166666667
27.9833333333
27.8813559322
28.1
27.6166666667
29.05
29.6333333333
27.85
29.2372881356
29.5333333333
29.0833333333
28.2
28.7
29.8474576271
29.9
28.8833333333
29.85
29.5666666667
29.8166666667
28.4576271186
27.1333333333
28.5666666667
29.3333333333
29.2166666667
29.3
27.6949152542
28.5333333333
27.6166666667
28.7833333333
28.8
29.4333333333
28.6271186441
27.2456140351
--END OF 5--
24.5333333333
28.4666666667
27.9333333333
27.6
25.8
27.813559322
28.8166666667
28.1166666667
29.65
28.85
27.0833333333
29.7796610169
26.85
28.35
26.95
27.5
28.1166666667
28.6610169492
29.3
26.25
28.6333333333
28.1666666667
28.3166666667
30.6271186441
28.5833333333
29.1333333333
26.9833333333
29.1
28.4833333333
29.1525423729
29.2833333333
28.35
29.9333333333
30.9333333333
28.45
30.2372881356
31.1833333333
30.6
28.35
29.6
31.2203389831
30.9833333333
29.3
31.6
30.9333333333
31.8166666667
30.1016949153
28.7
29.5666666667
30.7333333333
30.3
30.0666666667
31.1694915254
30.0666666667
29.0166666667
29.3833333333
30.3166666667
30.6333333333
30.2711864407
28.2456140351
--END OF 6--
3535.65
3695.8
3440.7
3442.05
3447.9
3589.3220339
3716.55
3554.8
3661.95
3688.85
3739.15
3692.59322034
3577.5
3686.15
3531.65
3585.8
3860.4
3807.3559322
3883.2
3629.4
3866.1
3772.8
3796.4
3930.61016949
3766.25
3777.1
3733.6
3706.15
3766.5
3697.77966102
3791.85
3756.65
3802.05
3857.0
3889.55
3916.57627119
3907.8
3875.1
3876.75
3842.25
3951.71186441
3959.6
3915.65
3920.25
3899.5
3995.45
3972.91525424
3840.25
3892.15
3976.8
3990.3
3982.0
3846.91525424
3936.8
3871.65
3968.85
3933.3
3967.05
3808.88135593
3619.10526316
--END OF 7--
961.0
1034.05
979.35
959.65
966.6
1001.72881356
1034.81666667
996.716666667
1017.48333333
1022.76666667
1033.28333333
1045.3220339
1011.2
1022.58333333
981.033333333
998.45
1055.85
1083.25423729
1065.7
996.8
1076.55
1043.6
1058.31666667
1089.49152542
1054.18333333
1075.63333333
1050.6
1044.76666667
1047.38333333
1028.88135593
1052.28333333
1030.88333333
1069.61666667
1084.33333333
1067.63333333
1094.44067797
1102.15
1075.65
1085.7
1057.4
1110.03389831
1104.65
1093.56666667
1095.76666667
1100.0
1124.55
1093.81355932
1059.46666667
1077.4
1095.83333333
1091.58333333
1103.53333333
1064.66101695
1087.4
1089.1
1112.55
1090.8
1115.41666667
1064.27118644
1027.31578947
--END OF 8--
128.95
168.283333333
164.45
151.25
155.6
156.474576271
180.083333333
162.1
177.283333333
167.566666667
155.316666667
158.915254237
146.133333333
161.883333333
153.183333333
146.383333333
163.35
160.457627119
165.1
155.65
167.95
178.0
156.283333333
175.661016949
157.366666667
157.166666667
159.416666667
158.616666667
151.366666667
160.440677966
163.083333333
158.166666667
178.316666667
196.966666667
150.85
171.06779661
185.05
175.533333333
161.15
186.5
181.169491525
184.8
169.6
191.116666667
182.466666667
205.033333333
178.118644068
159.416666667
173.183333333
167.283333333
170.333333333
167.35
155.966101695
175.616666667
163.95
169.25
166.55
162.433333333
173.016949153
157.315789474
--END OF 9--
2.8
6.21666666667
9.65
7.4
2.6
5.72881355932
6.66666666667
8.33333333333
9.66666666667
3.85
3.66666666667
11.6101694915
5.6
6.41666666667
6.51666666667
9.53333333333
6.5
5.23728813559
7.4
3.75
6.1
2.45
6.85
8.33898305085
4.58333333333
7.21666666667
2.6
8.15
8.36666666667
10.7627118644
8.33333333333
10.2666666667
7.81666666667
7.16666666667
6.56666666667
7.71186440678
7.9
7.63333333333
4.1
6.15
9.16949152542
5.05
4.06666666667
10.0833333333
8.15
9.1
7.64406779661
8.51666666667
7.76666666667
8.06666666667
6.98333333333
7.26666666667
9.71186440678
8.93333333333
8.15
8.7
6.88333333333
7.01666666667
8.16949152542
8.78947368421
--END OF 10--
0.75
0.7
1.05
2.95
0.5
0.983050847458
0.5
0.733333333333
1.61666666667
1.18333333333
0.816666666667
3.13559322034
0.166666666667
2.06666666667
0.2
0.7
1.3
1.67796610169
1.65
1.2
0.85
0.65
0.666666666667
1.4406779661
2.38333333333
1.75
0.416666666667
2.0
0.816666666667
1.42372881356
1.23333333333
0.683333333333
0.333333333333
1.4
1.0
0.779661016949
1.55
1.63333333333
0.05
1.15
0.779661016949
1.18333333333
0.55
2.31666666667
1.26666666667
1.13333333333
1.27118644068
1.9
1.03333333333
1.65
1.73333333333
0.933333333333
4.27118644068
1.73333333333
1.85
0.05
1.58333333333
1.13333333333
1.79661016949
0.842105263158
--END OF 11--
0.15
0.466666666667
0.0
0.5
0.0
0.0847457627119
0.116666666667
0.0
0.383333333333
0.183333333333
0.0
0.508474576271
0.0
0.0
0.0
0.0
0.0
1.01694915254
0.0
0.0
0.0
0.0
0.0
0.0
0.3
0.333333333333
0.0
0.0833333333333
0.6
0.830508474576
0.0
0.0
0.333333333333
0.333333333333
0.0
0.0
0.2
0.766666666667
0.0
0.0
0.203389830508
0.0
0.0
0.0
0.4
0.5
0.508474576271
0.5
0.0
0.0
0.2
0.0
1.01694915254
0.1
0.4
0.0
0.5
0.45
0.28813559322
0.368421052632
--END OF 12--
