16.7118644068
15.2666666667
15.2833333333
17.2666666667
16.6333333333
16.8166666667
16.6610169492
17.2
17.8
14.9666666667
16.5833333333
16.5833333333
17.4666666667
16.3728813559
16.3333333333
16.4666666667
15.8833333333
16.8333333333
16.4406779661
16.5833333333
16.3166666667
17.15
15.7166666667
16.15
16.8644067797
17.05
16.6
17.65
16.7
16.9661016949
16.5666666667
16.4166666667
16.1833333333
16.1833333333
16.6166666667
15.9152542373
17.6
17.35
17.15
16.7166666667
16.4
16.2033898305
16.3
16.7
17.25
18.05
16.1
16.9661016949
17.5333333333
17.2
15.9
17.0833333333
15.9830508475
16.1666666667
16.4833333333
16.2
16.6333333333
16.6833333333
16.6949152542
15.8947368421
--END OF 1--
22.2203389831
21.75
20.7166666667
24.4166666667
22.35
21.9666666667
23.1186440678
23.0
23.9
19.9166666667
22.1833333333
21.6833333333
23.1833333333
21.7966101695
22.1833333333
22.5833333333
22.7
23.5833333333
22.7457627119
22.2
22.65
22.6833333333
20.2166666667
22.8833333333
23.2203389831
23.4
22.65
23.15
23.1
22.3898305085
22.4833333333
23.0166666667
22.35
21.8666666667
23.25
22.0677966102
23.7166666667
23.4333333333
22.7833333333
22.3
22.85
21.7796610169
21.5
23.0
22.3
23.35
21.35
22.9830508475
23.45
22.4
22.2333333333
22.9666666667
22.0338983051
21.5
22.0333333333
20.8166666667
21.8333333333
22.4666666667
22.7288135593
21.5263157895
--END OF 2--
22.9661016949
22.3166666667
21.3833333333
25.8
22.7
22.5
24.4406779661
23.7
25.55
20.1666666667
23.2333333333
23.1833333333
24.8333333333
22.9661016949
22.7333333333
23.0833333333
22.95
24.0
23.3559322034
22.3
22.95
23.2166666667
22.1833333333
23.7833333333
23.813559322
25.0
22.8
23.95
23.75
22.7796610169
23.05
23.75
24.0333333333
22.2166666667
24.5666666667
23.8983050847
24.85
24.5333333333
23.0333333333
23.5833333333
23.7666666667
22.3220338983
21.8
23.85
22.9
23.9
22.2
24.1694915254
23.7333333333
22.9166666667
23.8
24.4
22.8474576271
22.4833333333
22.3
20.8166666667
22.2833333333
22.7166666667
23.3898305085
22.5263157895
--END OF 3--
16.7118644068
15.2666666667
15.2833333333
17.2666666667
16.6333333333
16.8166666667
16.6610169492
17.2
17.8
14.9666666667
16.5833333333
16.5833333333
17.4666666667
16.3728813559
16.3333333333
16.4666666667
15.8833333333
16.8333333333
16.4406779661
16.5833333333
16.3166666667
17.15
15.7166666667
16.15
16.8644067797
17.05
16.6
17.65
16.7
16.9661016949
16.5666666667
16.4166666667
16.1833333333
16.1833333333
16.6166666667
15.9152542373
17.6
17.35
17.15
16.7166666667
16.4
16.2033898305
16.3
16.7
17.25
18.05
16.1
16.9661016949
17.5333333333
17.2
15.9
17.0833333333
15.9830508475
16.1666666667
16.4833333333
16.2
16.6333333333
16.6833333333
16.6949152542
15.8947368421
--END OF 4--
22.2203389831
21.75
20.7166666667
24.4166666667
22.35
21.9666666667
23.1186440678
23.0
23.9
19.9166666667
22.1833333333
21.6833333333
23.1833333333
21.7966101695
22.1833333333
22.5833333333
22.7
23.5833333333
22.7457627119
22.2
22.65
22.6833333333
20.2166666667
22.8833333333
23.2203389831
23.4
22.65
23.15
23.1
22.3898305085
22.4833333333
23.0166666667
22.35
21.8666666667
23.25
22.0677966102
23.7166666667
23.4333333333
22.7833333333
22.3
22.85
21.7796610169
21.5
23.0
22.3
23.35
21.35
22.9830508475
23.45
22.4
22.2333333333
22.9666666667
22.0338983051
21.5
22.0333333333
20.8166666667
21.8333333333
22.4666666667
22.7288135593
21.5263157895
--END OF 5--
22.9661016949
22.3166666667
21.3833333333
25.8
22.7
22.5
24.4406779661
23.7
25.55
20.1666666667
23.2333333333
23.1833333333
24.8333333333
22.9661016949
22.7333333333
23.0833333333
22.95
24.0
23.3559322034
22.3
22.95
23.2166666667
22.1833333333
23.7833333333
23.813559322
25.0
22.8
23.95
23.75
22.7796610169
23.05
23.75
24.0333333333
22.2166666667
24.5666666667
23.8983050847
24.85
24.5333333333
23.0333333333
23.5833333333
23.7666666667
22.3220338983
21.8
23.85
22.9
23.9
22.2
24.1694915254
23.7333333333
22.9166666667
23.8
24.4
22.8474576271
22.4833333333
22.3
20.8166666667
22.2833333333
22.7166666667
23.3898305085
22.5263157895
--END OF 6--
3230.23728814
2998.55
3050.5
3282.05
3179.3
2990.5
3122.79661017
3086.4
3334.65
2762.25
3142.35
3068.25
3259.85
3073.88135593
3078.75
3121.4
3053.75
3237.5
3122.54237288
3115.5
3118.0
3179.25
2986.65
3061.6
3198.96610169
3184.2
3117.9
3252.3
3244.05
3124.42372881
3139.05
3270.3
3225.9
3194.0
3303.0
3012.81355932
3361.5
3161.85
3284.95
3092.55
3087.4
3142.06779661
3038.7
3225.35
3138.0
3299.1
3047.1
3229.77966102
3169.25
3166.55
3087.15
3198.85
3094.62711864
3099.45
3080.65
3090.5
3141.95
3257.65
3220.22033898
3016.94736842
--END OF 7--
886.372881356
841.2
844.15
912.216666667
871.75
850.183333333
867.050847458
854.35
923.5
764.85
876.75
848.4
916.283333333
852.254237288
848.716666667
859.15
841.7
885.916666667
862.813559322
873.466666667
862.3
885.25
822.4
850.4
888.711864407
873.75
857.3
891.45
864.6
867.813559322
859.6
879.583333333
876.35
879.566666667
914.9
838.644067797
927.533333333
894.25
910.466666667
872.283333333
859.366666667
858.050847458
852.35
881.15
884.05
921.1
835.35
894.050847458
903.566666667
892.566666667
854.6
879.866666667
870.033898305
871.133333333
844.533333333
842.583333333
869.316666667
901.95
890.457627119
849.456140351
--END OF 8--
127.644067797
121.316666667
116.933333333
154.2
124.316666667
122.533333333
134.813559322
128.75
133.45
110.25
121.2
127.5
129.733333333
119.220338983
124.85
127.216666667
130.95
131.733333333
126.983050847
117.533333333
141.166666667
129.283333333
112.733333333
129.283333333
124.169491525
127.15
127.2
129.8
124.0
126.152542373
139.2
133.966666667
138.666666667
111.966666667
128.733333333
132.457627119
130.083333333
131.816666667
120.566666667
137.366666667
130.833333333
125.254237288
114.75
138.566666667
109.7
134.65
112.2
132.881355932
138.1
122.8
113.266666667
118.5
128.525423729
120.483333333
127.383333333
103.35
113.483333333
114.0
117.474576271
121.228070175
--END OF 9--
4.71186440678
10.3
3.96666666667
6.38333333333
4.93333333333
4.0
5.64406779661
6.6
6.05
4.25
3.35
3.85
4.65
5.16949152542
6.06666666667
5.55
5.63333333333
4.73333333333
5.16949152542
3.58333333333
4.08333333333
4.46666666667
4.86666666667
6.83333333333
6.81355932203
10.25
3.05
6.35
6.05
3.74576271186
4.66666666667
5.15
7.2
5.26666666667
10.9833333333
7.8813559322
4.01666666667
5.55
3.46666666667
3.76666666667
5.15
4.15254237288
1.95
3.7
4.45
3.8
6.35
4.16949152542
4.6
4.71666666667
9.06666666667
6.53333333333
4.61016949153
4.58333333333
5.5
1.36666666667
4.06666666667
5.48333333333
4.69491525424
5.73684210526
--END OF 10--
0.830508474576
0.0666666666667
1.21666666667
2.15
0.383333333333
0.783333333333
1.98305084746
1.6
2.75
0.35
1.45
2.55
2.53333333333
1.91525423729
0.8
0.45
0.716666666667
0.733333333333
1.01694915254
0.116666666667
0.383333333333
0.7
3.36666666667
1.43333333333
0.525423728814
1.95
0.0
1.15
1.2
0.661016949153
0.483333333333
1.38333333333
2.53333333333
0.75
1.16666666667
2.15254237288
1.61666666667
1.86666666667
0.283333333333
1.73333333333
1.21666666667
0.898305084746
0.4
0.916666666667
1.05
0.8
0.75
1.91525423729
0.383333333333
0.65
2.2
2.51666666667
0.881355932203
1.46666666667
0.116666666667
0.0
0.516666666667
0.483333333333
0.762711864407
0.877192982456
--END OF 11--
0.508474576271
0.0
0.0
0.0
0.0
0.0
0.508474576271
0.0
0.0
0.15
0.35
0.1
0.8
0.508474576271
0.0
0.0
0.0
0.0
0.508474576271
0.0
0.0
0.5
0.0
0.0
0.271186440678
0.5
0.0
0.0
0.0
0.0
0.0
0.0
0.0
0.0
0.0
0.135593220339
0.233333333333
0.5
0.0
0.566666666667
0.433333333333
0.0
0.0
0.3
0.2
0.3
0.4
0.508474576271
0.0
0.0
0.0
1.0
0.237288135593
0.0
0.0
0.0
0.0
0.0
0.0
0.228070175439
--END OF 12--
