19.55
19.25
20.3
19.35
19.8474576271
20.2666666667
19.2833333333
19.1166666667
19.6166666667
20.2833333333
19.6
18.6440677966
21.1666666667
20.1166666667
20.2333333333
19.0
20.3898305085
21.5166666667
19.6
19.9833333333
18.9666666667
20.1833333333
18.4406779661
18.4166666667
18.9166666667
19.8833333333
21.05
19.2333333333
19.6271186441
19.95
20.3166666667
19.6
19.6666666667
19.8833333333
19.2372881356
19.3
20.1
19.9666666667
19.6166666667
18.8813559322
19.4
19.1
20.2333333333
19.5
19.7
19.4237288136
18.9833333333
19.5
19.4666666667
20.5666666667
19.7457627119
19.8166666667
20.1166666667
19.6833333333
20.2833333333
19.3
18.186440678
20.0333333333
19.2333333333
18.8245614035
--END OF 1--
26.9
26.25
28.4666666667
25.8666666667
25.3389830508
25.0666666667
26.0
26.8333333333
26.4333333333
28.4666666667
27.4666666667
27.1186440678
29.0
27.2833333333
26.0666666667
27.05
26.186440678
27.3166666667
25.1666666667
26.4166666667
24.7833333333
27.1333333333
25.3050847458
25.7166666667
25.5166666667
25.2833333333
29.0333333333
26.8333333333
26.3220338983
26.0333333333
27.2666666667
26.2666666667
26.0333333333
24.9333333333
25.7457627119
25.65
26.55
28.5
25.7666666667
24.2033898305
26.1
27.4
28.1333333333
25.9
25.0666666667
26.1186440678
24.55
25.1833333333
26.2833333333
27.4833333333
25.2711864407
27.5333333333
26.6
26.65
27.3833333333
25.2166666667
25.0169491525
25.8333333333
24.8333333333
24.9298245614
--END OF 2--
27.5833333333
27.3833333333
28.5166666667
26.9
26.2203389831
25.5666666667
26.15
28.2166666667
27.1166666667
29.2166666667
28.8833333333
27.2542372881
29.3833333333
27.4333333333
26.0833333333
28.0833333333
27.4745762712
28.75
26.0166666667
28.9333333333
24.85
27.2833333333
26.4745762712
26.7666666667
26.0333333333
25.6333333333
29.9833333333
27.0666666667
26.9152542373
27.0666666667
27.6833333333
26.5666666667
28.15
25.95
27.0508474576
26.9333333333
27.0666666667
29.6333333333
26.3833333333
24.593220339
26.75
28.6333333333
29.2833333333
26.1
26.2333333333
26.4745762712
24.9
26.4
26.4166666667
28.4
25.7966101695
28.5833333333
27.2333333333
27.0333333333
27.8666666667
25.75
25.9152542373
26.4833333333
25.3333333333
25.8596491228
--END OF 3--
19.5
19.1333333333
19.9166666667
19.35
19.6949152542
19.7166666667
19.2833333333
18.8166666667
19.0666666667
19.8833333333
19.5
18.6271186441
20.4333333333
19.7833333333
19.7333333333
19.0
19.6610169492
20.6833333333
19.6
19.7333333333
18.9666666667
19.85
18.4406779661
18.4166666667
18.85
19.5333333333
20.4833333333
19.1
19.5423728814
19.65
19.8166666667
19.6
19.5166666667
19.8833333333
19.2372881356
19.3
19.6833333333
19.65
19.4833333333
18.8305084746
19.15
18.7666666667
19.5833333333
19.4
19.65
19.4237288136
18.8833333333
19.4666666667
19.25
19.9833333333
19.6271186441
19.8
19.9333333333
19.5666666667
19.95
19.3
18.186440678
19.7333333333
19.0833333333
18.8245614035
--END OF 4--
26.9
26.25
28.4666666667
25.8666666667
25.3389830508
25.0666666667
26.0
26.7666666667
26.4333333333
28.4666666667
27.4666666667
27.1186440678
29.0
27.2833333333
26.0666666667
27.05
26.186440678
27.3166666667
25.1666666667
26.4166666667
24.7833333333
27.1333333333
25.3050847458
25.7166666667
25.5166666667
25.2833333333
28.7833333333
26.8
26.3220338983
26.0333333333
27.2666666667
26.2666666667
26.0333333333
24.9333333333
25.7457627119
25.65
26.55
28.35
25.7666666667
24.2033898305
26.1
27.35
28.1333333333
25.9
25.0666666667
26.1186440678
24.55
25.1833333333
26.2833333333
27.4833333333
25.2711864407
27.5333333333
26.6
26.65
27.3833333333
25.2166666667
25.0169491525
25.8333333333
24.8333333333
24.9298245614
--END OF 5--
27.5833333333
27.3833333333
28.5166666667
26.9
26.2203389831
25.5666666667
26.15
28.2166666667
27.1166666667
29.2166666667
28.8833333333
27.2542372881
29.3833333333
27.4333333333
26.0833333333
28.0833333333
27.4745762712
28.75
26.0166666667
28.9333333333
24.85
27.2833333333
26.4745762712
26.7666666667
26.0333333333
25.6333333333
29.9833333333
27.0666666667
26.9152542373
27.0666666667
27.6833333333
26.5666666667
28.15
25.95
27.0508474576
26.9333333333
27.0666666667
29.6333333333
26.3833333333
24.593220339
26.75
28.6333333333
29.2833333333
26.1
26.2333333333
26.4745762712
24.9
26.4
26.4166666667
28.4
25.7966101695
28.5833333333
27.2333333333
27.0333333333
27.8666666667
25.75
25.9152542373
26.4833333333
25.3333333333
25.8596491228
--END OF 6--
3651.8
3622.0
3775.65
3679.45
3595.98305085
3608.7
3573.15
3634.95
3713.0
3789.6
3714.0
3636.91525424
3876.95
3674.7
3646.8
3603.7
3786.10169492
3931.2
3576.7
3718.35
3594.6
3643.65
3519.96610169
3545.55
3609.4
3628.5
3783.55
3577.05
3619.37288136
3687.7
3622.75
3527.3
3601.1
3624.1
3547.57627119
3558.1
3672.6
3772.0
3594.6
3541.22033898
3601.2
3707.45
3705.9
3577.35
3567.8
3557.6440678
3520.45
3553.9
3599.4
3776.2
3639.3559322
3567.45
3675.6
3618.5
3739.35
3560.05
3429.96610169
3603.75
3665.4
3509.63157895
--END OF 7--
1010.98333333
1011.28333333
1061.7
1007.98333333
1006.81355932
1023.1
1011.01666667
1009.9
1050.58333333
1052.15
1051.18333333
1030.76271186
1092.05
1018.73333333
1033.88333333
1005.6
1064.3559322
1091.68333333
985.983333333
1027.36666667
973.183333333
1021.55
971.949152542
985.35
1002.21666667
1012.2
1081.95
1009.3
1012.40677966
1030.48333333
1032.85
992.283333333
1012.33333333
1002.93333333
995.983050847
1000.36666667
1020.61666667
1050.65
1005.35
987.830508475
1036.8
1051.15
1068.65
1006.2
991.15
995.406779661
1001.2
1007.78333333
1008.98333333
1048.96666667
1013.77966102
1020.58333333
1033.41666667
1019.01666667
1044.18333333
997.1
947.084745763
1007.7
1008.3
979.01754386
--END OF 8--
158.266666667
131.85
158.133333333
139.5
134.118644068
136.1
149.8
156.833333333
144.683333333
172.083333333
154.383333333
167.796610169
165.616666667
151.25
145.866666667
163.166666667
135.033898305
149.316666667
140.633333333
148.25
131.533333333
161.716666667
158.627118644
153.0
139.583333333
132.65
164.433333333
154.783333333
144.338983051
136.066666667
152.85
145.766666667
137.866666667
131.066666667
135.254237288
145.516666667
143.4
159.483333333
149.8
128.881355932
143.9
176.4
168.3
137.8
128.983333333
148.372881356
119.533333333
131.216666667
157.883333333
138.0
131.016949153
153.583333333
147.616666667
157.116666667
149.5
131.25
141.93220339
130.4
124.4
136.578947368
--END OF 9--
5.65
8.45
6.5
5.2
5.74576271186
3.7
3.18333333333
9.35
4.18333333333
7.55
6.86666666667
2.91525423729
3.93333333333
4.98333333333
1.5
6.9
5.69491525424
6.56666666667
3.51666666667
8.55
5.41666666667
5.81666666667
4.93220338983
8.75
3.73333333333
3.7
6.95
4.05
5.37288135593
4.51666666667
4.61666666667
5.98333333333
7.66666666667
3.81666666667
7.03389830508
5.2
4.9
9.03333333333
4.03333333333
2.49152542373
6.35
6.41666666667
6.75
6.25
3.38333333333
3.13559322034
3.25
6.98333333333
3.65
8.68333333333
2.76271186441
5.4
2.75
3.35
7.0
3.95
6.74576271186
4.75
3.3
5.78947368421
--END OF 10--
0.916666666667
1.75
0.0833333333333
1.28333333333
0.728813559322
0.45
0.2
1.31666666667
0.966666666667
0.9
2.26666666667
0.338983050847
0.816666666667
0.466666666667
0.0166666666667
1.35
1.86440677966
2.01666666667
0.5
2.9
0.1
0.233333333333
1.47457627119
1.4
1.06666666667
0.35
0.966666666667
0.8
0.203389830508
1.65
0.683333333333
0.616666666667
3.68333333333
1.18333333333
1.89830508475
1.31666666667
0.683333333333
1.6
0.983333333333
0.237288135593
1.15
1.53333333333
2.2
0.05
1.7
0.64406779661
0.75
1.71666666667
0.4
1.36666666667
0.186440677966
2.08333333333
0.916666666667
0.416666666667
0.3
0.683333333333
1.27118644068
1.0
0.8
0.789473684211
--END OF 11--
0.233333333333
0.916666666667
0.0833333333333
0.716666666667
0.28813559322
0.0
0.0
1.3
0.0
0.4
0.5
0.0
0.0
0.0
0.0
0.483333333333
0.28813559322
0.233333333333
0.5
1.0
0.0
0.0
0.508474576271
0.0
0.0
0.0
0.733333333333
0.0
0.0
0.233333333333
0.266666666667
0.333333333333
0.166666666667
0.0
0.0
0.0
0.0
0.466666666667
0.0
0.0
0.0
0.366666666667
0.1
0.0
0.5
0.0
0.0
0.0
0.0
0.0
0.0
0.0
0.133333333333
0.133333333333
0.133333333333
0.633333333333
0.0
0.0
0.0
0.280701754386
--END OF 12--
