7.25423728814
7.98333333333
8.21666666667
7.8
7.2
7.8
6.8813559322
7.6
7.75
8.25
7.95
8.73333333333
7.69491525424
7.53333333333
7.18333333333
7.4
8.9
7.83050847458
8.38333333333
7.7
7.15
7.08333333333
7.88333333333
7.23728813559
8.45
8.08333333333
8.3
7.68333333333
8.66101694915
8.13333333333
8.26666666667
7.28333333333
7.48333333333
6.93220338983
7.18333333333
7.86666666667
8.0
8.78333333333
8.83333333333
7.23728813559
7.03333333333
7.96666666667
8.16666666667
7.83333333333
8.46666666667
7.89830508475
7.7
7.1
7.48333333333
7.98333333333
8.33898305085
7.75
7.91666666667
8.05
7.9
7.62711864407
7.86666666667
7.85
7.58333333333
6.67272727273
--END OF 1--
9.22033898305
9.55
11.1666666667
10.2333333333
8.7
9.78333333333
8.86440677966
10.5833333333
10.5333333333
10.4166666667
10.4166666667
10.0833333333
9.81355932203
9.63333333333
9.83333333333
9.7
11.6
9.8813559322
10.3
10.3833333333
9.03333333333
10.1833333333
9.81666666667
9.35593220339
11.7333333333
10.2833333333
11.2333333333
9.6
10.3389830508
10.5833333333
10.7166666667
9.78333333333
9.78333333333
9.20338983051
9.5
10.7666666667
11.15
10.4166666667
11.1
9.69491525424
9.68333333333
9.53333333333
11.1166666667
10.15
11.4833333333
10.0677966102
10.4
9.75
9.43333333333
10.9333333333
10.9322033898
9.9
10.2833333333
10.3833333333
10.05
10.7796610169
10.6833333333
10.7666666667
10.0166666667
8.90909090909
--END OF 2--
9.77966101695
9.6
12.1833333333
11.1833333333
9.53333333333
11.7166666667
9.20338983051
11.1166666667
11.3333333333
11.2833333333
10.5166666667
10.8166666667
11.0338983051
10.3333333333
10.1333333333
10.35
12.75
10.5762711864
10.3666666667
10.9
10.0166666667
10.4833333333
10.2666666667
9.84745762712
12.4833333333
10.75
12.0833333333
10.0333333333
10.5423728814
11.3833333333
11.8166666667
10.8333333333
10.3833333333
9.94915254237
10.05
10.8333333333
11.65
11.0666666667
11.35
10.4576271186
10.8
10.1833333333
11.9666666667
10.5333333333
11.5833333333
10.0677966102
11.65
10.65
10.8333333333
11.0333333333
11.8474576271
10.5166666667
10.3333333333
10.8166666667
10.2666666667
12.2033898305
11.6
12.4333333333
11.0333333333
9.2
--END OF 3--
7.25423728814
7.98333333333
8.21666666667
7.8
7.2
7.8
6.8813559322
7.6
7.75
8.25
7.95
8.73333333333
7.69491525424
7.53333333333
7.18333333333
7.4
8.9
7.83050847458
8.38333333333
7.7
7.15
7.08333333333
7.88333333333
7.23728813559
8.45
8.08333333333
8.3
7.68333333333
8.66101694915
8.13333333333
8.26666666667
7.28333333333
7.48333333333
6.93220338983
7.18333333333
7.86666666667
8.0
8.78333333333
8.83333333333
7.23728813559
7.03333333333
7.96666666667
8.16666666667
7.83333333333
8.46666666667
7.89830508475
7.7
7.1
7.48333333333
7.98333333333
8.33898305085
7.75
7.91666666667
8.05
7.9
7.62711864407
7.86666666667
7.85
7.58333333333
6.67272727273
--END OF 4--
9.22033898305
9.55
11.1666666667
10.2333333333
8.7
9.78333333333
8.86440677966
10.5833333333
10.5333333333
10.4166666667
10.4166666667
10.0833333333
9.81355932203
9.63333333333
9.83333333333
9.7
11.6
9.8813559322
10.3
10.3833333333
9.03333333333
10.1833333333
9.81666666667
9.35593220339
11.7333333333
10.2833333333
11.2333333333
9.6
10.3389830508
10.5833333333
10.7166666667
9.78333333333
9.78333333333
9.20338983051
9.5
10.7666666667
11.15
10.4166666667
11.1
9.69491525424
9.68333333333
9.53333333333
11.1166666667
10.15
11.4833333333
10.0677966102
10.4
9.75
9.43333333333
10.9333333333
10.9322033898
9.9
10.2833333333
10.3833333333
10.05
10.7796610169
10.6833333333
10.7666666667
10.0166666667
8.90909090909
--END OF 5--
9.77966101695
9.6
12.1833333333
11.1833333333
9.53333333333
11.7166666667
9.20338983051
11.1166666667
11.3333333333
11.2833333333
10.5166666667
10.8166666667
11.0338983051
10.3333333333
10.1333333333
10.35
12.75
10.5762711864
10.3666666667
10.9
10.0166666667
10.4833333333
10.2666666667
9.84745762712
12.4833333333
10.75
12.0833333333
10.0333333333
10.5423728814
11.3833333333
11.8166666667
10.8333333333
10.3833333333
9.94915254237
10.05
10.8333333333
11.65
11.0666666667
11.35
10.4576271186
10.8
10.1833333333
11.9666666667
10.5333333333
11.5833333333
10.0677966102
11.65
10.65
10.8333333333
11.0333333333
11.8474576271
10.5166666667
10.3333333333
10.8166666667
10.2666666667
12.2033898305
11.6
12.4333333333
11.0333333333
9.2
--END OF 6--
1454.79661017
1544.0
1628.65
1699.95
1553.85
1666.7
1488.25423729
1535.75
1615.05
1692.4
1589.8
1651.45
1533.50847458
1569.3
1460.1
1503.45
1733.1
1527.45762712
1664.8
1521.0
1543.95
1552.5
1604.5
1452.30508475
1768.0
1675.35
1614.1
1516.9
1684.06779661
1716.9
1706.55
1568.7
1562.4
1555.88135593
1555.1
1620.1
1696.5
1685.05
1722.85
1586.23728814
1576.85
1593.75
1659.45
1696.3
1647.25
1522.01694915
1585.8
1582.95
1593.3
1719.6
1727.59322034
1665.25
1671.3
1654.2
1692.65
1558.06779661
1594.0
1660.9
1677.5
1438.8
--END OF 7--
411.338983051
424.133333333
454.7
457.716666667
420.183333333
460.833333333
402.847457627
415.683333333
435.6
461.283333333
440.666666667
459.466666667
426.677966102
431.1
406.85
419.75
485.85
429.525423729
455.116666667
431.4
429.8
423.95
428.8
402.644067797
483.183333333
456.233333333
449.333333333
425.05
454.101694915
460.7
480.2
430.2
419.35
419.084745763
422.533333333
446.65
450.516666667
468.1
475.35
430.13559322
439.133333333
442.0
457.533333333
441.783333333
462.9
422.627118644
427.85
433.55
413.7
461.15
471.86440678
440.416666667
454.016666667
461.483333333
454.65
431.728813559
436.483333333
456.516666667
450.116666667
386.363636364
--END OF 8--
38.9491525424
44.6166666667
67.05
50.25
45.7833333333
52.7666666667
47.593220339
60.8166666667
62.65
47.7666666667
65.1666666667
43.7833333333
47.5423728814
43.15
49.6
47.05
60.9
49.5593220339
43.2
56.9166666667
46.1
52.5666666667
48.6
47.1016949153
60.1833333333
55.3
66.6166666667
43.5333333333
45.7796610169
56.65
63.5
61.5
47.95
46.2372881356
50.9833333333
62.0833333333
65.5833333333
52.0333333333
56.6333333333
58.0338983051
52.05
47.3
56.9
50.8833333333
62.3
46.4915254237
56.2
51.65
59.75
56.7
53.3050847458
41.6666666667
46.3833333333
52.35
49.3
59.8474576271
52.2333333333
63.45
55.6
50.8727272727
--END OF 9--
3.28813559322
1.2
3.31666666667
3.01666666667
1.46666666667
2.98333333333
1.52542372881
3.0
3.2
4.6
1.8
1.36666666667
3.06779661017
1.5
5.3
2.5
3.35
3.13559322034
1.4
3.3
3.16666666667
4.01666666667
2.31666666667
3.62711864407
3.45
1.71666666667
4.55
2.73333333333
1.06779661017
4.2
2.5
4.3
3.65
4.74576271186
2.96666666667
2.53333333333
4.35
1.31666666667
1.61666666667
2.83050847458
3.0
2.35
4.23333333333
2.31666666667
2.45
2.61016949153
5.75
4.0
2.9
2.4
2.84745762712
2.43333333333
1.8
3.11666666667
2.08333333333
5.86440677966
4.25
4.5
2.51666666667
2.67272727273
--END OF 10--
0.864406779661
0.183333333333
1.63333333333
1.03333333333
1.13333333333
2.9
0.593220338983
1.03333333333
0.5
1.46666666667
0.1
0.933333333333
1.8813559322
0.95
0.2
0.7
1.4
0.847457627119
0.15
0.933333333333
0.983333333333
0.5
1.0
0.966101694915
1.21666666667
0.583333333333
1.28333333333
0.633333333333
0.0508474576271
0.95
2.0
1.5
1.0
1.40677966102
1.03333333333
0.0833333333333
0.0
1.0
0.533333333333
1.40677966102
1.51666666667
1.06666666667
1.06666666667
0.65
0.283333333333
0.0
1.9
1.3
1.8
0.2
1.86440677966
0.933333333333
0.183333333333
0.55
0.266666666667
2.40677966102
1.51666666667
1.95
1.16666666667
0.363636363636
--END OF 11--
0.35593220339
0.0
0.483333333333
0.45
0.45
1.0
0.118644067797
0.0
0.0
0.0
0.0666666666667
0.433333333333
0.508474576271
0.0
0.0
0.0
0.5
0.0
0.0
0.0
0.0
0.5
0.0
0.0
0.0
0.266666666667
0.733333333333
0.0
0.0
0.0
0.0
0.5
0.0
0.0
0.0
0.0
0.0
0.5
0.0
0.0
0.5
0.0
0.0
0.0
0.0
0.0
0.0
0.0
0.5
0.0
0.0
0.0
0.0
0.0
0.0
0.0
0.266666666667
0.233333333333
0.5
0.163636363636
--END OF 12--
