30.1666666667
27.9
28.593220339
28.2833333333
29.4833333333
28.9166666667
28.6333333333
28.3833333333
28.8333333333
28.8813559322
28.6666666667
28.5666666667
27.3333333333
28.8833333333
29.2833333333
29.2881355932
28.1666666667
27.25
28.15
28.35
28.1166666667
28.9152542373
27.7
28.2
27.15
27.8333333333
27.5666666667
27.1186440678
28.3
27.1333333333
27.2
26.3166666667
27.4915254237
28.5
27.2333333333
28.4166666667
27.3333333333
27.9166666667
27.6440677966
27.3
26.3333333333
28.1666666667
27.0666666667
26.8833333333
27.3898305085
26.0333333333
27.2666666667
27.6333333333
28.3
29.7166666667
28.9491525424
27.2833333333
28.3833333333
27.9166666667
27.95
28.7833333333
26.8474576271
27.9833333333
28.5166666667
29.0701754386
--END OF 1--
40.6666666667
38.7166666667
38.8644067797
38.5
40.5666666667
40.0833333333
38.9833333333
40.1666666667
37.5666666667
37.6101694915
39.15
38.6166666667
38.15
41.4166666667
38.1333333333
39.9491525424
38.5833333333
37.7
41.0333333333
41.35
38.55
39.5762711864
40.2666666667
38.55
36.6666666667
39.5333333333
37.5166666667
37.3559322034
38.7333333333
38.4333333333
35.85
37.4166666667
38.7627118644
40.0833333333
36.7666666667
38.9333333333
37.9833333333
39.45
38.3389830508
36.7
36.6166666667
39.55
37.8666666667
37.3166666667
38.3050847458
36.9833333333
37.35
38.0333333333
38.9833333333
39.1666666667
39.8813559322
37.9833333333
37.9333333333
38.6833333333
38.3
39.2
38.2203389831
38.2666666667
39.6666666667
40.4561403509
--END OF 2--
42.75
39.9
39.6779661017
39.8833333333
42.3833333333
41.8833333333
40.0666666667
41.2166666667
38.5166666667
38.9491525424
40.3833333333
39.9333333333
38.85
42.2166666667
39.2833333333
41.6949152542
39.65
39.2
41.6166666667
42.3666666667
39.4166666667
40.2542372881
41.2833333333
40.2666666667
37.8
41.1833333333
38.5833333333
38.593220339
40.1333333333
40.3333333333
36.5
38.4666666667
39.1694915254
41.4333333333
38.3
40.3
38.5333333333
40.75
40.3050847458
38.3666666667
37.2166666667
40.85
40.5333333333
38.7833333333
40.1694915254
37.3833333333
38.5
39.6
41.0333333333
40.3166666667
41.5084745763
39.8333333333
40.4166666667
39.7
39.0833333333
40.55
40.6101694915
39.6
42.4
42.9122807018
--END OF 3--
25.6666666667
24.2833333333
24.593220339
24.6166666667
25.35
24.9166666667
24.4833333333
24.3
24.8
24.7288135593
24.6666666667
24.5666666667
23.6
24.8
25.2833333333
25.2203389831
24.2
23.9333333333
24.2
24.7
24.15
24.7796610169
23.9666666667
24.3333333333
23.8166666667
24.2333333333
23.9666666667
23.5593220339
24.1
23.5333333333
23.5
23.0166666667
23.7457627119
24.75
23.6833333333
24.6833333333
23.9333333333
24.0666666667
23.7796610169
23.95
23.2
24.6
23.65
23.45
23.9491525424
23.2333333333
23.7166666667
23.8
24.55
25.2166666667
25.0
23.8
24.5
24.2
24.35
24.8666666667
23.813559322
24.1666666667
24.55
25.0350877193
--END OF 4--
36.2333333333
34.9833333333
35.186440678
34.9833333333
36.0666666667
35.7166666667
34.8833333333
35.6
34.3166666667
34.2881355932
35.05
34.6166666667
34.35
36.65
34.6833333333
35.6949152542
34.6833333333
34.25
36.2333333333
36.5
34.8333333333
35.2542372881
35.7833333333
34.9333333333
33.6833333333
35.4833333333
34.3666666667
33.9491525424
34.6833333333
34.6333333333
32.9
33.9666666667
34.7966101695
35.8
33.6833333333
35.1
34.5
35.2333333333
34.593220339
33.7
33.65
35.3833333333
34.3333333333
34.1
34.6440677966
33.9333333333
33.9333333333
34.4666666667
34.9333333333
35.1666666667
35.5762711864
34.65
34.5333333333
35.1166666667
34.85
35.2833333333
34.7288135593
34.5
35.4166666667
35.8421052632
--END OF 5--
42.55
39.9
39.6779661017
39.8833333333
42.3666666667
41.8833333333
40.0666666667
41.1166666667
38.5166666667
38.9491525424
40.3833333333
39.9333333333
38.85
42.1333333333
39.2833333333
41.6949152542
39.65
39.2
41.6166666667
42.3666666667
39.4166666667
40.2542372881
41.2833333333
40.2666666667
37.8
41.1833333333
38.5833333333
38.593220339
40.1333333333
40.3333333333
36.5
38.4666666667
39.1694915254
41.4166666667
38.3
40.3
38.5333333333
40.75
40.3050847458
38.3666666667
37.2166666667
40.85
40.5333333333
38.7833333333
40.1525423729
37.3833333333
38.5
39.6
41.0333333333
40.3166666667
41.5084745763
39.8333333333
40.4166666667
39.7
39.0833333333
40.55
40.6101694915
39.6
42.4
42.5789473684
--END OF 6--
5455.7
5138.55
5177.49152542
5112.2
5290.1
5263.9
5278.3
5302.7
5250.8
5208.15254237
5245.05
5271.45
5166.9
5383.2
5205.6
5225.89830508
5252.05
5083.25
5332.75
5237.0
5146.85
5304.30508475
5210.3
5187.1
4978.85
5083.9
4930.95
5042.59322034
5267.25
5109.15
5046.15
4996.65
5135.54237288
5166.15
5104.0
5164.9
4902.8
5125.6
5206.6779661
4971.85
4948.65
5172.75
5150.55
4971.6
4994.44067797
4890.3
5104.3
5018.15
5191.95
5152.5
5180.89830508
4903.75
5180.05
5142.0
5096.05
5235.15
5005.06779661
5172.7
5157.4
5305.94736842
--END OF 7--
1507.66666667
1439.9
1448.05084746
1445.7
1490.85
1468.73333333
1477.78333333
1479.81666667
1452.5
1453.33898305
1466.53333333
1478.58333333
1440.91666667
1488.56666667
1452.5
1484.6440678
1470.4
1401.1
1483.58333333
1468.4
1424.31666667
1485.77966102
1449.38333333
1437.95
1394.8
1421.66666667
1385.66666667
1409.3220339
1459.01666667
1430.25
1402.6
1385.6
1442.98305085
1464.28333333
1403.26666667
1426.51666667
1401.2
1443.58333333
1432.3220339
1389.15
1371.73333333
1456.08333333
1409.38333333
1388.0
1400.0
1364.15
1407.11666667
1413.56666667
1467.05
1462.9
1464.86440678
1380.15
1439.31666667
1433.66666667
1395.4
1466.41666667
1405.6779661
1441.43333333
1475.38333333
1512.71929825
--END OF 8--
227.0
220.066666667
230.322033898
224.983333333
244.6
233.15
227.483333333
243.133333333
212.0
195.779661017
213.983333333
221.1
227.716666667
245.033333333
219.5
231.661016949
224.4
216.433333333
245.433333333
246.666666667
221.216666667
237.372881356
243.483333333
227.233333333
201.45
231.783333333
213.883333333
222.644067797
233.383333333
236.55
209.5
223.5
226.305084746
236.25
209.066666667
225.466666667
216.0
237.783333333
227.508474576
206.666666667
224.016666667
245.566666667
217.5
215.583333333
235.457627119
207.85
216.483333333
227.233333333
232.433333333
231.85
245.779661017
220.433333333
210.75
218.966666667
220.616666667
221.0
228.0
222.166666667
237.833333333
253.315789474
--END OF 9--
11.5333333333
9.01666666667
6.5593220339
6.18333333333
10.2333333333
8.88333333333
7.98333333333
12.0333333333
4.8
6.32203389831
9.81666666667
7.51666666667
9.3
9.23333333333
4.3
9.1186440678
6.31666666667
9.61666666667
10.1833333333
13.4833333333
8.16666666667
5.96610169492
11.5333333333
8.78333333333
6.83333333333
13.9166666667
9.6
10.1186440678
10.2166666667
9.45
5.5
11.35
8.01694915254
10.2166666667
7.81666666667
10.8166666667
8.11666666667
9.98333333333
11.8983050847
8.06666666667
8.53333333333
11.7333333333
14.1166666667
9.46666666667
10.3220338983
7.3
8.33333333333
8.5
6.63333333333
7.3
9.40677966102
10.35
10.2166666667
10.8
7.38333333333
8.61666666667
10.8983050847
8.43333333333
9.38333333333
9.31578947368
--END OF 10--
1.96666666667
1.41666666667
1.16949152542
1.75
2.88333333333
2.88333333333
1.7
0.333333333333
0.783333333333
1.64406779661
1.73333333333
2.13333333333
0.733333333333
0.983333333333
1.35
2.49152542373
1.65
1.86666666667
0.616666666667
1.28333333333
0.8
1.16949152542
0.983333333333
2.71666666667
1.76666666667
2.08333333333
1.36666666667
1.59322033898
2.03333333333
2.1
1.35
1.5
0.559322033898
1.53333333333
1.55
1.23333333333
1.03333333333
2.05
1.59322033898
2.06666666667
0.8
1.3
3.68333333333
1.96666666667
2.08474576271
0.95
1.28333333333
2.1
2.71666666667
1.15
2.8813559322
2.38333333333
2.96666666667
1.46666666667
1.06666666667
1.68333333333
3.49152542373
2.3
4.1
3.66666666667
--END OF 11--
0.0
0.5
0.983050847458
0.583333333333
0.316666666667
0.916666666667
0.0833333333333
0.0
0.0
0.508474576271
0.5
0.833333333333
0.1
0.383333333333
0.35
0.0
0.2
0.233333333333
0.0
0.0
0.466666666667
0.338983050847
0.5
0.416666666667
0.0833333333333
0.0
0.166666666667
0.338983050847
0.0
1.0
0.0
0.5
0.0
0.333333333333
0.45
0.0166666666667
0.0
0.0
0.0
0.0
0.0
0.5
0.5
0.0166666666667
0.864406779661
0.0
0.266666666667
0.0
0.616666666667
0.65
0.0847457627119
0.15
0.833333333333
0.566666666667
0.333333333333
0.166666666667
0.64406779661
0.0
0.7
0.877192982456
--END OF 12--
