11.9333333333
11.7333333333
10.6440677966
11.1833333333
10.9333333333
10.9333333333
11.7166666667
11.75
11.0847457627
11.55
11.5166666667
10.9833333333
11.1833333333
11.2
12.593220339
10.1
9.53333333333
10.4166666667
11.8166666667
10.9
10.2203389831
11.3333333333
11.6166666667
11.7333333333
11.25
12.05
10.3220338983
11.3833333333
12.0
10.95
10.5333333333
10.8474576271
9.91666666667
10.9666666667
10.8833333333
11.9333333333
11.3166666667
11.6440677966
11.65
11.2
10.2
11.5833333333
10.5423728814
10.1
11.4833333333
10.7833333333
10.8666666667
9.91666666667
10.5084745763
10.1833333333
11.1333333333
10.9666666667
11.2
11.3898305085
10.95
10.65
10.4333333333
11.1666666667
10.6949152542
11.8793103448
--END OF 1--
15.4333333333
15.7833333333
16.5084745763
16.15
14.4166666667
14.2
14.65
15.3833333333
14.1525423729
14.95
16.1166666667
14.7833333333
15.8333333333
14.7833333333
15.7966101695
13.45
12.7833333333
14.3333333333
14.7
13.8333333333
14.0
15.0833333333
14.7166666667
15.55
16.25
16.7166666667
14.1525423729
14.9333333333
16.7
14.65
14.3833333333
16.1186440678
13.45
15.0833333333
13.7666666667
15.1833333333
14.8833333333
15.7966101695
16.05
15.4666666667
14.3833333333
15.55
13.813559322
12.9
14.6333333333
14.7833333333
14.5666666667
13.7166666667
14.0338983051
14.9666666667
14.3833333333
14.0166666667
14.7
15.0
13.4166666667
14.9
13.4
14.6833333333
13.3389830508
16.6896551724
--END OF 2--
15.7166666667
16.0333333333
17.2033898305
16.6
15.2666666667
15.0333333333
14.7
15.3833333333
14.5084745763
14.95
16.7666666667
15.3333333333
16.7333333333
15.3833333333
16.0508474576
13.7833333333
13.0833333333
14.5
15.05
13.8333333333
14.1525423729
15.2
15.2666666667
17.0
17.1666666667
17.4
15.5084745763
15.2833333333
17.2
14.65
14.8833333333
16.6101694915
13.9
15.4833333333
13.8333333333
15.4166666667
15.2666666667
16.7457627119
16.4
15.5166666667
14.7833333333
16.0166666667
14.3559322034
13.25
16.3333333333
15.3833333333
15.1666666667
13.9166666667
14.9491525424
14.9666666667
14.8666666667
14.5166666667
15.3
15.5762711864
13.9666666667
14.9
13.6
15.4833333333
13.4406779661
16.6896551724
--END OF 3--
11.9333333333
11.7333333333
10.6440677966
11.1833333333
10.9333333333
10.9333333333
11.7166666667
11.75
11.0847457627
11.55
11.5166666667
10.9833333333
11.1833333333
11.2
12.593220339
10.1
9.53333333333
10.4166666667
11.8166666667
10.9
10.2203389831
11.3333333333
11.6166666667
11.7333333333
11.25
12.05
10.3220338983
11.3833333333
12.0
10.95
10.5333333333
10.8474576271
9.91666666667
10.9666666667
10.8833333333
11.9333333333
11.3166666667
11.6440677966
11.65
11.2
10.2
11.5833333333
10.5423728814
10.1
11.4833333333
10.7833333333
10.8666666667
9.91666666667
10.5084745763
10.1833333333
11.1333333333
10.9666666667
11.2
11.3898305085
10.95
10.65
10.4333333333
11.1666666667
10.6949152542
11.8793103448
--END OF 4--
15.4333333333
15.7833333333
16.5084745763
16.15
14.4166666667
14.2
14.65
15.3833333333
14.1525423729
14.95
16.1166666667
14.7833333333
15.8333333333
14.7833333333
15.7966101695
13.45
12.7833333333
14.3333333333
14.7
13.8333333333
14.0
15.0833333333
14.7166666667
15.55
16.25
16.7166666667
14.1525423729
14.9333333333
16.7
14.65
14.3833333333
16.1186440678
13.45
15.0833333333
13.7666666667
15.1833333333
14.8833333333
15.7966101695
16.05
15.4666666667
14.3833333333
15.55
13.813559322
12.9
14.6333333333
14.7833333333
14.5666666667
13.7166666667
14.0338983051
14.9666666667
14.3833333333
14.0166666667
14.7
15.0
13.4166666667
14.9
13.4
14.6833333333
13.3389830508
16.6896551724
--END OF 5--
15.7166666667
16.0333333333
17.2033898305
16.6
15.2666666667
15.0333333333
14.7
15.3833333333
14.5084745763
14.95
16.7666666667
15.3333333333
16.7333333333
15.3833333333
16.0508474576
13.7833333333
13.0833333333
14.5
15.05
13.8333333333
14.1525423729
15.2
15.2666666667
17.0
17.1666666667
17.4
15.5084745763
15.2833333333
17.2
14.65
14.8833333333
16.6101694915
13.9
15.4833333333
13.8333333333
15.4166666667
15.2666666667
16.7457627119
16.4
15.5166666667
14.7833333333
16.0166666667
14.3559322034
13.25
16.3333333333
15.3833333333
15.1666666667
13.9166666667
14.9491525424
14.9666666667
14.8666666667
14.5166666667
15.3
15.5762711864
13.9666666667
14.9
13.6
15.4833333333
13.4406779661
16.6896551724
--END OF 6--
2179.45
2377.95
2087.13559322
2203.35
2190.7
2162.0
2157.35
2226.05
2161.93220339
2196.3
2242.65
2154.45
2218.35
2090.5
2274.61016949
2076.65
2000.0
2020.55
2242.55
2067.35
2067.55932203
2246.55
2233.95
2236.2
2317.2
2371.1
2067.20338983
2248.35
2330.85
2090.25
2090.1
2225.08474576
1987.0
2108.95
2122.8
2313.75
2244.55
2253.91525424
2279.0
2175.1
2120.9
2293.1
2070.15254237
1887.3
2122.8
2150.55
2190.6
1960.2
1975.52542373
2023.45
2109.5
2091.95
2215.8
2144.13559322
2117.3
2203.55
2059.35
2136.05
2044.83050847
2239.5
--END OF 7--
611.733333333
644.6
590.13559322
616.066666667
604.35
594.433333333
601.266666667
627.366666667
605.745762712
605.3
622.45
583.85
615.45
596.65
659.491525424
587.733333333
548.2
569.75
612.933333333
570.6
571.644067797
626.933333333
627.283333333
622.2
637.683333333
663.3
570.016949153
612.1
650.1
583.6
583.0
606.661016949
560.283333333
577.316666667
580.183333333
636.466666667
617.05
627.644067797
622.816666667
600.333333333
581.816666667
623.133333333
571.288135593
512.85
594.4
590.95
585.15
541.25
545.406779661
561.266666667
583.733333333
568.25
614.933333333
603.813559322
579.05
607.433333333
570.4
590.716666667
558.966101695
638.931034483
--END OF 8--
88.35
90.2833333333
112.254237288
102.0
79.4833333333
74.9833333333
70.0
77.4666666667
73.6271186441
81.95
88.8
75.25
82.45
81.6666666667
83.0847457627
70.3833333333
76.6833333333
82.3333333333
76.2
66.9
65.8813559322
77.7
73.3833333333
95.7333333333
100.583333333
91.5666666667
80.8474576271
78.4
89.25
75.55
80.35
92.7288135593
75.6833333333
89.65
62.6833333333
71.5333333333
79.45
92.0847457627
96.7666666667
90.6166666667
81.8333333333
90.6333333333
74.9152542373
73.3
88.0
85.0
87.4
70.35
74.8983050847
88.0333333333
78.2333333333
81.75
72.3833333333
91.5084745763
68.95
87.8333333333
73.9833333333
78.05
72.7627118644
99.6551724138
--END OF 9--
2.1
2.01666666667
6.8813559322
4.01666666667
2.76666666667
2.8
2.71666666667
2.85
1.77966101695
1.4
5.0
4.25
8.6
2.65
2.13559322034
2.36666666667
0.866666666667
2.4
2.23333333333
0.983333333333
4.1186440678
2.41666666667
3.81666666667
3.73333333333
5.55
2.65
5.16949152542
3.85
5.55
2.45
3.25
5.03389830508
2.93333333333
2.66666666667
2.91666666667
2.95
2.61666666667
5.71186440678
3.35
4.88333333333
4.45
2.7
2.20338983051
2.3
4.1
4.25
4.05
4.95
4.8813559322
3.71666666667
2.15
2.4
2.55
2.81355932203
1.45
2.7
1.81666666667
5.0
0.813559322034
2.75862068966
--END OF 10--
0.283333333333
0.216666666667
0.779661016949
0.35
0.8
0.9
0.183333333333
0.0
0.508474576271
0.0
0.7
0.8
1.05
0.7
0.254237288136
0.0
0.233333333333
0.4
0.366666666667
0.0
0.0
0.366666666667
0.75
1.91666666667
1.51666666667
1.46666666667
1.76271186441
0.25
0.5
0.0
0.95
0.949152542373
0.35
0.95
0.316666666667
0.483333333333
0.3
1.23728813559
0.5
0.0
0.0
0.583333333333
1.03389830508
0.45
2.4
0.55
0.5
0.15
1.37288135593
0.0
0.483333333333
0.65
1.3
1.15254237288
0.933333333333
0.0
0.0
1.41666666667
0.0847457627119
0.0
--END OF 11--
0.0
0.0
0.0
0.0
0.0
0.0
0.0
0.0
0.0
0.0
0.5
0.0
0.25
0.25
0.0
0.0
0.0
0.0
0.0
0.0
0.0
0.0
0.0
0.5
0.0
0.0
0.0
0.0
0.0
0.0
0.0
0.0
0.233333333333
0.266666666667
0.0
0.0
0.0
0.508474576271
0.0
0.0
0.0
0.0
0.101694915254
0.4
1.0
0.5
0.0
0.0
0.0
0.0
0.483333333333
0.0166666666667
0.0
0.0
0.0
0.0
0.0
0.0
0.0
0.0
--END OF 12--
