9.88333333333
9.66101694915
9.4
9.61666666667
9.03333333333
7.98333333333
9.1
9.32203389831
9.1
9.05
10.0833333333
9.05
9.33898305085
9.2
8.91666666667
8.9
9.3
9.48333333333
8.69491525424
8.7
10.1833333333
10.4166666667
9.05
8.93333333333
9.64406779661
9.28333333333
10.5666666667
10.6
10.2166666667
9.75
9.81355932203
9.83333333333
9.71666666667
9.7
9.4
9.45
9.16949152542
9.61666666667
9.68333333333
10.7333333333
10.3
10.4237288136
10.25
10.6833333333
10.5666666667
10.3333333333
10.0833333333
9.15254237288
10.4666666667
10.15
10.4166666667
11.1833333333
10.4833333333
9.40677966102
9.9
10.85
10.95
10.3666666667
9.98333333333
9.75
--END OF 1--
12.6333333333
12.9661016949
13.15
11.7666666667
12.2833333333
10.7333333333
11.9
12.6101694915
12.2333333333
11.8333333333
13.8166666667
13.15
12.3898305085
12.1666666667
12.7833333333
12.8833333333
12.4333333333
13.05
12.3559322034
11.9
13.2833333333
13.5166666667
11.9
12.0833333333
13.5254237288
13.15
13.8666666667
14.8
14.0833333333
13.0833333333
12.7457627119
13.6333333333
13.0
13.5666666667
13.4
12.9
13.2203389831
12.9166666667
14.2333333333
14.25
14.0
14.3898305085
14.5166666667
14.4
14.2833333333
14.15
13.3166666667
13.5593220339
14.75
14.3
13.6
15.6666666667
15.1833333333
14.406779661
13.75
14.4333333333
14.0666666667
14.4833333333
14.8
12.9833333333
--END OF 2--
13.05
13.0169491525
14.05
12.3166666667
12.9833333333
10.7333333333
12.5
12.7627118644
12.8666666667
12.4
13.9166666667
13.7833333333
12.6779661017
13.1333333333
13.5
13.65
13.2666666667
13.35
13.2711864407
12.2
13.5833333333
14.0166666667
13.1
12.4833333333
13.6779661017
14.0
14.6333333333
15.7833333333
14.6166666667
13.9333333333
13.0169491525
14.25
14.95
14.15
13.9
13.35
14.3389830508
13.4333333333
14.4666666667
14.25
14.2333333333
15.0338983051
15.1333333333
14.9833333333
15.3166666667
14.2333333333
13.7333333333
13.8813559322
14.7666666667
15.2166666667
14.3166666667
17.45
15.5333333333
14.4576271186
14.65
15.25
15.2166666667
15.3333333333
15.05
13.65
--END OF 3--
9.88333333333
9.66101694915
9.4
9.61666666667
9.03333333333
7.98333333333
9.1
9.32203389831
9.1
9.05
10.0833333333
9.05
9.33898305085
9.2
8.91666666667
8.9
9.3
9.48333333333
8.69491525424
8.7
10.1833333333
10.4166666667
9.05
8.93333333333
9.64406779661
9.28333333333
10.5666666667
10.6
10.2166666667
9.75
9.81355932203
9.83333333333
9.71666666667
9.7
9.4
9.45
9.16949152542
9.61666666667
9.68333333333
10.7333333333
10.3
10.4237288136
10.25
10.6833333333
10.5666666667
10.3333333333
10.0833333333
9.15254237288
10.4666666667
10.15
10.4166666667
11.1833333333
10.4833333333
9.40677966102
9.9
10.85
10.95
10.3666666667
9.98333333333
9.75
--END OF 4--
12.6333333333
12.9661016949
13.15
11.7666666667
12.2833333333
10.7333333333
11.9
12.6101694915
12.2333333333
11.8333333333
13.8166666667
13.15
12.3898305085
12.1666666667
12.7833333333
12.8833333333
12.4333333333
13.05
12.3559322034
11.9
13.2833333333
13.5166666667
11.9
12.0833333333
13.5254237288
13.15
13.8666666667
14.8
14.0833333333
13.0833333333
12.7457627119
13.6333333333
13.0
13.5666666667
13.4
12.9
13.2203389831
12.9166666667
14.2333333333
14.25
14.0
14.3898305085
14.5166666667
14.4
14.2833333333
14.15
13.3166666667
13.5593220339
14.75
14.3
13.6
15.6666666667
15.1833333333
14.406779661
13.75
14.4333333333
14.0666666667
14.4833333333
14.8
12.9833333333
--END OF 5--
13.05
13.0169491525
14.05
12.3166666667
12.9833333333
10.7333333333
12.5
12.7627118644
12.8666666667
12.4
13.9166666667
13.7833333333
12.6779661017
13.1333333333
13.5
13.65
13.2666666667
13.35
13.2711864407
12.2
13.5833333333
14.0166666667
13.1
12.4833333333
13.6779661017
14.0
14.6333333333
15.7833333333
14.6166666667
13.9333333333
13.0169491525
14.25
14.95
14.15
13.9
13.35
14.3389830508
13.4333333333
14.4666666667
14.25
14.2333333333
15.0338983051
15.1333333333
14.9833333333
15.3166666667
14.2333333333
13.7333333333
13.8813559322
14.7666666667
15.2166666667
14.3166666667
17.45
15.5333333333
14.4576271186
14.65
15.25
15.2166666667
15.3333333333
15.05
13.65
--END OF 6--
1812.1
1822.22033898
1785.9
1752.0
1884.3
1651.2
1863.9
1763.18644068
1806.75
1760.25
1862.1
1930.7
1838.18644068
1711.85
1750.0
1750.1
1767.3
1759.55
1780.01694915
1751.55
2023.35
2027.55
1752.9
1717.65
1867.88135593
1829.95
1969.6
1942.55
1913.4
1794.8
1895.6440678
1910.35
1877.4
1886.05
1807.95
1831.35
1862.33898305
1807.65
1950.25
1993.85
1899.45
2065.98305085
1996.05
2026.9
1932.9
1930.45
1963.5
1927.57627119
2016.85
1952.5
1927.05
2127.95
2112.15
1920.05084746
2004.35
1974.35
2023.5
1977.1
1891.45
1810.5
--END OF 7--
517.15
517.271186441
492.9
494.0
527.95
475.9
517.4
503.491525424
492.466666667
479.166666667
529.9
512.916666667
508.118644068
487.233333333
492.35
494.6
503.783333333
503.583333333
501.508474576
501.25
561.9
560.05
487.55
483.85
520.06779661
512.75
561.533333333
563.35
540.583333333
510.85
518.457627119
538.566666667
520.1
539.216666667
513.216666667
512.133333333
524.237288136
510.5
543.783333333
574.566666667
535.266666667
573.440677966
560.583333333
573.733333333
548.15
549.9
540.983333333
527.355932203
561.383333333
553.2
549.933333333
590.133333333
592.283333333
539.779661017
552.383333333
565.333333333
570.0
565.883333333
547.133333333
506.666666667
--END OF 8--
74.0833333333
76.3220338983
82.85
56.2
78.3
62.5
57.9
76.6779661017
73.0833333333
67.25
76.7
83.1833333333
68.6779661017
74.15
70.9333333333
88.3166666667
74.7
81.3333333333
83.0508474576
71.45
71.15
75.9
73.95
63.5
84.1694915254
72.7166666667
79.7333333333
92.1166666667
84.15
76.9166666667
65.4576271186
80.9
74.65
80.0166666667
78.9166666667
75.65
82.0338983051
79.7666666667
92.85
86.0333333333
86.5
82.4406779661
87.25
75.2166666667
82.9666666667
78.5666666667
74.4333333333
83.1694915254
94.6833333333
81.8666666667
73.5166666667
99.6333333333
85.9166666667
99.5084745763
77.35
82.1333333333
79.0166666667
91.7666666667
89.35
76.2833333333
--END OF 9--
1.75
0.64406779661
5.6
2.1
2.3
1.0
2.35
1.57627118644
2.63333333333
0.966666666667
4.66666666667
4.01666666667
2.06779661017
3.08333333333
3.36666666667
4.91666666667
3.01666666667
3.9
1.98305084746
1.25
2.45
2.65
4.2
4.6
2.89830508475
4.03333333333
3.6
5.05
5.73333333333
3.6
1.94915254237
3.28333333333
4.65
2.86666666667
3.45
2.71666666667
3.91525423729
1.78333333333
3.56666666667
1.15
4.25
3.40677966102
4.81666666667
5.06666666667
6.5
3.3
2.88333333333
4.72881355932
4.41666666667
4.36666666667
2.91666666667
6.4
4.46666666667
2.08474576271
6.61666666667
3.2
3.66666666667
3.11666666667
5.08333333333
2.9
--END OF 10--
0.566666666667
0.0508474576271
1.55
0.6
1.3
0.1
1.25
0.152542372881
0.533333333333
0.966666666667
0.0
0.933333333333
0.28813559322
1.0
0.783333333333
0.416666666667
1.08333333333
0.5
0.966101694915
0.05
0.15
0.75
1.6
0.7
0.305084745763
1.13333333333
0.9
1.1
0.8
1.25
0.64406779661
0.883333333333
3.11666666667
0.683333333333
0.5
0.583333333333
1.71186440678
0.933333333333
0.316666666667
0.0
0.383333333333
0.796610169492
0.816666666667
0.9
0.933333333333
0.0666666666667
0.75
0.474576271186
0.0166666666667
1.31666666667
0.833333333333
2.43333333333
0.666666666667
0.135593220339
0.783333333333
1.3
1.58333333333
0.983333333333
0.266666666667
1.25
--END OF 11--
0.566666666667
0.0508474576271
0.45
0.0
0.0
0.0
0.35
0.152542372881
0.0
0.0
0.0
0.0
0.0
0.5
0.0
0.0
0.5
0.0
0.0
0.0
0.0
0.25
0.75
0.0
0.0
0.5
0.5
0.5
0.0
0.5
0.0
0.0
0.816666666667
0.183333333333
0.0
0.0
0.0
0.0
0.0
0.0
0.0
0.796610169492
0.1
0.0
0.0
0.0
0.0
0.0
0.0166666666667
0.7
0.15
1.25
0.0
0.0
0.433333333333
0.416666666667
0.316666666667
0.116666666667
0.0
0.516666666667
--END OF 12--
