14.9166666667
15.5166666667
14.9333333333
14.6166666667
15.2166666667
14.6440677966
14.75
15.2166666667
14.7666666667
15.5666666667
13.7666666667
14.7627118644
15.05
13.9833333333
14.7166666667
14.5333333333
13.9830508475
14.55
14.4666666667
12.85
14.9
13.9322033898
14.2
14.3833333333
14.9833333333
14.65
14.4915254237
14.7833333333
13.5833333333
14.3
15.3
14.1186440678
14.8666666667
14.05
14.95
14.8
14.4915254237
15.1833333333
13.6333333333
14.0833333333
15.15
14.1186440678
14.4666666667
14.8166666667
13.7333333333
15.0169491525
13.5166666667
14.9333333333
13.2833333333
14.65
14.7627118644
14.3
14.4166666667
14.5833333333
14.5166666667
13.6440677966
13.5333333333
14.1833333333
15.2
15.0178571429
--END OF 1--
21.2166666667
21.0666666667
20.5333333333
21.7166666667
23.2166666667
22.0338983051
21.1666666667
21.2166666667
21.7666666667
23.7
20.4833333333
22.7627118644
22.2166666667
20.45
20.0166666667
20.8833333333
20.4576271186
21.3
21.0166666667
20.75
20.9
19.593220339
19.3333333333
21.6166666667
21.3166666667
21.6833333333
21.1355932203
20.25
19.4166666667
20.0166666667
21.1666666667
19.1694915254
20.0666666667
18.2
21.15
22.25
20.4237288136
21.4666666667
19.55
20.5666666667
21.8833333333
20.0338983051
21.25
20.9333333333
19.8666666667
22.3728813559
21.2833333333
21.0333333333
18.7833333333
20.8
20.7966101695
20.4333333333
21.2666666667
20.6666666667
19.8833333333
20.2372881356
19.3666666667
20.3166666667
22.8166666667
22.625
--END OF 2--
21.8666666667
21.6666666667
22.0833333333
22.3166666667
23.5666666667
22.5593220339
21.5833333333
22.15
22.3833333333
25.3166666667
21.4166666667
23.9322033898
22.4833333333
21.3666666667
21.0833333333
21.8166666667
21.3898305085
22.3
22.3166666667
21.4
22.15
20.4915254237
20.2
21.8166666667
21.5666666667
21.7166666667
21.8305084746
21.1
20.0166666667
20.7833333333
21.5666666667
19.6610169492
21.1166666667
19.95
22.1
23.75
20.9491525424
22.7833333333
20.55
21.2666666667
24.3666666667
22.3389830508
22.3333333333
21.7666666667
21.1333333333
23.9830508475
22.4333333333
21.2833333333
19.6333333333
21.9666666667
22.0847457627
21.5
22.2666666667
21.4166666667
20.4833333333
21.0847457627
20.1
21.0333333333
23.4333333333
23.0
--END OF 3--
14.9166666667
15.5166666667
14.9333333333
14.6166666667
15.2166666667
14.6440677966
14.75
15.2166666667
14.7666666667
15.5666666667
13.7666666667
14.7627118644
15.05
13.9833333333
14.7166666667
14.5333333333
13.9830508475
14.55
14.4666666667
12.85
14.9
13.9322033898
14.2
14.3833333333
14.9833333333
14.65
14.4915254237
14.7833333333
13.5833333333
14.3
15.3
14.1186440678
14.8666666667
14.05
14.95
14.8
14.4915254237
15.1833333333
13.6333333333
14.0833333333
15.15
14.1186440678
14.4666666667
14.8166666667
13.7333333333
15.0169491525
13.5166666667
14.9333333333
13.2833333333
14.65
14.7627118644
14.3
14.4166666667
14.5833333333
14.5166666667
13.6440677966
13.5333333333
14.1833333333
15.2
15.0178571429
--END OF 4--
21.2166666667
21.0666666667
20.5333333333
21.7166666667
23.2166666667
22.0338983051
21.1666666667
21.2166666667
21.7666666667
23.7
20.4833333333
22.7627118644
22.2166666667
20.45
20.0166666667
20.8833333333
20.4576271186
21.3
21.0166666667
20.75
20.9
19.593220339
19.3333333333
21.6166666667
21.3166666667
21.6833333333
21.1355932203
20.25
19.4166666667
20.0166666667
21.1666666667
19.1694915254
20.0666666667
18.2
21.15
22.25
20.4237288136
21.4666666667
19.55
20.5666666667
21.8833333333
20.0338983051
21.25
20.9333333333
19.8666666667
22.3728813559
21.2833333333
21.0333333333
18.7833333333
20.8
20.7966101695
20.4333333333
21.2666666667
20.6666666667
19.8833333333
20.2372881356
19.3666666667
20.3166666667
22.8166666667
22.625
--END OF 5--
21.8666666667
21.6666666667
22.0833333333
22.3166666667
23.5666666667
22.5593220339
21.5833333333
22.15
22.3833333333
25.3166666667
21.4166666667
23.9322033898
22.4833333333
21.3666666667
21.0833333333
21.8166666667
21.3898305085
22.3
22.3166666667
21.4
22.15
20.4915254237
20.2
21.8166666667
21.5666666667
21.7166666667
21.8305084746
21.1
20.0166666667
20.7833333333
21.5666666667
19.6610169492
21.1166666667
19.95
22.1
23.75
20.9491525424
22.7833333333
20.55
21.2666666667
24.3666666667
22.3389830508
22.3333333333
21.7666666667
21.1333333333
23.9830508475
22.4333333333
21.2833333333
19.6333333333
21.9666666667
22.0847457627
21.5
22.2666666667
21.4166666667
20.4833333333
21.0847457627
20.1
21.0333333333
23.4333333333
23.0
--END OF 6--
2771.55
2969.7
2714.25
2823.75
2921.2
2801.59322034
2846.2
2768.7
2687.15
3058.35
2721.25
2827.22033898
2921.45
2661.7
2709.75
2736.0
2720.18644068
2739.6
2757.3
2732.85
2826.15
2717.69491525
2755.7
2718.6
2797.2
2788.5
2814.20338983
2737.25
2582.1
2728.2
2773.2
2698.52542373
2693.25
2541.9
2823.3
2770.8
2717.03389831
2747.55
2624.45
2649.15
2834.6
2625.66101695
2750.2
2773.55
2639.1
2862.61016949
2625.25
2785.95
2650.35
2776.85
2722.16949153
2716.05
2752.55
2752.8
2664.2
2623.47457627
2645.3
2660.75
2800.15
2877.16071429
--END OF 7--
785.35
808.45
771.05
786.5
798.466666667
792.796610169
799.333333333
779.366666667
768.616666667
835.983333333
747.766666667
807.0
798.316666667
729.2
761.466666667
760.083333333
749.93220339
761.5
767.7
744.45
781.1
754.338983051
776.033333333
761.95
784.783333333
787.483333333
793.576271186
766.516666667
737.033333333
758.416666667
787.733333333
738.881355932
769.0
725.4
777.25
780.35
759.355932203
781.683333333
727.4
753.45
784.7
740.050847458
769.466666667
781.116666667
727.95
795.220338983
747.216666667
784.75
712.0
762.183333333
768.93220339
755.5
767.083333333
767.1
751.7
741.050847458
737.716666667
751.566666667
781.0
802.928571429
--END OF 8--
131.4
122.35
124.1
134.15
147.833333333
142.644067797
132.85
113.45
133.75
151.6
133.5
159.491525424
135.766666667
115.783333333
118.883333333
137.8
128.847457627
134.15
130.4
134.2
133.8
136.728813559
121.433333333
152.483333333
143.6
146.9
135.813559322
123.15
128.083333333
118.466666667
138.966666667
132.711864407
117.2
99.2
127.55
144.3
128.847457627
146.183333333
116.383333333
124.0
138.033333333
136.237288136
141.1
126.866666667
144.883333333
145.169491525
127.916666667
131.6
109.85
128.35
130.288135593
121.966666667
133.233333333
133.766666667
123.783333333
134.474576271
121.416666667
123.583333333
151.833333333
146.767857143
--END OF 9--
4.3
4.45
6.15
5.85
10.1333333333
7.20338983051
4.21666666667
7.23333333333
7.43333333333
14.2833333333
6.68333333333
6.32203389831
6.96666666667
10.1166666667
4.3
5.71666666667
4.50847457627
5.6
7.65
13.25
4.65
2.93220338983
2.71666666667
5.31666666667
3.18333333333
4.86666666667
3.47457627119
5.48333333333
2.15
6.18333333333
3.93333333333
2.98305084746
4.4
5.15
4.95
10.1
4.71186440678
6.65
4.88333333333
7.75
10.0333333333
7.72881355932
6.45
6.88333333333
3.6
7.83050847458
11.7333333333
3.55
6.75
6.83333333333
7.25423728814
6.78333333333
8.78333333333
4.53333333333
4.11666666667
3.42372881356
5.18333333333
5.81666666667
7.21666666667
6.64285714286
--END OF 10--
1.05
0.9
1.6
0.95
0.55
0.745762711864
0.85
1.43333333333
1.01666666667
1.83333333333
1.48333333333
1.03389830508
0.5
0.0666666666667
1.21666666667
1.31666666667
1.54237288136
1.65
2.3
0.1
1.55
1.20338983051
0.75
0.416666666667
0.0
0.0333333333333
0.983050847458
1.0
0.5
1.46666666667
0.2
0.338983050847
1.2
1.6
1.05
2.65
0.0847457627119
2.28333333333
1.61666666667
1.2
3.68333333333
3.66101694915
1.78333333333
1.08333333333
2.33333333333
2.25423728814
1.66666666667
0.4
1.0
1.46666666667
1.37288135593
1.58333333333
1.38333333333
1.0
0.766666666667
1.30508474576
0.883333333333
0.583333333333
1.11666666667
0.482142857143
--END OF 11--
0.0
0.0
1.5
0.0
0.0
0.0
0.0
0.0
0.0
0.5
0.5
0.508474576271
0.0
0.0
0.0
0.0
0.0
0.0
0.0
0.1
0.9
0.338983050847
0.166666666667
0.0
0.0
0.0
0.0
0.5
0.5
0.0
0.0
0.0
0.5
0.0
0.0
0.5
0.0
0.0
0.0
0.283333333333
0.416666666667
0.118644067797
0.65
0.0
0.0
0.0
0.366666666667
0.0
0.0
0.4
1.0
0.116666666667
0.3
0.3
0.0
0.0
0.0
0.266666666667
0.433333333333
0.0
--END OF 12--
