13.4333333333
12.8
13.6666666667
13.7833333333
12.9833333333
12.8305084746
12.4833333333
13.9
12.2
13.2166666667
13.1833333333
13.1694915254
13.2333333333
12.45
13.8333333333
13.8
13.5166666667
13.2372881356
13.5
12.2833333333
12.4166666667
13.3333333333
12.8474576271
14.0
12.6833333333
12.4833333333
13.4666666667
13.8474576271
14.0
13.4833333333
13.5666666667
12.85
11.4745762712
13.55
13.3333333333
13.5333333333
12.25
13.1186440678
12.9166666667
13.4166666667
13.4333333333
13.55
11.8644067797
12.9
13.6
13.8666666667
13.2333333333
13.593220339
13.8666666667
13.25
12.6833333333
13.1
12.9491525424
12.3833333333
12.0833333333
12.4166666667
12.9666666667
13.9661016949
13.2
12.7931034483
--END OF 1--
19.35
18.35
18.7666666667
18.9166666667
17.7666666667
19.6779661017
18.15
21.9333333333
19.1333333333
18.9666666667
19.05
18.3559322034
18.4833333333
18.0
19.7333333333
18.3
20.0833333333
19.4915254237
19.0833333333
17.6833333333
18.6333333333
18.95
19.5762711864
19.7666666667
18.8333333333
18.85
18.2333333333
18.8983050847
18.45
19.0333333333
19.3166666667
18.65
17.9661016949
18.7333333333
20.2333333333
19.7166666667
17.8333333333
18.1694915254
19.3166666667
20.8666666667
20.4166666667
19.5833333333
17.0
19.8
19.35
20.55
18.9833333333
19.8474576271
19.4833333333
18.6166666667
17.2666666667
19.3
18.5423728814
19.5
19.0166666667
18.8166666667
18.9166666667
20.5762711864
21.2166666667
18.2586206897
--END OF 2--
20.4666666667
19.0166666667
19.95
19.6166666667
18.1166666667
21.3898305085
20.1666666667
22.0666666667
19.6166666667
20.2333333333
19.4333333333
18.9661016949
19.0833333333
18.85
20.4333333333
18.95
20.9666666667
20.8474576271
19.35
18.3666666667
20.2166666667
19.8666666667
20.6610169492
20.9166666667
19.15
19.6666666667
18.9666666667
18.8983050847
19.8
19.7833333333
19.9666666667
18.95
18.6779661017
19.7166666667
20.5333333333
20.1833333333
18.2166666667
18.5423728814
20.45
22.1
21.4166666667
20.6833333333
17.4915254237
20.7
20.35
21.35
20.05
21.0677966102
20.4166666667
20.5166666667
17.4166666667
20.65
18.7118644068
20.2166666667
21.6666666667
20.15
19.3333333333
21.9322033898
23.1
19.1551724138
--END OF 3--
13.4333333333
12.8
13.6666666667
13.7833333333
12.9833333333
12.8305084746
12.4833333333
13.9
12.2
13.2166666667
13.1833333333
13.1694915254
13.2333333333
12.45
13.8333333333
13.8
13.5166666667
13.2372881356
13.5
12.2833333333
12.4166666667
13.3333333333
12.8474576271
14.0
12.6833333333
12.4833333333
13.4666666667
13.8474576271
14.0
13.4833333333
13.5666666667
12.85
11.4745762712
13.55
13.3333333333
13.5333333333
12.25
13.1186440678
12.9166666667
13.4166666667
13.4333333333
13.55
11.8644067797
12.9
13.6
13.8666666667
13.2333333333
13.593220339
13.8666666667
13.25
12.6833333333
13.1
12.9491525424
12.3833333333
12.0833333333
12.4166666667
12.9666666667
13.9661016949
13.2
12.7931034483
--END OF 4--
19.35
18.35
18.7666666667
18.9166666667
17.7666666667
19.6779661017
18.15
21.9333333333
19.1333333333
18.9666666667
19.05
18.3559322034
18.4833333333
18.0
19.7333333333
18.3
20.0833333333
19.4915254237
19.0833333333
17.6833333333
18.6333333333
18.95
19.5762711864
19.7666666667
18.8333333333
18.85
18.2333333333
18.8983050847
18.45
19.0333333333
19.3166666667
18.65
17.9661016949
18.7333333333
20.2333333333
19.7166666667
17.8333333333
18.1694915254
19.3166666667
20.8666666667
20.4166666667
19.5833333333
17.0
19.8
19.35
20.55
18.9833333333
19.8474576271
19.4833333333
18.6166666667
17.2666666667
19.3
18.5423728814
19.5
19.0166666667
18.8166666667
18.9166666667
20.5762711864
21.2166666667
18.2586206897
--END OF 5--
20.4666666667
19.0166666667
19.95
19.6166666667
18.1166666667
21.3898305085
20.1666666667
22.0666666667
19.6166666667
20.2333333333
19.4333333333
18.9661016949
19.0833333333
18.85
20.4333333333
18.95
20.9666666667
20.8474576271
19.35
18.3666666667
20.2166666667
19.8666666667
20.6610169492
20.9166666667
19.15
19.6666666667
18.9666666667
18.8983050847
19.8
19.7833333333
19.9666666667
18.95
18.6779661017
19.7166666667
20.5333333333
20.1833333333
18.2166666667
18.5423728814
20.45
22.1
21.4166666667
20.6833333333
17.4915254237
20.7
20.35
21.35
20.05
21.0677966102
20.4166666667
20.5166666667
17.4166666667
20.65
18.7118644068
20.2166666667
21.6666666667
20.15
19.3333333333
21.9322033898
23.1
19.1551724138
--END OF 6--
2479.0
2525.45
2545.55
2548.7
2516.3
2533.83050847
2456.95
2644.6
2478.75
2617.05
2462.35
2431.57627119
2469.15
2326.8
2528.1
2539.5
2545.3
2602.72881356
2630.65
2453.95
2447.2
2580.75
2517.86440678
2638.15
2450.25
2503.5
2627.8
2596.72881356
2594.1
2576.85
2583.0
2564.7
2367.40677966
2588.1
2540.9
2548.2
2384.85
2509.42372881
2499.25
2552.6
2605.7
2563.5
2407.93220339
2595.9
2491.2
2616.5
2593.1
2551.88135593
2562.0
2505.4
2439.15
2539.95
2459.94915254
2512.65
2388.25
2427.15
2432.2
2694.71186441
2587.3
2455.44827586
--END OF 7--
708.316666667
698.0
717.866666667
716.616666667
690.916666667
720.474576271
680.666666667
750.966666667
691.616666667
728.933333333
706.483333333
692.423728814
701.35
663.45
726.85
710.9
715.166666667
736.508474576
739.9
689.516666667
693.583333333
712.3
706.406779661
733.933333333
678.516666667
693.883333333
728.1
719.762711864
723.7
712.25
719.8
714.55
668.677966102
716.133333333
727.8
714.683333333
665.433333333
703.254237288
695.783333333
725.766666667
736.716666667
705.966666667
660.186440678
715.35
708.15
732.716666667
712.783333333
722.661016949
709.616666667
703.616666667
677.066666667
711.466666667
686.050847458
685.5
681.966666667
680.766666667
676.9
751.254237288
723.566666667
688.327586207
--END OF 8--
117.083333333
112.8
99.35
104.083333333
123.283333333
140.677966102
122.35
140.5
136.216666667
120.9
120.033333333
117.949152542
103.25
108.4
116.55
102.8
135.0
132.694915254
103.75
111.183333333
136.333333333
121.016666667
128.694915254
121.15
120.5
118.333333333
116.616666667
104.661016949
111.05
113.15
111.5
126.35
124.745762712
120.65
126.816666667
116.85
115.916666667
104.983050847
123.866666667
131.65
120.9
127.833333333
109.186440678
121.8
124.7
134.083333333
121.216666667
133.101694915
119.716666667
120.383333333
105.15
115.366666667
123.118644068
122.45
136.366666667
122.25
127.8
132.016949153
148.433333333
129.172413793
--END OF 9--
6.7
6.45
7.1
5.41666666667
2.86666666667
8.05084745763
7.7
10.35
8.08333333333
8.43333333333
4.46666666667
4.16949152542
5.65
7.35
7.7
3.65
6.03333333333
6.23728813559
4.28333333333
3.78333333333
7.4
5.23333333333
6.79661016949
6.01666666667
5.38333333333
6.0
3.76666666667
3.40677966102
4.05
7.55
6.65
2.55
4.59322033898
7.36666666667
4.71666666667
5.63333333333
4.01666666667
3.91525423729
8.15
7.75
9.38333333333
8.2
3.89830508475
7.15
5.4
4.8
6.4
8.08474576271
6.4
8.21666666667
2.2
9.36666666667
2.27118644068
7.06666666667
10.1666666667
7.28333333333
4.5
8.86440677966
13.2
3.62068965517
--END OF 10--
1.81666666667
0.683333333333
1.38333333333
0.9
0.7
2.42372881356
2.6
0.0333333333333
0.8
1.11666666667
0.55
0.949152542373
1.45
1.45
0.9
1.2
0.75
1.05084745763
0.516666666667
0.916666666667
2.38333333333
1.78333333333
1.49152542373
1.48333333333
0.366666666667
0.9
0.133333333333
0.0508474576271
1.9
0.55
1.1
0.4
0.847457627119
1.16666666667
0.333333333333
0.966666666667
0.933333333333
0.576271186441
1.7
1.33333333333
1.48333333333
1.38333333333
1.06779661017
1.25
0.7
1.35
1.7
1.71186440678
1.38333333333
2.55
0.233333333333
2.45
0.389830508475
0.766666666667
3.63333333333
2.16666666667
0.433333333333
1.01694915254
2.96666666667
1.03448275862
--END OF 11--
0.583333333333
0.416666666667
0.883333333333
0.116666666667
0.0
0.593220338983
0.85
0.0333333333333
0.3
0.5
0.0
0.0
0.0
0.0
0.0
0.0
0.4
0.593220338983
0.0166666666667
0.0
0.0
0.0
0.0
0.4
0.366666666667
0.0333333333333
0.0
0.0508474576271
0.9
0.05
0.0
0.0
0.0
0.0
0.0
0.0
0.0
0.0
0.0
0.0666666666667
0.433333333333
0.0
0.0
0.5
0.0
0.0
0.166666666667
0.0
0.383333333333
0.116666666667
0.0
0.0
0.0
0.0
0.466666666667
0.0333333333333
0.0
0.0
0.166666666667
0.0
--END OF 12--
