17.4833333333
18.0833333333
17.5762711864
17.15
17.4
16.9666666667
16.45
17.5333333333
17.2203389831
16.8333333333
17.95
16.7333333333
17.05
16.6666666667
17.9322033898
18.2333333333
18.5
17.3
17.65
17.6271186441
17.5333333333
18.0
17.25
17.4
16.3666666667
18.0508474576
19.05
18.9333333333
17.2333333333
18.3833333333
17.1355932203
17.7
17.95
18.25
18.2
17.9833333333
17.9152542373
18.1166666667
16.5833333333
17.5833333333
17.1833333333
15.8474576271
17.8833333333
18.0166666667
17.2833333333
16.7833333333
17.5833333333
17.1355932203
18.2
17.15
17.2166666667
17.5333333333
16.4237288136
17.35
17.4333333333
17.9166666667
17.4166666667
17.0333333333
17.4237288136
17.3333333333
--END OF 1--
22.9333333333
21.9833333333
23.406779661
21.3666666667
21.5
21.55
21.7333333333
22.65
23.1016949153
21.85
22.45
20.9833333333
21.2
21.3833333333
22.2203389831
22.9333333333
23.15
23.1
22.3
22.9491525424
22.1333333333
22.8
21.4666666667
21.6666666667
20.9166666667
23.4406779661
23.8833333333
23.35
21.5333333333
22.75
21.4915254237
23.2166666667
21.6
23.8
23.35
23.4833333333
21.9491525424
22.9
21.1
21.5166666667
21.6
19.813559322
22.4333333333
22.45
21.9
21.4833333333
22.55
21.406779661
23.1
21.05
21.4166666667
21.6333333333
20.3050847458
21.8
22.7666666667
22.95
23.3833333333
20.6833333333
23.0169491525
21.2807017544
--END OF 2--
23.9833333333
22.0833333333
23.8983050847
21.6166666667
21.7666666667
22.3166666667
22.7666666667
22.9
23.8305084746
22.35
22.7
21.3666666667
21.8666666667
21.6666666667
22.3220338983
23.6333333333
23.6
23.8
22.75
24.9152542373
22.8
23.1333333333
22.1666666667
22.1666666667
21.4166666667
25.0169491525
24.6666666667
24.0833333333
21.5333333333
22.75
21.6779661017
24.3666666667
21.95
24.15
25.1
24.4666666667
22.186440678
23.9833333333
22.2
22.3833333333
21.7166666667
20.1355932203
23.6166666667
23.3333333333
22.9166666667
22.7
23.15
22.1355932203
23.4
22.7
21.7666666667
22.1833333333
21.3389830508
22.6833333333
23.0166666667
23.4333333333
24.1833333333
20.75
24.1694915254
22.2807017544
--END OF 3--
17.4833333333
18.0833333333
17.5762711864
17.15
17.4
16.9666666667
16.45
17.5333333333
17.2203389831
16.8333333333
17.95
16.7333333333
17.05
16.6666666667
17.9322033898
18.2333333333
18.5
17.3
17.65
17.6271186441
17.5333333333
18.0
17.25
17.4
16.3666666667
18.0508474576
19.0
18.8833333333
17.2333333333
18.3833333333
17.1355932203
17.7
17.95
18.25
18.2
17.9833333333
17.9152542373
18.1166666667
16.5833333333
17.5833333333
17.1833333333
15.8474576271
17.8833333333
18.0166666667
17.2833333333
16.7833333333
17.5833333333
17.1355932203
18.2
17.15
17.2166666667
17.5333333333
16.4237288136
17.35
17.4333333333
17.9166666667
17.4166666667
17.0333333333
17.4237288136
17.3333333333
--END OF 4--
22.9333333333
21.9833333333
23.406779661
21.3666666667
21.5
21.55
21.7333333333
22.65
23.1016949153
21.85
22.45
20.9833333333
21.2
21.3833333333
22.2203389831
22.9333333333
23.15
23.1
22.3
22.9491525424
22.1333333333
22.8
21.4666666667
21.6666666667
20.9166666667
23.4406779661
23.8833333333
23.35
21.5333333333
22.75
21.4915254237
23.2166666667
21.6
23.8
23.35
23.4833333333
21.9491525424
22.9
21.1
21.5166666667
21.6
19.813559322
22.4333333333
22.45
21.9
21.4833333333
22.55
21.406779661
23.1
21.05
21.4166666667
21.6333333333
20.3050847458
21.8
22.7666666667
22.95
23.3833333333
20.6833333333
23.0169491525
21.2807017544
--END OF 5--
23.9833333333
22.0833333333
23.8983050847
21.6166666667
21.7666666667
22.3166666667
22.7666666667
22.9
23.8305084746
22.35
22.7
21.3666666667
21.8666666667
21.6666666667
22.3220338983
23.6333333333
23.6
23.8
22.75
24.9152542373
22.8
23.1333333333
22.1666666667
22.1666666667
21.4166666667
25.0169491525
24.6666666667
24.0833333333
21.5333333333
22.75
21.6779661017
24.3666666667
21.95
24.15
25.1
24.4666666667
22.186440678
23.9833333333
22.2
22.3833333333
21.7166666667
20.1355932203
23.6166666667
23.3333333333
22.9166666667
22.7
23.15
22.1355932203
23.4
22.7
21.7666666667
22.1833333333
21.3389830508
22.6833333333
23.0166666667
23.4333333333
24.1833333333
20.75
24.1694915254
22.2807017544
--END OF 6--
3279.75
3303.45
3311.89830508
3271.25
3319.95
3298.35
3216.2
3336.6
3332.79661017
3226.55
3430.3
3248.1
3293.55
3264.8
3401.89830508
3430.35
3280.35
3376.5
3299.85
3352.37288136
3209.1
3444.6
3212.55
3225.6
3048.55
3399.30508475
3472.7
3470.5
3217.2
3411.65
3247.27118644
3340.25
3260.1
3409.05
3481.8
3375.9
3282.86440678
3440.3
3165.05
3167.8
3227.4
3025.3220339
3375.7
3295.3
3274.6
3154.6
3306.5
3242.89830508
3341.25
3163.5
3280.8
3336.45
3112.72881356
3329.3
3195.75
3332.05
3294.2
3094.15
3159.3559322
3292.42105263
--END OF 7--
901.35
910.4
908.694915254
901.666666667
924.766666667
910.75
885.283333333
906.733333333
924.983050847
868.75
928.516666667
883.866666667
889.433333333
891.65
931.694915254
938.55
927.85
907.15
903.25
927.355932203
892.616666667
944.766666667
892.583333333
901.9
847.733333333
952.372881356
972.666666667
943.683333333
911.433333333
946.766666667
886.474576271
926.783333333
899.35
941.5
935.1
936.716666667
913.440677966
955.65
865.05
897.033333333
882.55
832.305084746
924.883333333
915.433333333
897.4
855.333333333
901.283333333
886.525423729
921.3
882.25
901.4
912.25
851.06779661
896.766666667
902.366666667
931.45
920.283333333
859.533333333
884.406779661
894.842105263
--END OF 8--
128.9
116.25
121.169491525
99.1333333333
106.433333333
108.583333333
114.166666667
102.55
115.389830508
106.333333333
106.616666667
93.9166666667
100.033333333
99.4
112.084745763
106.85
108.25
130.8
116.0
117.983050847
116.066666667
108.183333333
94.9333333333
103.45
105.266666667
124.711864407
115.633333333
109.4
104.15
110.033333333
106.610169492
126.866666667
106.45
119.2
117.0
118.233333333
107.237288136
109.283333333
103.766666667
104.183333333
99.7166666667
91.4915254237
109.3
107.483333333
102.75
109.65
112.633333333
100.898305085
109.9
94.6
101.35
88.75
97.4406779661
116.883333333
123.25
110.05
126.233333333
100.9
121.542372881
95.8947368421
--END OF 9--
8.2
2.9
5.06779661017
2.65
2.13333333333
5.81666666667
6.98333333333
7.13333333333
4.96610169492
6.13333333333
2.11666666667
2.23333333333
4.16666666667
3.03333333333
1.94915254237
4.6
4.5
4.3
2.85
7.25423728814
3.45
1.86666666667
3.81666666667
1.93333333333
3.73333333333
4.1186440678
3.26666666667
3.78333333333
3.95
1.05
2.06779661017
4.73333333333
1.6
6.15
6.45
6.43333333333
1.72881355932
4.01666666667
4.25
3.13333333333
3.13333333333
3.28813559322
3.3
2.11666666667
4.3
6.13333333333
4.43333333333
2.66101694915
4.7
6.9
3.65
3.15
4.98305084746
3.9
2.46666666667
4.85
6.85
0.35
7.30508474576
4.15789473684
--END OF 10--
0.55
0.0
1.18644067797
0.333333333333
0.183333333333
0.55
1.26666666667
0.5
1.05084745763
0.95
0.8
0.783333333333
0.716666666667
0.283333333333
0.203389830508
0.8
0.85
1.1
0.75
2.27118644068
1.06666666667
0.516666666667
1.16666666667
1.23333333333
0.916666666667
1.57627118644
0.783333333333
0.833333333333
0.0
0.0
0.338983050847
1.96666666667
0.5
0.0
2.5
0.85
0.474576271186
1.6
1.68333333333
0.933333333333
0.0666666666667
0.745762711864
1.26666666667
1.48333333333
1.51666666667
1.88333333333
0.783333333333
0.915254237288
0.65
2.65
0.0
1.0
1.01694915254
1.08333333333
0.416666666667
0.766666666667
1.11666666667
0.116666666667
1.47457627119
1.26315789474
--END OF 11--
0.55
0.0
0.186440677966
0.316666666667
0.0
0.0
0.0
0.0
0.406779661017
0.0333333333333
0.216666666667
0.283333333333
0.5
0.0
0.0
0.0
0.0
0.45
0.05
0.949152542373
0.0666666666667
0.383333333333
0.616666666667
0.0
0.0
1.33898305085
0.35
0.333333333333
0.0
0.0
0.0
0.466666666667
0.0
0.0
0.5
0.0
0.0
0.0
0.333333333333
0.166666666667
0.0
0.0
1.0
0.483333333333
0.516666666667
0.0
0.0
0.0
0.0
0.0
0.0
0.0
0.0
0.0833333333333
0.416666666667
0.0
0.0
0.0
0.0
0.473684210526
--END OF 12--
