15.1186440678
14.85
14.1666666667
13.95
13.3166666667
14.25
14.7796610169
15.6833333333
13.7833333333
14.0666666667
14.8833333333
15.0
13.8813559322
14.35
15.1
14.35
15.1833333333
13.7796610169
13.65
13.8666666667
14.5666666667
14.2833333333
14.3559322034
14.2333333333
13.9666666667
15.6666666667
15.4833333333
15.2033898305
14.85
14.55
15.15
14.3
14.7627118644
14.8833333333
14.6
15.85
14.7166666667
13.1333333333
15.3898305085
14.9333333333
14.8166666667
15.2333333333
14.7666666667
15.3389830508
15.95
15.4
14.15
15.75
15.4915254237
15.6
14.9333333333
15.7833333333
15.1333333333
15.5254237288
15.45
16.1333333333
14.8166666667
14.7333333333
15.9830508475
14.1333333333
--END OF 1--
22.0847457627
22.5833333333
20.9166666667
19.95
19.6
20.1666666667
20.5762711864
23.4833333333
19.8166666667
20.35
21.6
21.0166666667
20.3728813559
20.4
20.6
21.15
21.4166666667
19.406779661
20.9666666667
20.5
21.2333333333
20.0
21.9661016949
21.4
19.9
21.8833333333
21.6166666667
22.8305084746
21.75
20.05
22.7
20.2
21.6610169492
22.4166666667
21.8
22.8833333333
22.35
20.3166666667
22.9322033898
21.6666666667
21.5833333333
21.4833333333
21.25
21.406779661
21.6
20.2
20.55
22.4
21.7118644068
22.2166666667
21.9
23.05
21.35
21.406779661
21.9
22.95
21.95
21.6333333333
22.7966101695
21.4
--END OF 2--
22.7288135593
24.3833333333
22.2333333333
20.0166666667
20.2166666667
20.1666666667
21.1525423729
24.5833333333
20.5666666667
20.75
22.7333333333
21.6833333333
20.9152542373
21.0
21.2
21.5
22.4666666667
19.6610169492
22.2333333333
21.7833333333
23.15
20.9833333333
22.8644067797
22.1666666667
20.5333333333
22.05
23.0666666667
23.8305084746
22.45
21.5
24.3833333333
21.1
22.8813559322
24.2833333333
23.2666666667
23.65
23.05
21.6833333333
23.4406779661
23.1166666667
22.05
22.3666666667
23.05
23.6101694915
22.95
21.05
21.75
23.15
22.1525423729
23.6166666667
22.9833333333
23.55
21.6666666667
22.5423728814
22.1333333333
23.6833333333
23.5833333333
22.0
23.2542372881
22.6666666667
--END OF 3--
15.1186440678
14.85
14.1666666667
13.95
13.3166666667
14.25
14.7796610169
15.6833333333
13.7833333333
14.0666666667
14.8833333333
15.0
13.8813559322
14.35
15.1
14.35
15.1833333333
13.7796610169
13.65
13.8666666667
14.5666666667
14.2833333333
14.3559322034
14.2333333333
13.9666666667
15.6666666667
15.4833333333
15.2033898305
14.85
14.55
15.15
14.3
14.7627118644
14.8833333333
14.6
15.85
14.7166666667
13.1333333333
15.3898305085
14.9333333333
14.8166666667
15.2333333333
14.7666666667
15.3389830508
15.95
15.4
14.15
15.75
15.4915254237
15.6
14.9333333333
15.7833333333
15.1333333333
15.5254237288
15.45
16.1333333333
14.8166666667
14.7333333333
15.9830508475
14.1333333333
--END OF 4--
22.0847457627
22.5833333333
20.9166666667
19.95
19.6
20.1666666667
20.5762711864
23.4833333333
19.8166666667
20.35
21.6
21.0166666667
20.3728813559
20.4
20.6
21.15
21.4166666667
19.406779661
20.9666666667
20.5
21.2333333333
20.0
21.9661016949
21.4
19.9
21.8833333333
21.6166666667
22.8305084746
21.75
20.05
22.7
20.2
21.6610169492
22.4166666667
21.8
22.8833333333
22.35
20.3166666667
22.9322033898
21.6666666667
21.5833333333
21.4833333333
21.25
21.406779661
21.6
20.2
20.55
22.4
21.7118644068
22.2166666667
21.9
23.05
21.35
21.406779661
21.9
22.95
21.95
21.6333333333
22.7966101695
21.4
--END OF 5--
22.7288135593
24.3833333333
22.2333333333
20.0166666667
20.2166666667
20.1666666667
21.1525423729
24.5833333333
20.5666666667
20.75
22.7333333333
21.6833333333
20.9152542373
21.0
21.2
21.5
22.4666666667
19.6610169492
22.2333333333
21.7833333333
23.15
20.9833333333
22.8644067797
22.1666666667
20.5333333333
22.05
23.0666666667
23.8305084746
22.45
21.5
24.3833333333
21.1
22.8813559322
24.2833333333
23.2666666667
23.65
23.05
21.6833333333
23.4406779661
23.1166666667
22.05
22.3666666667
23.05
23.6101694915
22.95
21.05
21.75
23.15
22.1525423729
23.6166666667
22.9833333333
23.55
21.6666666667
22.5423728814
22.1333333333
23.6833333333
23.5833333333
22.0
23.2542372881
22.6666666667
--END OF 6--
2956.27118644
2872.15
2772.35
2764.95
2744.45
2721.65
2700.61016949
2938.2
2771.85
2781.65
2795.45
2845.4
2703.55932203
2831.55
2778.6
2770.8
2867.75
2748.50847458
2763.2
2745.2
2795.75
2837.45
2814.40677966
2836.2
2745.8
2908.65
2921.4
2866.77966102
2874.0
2907.45
3034.3
2799.45
2932.37288136
3000.7
2810.65
3000.9
2813.25
2657.8
2960.08474576
2846.25
2866.85
2987.25
2785.05
2907.0
2995.65
2821.65
2660.4
2937.45
2956.16949153
2931.85
2884.35
2987.6
2815.3
2984.69491525
2962.35
3048.2
2924.15
3044.25
3041.49152542
2857.4
--END OF 7--
810.254237288
802.45
776.8
769.716666667
761.833333333
762.616666667
756.966101695
815.65
784.333333333
774.65
785.016666667
798.25
757.186440678
789.7
781.8
757.4
794.316666667
743.898305085
782.083333333
746.966666667
777.266666667
788.866666667
797.762711864
802.55
758.933333333
807.283333333
809.916666667
804.101694915
801.1
797.9
842.65
793.3
821.457627119
836.65
791.466666667
841.5
792.016666667
736.2
818.118644068
776.533333333
796.25
820.933333333
775.35
809.050847458
834.85
785.4
753.7
819.6
805.457627119
828.766666667
800.083333333
833.75
783.016666667
804.542372881
806.7
859.633333333
821.966666667
849.25
848.13559322
800.133333333
--END OF 8--
136.762711864
135.033333333
121.266666667
105.633333333
119.85
125.633333333
128.745762712
137.266666667
119.166666667
122.9
139.433333333
127.85
120.728813559
122.45
113.55
131.5
126.633333333
121.779661017
134.133333333
124.916666667
129.983333333
124.733333333
144.86440678
143.55
115.783333333
128.05
129.483333333
151.728813559
127.1
107.35
132.933333333
130.95
137.186440678
141.633333333
146.183333333
142.766666667
154.616666667
128.8
140.983050847
135.833333333
133.333333333
116.3
131.85
127.288135593
114.05
101.8
115.1
132.9
127.542372881
130.816666667
142.583333333
133.683333333
131.166666667
119.627118644
123.25
127.016666667
141.733333333
130.133333333
132.745762712
140.4
--END OF 9--
4.94915254237
12.3833333333
10.4
4.48333333333
6.46666666667
2.03333333333
5.08474576271
11.85
4.0
4.95
7.88333333333
6.31666666667
10.1186440678
6.45
6.45
6.8
6.55
3.38983050847
5.23333333333
5.56666666667
9.53333333333
4.28333333333
8.67796610169
5.26666666667
5.1
6.01666666667
8.03333333333
8.10169491525
9.0
8.5
10.3166666667
5.5
6.5593220339
8.01666666667
7.63333333333
6.8
5.5
8.36666666667
6.03389830508
9.6
4.21666666667
7.9
9.88333333333
7.42372881356
5.85
5.9
8.95
6.85
6.94915254237
6.35
7.35
7.8
6.61666666667
6.57627118644
7.55
7.71666666667
7.1
5.65
7.4406779661
6.73333333333
--END OF 10--
0.694915254237
2.35
2.18333333333
0.116666666667
0.833333333333
0.0
0.322033898305
1.55
1.3
0.35
0.983333333333
0.266666666667
0.796610169492
0.95
1.0
0.5
1.0
0.508474576271
1.21666666667
1.6
2.71666666667
1.83333333333
1.42372881356
1.26666666667
1.23333333333
0.316666666667
2.35
1.35593220339
1.15
2.05
2.48333333333
1.35
1.5593220339
3.08333333333
1.7
1.31666666667
0.783333333333
2.41666666667
0.508474576271
1.5
0.0166666666667
1.48333333333
3.4
2.64406779661
1.8
1.0
2.05
0.85
0.406779661017
2.36666666667
1.66666666667
0.833333333333
0.783333333333
1.74576271186
0.0
1.1
2.53333333333
0.666666666667
0.406779661017
1.28333333333
--END OF 11--
0.440677966102
0.566666666667
0.166666666667
0.0
0.0
0.0
0.0
0.5
0.0
0.0
0.0
0.0
0.0
0.0
0.0
0.0
0.5
0.0
0.983333333333
0.516666666667
0.366666666667
0.0
0.338983050847
0.5
0.0
0.0
0.5
0.406779661017
0.0
0.0
0.233333333333
0.0
0.576271186441
0.716666666667
0.716666666667
0.383333333333
0.116666666667
0.0
0.508474576271
0.5
0.0166666666667
0.483333333333
0.0
0.0
0.0
0.0
0.0
0.5
0.0
0.0
0.0
0.0
0.0
0.0
0.0
0.166666666667
0.516666666667
0.283333333333
0.0
0.75
--END OF 12--
