4.62711864407
3.43333333333
3.3
3.93333333333
3.95
4.71666666667
4.16949152542
4.55
4.43333333333
3.96666666667
3.7
3.35
4.30508474576
3.58333333333
3.65
3.91666666667
3.38333333333
3.1186440678
3.73333333333
4.11666666667
3.86666666667
4.31666666667
4.25423728814
3.33333333333
4.3
4.06666666667
4.5
4.05084745763
4.38333333333
3.4
4.35
3.65
4.32203389831
3.53333333333
3.83333333333
4.76666666667
3.66666666667
3.8813559322
3.6
3.55
3.7
4.4
4.28813559322
3.78333333333
3.8
3.48333333333
3.31666666667
4.16949152542
4.25
3.88333333333
3.81666666667
3.71666666667
3.98305084746
4.45
3.58333333333
3.08333333333
3.15
3.23333333333
3.89830508475
4.75862068966
--END OF 1--
6.45762711864
5.1
5.35
5.8
6.03333333333
6.46666666667
6.22033898305
5.8
6.7
6.66666666667
6.45
6.5
5.84745762712
5.33333333333
5.65
6.13333333333
5.81666666667
5.54237288136
6.16666666667
5.81666666667
6.26666666667
6.16666666667
5.79661016949
5.38333333333
5.85
5.31666666667
6.2
6.42372881356
6.93333333333
6.46666666667
6.06666666667
6.15
6.96610169492
4.55
5.88333333333
6.81666666667
5.86666666667
6.49152542373
5.75
5.05
5.5
6.25
5.98305084746
6.23333333333
5.58333333333
5.55
5.25
6.13559322034
5.73333333333
5.6
5.15
5.33333333333
6.38983050847
6.8
5.83333333333
4.63333333333
4.85
5.53333333333
6.28813559322
6.74137931034
--END OF 2--
8.10169491525
7.2
5.76666666667
6.53333333333
6.33333333333
7.38333333333
7.01694915254
6.3
7.33333333333
8.01666666667
6.7
6.95
6.33898305085
6.26666666667
7.85
7.56666666667
6.9
6.4406779661
7.58333333333
6.65
6.85
7.01666666667
6.81355932203
5.98333333333
7.2
5.71666666667
6.75
6.77966101695
7.23333333333
7.66666666667
6.65
7.48333333333
8.61016949153
4.91666666667
6.05
7.81666666667
6.26666666667
7.13559322034
6.1
5.35
6.1
6.45
6.74576271186
6.61666666667
6.03333333333
5.66666666667
5.73333333333
6.76271186441
6.35
5.98333333333
5.46666666667
6.16666666667
7.45762711864
7.45
6.28333333333
6.58333333333
5.3
6.03333333333
7.03389830508
8.56896551724
--END OF 3--
4.62711864407
3.43333333333
3.3
3.93333333333
3.95
4.71666666667
4.16949152542
4.55
4.43333333333
3.96666666667
3.7
3.35
4.30508474576
3.58333333333
3.65
3.91666666667
3.38333333333
3.1186440678
3.73333333333
4.11666666667
3.86666666667
4.31666666667
4.25423728814
3.33333333333
4.3
4.06666666667
4.5
4.05084745763
4.38333333333
3.4
4.35
3.65
4.32203389831
3.53333333333
3.83333333333
4.76666666667
3.66666666667
3.8813559322
3.6
3.55
3.7
4.4
4.28813559322
3.78333333333
3.8
3.48333333333
3.31666666667
4.16949152542
4.25
3.88333333333
3.81666666667
3.71666666667
3.98305084746
4.45
3.58333333333
3.08333333333
3.15
3.23333333333
3.89830508475
4.75862068966
--END OF 4--
6.45762711864
5.1
5.35
5.8
6.03333333333
6.46666666667
6.22033898305
5.8
6.7
6.66666666667
6.45
6.5
5.84745762712
5.33333333333
5.65
6.13333333333
5.81666666667
5.54237288136
6.16666666667
5.81666666667
6.26666666667
6.16666666667
5.79661016949
5.38333333333
5.85
5.31666666667
6.2
6.42372881356
6.93333333333
6.46666666667
6.06666666667
6.15
6.96610169492
4.55
5.88333333333
6.81666666667
5.86666666667
6.49152542373
5.75
5.05
5.5
6.25
5.98305084746
6.23333333333
5.58333333333
5.55
5.25
6.13559322034
5.73333333333
5.6
5.15
5.33333333333
6.38983050847
6.8
5.83333333333
4.63333333333
4.85
5.53333333333
6.28813559322
6.74137931034
--END OF 5--
8.10169491525
7.2
5.76666666667
6.53333333333
6.33333333333
7.38333333333
7.01694915254
6.3
7.33333333333
8.01666666667
6.7
6.95
6.33898305085
6.26666666667
7.85
7.56666666667
6.9
6.4406779661
7.58333333333
6.65
6.85
7.01666666667
6.81355932203
5.98333333333
7.2
5.71666666667
6.75
6.77966101695
7.23333333333
7.66666666667
6.65
7.48333333333
8.61016949153
4.91666666667
6.05
7.81666666667
6.26666666667
7.13559322034
6.1
5.35
6.1
6.45
6.74576271186
6.61666666667
6.03333333333
5.66666666667
5.73333333333
6.76271186441
6.35
5.98333333333
5.46666666667
6.16666666667
7.45762711864
7.45
6.28333333333
6.58333333333
5.3
6.03333333333
7.03389830508
8.56896551724
--END OF 6--
1060.98305085
953.05
942.15
896.75
896.25
983.95
942.762711864
968.4
1036.95
1010.85
939.6
944.25
1016.38983051
868.85
866.3
902.0
890.1
861.915254237
946.8
947.0
883.0
939.75
971.949152542
875.55
967.05
928.5
970.05
980.898305085
996.65
964.05
896.5
913.5
1010.44067797
861.35
944.8
1095.0
948.05
931.93220339
941.85
769.95
878.4
923.1
1018.16949153
889.6
889.45
859.65
788.7
972.050847458
949.25
924.05
908.35
926.4
939.559322034
963.0
871.95
929.85
846.6
793.8
865.677966102
1008.36206897
--END OF 7--
285.033898305
242.933333333
242.583333333
246.966666667
251.583333333
282.8
256.542372881
263.2
279.3
271.05
265.1
246.55
258.169491525
241.483333333
227.983333333
247.266666667
243.466666667
231.254237288
263.216666667
263.766666667
253.183333333
263.066666667
262.779661017
238.05
264.7
248.35
270.4
266.084745763
273.55
259.35
252.783333333
248.066666667
273.745762712
229.45
263.3
295.483333333
267.3
269.627118644
251.95
215.15
223.55
258.45
261.983050847
239.083333333
243.15
235.25
224.1
267.86440678
263.366666667
255.716666667
243.116666667
251.466666667
253.711864407
265.1
235.7
245.0
240.0
218.7
242.322033898
285.413793103
--END OF 8--
38.3559322034
34.0
35.6166666667
42.4333333333
38.55
37.9666666667
38.0677966102
28.6
44.2666666667
40.6
39.2
49.5
33.1525423729
36.6333333333
32.6666666667
35.9333333333
44.0
37.8644067797
42.3666666667
37.1833333333
43.6333333333
31.1
35.593220339
40.55
36.35
35.05
42.1
34.1355932203
42.8666666667
47.4166666667
46.9
44.15
45.5593220339
24.6833333333
32.8166666667
46.4166666667
38.5
46.7627118644
34.15
29.9
28.2
35.15
33.6271186441
37.7
32.45
34.9
30.6
36.186440678
29.1833333333
34.2666666667
38.2333333333
30.95
39.3220338983
41.5
33.35
28.0
33.05
38.75
36.593220339
41.4137931034
--END OF 9--
5.72881355932
6.83333333333
3.93333333333
2.06666666667
1.95
3.8
5.45762711864
1.65
3.05
4.2
4.2
4.8
4.61016949153
3.23333333333
7.01666666667
7.4
5.55
4.50847457627
5.15
3.05
4.08333333333
4.81666666667
3.03389830508
2.4
3.45
2.8
1.9
3.4406779661
3.28333333333
8.06666666667
2.48333333333
5.56666666667
7.16949152542
1.73333333333
2.3
4.86666666667
3.16666666667
4.47457627119
4.1
1.85
5.0
2.8
4.45762711864
5.05
3.06666666667
1.81666666667
3.65
2.81355932203
3.21666666667
3.26666666667
1.85
3.11666666667
6.27118644068
4.95
5.35
6.15
2.1
4.2
5.61016949153
5.25862068966
--END OF 10--
1.81355932203
2.53333333333
0.216666666667
1.2
0.583333333333
1.36666666667
0.898305084746
0.75
0.783333333333
1.85
0.0
0.5
0.508474576271
0.983333333333
2.71666666667
2.13333333333
1.13333333333
1.64406779661
2.0
1.03333333333
1.05
1.45
1.50847457627
0.95
1.95
1.0
0.85
0.542372881356
0.616666666667
2.0
0.833333333333
1.66666666667
2.42372881356
0.116666666667
0.0
0.466666666667
0.55
1.0
0.5
0.45
1.05
0.5
1.01694915254
0.433333333333
0.95
0.116666666667
0.666666666667
0.847457627119
0.716666666667
0.783333333333
0.266666666667
1.2
1.66101694915
0.4
0.55
2.35
0.6
0.5
0.898305084746
2.94827586207
--END OF 11--
0.745762711864
1.08333333333
0.0
0.0
0.5
0.0
0.305084745763
0.2
0.2
0.5
0.0
0.0
0.0
0.0833333333333
1.38333333333
1.03333333333
0.783333333333
0.728813559322
0.5
0.5
0.0
0.0
0.508474576271
0.05
0.45
0.0
0.0
0.0
0.0
0.0
0.0
0.766666666667
0.237288135593
0.0
0.0
0.0
0.0
0.0
0.0
0.0
0.5
0.0
0.508474576271
0.0
0.383333333333
0.116666666667
0.133333333333
0.372881355932
0.0
0.0
0.266666666667
0.233333333333
0.0
0.0
0.15
0.75
0.1
0.0
0.898305084746
0.706896551724
--END OF 12--
