17.1166666667
17.2833333333
17.65
18.1666666667
16.6
15.7457627119
16.1333333333
16.0
16.4833333333
15.85
16.5333333333
16.7288135593
16.85
17.1166666667
16.9666666667
17.3166666667
16.8666666667
18.2372881356
16.3166666667
16.9666666667
17.0666666667
17.35
16.3050847458
17.7166666667
17.8833333333
15.7166666667
17.25
17.0
17.6949152542
16.7
18.2333333333
17.5166666667
18.0833333333
17.3389830508
16.65
17.6333333333
17.7333333333
17.7666666667
19.4833333333
18.0677966102
17.2
17.3333333333
18.1166666667
17.55
18.0333333333
17.4237288136
18.35
18.1333333333
17.1666666667
16.6333333333
17.1
16.8474576271
17.3833333333
16.9333333333
17.35
16.55
17.1355932203
17.0833333333
16.5833333333
18.701754386
--END OF 1--
23.6
24.6
23.7666666667
25.8833333333
24.2166666667
21.9491525424
24.2333333333
25.8166666667
23.5333333333
24.7166666667
25.35
24.186440678
25.2
25.4
24.3166666667
24.3666666667
24.85
26.2372881356
24.7166666667
23.8833333333
25.4833333333
25.2
24.9322033898
25.7
27.2333333333
23.7166666667
25.5833333333
25.6
27.0677966102
24.85
26.4833333333
25.6166666667
25.7833333333
25.0508474576
24.85
24.9833333333
26.4166666667
25.2333333333
26.25
25.0847457627
24.7833333333
24.9166666667
25.8333333333
26.75
26.8833333333
25.9830508475
26.6
26.5166666667
26.0833333333
25.4833333333
25.0166666667
24.1355932203
25.4833333333
24.5833333333
26.45
23.9166666667
24.4576271186
24.95
26.8666666667
27.4912280702
--END OF 2--
24.3666666667
25.2833333333
24.8833333333
26.4666666667
25.4833333333
23.3220338983
24.8166666667
26.95
24.6333333333
26.7333333333
27.0666666667
24.7288135593
25.7166666667
26.3833333333
24.5666666667
25.2666666667
26.2833333333
27.5762711864
26.3833333333
25.7
26.75
25.9666666667
26.0847457627
26.7
28.0666666667
25.4166666667
26.3
26.7666666667
27.9491525424
26.25
27.1333333333
26.2333333333
26.5833333333
26.5762711864
26.0166666667
26.0
28.1833333333
25.6166666667
27.3166666667
26.3220338983
26.2333333333
25.6
26.8833333333
27.95
28.15
27.8983050847
26.8166666667
28.2833333333
27.0
26.9333333333
26.0333333333
24.6779661017
26.3333333333
26.8166666667
27.65
25.9666666667
25.9152542373
27.1166666667
28.4666666667
28.8421052632
--END OF 3--
17.1166666667
17.2833333333
17.65
18.1666666667
16.6
15.7457627119
16.1333333333
16.0
16.4833333333
15.85
16.5333333333
16.7288135593
16.85
17.1166666667
16.9666666667
17.3166666667
16.8666666667
18.2203389831
16.3166666667
16.9666666667
17.0666666667
17.35
16.3050847458
17.7166666667
17.8833333333
15.7166666667
17.25
17.0
17.6949152542
16.7
18.2333333333
17.5166666667
18.0833333333
17.3389830508
16.65
17.6333333333
17.7333333333
17.7666666667
19.4833333333
18.0677966102
17.2
17.3333333333
18.1166666667
17.55
18.0333333333
17.4237288136
18.35
18.0833333333
17.1666666667
16.6333333333
17.1
16.8474576271
17.3833333333
16.9333333333
17.35
16.55
17.1355932203
17.0833333333
16.5833333333
18.701754386
--END OF 4--
23.6
24.6
23.7666666667
25.8833333333
24.2166666667
21.9491525424
24.2333333333
25.8166666667
23.5333333333
24.7166666667
25.35
24.186440678
25.2
25.4
24.3166666667
24.3666666667
24.85
26.2372881356
24.7166666667
23.8833333333
25.4833333333
25.2
24.9322033898
25.7
27.2
23.7166666667
25.5833333333
25.6
27.0677966102
24.85
26.4833333333
25.6166666667
25.7833333333
25.0508474576
24.85
24.9833333333
26.4166666667
25.2333333333
26.25
25.0847457627
24.7833333333
24.9166666667
25.8333333333
26.75
26.8833333333
25.9830508475
26.6
26.5166666667
26.0833333333
25.4833333333
25.0166666667
24.1355932203
25.4833333333
24.5833333333
26.45
23.9166666667
24.4576271186
24.95
26.8666666667
27.4912280702
--END OF 5--
24.3666666667
25.2833333333
24.8833333333
26.4666666667
25.4833333333
23.3220338983
24.8166666667
26.95
24.6333333333
26.7333333333
27.0666666667
24.7288135593
25.7166666667
26.3833333333
24.5666666667
25.2666666667
26.2833333333
27.5762711864
26.3833333333
25.7
26.75
25.9666666667
26.0847457627
26.7
28.0666666667
25.4166666667
26.3
26.7666666667
27.9491525424
26.25
27.1333333333
26.2333333333
26.5833333333
26.5762711864
26.0166666667
26.0
28.1833333333
25.6166666667
27.3166666667
26.3220338983
26.2333333333
25.6
26.8833333333
27.95
28.15
27.8983050847
26.8166666667
28.2833333333
27.0
26.9333333333
26.0333333333
24.6779661017
26.3333333333
26.8166666667
27.65
25.9666666667
25.9152542373
27.1166666667
28.4666666667
28.8421052632
--END OF 6--
3170.2
3102.1
3115.65
3335.95
3184.45
3036.50847458
3164.45
3139.95
3146.25
3207.95
3246.15
3230.28813559
3245.25
3260.35
3178.75
3233.55
3303.45
3303.66101695
3118.85
3098.1
3255.4
3277.1
3099.25423729
3415.4
3324.55
3044.95
3202.9
3143.4
3355.16949153
3217.5
3392.55
3256.0
3309.15
3197.18644068
3259.9
3323.05
3344.55
3337.6
3512.05
3329.18644068
3181.25
3205.2
3323.7
3314.1
3311.6
3297.50847458
3463.35
3359.45
3202.1
3110.85
3198.1
3137.03389831
3289.0
3132.45
3278.55
3143.7
3158.94915254
3173.2
3209.35
3413.78947368
--END OF 7--
869.7
871.633333333
878.416666667
942.716666667
893.983333333
849.949152542
888.716666667
879.9
884.266666667
898.516666667
909.916666667
898.203389831
907.95
922.3
886.033333333
914.45
942.733333333
941.86440678
865.95
872.816666667
891.45
908.766666667
864.711864407
950.866666667
937.166666667
862.633333333
908.366666667
887.733333333
936.118644068
892.25
948.45
907.366666667
923.35
895.016949153
914.033333333
910.583333333
942.033333333
934.3
979.816666667
923.305084746
891.916666667
893.616666667
925.966666667
918.033333333
942.583333333
916.694915254
971.6
941.033333333
898.816666667
867.35
907.1
882.796610169
901.25
878.95
930.933333333
871.283333333
888.389830508
886.783333333
900.383333333
972.473684211
--END OF 8--
136.85
144.166666667
157.15
170.533333333
150.266666667
141.186440678
159.05
173.55
144.966666667
171.05
158.233333333
163.593220339
158.7
173.15
155.9
140.45
148.683333333
167.322033898
158.833333333
141.583333333
161.116666667
146.583333333
160.745762712
163.633333333
173.85
154.233333333
172.033333333
166.45
180.949152542
172.5
163.55
164.083333333
166.8
157.474576271
161.6
147.116666667
172.166666667
163.633333333
139.733333333
158.525423729
152.466666667
163.183333333
165.65
155.983333333
178.833333333
178.983050847
166.616666667
168.45
166.733333333
162.1
159.033333333
149.694915254
165.4
155.8
164.566666667
153.066666667
155.118644068
144.616666667
181.75
169.736842105
--END OF 9--
6.8
9.61666666667
5.45
4.75
8.05
5.22033898305
6.85
11.5166666667
5.9
9.93333333333
13.5
4.18644067797
6.45
5.48333333333
4.96666666667
6.1
7.08333333333
8.4406779661
11.4333333333
9.58333333333
9.16666666667
9.81666666667
9.83050847458
5.4
9.71666666667
9.53333333333
6.53333333333
7.28333333333
10.0847457627
8.8
8.95
7.06666666667
5.5
9.15254237288
7.38333333333
8.23333333333
9.4
4.98333333333
7.31666666667
6.72881355932
7.78333333333
5.05
8.4
13.6666666667
8.28333333333
8.83050847458
4.1
7.76666666667
11.3833333333
11.45
7.98333333333
5.5593220339
7.5
8.71666666667
10.2666666667
8.63333333333
9.49152542373
12.0
11.1833333333
10.4561403509
--END OF 10--
0.9
0.75
1.71666666667
1.11666666667
1.18333333333
2.15254237288
0.416666666667
1.33333333333
1.28333333333
1.95
2.8
1.08474576271
0.75
1.51666666667
0.4
0.8
2.2
1.35593220339
1.5
2.0
2.15
0.75
1.30508474576
1.1
0.966666666667
2.41666666667
1.18333333333
2.08333333333
1.64406779661
1.05
1.0
1.15
1.25
2.33898305085
2.18333333333
1.46666666667
2.91666666667
0.433333333333
1.53333333333
2.03389830508
2.33333333333
0.75
1.55
1.83333333333
1.5
2.13559322034
0.2
3.01666666667
1.51666666667
2.2
1.58333333333
1.08474576271
1.41666666667
3.01666666667
1.38333333333
3.1
1.38983050847
3.4
2.23333333333
2.63157894737
--END OF 11--
0.0333333333333
0.466666666667
0.0
0.0
0.0
0.576271186441
0.333333333333
0.133333333333
0.0
0.0
0.0
0.0
0.0
0.0
0.0
0.15
0.35
0.372881355932
0.5
0.333333333333
0.633333333333
0.0
0.0
0.416666666667
0.0833333333333
0.0
0.0
0.0
0.0
0.0
0.0
0.25
0.25
0.0
0.2
0.0
0.266666666667
0.0
0.333333333333
0.169491525424
0.366666666667
0.133333333333
0.0
0.5
0.333333333333
0.508474576271
0.0
0.566666666667
0.35
0.65
0.0
0.0
0.383333333333
0.5
0.116666666667
0.9
0.423728813559
0.583333333333
0.166666666667
0.0
--END OF 12--
