9.86440677966
9.25
10.6166666667
9.7
9.48333333333
10.1
10.3559322034
9.35
9.95
10.4166666667
9.93333333333
9.91666666667
9.74576271186
10.8
10.1166666667
10.5
9.78333333333
9.56666666667
9.61016949153
9.68333333333
9.3
9.2
9.11666666667
9.68333333333
9.06779661017
9.36666666667
9.85
10.4
9.83333333333
9.23333333333
9.28813559322
8.85
9.68333333333
8.96666666667
9.05
8.8813559322
8.8
8.2
9.05
9.25
9.28333333333
9.06779661017
8.11666666667
8.1
9.75
9.11666666667
9.71666666667
8.77966101695
8.65
8.98333333333
7.93333333333
8.91666666667
8.71186440678
9.11666666667
9.6
9.75
10.0833333333
9.62711864407
9.93333333333
10.1034482759
--END OF 1--
13.0169491525
11.75
12.7166666667
12.7
11.8833333333
12.5
13.1016949153
11.7666666667
12.1833333333
13.0333333333
11.9333333333
12.1666666667
12.0508474576
12.65
11.9666666667
13.25
11.4833333333
11.7333333333
12.3728813559
11.6333333333
11.0
11.25
9.96666666667
11.5333333333
11.7118644068
11.6166666667
11.65
13.0
11.9833333333
11.0833333333
11.6610169492
11.65
11.8166666667
11.8333333333
12.0833333333
10.6779661017
11.05
10.75
10.85
11.6
11.4833333333
11.6779661017
10.7166666667
10.9
12.6166666667
11.75
11.8833333333
10.3389830508
10.8833333333
11.0333333333
10.1333333333
11.1166666667
11.3559322034
11.5666666667
11.9
12.4166666667
12.9
11.6440677966
12.2666666667
12.8448275862
--END OF 2--
13.813559322
12.35
13.3666666667
13.0
12.5333333333
12.65
13.7966101695
12.2833333333
13.75
13.6666666667
12.3333333333
12.1666666667
12.2711864407
13.0
12.5166666667
13.45
11.6666666667
12.15
12.5762711864
12.0333333333
11.35
11.25
10.0166666667
12.1333333333
11.7627118644
12.45
11.95
13.9
13.0333333333
11.45
11.6610169492
12.0
12.0833333333
12.7666666667
12.7
11.0677966102
11.1
10.9
11.35
12.05
12.0833333333
11.7288135593
10.7166666667
11.2
13.0166666667
12.1
12.0833333333
10.813559322
11.3166666667
11.3333333333
10.3833333333
11.1166666667
11.3559322034
13.1666666667
12.8
12.7666666667
13.4333333333
11.9491525424
12.3666666667
13.4310344828
--END OF 3--
9.86440677966
9.25
10.6166666667
9.7
9.48333333333
10.1
10.3559322034
9.35
9.95
10.4166666667
9.93333333333
9.91666666667
9.74576271186
10.8
10.1166666667
10.5
9.78333333333
9.56666666667
9.61016949153
9.68333333333
9.3
9.2
9.11666666667
9.68333333333
9.06779661017
9.36666666667
9.85
10.4
9.83333333333
9.23333333333
9.28813559322
8.85
9.68333333333
8.96666666667
9.05
8.8813559322
8.8
8.2
9.05
9.25
9.28333333333
9.06779661017
8.11666666667
8.1
9.75
9.11666666667
9.71666666667
8.77966101695
8.65
8.98333333333
7.93333333333
8.91666666667
8.71186440678
9.11666666667
9.6
9.75
10.0833333333
9.62711864407
9.93333333333
10.1034482759
--END OF 4--
13.0169491525
11.75
12.7166666667
12.7
11.8833333333
12.5
13.1016949153
11.7666666667
12.1833333333
13.0333333333
11.9333333333
12.1666666667
12.0508474576
12.65
11.9666666667
13.25
11.4833333333
11.7333333333
12.3728813559
11.6333333333
11.0
11.25
9.96666666667
11.5333333333
11.7118644068
11.6166666667
11.65
13.0
11.9833333333
11.0833333333
11.6610169492
11.65
11.8166666667
11.8333333333
12.0833333333
10.6779661017
11.05
10.75
10.85
11.6
11.4833333333
11.6779661017
10.7166666667
10.9
12.6166666667
11.75
11.8833333333
10.3389830508
10.8833333333
11.0333333333
10.1333333333
11.1166666667
11.3559322034
11.5666666667
11.9
12.4166666667
12.9
11.6440677966
12.2666666667
12.8448275862
--END OF 5--
13.813559322
12.35
13.3666666667
13.0
12.5333333333
12.65
13.7966101695
12.2833333333
13.75
13.6666666667
12.3333333333
12.1666666667
12.2711864407
13.0
12.5166666667
13.45
11.6666666667
12.15
12.5762711864
12.0333333333
11.35
11.25
10.0166666667
12.1333333333
11.7627118644
12.45
11.95
13.9
13.0333333333
11.45
11.6610169492
12.0
12.0833333333
12.7666666667
12.7
11.0677966102
11.1
10.9
11.35
12.05
12.0833333333
11.7288135593
10.7166666667
11.2
13.0166666667
12.1
12.0833333333
10.813559322
11.3166666667
11.3333333333
10.3833333333
11.1166666667
11.3559322034
13.1666666667
12.8
12.7666666667
13.4333333333
11.9491525424
12.3666666667
13.4310344828
--END OF 6--
1993.98305085
1941.45
2041.65
1950.9
1890.0
2055.0
2099.69491525
1925.7
1972.1
2022.95
1947.35
1944.2
1949.74576271
2061.45
1931.35
2070.45
1873.55
1865.45
1923.30508475
1900.65
1827.15
1873.8
1774.05
1822.05
1870.98305085
1870.7
1869.25
1975.9
1898.2
1864.7
1870.11864407
1820.3
1908.55
1846.3
1963.45
1796.69491525
1771.8
1687.8
1778.4
1888.95
1894.35
1757.08474576
1715.2
1689.9
1882.05
1882.65
1824.2
1723.01694915
1788.75
1836.0
1775.7
1830.0
1800.0
1873.8
1992.6
1933.1
1980.0
2018.84745763
2017.2
1988.27586207
--END OF 7--
545.542372881
532.95
566.5
534.35
510.95
558.2
575.220338983
517.35
546.433333333
560.25
532.583333333
527.45
534.084745763
567.516666667
535.116666667
583.3
512.35
511.1
509.474576271
523.4
506.5
506.95
482.75
502.65
513.898305085
525.566666667
524.833333333
546.333333333
522.2
498.166666667
509.677966102
504.866666667
525.566666667
504.566666667
539.6
473.949152542
487.4
452.55
495.65
511.15
523.4
491.389830508
469.216666667
472.866666667
528.666666667
502.4
510.816666667
480.084745763
487.783333333
512.033333333
483.316666667
497.666666667
493.271186441
507.4
549.75
542.8
547.466666667
556.745762712
549.033333333
555.568965517
--END OF 8--
61.0508474576
45.45
57.1
58.05
54.3
51.5
62.6440677966
49.8
61.2166666667
59.6333333333
54.85
58.0166666667
48.7966101695
54.65
50.2
58.0333333333
44.1
51.75
64.8813559322
51.8
50.65
49.1
37.5
56.5
57.1355932203
55.9166666667
51.35
68.0
60.0333333333
40.05
52.1525423729
56.1166666667
54.0333333333
50.3333333333
58.95
47.0847457627
47.75
50.45
45.25
50.2
55.35
59.813559322
55.2
55.4333333333
63.0666666667
55.4
58.6666666667
38.8474576271
49.2833333333
45.45
41.8666666667
58.75
56.7118644068
48.85
47.4
55.6333333333
66.4666666667
51.1016949153
55.7666666667
60.3793103448
--END OF 9--
4.96610169492
2.55
1.25
2.85
3.7
1.5
1.77966101695
2.73333333333
3.36666666667
2.28333333333
0.866666666667
1.51666666667
2.23728813559
1.21666666667
1.78333333333
1.66666666667
1.56666666667
4.58333333333
4.18644067797
2.25
2.05
1.45
0.2
1.65
1.33898305085
2.61666666667
0.833333333333
3.23333333333
3.41666666667
1.9
0.186440677966
2.85
1.23333333333
5.23333333333
3.9
1.62711864407
1.65
2.2
2.1
3.55
1.85
1.61016949153
2.55
1.8
2.98333333333
1.76666666667
1.48333333333
2.76271186441
1.63333333333
1.96666666667
1.66666666667
0.233333333333
2.66101694915
4.85
3.7
2.9
1.85
0.35593220339
1.4
3.58620689655
--END OF 10--
1.30508474576
1.0
1.1
0.35
1.2
0.15
0.779661016949
0.583333333333
1.76666666667
0.733333333333
0.5
0.0
0.220338983051
0.45
0.65
0.55
0.133333333333
0.583333333333
0.491525423729
0.3
0.5
0.0
0.0
0.9
0.101694915254
1.0
0.166666666667
1.61666666667
1.6
0.116666666667
0.0
0.5
0.266666666667
1.23333333333
0.816666666667
0.694915254237
0.0
0.3
0.85
0.85
0.95
0.0508474576271
0.0
0.0
0.5
0.5
0.0
0.745762711864
0.766666666667
0.0
0.5
0.0
0.0
1.95
1.55
0.5
0.916666666667
0.35593220339
0.233333333333
0.275862068966
--END OF 11--
0.0
0.0
0.0
0.0
0.0
0.15
0.35593220339
0.0
0.0
0.0
0.0
0.0
0.220338983051
0.283333333333
0.0
0.0
0.0
0.0
0.0
0.0
0.0
0.0
0.0
0.5
0.0
0.0
0.0
0.0
0.5
0.0
0.0
0.0
0.266666666667
0.733333333333
0.316666666667
0.186440677966
0.0
0.0
0.0
0.0
0.45
0.0508474576271
0.0
0.0
0.0
0.0
0.0
0.0
0.0
0.0
0.0
0.0
0.0
1.65
0.35
0.0
0.15
0.35593220339
0.0
0.206896551724
--END OF 12--
