18.6
18.15
18.35
16.6610169492
18.2833333333
18.3833333333
18.3333333333
18.55
19.45
18.813559322
17.6
17.3833333333
17.15
18.6333333333
17.2333333333
18.8644067797
18.6333333333
19.0833333333
17.6666666667
17.0666666667
18.4833333333
17.1186440678
16.8666666667
18.1666666667
17.5833333333
17.0833333333
17.5084745763
16.3666666667
16.5333333333
16.3833333333
16.75
18.25
17.9830508475
19.0
17.3166666667
17.5
17.15
18.2203389831
16.35
17.8333333333
18.4166666667
18.1666666667
18.0666666667
17.6779661017
17.9166666667
17.0833333333
16.9333333333
18.45
18.5762711864
19.0833333333
17.7833333333
17.8333333333
17.85
18.0333333333
18.0677966102
17.7333333333
17.3333333333
18.3833333333
19.1333333333
17.6981132075
--END OF 1--
25.6
24.9
24.1166666667
22.6271186441
24.5333333333
25.3833333333
23.6333333333
25.0333333333
25.2333333333
25.6949152542
23.9166666667
23.2
22.55
24.05
24.15
25.1355932203
23.9833333333
24.7833333333
23.8666666667
22.3666666667
24.2833333333
22.6101694915
24.2333333333
24.4166666667
23.4833333333
22.6666666667
23.3559322034
22.8
21.8
22.9833333333
23.1666666667
24.9666666667
25.0169491525
26.2
23.2666666667
23.8
24.6
24.9830508475
22.1166666667
23.8166666667
25.5666666667
24.9
24.0833333333
23.9661016949
23.35
23.6166666667
23.0833333333
24.45
24.1186440678
25.1833333333
23.6333333333
23.7333333333
24.5166666667
25.0833333333
25.1694915254
24.75
22.7666666667
23.5333333333
25.3833333333
25.1509433962
--END OF 2--
26.65
25.35
24.4166666667
23.9322033898
25.05
26.7
23.9833333333
25.8833333333
25.5833333333
26.3559322034
25.1833333333
24.15
23.1333333333
24.7166666667
24.5833333333
25.406779661
23.9833333333
26.1333333333
24.9666666667
23.0666666667
24.6333333333
23.8644067797
25.2166666667
24.7833333333
24.0666666667
23.4
24.0508474576
23.6333333333
22.5333333333
23.8333333333
24.3333333333
25.7
26.0677966102
27.2
23.9666666667
24.2
24.6
25.3050847458
23.1333333333
24.75
26.4333333333
25.1666666667
25.1
24.813559322
23.9
24.0833333333
23.9833333333
24.55
25.0677966102
26.0333333333
25.0333333333
25.4833333333
25.6333333333
25.6833333333
25.9491525424
26.3833333333
24.5
25.2666666667
25.9333333333
26.0
--END OF 3--
18.6
18.15
18.35
16.6610169492
18.2833333333
18.3833333333
18.3333333333
18.55
19.2
18.7627118644
17.6
17.3833333333
17.15
18.6333333333
17.2333333333
18.8644067797
18.6333333333
19.0833333333
17.6666666667
17.0666666667
18.4833333333
17.1186440678
16.8666666667
18.1666666667
17.5833333333
17.0833333333
17.5084745763
16.3666666667
16.5333333333
16.3833333333
16.75
18.25
17.9830508475
18.95
17.3166666667
17.5
17.15
18.2203389831
16.35
17.8333333333
18.4166666667
18.1666666667
18.0666666667
17.6779661017
17.9166666667
17.0833333333
16.9333333333
18.45
18.5762711864
19.0833333333
17.7833333333
17.8333333333
17.85
18.0333333333
18.0677966102
17.7333333333
17.3333333333
18.3833333333
18.9833333333
17.6981132075
--END OF 4--
25.6
24.9
24.1166666667
22.6271186441
24.5333333333
25.3833333333
23.6333333333
25.0333333333
25.2333333333
25.6949152542
23.9166666667
23.2
22.55
24.05
24.15
25.1355932203
23.9833333333
24.7833333333
23.8666666667
22.3666666667
24.2833333333
22.6101694915
24.2333333333
24.4166666667
23.4833333333
22.6666666667
23.3559322034
22.8
21.8
22.9833333333
23.1666666667
24.9666666667
25.0169491525
26.2
23.2666666667
23.8
24.6
24.9830508475
22.1166666667
23.8166666667
25.5666666667
24.9
24.0833333333
23.9661016949
23.35
23.6166666667
23.0833333333
24.45
24.1186440678
25.1833333333
23.6333333333
23.7333333333
24.5166666667
25.0833333333
25.1694915254
24.75
22.7666666667
23.5333333333
25.3833333333
25.1509433962
--END OF 5--
26.65
25.35
24.4166666667
23.9322033898
25.05
26.7
23.9833333333
25.8833333333
25.5833333333
26.3559322034
25.1833333333
24.15
23.1333333333
24.7166666667
24.5833333333
25.406779661
23.9833333333
26.1333333333
24.9666666667
23.0666666667
24.6333333333
23.8644067797
25.2166666667
24.7833333333
24.0666666667
23.4
24.0508474576
23.6333333333
22.5333333333
23.8333333333
24.3333333333
25.7
26.0677966102
27.2
23.9666666667
24.2
24.6
25.3050847458
23.1333333333
24.75
26.4333333333
25.1666666667
25.1
24.813559322
23.9
24.0833333333
23.9833333333
24.55
25.0677966102
26.0333333333
25.0333333333
25.4833333333
25.6333333333
25.6833333333
25.9491525424
26.3833333333
24.5
25.2666666667
25.9333333333
26.0
--END OF 6--
3473.55
3377.4
3389.4
3362.13559322
3370.9
3424.9
3421.35
3458.3
3575.5
3508.72881356
3309.0
3267.85
3193.25
3333.95
3376.05
3489.25423729
3487.05
3497.85
3359.55
3347.55
3405.0
3228.40677966
3387.1
3433.85
3320.05
3167.7
3302.94915254
3244.7
3125.45
3249.1
3269.2
3440.5
3505.16949153
3494.7
3288.45
3114.9
3277.65
3346.16949153
3094.5
3303.4
3447.15
3393.7
3315.35
3233.13559322
3260.1
3156.75
3302.7
3357.75
3374.89830508
3515.7
3373.8
3296.85
3448.5
3392.85
3321.76271186
3360.4
3307.1
3440.6
3563.75
3412.69811321
--END OF 7--
973.95
950.65
952.3
917.440677966
946.033333333
951.033333333
938.8
955.816666667
984.466666667
978.440677966
928.4
907.466666667
887.566666667
945.166666667
943.466666667
981.898305085
949.85
970.75
943.55
909.05
942.35
899.0
939.116666667
952.483333333
924.533333333
897.966666667
921.288135593
899.833333333
855.65
896.066666667
919.616666667
972.083333333
958.830508475
995.8
910.8
886.2
916.05
939.322033898
863.1
923.1
943.233333333
936.383333333
923.883333333
906.322033898
920.566666667
887.383333333
931.666666667
938.766666667
945.13559322
970.35
930.55
931.85
953.633333333
947.75
924.406779661
947.433333333
922.533333333
954.766666667
988.816666667
944.547169811
--END OF 8--
150.7
132.4
129.466666667
136.457627119
135.333333333
147.283333333
121.516666667
135.016666667
137.4
134.627118644
140.75
142.35
115.1
130.35
137.233333333
138.813559322
111.3
134.65
142.683333333
115.2
135.4
137.610169492
144.7
130.45
121.916666667
128.65
132.576271186
131.616666667
108.15
130.1
118.266666667
146.95
144.745762712
138.65
123.6
129.15
139.15
141.949152542
122.65
133.6
146.466666667
154.033333333
132.65
140.372881356
130.383333333
139.166666667
132.25
135.35
123.338983051
144.05
121.0
125.35
148.116666667
153.75
149.203389831
141.25
127.166666667
132.866666667
138.983333333
158.301886792
--END OF 9--
10.2
7.05
2.85
6.38983050847
3.8
5.51666666667
3.55
7.0
4.98333333333
7.49152542373
4.03333333333
3.7
5.06666666667
4.93333333333
5.5
4.59322033898
4.3
7.0
3.78333333333
3.5
3.65
3.25423728814
7.63333333333
3.61666666667
3.96666666667
5.8
4.13559322034
7.58333333333
6.28333333333
6.93333333333
6.53333333333
5.58333333333
7.28813559322
6.55
5.55
6.85
5.3
7.37288135593
3.85
5.23333333333
8.96666666667
4.78333333333
8.36666666667
4.96610169492
3.41666666667
4.43333333333
5.88333333333
4.03333333333
5.08474576271
3.05
7.7
7.3
5.1
3.95
6.54237288136
6.58333333333
5.45
6.03333333333
5.18333333333
8.2641509434
--END OF 10--
1.2
0.8
0.3
1.93220338983
0.5
1.93333333333
0.1
0.85
0.15
0.915254237288
1.48333333333
1.65
0.566666666667
1.21666666667
0.45
0.169491525424
0.0
1.1
1.46666666667
0.6
0.35
1.4406779661
1.01666666667
0.416666666667
1.0
0.466666666667
0.559322033898
1.11666666667
1.13333333333
0.733333333333
1.71666666667
0.4
1.30508474576
1.45
0.95
0.7
0.0
0.457627118644
1.96666666667
1.43333333333
1.03333333333
0.616666666667
0.966666666667
1.05084745763
0.5
0.516666666667
0.9
0.15
1.30508474576
1.4
1.8
2.4
1.5
0.65
0.915254237288
2.23333333333
2.46666666667
2.7
0.933333333333
1.66037735849
--END OF 11--
0.0
0.0
0.3
0.406779661017
0.0
0.466666666667
0.0
0.0
0.0
0.0
0.366666666667
0.133333333333
0.0
0.5
0.0
0.0
0.0
0.1
0.366666666667
0.0
0.0
0.508474576271
0.0
0.0
0.0
0.0
0.0
0.466666666667
0.3
0.733333333333
0.0
0.0
0.0
0.5
0.0
0.0
0.0
0.0
0.0
0.283333333333
0.6
0.116666666667
0.0
0.0
0.0
0.0
0.0
0.0
0.35593220339
0.15
0.0
0.95
0.55
0.0
0.508474576271
0.666666666667
0.566666666667
0.5
0.0
0.0
--END OF 12--
