21.0166666667
21.8813559322
21.1166666667
21.4166666667
20.2166666667
21.5333333333
23.2833333333
20.6610169492
21.25
22.8
22.6833333333
21.2833333333
21.9666666667
22.4576271186
22.1166666667
21.1833333333
20.1166666667
19.4833333333
21.0508474576
22.0166666667
22.2666666667
21.2666666667
21.65
21.2033898305
20.3333333333
20.8166666667
21.7166666667
21.5833333333
21.9491525424
21.0833333333
22.5833333333
21.8666666667
21.6166666667
21.25
21.9322033898
21.7666666667
22.5166666667
21.1
20.406779661
21.25
21.7333333333
20.6
21.8166666667
21.5762711864
20.6
24.0833333333
21.7833333333
20.4833333333
19.9830508475
20.8833333333
21.8333333333
22.0833333333
22.5
20.7288135593
20.05
20.1
22.2666666667
22.8166666667
22.3050847458
22.5762711864
--END OF 1--
31.8
33.186440678
33.05
31.4166666667
31.4666666667
31.4666666667
33.9666666667
30.3898305085
31.3
34.1166666667
33.1666666667
31.2333333333
31.25
32.7966101695
32.1833333333
32.2833333333
31.8
30.7833333333
31.7796610169
31.1666666667
33.25
31.1333333333
30.3
31.2372881356
31.5666666667
30.75
33.2666666667
34.2666666667
30.8813559322
32.0333333333
33.4333333333
32.5833333333
34.5333333333
31.25
32.5084745763
32.0
32.4333333333
31.7833333333
30.3898305085
29.7333333333
33.6166666667
32.4
31.5
31.4406779661
31.4666666667
35.3333333333
32.0833333333
30.8833333333
31.6610169492
31.65
31.9666666667
33.2833333333
32.8833333333
30.9491525424
30.6833333333
31.35
31.9666666667
29.9666666667
32.8813559322
33.1186440678
--END OF 2--
34.6666666667
33.6440677966
34.5666666667
33.1333333333
33.2833333333
32.2666666667
36.2666666667
32.1525423729
32.1
36.1666666667
34.5833333333
32.7666666667
33.0
33.9152542373
32.5333333333
34.3333333333
34.0333333333
32.9333333333
33.2711864407
32.8833333333
34.5666666667
32.3
31.15
32.6610169492
32.9333333333
32.1666666667
35.8
35.2833333333
31.8644067797
32.7333333333
34.3833333333
33.6166666667
36.0666666667
33.3
34.0
32.8
33.8
32.8333333333
31.4915254237
30.7166666667
35.0833333333
34.6166666667
33.4
33.0847457627
33.3166666667
36.7333333333
32.8333333333
33.3333333333
32.8983050847
34.8833333333
33.1666666667
35.0666666667
34.2166666667
33.8983050847
32.1166666667
32.6166666667
33.5333333333
31.8833333333
34.0847457627
34.4576271186
--END OF 3--
20.0666666667
20.6271186441
20.2166666667
20.4666666667
19.4333333333
20.7833333333
21.7333333333
20.2203389831
20.5833333333
21.3833333333
21.55
20.1666666667
20.8833333333
21.2203389831
21.1166666667
20.1833333333
19.6333333333
19.4166666667
20.2033898305
20.9166666667
21.0666666667
20.2666666667
20.7333333333
20.2881355932
19.6
20.2
20.8166666667
20.5833333333
20.9491525424
20.3833333333
21.3333333333
20.8
20.6
20.4
20.9322033898
20.75
21.4666666667
20.1
19.9152542373
20.5166666667
20.8666666667
20.15
20.8
20.6949152542
20.0333333333
22.2833333333
20.7333333333
19.8833333333
19.5254237288
20.0
20.8333333333
21.0833333333
21.3
20.1016949153
19.6666666667
19.7833333333
21.2166666667
21.65
21.0
21.4237288136
--END OF 4--
30.5833333333
31.4237288136
31.7
30.3333333333
30.2166666667
30.5166666667
32.1
29.9491525424
30.4833333333
32.2333333333
31.6333333333
30.2166666667
30.3
31.3050847458
31.0833333333
31.1333333333
30.8
30.05
30.6440677966
30.3666666667
31.8333333333
30.4
29.75
30.2372881356
30.5666666667
30.1
31.9
32.3833333333
30.3389830508
30.9833333333
31.7833333333
31.3333333333
32.5333333333
30.35
31.1694915254
30.8333333333
31.3833333333
30.7166666667
29.813559322
29.4333333333
31.75
31.25
30.7166666667
30.5423728814
30.5666666667
33.0833333333
30.9333333333
30.1833333333
30.7118644068
30.55
30.95
31.8166666667
31.4833333333
30.2372881356
29.8166666667
30.5
30.9666666667
29.5166666667
31.4237288136
31.5423728814
--END OF 5--
34.6666666667
33.6440677966
34.5666666667
33.1333333333
33.2833333333
32.2666666667
36.2666666667
32.1525423729
32.1
36.1666666667
34.5833333333
32.7666666667
33.0
33.9152542373
32.5333333333
34.3333333333
34.0333333333
32.9333333333
33.2711864407
32.8833333333
34.5666666667
32.3
31.15
32.6610169492
32.9333333333
32.1666666667
35.8
35.2833333333
31.8644067797
32.7333333333
34.3833333333
33.6166666667
36.0666666667
33.3
34.0
32.8
33.8
32.8333333333
31.4915254237
30.7166666667
35.0833333333
34.6166666667
33.4
33.0847457627
33.3166666667
36.7333333333
32.8333333333
33.3333333333
32.8983050847
34.8833333333
33.1666666667
35.0666666667
34.2166666667
33.8983050847
32.1166666667
32.6166666667
33.5333333333
31.8833333333
34.0847457627
34.4576271186
--END OF 6--
4078.2
4196.38983051
3926.45
3999.15
3948.95
3910.05
4197.6
3820.27118644
3865.0
4192.0
4148.2
4071.1
4038.0
4161.15254237
4072.7
4011.75
3787.7
3750.05
3897.3559322
4006.45
4132.4
3967.95
3858.4
4003.37288136
3946.25
3887.4
4051.0
3934.15
4010.38983051
3949.95
4091.25
4109.15
4109.0
3876.45
4072.11864407
4177.95
4083.6
3957.75
3865.93220339
3856.65
4047.9
3912.8
4053.75
4028.03389831
3907.85
4459.2
4044.6
3784.8
3838.62711864
3958.05
4002.6
4029.65
4036.65
3911.54237288
3836.05
3928.15
4037.35
4057.4
4153.83050847
4197.45762712
--END OF 7--
1146.28333333
1175.54237288
1112.91666667
1135.9
1118.88333333
1110.81666667
1183.6
1083.30508475
1077.46666667
1185.55
1177.66666667
1129.65
1134.28333333
1177.83050847
1143.13333333
1124.85
1086.51666667
1047.56666667
1089.62711864
1127.88333333
1156.36666667
1111.76666667
1096.48333333
1117.61016949
1116.33333333
1089.33333333
1127.71666667
1129.88333333
1138.38983051
1105.9
1158.5
1154.93333333
1150.63333333
1093.75
1156.18644068
1164.21666667
1159.21666667
1115.15
1089.79661017
1092.25
1155.91666667
1111.35
1143.21666667
1121.03389831
1086.88333333
1252.55
1140.45
1076.7
1092.69491525
1113.98333333
1137.76666667
1139.26666667
1151.03333333
1105.59322034
1072.23333333
1088.38333333
1125.46666667
1135.56666667
1165.11864407
1169.13559322
--END OF 8--
206.75
212.254237288
204.933333333
195.083333333
205.066666667
200.55
219.333333333
180.644067797
200.766666667
229.316666667
208.366666667
187.1
200.1
204.305084746
207.766666667
202.4
212.066666667
195.833333333
224.305084746
182.866666667
212.133333333
193.733333333
182.35
199.338983051
206.733333333
176.716666667
201.05
206.0
181.271186441
197.35
199.1
208.25
230.983333333
194.1
205.694915254
200.95
193.2
193.65
208.423728814
182.366666667
215.1
218.45
183.466666667
202.898305085
204.05
223.5
198.6
210.15
212.949152542
213.2
210.433333333
215.15
198.866666667
199.898305085
190.316666667
218.916666667
191.083333333
168.616666667
209.610169492
211.576271186
--END OF 9--
11.7166666667
9.27118644068
14.85
14.3
12.1833333333
9.58333333333
15.3
12.2372881356
12.5833333333
11.35
11.05
11.4666666667
7.3
10.0338983051
7.21666666667
15.6
19.2166666667
17.25
11.3559322034
10.2833333333
9.16666666667
8.5
6.98333333333
8.94915254237
10.65
11.3333333333
17.05
14.1666666667
5.81355932203
13.8
11.15
8.31666666667
13.9666666667
12.6
10.5254237288
8.81666666667
9.01666666667
11.3166666667
7.59322033898
9.93333333333
13.0333333333
13.1166666667
11.1333333333
9.49152542373
13.25
8.35
10.55
11.1
9.81355932203
12.7333333333
7.16666666667
12.1833333333
10.7
12.3050847458
14.8
8.95
11.4333333333
5.48333333333
10.2881355932
11.813559322
--END OF 10--
3.95
0.610169491525
1.9
1.61666666667
2.28333333333
0.966666666667
2.7
2.28813559322
1.38333333333
3.43333333333
2.33333333333
1.6
2.48333333333
1.93220338983
0.0833333333333
2.65
3.53333333333
3.41666666667
2.37288135593
2.71666666667
2.31666666667
2.1
0.95
1.42372881356
1.8
2.5
3.05
1.58333333333
1.54237288136
0.85
1.15
0.8
2.01666666667
3.3
2.30508474576
1.26666666667
1.81666666667
1.35
1.5593220339
0.983333333333
2.51666666667
3.15
2.46666666667
2.98305084746
2.63333333333
1.45
0.5
3.2
1.8813559322
4.78333333333
1.76666666667
3.01666666667
1.83333333333
4.05084745763
2.2
1.91666666667
1.0
2.73333333333
1.62711864407
2.05084745763
--END OF 11--
0.0
0.0
0.0666666666667
0.1
1.23333333333
0.7
0.9
0.796610169492
0.166666666667
0.383333333333
0.0
0.3
0.666666666667
0.0
0.0
1.2
0.633333333333
0.1
0.0
0.5
0.133333333333
0.366666666667
0.0
0.372881355932
0.0333333333333
0.166666666667
1.3
0.3
0.237288135593
0.3
0.7
0.266666666667
0.0
0.75
0.254237288136
0.0
0.433333333333
0.0
0.0
0.5
0.533333333333
0.3
0.433333333333
0.0
0.233333333333
0.25
0.25
1.0
0.254237288136
1.75
0.0
0.5
0.2
0.898305084746
0.233333333333
0.0
0.5
0.0
0.271186440678
0.508474576271
--END OF 12--
