17.9333333333
18.7457627119
18.75
18.35
18.25
18.0333333333
19.0166666667
19.1355932203
18.5833333333
18.7333333333
19.1166666667
18.1166666667
17.6333333333
17.4576271186
17.9833333333
18.3
18.9
18.4833333333
18.3666666667
17.3389830508
19.0333333333
19.4
19.5333333333
18.5833333333
17.4833333333
18.4406779661
18.3333333333
19.2166666667
18.7166666667
18.8333333333
17.8305084746
18.1333333333
18.3666666667
18.45
17.6833333333
18.4833333333
18.8305084746
18.8833333333
18.1
18.7333333333
16.7
18.3166666667
18.2033898305
19.3166666667
17.3666666667
18.1
18.5166666667
18.0666666667
17.4576271186
19.0166666667
18.1666666667
18.2166666667
19.0166666667
18.15
18.813559322
17.15
18.45
18.1333333333
17.7833333333
17.5423728814
--END OF 1--
24.6
24.7627118644
24.3333333333
25.2833333333
24.7
25.1166666667
26.2166666667
25.6610169492
25.6333333333
25.3833333333
26.7166666667
24.6166666667
23.45
25.7966101695
23.6166666667
23.9333333333
26.1333333333
22.9333333333
24.2166666667
25.0
25.4333333333
26.9
25.1666666667
25.3
23.6833333333
25.0508474576
25.3
25.9166666667
24.3666666667
24.9333333333
24.8474576271
24.7333333333
24.1
25.15
24.1166666667
23.5833333333
24.7288135593
24.6666666667
25.7166666667
25.7
22.9833333333
23.75
24.3898305085
25.6166666667
24.3666666667
25.95
25.7333333333
25.0666666667
24.1016949153
25.4166666667
24.85
25.1
26.85
25.1833333333
25.0677966102
22.4833333333
24.6666666667
24.4166666667
23.6666666667
24.7118644068
--END OF 2--
25.5166666667
25.186440678
25.25
27.3
25.6666666667
26.1166666667
27.45
26.406779661
26.6333333333
27.2833333333
27.6666666667
25.3166666667
24.6
26.813559322
24.2166666667
24.8333333333
26.7666666667
23.4
24.7666666667
25.8644067797
26.2166666667
27.6166666667
26.05
26.0166666667
24.0166666667
25.6949152542
25.9666666667
26.7166666667
24.4666666667
25.2333333333
25.3050847458
25.1166666667
24.1
25.65
24.6666666667
23.9166666667
25.3220338983
25.1166666667
26.9
26.55
23.5666666667
24.3333333333
25.0847457627
26.5166666667
24.8666666667
26.8666666667
26.6666666667
25.8833333333
25.0338983051
26.7166666667
26.0666666667
26.2833333333
28.2666666667
26.5
25.8813559322
22.5833333333
24.9833333333
25.4833333333
24.9333333333
25.813559322
--END OF 3--
17.9333333333
18.7457627119
18.75
18.35
18.25
18.0333333333
18.9666666667
19.1355932203
18.5833333333
18.7333333333
18.9166666667
18.1166666667
17.6333333333
17.4576271186
17.9833333333
18.3
18.9
18.4833333333
18.3666666667
17.3389830508
18.9833333333
19.35
19.5333333333
18.5833333333
17.4833333333
18.4406779661
18.3333333333
18.9166666667
18.7166666667
18.8333333333
17.8305084746
18.1333333333
18.3666666667
18.45
17.6833333333
18.4833333333
18.8305084746
18.8833333333
18.1
18.7333333333
16.7
18.3166666667
18.2033898305
19.1166666667
17.3666666667
18.0833333333
18.3666666667
18.0666666667
17.4576271186
18.8666666667
18.1666666667
18.2166666667
18.9166666667
18.15
18.7627118644
17.15
18.45
18.1333333333
17.7833333333
17.5423728814
--END OF 4--
24.6
24.7627118644
24.3333333333
25.2833333333
24.7
25.1166666667
26.2166666667
25.6610169492
25.6333333333
25.3833333333
26.7166666667
24.6166666667
23.45
25.7966101695
23.6166666667
23.9333333333
26.1333333333
22.9333333333
24.2166666667
25.0
25.4333333333
26.9
25.1666666667
25.3
23.6833333333
25.0508474576
25.3
25.9166666667
24.3666666667
24.9333333333
24.8474576271
24.7333333333
24.1
25.15
24.1166666667
23.5833333333
24.7288135593
24.6666666667
25.7166666667
25.7
22.9833333333
23.75
24.3898305085
25.6166666667
24.3666666667
25.95
25.7
25.0666666667
24.1016949153
25.4166666667
24.85
25.1
26.85
25.1833333333
25.0677966102
22.4833333333
24.6666666667
24.4166666667
23.6666666667
24.7118644068
--END OF 5--
25.5166666667
25.186440678
25.25
27.3
25.6666666667
26.1166666667
27.45
26.406779661
26.6333333333
27.2833333333
27.6666666667
25.3166666667
24.6
26.813559322
24.2166666667
24.8333333333
26.7666666667
23.4
24.7666666667
25.8644067797
26.2166666667
27.6166666667
26.05
26.0166666667
24.0166666667
25.6949152542
25.9666666667
26.7166666667
24.4666666667
25.2333333333
25.3050847458
25.1166666667
24.1
25.65
24.6666666667
23.9166666667
25.3220338983
25.1166666667
26.9
26.55
23.5666666667
24.3333333333
25.0847457627
26.5166666667
24.8666666667
26.8666666667
26.6666666667
25.8833333333
25.0338983051
26.7166666667
26.0666666667
26.2833333333
28.2666666667
26.5
25.8813559322
22.5833333333
24.9833333333
25.4833333333
24.9333333333
25.813559322
--END OF 6--
3284.5
3433.62711864
3449.5
3439.15
3367.85
3476.8
3483.45
3561.05084746
3407.7
3517.8
3728.55
3558.6
3410.65
3384.50847458
3489.3
3568.2
3536.45
3366.8
3444.1
3331.42372881
3472.0
3639.2
3601.1
3517.65
3282.15
3383.84745763
3423.5
3488.1
3512.4
3446.85
3432.66101695
3406.5
3401.1
3494.7
3388.35
3496.65
3432.15254237
3551.0
3388.9
3628.4
3274.1
3439.45
3370.37288136
3554.7
3365.1
3560.35
3485.6
3451.0
3349.3220339
3492.5
3490.55
3360.4
3488.35
3433.9
3455.54237288
3189.4
3525.45
3351.2
3403.7
3313.27118644
--END OF 7--
919.916666667
960.101694915
969.066666667
960.766666667
939.2
949.766666667
981.666666667
981.93220339
971.05
973.1
1028.5
966.5
944.666666667
948.881355932
959.8
977.516666667
985.566666667
924.933333333
948.5
918.762711864
967.75
1008.06666667
991.883333333
963.016666667
914.216666667
957.389830508
956.033333333
979.7
972.45
962.1
949.593220339
950.55
933.883333333
948.833333333
923.883333333
955.1
945.610169492
965.166666667
929.066666667
999.5
895.633333333
942.683333333
943.254237288
998.5
937.4
978.95
977.716666667
932.4
903.694915254
961.083333333
955.983333333
943.883333333
995.8
961.1
969.050847458
873.05
969.216666667
932.483333333
934.15
925.593220339
--END OF 8--
138.45
147.13559322
127.8
142.483333333
140.433333333
144.55
154.05
153.169491525
141.15
135.7
158.3
151.4
129.016666667
149.830508475
127.933333333
123.8
146.516666667
124.366666667
131.283333333
155.711864407
141.166666667
153.383333333
133.6
144.516666667
126.75
144.389830508
151.766666667
152.7
122.55
150.9
137.169491525
145.95
132.666666667
132.866666667
143.05
123.083333333
140.898305085
125.216666667
149.866666667
145.3
121.15
125.25
139.508474576
142.25
146.3
162.433333333
152.633333333
147.5
133.881355932
126.716666667
150.916666667
144.283333333
156.533333333
150.916666667
152.271186441
118.083333333
127.283333333
136.533333333
129.15
144.322033898
--END OF 9--
8.76666666667
1.61016949153
3.98333333333
7.16666666667
6.61666666667
4.73333333333
6.15
4.72881355932
6.5
9.35
6.85
3.45
6.9
9.66101694915
3.56666666667
4.45
3.75
1.03333333333
3.53333333333
7.57627118644
5.13333333333
8.81666666667
4.28333333333
5.06666666667
4.13333333333
4.30508474576
6.95
5.7
1.85
3.2
8.35593220339
3.85
3.38333333333
8.06666666667
3.36666666667
1.48333333333
5.81355932203
4.66666666667
9.16666666667
5.41666666667
6.68333333333
3.75
4.74576271186
6.65
6.5
5.33333333333
7.16666666667
5.58333333333
6.30508474576
8.51666666667
4.63333333333
6.93333333333
7.96666666667
5.95
5.1186440678
3.1
4.31666666667
6.96666666667
5.03333333333
5.8813559322
--END OF 10--
1.23333333333
0.593220338983
1.78333333333
2.4
1.83333333333
1.28333333333
1.93333333333
0.881355932203
1.15
2.25
1.6
0.85
1.71666666667
1.05084745763
0.383333333333
1.61666666667
0.95
0.566666666667
0.5
1.06779661017
1.31666666667
0.983333333333
1.53333333333
0.483333333333
0.6
1.35593220339
1.03333333333
1.15
0.05
0.5
1.01694915254
0.8
0.0
1.0
0.733333333333
0.733333333333
0.915254237288
0.8
2.01666666667
1.25
0.383333333333
0.733333333333
0.898305084746
1.0
1.0
1.56666666667
0.25
0.95
0.949152542373
1.38333333333
1.86666666667
1.56666666667
1.63333333333
1.58333333333
1.4406779661
0.0833333333333
0.0166666666667
1.65
1.48333333333
1.79661016949
--END OF 11--
0.0
0.271186440678
0.233333333333
0.0
0.866666666667
1.13333333333
0.0
0.0
0.05
0.95
0.05
0.45
0.0
0.0
0.0
0.0
0.0
0.5
0.0
0.491525423729
0.383333333333
0.0
0.0
0.0
0.266666666667
0.237288135593
0.0
0.0
0.0
0.0
0.0
0.0
0.0
0.0
0.0
0.0
0.0
0.0
0.2
0.666666666667
0.0
0.0
0.0
0.0
0.0
0.0
0.133333333333
0.9
0.0
0.783333333333
0.216666666667
0.0
0.5
0.5
0.0
0.0
0.0
0.0
0.0
0.0
--END OF 12--
