14.6833333333
16.593220339
16.0666666667
16.1333333333
16.0
15.4333333333
14.7666666667
15.6833333333
16.2372881356
16.5
15.45
14.4
14.8
14.6610169492
15.85
15.7166666667
15.4
16.2833333333
16.05
14.9830508475
15.7666666667
15.95
15.65
15.4666666667
15.5254237288
15.3166666667
16.0
15.2
16.1833333333
15.593220339
15.2166666667
16.4666666667
15.2
16.4333333333
15.55
15.9152542373
15.45
15.8
15.2666666667
15.4166666667
16.0338983051
14.9333333333
16.0333333333
15.4
16.45
16.0847457627
14.8333333333
14.6666666667
15.0833333333
14.8666666667
16.2033898305
15.9
14.8333333333
15.6
16.15
16.593220339
16.9
16.5
15.75
15.6909090909
--END OF 1--
19.6666666667
21.2711864407
20.9833333333
20.3833333333
21.0166666667
20.55
18.7333333333
19.9
19.593220339
20.75
20.25
19.55
19.2
19.6440677966
21.2166666667
19.6833333333
18.9166666667
20.0166666667
20.4833333333
19.5593220339
20.9
20.85
21.2833333333
20.8833333333
21.0677966102
20.5166666667
20.5
19.0
21.45
21.5084745763
19.75
21.0
19.85
21.1666666667
19.65
21.3728813559
20.2666666667
21.2333333333
21.9166666667
19.9333333333
20.7796610169
20.1333333333
21.0833333333
19.55
21.15
20.4406779661
19.7666666667
19.0333333333
19.8666666667
19.4833333333
21.3898305085
20.7666666667
19.15
21.4
20.5666666667
20.2203389831
21.35
21.25
20.45
20.2727272727
--END OF 2--
19.8
21.6101694915
22.0166666667
20.85
21.6833333333
21.3333333333
19.2833333333
20.2833333333
21.7288135593
21.6
20.6
20.05
19.65
19.9322033898
21.4833333333
20.7833333333
19.2666666667
20.55
20.75
20.0169491525
21.4666666667
21.4833333333
21.8833333333
21.55
21.8644067797
21.0666666667
22.45
19.4
21.8333333333
21.6949152542
20.15
21.5666666667
20.0833333333
22.1333333333
20.3
22.4745762712
20.7
21.2333333333
22.2666666667
20.65
21.4237288136
20.6833333333
21.5333333333
20.25
21.35
20.7288135593
19.8833333333
19.4166666667
20.8666666667
19.7333333333
21.8305084746
21.5666666667
19.9833333333
22.35
20.7666666667
20.2203389831
22.6
21.25
20.6
21.2363636364
--END OF 3--
14.6833333333
16.593220339
16.0666666667
16.1333333333
16.0
15.4333333333
14.7666666667
15.6833333333
16.2372881356
16.5
15.45
14.4
14.8
14.6610169492
15.85
15.7166666667
15.4
16.2833333333
16.05
14.9830508475
15.7666666667
15.95
15.65
15.4666666667
15.5254237288
15.3166666667
16.0
15.2
16.1833333333
15.593220339
15.2166666667
16.4666666667
15.2
16.4333333333
15.55
15.9152542373
15.45
15.8
15.2666666667
15.4166666667
16.0338983051
14.9333333333
16.0333333333
15.4
16.45
16.0847457627
14.8333333333
14.6666666667
15.0833333333
14.8666666667
16.2033898305
15.9
14.8333333333
15.6
16.15
16.593220339
16.9
16.5
15.75
15.6909090909
--END OF 4--
19.6666666667
21.2711864407
20.9833333333
20.3833333333
21.0166666667
20.55
18.7333333333
19.9
19.593220339
20.75
20.25
19.55
19.2
19.6440677966
21.2166666667
19.6833333333
18.9166666667
20.0166666667
20.4833333333
19.5593220339
20.9
20.85
21.2833333333
20.8833333333
21.0677966102
20.5166666667
20.5
19.0
21.45
21.5084745763
19.75
21.0
19.85
21.1666666667
19.65
21.3728813559
20.2666666667
21.2333333333
21.9166666667
19.9333333333
20.7796610169
20.1333333333
21.0833333333
19.55
21.15
20.4406779661
19.7666666667
19.0333333333
19.8666666667
19.4833333333
21.3898305085
20.7666666667
19.15
21.4
20.5666666667
20.2203389831
21.35
21.25
20.45
20.2727272727
--END OF 5--
19.8
21.6101694915
22.0166666667
20.85
21.6833333333
21.3333333333
19.2833333333
20.2833333333
21.7288135593
21.6
20.6
20.05
19.65
19.9322033898
21.4833333333
20.7833333333
19.2666666667
20.55
20.75
20.0169491525
21.4666666667
21.4833333333
21.8833333333
21.55
21.8644067797
21.0666666667
22.45
19.4
21.8333333333
21.6949152542
20.15
21.5666666667
20.0833333333
22.1333333333
20.3
22.4745762712
20.7
21.2333333333
22.2666666667
20.65
21.4237288136
20.6833333333
21.5333333333
20.25
21.35
20.7288135593
19.8833333333
19.4166666667
20.8666666667
19.7333333333
21.8305084746
21.5666666667
19.9833333333
22.35
20.7666666667
20.2203389831
22.6
21.25
20.6
21.2363636364
--END OF 6--
2950.9
3155.6440678
3015.0
2884.7
2970.9
2904.7
2827.65
2884.9
2887.62711864
2991.6
2904.0
2778.75
2841.9
2803.22033898
2988.2
2945.2
2924.1
2996.9
2932.0
2904.76271186
2988.3
3031.85
2933.85
2905.85
2934.20338983
2875.05
3017.1
2884.35
3008.65
2988.66101695
2872.95
2986.4
2883.1
3008.2
2868.2
3023.6440678
2975.8
2918.5
2949.85
2973.45
2978.23728814
2767.5
2993.85
2871.75
2952.45
2968.88135593
2892.85
2849.7
2955.05
2884.4
3246.81355932
3138.4
2858.1
2982.75
3010.75
3012.55932203
3050.1
3022.2
2949.15
2983.85454545
--END OF 7--
798.0
867.084745763
834.2
812.716666667
825.466666667
822.033333333
778.433333333
790.783333333
813.0
833.0
799.35
774.6
769.4
774.440677966
834.183333333
815.666666667
797.416666667
835.633333333
829.183333333
800.745762712
835.75
850.8
817.166666667
812.15
818.559322034
807.9
836.6
809.8
845.466666667
829.745762712
800.233333333
842.366666667
810.466666667
841.533333333
795.2
834.542372881
829.116666667
823.5
824.366666667
814.433333333
833.118644068
783.4
837.4
793.45
827.5
825.661016949
795.016666667
768.8
817.633333333
804.5
902.474576271
864.533333333
790.533333333
830.833333333
832.316666667
820.322033898
845.1
849.35
819.65
836.763636364
--END OF 8--
111.05
97.1525423729
107.383333333
111.616666667
106.716666667
99.2
89.9833333333
106.683333333
100.728813559
104.2
113.6
100.1
101.9
105.694915254
118.983333333
97.2
93.15
98.65
98.25
112.0
115.516666667
117.016666667
126.666666667
112.733333333
113.508474576
120.4
105.65
95.0
121.05
121.830508475
107.483333333
116.1
101.933333333
112.95
108.45
118.576271186
106.183333333
114.233333333
118.683333333
97.9666666667
113.440677966
111.6
108.9
93.6
101.15
87.0677966102
104.65
101.9
104.816666667
108.266666667
112.118644068
95.4833333333
106.066666667
115.266666667
100.2
104.728813559
107.35
111.45
107.25
98.6181818182
--END OF 9--
2.31666666667
2.13559322034
4.18333333333
1.5
5.95
4.26666666667
3.45
3.15
4.42372881356
3.6
2.3
4.5
3.15
3.74576271186
3.13333333333
4.1
1.43333333333
3.4
3.9
1.98305084746
3.2
3.26666666667
4.51666666667
6.26666666667
6.50847457627
2.9
8.1
2.35
5.01666666667
4.52542372881
2.53333333333
3.1
2.16666666667
4.38333333333
2.9
6.74576271186
3.25
2.81666666667
5.13333333333
4.61666666667
2.77966101695
4.0
4.05
3.55
6.0
3.32203389831
2.18333333333
2.18333333333
4.81666666667
2.5
1.91525423729
4.98333333333
3.65
6.76666666667
3.5
2.25423728814
5.1
3.0
3.45
5.89090909091
--END OF 10--
0.133333333333
0.610169491525
1.76666666667
0.916666666667
0.833333333333
1.41666666667
0.866666666667
0.233333333333
3.05084745763
0.85
0.6
1.05
0.5
0.440677966102
0.0666666666667
0.5
0.433333333333
0.45
0.116666666667
0.508474576271
0.666666666667
0.833333333333
1.0
0.866666666667
0.64406779661
1.0
1.45
0.55
0.4
0.0847457627119
0.75
0.666666666667
0.416666666667
1.8
0.95
0.864406779661
0.516666666667
0.0
0.5
0.916666666667
0.898305084746
1.2
0.75
1.4
0.4
0.593220338983
0.366666666667
0.583333333333
1.85
0.333333333333
0.813559322034
1.11666666667
1.31666666667
0.0
0.5
0.0
2.0
0.0
0.0
1.18181818182
--END OF 11--
0.0
0.0
0.0
0.0
0.183333333333
0.0833333333333
0.266666666667
0.233333333333
1.01694915254
0.0
0.0
0.0
0.0
0.0
0.0
0.0
0.0
0.0
0.0
0.0
0.5
0.0
0.0
0.366666666667
0.135593220339
0.0
0.5
0.0
0.0
0.0
0.0
0.0
0.0
0.0
0.0
0.322033898305
0.183333333333
0.0
0.5
0.916666666667
0.0847457627119
0.0
0.25
0.25
0.0
0.0
0.0
0.0833333333333
0.416666666667
0.0
0.0
0.0
0.5
0.0
0.0
0.0
0.5
0.0
0.0
0.0
--END OF 12--
