17.3728813559
17.0
17.9333333333
17.65
17.9166666667
17.65
18.15
16.7796610169
17.9666666667
17.55
17.3
17.2333333333
17.9833333333
17.6440677966
17.55
18.95
18.6666666667
16.8666666667
17.6333333333
18.0
18.5166666667
18.6166666667
18.1333333333
18.6333333333
17.0333333333
18.5084745763
17.65
18.3833333333
18.6666666667
17.75
18.2033898305
18.75
17.7666666667
18.1
17.6666666667
17.6833333333
18.4576271186
19.3
18.8833333333
17.1833333333
18.3
19.0333333333
18.7457627119
18.0
18.4333333333
17.7833333333
17.1166666667
18.3050847458
16.5166666667
17.5
18.4666666667
17.2
19.1666666667
18.4745762712
19.0
17.5666666667
18.4
18.5666666667
18.7833333333
18.0172413793
--END OF 1--
22.4576271186
22.4666666667
24.3666666667
24.1333333333
23.9666666667
24.3833333333
23.9333333333
23.6101694915
24.1
22.3
23.3
23.9333333333
24.35
23.5762711864
23.7833333333
25.3166666667
26.0333333333
23.3333333333
24.1333333333
24.8644067797
24.4666666667
24.1
24.8166666667
25.7166666667
23.0166666667
23.6440677966
24.7
25.4333333333
24.5666666667
23.7833333333
24.1525423729
24.95
23.3
24.0833333333
23.4833333333
23.5
23.5423728814
24.2166666667
26.2166666667
23.2333333333
24.5333333333
25.3666666667
24.3220338983
23.35
24.1833333333
23.9666666667
23.1166666667
24.2203389831
21.9666666667
24.2166666667
25.0666666667
23.2166666667
25.2666666667
24.7118644068
24.5166666667
23.1166666667
25.9333333333
25.1166666667
24.15
25.2586206897
--END OF 2--
22.7288135593
22.9166666667
25.35
26.4166666667
24.9833333333
25.2333333333
25.05
23.6440677966
24.15
22.65
24.2
25.1666666667
25.0166666667
24.9322033898
24.6333333333
26.5
26.4833333333
23.5333333333
24.5666666667
26.1355932203
25.35
25.1
26.1
26.3166666667
24.0666666667
24.6949152542
25.85
26.4666666667
26.2833333333
24.5
24.9830508475
25.05
24.0
24.7333333333
23.8333333333
24.0666666667
24.8813559322
24.6666666667
26.9166666667
23.5833333333
24.5333333333
25.6666666667
25.0
23.65
25.1833333333
25.5
24.0166666667
24.7627118644
23.0666666667
25.2
25.7666666667
23.8833333333
25.6166666667
24.7627118644
24.9333333333
23.65
27.2833333333
25.5833333333
24.6
25.3103448276
--END OF 3--
17.3728813559
17.0
17.9333333333
17.65
17.9166666667
17.65
18.15
16.7796610169
17.9666666667
17.55
17.3
17.2333333333
17.9833333333
17.6440677966
17.55
18.8
18.6666666667
16.8666666667
17.6333333333
18.0
18.5166666667
18.6166666667
18.1333333333
18.5333333333
17.0333333333
18.5084745763
17.65
18.3833333333
18.6333333333
17.75
18.2033898305
18.7166666667
17.75
18.1
17.6666666667
17.6833333333
18.4576271186
19.3
18.8666666667
17.1833333333
18.3
19.0333333333
18.7457627119
18.0
18.4333333333
17.7833333333
17.1166666667
18.3050847458
16.5166666667
17.5
18.4666666667
17.2
19.1166666667
18.4745762712
19.0
17.5666666667
18.3
18.5666666667
18.7833333333
18.0172413793
--END OF 4--
22.4576271186
22.4666666667
24.3666666667
24.1333333333
23.9666666667
24.3833333333
23.9333333333
23.6101694915
24.1
22.3
23.3
23.9333333333
24.35
23.5762711864
23.7833333333
25.3166666667
26.0333333333
23.3333333333
24.1333333333
24.8644067797
24.4666666667
24.1
24.8166666667
25.7166666667
23.0166666667
23.6440677966
24.7
25.4333333333
24.5666666667
23.7833333333
24.1525423729
24.95
23.3
24.0833333333
23.4833333333
23.5
23.5423728814
24.2166666667
26.2166666667
23.2333333333
24.5333333333
25.3666666667
24.3220338983
23.35
24.1833333333
23.9666666667
23.1166666667
24.2203389831
21.9666666667
24.2166666667
25.0666666667
23.2166666667
25.2666666667
24.7118644068
24.5166666667
23.1166666667
25.9333333333
25.1166666667
24.15
25.2586206897
--END OF 5--
22.7288135593
22.9166666667
25.35
26.4166666667
24.9833333333
25.2333333333
25.05
23.6440677966
24.15
22.65
24.2
25.1666666667
25.0166666667
24.9322033898
24.6333333333
26.5
26.4833333333
23.5333333333
24.5666666667
26.1355932203
25.35
25.1
26.1
26.3166666667
24.0666666667
24.6949152542
25.85
26.4666666667
26.2833333333
24.5
24.9830508475
25.05
24.0
24.7333333333
23.8333333333
24.0666666667
24.8813559322
24.6666666667
26.9166666667
23.5833333333
24.5333333333
25.6666666667
25.0
23.65
25.1833333333
25.5
24.0166666667
24.7627118644
23.0666666667
25.2
25.7666666667
23.8833333333
25.6166666667
24.7627118644
24.9333333333
23.65
27.2833333333
25.5833333333
24.6
25.3103448276
--END OF 6--
3172.11864407
3252.75
3351.0
3341.4
3251.5
3368.9
3292.05
3144.40677966
3376.8
3198.75
3291.15
3276.3
3340.2
3351.20338983
3303.8
3389.15
3438.15
3227.45
3275.1
3418.06779661
3385.1
3326.15
3398.5
3483.75
3170.4
3342.50847458
3347.85
3449.95
3472.2
3349.45
3408.0
3485.0
3269.15
3382.9
3275.55
3266.8
3441.40677966
3510.7
3543.95
3248.1
3377.85
3416.6
3460.72881356
3284.7
3440.7
3364.3
3309.75
3453.76271186
3138.3
3338.55
3395.85
3254.3
3464.65
3385.57627119
3406.25
3380.8
3426.0
3468.4
3328.55
3379.81034483
--END OF 7--
879.813559322
903.833333333
926.716666667
920.416666667
916.316666667
934.483333333
936.283333333
879.118644068
937.283333333
882.15
916.55
903.133333333
934.916666667
935.983050847
937.35
959.8
974.3
899.066666667
920.733333333
942.677966102
952.0
946.716666667
951.25
973.85
885.383333333
937.305084746
917.65
959.916666667
973.3
932.9
964.13559322
969.516666667
914.433333333
938.666666667
919.3
906.116666667
938.949152542
967.683333333
993.583333333
896.65
942.766666667
960.166666667
963.491525424
927.45
955.15
951.516666667
923.6
964.661016949
870.65
925.916666667
943.8
895.266666667
958.7
953.06779661
962.966666667
924.0
965.333333333
966.566666667
943.25
945.431034483
--END OF 8--
116.13559322
108.133333333
119.2
134.983333333
132.2
142.1
124.483333333
136.762711864
132.966666667
130.7
126.25
129.25
130.95
114.762711864
133.45
152.166666667
158.333333333
131.466666667
137.016666667
140.237288136
128.366666667
137.183333333
150.5
152.5
136.0
119.542372881
141.0
149.55
134.416666667
133.266666667
134.457627119
140.816666667
120.3
133.783333333
121.966666667
122.766666667
119.610169492
118.316666667
153.316666667
125.733333333
142.0
150.666666667
126.237288136
121.5
137.55
128.9
128.45
125.118644068
128.3
146.95
145.133333333
134.333333333
135.1
129.711864407
130.333333333
122.366666667
156.183333333
146.15
126.9
150.362068966
--END OF 9--
5.8813559322
3.95
6.61666666667
8.56666666667
6.58333333333
4.68333333333
8.31666666667
6.05084745763
3.21666666667
2.55
4.5
9.88333333333
6.63333333333
7.37288135593
3.46666666667
6.31666666667
5.08333333333
5.0
4.25
7.89830508475
6.0
5.6
5.71666666667
4.96666666667
6.78333333333
5.1186440678
9.6
5.06666666667
6.83333333333
5.88333333333
5.25423728814
3.83333333333
4.71666666667
5.83333333333
2.63333333333
5.68333333333
5.1186440678
4.9
5.28333333333
4.7
2.3
2.8
2.37288135593
2.4
4.75
5.33333333333
3.95
3.40677966102
4.11666666667
5.23333333333
8.18333333333
6.13333333333
7.58333333333
4.79661016949
4.25
3.86666666667
8.16666666667
3.5
5.26666666667
4.22413793103
--END OF 10--
0.118644067797
0.55
1.31666666667
3.76666666667
1.26666666667
1.48333333333
1.91666666667
0.0847457627119
0.0
0.0
1.05
1.05
0.866666666667
2.22033898305
0.616666666667
1.85
0.75
0.5
0.6
1.5593220339
1.11666666667
1.3
1.81666666667
0.5
1.1
1.10169491525
1.1
1.8
2.31666666667
0.666666666667
1.0
0.35
0.766666666667
1.01666666667
0.716666666667
0.266666666667
1.38983050847
0.6
1.11666666667
0.483333333333
0.0
0.5
1.37288135593
0.2
1.05
2.46666666667
1.3
0.898305084746
1.11666666667
1.48333333333
0.516666666667
0.683333333333
0.816666666667
0.169491525424
0.333333333333
0.5
1.85
0.783333333333
0.4
0.0
--END OF 11--
0.118644067797
0.383333333333
0.0666666666667
0.433333333333
0.316666666667
0.183333333333
0.0
0.0
0.0
0.0
0.0
0.366666666667
0.0
0.389830508475
0.616666666667
0.433333333333
0.266666666667
0.0
0.2
1.06779661017
0.0833333333333
0.316666666667
0.316666666667
0.433333333333
0.0
0.508474576271
0.0
0.0
0.0
0.366666666667
0.0
0.0
0.5
0.0
0.0
0.0
0.508474576271
0.0
0.0
0.0
0.0
0.0
0.0
0.0
0.1
0.733333333333
0.0
0.0
0.5
0.0
0.5
0.0
0.0
0.0
0.0
0.0
0.9
0.266666666667
0.233333333333
0.0
--END OF 12--
