5.96666666667
6.15
6.36666666667
5.9
6.2
5.93220338983
5.88333333333
5.85
6.1
5.7
5.4
4.93220338983
4.68333333333
4.93333333333
4.66666666667
5.88333333333
4.98305084746
4.28333333333
5.45
5.05
5.05
4.91525423729
4.48333333333
4.96666666667
3.88333333333
4.95
5.1186440678
5.15
4.9
4.85
4.6
4.48333333333
5.64406779661
5.56666666667
4.85
4.73333333333
4.58333333333
4.8813559322
4.63333333333
5.1
4.81666666667
5.03333333333
4.64406779661
4.35
5.18333333333
4.63333333333
4.5
5.05084745763
5.6
4.81666666667
4.78333333333
4.33333333333
4.38983050847
4.05
4.5
3.88333333333
4.46666666667
4.10169491525
4.38333333333
6.41071428571
--END OF 1--
9.78333333333
9.3
9.25
8.61666666667
7.8
7.71186440678
7.53333333333
7.88333333333
8.6
8.68333333333
7.8
7.03389830508
7.18333333333
7.93333333333
6.01666666667
9.1
7.76271186441
6.85
7.81666666667
7.73333333333
7.86666666667
7.64406779661
7.23333333333
7.88333333333
7.06666666667
6.35
6.50847457627
7.5
7.6
7.0
7.2
6.28333333333
8.0
7.56666666667
7.18333333333
6.95
7.26666666667
6.74576271186
6.51666666667
6.95
6.06666666667
7.1
6.54237288136
6.25
8.08333333333
6.03333333333
8.0
6.61016949153
7.06666666667
7.43333333333
6.81666666667
6.25
6.28813559322
6.65
6.23333333333
6.36666666667
6.28333333333
6.77966101695
7.03333333333
9.57142857143
--END OF 2--
10.25
9.66666666667
10.3666666667
8.73333333333
8.7
10.2372881356
8.71666666667
8.66666666667
9.75
9.4
8.58333333333
7.38983050847
7.73333333333
8.78333333333
6.76666666667
9.6
8.25423728814
8.43333333333
8.48333333333
8.0
8.21666666667
8.16949152542
7.81666666667
9.03333333333
9.46666666667
6.55
6.81355932203
8.05
9.35
8.3
8.1
6.53333333333
8.89830508475
8.45
8.75
7.5
8.26666666667
6.96610169492
6.63333333333
7.35
6.55
7.71666666667
7.69491525424
6.7
10.9833333333
6.78333333333
9.15
6.81355932203
8.23333333333
8.31666666667
7.6
7.11666666667
7.06779661017
8.45
6.56666666667
6.88333333333
7.13333333333
7.57627118644
8.08333333333
10.1428571429
--END OF 3--
5.96666666667
6.15
6.36666666667
5.9
6.2
5.93220338983
5.88333333333
5.85
6.1
5.7
5.4
4.93220338983
4.68333333333
4.93333333333
4.66666666667
5.88333333333
4.98305084746
4.28333333333
5.45
5.05
5.05
4.91525423729
4.48333333333
4.96666666667
3.88333333333
4.95
5.1186440678
5.15
4.9
4.85
4.6
4.48333333333
5.64406779661
5.56666666667
4.85
4.73333333333
4.58333333333
4.8813559322
4.63333333333
5.1
4.81666666667
5.03333333333
4.64406779661
4.35
5.18333333333
4.63333333333
4.5
5.05084745763
5.6
4.81666666667
4.78333333333
4.33333333333
4.38983050847
4.05
4.5
3.88333333333
4.46666666667
4.10169491525
4.38333333333
6.41071428571
--END OF 4--
9.78333333333
9.3
9.25
8.61666666667
7.8
7.71186440678
7.53333333333
7.88333333333
8.6
8.68333333333
7.8
7.03389830508
7.18333333333
7.93333333333
6.01666666667
9.1
7.76271186441
6.85
7.81666666667
7.73333333333
7.86666666667
7.64406779661
7.23333333333
7.88333333333
7.06666666667
6.35
6.50847457627
7.5
7.6
7.0
7.2
6.28333333333
8.0
7.56666666667
7.18333333333
6.95
7.26666666667
6.74576271186
6.51666666667
6.95
6.06666666667
7.1
6.54237288136
6.25
8.08333333333
6.03333333333
8.0
6.61016949153
7.06666666667
7.43333333333
6.81666666667
6.25
6.28813559322
6.65
6.23333333333
6.36666666667
6.28333333333
6.77966101695
7.03333333333
9.57142857143
--END OF 5--
10.25
9.66666666667
10.3666666667
8.73333333333
8.7
10.2372881356
8.71666666667
8.66666666667
9.75
9.4
8.58333333333
7.38983050847
7.73333333333
8.78333333333
6.76666666667
9.6
8.25423728814
8.43333333333
8.48333333333
8.0
8.21666666667
8.16949152542
7.81666666667
9.03333333333
9.46666666667
6.55
6.81355932203
8.05
9.35
8.3
8.1
6.53333333333
8.89830508475
8.45
8.75
7.5
8.26666666667
6.96610169492
6.63333333333
7.35
6.55
7.71666666667
7.69491525424
6.7
10.9833333333
6.78333333333
9.15
6.81355932203
8.23333333333
8.31666666667
7.6
7.11666666667
7.06779661017
8.45
6.56666666667
6.88333333333
7.13333333333
7.57627118644
8.08333333333
10.1428571429
--END OF 6--
1301.9
1301.9
1394.15
1216.15
1238.65
1354.16949153
1184.25
1219.8
1265.8
1278.25
1198.4
1095.15254237
1110.3
1099.05
1036.2
1244.1
1179.05084746
1058.95
1088.1
1127.65
1125.2
1069.52542373
1171.05
1187.55
1029.75
1104.5
1130.89830508
1074.45
1078.65
1077.15
1096.65
1148.1
1251.86440678
1155.05
1200.45
1090.65
1035.55
1101.50847458
1035.65
1157.15
1077.35
1080.9
1022.23728814
1059.15
1151.4
1013.55
1093.05
1106.13559322
1109.05
1065.45
1050.55
1039.05
1012.11864407
1016.1
987.7
931.35
997.35
993.762711864
990.3
1427.19642857
--END OF 7--
357.566666667
358.516666667
374.516666667
332.8
335.75
346.406779661
324.866666667
333.033333333
344.716666667
355.816666667
324.833333333
298.813559322
299.4
299.5
286.35
346.266666667
322.881355932
299.583333333
311.916666667
304.566666667
310.25
295.644067797
316.6
325.316666667
290.833333333
295.183333333
318.016949153
302.95
289.9
296.05
299.75
307.65
345.728813559
323.416666667
331.1
305.983333333
280.566666667
295.423728814
281.2
319.483333333
282.483333333
291.65
282.915254237
287.4
309.8
274.25
312.85
291.203389831
321.05
297.25
288.2
285.583333333
275.169491525
277.233333333
275.8
255.416666667
274.033333333
274.881355932
278.0
384.285714286
--END OF 8--
61.9833333333
53.9333333333
63.9333333333
48.5
43.8
44.9491525424
40.4833333333
43.2166666667
53.25
52.3833333333
45.75
32.406779661
45.25
49.25
34.0
59.9166666667
57.4576271186
42.8
52.15
45.5833333333
46.6833333333
49.0169491525
51.85
52.95
55.7333333333
35.7
33.7796610169
42.3
42.9
46.85
43.75
32.85
54.4237288136
47.6
38.05
39.1666666667
46.1166666667
36.0847457627
37.3666666667
41.6
33.9
42.1166666667
47.7796610169
38.15
47.4
35.5
58.25
33.4915254237
42.2666666667
43.8
39.85
36.4833333333
41.813559322
47.85
33.9833333333
41.9166666667
42.6166666667
38.9830508475
43.7
59.1428571429
--END OF 9--
5.95
6.06666666667
3.81666666667
3.41666666667
3.68333333333
5.37288135593
4.68333333333
2.5
3.6
4.08333333333
5.15
4.13559322034
3.85
6.35
2.7
2.6
2.54237288136
4.88333333333
4.3
5.28333333333
4.11666666667
3.66101694915
3.1
4.78333333333
8.41666666667
0.9
1.50847457627
4.55
7.65
3.5
4.35
1.9
2.8813559322
3.15
5.56666666667
3.21666666667
4.58333333333
2.05084745763
1.6
2.31666666667
1.25
4.76666666667
4.1186440678
2.45
9.65
3.2
6.0
1.84745762712
2.96666666667
5.7
4.46666666667
4.26666666667
2.74576271186
6.93333333333
2.61666666667
4.33333333333
3.08333333333
5.20338983051
6.65
3.64285714286
--END OF 10--
0.466666666667
0.6
1.38333333333
0.0166666666667
0.933333333333
3.98305084746
2.11666666667
0.533333333333
1.5
0.983333333333
1.01666666667
0.508474576271
1.0
1.4
1.5
0.9
0.627118644068
2.68333333333
1.45
0.133333333333
0.416666666667
0.338983050847
0.516666666667
1.28333333333
2.7
0.0
0.101694915254
0.9
2.55
1.95
1.0
0.8
1.10169491525
1.41666666667
2.08333333333
0.933333333333
1.11666666667
0.237288135593
0.333333333333
0.0666666666667
0.933333333333
0.566666666667
1.86440677966
0.7
3.9
0.5
1.75
0.254237288136
0.816666666667
1.18333333333
1.5
0.983333333333
0.694915254237
2.05
0.283333333333
0.983333333333
1.1
1.23728813559
1.5
0.625
--END OF 11--
0.0
0.0
0.483333333333
0.0166666666667
0.5
0.677966101695
0.333333333333
0.0
0.0
0.0
0.0
0.0
0.0
0.0
0.0
0.0166666666667
0.338983050847
0.416666666667
0.0
0.0
0.0
0.338983050847
0.0
0.3
1.7
0.0
0.0
0.0
0.85
0.15
0.0
0.0
0.508474576271
0.116666666667
1.26666666667
0.116666666667
0.5
0.0
0.0
0.0
0.0
0.0
0.0
0.6
0.9
0.0
0.0
0.0
0.683333333333
0.316666666667
0.5
0.483333333333
0.0338983050847
0.7
0.283333333333
0.0166666666667
0.483333333333
0.0
0.0
0.0
--END OF 12--
