6.56666666667
5.85
6.0
6.33333333333
5.5593220339
4.85
6.26666666667
6.28333333333
6.1
5.91666666667
6.58333333333
6.28813559322
5.53333333333
7.03333333333
6.51666666667
6.7
6.15254237288
6.6
6.43333333333
6.43333333333
6.35
6.94915254237
7.3
6.4
6.0
7.1
6.98305084746
6.43333333333
7.4
7.78333333333
7.66666666667
6.74576271186
5.93333333333
6.26666666667
7.06666666667
7.3
7.52542372881
6.45
7.1
5.98333333333
6.06666666667
6.20338983051
6.31666666667
6.13333333333
5.8
6.05
6.35593220339
6.56666666667
6.06666666667
5.95
6.8
5.83050847458
5.68333333333
5.85
5.95
6.13333333333
6.6
6.72881355932
6.05
6.10909090909
--END OF 1--
9.26666666667
8.68333333333
8.76666666667
9.06666666667
8.32203389831
7.15
9.11666666667
8.05
9.05
8.11666666667
8.78333333333
8.33898305085
8.23333333333
9.43333333333
8.63333333333
9.63333333333
7.89830508475
9.31666666667
8.68333333333
8.93333333333
8.55
9.28813559322
9.95
8.35
8.95
9.15
9.03389830508
9.13333333333
10.05
10.0666666667
10.3166666667
9.76271186441
8.85
8.73333333333
9.76666666667
9.55
10.1694915254
8.5
9.85
8.18333333333
7.46666666667
8.0
8.71666666667
8.08333333333
8.66666666667
8.18333333333
8.91525423729
9.58333333333
8.31666666667
8.23333333333
9.73333333333
8.40677966102
7.43333333333
7.45
7.35
8.13333333333
8.95
9.76271186441
8.48333333333
9.10909090909
--END OF 2--
9.93333333333
9.31666666667
9.5
9.86666666667
9.37288135593
7.55
10.6166666667
8.6
10.05
8.86666666667
9.38333333333
9.05084745763
8.66666666667
10.3833333333
9.45
10.4333333333
8.62711864407
9.86666666667
9.63333333333
9.45
9.73333333333
10.8983050847
11.2
8.8
9.35
9.55
10.9830508475
10.1
11.15
12.0166666667
11.8333333333
10.9322033898
9.93333333333
9.86666666667
11.2666666667
10.1
11.7796610169
9.2
10.7
8.43333333333
7.96666666667
8.49152542373
9.01666666667
8.3
8.86666666667
9.03333333333
9.69491525424
10.2833333333
8.86666666667
8.9
11.1333333333
9.16949152542
8.68333333333
8.45
8.2
8.58333333333
9.55
10.6101694915
9.2
9.36363636364
--END OF 3--
6.56666666667
5.85
6.0
6.33333333333
5.5593220339
4.85
6.26666666667
6.28333333333
6.1
5.91666666667
6.58333333333
6.28813559322
5.53333333333
7.03333333333
6.51666666667
6.7
6.15254237288
6.6
6.43333333333
6.43333333333
6.35
6.94915254237
7.3
6.4
6.0
7.1
6.98305084746
6.43333333333
7.4
7.78333333333
7.66666666667
6.74576271186
5.93333333333
6.26666666667
7.06666666667
7.3
7.52542372881
6.45
7.1
5.98333333333
6.06666666667
6.20338983051
6.31666666667
6.13333333333
5.8
6.05
6.35593220339
6.56666666667
6.06666666667
5.95
6.8
5.83050847458
5.68333333333
5.85
5.95
6.13333333333
6.6
6.72881355932
6.05
6.10909090909
--END OF 4--
9.26666666667
8.68333333333
8.76666666667
9.06666666667
8.32203389831
7.15
9.11666666667
8.05
9.05
8.11666666667
8.78333333333
8.33898305085
8.23333333333
9.43333333333
8.63333333333
9.63333333333
7.89830508475
9.31666666667
8.68333333333
8.93333333333
8.55
9.28813559322
9.95
8.35
8.95
9.15
9.03389830508
9.13333333333
10.05
10.0666666667
10.3166666667
9.76271186441
8.85
8.73333333333
9.76666666667
9.55
10.1694915254
8.5
9.85
8.18333333333
7.46666666667
8.0
8.71666666667
8.08333333333
8.66666666667
8.18333333333
8.91525423729
9.58333333333
8.31666666667
8.23333333333
9.73333333333
8.40677966102
7.43333333333
7.45
7.35
8.13333333333
8.95
9.76271186441
8.48333333333
9.10909090909
--END OF 5--
9.93333333333
9.31666666667
9.5
9.86666666667
9.37288135593
7.55
10.6166666667
8.6
10.05
8.86666666667
9.38333333333
9.05084745763
8.66666666667
10.3833333333
9.45
10.4333333333
8.62711864407
9.86666666667
9.63333333333
9.45
9.73333333333
10.8983050847
11.2
8.8
9.35
9.55
10.9830508475
10.1
11.15
12.0166666667
11.8333333333
10.9322033898
9.93333333333
9.86666666667
11.2666666667
10.1
11.7796610169
9.2
10.7
8.43333333333
7.96666666667
8.49152542373
9.01666666667
8.3
8.86666666667
9.03333333333
9.69491525424
10.2833333333
8.86666666667
8.9
11.1333333333
9.16949152542
8.68333333333
8.45
8.2
8.58333333333
9.55
10.6101694915
9.2
9.36363636364
--END OF 6--
1410.55
1345.45
1362.5
1319.15
1280.18644068
1287.9
1329.15
1260.95
1278.45
1285.8
1289.7
1272.71186441
1278.55
1424.9
1358.95
1357.7
1301.08474576
1392.8
1265.7
1353.95
1319.7
1401.96610169
1445.85
1306.8
1359.0
1416.9
1409.59322034
1445.1
1469.05
1612.3
1459.3
1429.16949153
1376.3
1454.2
1480.6
1563.7
1443.20338983
1362.9
1413.3
1386.15
1329.0
1346.74576271
1358.6
1316.05
1249.2
1260.8
1392.50847458
1400.5
1328.45
1330.9
1499.95
1289.69491525
1239.45
1187.85
1305.15
1260.6
1319.1
1380.71186441
1310.7
1303.30909091
--END OF 7--
385.9
376.766666667
378.116666667
374.2
355.576271186
329.0
374.4
361.516666667
359.15
356.5
362.7
350.796610169
354.416666667
396.0
377.683333333
389.616666667
352.13559322
380.75
365.083333333
386.85
359.166666667
388.796610169
398.85
347.9
367.0
395.4
393.271186441
402.583333333
411.916666667
440.433333333
411.383333333
399.847457627
371.0
395.15
411.75
427.566666667
403.694915254
373.9
395.95
375.25
362.75
350.389830508
369.916666667
356.733333333
346.633333333
354.466666667
384.762711864
395.583333333
356.866666667
361.35
406.633333333
345.288135593
337.65
328.2
361.0
354.45
365.2
392.440677966
363.183333333
363.018181818
--END OF 8--
53.3833333333
54.3166666667
46.3333333333
55.55
48.5762711864
48.5
61.45
46.0666666667
48.35
46.25
43.4
45.9661016949
42.7
51.05
43.6833333333
54.8166666667
48.7627118644
57.9
40.7666666667
49.8333333333
51.15
53.0847457627
56.35
51.2
54.35
46.25
50.5254237288
48.35
55.15
49.35
52.9166666667
56.2033898305
50.7666666667
48.3
63.6666666667
56.55
60.6610169492
41.5
54.75
47.45
38.9
41.8644067797
48.1
48.4333333333
43.2333333333
44.6333333333
58.3559322034
55.4666666667
43.5
45.7166666667
57.0
38.7118644068
35.8
37.95
32.35
44.3
48.2
54.4745762712
38.65
58.0363636364
--END OF 9--
2.75
3.68333333333
4.63333333333
4.88333333333
6.32203389831
2.55
5.2
1.53333333333
4.65
2.7
5.4
2.91525423729
5.0
2.35
2.16666666667
4.51666666667
2.50847457627
3.56666666667
6.43333333333
3.45
4.13333333333
5.18644067797
5.2
3.0
4.15
2.05
3.83050847458
5.63333333333
3.48333333333
5.1
6.38333333333
4.59322033898
5.48333333333
3.55
4.11666666667
1.85
5.10169491525
3.25
5.95
2.25
1.25
3.37288135593
3.15
0.85
4.5
2.91666666667
3.16949152542
7.41666666667
1.98333333333
2.93333333333
5.21666666667
4.76271186441
5.05
3.4
2.0
3.05
3.3
5.86440677966
3.85
1.56363636364
--END OF 10--
0.5
0.866666666667
1.06666666667
1.41666666667
1.10169491525
0.7
2.55
0.5
0.9
1.15
0.7
1.01694915254
0.566666666667
1.35
1.58333333333
1.28333333333
0.949152542373
0.35
1.05
0.833333333333
1.93333333333
2.05084745763
1.95
0.7
0.45
0.15
2.72881355932
1.35
1.63333333333
2.93333333333
2.25
1.49152542373
1.06666666667
1.85
2.53333333333
0.8
2.32203389831
0.95
0.55
0.5
0.75
1.10169491525
0.45
0.216666666667
0.0
1.0
1.10169491525
0.933333333333
0.7
0.883333333333
2.56666666667
1.16949152542
2.1
1.3
0.95
0.0
0.7
1.10169491525
0.716666666667
0.0727272727273
--END OF 11--
0.433333333333
0.0
0.0
0.0
0.0
0.0
0.0
0.25
0.75
0.05
0.45
0.0
0.0
0.5
0.0
0.5
0.508474576271
0.0666666666667
0.933333333333
0.0166666666667
0.483333333333
0.610169491525
0.9
0.5
0.0
0.0
0.508474576271
0.0
0.433333333333
0.6
0.466666666667
0.508474576271
0.0
0.0
0.416666666667
0.0833333333333
0.0
0.0
0.0
0.0
0.0
0.0
0.283333333333
0.216666666667
0.0
0.5
0.305084745763
0.0166666666667
0.483333333333
0.216666666667
0.283333333333
0.508474576271
0.15
0.4
0.45
0.0
0.2
0.813559322034
0.5
0.0727272727273
--END OF 12--
