14.8333333333
15.2833333333
17.0
16.7833333333
17.25
16.5254237288
17.0833333333
16.5166666667
15.9666666667
16.3833333333
16.6833333333
15.7457627119
16.6833333333
17.0166666667
15.1333333333
16.2166666667
16.3666666667
16.0
15.6
16.0333333333
16.1666666667
15.8833333333
16.2
16.0
15.45
17.7
15.95
16.1166666667
16.1333333333
16.0169491525
15.9
16.3166666667
17.35
15.5333333333
15.6833333333
16.7457627119
15.6666666667
16.4666666667
16.95
15.6
14.95
16.1525423729
16.1
15.45
16.45
15.6
15.6271186441
15.2833333333
16.15
16.4
16.75
16.8666666667
15.813559322
14.9833333333
15.7166666667
15.1
15.2333333333
15.8644067797
15.3166666667
16.0701754386
--END OF 1--
20.9333333333
23.0333333333
22.8666666667
23.25
22.0333333333
21.8305084746
23.4333333333
22.2166666667
21.7166666667
21.6833333333
22.0833333333
20.813559322
21.9333333333
24.8166666667
20.2833333333
21.2166666667
22.0333333333
21.7796610169
21.1
21.65
22.3666666667
22.4333333333
21.2666666667
21.4745762712
20.9
23.55
20.4
21.9166666667
21.7833333333
21.8305084746
21.95
21.2666666667
21.75
20.8833333333
21.2666666667
20.7457627119
20.6166666667
22.4833333333
24.0
21.0333333333
20.25
22.0677966102
21.55
20.8
21.95
21.35
21.6779661017
21.2
21.5333333333
22.0833333333
21.9166666667
22.5333333333
21.4237288136
19.2333333333
22.3
21.6833333333
21.5333333333
22.5593220339
20.1166666667
21.9473684211
--END OF 2--
20.9333333333
24.55
23.6
24.1
22.1166666667
22.186440678
24.5333333333
23.3333333333
22.6166666667
21.8833333333
22.7833333333
20.9152542373
23.0333333333
24.8666666667
20.5833333333
21.55
22.6
22.4406779661
21.2833333333
22.1166666667
22.8166666667
23.4333333333
22.6333333333
22.8644067797
21.45
23.95
21.45
22.1666666667
22.8833333333
22.3728813559
22.9666666667
21.2666666667
21.95
21.1833333333
21.2666666667
21.4576271186
20.6166666667
22.9333333333
24.1
21.8166666667
21.25
23.0
22.45
22.95
22.35
21.65
22.9152542373
22.4166666667
23.0833333333
22.4666666667
22.7333333333
23.55
22.5423728814
19.4333333333
24.1166666667
22.3333333333
22.65
24.0338983051
20.4666666667
22.6842105263
--END OF 3--
14.8333333333
15.2833333333
17.0
16.7833333333
17.25
16.5254237288
17.0833333333
16.5166666667
15.9666666667
16.3833333333
16.6833333333
15.7457627119
16.6833333333
17.0166666667
15.1333333333
16.2166666667
16.3666666667
16.0
15.6
16.0333333333
16.1666666667
15.8833333333
16.2
16.0
15.45
17.7
15.95
16.1166666667
16.1333333333
16.0169491525
15.9
16.3166666667
17.35
15.5333333333
15.6833333333
16.7457627119
15.6666666667
16.4666666667
16.95
15.6
14.95
16.1525423729
16.1
15.45
16.45
15.6
15.6271186441
15.2833333333
16.15
16.4
16.75
16.8666666667
15.813559322
14.9833333333
15.7166666667
15.1
15.2333333333
15.8644067797
15.3166666667
16.0701754386
--END OF 4--
20.9333333333
23.0333333333
22.8666666667
23.25
22.0333333333
21.8305084746
23.4333333333
22.2166666667
21.7166666667
21.6833333333
22.0833333333
20.813559322
21.9333333333
24.8166666667
20.2833333333
21.2166666667
22.0333333333
21.7796610169
21.1
21.65
22.3666666667
22.4333333333
21.2666666667
21.4745762712
20.9
23.55
20.4
21.9166666667
21.7833333333
21.8305084746
21.95
21.2666666667
21.75
20.8833333333
21.2666666667
20.7457627119
20.6166666667
22.4833333333
24.0
21.0333333333
20.25
22.0677966102
21.55
20.8
21.95
21.35
21.6779661017
21.2
21.5333333333
22.0833333333
21.9166666667
22.5333333333
21.4237288136
19.2333333333
22.3
21.6833333333
21.5333333333
22.5593220339
20.1166666667
21.9473684211
--END OF 5--
20.9333333333
24.55
23.6
24.1
22.1166666667
22.186440678
24.5333333333
23.3333333333
22.6166666667
21.8833333333
22.7833333333
20.9152542373
23.0333333333
24.8666666667
20.5833333333
21.55
22.6
22.4406779661
21.2833333333
22.1166666667
22.8166666667
23.4333333333
22.6333333333
22.8644067797
21.45
23.95
21.45
22.1666666667
22.8833333333
22.3728813559
22.9666666667
21.2666666667
21.95
21.1833333333
21.2666666667
21.4576271186
20.6166666667
22.9333333333
24.1
21.8166666667
21.25
23.0
22.45
22.95
22.35
21.65
22.9152542373
22.4166666667
23.0833333333
22.4666666667
22.7333333333
23.55
22.5423728814
19.4333333333
24.1166666667
22.3333333333
22.65
24.0338983051
20.4666666667
22.6842105263
--END OF 6--
2962.3
2968.95
3068.65
3162.75
3218.2
3078.55932203
3302.55
3071.0
3056.7
3009.6
3029.1
2971.62711864
3149.65
3285.35
2866.25
3028.05
3053.95
2967.40677966
2970.6
3087.45
3033.7
3022.7
2998.45
2990.13559322
2979.75
3265.35
3043.8
3002.4
3076.05
3093.40677966
3070.25
3040.85
3162.75
2913.6
2972.55
3070.62711864
3028.05
3077.85
3262.95
2897.45
2965.5
3002.38983051
3099.9
2976.45
3008.85
2963.7
2921.69491525
2901.05
2924.75
3071.2
3115.25
3129.05
3008.18644068
3001.6
3107.4
2923.8
2959.2
3000.10169492
2852.1
3147.0
--END OF 7--
815.3
832.716666667
873.0
881.233333333
880.8
857.322033898
894.95
859.566666667
845.25
839.55
854.55
816.101694915
856.383333333
908.533333333
803.466666667
832.766666667
848.516666667
829.474576271
813.116666667
853.483333333
848.9
845.533333333
822.266666667
837.033898305
824.55
908.3
829.75
823.6
848.2
853.93220339
849.733333333
841.083333333
879.283333333
812.816666667
819.066666667
851.101694915
834.316666667
860.683333333
905.233333333
807.466666667
799.5
830.898305085
846.4
819.75
847.65
804.85
818.559322034
799.516666667
823.033333333
847.683333333
864.116666667
870.883333333
824.06779661
829.133333333
857.65
816.216666667
828.483333333
850.220338983
790.3
857.298245614
--END OF 8--
113.916666667
145.85
133.733333333
132.033333333
114.3
121.779661017
140.5
135.883333333
126.15
126.75
125.75
127.915254237
126.483333333
143.433333333
108.016666667
114.366666667
119.666666667
116.050847458
121.916666667
121.516666667
149.666666667
124.1
113.433333333
134.118644068
127.1
124.15
112.1
119.25
111.35
110.101694915
122.216666667
116.166666667
118.35
120.65
123.2
99.1016949153
101.4
128.05
145.466666667
119.766666667
113.55
133.796610169
117.85
108.35
121.2
131.05
128.033898305
120.466666667
111.033333333
122.4
117.966666667
115.733333333
116.542372881
89.1666666667
116.75
124.616666667
127.9
135.728813559
119.5
126.684210526
--END OF 9--
8.0
8.78333333333
4.9
6.28333333333
3.06666666667
5.42372881356
5.25
5.75
5.85
4.15
5.4
4.01694915254
5.66666666667
6.03333333333
3.61666666667
2.95
5.33333333333
6.57627118644
3.5
5.0
3.6
7.01666666667
6.81666666667
4.66101694915
3.1
4.1
4.5
5.05
6.55
5.08474576271
6.85
4.48333333333
1.41666666667
2.78333333333
2.05
3.49152542373
2.01666666667
4.5
4.25
4.41666666667
5.21666666667
7.05084745763
4.2
7.55
4.55
3.2
5.83050847458
5.96666666667
7.6
4.35
4.51666666667
6.43333333333
5.32203389831
2.01666666667
11.3833333333
6.85
4.86666666667
9.84745762712
2.8
3.94736842105
--END OF 10--
0.0
1.0
0.933333333333
0.733333333333
0.0
0.508474576271
1.5
1.23333333333
1.0
0.5
1.0
0.0
0.433333333333
0.0666666666667
0.5
0.533333333333
0.466666666667
1.01694915254
0.4
0.366666666667
0.616666666667
1.65
1.38333333333
2.42372881356
1.0
0.6
0.5
0.5
2.0
0.830508474576
1.68333333333
0.0
0.383333333333
0.616666666667
0.0
1.01694915254
0.0
0.5
0.0
1.35
1.35
1.47457627119
1.35
2.95
0.55
0.5
1.52542372881
1.96666666667
2.56666666667
0.516666666667
0.483333333333
1.11666666667
1.16949152542
0.3
2.68333333333
0.833333333333
0.916666666667
1.47457627119
0.55
1.0350877193
--END OF 11--
0.0
0.566666666667
0.666666666667
0.0
0.0
0.0
0.0
0.0
0.0
0.0
0.0
0.0
0.0
0.0
0.0
0.5
0.0
0.0
0.0
0.0
0.116666666667
0.383333333333
0.516666666667
0.491525423729
0.0
0.5
0.0
0.0
0.0
0.237288135593
0.766666666667
0.0
0.0
0.0
0.0
0.508474576271
0.0
0.0
0.0
0.316666666667
0.183333333333
0.661016949153
0.35
1.0
0.0
0.0
0.694915254237
0.716666666667
0.5
0.183333333333
0.316666666667
0.733333333333
0.271186440678
0.0
0.5
0.366666666667
0.133333333333
1.42372881356
0.1
0.0
--END OF 12--
