11.3833333333
12.2833333333
13.3333333333
13.0847457627
12.7
12.7
13.3333333333
13.3166666667
13.35
12.1525423729
12.9666666667
13.7833333333
13.15
12.6333333333
12.2166666667
13.0508474576
12.7833333333
12.0
12.8833333333
12.2
12.2203389831
12.8166666667
12.0166666667
12.65
11.4666666667
11.55
12.4745762712
12.8666666667
12.9166666667
12.5166666667
11.0666666667
12.3050847458
13.1333333333
12.9666666667
11.9333333333
13.2833333333
12.3050847458
12.9
12.0
12.2
12.3166666667
12.7
12.3898305085
13.5833333333
12.0333333333
12.3333333333
12.4333333333
12.3220338983
12.15
12.55
10.85
12.25
12.0508474576
11.95
11.8333333333
12.6
12.55
12.2166666667
12.1016949153
12.5925925926
--END OF 1--
15.3833333333
16.2833333333
16.8333333333
17.1694915254
16.55
17.1333333333
16.7666666667
17.35
16.2666666667
15.7118644068
17.2
17.7
17.45
17.2333333333
16.25
17.0508474576
16.9833333333
16.6
17.1833333333
15.85
16.0338983051
15.2166666667
15.65
16.2166666667
14.4666666667
15.5166666667
16.3220338983
17.05
17.3
16.1333333333
13.7
16.1016949153
16.7833333333
16.7166666667
16.5833333333
17.1833333333
16.6440677966
17.4166666667
15.9833333333
15.8833333333
15.5833333333
17.25
16.7457627119
17.6166666667
15.55
15.75
16.0666666667
16.3389830508
16.65
16.35
16.1
16.1
15.7796610169
15.5166666667
15.0833333333
15.9333333333
16.6166666667
15.6166666667
15.4915254237
16.3703703704
--END OF 2--
15.9833333333
16.5333333333
16.8333333333
17.6779661017
17.5333333333
17.5333333333
16.9833333333
17.4833333333
16.7333333333
16.5423728814
17.75
18.7
18.15
18.4833333333
16.8666666667
17.5254237288
17.3
17.9
17.6833333333
16.3
17.4576271186
15.3833333333
16.6166666667
16.6333333333
14.7166666667
15.5166666667
16.3389830508
17.7833333333
17.3
16.7
14.1833333333
16.6610169492
17.6833333333
16.7166666667
16.9333333333
17.1833333333
17.1355932203
18.2166666667
16.4666666667
16.3833333333
15.9666666667
17.3666666667
17.3728813559
18.3
15.9666666667
16.7
16.6
16.7966101695
17.4
17.0
16.65
16.4
15.8813559322
15.6
15.7
16.4333333333
17.25
15.9333333333
16.0
17.4814814815
--END OF 3--
11.3833333333
12.2833333333
13.3333333333
13.0847457627
12.7
12.7
13.3333333333
13.3166666667
13.35
12.1525423729
12.9666666667
13.7833333333
13.15
12.6333333333
12.2166666667
13.0508474576
12.7833333333
12.0
12.8833333333
12.2
12.2203389831
12.8166666667
12.0166666667
12.65
11.4666666667
11.55
12.4745762712
12.8666666667
12.9166666667
12.5166666667
11.0666666667
12.3050847458
13.1333333333
12.9666666667
11.9333333333
13.2833333333
12.3050847458
12.9
12.0
12.2
12.3166666667
12.7
12.3898305085
13.5833333333
12.0333333333
12.3333333333
12.4333333333
12.3220338983
12.15
12.55
10.85
12.25
12.0508474576
11.95
11.8333333333
12.6
12.55
12.2166666667
12.1016949153
12.5925925926
--END OF 4--
15.3833333333
16.2833333333
16.8333333333
17.1694915254
16.55
17.1333333333
16.7666666667
17.35
16.2666666667
15.7118644068
17.2
17.7
17.45
17.2333333333
16.25
17.0508474576
16.9833333333
16.6
17.1833333333
15.85
16.0338983051
15.2166666667
15.65
16.2166666667
14.4666666667
15.5166666667
16.3220338983
17.05
17.3
16.1333333333
13.7
16.1016949153
16.7833333333
16.7166666667
16.5833333333
17.1833333333
16.6440677966
17.4166666667
15.9833333333
15.8833333333
15.5833333333
17.25
16.7457627119
17.6166666667
15.55
15.75
16.0666666667
16.3389830508
16.65
16.35
16.1
16.1
15.7796610169
15.5166666667
15.0833333333
15.9333333333
16.6166666667
15.6166666667
15.4915254237
16.3703703704
--END OF 5--
15.9833333333
16.5333333333
16.8333333333
17.6779661017
17.5333333333
17.5333333333
16.9833333333
17.4833333333
16.7333333333
16.5423728814
17.75
18.7
18.15
18.4833333333
16.8666666667
17.5254237288
17.3
17.9
17.6833333333
16.3
17.4576271186
15.3833333333
16.6166666667
16.6333333333
14.7166666667
15.5166666667
16.3389830508
17.7833333333
17.3
16.7
14.1833333333
16.6610169492
17.6833333333
16.7166666667
16.9333333333
17.1833333333
17.1355932203
18.2166666667
16.4666666667
16.3833333333
15.9666666667
17.3666666667
17.3728813559
18.3
15.9666666667
16.7
16.6
16.7966101695
17.4
17.0
16.65
16.4
15.8813559322
15.6
15.7
16.4333333333
17.25
15.9333333333
16.0
17.4814814815
--END OF 6--
2229.15
2350.5
2534.85
2502.55932203
2469.55
2419.1
2443.55
2487.25
2475.65
2327.89830508
2420.2
2550.45
2500.7
2415.25
2434.15
2450.59322034
2474.55
2415.9
2448.45
2378.4
2354.49152542
2353.75
2306.85
2357.45
2246.65
2257.0
2361.81355932
2443.35
2459.25
2319.4
2273.85
2337.25423729
2437.2
2413.8
2359.95
2448.9
2356.93220339
2396.45
2367.15
2305.1
2344.5
2425.45
2320.98305085
2450.65
2338.3
2317.9
2391.55
2404.62711864
2413.05
2467.65
2281.2
2356.8
2438.18644068
2262.1
2363.35
2427.75
2350.05
2303.75
2299.37288136
2347.33333333
--END OF 7--
613.7
657.8
698.6
686.847457627
683.366666667
680.066666667
691.283333333
694.1
692.566666667
641.694915254
672.516666667
721.0
698.5
669.533333333
665.283333333
693.084745763
684.45
657.15
688.55
656.2
657.457627119
657.783333333
633.1
654.066666667
623.95
620.216666667
657.949152542
687.45
680.433333333
649.683333333
619.5
658.152542373
689.7
677.35
645.45
679.6
651.254237288
681.55
653.25
642.216666667
651.816666667
682.0
661.694915254
695.2
639.766666667
647.15
653.35
657.322033898
674.65
690.6
633.05
644.3
651.254237288
641.8
655.9
670.35
654.5
635.3
636.627118644
684.444444444
--END OF 8--
87.15
91.85
80.4
87.1525423729
84.2833333333
91.6833333333
86.6833333333
92.6166666667
81.4833333333
76.3050847458
96.5833333333
94.7
91.1833333333
86.0166666667
87.2166666667
92.2033898305
94.55
102.15
94.9
80.75
84.9491525424
67.2666666667
86.3166666667
84.3166666667
79.05
85.05
82.7796610169
81.8833333333
83.8833333333
79.7333333333
67.4666666667
78.3559322034
90.6
87.55
95.25
93.8
95.8983050847
93.4333333333
88.2666666667
81.9333333333
75.1166666667
96.2333333333
95.9830508475
91.0333333333
77.45
78.25
84.8666666667
84.3050847458
96.0
78.9
92.95
81.8
76.4237288136
84.8666666667
80.7333333333
75.8666666667
92.3833333333
78.8
79.2711864407
84.5
--END OF 9--
2.8
1.7
2.6
3.64406779661
4.13333333333
5.7
0.983333333333
2.86666666667
1.45
5.71186440678
6.9
3.46666666667
4.6
6.4
3.68333333333
2.25423728814
3.05
4.3
3.1
2.75
2.67796610169
1.43333333333
3.1
3.2
1.01666666667
2.91666666667
2.18644067797
5.16666666667
3.01666666667
3.61666666667
2.16666666667
5.37288135593
4.05
2.4
4.95
1.75
5.08474576271
4.85
3.1
2.48333333333
2.9
4.26666666667
2.59322033898
3.46666666667
3.41666666667
3.43333333333
1.58333333333
5.98305084746
6.0
4.1
7.95
3.55
2.98305084746
1.18333333333
4.13333333333
2.18333333333
2.95
3.16666666667
4.57627118644
2.38888888889
--END OF 10--
1.1
0.4
0.0
0.949152542373
1.4
0.3
0.366666666667
0.316666666667
0.683333333333
0.779661016949
0.65
1.1
0.916666666667
1.75
0.8
0.728813559322
0.65
1.9
0.9
0.75
2.03389830508
0.25
1.48333333333
0.766666666667
0.0
0.0
0.0677966101695
0.933333333333
0.0
0.816666666667
0.683333333333
0.762711864407
0.75
0.0
0.5
0.0
0.593220338983
0.9
0.55
0.666666666667
0.433333333333
0.0666666666667
1.03389830508
0.983333333333
0.5
1.48333333333
1.01666666667
0.508474576271
1.25
0.25
0.6
0.4
0.0
0.233333333333
0.266666666667
0.5
0.783333333333
0.35
0.881355932203
1.83333333333
--END OF 11--
0.0
0.0
0.0
0.0
0.0
0.0
0.0
0.0
0.0
0.0
0.0
0.5
0.433333333333
0.566666666667
0.0
0.0
0.0
0.5
0.0
0.4
0.610169491525
0.0
0.0
0.0
0.0
0.0
0.0
0.0
0.0
0.0
0.5
0.0
0.5
0.0
0.0
0.0
0.0
0.483333333333
0.0166666666667
0.0
0.0
0.0
0.0
0.0
0.5
0.5
0.5
0.508474576271
0.0
0.0
0.0
0.0
0.0
0.0
0.0
0.0
0.0
0.0
0.0
0.0
--END OF 12--
