21.8
22.05
23.2711864407
23.0333333333
23.7833333333
22.35
23.2166666667
23.9
24.2711864407
23.3166666667
23.0166666667
22.9166666667
21.0
22.0847457627
23.5333333333
22.35
23.7833333333
23.1166666667
21.7166666667
22.1355932203
22.0
22.1833333333
22.7666666667
22.5166666667
21.9830508475
22.6666666667
21.65
23.0666666667
22.9333333333
22.9666666667
21.2542372881
23.1333333333
21.9333333333
22.35
23.8666666667
22.0833333333
22.3898305085
22.9833333333
22.9666666667
21.65
21.65
22.7288135593
24.4
22.6166666667
21.65
20.7166666667
21.45
22.3389830508
20.3166666667
22.3833333333
22.5
21.55
21.4745762712
21.1
22.4666666667
22.3666666667
22.3166666667
23.2166666667
21.9830508475
21.7118644068
--END OF 1--
30.05
30.05
32.3559322034
32.4
35.45
30.6166666667
33.1333333333
34.7333333333
34.0508474576
32.4333333333
32.15
34.0333333333
30.0666666667
32.2033898305
34.9833333333
31.0833333333
34.6
33.4666666667
31.55
31.6101694915
31.6333333333
30.0333333333
31.1
30.6333333333
31.7627118644
32.45
31.7333333333
32.1666666667
32.35
32.3833333333
30.7118644068
32.5833333333
31.1166666667
34.0333333333
33.6666666667
30.5333333333
32.5762711864
32.9666666667
33.3
32.7333333333
31.2833333333
31.9322033898
33.0833333333
34.0666666667
30.25
29.6666666667
31.0
31.6101694915
30.45
32.3166666667
31.55
29.9333333333
30.2711864407
28.0333333333
30.2833333333
31.35
33.0
31.8833333333
29.6101694915
31.8644067797
--END OF 2--
30.85
31.2
33.9830508475
33.15
36.4166666667
31.8
34.3833333333
36.7666666667
35.3050847458
33.9333333333
34.0666666667
35.75
31.0
33.3050847458
36.2333333333
32.1333333333
35.7833333333
34.1166666667
33.2833333333
33.1694915254
33.5166666667
31.6333333333
32.5666666667
30.8333333333
33.3389830508
34.9166666667
33.3833333333
33.1
33.3
33.4
33.3389830508
34.6333333333
32.2833333333
35.9833333333
34.9166666667
31.4333333333
33.7796610169
33.8333333333
34.1833333333
35.9666666667
32.9833333333
32.7627118644
34.5
36.1666666667
32.2833333333
31.8833333333
32.5833333333
33.3728813559
31.95
34.1333333333
32.45
30.9166666667
31.7796610169
28.6833333333
31.6833333333
32.5833333333
34.55
33.3666666667
30.2203389831
33.2203389831
--END OF 3--
20.85
21.1
21.8305084746
21.5333333333
21.9833333333
21.05
21.9166666667
22.2
22.3559322034
21.8166666667
21.5333333333
21.5666666667
20.2
20.7457627119
21.9166666667
21.15
21.9333333333
21.4666666667
20.7
21.1355932203
20.95
21.1833333333
21.5666666667
21.1666666667
21.0
21.1666666667
20.7
21.5666666667
21.6666666667
21.55
20.2542372881
21.7833333333
20.9833333333
21.1666666667
21.8666666667
20.9333333333
21.3050847458
21.5666666667
21.5333333333
20.6
20.6666666667
21.6271186441
22.3833333333
21.1833333333
20.65
20.0833333333
20.6166666667
21.2881355932
19.7333333333
21.3833333333
21.15
20.6666666667
20.6610169492
20.2666666667
21.3
21.2166666667
21.1666666667
21.6666666667
20.9322033898
20.7118644068
--END OF 4--
29.75
29.8
31.186440678
31.2166666667
32.9166666667
29.9833333333
31.7666666667
32.6333333333
32.2203389831
31.15
31.05
32.1833333333
29.7666666667
30.9152542373
32.5166666667
30.3
32.2666666667
31.7666666667
30.6166666667
30.6271186441
30.65
29.7333333333
30.35
30.0666666667
30.8983050847
30.9333333333
30.9
30.9666666667
31.1333333333
31.15
30.0169491525
31.2333333333
30.3166666667
32.2
31.8166666667
29.9833333333
31.3389830508
31.35
31.6
31.4166666667
30.4666666667
30.8644067797
31.7166666667
32.0833333333
29.7333333333
29.1666666667
30.2333333333
30.7118644068
29.6666666667
31.0666666667
30.6
29.4833333333
29.5084745763
27.9833333333
29.7166666667
30.5833333333
31.3833333333
30.8333333333
29.4406779661
30.9152542373
--END OF 5--
30.85
31.2
33.9830508475
33.15
36.4166666667
31.8
34.3833333333
36.7666666667
35.3050847458
33.9333333333
34.0666666667
35.75
31.0
33.3050847458
36.2333333333
32.1333333333
35.7833333333
34.1166666667
33.2833333333
33.1694915254
33.5166666667
31.6333333333
32.5666666667
30.8333333333
33.3389830508
34.9166666667
33.3833333333
33.1
33.3
33.4
33.3389830508
34.6333333333
32.2833333333
35.9833333333
34.9166666667
31.4333333333
33.7796610169
33.8333333333
34.1833333333
35.9666666667
32.9833333333
32.7627118644
34.5
36.1666666667
32.2833333333
31.8833333333
32.5833333333
33.3728813559
31.95
34.1333333333
32.45
30.9166666667
31.7796610169
28.6833333333
31.6833333333
32.5833333333
34.55
33.3666666667
30.2203389831
33.2203389831
--END OF 6--
4106.55
4056.45
4311.30508475
4295.2
4428.65
4261.2
4353.85
4377.3
4464.96610169
4297.65
4268.25
4362.35
4134.2
4332.15254237
4389.25
4092.3
4446.65
4273.5
4088.65
4146.66101695
4159.15
4077.9
4081.55
4204.75
4159.72881356
4349.2
4054.6
4347.85
4336.15
4352.05
4130.38983051
4338.45
4083.05
4196.7
4413.15
4181.25
4324.72881356
4282.5
4426.5
4133.45
4200.95
4237.72881356
4434.65
4381.7
4061.55
4017.45
4081.5
4244.6440678
4011.0
4309.25
4363.35
4119.05
4220.13559322
3894.0
4241.75
4286.2
4208.65
4297.3
4288.27118644
4033.01694915
--END OF 7--
1125.5
1115.5
1208.10169492
1205.08333333
1240.96666667
1204.9
1214.8
1255.2
1243.49152542
1208.1
1207.43333333
1210.81666667
1129.55
1209.89830508
1230.4
1146.98333333
1249.66666667
1202.4
1131.81666667
1165.57627119
1159.53333333
1137.58333333
1162.91666667
1145.31666667
1159.33898305
1223.38333333
1141.1
1217.18333333
1206.03333333
1201.78333333
1152.96610169
1199.2
1136.4
1190.73333333
1241.4
1154.35
1190.89830508
1202.11666667
1217.85
1166.76666667
1154.91666667
1185.44067797
1252.31666667
1214.96666667
1113.75
1093.66666667
1142.75
1165.98305085
1106.56666667
1182.71666667
1188.35
1128.5
1149.47457627
1090.36666667
1171.93333333
1167.98333333
1165.43333333
1205.7
1161.20338983
1122.06779661
--END OF 8--
174.9
178.2
190.169491525
182.55
225.633333333
172.916666667
198.333333333
210.566666667
192.898305085
186.966666667
186.866666667
193.0
174.933333333
185.898305085
211.266666667
182.483333333
205.9
191.35
205.233333333
185.457627119
190.016666667
175.983333333
175.6
184.883333333
186.694915254
184.4
191.066666667
184.916666667
186.933333333
178.516666667
199.389830508
200.5
190.316666667
209.533333333
199.65
173.6
196.203389831
187.0
201.533333333
190.033333333
180.416666667
198.101694915
187.083333333
211.183333333
183.866666667
174.45
184.483333333
184.169491525
176.65
187.066666667
186.7
177.416666667
188.983050847
152.516666667
168.433333333
173.4
200.416666667
165.066666667
169.06779661
198.322033898
--END OF 9--
4.2
6.05
9.71186440678
8.15
12.5
4.56666666667
7.88333333333
11.3833333333
11.1694915254
10.35
11.0833333333
14.5166666667
7.56666666667
9.30508474576
11.2666666667
7.25
9.76666666667
12.4
9.83333333333
8.30508474576
9.93333333333
6.38333333333
8.95
2.38333333333
8.64406779661
14.55
10.8666666667
9.01666666667
8.58333333333
8.96666666667
6.76271186441
11.45
7.78333333333
13.55
12.4
7.7
9.49152542373
10.7666666667
8.06666666667
20.2833333333
10.5
5.50847457627
5.78333333333
14.8
9.13333333333
8.76666666667
9.65
10.1186440678
10.2
12.7166666667
7.8
6.01666666667
7.0
5.96666666667
6.28333333333
11.2333333333
13.8166666667
10.1666666667
2.86440677966
11.1186440678
--END OF 10--
1.3
1.45
2.20338983051
1.11666666667
0.7
1.2
2.0
2.45
1.38983050847
1.83333333333
2.75
1.63333333333
0.983333333333
1.27118644068
1.51666666667
1.51666666667
1.85
0.95
2.08333333333
2.16949152542
2.18333333333
1.83333333333
2.1
0.316666666667
2.06779661017
2.75
2.2
1.35
1.66666666667
1.31666666667
3.10169491525
2.6
1.35
2.83333333333
1.7
1.0
1.28813559322
1.53333333333
1.01666666667
3.9
2.51666666667
0.813559322034
1.58333333333
2.95
2.53333333333
2.51666666667
2.55
2.81355932203
2.45
2.75
1.4
0.75
1.40677966102
1.16666666667
2.36666666667
1.7
2.11666666667
1.98333333333
0.932203389831
1.33898305085
--END OF 11--
0.0
0.75
0.254237288136
0.2
0.0666666666667
0.0
0.0833333333333
1.51666666667
0.915254237288
0.0
0.266666666667
0.233333333333
0.0
0.305084745763
0.6
0.0
0.5
0.7
0.85
0.881355932203
0.116666666667
0.666666666667
0.566666666667
0.0
0.406779661017
0.5
0.9
0.5
0.0
0.0
1.27118644068
0.25
0.3
1.0
0.5
0.0
0.0
0.0
0.5
0.5
0.4
0.0
0.5
0.833333333333
0.883333333333
0.616666666667
0.3
0.508474576271
0.4
0.6
0.4
0.25
0.661016949153
0.0
0.166666666667
0.233333333333
0.95
0.316666666667
0.423728813559
0.0
--END OF 12--
