12.3833333333
11.85
11.55
13.2333333333
12.7
13.4666666667
12.813559322
12.0333333333
12.5666666667
12.3
12.3666666667
13.6
12.593220339
11.95
13.3833333333
13.5166666667
12.6666666667
12.6610169492
13.1333333333
11.95
13.9
14.0
12.35
13.5423728814
12.1833333333
13.2333333333
12.6666666667
13.7666666667
13.2372881356
13.8666666667
12.9
12.05
13.5833333333
13.4
13.4576271186
13.2333333333
13.4166666667
12.65
12.6166666667
13.0333333333
14.1694915254
12.6
14.4
13.0666666667
13.6166666667
13.7457627119
13.7666666667
13.8333333333
13.1166666667
13.2666666667
13.1694915254
13.35
14.3333333333
14.75
13.85
13.6
12.9830508475
14.0
13.4
12.6140350877
--END OF 1--
16.6333333333
17.15
16.8
17.5833333333
15.25
17.6166666667
17.8644067797
16.4666666667
17.75
17.9833333333
17.1
19.5
18.5084745763
17.45
18.0333333333
18.5
17.1333333333
17.2372881356
19.1666666667
17.0833333333
19.1
19.4833333333
17.1
18.6440677966
17.0833333333
18.4666666667
18.7833333333
18.75
17.9491525424
17.9833333333
18.0333333333
17.5166666667
17.65
18.6
18.406779661
19.0333333333
20.1166666667
17.8
17.6666666667
18.0833333333
20.1694915254
18.25
19.1666666667
18.1833333333
18.9166666667
17.2881355932
19.6
19.9
18.65
20.05
18.2542372881
17.9
20.4833333333
19.4
19.55
19.85
17.1355932203
19.2
18.2666666667
17.5087719298
--END OF 2--
16.8333333333
17.85
18.0
17.9833333333
15.8
19.0666666667
19.0
17.4333333333
18.8833333333
18.6
17.3666666667
19.6666666667
19.4237288136
17.85
19.0166666667
18.5833333333
17.95
18.0847457627
20.65
17.7666666667
20.8333333333
20.4666666667
17.9
19.8474576271
17.6833333333
19.4666666667
19.35
18.9
18.1355932203
20.4833333333
18.45
17.8333333333
18.3166666667
18.8333333333
19.0169491525
20.0833333333
21.0333333333
18.75
17.7666666667
18.5833333333
21.4237288136
18.3666666667
19.95
18.9166666667
20.4833333333
18.3050847458
21.1666666667
21.0833333333
20.0166666667
21.0666666667
19.1016949153
18.65
22.1333333333
20.45
20.35
21.2
17.7288135593
20.3333333333
18.9166666667
17.6140350877
--END OF 3--
12.3833333333
11.85
11.55
13.2333333333
12.7
13.4666666667
12.813559322
12.0333333333
12.5666666667
12.3
12.3666666667
13.6
12.593220339
11.95
13.3833333333
13.5166666667
12.6666666667
12.6610169492
13.1333333333
11.95
13.9
14.0
12.35
13.5423728814
12.1833333333
13.2333333333
12.6666666667
13.7666666667
13.2372881356
13.8666666667
12.9
12.05
13.5833333333
13.4
13.4576271186
13.2333333333
13.4166666667
12.65
12.6166666667
13.0333333333
14.1694915254
12.6
14.4
13.0666666667
13.6166666667
13.7457627119
13.7666666667
13.8333333333
13.1166666667
13.2666666667
13.1694915254
13.35
14.3333333333
14.75
13.85
13.6
12.9830508475
14.0
13.4
12.6140350877
--END OF 4--
16.6333333333
17.15
16.8
17.5833333333
15.25
17.6166666667
17.8644067797
16.4666666667
17.75
17.9833333333
17.1
19.5
18.5084745763
17.45
18.0333333333
18.5
17.1333333333
17.2372881356
19.1666666667
17.0833333333
19.1
19.4833333333
17.1
18.6440677966
17.0833333333
18.4666666667
18.7833333333
18.75
17.9491525424
17.9833333333
18.0333333333
17.5166666667
17.65
18.6
18.406779661
19.0333333333
20.1166666667
17.8
17.6666666667
18.0833333333
20.1694915254
18.25
19.1666666667
18.1833333333
18.9166666667
17.2881355932
19.6
19.9
18.65
20.05
18.2542372881
17.9
20.4833333333
19.4
19.55
19.85
17.1355932203
19.2
18.2666666667
17.5087719298
--END OF 5--
16.8333333333
17.85
18.0
17.9833333333
15.8
19.0666666667
19.0
17.4333333333
18.8833333333
18.6
17.3666666667
19.6666666667
19.4237288136
17.85
19.0166666667
18.5833333333
17.95
18.0847457627
20.65
17.7666666667
20.8333333333
20.4666666667
17.9
19.8474576271
17.6833333333
19.4666666667
19.35
18.9
18.1355932203
20.4833333333
18.45
17.8333333333
18.3166666667
18.8333333333
19.0169491525
20.0833333333
21.0333333333
18.75
17.7666666667
18.5833333333
21.4237288136
18.3666666667
19.95
18.9166666667
20.4833333333
18.3050847458
21.1666666667
21.0833333333
20.0166666667
21.0666666667
19.1016949153
18.65
22.1333333333
20.45
20.35
21.2
17.7288135593
20.3333333333
18.9166666667
17.6140350877
--END OF 6--
2327.85
2350.35
2343.0
2555.85
2356.2
2498.85
2445.15254237
2389.5
2402.7
2405.9
2433.9
2522.2
2475.96610169
2360.1
2500.65
2519.25
2471.05
2436.50847458
2539.55
2373.35
2627.0
2530.35
2358.15
2617.01694915
2373.6
2624.8
2569.4
2621.45
2378.79661017
2644.95
2480.45
2437.05
2505.3
2614.3
2465.94915254
2557.05
2582.3
2445.3
2584.05
2593.5
2718.66101695
2584.0
2696.3
2480.1
2600.3
2577.61016949
2553.35
2662.1
2517.05
2558.35
2473.93220339
2646.75
2844.15
2765.55
2642.85
2576.25
2483.74576271
2563.25
2504.4
2294.36842105
--END OF 7--
657.05
649.6
638.95
695.0
627.25
717.8
695.186440678
666.233333333
676.116666667
662.083333333
673.916666667
732.85
679.440677966
659.833333333
702.166666667
716.383333333
702.483333333
690.966101695
718.6
655.683333333
732.3
721.766666667
669.2
734.0
676.35
729.566666667
718.616666667
736.45
673.016949153
726.183333333
711.216666667
687.266666667
700.483333333
713.616666667
701.06779661
708.45
724.15
680.25
707.35
709.25
758.152542373
705.416666667
758.45
698.933333333
716.133333333
719.152542373
726.183333333
730.9
692.2
721.933333333
693.474576271
720.75
785.1
776.1
736.3
712.8
689.779661017
725.1
689.45
650.684210526
--END OF 8--
93.45
93.6
93.25
104.6
80.15
99.8
105.254237288
87.5666666667
98.6166666667
104.4
99.7
104.583333333
109.983050847
105.266666667
102.333333333
104.083333333
94.3833333333
101.677966102
120.316666667
108.5
109.033333333
110.366666667
103.25
115.0
96.6666666667
109.216666667
117.983333333
96.2
98.9661016949
100.75
105.883333333
99.0666666667
97.7166666667
108.366666667
108.169491525
117.95
122.366666667
104.9
105.3
96.25
125.525423729
106.566666667
107.433333333
109.233333333
104.233333333
88.1355932203
109.783333333
126.283333333
119.65
131.583333333
104.847457627
99.35
119.75
107.45
106.5
123.5
91.2542372881
116.883333333
109.15
100.105263158
--END OF 9--
2.65
5.7
5.55
2.3
1.9
5.25
5.33898305085
5.5
7.2
7.21666666667
3.7
5.83333333333
8.72881355932
3.85
7.36666666667
3.56666666667
2.8
5.77966101695
7.33333333333
5.86666666667
6.95
5.93333333333
3.65
7.94915254237
5.78333333333
5.93333333333
6.8
7.85
4.16949152542
6.91666666667
3.4
5.03333333333
2.83333333333
3.81666666667
4.18644067797
6.85
9.55
4.05
3.55
3.55
6.84745762712
4.95
4.01666666667
5.21666666667
6.56666666667
3.8813559322
7.96666666667
5.7
7.9
6.88333333333
8.30508474576
4.0
7.7
3.05
5.15
6.65
3.61016949153
4.9
4.3
6.68421052632
--END OF 10--
0.3
1.2
1.65
0.95
0.85
1.4
1.23728813559
1.73333333333
1.55
0.483333333333
0.5
0.4
1.1186440678
0.666666666667
0.8
0.2
1.26666666667
1.40677966102
2.06666666667
0.716666666667
2.26666666667
1.31666666667
1.5
1.77966101695
0.366666666667
1.41666666667
0.216666666667
0.5
0.0169491525424
2.81666666667
0.666666666667
0.5
0.633333333333
0.0
0.864406779661
1.6
1.61666666667
1.75
0.15
0.35
1.66101694915
0.0166666666667
1.33333333333
0.95
2.68333333333
0.966101694915
2.08333333333
1.58333333333
2.0
1.43333333333
1.64406779661
1.0
2.25
1.4
1.2
1.75
0.796610169492
1.76666666667
0.9
0.315789473684
--END OF 11--
0.0
0.0
0.5
0.0
0.0
0.0
0.0
0.433333333333
0.4
0.166666666667
0.0
0.0333333333333
0.474576271186
0.0
0.466666666667
0.0333333333333
0.766666666667
0.237288135593
0.5
0.2
0.566666666667
0.0
0.0
0.0
0.0
0.283333333333
0.216666666667
0.0
0.0
0.866666666667
0.133333333333
0.0
0.166666666667
0.0
0.0
0.4
0.6
0.35
0.15
0.35
0.152542372881
0.0
0.5
0.0
0.333333333333
0.169491525424
0.5
0.966666666667
0.0333333333333
0.0
0.0
0.0
0.15
0.85
0.0
0.8
0.593220338983
0.45
0.233333333333
0.0
--END OF 12--
