16.9833333333
16.2166666667
16.1833333333
16.7627118644
16.4666666667
17.4166666667
17.3666666667
17.15
16.55
17.55
17.8474576271
18.15
17.55
17.4
18.25
17.6271186441
16.7833333333
17.1333333333
17.55
16.8833333333
17.65
17.406779661
17.6666666667
17.0833333333
16.2333333333
17.4333333333
18.0677966102
17.6833333333
18.1333333333
16.4
16.5
16.2542372881
16.45
17.9
17.2666666667
16.8
16.7666666667
16.2711864407
17.7
17.7833333333
17.5833333333
17.1833333333
18.0508474576
17.3166666667
17.0333333333
17.4
16.8333333333
16.2881355932
16.1
17.1833333333
16.85
18.4
17.2166666667
16.4745762712
17.55
17.6666666667
18.1166666667
18.05
16.9661016949
17.3333333333
--END OF 1--
21.3666666667
19.8
21.1166666667
21.3050847458
21.3333333333
22.8333333333
22.8666666667
21.1666666667
21.0333333333
21.5666666667
22.2203389831
22.1
22.45
22.55
22.85
22.1355932203
21.5666666667
21.95
22.25
21.2666666667
22.35
21.186440678
22.7333333333
21.8166666667
21.2
22.35
24.0
22.9333333333
21.9833333333
22.2
21.8
20.406779661
21.0333333333
22.75
21.6666666667
21.3
21.9166666667
21.1016949153
22.9
22.8
22.5166666667
22.35
22.1525423729
22.1666666667
22.0333333333
22.15
22.0833333333
21.0677966102
21.7833333333
21.6666666667
20.7833333333
22.8166666667
22.3166666667
21.0508474576
22.55
22.2833333333
22.8166666667
24.15
21.5593220339
21.2105263158
--END OF 2--
22.3666666667
20.5
21.6166666667
21.6271186441
21.3333333333
23.55
23.4166666667
21.65
21.3
22.5666666667
22.406779661
22.4
22.55
22.65
23.4
22.8474576271
22.3666666667
21.95
22.7333333333
21.5333333333
22.5
21.186440678
23.95
22.3
22.05
23.75
25.5593220339
23.5333333333
21.9833333333
23.0666666667
22.0
20.6101694915
21.5166666667
23.2
22.1833333333
21.4333333333
22.7833333333
21.3559322034
23.5
23.25
22.7333333333
23.3166666667
23.0508474576
22.9166666667
23.0333333333
22.7
23.4333333333
21.8644067797
22.15
21.6666666667
20.8666666667
23.3833333333
23.4833333333
21.3898305085
23.4833333333
23.0
23.2666666667
24.2666666667
22.7118644068
21.4736842105
--END OF 3--
16.9833333333
16.2166666667
16.1833333333
16.7627118644
16.4666666667
17.4166666667
17.3666666667
17.15
16.55
17.55
17.8474576271
18.15
17.55
17.4
18.25
17.6271186441
16.7833333333
17.1333333333
17.55
16.8833333333
17.65
17.406779661
17.6666666667
17.0833333333
16.2333333333
17.4333333333
18.0677966102
17.6833333333
18.1333333333
16.4
16.5
16.2542372881
16.45
17.9
17.2666666667
16.8
16.7666666667
16.2711864407
17.7
17.7833333333
17.5833333333
17.1833333333
18.0508474576
17.3166666667
17.0333333333
17.4
16.8333333333
16.2881355932
16.1
17.1833333333
16.85
18.4
17.2166666667
16.4745762712
17.55
17.6666666667
18.1166666667
18.05
16.9661016949
17.3333333333
--END OF 4--
21.3666666667
19.8
21.1166666667
21.3050847458
21.3333333333
22.8333333333
22.8666666667
21.1666666667
21.0333333333
21.5666666667
22.2203389831
22.1
22.45
22.55
22.85
22.1355932203
21.5666666667
21.95
22.25
21.2666666667
22.35
21.186440678
22.7333333333
21.8166666667
21.2
22.35
24.0
22.9333333333
21.9833333333
22.2
21.8
20.406779661
21.0333333333
22.75
21.6666666667
21.3
21.9166666667
21.1016949153
22.9
22.8
22.5166666667
22.35
22.1525423729
22.1666666667
22.0333333333
22.15
22.0833333333
21.0677966102
21.7833333333
21.6666666667
20.7833333333
22.8166666667
22.3166666667
21.0508474576
22.55
22.2833333333
22.8166666667
24.15
21.5593220339
21.2105263158
--END OF 5--
22.3666666667
20.5
21.6166666667
21.6271186441
21.3333333333
23.55
23.4166666667
21.65
21.3
22.5666666667
22.406779661
22.4
22.55
22.65
23.4
22.8474576271
22.3666666667
21.95
22.7333333333
21.5333333333
22.5
21.186440678
23.95
22.3
22.05
23.75
25.5593220339
23.5333333333
21.9833333333
23.0666666667
22.0
20.6101694915
21.5166666667
23.2
22.1833333333
21.4333333333
22.7833333333
21.3559322034
23.5
23.25
22.7333333333
23.3166666667
23.0508474576
22.9166666667
23.0333333333
22.7
23.4333333333
21.8644067797
22.15
21.6666666667
20.8666666667
23.3833333333
23.4833333333
21.3898305085
23.4833333333
23.0
23.2666666667
24.2666666667
22.7118644068
21.4736842105
--END OF 6--
3092.0
3028.85
3038.9
3083.13559322
3032.0
3291.6
3240.5
3205.95
3161.15
3127.9
3268.01694915
3312.9
3185.85
3219.75
3326.55
3188.54237288
3087.85
3200.35
3255.55
3276.2
3335.25
3247.22033898
3356.9
3171.5
3074.2
3351.25
3389.94915254
3307.2
3315.6
3202.15
3207.3
3158.84745763
3167.5
3291.85
3110.9
3139.95
3256.1
3189.20338983
3275.75
3254.35
3214.8
3170.1
3376.11864407
3145.05
3078.45
3213.75
3174.0
3058.72881356
3031.4
3222.55
3094.25
3291.05
3306.8
3274.6779661
3291.3
3358.45
3363.55
3460.15
3252.20338983
3277.05263158
--END OF 7--
870.45
844.766666667
849.316666667
862.915254237
843.866666667
912.966666667
918.4
880.766666667
872.0
881.333333333
910.983050847
918.25
891.9
903.95
931.2
901.152542373
856.966666667
881.616666667
897.083333333
890.05
910.966666667
880.084745763
936.383333333
909.166666667
869.266666667
930.016666667
948.423728814
912.05
911.5
899.266666667
888.2
873.254237288
887.933333333
929.116666667
879.733333333
854.866666667
886.55
881.254237288
918.15
915.066666667
897.516666667
892.266666667
937.983050847
894.4
871.0
896.55
888.1
855.06779661
838.533333333
883.633333333
868.7
931.716666667
895.7
886.220338983
913.533333333
912.05
918.283333333
962.9
908.220338983
898.122807018
--END OF 8--
109.133333333
94.1
109.166666667
105.966101695
107.733333333
123.883333333
107.25
95.1333333333
101.233333333
97.0666666667
101.169491525
97.9
113.85
111.85
107.9
101.271186441
111.266666667
116.766666667
115.516666667
106.633333333
102.216666667
98.3050847458
101.683333333
120.766666667
115.633333333
114.95
132.13559322
123.65
99.95
114.183333333
128.7
102.220338983
101.383333333
110.583333333
110.183333333
103.333333333
111.0
119.508474576
108.3
107.7
128.033333333
118.516666667
100.745762712
113.5
104.3
108.95
109.2
99.7796610169
107.583333333
108.666666667
87.3833333333
97.8333333333
123.383333333
107.966101695
109.1
99.1666666667
111.783333333
121.55
110.915254237
97.0701754386
--END OF 9--
3.61666666667
1.45
4.91666666667
3.96610169492
3.31666666667
5.38333333333
4.75
3.5
3.5
4.26666666667
2.06779661017
3.05
4.45
2.1
4.55
4.69491525424
5.03333333333
1.93333333333
4.53333333333
2.26666666667
4.88333333333
1.10169491525
5.1
2.0
4.43333333333
6.53333333333
7.08474576271
6.05
1.7
4.08333333333
4.0
2.69491525424
4.2
4.03333333333
3.61666666667
3.33333333333
3.86666666667
1.35593220339
4.66666666667
4.81666666667
2.0
5.35
3.79661016949
2.8
5.1
5.2
7.1
6.13559322034
5.46666666667
1.38333333333
2.3
5.11666666667
3.38333333333
2.40677966102
3.98333333333
4.18333333333
3.86666666667
6.0
5.86440677966
0.561403508772
--END OF 10--
1.26666666667
0.6
0.55
0.627118644068
0.0
0.866666666667
0.633333333333
0.5
0.633333333333
1.8
0.576271186441
0.5
0.0
0.1
0.4
1.23728813559
1.28333333333
0.0
0.516666666667
0.483333333333
0.0
0.0
1.86666666667
0.633333333333
1.0
1.56666666667
1.93220338983
1.05
0.05
0.833333333333
0.25
0.254237288136
0.5
0.433333333333
0.566666666667
0.216666666667
1.28333333333
0.322033898305
1.05
0.65
0.216666666667
1.55
1.74576271186
0.9
1.85
0.45
2.4
0.694915254237
0.216666666667
0.0
0.183333333333
0.816666666667
1.76666666667
0.745762711864
1.38333333333
1.11666666667
0.5
0.266666666667
1.20338983051
0.333333333333
--END OF 11--
0.666666666667
0.333333333333
0.166666666667
0.0
0.0
0.5
0.0
0.0
0.0
0.0
0.0
0.5
0.0
0.0
0.0
0.0
0.0
0.0
0.0
0.0
0.0
0.0
0.5
0.5
0.5
0.316666666667
0.593220338983
0.1
0.0
0.466666666667
0.0
0.0
0.0
0.433333333333
0.0666666666667
0.0
0.5
0.0
0.0
0.0
0.0
0.0
0.0
0.0
0.5
0.0
0.0
0.0
0.0
0.0
0.0
0.0
0.333333333333
0.169491525424
0.0
0.0
0.5
0.0
0.457627118644
0.0
--END OF 12--
