11.55
10.9166666667
11.6333333333
12.35
13.0508474576
13.25
13.35
13.7333333333
12.9
13.45
12.5423728814
12.4333333333
13.4833333333
13.1333333333
13.7666666667
13.4333333333
13.3050847458
13.5833333333
13.3333333333
13.8333333333
12.65
13.9830508475
11.9166666667
11.75
12.8166666667
12.25
11.2166666667
12.406779661
12.8
12.35
12.5
13.0666666667
12.8813559322
12.5833333333
12.0
12.1833333333
11.7
11.3
11.9491525424
11.8833333333
12.2
11.6333333333
11.6833333333
10.9830508475
10.5833333333
12.1166666667
11.5
11.9
11.35
11.6440677966
11.8
10.8
11.8333333333
11.8833333333
11.2203389831
12.8166666667
11.8166666667
10.85
12.4666666667
13.0877192982
--END OF 1--
15.45
14.6666666667
14.9833333333
16.4
17.1186440678
16.7833333333
18.6666666667
18.2833333333
18.3833333333
18.3666666667
16.6779661017
17.0666666667
19.5833333333
17.5166666667
18.65
17.6833333333
19.0508474576
18.8333333333
17.8333333333
18.3333333333
16.95
19.2711864407
15.65
15.9333333333
16.8666666667
16.55
14.9
16.4745762712
16.25
17.2166666667
16.4666666667
17.3666666667
17.6271186441
17.2333333333
15.55
17.0333333333
15.05
14.95
17.8474576271
15.3
17.1333333333
15.2833333333
14.5666666667
15.4406779661
15.2
16.1333333333
15.75
15.8833333333
15.3833333333
14.7966101695
15.2
15.7166666667
14.5833333333
15.6333333333
15.0169491525
15.55
15.9333333333
14.7833333333
17.1166666667
16.5614035088
--END OF 2--
15.5
14.6666666667
15.5833333333
17.6
17.9152542373
18.2
19.2666666667
19.3
19.4
18.5333333333
16.6779661017
17.6666666667
19.9333333333
17.9666666667
19.2
17.7166666667
19.2881355932
19.5833333333
17.8833333333
18.9333333333
17.1
19.2711864407
16.1
15.9333333333
16.8666666667
16.6
14.9
16.7457627119
16.6833333333
18.2666666667
16.4666666667
17.3666666667
18.4915254237
17.75
15.65
17.2333333333
15.5
14.95
17.8474576271
15.75
17.2666666667
15.4
14.65
15.8644067797
16.2166666667
16.6166666667
16.0833333333
16.2333333333
15.6833333333
15.6610169492
15.55
16.8666666667
15.1333333333
15.6333333333
15.5762711864
15.8833333333
16.2
15.1333333333
17.8166666667
16.7192982456
--END OF 3--
11.55
10.9166666667
11.6333333333
12.35
13.0508474576
13.25
13.35
13.7333333333
12.9
13.45
12.5423728814
12.4333333333
13.4833333333
13.1333333333
13.7666666667
13.4333333333
13.3050847458
13.5833333333
13.3333333333
13.8333333333
12.65
13.9830508475
11.9166666667
11.75
12.8166666667
12.25
11.2166666667
12.406779661
12.8
12.35
12.5
13.0666666667
12.8813559322
12.5833333333
12.0
12.1833333333
11.7
11.3
11.9491525424
11.8833333333
12.2
11.6333333333
11.6833333333
10.9830508475
10.5833333333
12.1166666667
11.5
11.9
11.35
11.6440677966
11.8
10.8
11.8333333333
11.8833333333
11.2203389831
12.8166666667
11.8166666667
10.85
12.4666666667
13.0877192982
--END OF 4--
15.45
14.6666666667
14.9833333333
16.4
17.1186440678
16.7833333333
18.6666666667
18.2833333333
18.3833333333
18.3666666667
16.6779661017
17.0666666667
19.5833333333
17.5166666667
18.65
17.6833333333
19.0508474576
18.8333333333
17.8333333333
18.3333333333
16.95
19.2711864407
15.65
15.9333333333
16.8666666667
16.55
14.9
16.4745762712
16.25
17.2166666667
16.4666666667
17.3666666667
17.6271186441
17.2333333333
15.55
17.0333333333
15.05
14.95
17.8474576271
15.3
17.1333333333
15.2833333333
14.5666666667
15.4406779661
15.2
16.1333333333
15.75
15.8833333333
15.3833333333
14.7966101695
15.2
15.7166666667
14.5833333333
15.6333333333
15.0169491525
15.55
15.9333333333
14.7833333333
17.1166666667
16.5614035088
--END OF 5--
15.5
14.6666666667
15.5833333333
17.6
17.9152542373
18.2
19.2666666667
19.3
19.4
18.5333333333
16.6779661017
17.6666666667
19.9333333333
17.9666666667
19.2
17.7166666667
19.2881355932
19.5833333333
17.8833333333
18.9333333333
17.1
19.2711864407
16.1
15.9333333333
16.8666666667
16.6
14.9
16.7457627119
16.6833333333
18.2666666667
16.4666666667
17.3666666667
18.4915254237
17.75
15.65
17.2333333333
15.5
14.95
17.8474576271
15.75
17.2666666667
15.4
14.65
15.8644067797
16.2166666667
16.6166666667
16.0833333333
16.2333333333
15.6833333333
15.6610169492
15.55
16.8666666667
15.1333333333
15.6333333333
15.5762711864
15.8833333333
16.2
15.1333333333
17.8166666667
16.7192982456
--END OF 6--
2186.55
2237.85
2220.0
2334.3
2480.89830508
2586.5
2511.1
2563.2
2528.55
2556.05
2398.06779661
2502.0
2551.4
2443.75
2626.6
2639.55
2619.40677966
2564.55
2472.3
2593.35
2441.25
2600.44067797
2319.9
2151.25
2388.3
2342.5
2209.6
2414.54237288
2421.15
2457.25
2367.15
2375.95
2453.84745763
2446.55
2359.2
2307.3
2180.25
2197.05
2293.77966102
2340.75
2427.8
2217.1
2203.25
2229.45762712
2241.55
2378.9
2239.8
2217.65
2245.85
2198.03389831
2178.6
2171.6
2249.4
2266.35
2124.96610169
2302.1
2318.4
2157.2
2411.9
2370.63157895
--END OF 7--
624.85
613.5
614.45
650.85
703.93220339
709.733333333
718.733333333
726.416666667
703.0
707.25
661.779661017
688.916666667
718.8
686.233333333
750.183333333
720.983333333
738.305084746
723.15
698.1
733.1
693.9
720.101694915
643.15
609.083333333
660.816666667
653.933333333
602.033333333
653.881355932
661.116666667
669.066666667
649.716666667
668.866666667
677.915254237
676.65
652.15
645.45
611.55
602.65
640.559322034
645.833333333
677.133333333
590.866666667
617.8
629.220338983
616.433333333
651.333333333
606.183333333
612.766666667
620.2
612.474576271
612.8
601.216666667
625.8
631.2
584.711864407
645.283333333
650.95
599.833333333
655.833333333
677.157894737
--END OF 8--
83.05
79.6
75.3
90.15
95.2033898305
89.8666666667
111.583333333
117.166666667
114.233333333
111.983333333
103.13559322
104.916666667
129.033333333
106.95
114.633333333
91.7666666667
120.406779661
99.1
102.8
103.65
90.95
115.423728814
87.95
97.5333333333
92.75
87.7
85.5
93.7627118644
86.5666666667
101.783333333
91.85
100.283333333
97.813559322
97.4666666667
84.3
88.45
84.05
80.1
117.576271186
86.3333333333
103.233333333
77.5333333333
78.85
91.1355932203
92.0166666667
92.15
83.9166666667
94.9166666667
98.8666666667
83.6101694915
79.3
95.6833333333
72.25
77.05
80.0677966102
75.6166666667
97.0666666667
84.45
87.8333333333
84.0526315789
--END OF 9--
1.95
1.4
4.15
4.8
2.37288135593
4.01666666667
3.53333333333
4.2
4.25
1.81666666667
1.32203389831
2.1
4.78333333333
2.36666666667
3.66666666667
1.83333333333
3.94915254237
7.5
2.7
4.9
3.45
4.49152542373
1.71666666667
0.633333333333
2.01666666667
3.28333333333
0.9
1.96610169492
1.7
4.13333333333
3.46666666667
4.15
6.13559322034
3.21666666667
0.9
7.45
1.9
3.2
1.30508474576
1.28333333333
2.78333333333
4.03333333333
1.45
3.49152542373
3.31666666667
3.53333333333
4.2
4.5
1.0
2.16949152542
4.2
6.28333333333
3.2
4.15
4.40677966102
2.4
1.25
1.66666666667
6.26666666667
1.68421052632
--END OF 10--
0.0
0.0
0.5
1.35
0.389830508475
2.35
0.916666666667
1.31666666667
1.46666666667
0.216666666667
0.0
1.0
0.0
0.0
0.5
0.05
0.423728813559
0.7
0.0
0.95
0.05
0.0
0.5
0.0
0.0
0.0
0.0
0.372881355932
0.633333333333
1.5
0.0
0.0
1.22033898305
0.933333333333
0.1
0.4
0.5
0.0
0.0
1.0
0.0
0.0
0.0833333333333
0.423728813559
1.71666666667
0.783333333333
0.383333333333
0.483333333333
0.5
1.01694915254
0.05
1.9
0.85
0.0
0.64406779661
1.1
0.266666666667
0.583333333333
1.41666666667
0.0
--END OF 11--
0.0
0.0
0.0
0.5
0.0
0.5
0.0
0.0
0.5
0.0
0.0
0.0
0.0
0.0
0.0
0.0
0.0
0.0
0.0
0.45
0.05
0.0
0.0
0.0
0.0
0.0
0.0
0.372881355932
0.633333333333
0.5
0.0
0.0
0.0
0.0
0.0
0.0
0.0
0.0
0.0
0.0
0.0
0.0
0.0
0.0
0.5
0.0
0.366666666667
0.0
0.0
0.508474576271
0.0
0.3
0.2
0.0
0.508474576271
0.0
0.0
0.5
0.0
0.0
--END OF 12--
