10.2
11.3
10.3333333333
10.35
11.3389830508
10.2666666667
10.8833333333
10.5833333333
10.9333333333
10.9166666667
11.05
11.6610169492
10.95
11.3833333333
11.7333333333
11.2666666667
10.8644067797
10.7666666667
10.2166666667
11.3166666667
11.4166666667
11.4833333333
11.5593220339
10.8166666667
10.65
12.2166666667
11.1166666667
11.2166666667
11.1525423729
11.4
11.1333333333
11.55
11.35
10.5762711864
12.0333333333
12.6166666667
11.5833333333
11.45
11.7627118644
11.05
11.3333333333
11.8666666667
11.9666666667
12.5833333333
10.7627118644
12.5833333333
11.1833333333
11.9666666667
12.3
11.75
12.2203389831
11.7833333333
11.0166666667
11.7666666667
11.25
11.1186440678
10.6333333333
11.1
11.55
10.6153846154
--END OF 1--
13.35
14.8166666667
14.7833333333
14.85
15.6949152542
13.35
15.25
14.3833333333
14.7666666667
14.8333333333
14.85
15.8644067797
14.8
14.9833333333
15.2333333333
15.1166666667
14.9322033898
14.9
14.1166666667
15.5333333333
15.0666666667
14.8333333333
15.9491525424
14.6333333333
13.8833333333
16.1333333333
15.4333333333
15.9666666667
15.4406779661
15.05
14.0833333333
15.45
16.05
13.8305084746
16.3833333333
16.0166666667
15.0666666667
14.5166666667
16.0
15.65
14.9333333333
16.2
16.6333333333
16.4333333333
14.5593220339
16.5833333333
14.3333333333
15.6666666667
16.4
15.5
15.9152542373
15.95
15.7333333333
16.8166666667
14.3666666667
15.2372881356
14.5166666667
15.8666666667
15.0833333333
13.3846153846
--END OF 2--
14.25
15.1666666667
15.3333333333
15.8833333333
16.593220339
14.0
15.9
14.7
14.8
15.3333333333
15.5666666667
16.3559322034
14.95
15.5833333333
16.1833333333
15.4666666667
15.5423728814
14.95
14.1666666667
16.0833333333
15.8666666667
15.2166666667
16.4915254237
15.0833333333
14.8833333333
16.1666666667
15.8166666667
17.0
15.7118644068
15.25
14.5833333333
15.85
16.45
14.3728813559
17.0833333333
16.4666666667
16.0333333333
14.75
16.3389830508
16.3333333333
14.95
17.0
17.1333333333
16.6833333333
15.6101694915
16.8833333333
14.3333333333
16.0166666667
16.55
15.7
15.9152542373
16.3
15.7333333333
17.1166666667
15.2666666667
15.2372881356
15.2666666667
15.8666666667
16.2666666667
14.3269230769
--END OF 3--
10.2
11.3
10.3333333333
10.35
11.3389830508
10.2666666667
10.8833333333
10.5833333333
10.9333333333
10.9166666667
11.05
11.6610169492
10.95
11.3833333333
11.7333333333
11.2666666667
10.8644067797
10.7666666667
10.2166666667
11.3166666667
11.4166666667
11.4833333333
11.5593220339
10.8166666667
10.65
12.2166666667
11.1166666667
11.2166666667
11.1525423729
11.4
11.1333333333
11.55
11.35
10.5762711864
12.0333333333
12.6166666667
11.5833333333
11.45
11.7627118644
11.05
11.3333333333
11.8666666667
11.9666666667
12.5833333333
10.7627118644
12.5833333333
11.1833333333
11.9666666667
12.3
11.75
12.2203389831
11.7833333333
11.0166666667
11.7666666667
11.25
11.1186440678
10.6333333333
11.1
11.55
10.6153846154
--END OF 4--
13.35
14.8166666667
14.7833333333
14.85
15.6949152542
13.35
15.25
14.3833333333
14.7666666667
14.8333333333
14.85
15.8644067797
14.8
14.9833333333
15.2333333333
15.1166666667
14.9322033898
14.9
14.1166666667
15.5333333333
15.0666666667
14.8333333333
15.9491525424
14.6333333333
13.8833333333
16.1333333333
15.4333333333
15.9666666667
15.4406779661
15.05
14.0833333333
15.45
16.05
13.8305084746
16.3833333333
16.0166666667
15.0666666667
14.5166666667
16.0
15.65
14.9333333333
16.2
16.6333333333
16.4333333333
14.5593220339
16.5833333333
14.3333333333
15.6666666667
16.4
15.5
15.9152542373
15.95
15.7333333333
16.8166666667
14.3666666667
15.2372881356
14.5166666667
15.8666666667
15.0833333333
13.3846153846
--END OF 5--
14.25
15.1666666667
15.3333333333
15.8833333333
16.593220339
14.0
15.9
14.7
14.8
15.3333333333
15.5666666667
16.3559322034
14.95
15.5833333333
16.1833333333
15.4666666667
15.5423728814
14.95
14.1666666667
16.0833333333
15.8666666667
15.2166666667
16.4915254237
15.0833333333
14.8833333333
16.1666666667
15.8166666667
17.0
15.7118644068
15.25
14.5833333333
15.85
16.45
14.3728813559
17.0833333333
16.4666666667
16.0333333333
14.75
16.3389830508
16.3333333333
14.95
17.0
17.1333333333
16.6833333333
15.6101694915
16.8833333333
14.3333333333
16.0166666667
16.55
15.7
15.9152542373
16.3
15.7333333333
17.1166666667
15.2666666667
15.2372881356
15.2666666667
15.8666666667
16.2666666667
14.3269230769
--END OF 6--
1940.25
2153.85
2124.35
2009.4
2201.23728814
2005.75
2132.0
2045.55
2133.2
2144.35
2128.05
2307.3559322
2081.55
2142.3
2131.35
2232.0
2098.72881356
2092.0
2081.45
2117.9
2169.45
2153.95
2135.03389831
2020.0
2040.8
2300.6
2178.55
2218.15
2180.44067797
2125.65
2086.5
2211.75
2290.05
2113.42372881
2237.75
2266.3
2236.85
2216.45
2272.06779661
2154.25
2112.55
2128.5
2279.7
2301.35
2040.45762712
2380.95
2136.0
2261.85
2257.5
2171.4
2300.69491525
2184.5
2100.45
2257.8
2046.95
2154.66101695
2126.9
2234.15
2187.15
2122.44230769
--END OF 7--
544.533333333
605.4
594.25
562.333333333
620.355932203
552.533333333
601.966666667
577.833333333
577.6
586.466666667
583.683333333
635.915254237
573.15
610.45
607.05
611.2
594.610169492
589.25
571.766666667
608.6
600.266666667
608.4
594.0
576.783333333
571.0
640.966666667
616.066666667
616.783333333
599.288135593
607.2
592.05
622.516666667
634.45
581.203389831
639.716666667
647.783333333
629.633333333
601.95
622.440677966
599.2
591.933333333
606.4
641.5
661.15
568.474576271
666.65
594.6
620.5
628.3
605.3
647.203389831
626.016666667
590.366666667
629.216666667
582.5
598.338983051
591.516666667
616.0
603.766666667
578.326923077
--END OF 8--
82.9666666667
81.8166666667
94.75
93.3333333333
93.9830508475
77.9833333333
92.5333333333
80.0
81.6666666667
79.7833333333
95.1666666667
96.5423728814
92.2
85.45
97.85
87.15
84.5762711864
80.3833333333
83.6833333333
91.3333333333
89.25
84.9833333333
105.847457627
86.4
78.5166666667
90.8833333333
87.2333333333
92.2333333333
88.9830508475
75.4
73.95
82.3166666667
90.45
78.6440677966
94.5833333333
86.1
86.1666666667
75.9833333333
93.2203389831
100.683333333
87.55
106.016666667
98.0333333333
92.6833333333
81.813559322
83.85
71.9
81.2
87.25
87.85
89.3220338983
98.6
88.5833333333
99.1166666667
78.3333333333
88.9152542373
82.0333333333
87.9333333333
92.7833333333
71.6346153846
--END OF 9--
2.55
1.81666666667
3.43333333333
4.58333333333
4.25423728814
2.6
2.38333333333
2.01666666667
0.883333333333
3.35
3.45
3.94915254237
2.65
1.45
2.45
3.2
4.47457627119
1.5
1.26666666667
4.16666666667
2.53333333333
2.15
4.8813559322
2.88333333333
3.13333333333
1.31666666667
3.36666666667
5.9
3.74576271186
1.3
1.2
3.95
4.45
1.66101694915
3.43333333333
4.08333333333
3.63333333333
0.9
2.71186440678
3.06666666667
1.56666666667
5.08333333333
4.81666666667
2.58333333333
4.50847457627
4.05
2.85
4.85
2.95
3.2
1.54237288136
3.08333333333
5.13333333333
4.88333333333
3.01666666667
1.69491525424
6.2
3.96666666667
2.7
5.09615384615
--END OF 10--
1.55
0.0666666666667
0.733333333333
1.88333333333
1.03389830508
0.933333333333
1.26666666667
0.65
0.0833333333333
0.5
0.966666666667
0.491525423729
0.05
0.95
1.6
0.55
0.915254237288
0.0
0.0
0.5
0.5
0.383333333333
0.28813559322
0.55
1.66666666667
0.116666666667
0.5
1.51666666667
0.35593220339
0.3
0.4
0.65
0.7
0.932203389831
1.03333333333
0.533333333333
0.966666666667
0.0
0.440677966102
1.06666666667
0.0
0.416666666667
0.35
0.4
1.96610169492
0.4
0.0
0.55
0.45
0.0
0.0
0.0
0.0
0.633333333333
1.2
0.169491525424
1.0
0.0
1.4
0.942307692308
--END OF 11--
0.433333333333
0.0666666666667
0.0
0.0
0.440677966102
0.0
0.0
0.0
0.0
0.5
0.0
0.0
0.0
0.45
0.55
0.0
0.0
0.0
0.0
0.5
0.5
0.383333333333
0.118644067797
0.0
0.466666666667
0.0333333333333
0.416666666667
0.0833333333333
0.0
0.1
0.4
0.3
0.0
0.0
0.0
0.0
0.0
0.0
0.0
0.0
0.0
0.416666666667
0.0833333333333
0.166666666667
0.338983050847
0.0
0.0
0.0
0.0
0.0
0.0
0.0
0.0
0.133333333333
0.366666666667
0.0
0.5
0.0
0.0
0.0
--END OF 12--
