9.58333333333
10.2666666667
11.2
11.2881355932
11.1666666667
11.35
9.65
10.1666666667
9.8
10.3050847458
10.4
10.45
12.1
11.35
9.58333333333
10.7118644068
10.8166666667
11.7333333333
11.4333333333
10.6833333333
10.4166666667
10.2033898305
10.9333333333
10.3666666667
10.85
11.15
10.8305084746
10.1833333333
11.0166666667
10.3
10.3
10.55
11.3220338983
10.35
11.3166666667
11.3
12.95
11.8666666667
12.0169491525
11.3333333333
10.0666666667
10.9166666667
11.6
11.2203389831
9.98333333333
11.1333333333
11.5166666667
11.15
11.7
11.8644067797
11.2166666667
10.5333333333
11.35
11.0666666667
10.0847457627
10.5333333333
10.1166666667
9.26666666667
10.4166666667
10.1403508772
--END OF 1--
12.7833333333
14.3833333333
15.9833333333
15.8813559322
15.5333333333
13.9333333333
12.85
14.3166666667
12.3666666667
13.8813559322
12.95
13.45
15.55
15.55
13.4333333333
14.2203389831
13.9833333333
14.2666666667
14.8333333333
14.2833333333
14.4333333333
13.8305084746
14.4166666667
14.0666666667
15.25
16.1
14.3389830508
13.5333333333
15.3166666667
14.05
14.0
13.85
15.3050847458
14.1
15.85
14.9333333333
17.95
16.2833333333
16.8983050847
14.7333333333
14.5666666667
15.6
15.8833333333
14.8983050847
14.4833333333
15.2333333333
15.7666666667
15.05
16.1
15.6101694915
15.7666666667
14.2666666667
14.6666666667
14.8166666667
14.0508474576
14.95
13.75
12.9
13.3666666667
13.5614035088
--END OF 2--
13.9
14.9833333333
16.7333333333
15.8983050847
16.1166666667
13.9333333333
13.0
15.5166666667
12.6166666667
14.186440678
13.1
13.95
16.1
16.45
13.5333333333
14.5254237288
14.2333333333
14.2666666667
14.8333333333
14.6333333333
15.0333333333
13.8305084746
14.9333333333
14.6
15.6
17.2666666667
14.9830508475
14.1333333333
15.7166666667
14.5
14.0
14.05
16.6610169492
14.5666666667
16.1
15.4833333333
19.3166666667
17.75
18.6779661017
15.2333333333
14.8166666667
16.1666666667
16.3166666667
15.2542372881
15.2333333333
16.4833333333
16.4166666667
15.9
16.7
16.9322033898
16.25
14.7833333333
15.1
15.1666666667
14.8305084746
15.5666666667
13.9833333333
13.8333333333
14.4166666667
14.5964912281
--END OF 3--
9.58333333333
10.2666666667
11.2
11.2881355932
11.1666666667
11.35
9.65
10.1666666667
9.8
10.3050847458
10.4
10.45
12.1
11.35
9.58333333333
10.7118644068
10.8166666667
11.7333333333
11.4333333333
10.6833333333
10.4166666667
10.2033898305
10.9333333333
10.3666666667
10.85
11.15
10.8305084746
10.1833333333
11.0166666667
10.3
10.3
10.55
11.3220338983
10.35
11.3166666667
11.3
12.95
11.8666666667
12.0169491525
11.3333333333
10.0666666667
10.9166666667
11.6
11.2203389831
9.98333333333
11.1333333333
11.5166666667
11.15
11.7
11.8644067797
11.2166666667
10.5333333333
11.35
11.0666666667
10.0847457627
10.5333333333
10.1166666667
9.26666666667
10.4166666667
10.1403508772
--END OF 4--
12.7833333333
14.3833333333
15.9833333333
15.8813559322
15.5333333333
13.9333333333
12.85
14.3166666667
12.3666666667
13.8813559322
12.95
13.45
15.55
15.55
13.4333333333
14.2203389831
13.9833333333
14.2666666667
14.8333333333
14.2833333333
14.4333333333
13.8305084746
14.4166666667
14.0666666667
15.25
16.1
14.3389830508
13.5333333333
15.3166666667
14.05
14.0
13.85
15.3050847458
14.1
15.85
14.9333333333
17.95
16.2833333333
16.8983050847
14.7333333333
14.5666666667
15.6
15.8833333333
14.8983050847
14.4833333333
15.2333333333
15.7666666667
15.05
16.1
15.6101694915
15.7666666667
14.2666666667
14.6666666667
14.8166666667
14.0508474576
14.95
13.75
12.9
13.3666666667
13.5614035088
--END OF 5--
13.9
14.9833333333
16.7333333333
15.8983050847
16.1166666667
13.9333333333
13.0
15.5166666667
12.6166666667
14.186440678
13.1
13.95
16.1
16.45
13.5333333333
14.5254237288
14.2333333333
14.2666666667
14.8333333333
14.6333333333
15.0333333333
13.8305084746
14.9333333333
14.6
15.6
17.2666666667
14.9830508475
14.1333333333
15.7166666667
14.5
14.0
14.05
16.6610169492
14.5666666667
16.1
15.4833333333
19.3166666667
17.75
18.6779661017
15.2333333333
14.8166666667
16.1666666667
16.3166666667
15.2542372881
15.2333333333
16.4833333333
16.4166666667
15.9
16.7
16.9322033898
16.25
14.7833333333
15.1
15.1666666667
14.8305084746
15.5666666667
13.9833333333
13.8333333333
14.4166666667
14.5964912281
--END OF 6--
1932.0
2079.8
2160.85
2257.47457627
2162.0
2062.9
1876.05
1956.95
1919.5
2055.55932203
1967.1
2015.55
2261.25
2180.7
2013.15
2147.94915254
2099.4
2181.6
2203.6
2077.55
1966.2
2046.10169492
2169.8
2147.65
2135.4
2110.35
2115.40677966
2108.25
2207.1
2041.8
2044.2
2071.65
2163.81355932
1998.55
2140.6
2212.1
2595.45
2354.45
2386.72881356
2101.45
2023.1
2204.5
2219.05
2185.88135593
2015.25
2154.0
2260.65
2221.8
2247.9
2140.11864407
2207.85
2085.6
2195.85
2201.25
2023.06779661
2059.1
2056.1
1906.3
2079.65
1965.94736842
--END OF 7--
525.666666667
565.483333333
609.483333333
633.338983051
594.55
577.966666667
529.483333333
557.8
525.483333333
563.542372881
534.45
567.9
628.4
609.5
550.55
578.779661017
579.55
597.433333333
605.433333333
577.066666667
549.1
563.423728814
610.016666667
592.783333333
594.716666667
604.666666667
589.593220339
569.0
597.2
564.4
561.95
560.75
606.542372881
552.55
607.15
606.55
715.583333333
653.55
645.152542373
578.583333333
552.266666667
618.283333333
630.183333333
609.915254237
571.05
597.1
619.7
604.7
624.45
617.983050847
608.333333333
579.033333333
604.4
613.083333333
565.677966102
581.966666667
569.0
535.583333333
568.066666667
557.789473684
--END OF 8--
73.7
91.3666666667
92.3333333333
90.593220339
88.85
63.2
64.1666666667
86.0
63.0
71.3898305085
65.2
70.0
85.45
101.7
84.7
79.1186440678
82.55
82.9666666667
80.1333333333
80.5166666667
83.0166666667
75.3389830508
81.9833333333
79.3666666667
85.4833333333
95.0833333333
75.1016949153
70.8
82.5
84.3
75.6
76.2
81.3389830508
81.2833333333
89.6
81.65
100.716666667
94.6333333333
100.152542373
81.9166666667
81.6166666667
91.55
78.5833333333
79.3559322034
88.7
90.7
85.3
86.6
97.9
93.0508474576
92.0
82.35
81.7833333333
87.9833333333
84.3050847458
94.8
71.3333333333
84.3333333333
68.05
76.9649122807
--END OF 9--
3.35
3.08333333333
6.03333333333
3.13559322034
5.4
1.18333333333
1.51666666667
5.61666666667
0.883333333333
2.33898305085
1.7
2.85
1.5
3.7
3.15
2.84745762712
1.0
0.0833333333333
2.0
1.78333333333
4.9
2.27118644068
1.11666666667
1.5
3.15
7.28333333333
2.40677966102
4.2
5.35
1.75
1.25
1.3
5.49152542373
2.96666666667
3.71666666667
3.0
6.0
5.91666666667
7.8813559322
5.63333333333
6.83333333333
2.78333333333
3.73333333333
2.50847457627
6.8
4.2
6.15
4.95
2.55
5.49152542373
3.93333333333
2.38333333333
1.78333333333
2.23333333333
4.66101694915
4.15
2.96666666667
3.35
4.31666666667
3.64912280702
--END OF 10--
0.966666666667
0.866666666667
1.0
0.0
1.0
0.0
0.5
1.0
0.5
0.508474576271
0.0
0.15
1.1
1.75
0.5
0.508474576271
0.0
0.0
0.0
0.733333333333
0.75
0.0169491525424
0.616666666667
0.383333333333
0.5
2.21666666667
1.25423728814
0.25
0.2
0.3
0.0
0.5
2.30508474576
0.866666666667
0.366666666667
0.5
2.21666666667
2.46666666667
2.05084745763
0.616666666667
0.55
0.833333333333
0.466666666667
0.745762711864
1.3
1.75
1.0
1.05
0.65
2.01694915254
0.416666666667
0.85
0.75
0.45
0.779661016949
0.7
0.433333333333
1.5
1.13333333333
1.0350877193
--END OF 11--
0.0
0.0
0.0
0.0
0.0
0.0
0.0
0.0
0.0
0.0
0.0
0.0
0.0
0.0
0.0
0.0
0.0
0.0
0.0
0.0
0.483333333333
0.0169491525424
0.616666666667
0.383333333333
0.0
0.0
0.406779661017
0.1
0.2
0.3
0.0
0.0
0.0
0.0
0.0
0.5
0.166666666667
0.0333333333333
0.983050847458
0.5
0.0
0.0
0.466666666667
0.0338983050847
0.0
0.75
0.25
0.0
0.3
0.203389830508
0.0
0.0
0.0
0.0
0.0
0.0
0.0
0.0166666666667
0.55
0.526315789474
--END OF 12--
