9.0
9.58333333333
9.86666666667
9.50847457627
8.43333333333
9.36666666667
9.25
9.31666666667
9.41666666667
9.84745762712
9.81666666667
10.1666666667
10.3833333333
9.15
9.1
10.0
9.25
9.1
9.26666666667
10.2833333333
10.9666666667
11.3220338983
10.8833333333
9.9
8.56666666667
8.93333333333
9.53333333333
9.59322033898
10.0
10.3
9.65
9.8
10.6440677966
10.8333333333
9.41666666667
8.98333333333
9.26666666667
8.83333333333
9.30508474576
9.08333333333
10.1
10.1333333333
8.36666666667
9.55
9.4406779661
9.35
10.3333333333
8.83333333333
9.38333333333
9.4
9.20338983051
8.6
9.26666666667
9.01666666667
8.63333333333
9.16666666667
9.35593220339
9.28333333333
9.43333333333
7.64285714286
--END OF 1--
11.9333333333
13.7333333333
13.0333333333
12.2542372881
11.3333333333
12.5666666667
12.9
11.5
12.0666666667
12.813559322
12.6666666667
13.2666666667
13.6833333333
11.8
12.1
13.6610169492
12.6
12.3333333333
13.5
13.2
13.8166666667
15.1355932203
14.25
14.6166666667
11.3
12.3333333333
13.0833333333
13.1016949153
12.75
14.6
13.2
12.85
14.3898305085
14.7833333333
13.3333333333
12.95
12.4333333333
12.4666666667
13.2542372881
12.1666666667
12.9166666667
13.15
11.7333333333
13.4666666667
12.7796610169
13.05
14.5833333333
11.1333333333
12.4833333333
11.95
11.7796610169
11.4166666667
12.5666666667
12.4333333333
11.0166666667
11.95
12.3728813559
12.65
13.1166666667
10.3214285714
--END OF 2--
12.0666666667
14.2
13.0333333333
12.2542372881
11.5833333333
13.0666666667
13.2666666667
12.1833333333
12.5833333333
13.2033898305
14.0166666667
13.9666666667
13.7333333333
12.25
13.85
13.8983050847
13.1666666667
12.6666666667
13.85
14.4666666667
15.55
15.5593220339
14.8333333333
15.4166666667
11.6333333333
13.15
13.4166666667
14.6271186441
13.1
15.5
14.4
13.0
14.4915254237
15.3666666667
13.85
13.7333333333
12.5
12.8666666667
13.7627118644
12.4166666667
13.0833333333
14.1
11.9666666667
13.8166666667
13.0338983051
13.35
14.9833333333
11.2333333333
12.4833333333
12.35
11.8813559322
11.85
12.9666666667
12.55
11.2166666667
11.95
13.4406779661
12.65
13.2
10.75
--END OF 3--
9.0
9.58333333333
9.86666666667
9.50847457627
8.43333333333
9.36666666667
9.25
9.31666666667
9.41666666667
9.84745762712
9.81666666667
10.1666666667
10.3833333333
9.15
9.1
10.0
9.25
9.1
9.26666666667
10.2833333333
10.9666666667
11.3220338983
10.8833333333
9.9
8.56666666667
8.93333333333
9.53333333333
9.59322033898
10.0
10.3
9.65
9.8
10.6440677966
10.8333333333
9.41666666667
8.98333333333
9.26666666667
8.83333333333
9.30508474576
9.08333333333
10.1
10.1333333333
8.36666666667
9.55
9.4406779661
9.35
10.3333333333
8.83333333333
9.38333333333
9.4
9.20338983051
8.6
9.26666666667
9.01666666667
8.63333333333
9.16666666667
9.35593220339
9.28333333333
9.43333333333
7.64285714286
--END OF 4--
11.9333333333
13.7333333333
13.0333333333
12.2542372881
11.3333333333
12.5666666667
12.9
11.5
12.0666666667
12.813559322
12.6666666667
13.2666666667
13.6833333333
11.8
12.1
13.6610169492
12.6
12.3333333333
13.5
13.2
13.8166666667
15.1355932203
14.25
14.6166666667
11.3
12.3333333333
13.0833333333
13.1016949153
12.75
14.6
13.2
12.85
14.3898305085
14.7833333333
13.3333333333
12.95
12.4333333333
12.4666666667
13.2542372881
12.1666666667
12.9166666667
13.15
11.7333333333
13.4666666667
12.7796610169
13.05
14.5833333333
11.1333333333
12.4833333333
11.95
11.7796610169
11.4166666667
12.5666666667
12.4333333333
11.0166666667
11.95
12.3728813559
12.65
13.1166666667
10.3214285714
--END OF 5--
12.0666666667
14.2
13.0333333333
12.2542372881
11.5833333333
13.0666666667
13.2666666667
12.1833333333
12.5833333333
13.2033898305
14.0166666667
13.9666666667
13.7333333333
12.25
13.85
13.8983050847
13.1666666667
12.6666666667
13.85
14.4666666667
15.55
15.5593220339
14.8333333333
15.4166666667
11.6333333333
13.15
13.4166666667
14.6271186441
13.1
15.5
14.4
13.0
14.4915254237
15.3666666667
13.85
13.7333333333
12.5
12.8666666667
13.7627118644
12.4166666667
13.0833333333
14.1
11.9666666667
13.8166666667
13.0338983051
13.35
14.9833333333
11.2333333333
12.4833333333
12.35
11.8813559322
11.85
12.9666666667
12.55
11.2166666667
11.95
13.4406779661
12.65
13.2
10.75
--END OF 6--
1785.55
1956.8
1888.15
1929.0
1693.1
1830.6
1837.35
1842.35
1888.55
1955.49152542
1919.7
2037.9
1997.7
1763.25
1784.7
1850.74576271
1841.95
1886.9
1953.9
1900.0
2046.5
2109.96610169
2048.25
2063.3
1762.05
1831.6
1897.2
1836.30508475
1853.25
2087.4
1909.2
1989.3
2007.86440678
2173.5
1901.15
1842.6
1917.5
1790.3
1843.72881356
1773.9
1928.75
1936.3
1849.0
1925.55
1915.98305085
1830.3
1987.5
1860.45
1974.9
1839.0
1768.77966102
1685.05
1902.5
1829.65
1806.35
1796.0
1931.28813559
1896.75
1870.15
1696.23214286
--END OF 7--
488.816666667
546.966666667
535.6
529.542372881
482.583333333
519.05
514.516666667
510.05
507.3
543.677966102
541.45
568.2
575.9
487.7
495.65
529.118644068
508.266666667
508.983333333
533.233333333
536.666666667
568.516666667
599.745762712
590.9
563.283333333
487.6
497.433333333
531.416666667
525.169491525
519.0
568.35
531.35
532.55
571.677966102
594.066666667
524.766666667
514.15
520.75
491.75
514.593220339
494.95
536.533333333
536.766666667
507.166666667
539.65
529.491525424
516.15
562.55
507.55
533.0
506.85
490.711864407
476.05
524.75
508.55
494.6
500.95
536.271186441
523.966666667
517.25
457.589285714
--END OF 8--
63.1666666667
89.0
67.45
68.7796610169
64.15
72.9
73.2
55.9833333333
69.8
72.3898305085
77.9
79.6
68.2
55.15
65.45
75.2711864407
74.1833333333
67.45
85.0166666667
72.3666666667
76.7166666667
89.0677966102
70.0333333333
90.0833333333
60.05
65.1
77.6
65.5254237288
66.65
80.2
74.35
66.95
75.0677966102
80.7833333333
83.65
78.3833333333
75.05
71.85
67.0677966102
55.75
60.95
74.1833333333
76.1333333333
78.9333333333
70.3559322034
78.25
84.15
55.35
67.95
67.1
60.2203389831
61.3166666667
73.8333333333
83.8
64.45
62.0
76.186440678
70.25
70.35
57.5178571429
--END OF 9--
1.9
3.01666666667
1.7
0.28813559322
2.1
4.61666666667
4.15
2.35
0.916666666667
1.10169491525
3.4
3.35
1.45
3.2
5.8
2.4406779661
3.33333333333
1.68333333333
2.53333333333
4.95
6.08333333333
3.30508474576
3.03333333333
5.16666666667
2.33333333333
4.01666666667
2.4
6.4406779661
3.2
5.95
4.05
3.0
2.18644067797
5.9
4.66666666667
4.73333333333
1.28333333333
2.76666666667
3.52542372881
4.08333333333
1.45
3.43333333333
0.783333333333
3.18333333333
2.30508474576
3.15
5.35
1.5
1.2
1.4
1.61016949153
1.83333333333
1.61666666667
1.43333333333
1.81666666667
1.15
4.10169491525
2.15
2.56666666667
3.03571428571
--END OF 10--
0.333333333333
0.666666666667
0.0
0.0
0.0
0.5
0.0166666666667
0.983333333333
0.916666666667
0.593220338983
2.0
1.0
0.1
0.9
1.75
0.28813559322
0.966666666667
0.333333333333
0.8
2.36666666667
2.95
0.728813559322
1.06666666667
1.3
0.533333333333
1.31666666667
0.683333333333
2.28813559322
0.25
1.05
1.45
0.35
0.152542372881
0.683333333333
0.816666666667
0.983333333333
0.2
0.816666666667
0.508474576271
0.0
0.116666666667
0.883333333333
0.0
0.8
0.406779661017
0.6
0.5
0.0
0.0
0.45
0.237288135593
0.55
0.45
0.316666666667
0.0
0.0333333333333
2.0
0.0
0.0666666666667
0.535714285714
--END OF 11--
0.0
0.0
0.0
0.0
0.0
0.0
0.0
0.0
0.5
0.0
0.0
0.0
0.0
0.0
1.0
0.0338983050847
0.466666666667
0.333333333333
0.166666666667
0.0
0.0
0.0
0.0
0.0
0.0
0.5
0.0
0.508474576271
0.0
0.55
0.95
0.0
0.0
0.0
0.0
0.483333333333
0.2
0.316666666667
0.0
0.0
0.0
0.0
0.0
0.0
0.0
0.0
0.0
0.0
0.0
0.0
0.0
0.233333333333
0.266666666667
0.0
0.0
0.0
0.0
0.0
0.0666666666667
0.0
--END OF 12--
