5.78333333333
5.93333333333
5.45762711864
5.25
4.75
4.58333333333
5.7
5.41666666667
5.5593220339
5.6
5.41666666667
5.33333333333
5.66666666667
5.13333333333
5.67796610169
5.18333333333
4.73333333333
5.7
5.4
5.42372881356
5.4
6.08333333333
5.65
5.91666666667
5.35
5.32203389831
6.08333333333
4.83333333333
5.31666666667
5.9
6.30508474576
5.35
5.45
5.73333333333
5.28333333333
4.98333333333
7.01694915254
5.28333333333
5.58333333333
5.41666666667
6.08333333333
5.77966101695
5.95
5.8
4.5
4.36666666667
5.54237288136
6.03333333333
5.73333333333
5.06666666667
5.15
5.95
5.69491525424
5.88333333333
5.13333333333
6.11666666667
6.5
6.10169491525
4.96666666667
5.06896551724
--END OF 1--
8.18333333333
8.58333333333
8.40677966102
7.11666666667
7.08333333333
6.93333333333
8.56666666667
7.56666666667
8.01694915254
8.68333333333
8.28333333333
8.01666666667
8.51666666667
7.08333333333
8.32203389831
7.13333333333
7.68333333333
8.0
7.35
7.42372881356
9.03333333333
10.5
8.2
7.66666666667
7.7
8.50847457627
9.33333333333
7.16666666667
7.8
8.36666666667
8.91525423729
8.3
8.2
8.18333333333
7.78333333333
6.93333333333
9.8813559322
7.96666666667
8.0
7.51666666667
8.23333333333
8.25423728814
8.86666666667
9.66666666667
7.41666666667
7.0
9.32203389831
7.48333333333
8.33333333333
8.16666666667
7.5
8.9
8.86440677966
8.9
8.13333333333
8.2
8.63333333333
8.86440677966
8.01666666667
7.56896551724
--END OF 2--
9.23333333333
9.83333333333
8.66101694915
8.0
8.1
7.56666666667
10.95
8.15
8.37288135593
9.56666666667
9.26666666667
8.65
9.46666666667
8.61666666667
9.77966101695
8.53333333333
9.23333333333
9.75
8.3
8.25423728814
9.71666666667
11.05
9.88333333333
8.91666666667
8.16666666667
10.7288135593
10.85
7.46666666667
8.31666666667
8.66666666667
10.3220338983
9.6
8.85
8.83333333333
7.93333333333
7.73333333333
11.3559322034
9.48333333333
9.41666666667
8.43333333333
8.91666666667
8.66101694915
10.55
11.0666666667
8.93333333333
7.83333333333
11.3389830508
8.33333333333
10.2333333333
8.36666666667
8.1
11.35
10.5084745763
9.6
10.15
8.86666666667
9.95
9.8813559322
8.35
7.87931034483
--END OF 3--
5.78333333333
5.93333333333
5.45762711864
5.25
4.75
4.58333333333
5.7
5.41666666667
5.5593220339
5.6
5.41666666667
5.33333333333
5.66666666667
5.13333333333
5.67796610169
5.18333333333
4.73333333333
5.7
5.4
5.42372881356
5.4
6.08333333333
5.65
5.91666666667
5.35
5.32203389831
6.08333333333
4.83333333333
5.31666666667
5.9
6.30508474576
5.35
5.45
5.73333333333
5.28333333333
4.98333333333
7.01694915254
5.28333333333
5.58333333333
5.41666666667
6.08333333333
5.77966101695
5.95
5.8
4.5
4.36666666667
5.54237288136
6.03333333333
5.73333333333
5.06666666667
5.15
5.95
5.69491525424
5.88333333333
5.13333333333
6.11666666667
6.5
6.10169491525
4.96666666667
5.06896551724
--END OF 4--
8.18333333333
8.58333333333
8.40677966102
7.11666666667
7.08333333333
6.93333333333
8.56666666667
7.56666666667
8.01694915254
8.68333333333
8.28333333333
8.01666666667
8.51666666667
7.08333333333
8.32203389831
7.13333333333
7.68333333333
8.0
7.35
7.42372881356
9.03333333333
10.5
8.2
7.66666666667
7.7
8.50847457627
9.33333333333
7.16666666667
7.8
8.36666666667
8.91525423729
8.3
8.2
8.18333333333
7.78333333333
6.93333333333
9.8813559322
7.96666666667
8.0
7.51666666667
8.23333333333
8.25423728814
8.86666666667
9.66666666667
7.41666666667
7.0
9.32203389831
7.48333333333
8.33333333333
8.16666666667
7.5
8.9
8.86440677966
8.9
8.13333333333
8.2
8.63333333333
8.86440677966
8.01666666667
7.56896551724
--END OF 5--
9.23333333333
9.83333333333
8.66101694915
8.0
8.1
7.56666666667
10.95
8.15
8.37288135593
9.56666666667
9.26666666667
8.65
9.46666666667
8.61666666667
9.77966101695
8.53333333333
9.23333333333
9.75
8.3
8.25423728814
9.71666666667
11.05
9.88333333333
8.91666666667
8.16666666667
10.7288135593
10.85
7.46666666667
8.31666666667
8.66666666667
10.3220338983
9.6
8.85
8.83333333333
7.93333333333
7.73333333333
11.3559322034
9.48333333333
9.41666666667
8.43333333333
8.91666666667
8.66101694915
10.55
11.0666666667
8.93333333333
7.83333333333
11.3389830508
8.33333333333
10.2333333333
8.36666666667
8.1
11.35
10.5084745763
9.6
10.15
8.86666666667
9.95
9.8813559322
8.35
7.87931034483
--END OF 6--
1261.65
1282.5
1211.38983051
1153.75
1074.65
1001.6
1174.45
1118.2
1143.10169492
1232.0
1245.1
1233.9
1193.6
1125.8
1277.08474576
1203.3
1200.5
1266.75
1163.1
1101.10169492
1253.55
1331.25
1217.8
1291.95
1131.15
1190.33898305
1327.1
1159.55
1173.95
1304.1
1312.42372881
1163.7
1149.6
1233.75
1210.05
1149.15
1431.81355932
1142.5
1257.0
1296.15
1289.35
1255.77966102
1331.55
1308.05
1149.65
1155.15
1315.88135593
1315.8
1277.7
1164.9
1147.95
1309.05
1244.49152542
1276.35
1252.1
1269.5
1288.2
1300.57627119
1182.35
1154.17241379
--END OF 7--
347.5
352.05
342.423728814
309.983333333
291.516666667
278.483333333
335.7
311.116666667
326.644067797
336.283333333
331.8
347.166666667
332.15
308.2
347.847457627
317.95
320.366666667
344.4
319.6
308.118644068
354.816666667
364.883333333
337.916666667
350.033333333
319.316666667
336.101694915
371.6
324.55
312.683333333
349.516666667
358.118644068
322.05
320.1
332.4
334.35
315.4
402.677966102
313.633333333
344.8
338.166666667
351.933333333
353.677966102
366.033333333
364.783333333
311.05
314.1
357.355932203
342.5
348.05
325.3
311.45
358.95
335.898305085
347.116666667
348.116666667
355.833333333
367.466666667
353.745762712
326.8
304.775862069
--END OF 8--
46.75
49.2
52.7796610169
45.2
40.6833333333
49.6
62.5166666667
47.4666666667
51.8305084746
52.1833333333
49.6166666667
53.85
55.5833333333
43.8666666667
52.3050847458
44.1
53.8
46.55
42.95
43.3220338983
59.8666666667
63.45
47.4
41.7333333333
54.0333333333
55.6440677966
65.1333333333
43.35
47.85
49.6833333333
50.6271186441
55.55
52.15
49.5
46.8
41.85
65.813559322
48.8
54.8833333333
45.9666666667
51.05
51.2372881356
56.45
58.15
48.15
42.4
57.0
35.0
43.95
52.45
51.2
61.3
49.8813559322
57.3333333333
56.1166666667
49.7666666667
48.95
47.1355932203
49.4333333333
49.8103448276
--END OF 9--
3.8
6.85
2.03389830508
2.25
3.63333333333
1.83333333333
8.71666666667
1.73333333333
2.10169491525
5.8
4.76666666667
2.78333333333
5.06666666667
3.43333333333
4.74576271186
4.85
5.58333333333
7.0
2.7
3.49152542373
4.88333333333
8.65
5.55
2.58333333333
3.0
8.74576271186
6.88333333333
1.63333333333
4.46666666667
3.06666666667
4.8813559322
6.1
3.4
4.85
2.45
3.15
3.13559322034
5.68333333333
4.63333333333
2.73333333333
3.45
1.59322033898
6.51666666667
9.25
6.68333333333
3.98333333333
6.27118644068
2.15
6.75
3.85
1.45
7.0
9.8813559322
4.4
7.65
3.38333333333
4.88333333333
4.77966101695
7.06666666667
2.29310344828
--END OF 10--
1.55
1.6
0.338983050847
1.23333333333
1.18333333333
0.7
3.66666666667
0.633333333333
0.627118644068
1.31666666667
1.76666666667
0.95
1.3
1.88333333333
2.86440677966
1.9
2.43333333333
3.0
0.95
0.932203389831
0.966666666667
0.55
2.56666666667
1.35
1.15
3.91525423729
1.15
0.466666666667
0.95
0.25
1.66101694915
1.35
0.65
0.75
0.45
1.35
2.47457627119
1.91666666667
2.41666666667
1.26666666667
0.95
0.796610169492
1.3
2.21666666667
2.01666666667
1.36666666667
3.54237288136
1.05
2.95
0.05
1.15
3.0
3.0
1.16666666667
3.11666666667
0.566666666667
2.3
1.59322033898
0.133333333333
0.103448275862
--END OF 11--
0.0
0.0
0.0
0.0
0.0
0.0
0.0
0.0
0.0
0.716666666667
0.283333333333
0.316666666667
0.816666666667
0.866666666667
0.0
0.15
1.0
0.25
0.5
0.508474576271
0.0
0.166666666667
1.33333333333
0.0
0.0
0.423728813559
0.583333333333
0.0
0.0
0.0
0.508474576271
0.65
0.65
0.2
0.0
0.0
0.525423728814
0.483333333333
0.0
0.5
0.0
0.118644067797
0.383333333333
1.28333333333
0.733333333333
0.5
1.0
0.5
1.0
0.0
0.2
0.8
0.0
0.0
0.5
0.0
0.0
0.0
0.0
0.0
--END OF 12--
