15.0833333333
14.7
13.8983050847
13.7166666667
13.9166666667
14.0666666667
14.1666666667
13.7833333333
14.2372881356
15.2
14.7666666667
14.2166666667
13.7166666667
14.7833333333
14.0833333333
14.0847457627
13.5
13.95
14.0
13.85
14.0
13.55
13.25
14.3333333333
13.1333333333
14.1016949153
15.7
13.1333333333
13.3333333333
14.4666666667
13.8813559322
14.15
15.1833333333
14.65
15.1166666667
14.8833333333
13.7966101695
15.0
16.1666666667
14.35
14.3833333333
14.4406779661
14.3666666667
13.7
14.6
14.0833333333
14.1833333333
15.3728813559
14.35
14.2
14.4166666667
13.5
13.7627118644
14.7833333333
14.2
13.0166666667
13.1166666667
13.8333333333
13.6610169492
14.8490566038
--END OF 1--
17.9666666667
18.0333333333
18.7118644068
17.5666666667
17.65
18.3166666667
17.9166666667
16.8333333333
17.4745762712
18.8833333333
18.5
17.55
17.7166666667
18.45
17.25
17.9830508475
16.2666666667
17.95
18.1166666667
17.5333333333
17.6949152542
16.7
16.45
18.4333333333
16.1333333333
17.9661016949
20.0
17.0333333333
15.8833333333
17.15
17.1525423729
18.5833333333
18.7
18.2
19.5333333333
18.6833333333
17.0338983051
18.4
20.2166666667
17.75
17.7833333333
19.5084745763
19.1666666667
17.95
18.7
18.3333333333
18.2
19.2711864407
18.3833333333
17.75
17.4166666667
16.8666666667
17.5593220339
18.4333333333
17.0
15.9666666667
16.6666666667
17.8333333333
17.3559322034
18.7924528302
--END OF 2--
18.5
18.45
19.5084745763
18.1666666667
17.8
19.0666666667
18.3666666667
17.8333333333
18.0677966102
19.9333333333
19.4
18.45
18.9833333333
18.8
17.4166666667
19.4576271186
16.85
17.95
18.6666666667
18.1
18.7966101695
16.7
16.75
19.8333333333
16.2333333333
18.593220339
21.2333333333
17.7833333333
16.2833333333
17.7833333333
17.4745762712
19.0833333333
19.35
18.5333333333
21.5
19.15
17.5762711864
18.75
20.7166666667
18.3
17.7833333333
19.8983050847
19.4166666667
18.5
20.2833333333
19.4333333333
18.9333333333
20.0
18.5166666667
18.2666666667
17.65
17.4833333333
18.0847457627
18.8333333333
17.35
16.8166666667
16.7666666667
17.8333333333
18.2033898305
19.8867924528
--END OF 3--
15.0833333333
14.7
13.8983050847
13.7166666667
13.9166666667
14.0666666667
14.1666666667
13.7833333333
14.2372881356
15.2
14.7666666667
14.2166666667
13.7166666667
14.7833333333
14.0833333333
14.0847457627
13.5
13.95
14.0
13.85
14.0
13.55
13.25
14.3333333333
13.1333333333
14.1016949153
15.7
13.1333333333
13.3333333333
14.4666666667
13.8813559322
14.15
15.1833333333
14.65
15.1166666667
14.8833333333
13.7966101695
15.0
16.1666666667
14.35
14.3833333333
14.4406779661
14.3666666667
13.7
14.6
14.0833333333
14.1833333333
15.3728813559
14.35
14.2
14.4166666667
13.5
13.7627118644
14.7833333333
14.2
13.0166666667
13.1166666667
13.8333333333
13.6610169492
14.8490566038
--END OF 4--
17.9666666667
18.0333333333
18.7118644068
17.5666666667
17.65
18.3166666667
17.9166666667
16.8333333333
17.4745762712
18.8833333333
18.5
17.55
17.7166666667
18.45
17.25
17.9830508475
16.2666666667
17.95
18.1166666667
17.5333333333
17.6949152542
16.7
16.45
18.4333333333
16.1333333333
17.9661016949
20.0
17.0333333333
15.8833333333
17.15
17.1525423729
18.5833333333
18.7
18.2
19.5333333333
18.6833333333
17.0338983051
18.4
20.2166666667
17.75
17.7833333333
19.5084745763
19.1666666667
17.95
18.7
18.3333333333
18.2
19.2711864407
18.3833333333
17.75
17.4166666667
16.8666666667
17.5593220339
18.4333333333
17.0
15.9666666667
16.6666666667
17.8333333333
17.3559322034
18.7924528302
--END OF 5--
18.5
18.45
19.5084745763
18.1666666667
17.8
19.0666666667
18.3666666667
17.8333333333
18.0677966102
19.9333333333
19.4
18.45
18.9833333333
18.8
17.4166666667
19.4576271186
16.85
17.95
18.6666666667
18.1
18.7966101695
16.7
16.75
19.8333333333
16.2333333333
18.593220339
21.2333333333
17.7833333333
16.2833333333
17.7833333333
17.4745762712
19.0833333333
19.35
18.5333333333
21.5
19.15
17.5762711864
18.75
20.7166666667
18.3
17.7833333333
19.8983050847
19.4166666667
18.5
20.2833333333
19.4333333333
18.9333333333
20.0
18.5166666667
18.2666666667
17.65
17.4833333333
18.0847457627
18.8333333333
17.35
16.8166666667
16.7666666667
17.8333333333
18.2033898305
19.8867924528
--END OF 6--
2768.6
2820.4
2853.86440678
2820.0
2709.2
2782.85
2864.7
2848.65
2836.42372881
2920.2
2957.6
2801.4
2776.9
2821.1
2741.85
2730.61016949
2572.75
2704.3
2733.7
2728.05
2659.52542373
2660.4
2592.45
2722.65
2588.1
2738.94915254
2920.3
2637.85
2573.25
2718.75
2604.81355932
2705.8
2890.3
2776.4
2984.6
2893.85
2740.88135593
2927.25
3004.95
2758.2
2765.55
2877.30508475
2802.65
2629.25
2850.9
2804.15
2770.6
2829.3559322
2820.55
2812.35
2759.55
2551.4
2699.03389831
2835.9
2719.5
2570.85
2684.25
2789.55
2765.08474576
2818.69811321
--END OF 7--
766.133333333
773.7
772.101694915
755.25
741.6
767.566666667
766.8
760.7
765.711864407
794.9
789.083333333
762.333333333
747.15
772.366666667
739.083333333
748.983050847
704.183333333
737.25
741.366666667
739.033333333
730.423728814
720.3
702.85
741.5
707.95
752.050847458
805.9
719.1
698.4
725.816666667
721.762711864
744.116666667
790.1
766.366666667
819.65
773.383333333
746.355932203
788.95
841.55
747.65
768.35
785.86440678
768.95
733.016666667
771.383333333
744.966666667
749.35
781.254237288
764.85
749.966666667
744.0
714.95
740.0
773.25
738.35
719.6
735.65
769.1
752.627118644
776.716981132
--END OF 8--
66.5833333333
77.7833333333
85.8983050847
81.5
79.2
90.7
89.3
80.0
79.2711864407
88.35
85.9166666667
72.7
76.2166666667
87.45
77.2666666667
71.3559322034
75.1333333333
93.7833333333
85.8833333333
84.9166666667
76.593220339
70.55
72.25
95.0
75.6
78.4406779661
93.0
86.5
73.0666666667
82.6
79.8305084746
91.7166666667
81.6333333333
78.35
96.3666666667
84.5833333333
85.0677966102
71.1
98.45
83.15
78.9
101.220338983
97.35
92.4666666667
90.5166666667
84.45
88.4333333333
99.406779661
99.05
80.3
71.0166666667
77.6166666667
91.0
94.05
74.8
82.95
74.1
81.45
79.2542372881
93.0566037736
--END OF 9--
5.8
3.35
6.72881355932
4.85
3.23333333333
5.15
3.45
3.15
2.83050847458
4.83333333333
3.13333333333
2.38333333333
3.66666666667
1.48333333333
1.15
8.79661016949
2.18333333333
0.916666666667
3.78333333333
3.15
4.25423728814
1.0
2.15
4.6
0.4
4.27118644068
7.95
2.58333333333
1.95
2.08333333333
2.71186440678
4.26666666667
1.73333333333
2.7
7.25
1.5
1.64406779661
4.5
3.15
3.7
1.5
4.49152542373
3.98333333333
2.98333333333
5.08333333333
6.5
2.95
3.74576271186
2.25
3.3
2.31666666667
4.36666666667
3.06779661017
2.8
1.05
3.55
2.3
2.35
4.10169491525
4.71698113208
--END OF 10--
0.366666666667
0.716666666667
1.10169491525
1.05
0.15
1.25
0.75
0.85
1.18644067797
1.6
1.36666666667
1.5
1.01666666667
0.5
0.383333333333
2.32203389831
0.833333333333
0.0
0.616666666667
0.8
1.61016949153
0.0
0.05
1.85
0.1
0.813559322034
1.2
1.23333333333
0.266666666667
0.833333333333
0.169491525424
0.666666666667
0.333333333333
0.65
2.35
0.866666666667
0.64406779661
0.3
0.45
0.75
0.0
0.830508474576
0.266666666667
0.95
2.65
2.01666666667
0.8
1.18644067797
0.333333333333
0.983333333333
0.516666666667
1.16666666667
0.71186440678
0.0
0.2
0.6
0.2
0.0
1.18644067797
1.84905660377
--END OF 11--
0.0833333333333
0.0
0.101694915254
0.4
0.0
0.25
0.25
0.0
0.338983050847
0.166666666667
0.0
0.0
0.5
0.0
0.0
0.677966101695
0.333333333333
0.0
0.0
0.0
0.0
0.0
0.0
0.0
0.0
0.0
0.5
0.0
0.0
0.333333333333
0.169491525424
0.0
0.0
0.0
1.0
0.0
0.0
0.0
0.0
0.0
0.0
0.338983050847
0.166666666667
0.0
0.5
0.0
0.0
0.0
0.0
0.0
0.0
0.0
0.372881355932
0.0
0.2
0.3
0.0
0.0
0.0
0.471698113208
--END OF 12--
