16.2833333333
15.4333333333
16.9166666667
16.3333333333
15.7796610169
16.8
15.8
15.75
16.5833333333
16.35
17.9322033898
16.8166666667
16.8166666667
17.7
16.5666666667
17.75
17.5423728814
16.7
16.45
17.05
17.7833333333
17.2711864407
17.3666666667
16.8666666667
17.0333333333
17.5333333333
17.5084745763
17.4
16.35
15.6
15.8666666667
17.3666666667
16.8644067797
17.6
17.0
16.5
16.65
15.7796610169
16.5666666667
15.7333333333
18.0666666667
16.7
17.1833333333
16.9830508475
16.7333333333
15.9333333333
17.3
16.5166666667
17.1186440678
15.9
15.8
16.5
15.8333333333
15.8833333333
16.9152542373
15.3166666667
16.35
17.0166666667
16.0833333333
17.6315789474
--END OF 1--
20.8833333333
20.0833333333
22.8166666667
21.4833333333
19.8813559322
22.7333333333
21.75
21.5
22.4333333333
20.8666666667
25.0508474576
22.9333333333
21.9333333333
23.4166666667
21.8333333333
22.15
22.2372881356
22.25
22.35
22.6
23.6333333333
22.3728813559
22.3666666667
23.1166666667
22.9666666667
22.2
22.5254237288
22.45
21.3166666667
21.2166666667
21.9833333333
22.0166666667
23.2372881356
22.5
22.3
21.95
21.35
20.5254237288
21.7166666667
22.6666666667
23.6
22.1166666667
21.8
22.8305084746
22.3166666667
20.85
22.3166666667
22.4
22.2542372881
21.25
21.5
21.8
21.8333333333
20.4833333333
22.3050847458
20.3666666667
22.0833333333
21.6666666667
21.0166666667
22.7894736842
--END OF 2--
21.9333333333
20.5333333333
22.8166666667
22.6333333333
20.4915254237
23.1166666667
21.8666666667
21.9833333333
23.1833333333
21.65
26.2542372881
23.6666666667
22.6333333333
23.9
21.8333333333
22.85
23.2033898305
22.55
22.95
24.0
24.0166666667
23.6779661017
22.4833333333
23.2
23.5666666667
23.0666666667
22.5254237288
22.45
21.5166666667
21.5166666667
22.2333333333
22.7
23.8644067797
23.8
22.65
22.4
22.2
21.1355932203
21.8
24.5833333333
24.2333333333
22.4333333333
23.2666666667
23.5423728814
23.1833333333
21.5
23.65
22.4
22.813559322
22.6
21.85
22.1
22.5333333333
21.0333333333
22.6440677966
21.6833333333
22.0833333333
21.8666666667
22.25
23.3684210526
--END OF 3--
16.2833333333
15.4333333333
16.9166666667
16.3333333333
15.7796610169
16.8
15.8
15.75
16.5833333333
16.35
17.9322033898
16.8166666667
16.8166666667
17.7
16.5666666667
17.75
17.5423728814
16.7
16.45
17.05
17.7833333333
17.2711864407
17.3666666667
16.8666666667
17.0333333333
17.5333333333
17.5084745763
17.4
16.35
15.6
15.8666666667
17.3666666667
16.8644067797
17.6
17.0
16.5
16.65
15.7796610169
16.5666666667
15.7333333333
18.0666666667
16.7
17.1833333333
16.9830508475
16.7333333333
15.9333333333
17.3
16.5166666667
17.1186440678
15.9
15.8
16.5
15.8333333333
15.8833333333
16.9152542373
15.3166666667
16.35
17.0166666667
16.0833333333
17.6315789474
--END OF 4--
20.8833333333
20.0833333333
22.8166666667
21.4833333333
19.8813559322
22.7333333333
21.75
21.5
22.4333333333
20.8666666667
25.0508474576
22.9333333333
21.9333333333
23.4166666667
21.8333333333
22.15
22.2372881356
22.25
22.35
22.6
23.6333333333
22.3728813559
22.3666666667
23.1166666667
22.9666666667
22.2
22.5254237288
22.45
21.3166666667
21.2166666667
21.9833333333
22.0166666667
23.2372881356
22.5
22.3
21.95
21.35
20.5254237288
21.7166666667
22.6666666667
23.6
22.1166666667
21.8
22.8305084746
22.3166666667
20.85
22.3166666667
22.4
22.2542372881
21.25
21.5
21.8
21.8333333333
20.4833333333
22.3050847458
20.3666666667
22.0833333333
21.6666666667
21.0166666667
22.7894736842
--END OF 5--
21.9333333333
20.5333333333
22.8166666667
22.6333333333
20.4915254237
23.1166666667
21.8666666667
21.9833333333
23.1833333333
21.65
26.2542372881
23.6666666667
22.6333333333
23.9
21.8333333333
22.85
23.2033898305
22.55
22.95
24.0
24.0166666667
23.6779661017
22.4833333333
23.2
23.5666666667
23.0666666667
22.5254237288
22.45
21.5166666667
21.5166666667
22.2333333333
22.7
23.8644067797
23.8
22.65
22.4
22.2
21.1355932203
21.8
24.5833333333
24.2333333333
22.4333333333
23.2666666667
23.5423728814
23.1833333333
21.5
23.65
22.4
22.813559322
22.6
21.85
22.1
22.5333333333
21.0333333333
22.6440677966
21.6833333333
22.0833333333
21.8666666667
22.25
23.3684210526
--END OF 6--
2976.9
2855.55
3110.7
3125.25
2981.6440678
3302.4
3065.7
2993.2
3075.45
2971.95
3304.37288136
3200.9
3179.3
3413.15
3118.1
3270.95
3145.06779661
3137.85
3098.7
3136.65
3255.65
3161.89830508
3155.0
3193.7
3148.3
3091.8
3166.06779661
3223.4
3044.75
3023.15
3085.5
3274.7
3302.54237288
3264.75
3116.85
3077.85
3049.8
3028.6779661
3126.4
3111.6
3226.0
3127.5
3081.6
3147.20338983
3196.05
2891.25
3134.6
3114.65
3136.83050847
3024.45
2933.7
2980.35
3054.0
2999.25
3103.62711864
2898.95
3090.65
3198.75
3055.1
3291.15789474
--END OF 7--
837.5
831.35
887.8
861.7
814.593220339
905.466666667
862.466666667
842.833333333
869.45
830.016666667
932.542372881
895.05
896.9
958.266666667
853.716666667
902.433333333
885.898305085
859.6
864.4
876.1
916.8
891.661016949
876.25
884.75
887.25
875.783333333
884.86440678
904.383333333
826.733333333
841.4
865.533333333
923.783333333
910.440677966
910.15
881.7
864.4
855.5
830.830508475
861.5
857.05
910.966666667
871.15
876.65
881.983050847
879.85
816.033333333
881.533333333
871.45
881.949152542
826.35
826.45
839.883333333
853.4
834.65
863.779661017
801.816666667
875.483333333
890.183333333
842.6
910.315789474
--END OF 8--
102.85
98.1
135.05
118.3
95.593220339
119.366666667
121.133333333
126.216666667
129.95
118.766666667
135.86440678
124.9
118.283333333
122.783333333
120.833333333
104.7
113.779661017
110.1
127.75
119.85
136.683333333
126.525423729
115.95
117.516666667
122.783333333
113.8
111.305084746
107.983333333
110.183333333
116.066666667
129.383333333
113.35
146.169491525
119.0
121.7
119.4
113.95
96.3389830508
105.683333333
130.45
126.25
124.95
118.733333333
123.101694915
121.133333333
105.483333333
114.816666667
117.116666667
117.355932203
120.9
121.25
126.383333333
121.2
102.85
127.86440678
125.1
122.833333333
123.533333333
116.683333333
109.052631579
--END OF 9--
6.6
2.1
3.35
3.6
4.45762711864
4.88333333333
2.63333333333
3.13333333333
4.4
2.13333333333
8.37288135593
4.18333333333
3.0
4.13333333333
1.83333333333
4.4
5.01694915254
3.2
4.95
5.9
3.85
6.83050847458
4.95
3.66666666667
4.06666666667
4.26666666667
2.20338983051
3.65
3.56666666667
2.65
3.35
3.15
2.38983050847
4.7
3.0
2.3
3.95
4.77966101695
4.66666666667
9.05
6.21666666667
3.15
3.18333333333
5.47457627119
4.96666666667
5.66666666667
6.63333333333
5.48333333333
4.08474576271
5.5
4.5
4.78333333333
7.2
2.15
4.22033898305
4.48333333333
3.68333333333
1.4
4.58333333333
4.0
--END OF 10--
1.45
0.7
0.0
1.45
1.06779661017
0.5
0.0
0.633333333333
1.08333333333
0.733333333333
1.38983050847
0.9
1.26666666667
0.816666666667
0.0
1.2
1.32203389831
0.65
0.95
2.35
0.4
2.0
0.183333333333
0.133333333333
0.366666666667
1.5
0.0
0.0
0.5
0.5
0.0
0.533333333333
0.983050847458
1.85
0.5
0.65
1.5
1.01694915254
0.0833333333333
3.35
0.666666666667
0.366666666667
2.16666666667
0.949152542373
0.933333333333
0.916666666667
2.25
0.233333333333
0.813559322034
2.4
0.3
0.25
1.15
1.0
0.627118644068
2.38333333333
0.0
0.0
1.43333333333
0.368421052632
--END OF 11--
0.65
0.5
0.0
0.0
0.0
0.0
0.0
0.133333333333
0.65
0.216666666667
0.0
0.4
0.0
0.0
0.0
0.166666666667
0.338983050847
0.0
0.0
0.95
0.05
0.0
0.0
0.0
0.0
0.0
0.0
0.0
0.0
0.0
0.0
0.316666666667
0.186440677966
0.0
0.2
0.3
0.5
0.0
0.0
0.0
0.0
0.0
0.966666666667
0.0
0.0
0.0
0.0
0.0
0.0
0.0
0.0
0.0
0.0
0.0
0.0
0.0
0.0
0.0
0.0
0.368421052632
--END OF 12--
