7.51666666667
7.58333333333
8.11666666667
9.06666666667
9.4406779661
9.0
7.9
8.8
8.28333333333
7.91666666667
7.42372881356
8.61666666667
8.76666666667
8.46666666667
9.4
8.93220338983
8.61666666667
8.5
7.85
9.78333333333
8.7
7.67796610169
8.18333333333
7.06666666667
7.95
7.85
8.0
7.95
8.51666666667
8.71666666667
7.63333333333
7.75
8.03389830508
7.83333333333
7.53333333333
8.46666666667
7.98333333333
8.71186440678
8.25
8.55
7.81666666667
7.43333333333
8.28333333333
8.40677966102
8.38333333333
8.06666666667
7.68333333333
8.8
8.35593220339
8.36666666667
8.38333333333
8.81666666667
8.23333333333
8.05
7.64406779661
7.71666666667
7.93333333333
8.63333333333
8.21666666667
8.14035087719
--END OF 1--
9.53333333333
10.6166666667
10.2833333333
11.8666666667
13.1016949153
11.85
10.65
11.0
11.0333333333
9.61666666667
9.67796610169
10.7666666667
11.1666666667
11.2166666667
12.4
10.9322033898
11.0666666667
10.7666666667
10.55
11.7166666667
10.7666666667
10.2203389831
10.3833333333
9.51666666667
10.3
10.1
10.6949152542
10.3166666667
10.9166666667
11.05
10.7333333333
10.3833333333
11.2372881356
10.0833333333
9.86666666667
11.3333333333
10.9
11.7627118644
10.65
10.95
9.91666666667
9.88333333333
10.4833333333
10.7118644068
11.0333333333
11.45
10.6
11.05
11.1016949153
10.15
11.0666666667
11.5166666667
10.05
10.2333333333
9.69491525424
10.9166666667
10.0833333333
10.6833333333
10.7166666667
10.7543859649
--END OF 2--
9.95
11.2166666667
10.4166666667
11.8666666667
13.406779661
11.85
10.65
11.45
11.0333333333
9.71666666667
10.0338983051
10.7666666667
11.5
11.5333333333
12.8833333333
11.4576271186
11.1833333333
10.9
10.55
11.9666666667
10.9333333333
10.4576271186
11.0833333333
10.0666666667
10.3
10.35
10.8474576271
11.0
11.0166666667
11.7
11.2
11.0333333333
12.1694915254
10.6666666667
10.1166666667
11.8833333333
11.55
12.2203389831
11.6
10.95
10.7166666667
9.98333333333
10.4833333333
11.3050847458
11.15
11.7833333333
10.9666666667
11.0833333333
11.8474576271
10.4833333333
11.3333333333
12.4333333333
10.8666666667
10.2333333333
9.69491525424
10.9666666667
10.2833333333
10.9833333333
10.7666666667
10.7543859649
--END OF 3--
7.51666666667
7.58333333333
8.11666666667
9.06666666667
9.4406779661
9.0
7.9
8.8
8.28333333333
7.91666666667
7.42372881356
8.61666666667
8.76666666667
8.46666666667
9.4
8.93220338983
8.61666666667
8.5
7.85
9.78333333333
8.7
7.67796610169
8.18333333333
7.06666666667
7.95
7.85
8.0
7.95
8.51666666667
8.71666666667
7.63333333333
7.75
8.03389830508
7.83333333333
7.53333333333
8.46666666667
7.98333333333
8.71186440678
8.25
8.55
7.81666666667
7.43333333333
8.28333333333
8.40677966102
8.38333333333
8.06666666667
7.68333333333
8.8
8.35593220339
8.36666666667
8.38333333333
8.81666666667
8.23333333333
8.05
7.64406779661
7.71666666667
7.93333333333
8.63333333333
8.21666666667
8.14035087719
--END OF 4--
9.53333333333
10.6166666667
10.2833333333
11.8666666667
13.1016949153
11.85
10.65
11.0
11.0333333333
9.61666666667
9.67796610169
10.7666666667
11.1666666667
11.2166666667
12.4
10.9322033898
11.0666666667
10.7666666667
10.55
11.7166666667
10.7666666667
10.2203389831
10.3833333333
9.51666666667
10.3
10.1
10.6949152542
10.3166666667
10.9166666667
11.05
10.7333333333
10.3833333333
11.2372881356
10.0833333333
9.86666666667
11.3333333333
10.9
11.7627118644
10.65
10.95
9.91666666667
9.88333333333
10.4833333333
10.7118644068
11.0333333333
11.45
10.6
11.05
11.1016949153
10.15
11.0666666667
11.5166666667
10.05
10.2333333333
9.69491525424
10.9166666667
10.0833333333
10.6833333333
10.7166666667
10.7543859649
--END OF 5--
9.95
11.2166666667
10.4166666667
11.8666666667
13.406779661
11.85
10.65
11.45
11.0333333333
9.71666666667
10.0338983051
10.7666666667
11.5
11.5333333333
12.8833333333
11.4576271186
11.1833333333
10.9
10.55
11.9666666667
10.9333333333
10.4576271186
11.0833333333
10.0666666667
10.3
10.35
10.8474576271
11.0
11.0166666667
11.7
11.2
11.0333333333
12.1694915254
10.6666666667
10.1166666667
11.8833333333
11.55
12.2203389831
11.6
10.95
10.7166666667
9.98333333333
10.4833333333
11.3050847458
11.15
11.7833333333
10.9666666667
11.0833333333
11.8474576271
10.4833333333
11.3333333333
12.4333333333
10.8666666667
10.2333333333
9.69491525424
10.9666666667
10.2833333333
10.9833333333
10.7666666667
10.7543859649
--END OF 6--
1637.1
1646.65
1548.45
1737.0
1825.72881356
1661.4
1574.7
1650.45
1670.7
1599.3
1550.59322034
1613.65
1673.35
1688.5
1794.05
1742.38983051
1725.95
1581.45
1578.25
1879.0
1642.9
1593.15254237
1709.1
1468.8
1673.7
1485.45
1580.03389831
1494.55
1601.05
1683.45
1564.85
1532.25
1606.52542373
1533.55
1516.2
1688.15
1555.1
1655.74576271
1604.25
1696.5
1528.05
1528.5
1575.9
1690.42372881
1660.15
1688.8
1540.15
1716.05
1660.98305085
1612.5
1754.65
1655.55
1597.3
1583.25
1629.61016949
1637.55
1571.55
1590.75
1648.35
1657.21052632
--END OF 7--
449.933333333
451.0
430.183333333
486.266666667
513.203389831
469.85
440.8
459.85
454.8
445.3
428.457627119
456.466666667
455.75
475.783333333
512.85
490.033898305
472.033333333
448.516666667
438.15
518.55
473.233333333
433.101694915
462.2
412.2
463.65
421.0
441.949152542
418.4
449.583333333
476.45
443.5
423.5
448.762711864
433.2
421.466666667
477.75
437.266666667
473.559322034
447.9
464.55
425.6
422.7
444.65
455.220338983
464.35
462.95
435.166666667
459.483333333
462.711864407
447.283333333
472.566666667
471.266666667
443.116666667
432.9
430.86440678
457.25
429.55
453.4
459.65
456.754385965
--END OF 8--
48.2
58.1166666667
52.8
65.4333333333
70.4576271186
78.5
58.65
56.05
63.05
46.2
58.6949152542
53.4666666667
55.85
65.9333333333
62.65
48.2033898305
56.6166666667
57.2166666667
53.7833333333
57.4166666667
50.1166666667
54.5423728814
57.6
53.4
52.55
64.25
56.1016949153
55.6666666667
55.1333333333
60.85
65.1333333333
51.1333333333
58.3559322034
62.5833333333
62.45
57.7
61.1666666667
63.2372881356
56.35
51.1
50.2
47.3
54.65
56.9152542373
59.6666666667
54.95
58.7833333333
56.2833333333
57.6779661017
48.5666666667
62.5833333333
65.8666666667
49.6166666667
51.9833333333
52.7457627119
66.65
56.95
49.5
55.65
59.701754386
--END OF 9--
3.4
3.35
1.18333333333
0.283333333333
5.0
0.65
1.4
1.65
1.1
0.8
1.30508474576
0.916666666667
2.48333333333
1.01666666667
4.78333333333
1.98305084746
1.75
2.16666666667
3.25
1.31666666667
1.05
1.0
2.45
2.45
0.65
1.5
3.13559322034
4.0
3.13333333333
1.66666666667
4.35
3.9
5.57627118644
1.85
1.41666666667
3.31666666667
2.5
2.64406779661
3.4
2.0
2.5
1.95
2.2
3.8813559322
1.31666666667
3.56666666667
3.03333333333
0.833333333333
2.76271186441
0.983333333333
1.38333333333
2.91666666667
1.65
0.633333333333
1.32203389831
1.75
0.45
2.55
2.8
0.929824561404
--END OF 10--
0.433333333333
0.866666666667
0.133333333333
0.0
0.508474576271
0.0
0.0
0.5
0.0
0.3
0.71186440678
0.0
0.616666666667
0.383333333333
0.233333333333
0.440677966102
0.4
0.433333333333
0.0
0.0
0.266666666667
0.237288135593
1.1
0.9
0.0
0.0
0.0
1.41666666667
0.0833333333333
0.583333333333
0.9
1.1
1.30508474576
0.9
0.4
0.833333333333
1.0
0.152542372881
1.35
0.0
0.5
0.0
0.0
0.898305084746
0.116666666667
0.5
0.0
0.0833333333333
1.10169491525
0.333333333333
0.183333333333
1.66666666667
1.15
0.0
0.0
0.25
0.25
0.5
0.0
0.0701754385965
--END OF 11--
0.0
0.0
0.0
0.0
0.0
0.0
0.0
0.0
0.0
0.0
0.0
0.0
0.0
0.0
0.0
0.0
0.0
0.0
0.0
0.0
0.266666666667
0.237288135593
0.6
0.4
0.0
0.0
0.0
0.0
0.0
0.5
0.0
0.5
0.372881355932
0.133333333333
0.0
0.5
0.0
0.0
0.0
0.0
0.5
0.0
0.0
0.0
0.0
0.0
0.0
0.0
0.169491525424
0.333333333333
0.0
0.0
0.5
0.0
0.0
0.0
0.0
0.0
0.0
0.0
--END OF 12--
