15.2542372881
16.7
16.25
15.5166666667
15.8666666667
15.4
14.7166666667
14.4237288136
15.65
17.2166666667
15.6
15.7833333333
16.35
16.4406779661
16.7
16.1166666667
14.9
16.7
15.9
16.6440677966
16.4166666667
15.5666666667
15.0833333333
15.4
15.6271186441
15.6666666667
15.85
16.2166666667
16.3666666667
16.0166666667
15.6949152542
15.2333333333
15.25
15.4333333333
16.0
16.8983050847
15.8833333333
15.8833333333
15.7666666667
14.7666666667
16.0833333333
15.593220339
14.7333333333
15.1
15.95
16.4333333333
15.1333333333
15.6101694915
16.15
15.65
15.0
14.6666666667
14.4576271186
15.4666666667
15.1333333333
16.1
14.9666666667
15.6666666667
15.6440677966
15.8793103448
--END OF 1--
21.3220338983
23.1333333333
21.6333333333
20.9833333333
21.3
20.6333333333
19.8833333333
19.7118644068
22.2333333333
23.65
20.6833333333
21.7166666667
23.15
21.8813559322
22.55
22.0333333333
20.35
21.8
21.9
22.2881355932
22.1333333333
20.8166666667
20.6333333333
20.6
20.593220339
21.1666666667
22.4166666667
21.45
21.4833333333
22.1666666667
21.4406779661
21.1666666667
21.3333333333
21.4333333333
22.1
22.5254237288
22.8
21.75
21.3166666667
20.2666666667
21.7166666667
20.7627118644
20.0666666667
20.2166666667
22.1
21.7833333333
19.1
21.1016949153
22.45
23.35
20.85
19.4666666667
19.6779661017
21.7333333333
21.0
22.15
19.9166666667
21.05
22.8644067797
20.2586206897
--END OF 2--
21.9830508475
23.2666666667
22.4666666667
21.9666666667
22.2
20.8833333333
20.35
20.2711864407
23.05
24.85
21.1
22.65
25.3166666667
22.0847457627
23.1
22.7666666667
21.4
23.6
22.9
23.2033898305
23.4166666667
21.5
21.2
20.9
21.1694915254
21.65
22.4166666667
22.05
22.6666666667
24.6333333333
22.406779661
21.5666666667
22.1166666667
21.9833333333
24.35
24.0338983051
23.55
22.45
21.9833333333
20.7666666667
21.8
21.6101694915
20.9333333333
21.4833333333
22.4666666667
22.2666666667
19.2
21.3050847458
22.9
23.95
22.3
19.6666666667
20.4406779661
22.45
21.5166666667
22.8833333333
20.8166666667
21.3166666667
23.4406779661
21.1896551724
--END OF 3--
15.2542372881
16.7
16.25
15.5166666667
15.8666666667
15.4
14.7166666667
14.4237288136
15.65
17.2166666667
15.6
15.7833333333
16.35
16.4406779661
16.7
16.1166666667
14.9
16.7
15.9
16.6440677966
16.4166666667
15.5666666667
15.0833333333
15.4
15.6271186441
15.6666666667
15.85
16.2166666667
16.3666666667
16.0166666667
15.6949152542
15.2333333333
15.25
15.4333333333
16.0
16.8983050847
15.8833333333
15.8833333333
15.7666666667
14.7666666667
16.0833333333
15.593220339
14.7333333333
15.1
15.95
16.4333333333
15.1333333333
15.6101694915
16.15
15.65
15.0
14.6666666667
14.4576271186
15.4666666667
15.1333333333
16.1
14.9666666667
15.6666666667
15.6440677966
15.8793103448
--END OF 4--
21.3220338983
23.1333333333
21.6333333333
20.9833333333
21.3
20.6333333333
19.8833333333
19.7118644068
22.2333333333
23.65
20.6833333333
21.7166666667
23.15
21.8813559322
22.55
22.0333333333
20.35
21.8
21.9
22.2881355932
22.1333333333
20.8166666667
20.6333333333
20.6
20.593220339
21.1666666667
22.4166666667
21.45
21.4833333333
22.1666666667
21.4406779661
21.1666666667
21.3333333333
21.4333333333
22.1
22.5254237288
22.8
21.75
21.3166666667
20.2666666667
21.7166666667
20.7627118644
20.0666666667
20.2166666667
22.1
21.7833333333
19.1
21.1016949153
22.45
23.35
20.85
19.4666666667
19.6779661017
21.7333333333
21.0
22.15
19.9166666667
21.05
22.8644067797
20.2586206897
--END OF 5--
21.9830508475
23.2666666667
22.4666666667
21.9666666667
22.2
20.8833333333
20.35
20.2711864407
23.05
24.85
21.1
22.65
25.3166666667
22.0847457627
23.1
22.7666666667
21.4
23.6
22.9
23.2033898305
23.4166666667
21.5
21.2
20.9
21.1694915254
21.65
22.4166666667
22.05
22.6666666667
24.6333333333
22.406779661
21.5666666667
22.1166666667
21.9833333333
24.35
24.0338983051
23.55
22.45
21.9833333333
20.7666666667
21.8
21.6101694915
20.9333333333
21.4833333333
22.4666666667
22.2666666667
19.2
21.3050847458
22.9
23.95
22.3
19.6666666667
20.4406779661
22.45
21.5166666667
22.8833333333
20.8166666667
21.3166666667
23.4406779661
21.1896551724
--END OF 6--
2993.28813559
3128.6
3009.2
2890.7
3040.95
2940.45
2942.5
2920.6779661
3084.0
3215.25
3010.25
3004.1
3051.2
3057.3559322
3142.8
3085.55
2949.9
3011.55
3077.1
3056.49152542
3060.45
2966.35
2884.15
3056.6
2951.08474576
2964.45
2937.3
3081.7
3125.7
2996.9
2969.28813559
2972.45
2976.85
3001.65
2988.9
3094.01694915
3064.4
3003.1
2954.55
2785.8
2973.25
2882.89830508
2864.15
2899.1
3032.3
3217.15
2843.2
2894.69491525
3047.55
2981.4
2961.15
3002.1
2911.52542373
2976.7
2851.85
2999.6
3011.8
2944.3
3010.27118644
3016.81034483
--END OF 7--
814.661016949
867.016666667
859.933333333
819.833333333
835.616666667
816.533333333
815.816666667
806.576271186
849.966666667
909.683333333
816.933333333
832.033333333
872.066666667
844.186440678
880.9
835.216666667
790.9
863.85
835.95
847.338983051
852.416666667
824.616666667
795.333333333
816.45
826.13559322
814.2
831.116666667
846.4
858.266666667
845.533333333
828.13559322
809.733333333
822.05
840.55
838.45
861.728813559
859.5
821.433333333
813.133333333
775.083333333
832.033333333
808.406779661
795.433333333
807.266666667
858.433333333
884.066666667
797.6
810.525423729
837.75
837.0
817.65
813.3
791.406779661
833.466666667
801.166666667
847.633333333
830.633333333
819.866666667
836.915254237
817.086206897
--END OF 8--
129.457627119
123.216666667
104.483333333
113.666666667
127.85
113.65
105.8
115.830508475
135.033333333
144.066666667
125.033333333
118.15
128.65
110.491525424
120.95
129.316666667
108.7
119.55
129.4
132.237288136
119.366666667
122.083333333
121.533333333
110.633333333
112.627118644
132.95
126.95
125.233333333
112.1
132.583333333
119.983050847
120.5
130.5
121.85
128.6
122.355932203
123.966666667
111.466666667
119.916666667
102.066666667
123.3
118.474576271
132.216666667
116.833333333
129.316666667
122.05
97.9333333333
124.084745763
129.3
141.15
124.15
117.3
118.694915254
130.516666667
107.916666667
130.183333333
107.283333333
114.15
130.644067797
102.206896552
--END OF 9--
3.96610169492
5.43333333333
6.05
5.88333333333
4.23333333333
4.1
4.31666666667
3.22033898305
5.68333333333
6.46666666667
1.96666666667
7.43333333333
9.98333333333
5.35593220339
4.15
4.68333333333
6.45
6.1
7.85
5.96610169492
3.61666666667
2.03333333333
4.4
3.55
2.72881355932
3.45
4.36666666667
4.28333333333
4.51666666667
9.98333333333
5.47457627119
5.93333333333
6.98333333333
3.75
8.35
7.77966101695
7.13333333333
6.15
6.38333333333
5.0
3.18333333333
4.64406779661
4.06666666667
4.8
5.2
3.85
3.48333333333
3.5593220339
6.2
8.1
7.55
1.05
4.71186440678
5.41666666667
5.2
4.78333333333
3.68333333333
3.48333333333
8.10169491525
5.18965517241
--END OF 10--
0.254237288136
0.166666666667
0.933333333333
1.48333333333
1.4
0.25
0.966666666667
1.01694915254
1.38333333333
1.7
0.816666666667
1.38333333333
3.33333333333
0.389830508475
1.1
1.36666666667
1.95
2.5
0.65
1.01694915254
1.95
1.11666666667
1.1
0.5
0.372881355932
0.133333333333
0.0
1.0
1.8
3.51666666667
1.76271186441
0.45
1.43333333333
0.8
4.1
2.5593220339
1.21666666667
1.05
0.816666666667
1.0
0.483333333333
0.983050847458
1.1
1.21666666667
0.383333333333
0.616666666667
0.116666666667
0.389830508475
0.55
1.05
1.7
0.2
1.01694915254
0.7
0.833333333333
1.2
0.966666666667
0.0
0.932203389831
0.775862068966
--END OF 11--
0.0
0.0
0.433333333333
0.566666666667
0.783333333333
0.216666666667
0.0
0.508474576271
0.0
0.316666666667
0.183333333333
0.383333333333
0.833333333333
0.28813559322
0.0
0.1
0.4
0.5
0.0
0.508474576271
0.566666666667
0.5
0.0
0.0
0.0
0.0
0.0
0.0
0.766666666667
0.233333333333
0.0
0.0
0.0
0.0
0.35
0.64406779661
0.0166666666667
0.683333333333
0.316666666667
0.0
0.0
0.0
0.116666666667
0.383333333333
0.366666666667
0.133333333333
0.0
0.0
0.0
0.0
0.8
0.2
0.508474576271
0.233333333333
0.133333333333
0.366666666667
0.5
0.0
0.0
0.0
--END OF 12--
