27.6166666667
26.8666666667
27.9
28.8644067797
26.3
26.3333333333
27.25
27.8166666667
28.5166666667
27.8305084746
28.5333333333
28.0833333333
28.65
29.85
27.7666666667
29.1016949153
29.2666666667
28.8833333333
28.5666666667
30.1333333333
30.2166666667
29.3050847458
28.9
28.4
28.1666666667
29.05
28.6101694915
27.8166666667
28.85
28.65
29.35
28.85
29.0508474576
29.0666666667
29.0666666667
29.1166666667
29.0333333333
30.15
30.2881355932
27.0166666667
28.9666666667
27.8833333333
27.4
28.2881355932
30.2333333333
28.4833333333
29.9833333333
29.5166666667
28.9833333333
29.6440677966
29.0833333333
29.4833333333
29.35
28.35
28.7627118644
30.55
28.9333333333
30.4666666667
29.5
27.5306122449
--END OF 1--
38.8
39.7333333333
39.35
40.4576271186
37.55
38.7666666667
39.3666666667
39.7333333333
40.7333333333
40.406779661
40.8666666667
39.2666666667
42.6
41.0666666667
38.2166666667
42.0169491525
41.6166666667
41.5833333333
42.5166666667
42.3
44.1
42.6271186441
41.1
42.75
40.3333333333
40.25
41.4237288136
38.8666666667
40.75
42.05
41.0833333333
41.6
41.9152542373
42.4166666667
40.2833333333
41.6833333333
42.4833333333
41.5333333333
43.0508474576
39.75
42.6166666667
40.8666666667
39.35
39.9152542373
43.3666666667
41.8
43.1333333333
42.55
41.65
43.3559322034
41.8833333333
43.3166666667
41.3166666667
40.6
42.0847457627
43.85
41.8333333333
43.9
42.2
40.3673469388
--END OF 2--
40.8666666667
41.0333333333
40.3833333333
41.406779661
38.25
39.3166666667
40.0833333333
40.6
41.65
42.4576271186
41.8166666667
40.8666666667
42.9166666667
42.2833333333
39.6666666667
44.8474576271
42.9333333333
42.3
43.5
43.6833333333
45.8333333333
43.7457627119
42.0333333333
44.45
41.9666666667
41.9
44.3389830508
40.4
42.2166666667
43.8
42.1
42.9
43.9322033898
44.6333333333
41.6833333333
43.25
42.7333333333
43.5833333333
43.9152542373
41.2166666667
44.0666666667
42.5333333333
39.85
41.7796610169
44.4666666667
42.6166666667
44.6166666667
44.0833333333
43.25
45.1186440678
43.5333333333
44.7666666667
42.6166666667
41.7833333333
42.5593220339
46.35
43.5333333333
46.15
43.3666666667
41.3673469388
--END OF 3--
23.7166666667
23.35
24.2
24.813559322
23.45
23.0666666667
23.8
24.0833333333
24.3833333333
24.1016949153
24.5833333333
24.2333333333
24.7333333333
25.6
24.2333333333
25.0847457627
25.2166666667
24.8833333333
24.6166666667
25.7833333333
26.0
25.0677966102
24.9666666667
24.5666666667
24.2166666667
24.95
24.6610169492
24.0166666667
24.85
24.65
25.1833333333
24.9
24.8983050847
25.1166666667
25.0
24.8833333333
25.0333333333
25.75
25.7966101695
23.7666666667
25.05
24.2833333333
24.0
24.3898305085
25.6
24.6166666667
25.85
25.4666666667
24.9833333333
25.593220339
24.9833333333
25.0666666667
25.0666666667
24.5166666667
24.8644067797
26.0
24.7833333333
25.8833333333
25.4
23.5918367347
--END OF 4--
34.6666666667
35.1666666667
35.2
36.1355932203
34.4
34.9333333333
35.1666666667
35.6333333333
35.95
36.0847457627
36.25
35.2333333333
37.4
36.3666666667
34.7166666667
37.0677966102
36.7666666667
36.6833333333
37.2666666667
37.1666666667
38.3666666667
37.1016949153
36.3166666667
37.2
35.8833333333
35.95
36.5423728814
35.1
36.1333333333
37.05
36.4333333333
36.6166666667
37.0169491525
37.3166666667
35.9333333333
36.8666666667
37.2
36.6333333333
37.4915254237
35.6166666667
37.3166666667
36.3666666667
35.45
35.813559322
37.7833333333
36.6333333333
37.75
37.4
36.8
37.8305084746
36.8
37.6333333333
36.25
35.9833333333
37.0169491525
38.15
36.7333333333
38.0333333333
37.1666666667
35.693877551
--END OF 5--
40.5833333333
41.0333333333
40.3833333333
41.3559322034
38.25
39.3166666667
40.0833333333
40.6
41.4666666667
42.406779661
41.8166666667
40.8666666667
42.9166666667
42.2833333333
39.6666666667
44.4576271186
42.7166666667
42.2333333333
43.4
43.5166666667
45.2166666667
43.3898305085
41.8833333333
43.8666666667
41.9666666667
41.85
44.1525423729
40.4
42.2166666667
43.55
42.1
42.75
43.7966101695
44.3666666667
41.6833333333
43.1
42.7166666667
43.4833333333
43.813559322
41.2166666667
43.7
42.5333333333
39.85
41.7796610169
44.0666666667
42.5666666667
44.25
43.9333333333
43.15
44.6610169492
43.4666666667
44.25
42.4833333333
41.6
42.5084745763
45.7
43.1833333333
45.3333333333
43.2666666667
41.3673469388
--END OF 6--
5082.55
5022.35
5099.45
5152.52542373
4845.45
4932.35
5125.0
5063.6
5256.5
5128.06779661
5317.25
5143.2
5309.4
5337.55
4997.3
5360.08474576
5273.5
5253.6
5283.75
5569.15
5443.75
5367.05084746
5377.75
5266.0
5072.35
5202.3
5225.74576271
5115.55
5329.6
5301.15
5316.7
5339.25
5277.25423729
5285.75
5242.8
5326.6
5287.3
5424.0
5643.05084746
4996.4
5247.9
5129.3
5087.1
5178.30508475
5516.4
5144.15
5428.7
5448.55
5340.15
5280.45762712
5405.45
5433.25
5436.75
5248.8
5364.0
5633.85
5290.05
5607.3
5502.65
5230.34693878
--END OF 7--
1445.93333333
1416.73333333
1427.58333333
1454.22033898
1359.75
1394.88333333
1423.2
1429.75
1478.55
1446.83050847
1478.16666667
1440.96666667
1480.4
1492.25
1401.11666667
1504.57627119
1477.3
1485.13333333
1471.8
1535.3
1543.78333333
1510.23728814
1490.65
1489.95
1452.65
1471.4
1464.54237288
1411.91666667
1486.53333333
1473.31666667
1490.26666667
1479.2
1484.44067797
1487.46666667
1457.4
1496.06666667
1509.85
1520.11666667
1575.30508475
1402.9
1486.88333333
1447.88333333
1419.05
1453.45762712
1557.31666667
1439.66666667
1539.61666667
1520.4
1483.08333333
1495.28813559
1508.3
1533.51666667
1515.55
1473.58333333
1503.10169492
1572.75
1515.95
1570.81666667
1523.65
1472.26530612
--END OF 8--
222.016666667
239.583333333
237.2
251.898305085
242.0
240.1
250.783333333
234.966666667
246.066666667
251.355932203
260.816666667
234.666666667
262.933333333
255.016666667
221.466666667
246.06779661
263.816666667
259.55
263.433333333
253.016666667
276.783333333
280.983050847
258.95
285.533333333
254.366666667
250.75
253.525423729
221.8
254.95
272.7
248.016666667
241.9
256.288135593
265.566666667
251.033333333
250.766666667
257.25
233.566666667
243.610169492
263.9
260.333333333
252.633333333
251.4
226.457627119
270.933333333
268.066666667
255.166666667
246.6
247.9
267.016949153
254.666666667
276.1
254.233333333
261.4
267.593220339
271.95
250.95
259.133333333
266.1
231.795918367
--END OF 9--
12.1666666667
11.4333333333
11.1
8.67796610169
7.25
7.45
7.73333333333
10.35
10.25
11.813559322
9.35
10.5833333333
12.7333333333
11.85
8.31666666667
16.5762711864
11.7666666667
10.35
14.05
9.3
11.2
8.35593220339
10.6333333333
13.9166666667
11.2666666667
7.2
12.6101694915
10.95
8.61666666667
10.7833333333
10.0333333333
14.7166666667
12.186440678
14.2
9.9
12.75
9.43333333333
14.1833333333
11.0508474576
9.55
14.6333333333
10.9
6.4
12.8983050847
9.35
11.0833333333
12.45
15.1
12.4
14.9322033898
10.3166666667
10.7666666667
10.5333333333
11.0833333333
7.74576271186
14.9
12.6
15.6166666667
8.4
15.8367346939
--END OF 10--
2.91666666667
2.01666666667
1.85
0.983050847458
0.25
0.783333333333
1.23333333333
1.0
0.8
2.89830508475
0.85
2.0
0.366666666667
1.21666666667
2.2
4.84745762712
1.01666666667
0.7
0.866666666667
1.43333333333
2.81666666667
1.62711864407
1.15
2.18333333333
2.45
2.65
3.91525423729
2.28333333333
1.36666666667
2.41666666667
1.66666666667
1.61666666667
2.91525423729
2.48333333333
2.18333333333
1.36666666667
0.0666666666667
2.75
0.864406779661
1.63333333333
1.48333333333
1.85
0.4
1.52542372881
1.0
1.33333333333
2.01666666667
2.01666666667
1.98333333333
2.40677966102
2.61666666667
2.26666666667
1.38333333333
2.18333333333
0.813559322034
2.05
1.75
2.36666666667
0.833333333333
1.20408163265
--END OF 11--
0.0
0.516666666667
0.616666666667
0.0
0.0
0.0
0.0
0.5
0.166666666667
0.542372881356
0.0
0.0
0.0
0.333333333333
0.566666666667
0.220338983051
0.0166666666667
0.5
0.366666666667
0.133333333333
0.3
0.0
0.0
0.0
0.0
0.15
0.898305084746
0.0
0.0
0.0
0.0
0.0
0.372881355932
0.3
0.5
0.616666666667
0.0166666666667
0.916666666667
0.237288135593
0.6
0.516666666667
0.466666666667
0.0
0.0
0.466666666667
0.0
0.0
0.533333333333
0.0833333333333
1.15254237288
0.933333333333
0.116666666667
0.4
0.0
0.101694915254
0.75
0.95
1.16666666667
0.2
0.0
--END OF 12--
