11.2833333333
11.5762711864
11.35
10.65
11.9333333333
11.2166666667
11.55
11.4237288136
11.2333333333
11.5
11.1166666667
11.9666666667
12.2833333333
12.0338983051
11.7666666667
11.3166666667
11.7
10.55
10.2166666667
9.4406779661
9.61666666667
11.45
11.7166666667
11.0666666667
11.0508474576
10.4
10.8833333333
11.7333333333
11.75
11.0677966102
12.3333333333
11.0166666667
10.6333333333
10.2333333333
10.95
11.186440678
10.8833333333
10.9833333333
10.0666666667
11.0166666667
11.0833333333
10.9491525424
11.5833333333
12.3
11.85
11.5
11.7118644068
11.5
10.8666666667
10.8166666667
10.6833333333
10.2
11.1355932203
11.1
10.8166666667
11.3333333333
11.9833333333
11.5833333333
10.406779661
11.2631578947
--END OF 1--
16.2833333333
16.0508474576
15.3333333333
14.35
16.2833333333
16.2166666667
15.7333333333
16.5084745763
15.75
15.9333333333
16.1166666667
16.7166666667
16.7333333333
16.7288135593
16.5
14.75
15.3
14.6166666667
14.2333333333
13.9661016949
13.5
14.9166666667
16.4666666667
15.85
17.6610169492
14.9
14.7333333333
16.0333333333
16.75
15.8305084746
17.4333333333
15.4666666667
15.0
16.0833333333
15.8
15.5084745763
15.3333333333
15.0333333333
13.8
14.0833333333
16.15
16.0338983051
15.6833333333
16.6
16.7
15.5
16.2542372881
16.6
15.5666666667
14.9333333333
14.9333333333
15.5166666667
16.3898305085
16.1166666667
15.0
15.8666666667
15.1
16.5333333333
14.406779661
16.0526315789
--END OF 2--
16.8833333333
17.1186440678
15.65
15.8333333333
16.8333333333
16.3833333333
16.4666666667
17.1186440678
16.3
16.35
16.7666666667
17.4166666667
17.3833333333
16.9830508475
16.85
16.0833333333
16.15
14.8166666667
15.1
14.3728813559
13.95
15.0666666667
16.9166666667
16.3166666667
17.8983050847
15.25
15.3333333333
17.2333333333
16.85
16.186440678
17.5333333333
16.4166666667
15.0833333333
16.8333333333
16.75
17.0338983051
15.6666666667
15.95
14.0333333333
14.0833333333
17.2666666667
17.2033898305
16.9833333333
17.25
17.05
15.8
16.5084745763
17.3833333333
15.8833333333
15.1333333333
15.2666666667
16.1833333333
16.6949152542
16.3666666667
15.6166666667
16.0
15.3333333333
17.2166666667
14.8983050847
17.0
--END OF 3--
11.2833333333
11.5762711864
11.35
10.65
11.9333333333
11.2166666667
11.55
11.4237288136
11.2333333333
11.5
11.1166666667
11.9666666667
12.2833333333
12.0338983051
11.7666666667
11.3166666667
11.7
10.55
10.2166666667
9.4406779661
9.61666666667
11.45
11.7166666667
11.0666666667
11.0508474576
10.4
10.8833333333
11.7333333333
11.75
11.0677966102
12.3333333333
11.0166666667
10.6333333333
10.2333333333
10.95
11.186440678
10.8833333333
10.9833333333
10.0666666667
11.0166666667
11.0833333333
10.9491525424
11.5833333333
12.3
11.85
11.5
11.7118644068
11.5
10.8666666667
10.8166666667
10.6833333333
10.2
11.1355932203
11.1
10.8166666667
11.3333333333
11.9833333333
11.5833333333
10.406779661
11.2631578947
--END OF 4--
16.2833333333
16.0508474576
15.3333333333
14.35
16.2833333333
16.2166666667
15.7333333333
16.5084745763
15.75
15.9333333333
16.1166666667
16.7166666667
16.7333333333
16.7288135593
16.5
14.75
15.3
14.6166666667
14.2333333333
13.9661016949
13.5
14.9166666667
16.4666666667
15.85
17.6610169492
14.9
14.7333333333
16.0333333333
16.75
15.8305084746
17.4333333333
15.4666666667
15.0
16.0833333333
15.8
15.5084745763
15.3333333333
15.0333333333
13.8
14.0833333333
16.15
16.0338983051
15.6833333333
16.6
16.7
15.5
16.2542372881
16.6
15.5666666667
14.9333333333
14.9333333333
15.5166666667
16.3898305085
16.1166666667
15.0
15.8666666667
15.1
16.5333333333
14.406779661
16.0526315789
--END OF 5--
16.8833333333
17.1186440678
15.65
15.8333333333
16.8333333333
16.3833333333
16.4666666667
17.1186440678
16.3
16.35
16.7666666667
17.4166666667
17.3833333333
16.9830508475
16.85
16.0833333333
16.15
14.8166666667
15.1
14.3728813559
13.95
15.0666666667
16.9166666667
16.3166666667
17.8983050847
15.25
15.3333333333
17.2333333333
16.85
16.186440678
17.5333333333
16.4166666667
15.0833333333
16.8333333333
16.75
17.0338983051
15.6666666667
15.95
14.0333333333
14.0833333333
17.2666666667
17.2033898305
16.9833333333
17.25
17.05
15.8
16.5084745763
17.3833333333
15.8833333333
15.1333333333
15.2666666667
16.1833333333
16.6949152542
16.3666666667
15.6166666667
16.0
15.3333333333
17.2166666667
14.8983050847
17.0
--END OF 6--
2152.65
2190.3559322
2160.55
2156.8
2277.95
2231.3
2262.6
2318.49152542
2252.85
2257.6
2196.3
2230.35
2357.1
2214.86440678
2295.15
2157.25
2203.05
2149.3
2124.85
2041.3220339
2020.85
2157.4
2309.15
2146.45
2220.91525424
2174.85
2044.2
2179.35
2227.05
2174.89830508
2257.35
2183.5
2216.8
2100.35
2202.9
2153.03389831
2110.85
2162.35
2037.8
2059.15
2139.5
2137.27118644
2175.9
2300.85
2302.8
2194.5
2192.23728814
2189.4
2156.9
2159.05
2075.3
2159.4
2140.93220339
2163.8
2088.45
2194.15
2185.75
2211.2
2095.52542373
2184.47368421
--END OF 7--
606.483333333
626.033898305
602.216666667
607.633333333
635.183333333
609.166666667
630.35
635.237288136
610.766666667
614.55
605.8
620.05
665.6
626.525423729
635.116666667
602.616666667
613.583333333
594.0
571.566666667
557.949152542
560.883333333
592.033333333
627.733333333
599.133333333
612.813559322
587.3
576.05
617.3
617.4
604.745762712
649.1
602.5
608.833333333
604.533333333
611.65
593.93220339
572.716666667
581.483333333
563.383333333
569.5
603.883333333
602.355932203
616.15
650.15
654.7
603.45
616.016949153
611.8
586.583333333
602.166666667
586.333333333
595.166666667
616.576271186
602.433333333
567.133333333
599.916666667
608.983333333
626.75
555.016949153
599.403508772
--END OF 8--
97.6
91.186440678
87.1333333333
94.0
94.45
97.1166666667
87.4833333333
100.406779661
85.8
98.9666666667
105.9
109.35
96.25
105.966101695
106.3
79.45
90.2666666667
90.2
89.8833333333
93.2881355932
86.2333333333
82.0
85.3
92.8166666667
117.983050847
96.2
81.8
99.35
104.65
97.3898305085
107.783333333
94.9666666667
92.3333333333
104.783333333
99.7833333333
95.8983050847
89.9
87.05
81.9166666667
82.5166666667
99.95
110.220338983
96.25
91.05
93.9
92.55
97.9152542373
107.133333333
104.083333333
91.4333333333
110.3
106.433333333
99.2542372881
105.35
86.9333333333
101.416666667
79.2
106.966666667
97.9830508475
95.6842105263
--END OF 9--
4.65
4.79661016949
2.88333333333
3.45
3.75
3.45
3.6
2.86440677966
4.88333333333
3.15
4.6
4.25
3.6
1.93220338983
2.55
5.53333333333
6.08333333333
3.55
3.7
2.76271186441
2.45
2.56666666667
4.81666666667
3.18333333333
5.49152542373
3.8
4.4
6.05
3.9
3.62711864407
4.85
6.63333333333
2.8
5.73333333333
5.0
4.76271186441
4.35
3.75
2.28333333333
1.98333333333
7.26666666667
4.81355932203
4.15
2.65
3.25
2.6
1.25423728814
6.31666666667
4.33333333333
1.18333333333
2.25
4.58333333333
4.30508474576
3.13333333333
3.48333333333
2.83333333333
3.33333333333
3.75
1.93220338983
4.85964912281
--END OF 10--
0.8
1.74576271186
0.333333333333
1.66666666667
0.5
0.516666666667
0.483333333333
1.06779661017
1.0
0.15
0.5
0.05
0.9
0.542372881356
0.316666666667
1.98333333333
0.883333333333
0.466666666667
0.866666666667
0.0
0.5
0.266666666667
0.733333333333
0.5
0.406779661017
0.45
1.2
0.95
0.35
0.491525423729
0.0
2.0
0.0833333333333
1.48333333333
1.65
2.08474576271
0.75
1.5
0.283333333333
0.0
1.7
1.47457627119
1.55
1.0
0.6
0.55
0.35593220339
0.833333333333
0.166666666667
0.5
0.483333333333
1.51666666667
0.322033898305
0.183333333333
0.5
0.216666666667
0.716666666667
1.08333333333
0.847457627119
1.63157894737
--END OF 11--
0.5
0.508474576271
0.216666666667
0.283333333333
0.0
0.0
0.0
0.0
0.05
0.15
0.5
0.0
0.0
0.0
0.0833333333333
0.416666666667
0.0
0.0
0.5
0.0
0.0
0.0
0.0
0.0
0.0
0.35
0.15
0.5
0.0
0.0
0.0
0.0
0.0
0.0
0.0
0.474576271186
0.0333333333333
0.5
0.0
0.0
0.0
0.406779661017
0.1
0.0
0.0
0.15
0.35593220339
0.5
0.0
0.0
0.483333333333
0.0166666666667
0.0
0.0
0.5
0.0
0.166666666667
0.333333333333
0.35593220339
0.526315789474
--END OF 12--
