9.3
10.85
10.95
9.7
10.1694915254
10.1833333333
10.2666666667
10.0166666667
10.5
10.3333333333
10.186440678
10.25
10.3333333333
10.6
9.31666666667
8.63333333333
10.2033898305
10.0
9.95
10.85
10.8833333333
10.3898305085
9.4
9.35
10.7833333333
10.65
9.83050847458
11.4833333333
10.6666666667
10.8833333333
10.75
10.593220339
10.1333333333
10.7833333333
10.2833333333
9.2
9.83050847458
10.0666666667
9.3
10.8666666667
10.7
9.18644067797
9.51666666667
9.88333333333
10.6833333333
10.35
9.37288135593
9.4
9.81666666667
9.53333333333
10.35
10.0338983051
9.5
10.5666666667
10.1333333333
9.45
10.55
9.1186440678
9.23333333333
9.625
--END OF 1--
13.05
14.0
14.35
12.75
13.5762711864
13.15
13.6166666667
13.6333333333
13.2333333333
12.9166666667
13.9322033898
12.7333333333
14.6333333333
14.0
12.8666666667
12.3666666667
13.2542372881
13.6666666667
13.15
14.1
13.8833333333
13.6440677966
12.4833333333
12.7166666667
14.85
13.4333333333
12.8305084746
16.0666666667
14.1
15.3166666667
14.8
14.5762711864
13.4833333333
14.7833333333
13.7333333333
12.5
12.6610169492
12.9333333333
13.4333333333
13.3
13.2
12.813559322
12.6833333333
13.6333333333
13.5833333333
13.5166666667
11.8983050847
12.05
12.3166666667
12.3333333333
13.8
12.9830508475
12.4
13.3333333333
12.9166666667
11.6166666667
13.45
12.6101694915
12.9
12.6964285714
--END OF 2--
13.15
14.5
15.1
13.6
14.0338983051
13.9
13.8666666667
14.9
13.8166666667
14.2166666667
14.7966101695
13.55
15.3833333333
14.6833333333
14.0
13.4
13.9152542373
14.4
13.9
14.3
14.8833333333
13.9322033898
12.65
13.65
15.7
14.0
13.2711864407
16.6333333333
14.25
16.3833333333
16.45
16.2372881356
14.3333333333
15.8333333333
15.1833333333
12.7
13.4576271186
13.1
13.4333333333
13.7166666667
13.8166666667
13.2033898305
12.8666666667
13.7833333333
14.2833333333
14.6
12.9322033898
13.05
12.8666666667
12.4833333333
14.15
13.0847457627
12.4
13.9333333333
12.9166666667
12.1833333333
14.95
13.1186440678
14.2666666667
13.9464285714
--END OF 3--
9.3
10.85
10.95
9.7
10.1694915254
10.1833333333
10.2666666667
10.0166666667
10.5
10.3333333333
10.186440678
10.25
10.3333333333
10.6
9.31666666667
8.63333333333
10.2033898305
10.0
9.95
10.85
10.8833333333
10.3898305085
9.4
9.35
10.7833333333
10.65
9.83050847458
11.4833333333
10.6666666667
10.8833333333
10.75
10.593220339
10.1333333333
10.7833333333
10.2833333333
9.2
9.83050847458
10.0666666667
9.3
10.8666666667
10.7
9.18644067797
9.51666666667
9.88333333333
10.6833333333
10.35
9.37288135593
9.4
9.81666666667
9.53333333333
10.35
10.0338983051
9.5
10.5666666667
10.1333333333
9.45
10.55
9.1186440678
9.23333333333
9.625
--END OF 4--
13.05
14.0
14.35
12.75
13.5762711864
13.15
13.6166666667
13.6333333333
13.2333333333
12.9166666667
13.9322033898
12.7333333333
14.6333333333
14.0
12.8666666667
12.3666666667
13.2542372881
13.6666666667
13.15
14.1
13.8833333333
13.6440677966
12.4833333333
12.7166666667
14.85
13.4333333333
12.8305084746
16.0666666667
14.1
15.3166666667
14.8
14.5762711864
13.4833333333
14.7833333333
13.7333333333
12.5
12.6610169492
12.9333333333
13.4333333333
13.3
13.2
12.813559322
12.6833333333
13.6333333333
13.5833333333
13.5166666667
11.8983050847
12.05
12.3166666667
12.3333333333
13.8
12.9830508475
12.4
13.3333333333
12.9166666667
11.6166666667
13.45
12.6101694915
12.9
12.6964285714
--END OF 5--
13.15
14.5
15.1
13.6
14.0338983051
13.9
13.8666666667
14.9
13.8166666667
14.2166666667
14.7966101695
13.55
15.3833333333
14.6833333333
14.0
13.4
13.9152542373
14.4
13.9
14.3
14.8833333333
13.9322033898
12.65
13.65
15.7
14.0
13.2711864407
16.6333333333
14.25
16.3833333333
16.45
16.2372881356
14.3333333333
15.8333333333
15.1833333333
12.7
13.4576271186
13.1
13.4333333333
13.7166666667
13.8166666667
13.2033898305
12.8666666667
13.7833333333
14.2833333333
14.6
12.9322033898
13.05
12.8666666667
12.4833333333
14.15
13.0847457627
12.4
13.9333333333
12.9166666667
12.1833333333
14.95
13.1186440678
14.2666666667
13.9464285714
--END OF 6--
1915.05
2035.05
2082.6
1949.55
1997.03389831
2001.25
2070.4
2010.75
2095.5
1932.75
1999.83050847
2010.25
2095.5
2076.4
1925.15
1794.9
1999.01694915
2003.7
1951.5
2016.9
2088.15
2043.50847458
1961.55
1929.25
2080.2
2081.05
2010.55932203
2224.8
2086.75
2158.5
2165.0
2115.91525424
2001.15
2127.9
2000.85
1867.8
1951.52542373
1919.95
1880.1
2030.65
1977.85
1927.83050847
1909.5
2020.6
2038.4
1949.15
1874.94915254
1851.6
1891.65
1978.5
1985.25
1953.81355932
1875.3
1945.8
1984.6
1873.25
1994.75
1843.11864407
1927.65
1878.42857143
--END OF 7--
508.25
570.05
576.95
526.7
540.491525424
555.3
558.1
549.416666667
580.383333333
543.866666667
566.627118644
545.383333333
566.183333333
563.45
528.016666667
491.3
561.93220339
549.65
539.1
564.95
596.4
559.559322034
529.716666667
525.166666667
573.4
569.9
549.084745763
612.383333333
568.183333333
594.85
572.116666667
564.440677966
545.95
590.8
559.95
515.4
536.305084746
542.4
518.333333333
568.2
550.533333333
527.406779661
536.016666667
552.283333333
578.733333333
548.966666667
511.474576271
508.1
526.1
529.3
562.0
530.881355932
508.166666667
555.283333333
554.4
517.9
556.0
501.491525424
520.3
517.75
--END OF 8--
66.1
65.35
70.85
64.55
69.6101694915
69.3333333333
74.1
76.3333333333
61.1666666667
67.85
86.7796610169
61.9
81.2166666667
69.9166666667
65.5166666667
74.8333333333
52.8983050847
77.9833333333
71.35
73.2
68.05
74.8474576271
71.1333333333
72.2166666667
83.6833333333
60.25
52.9322033898
76.65
76.65
80.1333333333
90.2166666667
92.2542372881
69.05
81.5
70.3
68.8
66.6949152542
60.8666666667
79.8333333333
64.2166666667
74.15
83.9491525424
71.9166666667
72.85
68.4
77.9833333333
67.3728813559
66.35
62.4
61.45
76.45
64.2203389831
68.1166666667
63.2333333333
62.7833333333
59.3833333333
66.75
69.0677966102
81.3166666667
71.125
--END OF 9--
3.7
5.1
5.95
2.6
3.37288135593
1.86666666667
1.86666666667
5.91666666667
2.75
4.33333333333
2.96610169492
3.45
4.43333333333
4.38333333333
4.18333333333
3.13333333333
3.5593220339
4.53333333333
3.0
2.15
3.4
2.72881355932
1.1
2.63333333333
5.43333333333
3.53333333333
2.22033898305
4.9
2.48333333333
7.41666666667
5.5
5.08474576271
5.0
5.4
3.55
2.6
3.20338983051
2.51666666667
2.33333333333
2.4
2.43333333333
2.4406779661
2.28333333333
3.4
2.4
4.86666666667
2.25423728814
3.95
2.55
1.35
2.0
3.25423728814
1.88333333333
2.55
1.86666666667
2.06666666667
5.68333333333
4.71186440678
3.98333333333
3.32142857143
--END OF 10--
0.1
0.45
0.6
1.05
0.881355932203
0.883333333333
0.283333333333
2.2
1.03333333333
1.83333333333
0.966101694915
1.21666666667
1.48333333333
1.3
1.81666666667
1.38333333333
0.661016949153
1.08333333333
0.8
0.5
1.0
0.491525423729
0.0166666666667
1.53333333333
1.5
1.16666666667
0.677966101695
0.9
0.166666666667
1.25
2.6
1.20338983051
1.6
1.65
2.05
0.25
1.32203389831
0.45
0.0
0.616666666667
0.966666666667
0.491525423729
0.433333333333
0.5
1.06666666667
1.36666666667
1.64406779661
1.0
0.45
0.05
0.45
0.440677966102
0.0666666666667
1.0
0.0
0.516666666667
2.13333333333
0.983050847458
1.66666666667
1.51785714286
--END OF 11--
0.05
0.45
0.5
0.0
0.203389830508
0.0
0.0
0.5
0.0
0.0
0.0
0.0
0.0
0.0
0.0
0.5
0.508474576271
0.0
0.0
0.0
0.0
0.491525423729
0.0166666666667
0.0333333333333
0.566666666667
0.0
0.542372881356
0.466666666667
0.0
0.416666666667
1.1
0.898305084746
0.1
0.45
1.05
0.0
0.491525423729
0.0166666666667
0.0
0.333333333333
0.166666666667
0.0
0.0
0.0
0.0
0.0
0.0
0.0
0.0
0.0
0.0
0.0
0.0
0.0
0.0
0.283333333333
1.1
0.118644067797
0.5
0.678571428571
--END OF 12--
