6.33333333333
6.65
6.4
7.18644067797
6.61666666667
6.36666666667
6.76666666667
6.01666666667
6.0
6.89830508475
7.2
6.53333333333
6.65
6.51666666667
5.50847457627
6.5
5.95
6.65
6.11666666667
6.72881355932
6.6
6.81666666667
6.88333333333
7.01666666667
6.52542372881
6.61666666667
6.51666666667
6.26666666667
7.1
5.8813559322
6.08333333333
7.23333333333
6.63333333333
6.73333333333
6.10169491525
6.0
6.63333333333
6.88333333333
5.84745762712
6.7
6.06666666667
5.5
5.58333333333
6.18644067797
5.65
5.31666666667
6.65
6.88333333333
6.59322033898
5.95
5.85
5.95
6.23333333333
5.25423728814
5.28333333333
5.5
5.9
6.10169491525
6.05
6.21052631579
--END OF 1--
9.08333333333
8.9
8.2
9.0
9.03333333333
8.15
8.6
8.08333333333
7.65
8.47457627119
9.55
8.8
8.7
9.3
7.96610169492
8.75
8.3
8.95
8.06666666667
8.42372881356
9.13333333333
8.7
9.16666666667
10.0333333333
9.37288135593
9.05
8.83333333333
8.31666666667
8.96666666667
8.15254237288
8.73333333333
9.08333333333
9.41666666667
8.88333333333
8.0
7.96666666667
8.76666666667
8.85
9.01694915254
9.23333333333
7.88333333333
7.36666666667
7.28333333333
8.20338983051
7.7
8.21666666667
8.45
9.13333333333
8.45762711864
7.98333333333
7.71666666667
8.01666666667
8.9
7.25423728814
7.78333333333
7.51666666667
8.33333333333
8.81355932203
7.75
7.91228070175
--END OF 2--
9.28333333333
8.9
8.55
10.1355932203
10.5333333333
8.58333333333
9.38333333333
9.56666666667
8.08333333333
9.05084745763
10.25
9.15
9.36666666667
10.5166666667
8.98305084746
10.1
10.55
9.1
8.86666666667
8.96610169492
10.1333333333
9.25
10.3166666667
10.5333333333
9.57627118644
9.05
9.48333333333
8.46666666667
9.13333333333
8.33898305085
8.98333333333
9.93333333333
10.1833333333
8.98333333333
8.89830508475
8.88333333333
8.76666666667
9.7
9.1186440678
9.23333333333
8.55
8.61666666667
8.4
8.62711864407
8.1
8.61666666667
9.45
10.5333333333
8.66101694915
8.46666666667
8.48333333333
8.45
9.3
8.38983050847
8.23333333333
8.71666666667
9.23333333333
9.67796610169
7.95
8.15789473684
--END OF 3--
6.33333333333
6.65
6.4
7.18644067797
6.61666666667
6.36666666667
6.76666666667
6.01666666667
6.0
6.89830508475
7.2
6.53333333333
6.65
6.51666666667
5.50847457627
6.5
5.95
6.65
6.11666666667
6.72881355932
6.6
6.81666666667
6.88333333333
7.01666666667
6.52542372881
6.61666666667
6.51666666667
6.26666666667
7.1
5.8813559322
6.08333333333
7.23333333333
6.63333333333
6.73333333333
6.10169491525
6.0
6.63333333333
6.88333333333
5.84745762712
6.7
6.06666666667
5.5
5.58333333333
6.18644067797
5.65
5.31666666667
6.65
6.88333333333
6.59322033898
5.95
5.85
5.95
6.23333333333
5.25423728814
5.28333333333
5.5
5.9
6.10169491525
6.05
6.21052631579
--END OF 4--
9.08333333333
8.9
8.2
9.0
9.03333333333
8.15
8.6
8.08333333333
7.65
8.47457627119
9.55
8.8
8.7
9.3
7.96610169492
8.75
8.3
8.95
8.06666666667
8.42372881356
9.13333333333
8.7
9.16666666667
10.0333333333
9.37288135593
9.05
8.83333333333
8.31666666667
8.96666666667
8.15254237288
8.73333333333
9.08333333333
9.41666666667
8.88333333333
8.0
7.96666666667
8.76666666667
8.85
9.01694915254
9.23333333333
7.88333333333
7.36666666667
7.28333333333
8.20338983051
7.7
8.21666666667
8.45
9.13333333333
8.45762711864
7.98333333333
7.71666666667
8.01666666667
8.9
7.25423728814
7.78333333333
7.51666666667
8.33333333333
8.81355932203
7.75
7.91228070175
--END OF 5--
9.28333333333
8.9
8.55
10.1355932203
10.5333333333
8.58333333333
9.38333333333
9.56666666667
8.08333333333
9.05084745763
10.25
9.15
9.36666666667
10.5166666667
8.98305084746
10.1
10.55
9.1
8.86666666667
8.96610169492
10.1333333333
9.25
10.3166666667
10.5333333333
9.57627118644
9.05
9.48333333333
8.46666666667
9.13333333333
8.33898305085
8.98333333333
9.93333333333
10.1833333333
8.98333333333
8.89830508475
8.88333333333
8.76666666667
9.7
9.1186440678
9.23333333333
8.55
8.61666666667
8.4
8.62711864407
8.1
8.61666666667
9.45
10.5333333333
8.66101694915
8.46666666667
8.48333333333
8.45
9.3
8.38983050847
8.23333333333
8.71666666667
9.23333333333
9.67796610169
7.95
8.15789473684
--END OF 6--
1344.45
1387.5
1312.05
1395.10169492
1362.25
1324.25
1440.0
1326.3
1305.1
1392.25423729
1450.15
1320.25
1360.35
1349.5
1261.3220339
1390.5
1252.35
1375.8
1348.05
1402.88135593
1374.15
1307.75
1391.6
1457.45
1342.62711864
1385.05
1359.3
1322.65
1476.0
1295.13559322
1299.3
1397.7
1403.65
1342.65
1365.81355932
1276.4
1376.7
1308.5
1237.37288136
1357.8
1398.3
1229.1
1226.65
1350.20338983
1288.35
1302.75
1283.25
1371.0
1366.47457627
1289.55
1275.0
1231.8
1265.0
1242.50847458
1250.45
1216.8
1273.8
1282.11864407
1243.35
1260.0
--END OF 7--
369.2
376.5
370.5
387.271186441
381.6
372.616666667
391.583333333
368.166666667
357.616666667
387.830508475
395.533333333
373.25
374.983333333
375.766666667
340.271186441
385.4
340.65
380.35
366.65
404.355932203
380.566666667
365.8
387.35
408.633333333
375.13559322
381.4
379.183333333
360.85
406.833333333
356.728813559
362.8
401.3
387.15
372.05
379.186440678
359.7
371.55
376.45
351.86440678
376.516666667
381.9
328.766666667
342.816666667
371.016949153
353.1
361.1
363.4
385.25
382.355932203
343.866666667
345.3
340.616666667
359.883333333
345.101694915
343.333333333
344.5
353.033333333
362.576271186
346.0
348.824561404
--END OF 8--
49.5
46.15
40.2
47.406779661
48.5833333333
45.6
49.4833333333
46.1333333333
36.8
45.8644067797
50.6166666667
48.3166666667
48.1166666667
58.8666666667
47.6610169492
50.5
48.25
53.15
46.5
42.6440677966
51.6333333333
45.8333333333
44.6
54.3166666667
55.1525423729
41.2
51.5333333333
40.95
37.1333333333
49.2372881356
48.85
39.65
50.6
52.95
42.1355932203
41.95
47.8166666667
42.5
47.6440677966
51.1
49.3833333333
37.75
36.3333333333
38.5254237288
34.65
47.7
47.85
49.35
42.6271186441
45.15
43.3333333333
49.1333333333
43.95
41.1186440678
47.7666666667
42.1833333333
47.05
45.6949152542
37.1
40.9649122807
--END OF 9--
3.05
2.2
0.95
3.42372881356
4.8
1.91666666667
4.45
4.16666666667
0.983333333333
1.37288135593
3.93333333333
3.38333333333
2.5
4.73333333333
3.93220338983
3.7
6.65
1.35
2.15
1.86440677966
4.41666666667
2.23333333333
3.78333333333
3.55
3.23728813559
2.83333333333
2.41666666667
1.76666666667
0.3
1.35593220339
3.0
3.3
5.48333333333
1.6
3.77966101695
2.16666666667
1.31666666667
2.75
4.38983050847
1.43333333333
3.01666666667
5.28333333333
3.38333333333
2.5593220339
2.5
3.05
3.35
6.35
1.81355932203
3.01666666667
1.65
1.96666666667
4.11666666667
2.96610169492
2.8
4.08333333333
4.7
3.8813559322
1.45
1.17543859649
--END OF 10--
0.0
0.0
0.5
1.84745762712
2.05
0.633333333333
1.33333333333
2.36666666667
0.8
0.983050847458
1.06666666667
0.733333333333
0.883333333333
1.81666666667
0.64406779661
1.8
3.3
0.3
0.75
0.593220338983
2.01666666667
0.933333333333
1.65
0.7
0.847457627119
0.0333333333333
0.166666666667
0.333333333333
0.216666666667
0.28813559322
0.15
0.8
1.26666666667
0.15
0.389830508475
0.616666666667
0.0
1.53333333333
0.474576271186
0.0166666666667
1.5
2.4
1.83333333333
0.762711864407
0.95
0.65
1.05
2.25
0.101694915254
0.833333333333
1.16666666667
0.783333333333
0.95
1.79661016949
0.766666666667
1.9
1.85
1.15254237288
0.5
0.40350877193
--END OF 11--
0.0
0.0
0.0
0.64406779661
0.366666666667
0.0
0.0
0.5
0.0
0.0
0.0
0.0
0.0
0.5
0.0
1.0
1.5
0.0
0.25
0.254237288136
0.0
0.0
0.433333333333
0.0666666666667
0.0
0.0
0.0
0.0
0.216666666667
0.28813559322
0.0
0.0
0.35
0.15
0.0
0.5
0.0
0.0
0.0
0.0
0.0
0.0
0.0
0.0
0.0
0.1
0.4
0.0
0.0
0.0
0.0
0.0
0.0
0.508474576271
0.0
0.166666666667
0.4
0.440677966102
0.05
0.245614035088
--END OF 12--
