14.6833333333
15.05
15.3666666667
15.5833333333
16.2203389831
15.25
16.7666666667
15.0333333333
14.8333333333
14.4833333333
15.4576271186
15.5833333333
15.2
16.5333333333
15.75
15.4833333333
15.6610169492
14.8833333333
15.4333333333
14.1166666667
15.1833333333
15.7796610169
15.25
15.1666666667
14.55
14.6
14.8
15.4576271186
15.1333333333
15.75
16.4
15.8333333333
17.4237288136
15.75
16.3
14.8333333333
16.2166666667
15.0
16.2166666667
15.55
16.7666666667
16.45
16.9
15.6949152542
15.4333333333
16.7166666667
16.15
16.85
17.0169491525
16.05
15.25
16.5
17.4166666667
18.4
17.7966101695
17.65
17.35
16.3833333333
16.7
16.2678571429
--END OF 1--
20.5333333333
20.2
21.2833333333
21.1333333333
21.186440678
19.9833333333
22.75
20.2833333333
21.3166666667
20.6
21.5762711864
21.95
20.6333333333
23.3666666667
21.7166666667
21.3
22.3050847458
20.6666666667
21.4
20.8666666667
21.0333333333
22.4745762712
21.4
21.05
20.5666666667
21.1
21.0333333333
21.9830508475
21.65
21.55
21.95
23.2333333333
24.2711864407
21.6
24.9166666667
21.2333333333
23.2166666667
21.7796610169
22.35
22.2666666667
23.2
22.2333333333
23.3666666667
22.3728813559
22.2833333333
25.2666666667
22.2333333333
23.2
25.0338983051
23.4
21.45
24.45
24.4666666667
23.8
24.1186440678
24.0833333333
24.7333333333
23.7333333333
22.7666666667
21.8392857143
--END OF 2--
21.8333333333
20.6
21.9833333333
22.2333333333
22.186440678
20.6833333333
22.7666666667
20.7833333333
21.8666666667
21.1666666667
22.2033898305
22.6
20.8333333333
23.9833333333
22.0833333333
22.2
23.2542372881
21.3833333333
22.5666666667
21.3666666667
21.1833333333
22.6440677966
21.8
21.35
21.5666666667
21.7166666667
21.55
22.9661016949
22.8666666667
22.3833333333
22.75
23.7666666667
25.1186440678
21.85
26.2833333333
22.2833333333
23.5666666667
23.5084745763
23.1833333333
23.3333333333
23.4333333333
22.7833333333
24.1666666667
24.7118644068
23.15
26.3666666667
23.0333333333
25.5833333333
25.8983050847
24.1
21.45
24.75
25.1166666667
24.6
25.0508474576
24.7833333333
25.4666666667
24.5
24.1666666667
23.4821428571
--END OF 3--
14.6833333333
15.05
15.3666666667
15.5833333333
16.2203389831
15.25
16.7666666667
15.0333333333
14.8333333333
14.4833333333
15.4576271186
15.5833333333
15.2
16.5333333333
15.75
15.4833333333
15.6610169492
14.8833333333
15.4333333333
14.1166666667
15.1833333333
15.7796610169
15.25
15.1666666667
14.55
14.6
14.8
15.4576271186
15.1333333333
15.75
16.4
15.8333333333
17.4237288136
15.75
16.3
14.8333333333
16.2166666667
15.0
16.2166666667
15.55
16.7666666667
16.45
16.9
15.6949152542
15.4333333333
16.7166666667
16.15
16.85
17.0169491525
16.05
15.25
16.5
17.4166666667
18.4
17.7966101695
17.65
17.35
16.3833333333
16.7
16.2678571429
--END OF 4--
20.5333333333
20.2
21.2833333333
21.1333333333
21.186440678
19.9833333333
22.75
20.2833333333
21.3166666667
20.6
21.5762711864
21.95
20.6333333333
23.3666666667
21.7166666667
21.3
22.3050847458
20.6666666667
21.4
20.8666666667
21.0333333333
22.4745762712
21.4
21.05
20.5666666667
21.1
21.0333333333
21.9830508475
21.65
21.55
21.95
23.2333333333
24.2711864407
21.6
24.9166666667
21.2333333333
23.2166666667
21.7796610169
22.35
22.2666666667
23.2
22.2333333333
23.3666666667
22.3728813559
22.2833333333
25.2666666667
22.2333333333
23.2
25.0338983051
23.4
21.45
24.45
24.4666666667
23.8
24.1186440678
24.0833333333
24.7333333333
23.7333333333
22.7666666667
21.8392857143
--END OF 5--
21.8333333333
20.6
21.9833333333
22.2333333333
22.186440678
20.6833333333
22.7666666667
20.7833333333
21.8666666667
21.1666666667
22.2033898305
22.6
20.8333333333
23.9833333333
22.0833333333
22.2
23.2542372881
21.3833333333
22.5666666667
21.3666666667
21.1833333333
22.6440677966
21.8
21.35
21.5666666667
21.7166666667
21.55
22.9661016949
22.8666666667
22.3833333333
22.75
23.7666666667
25.1186440678
21.85
26.2833333333
22.2833333333
23.5666666667
23.5084745763
23.1833333333
23.3333333333
23.4333333333
22.7833333333
24.1666666667
24.7118644068
23.15
26.3666666667
23.0333333333
25.5833333333
25.8983050847
24.1
21.45
24.75
25.1166666667
24.6
25.0508474576
24.7833333333
25.4666666667
24.5
24.1666666667
23.4821428571
--END OF 6--
2736.9
2792.55
2863.15
2854.35
3002.54237288
2824.4
3057.35
2855.9
2755.5
2723.2
2838.81355932
2915.8
2889.75
3055.95
2953.0
2915.75
3009.50847458
2859.6
2831.8
2643.75
2936.7
3020.84745763
2834.8
2834.5
2691.95
2787.4
2774.0
2904.81355932
2849.85
3003.8
3131.6
3091.7
3120.71186441
2832.0
3055.15
2858.25
3076.95
2885.69491525
3006.15
2918.8
3091.85
2975.85
3064.5
2971.57627119
2857.75
3158.3
2948.0
3110.2
3181.52542373
3007.95
2839.8
3091.5
3296.15
3201.15
3221.89830508
3209.55
3252.05
3118.75
3162.35
2905.17857143
--END OF 7--
774.2
770.0
792.866666667
798.45
827.983050847
790.35
871.65
800.366666667
785.55
766.75
810.06779661
828.6
786.1
858.816666667
820.866666667
823.183333333
839.254237288
791.333333333
800.883333333
739.7
815.9
851.152542373
811.333333333
793.133333333
748.9
780.916666667
781.716666667
814.728813559
812.9
834.083333333
864.083333333
870.666666667
885.440677966
797.0
856.816666667
789.0
870.0
810.423728814
856.216666667
821.833333333
867.35
843.95
866.666666667
829.881355932
818.883333333
899.766666667
829.5
887.433333333
893.389830508
842.8
795.85
871.2
907.166666667
919.5
902.0
916.083333333
915.016666667
876.683333333
875.616666667
836.464285714
--END OF 8--
130.1
124.55
123.233333333
124.85
113.271186441
107.983333333
126.75
115.0
135.783333333
123.716666667
124.610169492
130.016666667
123.5
138.883333333
119.416666667
140.966666667
129.254237288
123.15
131.8
138.4
125.75
125.355932203
134.05
131.816666667
123.666666667
129.383333333
126.433333333
130.694915254
127.883333333
133.816666667
128.616666667
143.6
140.830508475
134.5
160.416666667
122.2
140.0
141.169491525
122.716666667
143.916666667
136.783333333
129.983333333
126.916666667
136.457627119
138.666666667
152.966666667
135.683333333
134.716666667
152.542372881
140.7
125.6
150.4
149.05
131.7
144.372881356
132.066666667
156.266666667
141.15
130.716666667
124.821428571
--END OF 9--
5.0
3.65
5.0
6.35
7.15254237288
3.35
4.36666666667
3.16666666667
5.33333333333
3.9
2.89830508475
6.51666666667
4.28333333333
6.4
4.11666666667
3.93333333333
7.66101694915
6.73333333333
6.23333333333
4.15
3.65
5.83050847458
6.3
5.0
6.48333333333
6.0
8.2
6.50847457627
5.43333333333
5.31666666667
3.31666666667
5.1
6.69491525424
4.2
13.0166666667
7.55
6.65
9.0
5.48333333333
6.36666666667
3.85
4.55
8.5
11.0169491525
6.83333333333
8.56666666667
5.16666666667
7.26666666667
7.89830508475
9.55
3.35
6.45
6.16666666667
3.6
3.98305084746
5.4
8.86666666667
7.91666666667
8.91666666667
6.89285714286
--END OF 10--
1.85
0.5
1.05
1.95
1.20338983051
0.85
0.0166666666667
0.5
0.983333333333
1.0
1.06779661017
0.833333333333
0.0
1.01666666667
0.466666666667
0.883333333333
1.27118644068
0.716666666667
1.28333333333
0.55
0.0
0.237288135593
0.466666666667
0.383333333333
1.45
0.616666666667
0.4
1.40677966102
1.95
1.08333333333
1.16666666667
0.45
1.40677966102
0.5
1.05
1.45
0.2
2.72881355932
1.23333333333
1.08333333333
0.333333333333
0.383333333333
1.6
3.16949152542
1.03333333333
1.83333333333
0.8
2.43333333333
1.52542372881
0.0
0.0
0.5
0.883333333333
0.85
1.08474576271
1.43333333333
1.08333333333
0.966666666667
2.38333333333
1.625
--END OF 11--
0.85
0.15
0.0
0.5
0.508474576271
0.0
0.0
0.5
0.0
0.0
0.0
0.5
0.0
0.0
0.0
0.0
0.254237288136
0.25
0.483333333333
0.05
0.0
0.203389830508
0.0
0.0
0.333333333333
0.283333333333
0.316666666667
0.0
0.5
0.5
0.0166666666667
0.366666666667
0.389830508475
0.0
0.55
0.45
0.2
0.0
0.0
0.0
0.0
0.0
0.233333333333
0.779661016949
0.166666666667
0.133333333333
0.5
0.5
0.0
0.0
0.0
0.0
0.0
0.5
0.0
0.5
0.233333333333
0.266666666667
0.0
0.535714285714
--END OF 12--
