8.55
9.13333333333
9.4406779661
8.91666666667
8.6
8.28333333333
8.28333333333
9.33333333333
9.1
9.27118644068
9.2
8.73333333333
8.23333333333
9.28333333333
8.91525423729
9.05
7.96666666667
8.31666666667
9.15
8.8
9.15254237288
9.8
9.0
9.55
10.1
8.62711864407
9.03333333333
8.81666666667
8.7
9.0
9.57627118644
8.8
8.51666666667
8.76666666667
8.95
8.52542372881
8.35
8.45
8.95
9.0
8.08474576271
7.9
9.33333333333
9.2
9.35
8.83050847458
8.41666666667
9.63333333333
9.03333333333
8.66666666667
8.57627118644
9.28333333333
9.38333333333
9.13333333333
8.85
8.50847457627
8.61666666667
8.51666666667
9.13333333333
8.70689655172
--END OF 1--
11.05
12.0833333333
11.8305084746
11.8166666667
11.2
10.8333333333
10.7333333333
11.4333333333
10.85
12.4406779661
11.2166666667
10.9333333333
10.8166666667
11.7
10.7118644068
10.9
10.4
10.5833333333
11.7
10.65
11.3559322034
12.4
10.9
11.45
12.7
10.7966101695
11.2833333333
10.5333333333
11.1
11.0666666667
12.5762711864
11.4666666667
12.1666666667
10.8166666667
11.1
11.186440678
10.5
10.1
11.4
11.5
10.4576271186
10.35
11.9
11.9
11.4
11.3728813559
10.85
12.2333333333
11.2166666667
11.3
11.2711864407
12.5333333333
11.6833333333
10.9833333333
11.65
10.6101694915
10.9666666667
11.15
11.6333333333
11.7586206897
--END OF 2--
11.05
12.0833333333
12.4406779661
11.9666666667
11.55
11.0833333333
10.9833333333
11.4833333333
11.05
12.6271186441
11.6166666667
11.5166666667
11.2333333333
12.1
10.7118644068
10.9
10.4
10.6333333333
11.8666666667
11.0833333333
11.7118644068
12.8
10.9
11.95
13.35
11.6101694915
11.2833333333
10.7166666667
11.6166666667
11.4166666667
13.1525423729
12.4
12.95
11.5833333333
11.1
11.2881355932
10.6
10.4
11.4
11.95
10.5084745763
10.4
12.3
11.9
11.65
11.4237288136
11.3666666667
12.6833333333
11.9833333333
11.9666666667
11.7796610169
12.9833333333
12.1833333333
11.3833333333
12.15
10.7118644068
10.9666666667
11.5833333333
11.8
11.7586206897
--END OF 3--
8.55
9.13333333333
9.4406779661
8.91666666667
8.6
8.28333333333
8.28333333333
9.33333333333
9.1
9.27118644068
9.2
8.73333333333
8.23333333333
9.28333333333
8.91525423729
9.05
7.96666666667
8.31666666667
9.15
8.8
9.15254237288
9.8
9.0
9.55
10.1
8.62711864407
9.03333333333
8.81666666667
8.7
9.0
9.57627118644
8.8
8.51666666667
8.76666666667
8.95
8.52542372881
8.35
8.45
8.95
9.0
8.08474576271
7.9
9.33333333333
9.2
9.35
8.83050847458
8.41666666667
9.63333333333
9.03333333333
8.66666666667
8.57627118644
9.28333333333
9.38333333333
9.13333333333
8.85
8.50847457627
8.61666666667
8.51666666667
9.13333333333
8.70689655172
--END OF 4--
11.05
12.0833333333
11.8305084746
11.8166666667
11.2
10.8333333333
10.7333333333
11.4333333333
10.85
12.4406779661
11.2166666667
10.9333333333
10.8166666667
11.7
10.7118644068
10.9
10.4
10.5833333333
11.7
10.65
11.3559322034
12.4
10.9
11.45
12.7
10.7966101695
11.2833333333
10.5333333333
11.1
11.0666666667
12.5762711864
11.4666666667
12.1666666667
10.8166666667
11.1
11.186440678
10.5
10.1
11.4
11.5
10.4576271186
10.35
11.9
11.9
11.4
11.3728813559
10.85
12.2333333333
11.2166666667
11.3
11.2711864407
12.5333333333
11.6833333333
10.9833333333
11.65
10.6101694915
10.9666666667
11.15
11.6333333333
11.7586206897
--END OF 5--
11.05
12.0833333333
12.4406779661
11.9666666667
11.55
11.0833333333
10.9833333333
11.4833333333
11.05
12.6271186441
11.6166666667
11.5166666667
11.2333333333
12.1
10.7118644068
10.9
10.4
10.6333333333
11.8666666667
11.0833333333
11.7118644068
12.8
10.9
11.95
13.35
11.6101694915
11.2833333333
10.7166666667
11.6166666667
11.4166666667
13.1525423729
12.4
12.95
11.5833333333
11.1
11.2881355932
10.6
10.4
11.4
11.95
10.5084745763
10.4
12.3
11.9
11.65
11.4237288136
11.3666666667
12.6833333333
11.9833333333
11.9666666667
11.7796610169
12.9833333333
12.1833333333
11.3833333333
12.15
10.7118644068
10.9666666667
11.5833333333
11.8
11.7586206897
--END OF 6--
1735.65
1704.3
1819.98305085
1753.95
1794.0
1708.65
1788.9
1840.65
1774.95
1861.27118644
1748.7
1737.95
1667.8
1798.3
1758.50847458
1764.7
1706.75
1767.15
1869.45
1749.3
1771.11864407
1825.95
1686.6
1798.8
1927.35
1783.37288136
1828.55
1691.65
1720.95
1765.8
1789.01694915
1726.75
1710.65
1659.25
1711.25
1737.76271186
1643.7
1640.85
1794.3
1784.1
1651.62711864
1733.6
1786.15
1825.9
1781.6
1752.40677966
1635.1
1878.8
1788.45
1687.5
1709.49152542
1832.85
1791.6
1842.6
1764.75
1660.98305085
1727.2
1756.25
1769.6
1734.67241379
--END OF 7--
475.666666667
478.816666667
511.796610169
505.35
504.35
468.45
499.05
506.3
486.8
510.610169492
490.05
477.083333333
458.666666667
495.15
485.593220339
491.65
473.233333333
487.3
524.166666667
482.3
493.728813559
522.0
461.85
507.7
537.05
492.101694915
501.216666667
478.483333333
466.05
480.716666667
509.288135593
483.8
476.083333333
461.583333333
489.733333333
479.830508475
447.85
452.7
487.05
489.0
458.474576271
474.116666667
508.25
513.166666667
491.716666667
478.677966102
458.533333333
523.85
493.616666667
472.7
473.762711864
523.05
497.35
500.3
485.65
464.762711864
482.983333333
486.7
495.866666667
477.051724138
--END OF 8--
49.2333333333
63.9666666667
56.9152542373
53.4
59.75
56.45
53.5
47.75
51.4
73.0508474576
47.8666666667
48.0833333333
54.3833333333
57.0166666667
45.6101694915
50.8
54.9333333333
45.25
54.4833333333
50.9333333333
49.1016949153
55.9
59.85
49.1
65.9
49.1694915254
47.4833333333
43.8833333333
61.4833333333
48.0666666667
60.4406779661
55.0833333333
64.2666666667
56.05
56.9333333333
57.5762711864
47.95
46.2
56.5
57.35
53.6949152542
48.8833333333
51.5166666667
60.25
47.55
53.3220338983
63.0333333333
73.3833333333
47.7833333333
59.2333333333
62.2203389831
69.85
60.25
50.95
63.45
43.8813559322
56.8
55.5833333333
61.95
66.1379310345
--END OF 9--
1.81666666667
4.23333333333
2.84745762712
2.85
2.5
2.55
1.95
0.95
0.85
2.27118644068
3.35
2.25
2.33333333333
4.35
0.728813559322
0.0666666666667
0.933333333333
2.5
1.03333333333
1.13333333333
2.32203389831
2.5
1.0
1.7
3.15
2.23728813559
1.5
1.51666666667
1.46666666667
1.51666666667
3.4406779661
5.8
4.0
1.78333333333
0.766666666667
2.15254237288
3.15
0.5
1.35
2.85
2.15254237288
2.48333333333
2.83333333333
1.36666666667
2.01666666667
1.89830508475
1.63333333333
0.883333333333
2.73333333333
4.18333333333
2.8813559322
1.9
2.45
1.4
1.7
2.4406779661
0.983333333333
3.2
0.85
1.81034482759
--END OF 10--
0.0
0.0166666666667
0.796610169492
0.2
0.4
0.35
0.25
0.15
0.35
0.271186440678
0.433333333333
0.833333333333
0.733333333333
0.0
0.0
0.0
0.0
0.0
0.0
0.5
0.508474576271
0.0
0.0
0.75
0.75
1.01694915254
0.0
0.233333333333
0.75
0.516666666667
0.796610169492
1.68333333333
1.21666666667
0.816666666667
0.0
0.0
0.0
0.5
0.0
0.9
0.101694915254
0.0
0.0
0.0
0.383333333333
0.118644067797
1.01666666667
0.483333333333
1.13333333333
0.866666666667
0.864406779661
0.35
0.3
0.45
0.65
0.406779661017
0.0
0.333333333333
0.166666666667
0.0
--END OF 11--
0.0
0.0
0.0
0.0
0.0
0.25
0.25
0.0
0.0
0.0
0.0
0.5
0.0
0.0
0.0
0.0
0.0
0.0
0.0
0.0
0.0
0.0
0.0
0.0
0.0
0.508474576271
0.0
0.233333333333
0.266666666667
0.5
0.28813559322
0.716666666667
0.216666666667
0.283333333333
0.0
0.0
0.0
0.5
0.0
0.0
0.0
0.0
0.0
0.0
0.0
0.0
0.0
0.0
0.0
0.0
0.0
0.2
0.3
0.0
0.5
0.0
0.0
0.0
0.0
0.0
--END OF 12--
