17.45
17.7457627119
18.1333333333
18.2833333333
18.0666666667
16.6166666667
16.3
17.2033898305
17.4333333333
18.0333333333
17.1333333333
17.0333333333
16.15
17.1694915254
17.3666666667
18.0
16.85
17.2666666667
16.5833333333
17.5423728814
16.95
16.3
15.5666666667
16.6166666667
17.0
17.2203389831
15.8166666667
15.6166666667
17.3
17.1
16.5333333333
17.0338983051
15.6833333333
16.5833333333
17.05
16.7
18.0833333333
16.9322033898
16.0
17.05
16.2166666667
17.2166666667
16.186440678
15.7166666667
17.2333333333
16.3833333333
16.1
15.7333333333
15.8474576271
16.6833333333
17.0333333333
15.45
16.1333333333
16.4745762712
15.9166666667
17.2833333333
16.8166666667
16.75
16.2833333333
18.1052631579
--END OF 1--
22.0166666667
22.7966101695
22.9166666667
22.6
23.3333333333
20.65
20.7166666667
22.5593220339
21.4833333333
22.7333333333
21.0333333333
22.1833333333
20.35
20.8644067797
20.8833333333
22.0666666667
20.6166666667
21.6666666667
20.9333333333
22.1355932203
20.8833333333
20.6666666667
20.2
21.8333333333
22.2833333333
23.186440678
21.2166666667
19.3666666667
21.4
21.9
20.7333333333
22.4745762712
20.8166666667
20.3
22.2166666667
21.3
23.0
21.5084745763
20.75
22.1833333333
19.8333333333
20.7333333333
20.8813559322
19.6166666667
21.0333333333
21.2333333333
21.05
19.6833333333
19.9491525424
20.2333333333
20.8666666667
19.2333333333
20.5833333333
20.9322033898
20.1333333333
22.4833333333
21.9666666667
21.2166666667
19.8
23.0701754386
--END OF 2--
22.8
23.9152542373
24.4666666667
23.7833333333
24.85
21.6666666667
21.25
23.2542372881
22.1333333333
24.2833333333
22.2833333333
22.7333333333
20.9
21.6271186441
22.0666666667
22.8166666667
21.2166666667
22.5666666667
21.7833333333
22.5593220339
22.2333333333
21.5166666667
20.6
22.4833333333
22.6666666667
24.8983050847
22.3166666667
20.4166666667
22.25
22.8166666667
21.6833333333
23.186440678
20.9
22.0166666667
24.2
22.25
23.65
22.3898305085
21.3166666667
22.3666666667
21.2333333333
21.3333333333
21.6440677966
20.15
21.8833333333
22.2833333333
21.85
19.8333333333
20.9661016949
20.2833333333
21.6666666667
20.0
21.1833333333
21.8813559322
20.7166666667
23.0166666667
22.3333333333
21.3666666667
20.5666666667
23.9824561404
--END OF 3--
17.45
17.7457627119
18.1333333333
18.2833333333
18.0666666667
16.6166666667
16.3
17.2033898305
17.4333333333
18.0333333333
17.1333333333
17.0333333333
16.15
17.1694915254
17.3666666667
18.0
16.85
17.2666666667
16.5833333333
17.5423728814
16.95
16.3
15.5666666667
16.6166666667
17.0
17.2203389831
15.8166666667
15.6166666667
17.3
17.1
16.5333333333
17.0338983051
15.6833333333
16.5833333333
17.05
16.7
18.0833333333
16.9322033898
16.0
17.05
16.2166666667
17.2166666667
16.186440678
15.7166666667
17.2333333333
16.3833333333
16.1
15.7333333333
15.8474576271
16.6833333333
17.0333333333
15.45
16.1333333333
16.4745762712
15.9166666667
17.2833333333
16.8166666667
16.75
16.2833333333
18.1052631579
--END OF 4--
22.0166666667
22.7966101695
22.9166666667
22.6
23.3333333333
20.65
20.7166666667
22.5593220339
21.4833333333
22.7333333333
21.0333333333
22.1833333333
20.35
20.8644067797
20.8833333333
22.0666666667
20.6166666667
21.6666666667
20.9333333333
22.1355932203
20.8833333333
20.6666666667
20.2
21.8333333333
22.2833333333
23.186440678
21.2166666667
19.3666666667
21.4
21.9
20.7333333333
22.4745762712
20.8166666667
20.3
22.2166666667
21.3
23.0
21.5084745763
20.75
22.1833333333
19.8333333333
20.7333333333
20.8813559322
19.6166666667
21.0333333333
21.2333333333
21.05
19.6833333333
19.9491525424
20.2333333333
20.8666666667
19.2333333333
20.5833333333
20.9322033898
20.1333333333
22.4833333333
21.9666666667
21.2166666667
19.8
23.0701754386
--END OF 5--
22.8
23.9152542373
24.4666666667
23.7833333333
24.85
21.6666666667
21.25
23.2542372881
22.1333333333
24.2833333333
22.2833333333
22.7333333333
20.9
21.6271186441
22.0666666667
22.8166666667
21.2166666667
22.5666666667
21.7833333333
22.5593220339
22.2333333333
21.5166666667
20.6
22.4833333333
22.6666666667
24.8983050847
22.3166666667
20.4166666667
22.25
22.8166666667
21.6833333333
23.186440678
20.9
22.0166666667
24.2
22.25
23.65
22.3898305085
21.3166666667
22.3666666667
21.2333333333
21.3333333333
21.6440677966
20.15
21.8833333333
22.2833333333
21.85
19.8333333333
20.9661016949
20.2833333333
21.6666666667
20.0
21.1833333333
21.8813559322
20.7166666667
23.0166666667
22.3333333333
21.3666666667
20.5666666667
23.9824561404
--END OF 6--
3300.7
3369.66101695
3406.5
3384.1
3413.9
3116.85
3179.85
3266.94915254
3352.8
3484.5
3218.85
3260.1
3166.05
3292.52542373
3193.95
3357.8
3178.25
3167.7
3147.7
3356.18644068
3207.0
3096.3
3153.5
3280.8
3301.65
3297.20338983
3168.0
3041.7
3318.0
3237.8
3080.1
3202.52542373
3136.5
3186.1
3339.7
3256.15
3371.2
3195.20338983
3017.05
3268.4
3141.2
3168.9
3153.86440678
3063.7
3272.55
3111.3
3107.55
3065.25
3031.11864407
3208.15
3135.2
3068.1
3183.15
3178.47457627
2981.4
3186.25
3152.2
3179.15
3180.45
3366.10526316
--END OF 7--
916.116666667
935.830508475
931.6
945.2
933.833333333
869.883333333
863.533333333
901.542372881
913.05
941.45
887.5
895.1
851.35
902.949152542
885.766666667
933.183333333
860.883333333
881.7
866.466666667
920.559322034
873.366666667
862.233333333
864.783333333
878.166666667
899.716666667
910.966101695
851.55
836.35
903.45
883.483333333
862.2
894.610169492
843.133333333
871.083333333
911.833333333
874.166666667
925.3
891.0
839.7
892.916666667
842.483333333
886.366666667
864.677966102
818.8
890.75
865.85
854.7
825.3
819.813559322
857.483333333
865.433333333
821.316666667
885.133333333
860.186440678
822.75
898.5
876.183333333
874.366666667
851.3
933.473684211
--END OF 8--
91.25
120.06779661
113.766666667
96.05
115.366666667
90.8333333333
90.4666666667
107.491525424
94.55
117.1
91.15
102.0
89.7
89.2033898305
91.5666666667
95.8
94.0333333333
111.233333333
93.3333333333
94.3050847458
102.833333333
97.6
98.5
107.933333333
94.35
117.288135593
98.0
76.9
99.4
109.65
87.7
105.220338983
98.55
99.5333333333
115.233333333
112.216666667
121.133333333
108.542372881
103.166666667
102.416666667
86.4666666667
84.8
99.0508474576
88.5333333333
99.0
94.1
88.95
99.0
94.3728813559
81.5166666667
96.4166666667
85.2166666667
99.1833333333
91.4576271186
93.1
103.116666667
110.083333333
100.183333333
87.1666666667
96.8771929825
--END OF 9--
5.36666666667
3.66101694915
6.11666666667
5.65
5.78333333333
5.48333333333
5.86666666667
5.30508474576
1.85
6.8
5.1
5.55
4.15
2.96610169492
3.98333333333
2.48333333333
4.46666666667
4.63333333333
4.58333333333
5.74576271186
3.33333333333
3.46666666667
3.4
3.83333333333
4.71666666667
9.42372881356
7.7
4.65
3.85
4.11666666667
5.95
4.83050847458
4.15
4.5
7.26666666667
3.21666666667
2.81666666667
4.64406779661
5.23333333333
5.86666666667
5.35
2.28333333333
2.77966101695
3.01666666667
3.8
7.45
8.95
2.55
6.08474576271
1.28333333333
4.1
3.76666666667
2.66666666667
4.91525423729
3.6
3.93333333333
5.4
3.73333333333
2.56666666667
6.28070175439
--END OF 10--
1.16666666667
1.38983050847
2.38333333333
1.23333333333
2.11666666667
1.63333333333
1.11666666667
1.1186440678
1.25
2.05
1.45
0.9
0.55
0.559322033898
1.48333333333
0.6
0.55
1.0
0.8
0.576271186441
1.46666666667
1.53333333333
0.383333333333
1.28333333333
0.5
2.16949152542
1.05
1.45
1.5
1.2
1.55
0.864406779661
0.0
2.28333333333
2.73333333333
1.36666666667
0.7
1.06779661017
0.9
0.0333333333333
2.23333333333
0.766666666667
1.37288135593
0.883333333333
0.6
1.55
1.35
0.0
1.52542372881
0.233333333333
1.28333333333
1.28333333333
1.0
1.67796610169
1.23333333333
1.11666666667
0.0
0.0
0.9
0.80701754386
--END OF 11--
0.0
0.0677966101695
0.7
0.233333333333
0.466666666667
0.0
0.216666666667
0.423728813559
0.0
0.3
0.7
0.0
0.1
0.406779661017
0.0
0.0
0.0
0.0
0.0
0.0
0.5
0.0
0.0
0.0
0.0
0.559322033898
0.35
0.5
0.4
0.433333333333
0.5
0.508474576271
0.0
0.533333333333
0.466666666667
0.0
0.0
0.0
0.0
0.0
0.966666666667
0.0333333333333
0.152542372881
0.316666666667
0.0
0.0
0.0
0.0
0.508474576271
0.0
0.0
0.5
0.0
0.508474576271
0.0
0.0
0.0
0.0
0.533333333333
0.0
--END OF 12--
