13.4666666667
13.4
14.2033898305
14.5
14.4666666667
14.4166666667
14.1833333333
15.65
14.7288135593
14.1166666667
14.9333333333
14.5333333333
14.1666666667
14.9833333333
15.0847457627
14.4833333333
14.2833333333
14.55
14.3833333333
14.65
15.4237288136
15.8666666667
15.15
14.4
13.8166666667
13.6440677966
14.45
14.85
15.1
14.35
14.65
13.8474576271
15.4666666667
13.75
14.2
14.5833333333
14.9491525424
13.6666666667
14.2833333333
14.2833333333
14.9333333333
14.05
14.1355932203
14.8833333333
15.55
14.5333333333
13.9166666667
14.1333333333
14.2372881356
15.2166666667
15.5
14.35
14.7166666667
14.8474576271
14.7333333333
14.4666666667
14.7833333333
13.2
13.2666666667
14.2280701754
--END OF 1--
16.3
17.0666666667
18.2033898305
17.6666666667
18.2
17.5833333333
17.8
18.9833333333
18.0677966102
17.3166666667
18.8833333333
18.6833333333
18.1166666667
18.8833333333
19.6271186441
18.4833333333
18.6833333333
18.8
18.9333333333
19.0833333333
19.2203389831
19.75
18.9
18.1
17.65
17.9322033898
17.2
18.75
18.05
17.65
18.0
18.7627118644
18.9666666667
17.7
18.75
17.7
19.0677966102
16.3666666667
18.3
18.2833333333
19.15
18.2666666667
17.4745762712
18.6833333333
19.6
17.5333333333
18.4666666667
18.1333333333
18.3220338983
18.95
19.15
18.9166666667
18.6833333333
18.2033898305
18.1833333333
18.45
19.8166666667
17.55
17.3333333333
17.4035087719
--END OF 2--
17.55
17.4833333333
19.4915254237
17.95
18.35
17.9333333333
18.5666666667
19.3833333333
18.3050847458
17.3166666667
19.1333333333
18.8833333333
18.5666666667
18.8833333333
20.1186440678
18.75
19.0666666667
19.0166666667
19.4666666667
19.4333333333
19.3898305085
19.75
19.6666666667
18.7333333333
18.3666666667
18.3220338983
18.05
19.6
18.5
17.75
18.7
19.3898305085
19.5333333333
18.7333333333
19.2166666667
18.75
19.4915254237
16.9166666667
18.3
18.75
20.0833333333
18.8166666667
18.0677966102
19.5333333333
20.4
18.6833333333
19.5666666667
18.5333333333
18.6271186441
19.3
19.8
18.9166666667
18.6833333333
18.2881355932
18.9666666667
19.8666666667
20.3833333333
18.15
17.8
17.701754386
--END OF 3--
13.4666666667
13.4
14.2033898305
14.5
14.4666666667
14.4166666667
14.1833333333
15.65
14.7288135593
14.1166666667
14.9333333333
14.5333333333
14.1666666667
14.9833333333
15.0847457627
14.4833333333
14.2833333333
14.55
14.3833333333
14.65
15.4237288136
15.8666666667
15.15
14.4
13.8166666667
13.6440677966
14.45
14.85
15.1
14.35
14.65
13.8474576271
15.4666666667
13.75
14.2
14.5833333333
14.9491525424
13.6666666667
14.2833333333
14.2833333333
14.9333333333
14.05
14.1355932203
14.8833333333
15.55
14.5333333333
13.9166666667
14.1333333333
14.2372881356
15.2166666667
15.5
14.35
14.7166666667
14.8474576271
14.7333333333
14.4666666667
14.7833333333
13.2
13.2666666667
14.2280701754
--END OF 4--
16.3
17.0666666667
18.2033898305
17.6666666667
18.2
17.5833333333
17.8
18.9833333333
18.0677966102
17.3166666667
18.8833333333
18.6833333333
18.1166666667
18.8833333333
19.6271186441
18.4833333333
18.6833333333
18.8
18.9333333333
19.0833333333
19.2203389831
19.75
18.9
18.1
17.65
17.9322033898
17.2
18.75
18.05
17.65
18.0
18.7627118644
18.9666666667
17.7
18.75
17.7
19.0677966102
16.3666666667
18.3
18.2833333333
19.15
18.2666666667
17.4745762712
18.6833333333
19.6
17.5333333333
18.4666666667
18.1333333333
18.3220338983
18.95
19.15
18.9166666667
18.6833333333
18.2033898305
18.1833333333
18.45
19.8166666667
17.55
17.3333333333
17.4035087719
--END OF 5--
17.55
17.4833333333
19.4915254237
17.95
18.35
17.9333333333
18.5666666667
19.3833333333
18.3050847458
17.3166666667
19.1333333333
18.8833333333
18.5666666667
18.8833333333
20.1186440678
18.75
19.0666666667
19.0166666667
19.4666666667
19.4333333333
19.3898305085
19.75
19.6666666667
18.7333333333
18.3666666667
18.3220338983
18.05
19.6
18.5
17.75
18.7
19.3898305085
19.5333333333
18.7333333333
19.2166666667
18.75
19.4915254237
16.9166666667
18.3
18.75
20.0833333333
18.8166666667
18.0677966102
19.5333333333
20.4
18.6833333333
19.5666666667
18.5333333333
18.6271186441
19.3
19.8
18.9166666667
18.6833333333
18.2881355932
18.9666666667
19.8666666667
20.3833333333
18.15
17.8
17.701754386
--END OF 6--
2613.1
2598.05
2769.55932203
2738.6
2665.15
2766.3
2695.1
2928.95
2710.22033898
2697.9
2909.85
2834.85
2849.1
2803.65
2814.25423729
2849.25
2747.85
2740.15
2750.55
2842.4
2875.47457627
2987.4
2849.65
2841.15
2714.45
2813.79661017
2695.65
2841.3
2972.7
2685.9
2845.05
2827.6779661
2922.05
2737.2
2768.6
2847.0
2893.62711864
2651.95
2669.55
2765.55
2858.4
2715.0
2636.38983051
2823.6
2915.7
2809.2
2922.9
2923.95
2762.89830508
2877.7
2910.75
2830.8
2831.9
2719.11864407
2749.85
2766.7
2906.8
2615.3
2686.85
2787.10526316
--END OF 7--
714.633333333
717.583333333
747.338983051
750.733333333
753.45
755.633333333
743.95
803.75
759.06779661
733.15
790.35
768.4
758.45
790.9
787.355932203
773.6
762.083333333
755.466666667
763.766666667
784.15
795.220338983
808.833333333
794.183333333
750.616666667
747.183333333
748.491525424
746.3
795.4
816.95
757.9
774.6
769.949152542
796.45
737.483333333
758.916666667
769.1
797.762711864
711.033333333
742.233333333
764.416666667
788.166666667
750.266666667
736.610169492
780.85
814.8
750.95
781.75
790.65
760.627118644
787.316666667
797.55
762.166666667
773.516666667
775.576271186
766.516666667
746.316666667
780.95
714.7
722.366666667
766.877192982
--END OF 8--
75.7666666667
81.6166666667
95.4576271186
84.9333333333
84.5666666667
78.8166666667
79.1
81.0833333333
75.186440678
87.85
86.85
91.4
86.4
82.6
95.4915254237
81.5166666667
78.4833333333
86.5666666667
91.7833333333
93.35
91.2033898305
88.2666666667
88.5333333333
75.65
83.45
85.6440677966
75.65
93.55
74.4
80.1
84.2
101.677966102
90.6833333333
72.65
95.1166666667
75.1
90.5254237288
75.6833333333
92.6
93.7666666667
90.2666666667
89.6833333333
71.3050847458
78.6
85.5
83.3
103.4
93.85
91.8644067797
85.5166666667
89.1166666667
92.2166666667
87.3666666667
76.6440677966
75.2833333333
103.083333333
100.683333333
82.2333333333
87.0333333333
75.0350877193
--END OF 9--
3.56666666667
2.16666666667
3.96610169492
2.25
3.35
2.03333333333
5.18333333333
4.21666666667
3.62711864407
1.5
1.85
3.0
2.6
3.9
3.62711864407
3.7
4.63333333333
5.05
6.36666666667
1.1
1.93220338983
3.81666666667
4.31666666667
4.9
3.26666666667
2.57627118644
1.6
4.15
2.45
1.8
3.95
4.77966101695
2.7
5.68333333333
4.6
2.75
5.25423728814
2.18333333333
4.71666666667
4.28333333333
4.53333333333
4.7
5.61016949153
3.95
3.6
3.15
4.75
1.85
3.57627118644
5.23333333333
3.68333333333
3.43333333333
1.98333333333
2.93220338983
4.63333333333
5.38333333333
4.48333333333
3.71666666667
4.35
1.59649122807
--END OF 10--
2.1
0.666666666667
2.0
0.533333333333
0.0
0.5
1.26666666667
0.5
0.237288135593
0.0
0.4
0.1
1.0
0.0
0.796610169492
0.216666666667
0.433333333333
0.0666666666667
0.0
0.333333333333
0.169491525424
0.0
0.916666666667
0.583333333333
1.28333333333
0.830508474576
1.4
1.6
0.85
0.05
0.5
0.932203389831
0.616666666667
1.43333333333
0.666666666667
0.866666666667
0.508474576271
1.0
0.0
0.566666666667
1.15
0.766666666667
0.627118644068
1.2
1.2
1.35
1.95
0.7
0.491525423729
0.516666666667
0.5
0.0
0.0
0.0847457627119
1.23333333333
1.58333333333
0.766666666667
0.5
0.666666666667
0.771929824561
--END OF 11--
0.0
0.0
0.0
0.0
0.0
0.0
0.0
0.0
0.0
0.0
0.0
0.0
0.0
0.0
0.28813559322
0.216666666667
0.0
0.0
0.0
0.333333333333
0.169491525424
0.0
0.0
0.5
0.5
0.0
0.0
0.0
0.0
0.0
0.0
0.0
0.5
0.0
0.0
0.5
0.0
0.0
0.0
0.0666666666667
0.35
0.283333333333
0.0
0.3
1.2
0.8
0.2
0.0
0.0
0.0
0.5
0.0
0.0
0.0
0.316666666667
0.183333333333
0.0
0.5
0.0
0.0
--END OF 12--
