21.4
19.6833333333
19.4
19.2333333333
20.4333333333
20.5084745763
19.8
19.1666666667
20.7
19.9166666667
20.3666666667
19.65
21.2372881356
20.55
20.0833333333
20.9
20.3666666667
20.0338983051
21.8166666667
21.3333333333
21.25
22.7666666667
21.3833333333
22.5762711864
21.9833333333
21.6
21.9666666667
22.55
22.6610169492
22.5833333333
22.6166666667
22.45
21.3
22.186440678
23.0166666667
22.6333333333
21.6833333333
23.25
23.5084745763
23.9166666667
22.25
22.3166666667
22.35
23.813559322
22.7833333333
22.8333333333
24.55
23.1166666667
24.4745762712
23.8166666667
23.75
23.0166666667
24.7
23.0677966102
23.5166666667
23.2
23.75
23.6833333333
22.5593220339
20.4545454545
--END OF 1--
29.5666666667
28.85
29.6
28.9833333333
30.6
29.5762711864
29.0833333333
29.15
29.9333333333
29.2666666667
30.05
29.2
31.8305084746
30.5666666667
29.5333333333
29.05
29.9333333333
30.406779661
31.1833333333
30.2166666667
30.3
32.7833333333
30.6333333333
33.406779661
32.3833333333
31.6333333333
31.65
31.9666666667
32.6271186441
33.8666666667
33.5666666667
32.1
29.7
32.6271186441
33.5166666667
34.1
32.9833333333
34.35
35.186440678
35.8166666667
33.5333333333
32.7166666667
33.5166666667
34.6271186441
32.9333333333
35.45
37.8333333333
34.8333333333
36.0508474576
36.05
36.9666666667
34.8
36.4333333333
34.3220338983
34.1
33.05
35.3
34.2166666667
34.5423728814
31.4727272727
--END OF 2--
29.95
30.8833333333
31.4333333333
31.0333333333
32.1833333333
30.7457627119
30.2833333333
31.0833333333
30.5666666667
30.35
31.4833333333
30.6333333333
33.1525423729
30.9666666667
31.3333333333
29.95
31.0666666667
32.0
31.4166666667
31.5666666667
31.45
33.9166666667
31.95
35.4406779661
32.5166666667
32.9333333333
32.3666666667
33.65
33.4406779661
35.05
34.7166666667
33.5
30.3
33.8813559322
34.65
35.0333333333
34.0166666667
35.5333333333
36.9830508475
37.25
34.1666666667
33.2
35.0666666667
35.7288135593
33.4333333333
36.6333333333
39.2
35.4833333333
37.9152542373
37.3833333333
38.6666666667
35.3333333333
37.1833333333
35.9322033898
35.15
34.8333333333
36.3666666667
35.85
36.406779661
32.6545454545
--END OF 3--
20.45
19.3666666667
19.15
19.2
19.8833333333
19.813559322
19.4833333333
19.1166666667
20.0833333333
19.4666666667
19.7833333333
19.4
20.406779661
19.7833333333
19.5833333333
20.0
19.8
19.593220339
20.7
20.3333333333
20.25
21.6
20.4166666667
21.2542372881
20.9833333333
20.6666666667
20.95
21.3333333333
21.6101694915
21.5
21.1166666667
21.45
20.65
21.186440678
21.6166666667
21.4333333333
20.8166666667
21.75
21.7966101695
21.9166666667
21.05
21.1833333333
21.1833333333
22.0169491525
21.5333333333
21.65
22.35
21.4166666667
22.4406779661
22.2
22.05
21.5333333333
22.5166666667
21.7627118644
21.8833333333
21.55
22.1
22.0666666667
21.2372881356
19.8
--END OF 4--
29.3333333333
28.7333333333
29.3
28.9
29.9
29.186440678
28.9166666667
29.05
29.6166666667
29.0166666667
29.4666666667
29.1
30.8644067797
29.9
29.3833333333
28.95
29.7
29.8474576271
30.35
29.75
29.6833333333
31.3833333333
30.0166666667
31.7627118644
31.15
30.6666666667
30.6166666667
30.8666666667
31.4745762712
32.1
31.6166666667
31.05
29.2
31.4915254237
31.95
32.2
31.6333333333
32.4
32.6949152542
33.1166666667
31.8666666667
31.2833333333
31.8833333333
32.4915254237
31.6166666667
32.9666666667
34.45
32.35
33.3728813559
33.4166666667
33.7833333333
32.55
33.7166666667
32.4237288136
32.1833333333
31.55
32.95
32.4166666667
32.5254237288
30.5090909091
--END OF 5--
29.95
30.8833333333
31.4333333333
31.0333333333
32.1833333333
30.7457627119
30.2833333333
31.0833333333
30.5666666667
30.35
31.4833333333
30.6333333333
33.1525423729
30.9666666667
31.3333333333
29.95
31.0666666667
32.0
31.4166666667
31.5666666667
31.45
33.9166666667
31.95
35.4406779661
32.5166666667
32.9333333333
32.3666666667
33.65
33.4406779661
35.05
34.7166666667
33.5
30.3
33.8813559322
34.65
35.0333333333
34.0166666667
35.5333333333
36.9830508475
37.25
34.1666666667
33.2
35.0666666667
35.7288135593
33.4333333333
36.6333333333
39.2
35.4833333333
37.9152542373
37.3833333333
38.6666666667
35.3333333333
37.1833333333
35.9322033898
35.15
34.8333333333
36.3666666667
35.85
36.406779661
32.6545454545
--END OF 6--
3867.8
3689.75
3718.35
3632.0
3779.4
3774.10169492
3647.6
3575.65
3762.8
3780.5
3836.45
3640.15
3978.81355932
3825.6
3712.8
3824.85
3805.1
3733.06779661
3966.15
3974.15
3930.5
4140.5
4015.3
4112.33898305
3951.7
4007.55
3940.65
4086.9
4125.55932203
4204.6
4189.8
4171.5
3745.95
4140.3559322
4162.85
4183.05
4050.4
4240.8
4337.28813559
4401.8
4106.1
4149.85
4190.95
4331.59322034
4174.8
4337.25
4562.95
4396.4
4407.0
4472.6
4418.7
4257.1
4538.25
4266.10169492
4365.9
4164.95
4311.7
4295.25
4195.93220339
3852.76363636
--END OF 7--
1092.36666667
1038.83333333
1058.56666667
1035.71666667
1066.03333333
1067.62711864
1029.76666667
1015.93333333
1068.95
1067.63333333
1090.33333333
1029.63333333
1115.25423729
1087.96666667
1065.4
1079.4
1073.81666667
1053.59322034
1132.98333333
1124.98333333
1117.15
1182.56666667
1135.71666667
1176.03389831
1134.78333333
1125.98333333
1124.85
1163.55
1162.23728814
1189.78333333
1202.2
1157.65
1074.15
1166.08474576
1179.18333333
1188.76666667
1143.23333333
1211.35
1235.79661017
1247.76666667
1163.95
1165.85
1186.28333333
1230.11864407
1178.81666667
1227.7
1285.95
1235.65
1259.11864407
1249.5
1258.63333333
1209.0
1272.56666667
1203.93220339
1236.13333333
1181.7
1223.21666667
1210.28333333
1187.62711864
1083.03636364
--END OF 8--
182.516666667
187.133333333
195.083333333
197.333333333
197.15
186.288135593
190.1
194.333333333
185.333333333
191.883333333
185.15
181.933333333
200.542372881
192.933333333
200.55
167.5
190.216666667
209.372881356
187.166666667
182.133333333
198.333333333
203.516666667
191.9
218.474576271
200.883333333
203.533333333
208.216666667
195.766666667
214.101694915
222.166666667
216.8
201.1
182.3
206.288135593
204.65
225.25
218.966666667
210.816666667
222.457627119
231.216666667
219.483333333
217.8
230.766666667
220.237288136
212.316666667
228.5
249.833333333
227.366666667
234.050847458
246.133333333
239.416666667
230.233333333
218.983333333
215.457627119
205.083333333
214.366666667
223.65
205.75
237.983050847
227.672727273
--END OF 9--
7.01666666667
10.9333333333
9.2
8.36666666667
11.6333333333
8.77966101695
8.31666666667
9.56666666667
8.3
7.6
8.43333333333
11.15
12.3728813559
7.58333333333
9.55
4.8
7.73333333333
7.32203389831
4.65
6.88333333333
9.83333333333
9.31666666667
7.41666666667
11.5423728814
8.15
6.61666666667
8.23333333333
9.11666666667
7.45762711864
9.03333333333
9.55
9.8
6.9
6.84745762712
9.03333333333
8.81666666667
8.75
9.36666666667
11.4915254237
13.8333333333
7.4
5.5
8.93333333333
8.52542372881
4.93333333333
10.7166666667
14.0833333333
7.16666666667
11.593220339
9.4
14.4166666667
8.43333333333
8.08333333333
8.13559322034
8.85
8.48333333333
11.0166666667
11.6666666667
10.1355932203
8.45454545455
--END OF 10--
0.65
3.48333333333
3.15
3.11666666667
1.68333333333
0.915254237288
1.53333333333
2.33333333333
1.05
1.73333333333
2.71666666667
1.68333333333
1.76271186441
0.766666666667
2.55
1.3
0.983333333333
2.08474576271
0.4
1.4
1.28333333333
1.41666666667
2.1
2.37288135593
0.166666666667
2.06666666667
1.06666666667
2.0
0.745762711864
1.83333333333
1.65
2.0
0.55
1.4406779661
1.78333333333
1.68333333333
1.31666666667
1.76666666667
3.08474576271
2.58333333333
0.95
0.5
1.8
1.0
0.366666666667
1.98333333333
2.23333333333
0.6
1.77966101695
1.51666666667
2.16666666667
0.666666666667
0.716666666667
2.33898305085
1.46666666667
3.1
0.783333333333
2.18333333333
2.28813559322
1.87272727273
--END OF 11--
0.0
0.0
0.0
0.5
0.183333333333
0.0847457627119
0.5
1.0
0.0166666666667
0.7
0.283333333333
0.0
0.508474576271
0.0
0.0
0.4
0.833333333333
0.0
0.0
0.0
0.0333333333333
0.8
0.533333333333
0.983050847458
0.0
0.366666666667
0.433333333333
0.7
0.0
0.0666666666667
0.3
0.5
0.0
0.593220338983
0.416666666667
0.0
0.166666666667
0.433333333333
0.847457627119
0.166666666667
0.333333333333
0.433333333333
0.5
0.0
0.15
0.05
0.0
0.1
1.20338983051
0.216666666667
0.566666666667
0.0
0.0333333333333
0.830508474576
0.45
0.5
0.0
0.466666666667
0.372881355932
0.0
--END OF 12--
