12.9666666667
13.0666666667
13.593220339
13.0
14.3166666667
13.6
13.5
11.9333333333
11.5423728814
12.3666666667
11.9333333333
12.6
12.2
12.9833333333
12.186440678
12.9833333333
12.9333333333
12.8166666667
11.8666666667
12.4576271186
13.2833333333
12.7833333333
12.2666666667
11.3333333333
11.0
11.3666666667
12.7166666667
11.4333333333
11.45
11.3559322034
13.0833333333
11.3166666667
12.1833333333
12.1
11.2542372881
11.3166666667
11.3666666667
10.3
10.7166666667
11.0508474576
10.8666666667
10.75
10.6
11.1
11.7
11.2372881356
10.4833333333
10.5333333333
11.6666666667
11.25
10.8305084746
11.0166666667
11.35
9.88333333333
10.8666666667
11.0847457627
10.5333333333
11.25
11.0833333333
13.7547169811
--END OF 1--
16.0666666667
15.9833333333
16.6949152542
16.4666666667
18.0333333333
16.9333333333
16.9666666667
14.7
14.4915254237
15.5166666667
15.4333333333
15.65
15.2
15.7833333333
15.4406779661
17.0833333333
15.8
16.5
14.7166666667
15.6101694915
16.3166666667
15.2333333333
13.8666666667
14.25
13.4915254237
15.1666666667
15.7166666667
15.0833333333
14.15
13.5423728814
16.4333333333
13.6166666667
14.9833333333
14.3
14.0847457627
14.0333333333
14.1
13.0166666667
13.5666666667
13.4915254237
13.1666666667
13.65
13.2
14.35
13.8
13.9830508475
13.2333333333
12.8833333333
14.2666666667
14.0666666667
14.3898305085
13.35
14.6
12.85
12.4833333333
13.3898305085
13.8333333333
13.5
13.4833333333
16.9622641509
--END OF 2--
16.0666666667
16.2333333333
17.3050847458
16.8
18.65
17.1333333333
16.9666666667
14.8
15.2542372881
15.6666666667
15.4333333333
16.2
15.5
15.7833333333
17.0508474576
17.8333333333
16.4833333333
17.5833333333
14.7666666667
16.3389830508
16.6
15.2333333333
13.8666666667
14.3333333333
14.2711864407
15.4166666667
15.9166666667
15.6333333333
14.35
14.4406779661
16.9333333333
14.2333333333
15.3833333333
14.5
14.7118644068
14.3833333333
14.4333333333
13.0166666667
14.2333333333
13.8813559322
13.5666666667
13.8
13.2
14.35
14.2
14.5254237288
13.7
13.5
15.2333333333
14.3666666667
16.1525423729
13.7333333333
14.6
13.3666666667
13.5666666667
13.3898305085
14.0833333333
14.2
14.1833333333
17.358490566
--END OF 3--
12.9666666667
13.0666666667
13.593220339
13.0
14.3166666667
13.6
13.5
11.9333333333
11.5423728814
12.3666666667
11.9333333333
12.6
12.2
12.9833333333
12.186440678
12.9833333333
12.9333333333
12.8166666667
11.8666666667
12.4576271186
13.2833333333
12.7833333333
12.2666666667
11.3333333333
11.0
11.3666666667
12.7166666667
11.4333333333
11.45
11.3559322034
13.0833333333
11.3166666667
12.1833333333
12.1
11.2542372881
11.3166666667
11.3666666667
10.3
10.7166666667
11.0508474576
10.8666666667
10.75
10.6
11.1
11.7
11.2372881356
10.4833333333
10.5333333333
11.6666666667
11.25
10.8305084746
11.0166666667
11.35
9.88333333333
10.8666666667
11.0847457627
10.5333333333
11.25
11.0833333333
13.7547169811
--END OF 4--
16.0666666667
15.9833333333
16.6949152542
16.4666666667
18.0333333333
16.9333333333
16.9666666667
14.7
14.4915254237
15.5166666667
15.4333333333
15.65
15.2
15.7833333333
15.4406779661
17.0833333333
15.8
16.5
14.7166666667
15.6101694915
16.3166666667
15.2333333333
13.8666666667
14.25
13.4915254237
15.1666666667
15.7166666667
15.0833333333
14.15
13.5423728814
16.4333333333
13.6166666667
14.9833333333
14.3
14.0847457627
14.0333333333
14.1
13.0166666667
13.5666666667
13.4915254237
13.1666666667
13.65
13.2
14.35
13.8
13.9830508475
13.2333333333
12.8833333333
14.2666666667
14.0666666667
14.3898305085
13.35
14.6
12.85
12.4833333333
13.3898305085
13.8333333333
13.5
13.4833333333
16.9622641509
--END OF 5--
16.0666666667
16.2333333333
17.3050847458
16.8
18.65
17.1333333333
16.9666666667
14.8
15.2542372881
15.6666666667
15.4333333333
16.2
15.5
15.7833333333
17.0508474576
17.8333333333
16.4833333333
17.5833333333
14.7666666667
16.3389830508
16.6
15.2333333333
13.8666666667
14.3333333333
14.2711864407
15.4166666667
15.9166666667
15.6333333333
14.35
14.4406779661
16.9333333333
14.2333333333
15.3833333333
14.5
14.7118644068
14.3833333333
14.4333333333
13.0166666667
14.2333333333
13.8813559322
13.5666666667
13.8
13.2
14.35
14.2
14.5254237288
13.7
13.5
15.2333333333
14.3666666667
16.1525423729
13.7333333333
14.6
13.3666666667
13.5666666667
13.3898305085
14.0833333333
14.2
14.1833333333
17.358490566
--END OF 6--
2506.5
2394.35
2631.91525424
2602.35
2683.7
2649.2
2618.6
2386.45
2384.23728814
2516.7
2362.5
2430.3
2334.45
2429.1
2358.96610169
2515.6
2489.75
2523.15
2261.05
2420.54237288
2528.35
2438.1
2385.8
2374.55
2139.05084746
2329.35
2459.55
2321.7
2266.05
2316.05084746
2496.6
2157.8
2321.15
2329.35
2160.71186441
2278.75
2240.2
2144.15
2281.95
2257.77966102
2149.2
2133.9
2079.75
2246.25
2164.2
2169.20338983
2124.9
2162.65
2276.0
2252.2
2237.13559322
2125.3
2170.95
2029.15
2147.8
2188.27118644
2121.25
2150.7
2111.25
2662.01886792
--END OF 7--
677.066666667
676.016666667
720.254237288
702.65
748.283333333
721.333333333
710.7
645.383333333
648.508474576
684.65
670.65
659.9
636.65
664.55
649.694915254
713.45
695.583333333
693.216666667
625.783333333
655.084745763
701.1
668.15
660.95
652.85
590.576271186
631.15
674.3
627.2
614.0
621.0
695.183333333
587.65
644.016666667
633.35
586.118644068
604.55
615.166666667
600.0
614.95
604.813559322
584.2
595.85
567.45
592.6
597.45
596.762711864
561.6
586.716666667
634.2
603.833333333
618.423728814
592.316666667
607.283333333
558.683333333
581.233333333
592.779661017
582.633333333
594.15
591.8
726.301886792
--END OF 8--
70.75
70.75
75.3728813559
72.3833333333
85.75
74.6833333333
74.6
68.6833333333
64.0338983051
67.35
75.1
71.4
72.85
69.7
63.593220339
82.5
74.5333333333
72.05
69.4833333333
72.7118644068
75.2166666667
66.3333333333
55.7833333333
59.5666666667
64.2203389831
66.6
72.2
69.95
65.65
58.5423728814
85.1166666667
63.8166666667
64.2833333333
63.1666666667
70.9322033898
64.1333333333
57.95
65.4333333333
67.35
55.0
63.85
58.1
58.65
72.35
62.35
61.5423728814
61.05
57.3
71.1666666667
71.3666666667
78.9661016949
60.35
70.9666666667
64.9666666667
50.05
49.6779661017
63.0666666667
59.05
61.0
68.1132075472
--END OF 9--
2.58333333333
4.15
3.76271186441
2.53333333333
3.6
2.71666666667
1.71666666667
3.6
3.38983050847
0.65
1.9
3.1
3.05
1.25
6.66101694915
4.53333333333
1.75
5.81666666667
2.05
3.13559322034
2.41666666667
0.0
0.483333333333
3.08333333333
3.03389830508
5.55
2.25
5.05
1.1
1.86440677966
2.98333333333
1.33333333333
2.35
0.683333333333
3.61016949153
1.53333333333
3.16666666667
1.43333333333
2.28333333333
3.30508474576
2.7
2.25
0.8
3.4
1.5
3.45762711864
4.41666666667
2.28333333333
2.55
1.43333333333
5.33898305085
1.46666666667
2.98333333333
1.86666666667
2.33333333333
2.71186440678
2.41666666667
2.75
2.3
3.24528301887
--END OF 10--
0.0
0.5
1.01694915254
0.433333333333
1.23333333333
0.333333333333
0.0
0.116666666667
1.40677966102
0.0
0.0
1.0
0.0
0.0
1.71186440678
0.7
1.21666666667
1.38333333333
0.0166666666667
0.728813559322
0.283333333333
0.0
0.0
0.133333333333
1.38983050847
0.5
0.15
0.9
0.45
1.33898305085
1.0
0.683333333333
0.5
0.5
0.830508474576
0.45
0.233333333333
0.0
0.566666666667
0.440677966102
0.0
0.0
0.0
0.0
0.5
1.03389830508
0.483333333333
0.666666666667
1.16666666667
0.3
3.20338983051
0.316666666667
0.0
0.583333333333
0.916666666667
0.0
0.7
0.8
1.05
0.509433962264
--END OF 11--
0.0
0.0
0.0
0.166666666667
0.833333333333
0.0
0.0
0.0
0.508474576271
0.0
0.0
0.0
0.0
0.0
0.694915254237
0.7
0.116666666667
0.0
0.0
0.220338983051
0.283333333333
0.0
0.0
0.0
0.0
0.0
0.0
0.0
0.0
0.0
0.0
0.5
0.0
0.0
0.0
0.266666666667
0.233333333333
0.0
0.0
0.0
0.0
0.0
0.0
0.0
0.0
0.0
0.0
0.0333333333333
0.8
0.3
0.372881355932
0.0
0.0
0.583333333333
0.916666666667
0.0
0.0
0.0
0.5
0.509433962264
--END OF 12--
