17.6
18.5166666667
17.0333333333
15.45
16.8
16.6779661017
17.1333333333
16.5333333333
16.45
16.05
16.95
17.4745762712
17.5
17.05
16.9666666667
15.4833333333
15.2033898305
15.95
16.6333333333
16.35
17.7333333333
16.6779661017
17.0
16.5
16.6333333333
16.6666666667
17.5593220339
16.5833333333
16.9833333333
16.7
16.95
16.6610169492
15.35
16.7666666667
16.9833333333
16.35
17.5593220339
16.35
17.6833333333
16.2833333333
16.5
16.9833333333
17.7288135593
15.6666666667
17.6166666667
17.6166666667
16.5
15.7796610169
16.6333333333
16.5666666667
16.55
17.25
16.8983050847
15.7833333333
17.5
16.5166666667
17.9166666667
16.3220338983
16.9833333333
16.6666666667
--END OF 1--
27.2333333333
26.0166666667
24.4333333333
21.2
23.15
25.7796610169
25.0
24.4833333333
24.9833333333
24.4666666667
23.9166666667
23.6271186441
24.3833333333
24.8333333333
25.4666666667
22.9666666667
21.1525423729
23.4333333333
24.5333333333
23.7333333333
26.25
24.9661016949
25.5333333333
22.7833333333
23.55
23.9166666667
25.0508474576
24.5833333333
23.7166666667
23.4
23.4666666667
23.3050847458
22.3
23.6166666667
24.7833333333
23.95
24.3389830508
24.7166666667
25.2833333333
24.0666666667
25.0166666667
24.9333333333
26.2203389831
24.5166666667
26.9
25.3666666667
24.6166666667
24.593220339
25.1166666667
25.5333333333
24.85
26.0
24.9661016949
24.0333333333
25.2333333333
24.3666666667
26.2
23.6440677966
24.3833333333
24.1228070175
--END OF 2--
28.1833333333
27.6666666667
25.1333333333
21.9
23.65
26.5762711864
25.5
25.85
25.4166666667
25.15
25.05
24.8983050847
25.3333333333
27.2333333333
26.7833333333
23.7166666667
22.4576271186
24.5666666667
25.5333333333
24.7833333333
27.2833333333
26.0677966102
26.2
23.7666666667
24.7833333333
25.5166666667
26.8644067797
26.65
25.05
23.9333333333
24.2166666667
23.4576271186
23.45
24.1666666667
25.8833333333
24.95
25.7288135593
26.65
26.0
25.05
26.3833333333
26.0
26.4915254237
25.6666666667
28.3333333333
26.65
25.0833333333
26.3559322034
25.6833333333
26.65
25.4
26.85
26.2033898305
25.4833333333
26.0833333333
25.3333333333
26.9166666667
25.0338983051
26.0333333333
24.7368421053
--END OF 3--
17.6
18.5166666667
17.0333333333
15.45
16.8
16.6779661017
17.1333333333
16.5333333333
16.45
16.05
16.95
17.4745762712
17.5
17.05
16.9666666667
15.4833333333
15.2033898305
15.95
16.6333333333
16.35
17.7333333333
16.6779661017
17.0
16.5
16.6333333333
16.6666666667
17.5593220339
16.5833333333
16.9833333333
16.7
16.95
16.6610169492
15.35
16.7666666667
16.9833333333
16.35
17.5593220339
16.35
17.6833333333
16.2833333333
16.5
16.9833333333
17.7288135593
15.6666666667
17.6166666667
17.6166666667
16.5
15.7796610169
16.6333333333
16.5666666667
16.55
17.25
16.8983050847
15.7833333333
17.5
16.5166666667
17.9166666667
16.3220338983
16.9833333333
16.6666666667
--END OF 4--
27.15
26.0166666667
24.4333333333
21.2
23.15
25.7796610169
25.0
24.4833333333
24.9833333333
24.4666666667
23.9166666667
23.6271186441
24.3833333333
24.8333333333
25.4666666667
22.9666666667
21.1525423729
23.4333333333
24.5333333333
23.7333333333
26.25
24.9661016949
25.5333333333
22.7833333333
23.55
23.9166666667
25.0508474576
24.5833333333
23.7166666667
23.4
23.4666666667
23.3050847458
22.3
23.6166666667
24.7833333333
23.95
24.3389830508
24.7166666667
25.2833333333
24.0666666667
25.0166666667
24.9333333333
26.2203389831
24.5166666667
26.9
25.3666666667
24.6166666667
24.593220339
25.1166666667
25.5333333333
24.85
26.0
24.9661016949
24.0333333333
25.2333333333
24.3666666667
26.2
23.6440677966
24.3833333333
24.1228070175
--END OF 5--
28.1833333333
27.6666666667
25.1333333333
21.9
23.65
26.5762711864
25.5
25.85
25.4166666667
25.15
25.05
24.8983050847
25.3333333333
27.2333333333
26.7833333333
23.7166666667
22.4576271186
24.5666666667
25.5333333333
24.7833333333
27.2833333333
26.0677966102
26.2
23.7666666667
24.7833333333
25.5166666667
26.8644067797
26.65
25.05
23.9333333333
24.2166666667
23.4576271186
23.45
24.1666666667
25.8833333333
24.95
25.7288135593
26.65
26.0
25.05
26.3833333333
26.0
26.4915254237
25.6666666667
28.3333333333
26.65
25.0833333333
26.3559322034
25.6833333333
26.65
25.4
26.85
26.2033898305
25.4833333333
26.0833333333
25.3333333333
26.9166666667
25.0338983051
26.0333333333
24.7368421053
--END OF 6--
3266.7
3339.6
3166.65
2948.25
3121.2
3154.6779661
3221.25
3172.8
3154.35
3135.9
3087.4
3199.98305085
3241.1
3168.5
3255.05
3061.85
2954.6440678
3164.6
3115.35
3157.45
3248.55
3231.71186441
3161.05
2974.85
3030.4
3172.05
3239.23728814
3174.45
3196.85
3318.4
3143.25
3140.59322034
3058.35
3088.5
3251.7
3056.25
3214.06779661
3117.6
3263.1
3222.2
3139.9
3291.7
3316.3220339
2918.25
3273.85
3237.05
3218.65
3052.11864407
3203.65
3101.85
3142.2
3181.35
3131.89830508
3010.35
3196.85
3117.8
3341.1
3032.28813559
3139.7
3163.36842105
--END OF 7--
927.933333333
949.8
892.0
809.55
873.15
904.237288136
904.75
880.466666667
890.383333333
887.05
860.9
900.152542373
899.216666667
898.283333333
896.566666667
851.416666667
835.745762712
872.05
884.05
867.333333333
913.466666667
900.305084746
891.133333333
855.85
862.766666667
878.483333333
911.101694915
879.6
899.583333333
919.366666667
880.9
885.762711864
849.3
866.8
901.2
856.05
893.186440678
866.716666667
909.716666667
888.916666667
879.766666667
917.45
924.813559322
830.8
925.25
908.0
896.683333333
858.949152542
894.7
874.166666667
875.45
895.4
883.033898305
827.916666667
897.916666667
884.25
951.35
863.830508475
880.116666667
893.368421053
--END OF 8--
198.25
159.9
151.25
127.25
138.15
162.0
155.35
152.1
157.35
157.566666667
155.233333333
146.322033898
139.066666667
155.916666667
165.766666667
159.95
137.694915254
149.766666667
163.35
152.75
168.783333333
157.186440678
171.7
138.733333333
150.783333333
145.616666667
150.13559322
141.95
164.966666667
147.666666667
146.05
156.813559322
148.6
141.8
154.7
162.6
159.983050847
153.266666667
156.4
134.033333333
161.6
160.016666667
171.525423729
160.466666667
176.166666667
166.783333333
159.333333333
144.389830508
160.083333333
153.75
162.0
173.95
166.576271186
149.05
161.1
164.616666667
156.566666667
146.86440678
159.383333333
143.157894737
--END OF 9--
9.1
11.0
5.95
3.95
4.35
6.4406779661
4.75
8.71666666667
6.96666666667
8.06666666667
6.85
5.4406779661
5.8
8.96666666667
10.2833333333
4.83333333333
5.06779661017
7.86666666667
4.65
5.38333333333
9.05
7.69491525424
6.58333333333
6.26666666667
7.11666666667
8.23333333333
9.49152542373
12.8833333333
6.9
4.61666666667
3.85
1.86440677966
5.35
6.35
6.85
6.9
4.93220338983
10.0
9.45
8.06666666667
9.6
7.7
5.96610169492
8.58333333333
8.86666666667
6.11666666667
5.03333333333
14.3389830508
7.9
14.1333333333
7.15
7.75
7.93220338983
11.65
6.96666666667
6.71666666667
5.53333333333
7.57627118644
6.11666666667
7.85964912281
--END OF 10--
0.883333333333
2.9
1.05
0.7
0.5
1.22033898305
1.03333333333
1.96666666667
0.5
1.08333333333
1.26666666667
2.05084745763
1.51666666667
4.23333333333
2.15
0.566666666667
1.77966101695
0.966666666667
1.5
1.76666666667
1.51666666667
1.08474576271
1.2
1.81666666667
1.98333333333
2.31666666667
3.06779661017
3.4
1.63333333333
0.466666666667
1.0
0.457627118644
1.7
0.85
1.25
1.3
1.10169491525
2.93333333333
1.08333333333
1.16666666667
2.0
1.68333333333
0.593220338983
1.41666666667
1.5
1.98333333333
0.633333333333
1.40677966102
0.566666666667
1.66666666667
0.7
0.95
1.69491525424
1.8
1.3
1.38333333333
0.85
1.84745762712
2.08333333333
0.59649122807
--END OF 11--
0.55
0.15
0.0
0.0
0.0
0.0
0.0333333333333
0.466666666667
0.0
0.0
0.283333333333
0.220338983051
0.5
0.0
0.333333333333
0.3
0.0
0.0
0.0
0.1
0.3
0.576271186441
0.4
0.0
0.0
0.0
0.508474576271
0.5
0.366666666667
0.0
0.5
0.0
0.0
0.0
0.5
0.05
1.10169491525
1.06666666667
0.0
0.0
0.233333333333
0.0
0.474576271186
0.0333333333333
0.316666666667
0.183333333333
0.0
0.0
0.0
0.266666666667
0.0
0.0
0.0
0.5
0.0333333333333
0.333333333333
0.0
0.0
0.0
0.456140350877
--END OF 12--
