18.3
17.4666666667
17.7457627119
17.55
16.85
17.0833333333
17.3333333333
18.45
17.2542372881
18.6666666667
18.4
17.1833333333
17.2333333333
16.7166666667
16.7457627119
18.1333333333
18.1
16.95
17.3
17.35
17.1525423729
16.6666666667
16.7333333333
16.7166666667
16.3833333333
17.0508474576
17.3333333333
16.5
17.3
16.8166666667
16.7333333333
15.9491525424
15.4166666667
15.7166666667
16.7666666667
16.65
16.4
16.1016949153
16.05
15.8
17.2666666667
16.3833333333
16.4576271186
16.9333333333
16.1833333333
15.8
15.9166666667
16.1166666667
15.8644067797
15.3666666667
16.0
16.8833333333
16.3
16.1016949153
16.1833333333
15.6833333333
16.85
15.5166666667
15.7833333333
17.4385964912
--END OF 1--
22.2
21.5666666667
21.3898305085
23.5
20.7
21.3333333333
21.55
24.0166666667
21.1186440678
23.4666666667
22.4166666667
21.3666666667
22.0666666667
21.65
21.6949152542
22.6333333333
23.1333333333
21.85
21.6
21.95
22.2542372881
21.55
21.9666666667
20.6
20.3
21.6610169492
21.3333333333
20.1333333333
20.8666666667
20.8666666667
20.3833333333
20.9661016949
20.3666666667
19.8166666667
21.6666666667
20.75
21.45
20.9661016949
19.95
20.1833333333
22.6
21.0
21.2881355932
21.0666666667
21.85
21.0833333333
19.9333333333
20.9166666667
20.7118644068
19.6166666667
20.35
20.3333333333
19.85
20.8305084746
22.2
21.15
21.7166666667
20.35
21.5833333333
22.5614035088
--END OF 2--
22.5
21.8666666667
22.813559322
24.05
21.3
21.5333333333
22.7833333333
24.6166666667
21.7118644068
23.9666666667
22.75
21.4666666667
22.5666666667
22.2833333333
22.7288135593
22.9333333333
23.6666666667
22.45
21.7
21.95
22.3559322034
22.4
22.1166666667
20.9333333333
20.9166666667
22.1355932203
21.9666666667
21.1333333333
21.4333333333
21.55
21.5333333333
21.2372881356
20.5666666667
20.3666666667
22.2166666667
21.0
22.55
22.0508474576
20.6333333333
20.6166666667
23.5666666667
21.8
21.3898305085
21.3833333333
22.5333333333
21.3333333333
20.8
21.9166666667
20.8983050847
20.0166666667
20.35
20.3333333333
20.25
21.0847457627
22.5166666667
21.85
22.4166666667
20.7
23.1
23.0526315789
--END OF 3--
18.3
17.4666666667
17.7457627119
17.55
16.85
17.0833333333
17.3333333333
18.45
17.2542372881
18.6666666667
18.4
17.1833333333
17.2333333333
16.7166666667
16.7457627119
18.1333333333
18.1
16.95
17.3
17.35
17.1525423729
16.6666666667
16.7333333333
16.7166666667
16.3833333333
17.0508474576
17.3333333333
16.5
17.3
16.8166666667
16.7333333333
15.9491525424
15.4166666667
15.7166666667
16.7666666667
16.65
16.4
16.1016949153
16.05
15.8
17.2666666667
16.3833333333
16.4576271186
16.9333333333
16.1833333333
15.8
15.9166666667
16.1166666667
15.8644067797
15.3666666667
16.0
16.8833333333
16.3
16.1016949153
16.1833333333
15.6833333333
16.85
15.5166666667
15.7833333333
17.4385964912
--END OF 4--
22.2
21.5666666667
21.3898305085
23.5
20.7
21.3333333333
21.55
24.0166666667
21.1186440678
23.4666666667
22.4166666667
21.3666666667
22.0666666667
21.65
21.6949152542
22.6333333333
23.1333333333
21.85
21.6
21.95
22.2542372881
21.55
21.9666666667
20.6
20.3
21.6610169492
21.3333333333
20.1333333333
20.8666666667
20.8666666667
20.3833333333
20.9661016949
20.3666666667
19.8166666667
21.6666666667
20.75
21.45
20.9661016949
19.95
20.1833333333
22.6
21.0
21.2881355932
21.0666666667
21.85
21.0833333333
19.9333333333
20.9166666667
20.7118644068
19.6166666667
20.35
20.3333333333
19.85
20.8305084746
22.2
21.15
21.7166666667
20.35
21.5833333333
22.5614035088
--END OF 5--
22.5
21.8666666667
22.813559322
24.05
21.3
21.5333333333
22.7833333333
24.6166666667
21.7118644068
23.9666666667
22.75
21.4666666667
22.5666666667
22.2833333333
22.7288135593
22.9333333333
23.6666666667
22.45
21.7
21.95
22.3559322034
22.4
22.1166666667
20.9333333333
20.9166666667
22.1355932203
21.9666666667
21.1333333333
21.4333333333
21.55
21.5333333333
21.2372881356
20.5666666667
20.3666666667
22.2166666667
21.0
22.55
22.0508474576
20.6333333333
20.6166666667
23.5666666667
21.8
21.3898305085
21.3833333333
22.5333333333
21.3333333333
20.8
21.9166666667
20.8983050847
20.0166666667
20.35
20.3333333333
20.25
21.0847457627
22.5166666667
21.85
22.4166666667
20.7
23.1
23.0526315789
--END OF 6--
3353.55
3271.8
3241.47457627
3392.2
3201.4
3128.4
3166.2
3395.35
3143.84745763
3450.25
3373.5
3210.25
3287.65
3067.55
3146.84745763
3333.6
3291.9
3228.6
3130.5
3190.05
3143.44067797
3123.8
3147.4
3099.65
3047.8
3241.83050847
3318.95
3103.2
3211.9
3098.15
3051.0
3174.10169492
3097.2
3133.05
3290.4
3171.6
3090.45
3108.86440678
3043.75
3106.1
3203.65
3134.5
3108.50847458
3170.2
3057.45
3082.95
3047.45
3159.65
3145.52542373
2935.2
3015.3
3136.05
2952.6
2995.83050847
3027.5
3000.2
3231.4
2995.0
3036.85
3276.73684211
--END OF 7--
941.3
909.55
910.576271186
934.65
872.916666667
874.25
888.266666667
947.533333333
866.559322034
949.016666667
936.383333333
879.883333333
907.883333333
850.6
867.254237288
942.1
930.233333333
881.55
873.2
884.1
882.118644068
875.966666667
878.933333333
849.916666667
846.6
888.288135593
918.016666667
847.1
879.033333333
866.766666667
843.5
870.593220339
860.9
855.3
907.45
893.0
855.95
840.542372881
832.583333333
863.7
903.433333333
862.533333333
852.711864407
871.883333333
855.616666667
852.766666667
844.983333333
874.266666667
865.745762712
827.95
843.4
871.15
819.75
840.474576271
837.366666667
842.133333333
899.316666667
847.883333333
839.4
908.035087719
--END OF 8--
102.0
102.6
85.8813559322
131.6
87.1333333333
99.0666666667
101.6
119.983333333
95.9830508475
111.716666667
102.266666667
96.6
108.7
118.716666667
113.016949153
112.5
108.016666667
107.75
101.9
112.2
116.084745763
102.966666667
111.35
99.9
93.0
111.830508475
99.6166666667
87.9166666667
99.7333333333
106.966666667
102.866666667
111.983050847
108.1
95.6
104.0
98.85
109.0
103.152542373
96.7666666667
98.55
115.55
89.6166666667
108.779661017
101.85
119.116666667
110.366666667
107.9
106.816666667
110.474576271
98.8
103.65
98.1
83.9
101.949152542
119.883333333
107.566666667
113.8
110.2
115.833333333
124.350877193
--END OF 9--
1.7
2.5
4.84745762712
3.56666666667
3.71666666667
2.11666666667
5.56666666667
5.3
3.05084745763
4.75
3.73333333333
3.28333333333
3.0
5.28333333333
4.84745762712
2.35
4.76666666667
4.4
2.65
2.2
4.96610169492
5.5
2.73333333333
2.83333333333
3.2
3.96610169492
3.63333333333
4.93333333333
3.25
3.05
3.95
2.25423728814
3.05
4.05
4.95
4.0
5.45
6.81355932203
3.66666666667
3.86666666667
6.45
6.55
3.54237288136
2.45
6.05
4.8
2.75
6.23333333333
2.54237288136
4.1
3.1
1.35
2.65
3.32203389831
6.11666666667
5.95
2.86666666667
1.33333333333
6.56666666667
4.43859649123
--END OF 10--
0.0
0.0
2.54237288136
0.983333333333
1.3
0.216666666667
1.8
1.1
0.610169491525
0.0
0.5
0.166666666667
0.333333333333
0.533333333333
1.49152542373
0.5
1.13333333333
1.0
0.5
0.0
0.0
1.0
0.0
0.433333333333
0.0666666666667
0.508474576271
0.5
1.5
0.966666666667
1.35
1.23333333333
0.423728813559
0.15
0.7
1.05
0.6
1.05
1.59322033898
1.38333333333
0.566666666667
1.43333333333
1.48333333333
0.237288135593
0.4
0.383333333333
0.0
1.11666666667
1.3
0.28813559322
0.3
0.0
0.0
0.5
0.508474576271
0.716666666667
0.916666666667
0.666666666667
0.583333333333
1.8
0.456140350877
--END OF 11--
0.0
0.0
0.0
0.5
0.0
0.0
0.0
0.0
0.0
0.0
0.0
0.0
0.0
0.0
0.0
0.0
0.0
0.0
0.0
0.0
0.0
0.5
0.0
0.0
0.0
0.0
0.0
0.0
0.0
0.0
0.466666666667
0.0338983050847
0.0
0.0
0.0
0.0
0.5
0.0
0.0
0.383333333333
0.616666666667
0.5
0.0
0.0
0.0
0.0
0.8
0.7
0.203389830508
0.3
0.0
0.0
0.5
0.0
0.0
0.0
0.0
0.0
0.0
0.456140350877
--END OF 12--
