14.1333333333
14.95
15.1186440678
15.0166666667
14.7666666667
14.4666666667
15.4666666667
15.8333333333
15.4237288136
16.4833333333
15.45
15.5166666667
16.35
15.1666666667
14.5254237288
15.45
15.8666666667
15.4
15.4
15.3559322034
15.9666666667
15.4833333333
14.8333333333
14.1666666667
14.65
16.2881355932
15.8166666667
15.75
15.15
15.4
15.4237288136
15.7166666667
14.85
14.8333333333
16.7166666667
15.3
15.1355932203
14.65
16.5833333333
14.9833333333
15.3666666667
14.8666666667
15.2033898305
15.2833333333
16.7
15.5333333333
15.7333333333
16.1186440678
15.7333333333
15.7333333333
15.6166666667
16.2166666667
15.7166666667
15.9322033898
15.9833333333
13.6333333333
15.35
15.3333333333
15.2166666667
14.5
--END OF 1--
18.6833333333
20.6666666667
20.4237288136
19.25
20.4
20.5166666667
22.6
21.85
21.5593220339
21.5333333333
20.45
20.7333333333
21.8833333333
20.2
19.3050847458
20.9666666667
21.7
21.5166666667
20.1833333333
20.2203389831
20.65
20.65
19.8333333333
18.65
20.6333333333
21.1186440678
20.1666666667
21.15
20.8
20.9
21.3728813559
20.3833333333
19.9166666667
20.65
23.0
21.8833333333
20.5593220339
21.1
21.9333333333
20.75
19.9666666667
19.3
19.9661016949
21.1833333333
22.0
19.6333333333
21.0333333333
21.4576271186
20.6833333333
21.0166666667
20.8666666667
21.9166666667
21.3
21.3898305085
20.3833333333
18.3
20.5
19.4333333333
19.65
18.9137931034
--END OF 2--
19.2
21.4166666667
21.5084745763
19.8166666667
20.65
21.9666666667
23.0833333333
22.6
22.0847457627
21.9833333333
20.8
21.1833333333
22.4333333333
22.1833333333
20.8813559322
21.5166666667
22.0833333333
22.0666666667
20.75
20.2203389831
21.2333333333
22.0
20.2
19.75
21.0166666667
22.6949152542
21.4166666667
21.5
20.85
21.8
21.5254237288
21.0333333333
19.9166666667
21.05
23.0333333333
23.0833333333
20.9322033898
21.6166666667
23.1166666667
21.85
20.0666666667
19.3666666667
20.7627118644
22.1833333333
22.65
19.9833333333
21.9833333333
21.7118644068
21.7833333333
21.75
20.9166666667
22.9333333333
22.7666666667
22.1525423729
20.6333333333
18.6
21.25
19.6833333333
20.0333333333
20.3620689655
--END OF 3--
14.1333333333
14.95
15.1186440678
15.0166666667
14.7666666667
14.4666666667
15.4666666667
15.8333333333
15.4237288136
16.4833333333
15.45
15.5166666667
16.35
15.1666666667
14.5254237288
15.45
15.8666666667
15.4
15.4
15.3559322034
15.9666666667
15.4833333333
14.8333333333
14.1666666667
14.65
16.2881355932
15.8166666667
15.75
15.15
15.4
15.4237288136
15.7166666667
14.85
14.8333333333
16.7166666667
15.3
15.1355932203
14.65
16.5833333333
14.9833333333
15.3666666667
14.8666666667
15.2033898305
15.2833333333
16.7
15.5333333333
15.7333333333
16.1186440678
15.7333333333
15.7333333333
15.6166666667
16.2166666667
15.7166666667
15.9322033898
15.9833333333
13.6333333333
15.35
15.3333333333
15.2166666667
14.5
--END OF 4--
18.6833333333
20.6666666667
20.4237288136
19.25
20.4
20.5166666667
22.6
21.85
21.5593220339
21.5333333333
20.45
20.7333333333
21.8833333333
20.2
19.3050847458
20.9666666667
21.7
21.5166666667
20.1833333333
20.2203389831
20.65
20.65
19.8333333333
18.65
20.6333333333
21.1186440678
20.1666666667
21.15
20.8
20.9
21.3728813559
20.3833333333
19.9166666667
20.65
23.0
21.8833333333
20.5593220339
21.1
21.9333333333
20.75
19.9666666667
19.3
19.9661016949
21.1833333333
22.0
19.6333333333
21.0333333333
21.4576271186
20.6833333333
21.0166666667
20.8666666667
21.9166666667
21.3
21.3898305085
20.3833333333
18.3
20.5
19.4333333333
19.65
18.9137931034
--END OF 5--
19.2
21.4166666667
21.5084745763
19.8166666667
20.65
21.9666666667
23.0833333333
22.6
22.0847457627
21.9833333333
20.8
21.1833333333
22.4333333333
22.1833333333
20.8813559322
21.5166666667
22.0833333333
22.0666666667
20.75
20.2203389831
21.2333333333
22.0
20.2
19.75
21.0166666667
22.6949152542
21.4166666667
21.5
20.85
21.8
21.5254237288
21.0333333333
19.9166666667
21.05
23.0333333333
23.0833333333
20.9322033898
21.6166666667
23.1166666667
21.85
20.0666666667
19.3666666667
20.7627118644
22.1833333333
22.65
19.9833333333
21.9833333333
21.7118644068
21.7833333333
21.75
20.9166666667
22.9333333333
22.7666666667
22.1525423729
20.6333333333
18.6
21.25
19.6833333333
20.0333333333
20.3620689655
--END OF 6--
2725.5
2936.05
2850.45762712
2797.1
2865.05
2774.75
2926.65
2913.8
2871.50847458
3046.35
2983.35
2952.35
3015.0
2962.0
2797.88135593
2853.8
2995.4
2868.15
2903.1
2936.69491525
2964.85
2944.55
2901.3
2713.2
2926.8
3049.52542373
2894.4
2887.8
2806.2
2835.0
2925.50847458
2855.25
2802.45
2899.6
3082.8
2875.85
3001.77966102
2882.8
3035.85
2778.95
2945.9
2782.75
2944.11864407
2948.85
3020.7
2823.75
2914.95
2939.33898305
2910.2
2965.65
2850.85
3057.85
2849.9
2901.61016949
2941.15
2653.4
2972.95
2858.95
2834.4
2792.79310345
--END OF 7--
757.066666667
798.783333333
803.949152542
771.65
775.55
776.516666667
817.3
819.333333333
822.762711864
841.1
816.35
800.7
843.316666667
825.283333333
782.169491525
804.366666667
829.683333333
820.933333333
814.433333333
815.694915254
821.033333333
821.65
801.3
765.033333333
809.633333333
839.440677966
808.25
804.0
773.7
796.5
813.711864407
806.6
788.633333333
809.616666667
871.116666667
809.633333333
825.355932203
810.0
839.983333333
791.166666667
817.333333333
768.483333333
802.677966102
799.8
854.5
786.05
814.9
823.440677966
812.533333333
822.85
790.483333333
852.75
822.533333333
822.084745763
826.083333333
738.916666667
833.683333333
799.45
790.85
781.086206897
--END OF 8--
102.25
119.816666667
110.050847458
102.65
121.683333333
116.016666667
121.833333333
125.433333333
131.254237288
126.5
114.3
113.416666667
119.183333333
113.283333333
104.322033898
122.7
122.1
127.95
121.583333333
110.288135593
112.8
110.45
119.7
107.916666667
117.566666667
112.220338983
109.35
124.4
123.85
118.25
114.271186441
102.266666667
109.466666667
116.05
118.3
136.633333333
114.457627119
118.8
128.533333333
126.283333333
106.416666667
97.8833333333
100.694915254
120.0
113.6
98.8
109.55
123.372881356
126.816666667
125.85
120.183333333
113.6
122.4
118.86440678
101.133333333
100.05
102.233333333
116.066666667
100.916666667
106.568965517
--END OF 9--
5.66666666667
5.86666666667
5.96610169492
4.63333333333
3.66666666667
7.81666666667
8.41666666667
7.85
4.45762711864
3.8
2.3
3.71666666667
5.58333333333
7.16666666667
4.06779661017
6.46666666667
5.6
3.85
3.28333333333
2.27118644068
3.4
6.28333333333
3.26666666667
3.38333333333
6.01666666667
8.13559322034
4.9
2.7
5.4
5.85
6.86440677966
5.18333333333
3.16666666667
2.01666666667
6.1
9.2
4.69491525424
7.48333333333
5.83333333333
6.1
1.91666666667
2.35
4.84745762712
7.15
5.8
2.55
4.75
3.45762711864
5.1
2.35
3.15
7.61666666667
5.96666666667
3.83050847458
1.75
1.5
3.7
1.6
3.75
5.65517241379
--END OF 10--
0.65
0.883333333333
1.47457627119
0.233333333333
0.0
2.18333333333
0.816666666667
1.0
0.745762711864
0.8
0.6
0.4
0.55
2.25
2.32203389831
1.05
0.5
0.65
0.816666666667
0.0
0.95
1.73333333333
0.316666666667
2.0
0.433333333333
1.93220338983
2.1
0.5
0.0
0.95
0.0508474576271
0.933333333333
0.15
0.416666666667
0.0
1.9
0.610169491525
0.783333333333
1.45
1.43333333333
0.0
0.0666666666667
0.542372881356
1.4
0.95
0.15
0.7
0.203389830508
0.866666666667
1.1
0.0
1.05
2.55
1.25423728814
0.0
0.5
1.0
0.5
0.316666666667
1.51724137931
--END OF 11--
0.0
0.0
0.0
0.0
0.0
0.5
0.0
0.5
0.0
0.0
0.0
0.0
0.0
0.166666666667
0.0
0.0
0.0
0.0
0.0
0.0
0.266666666667
0.233333333333
0.0
0.0
0.0
0.0
0.0
0.5
0.0
0.0
0.0
0.0
0.0
0.0
0.0
0.0
0.0
0.0
0.766666666667
0.0
0.0
0.0
0.0
0.0
0.0
0.0
0.0
0.0
0.166666666667
0.0
0.0
0.5
0.0
0.0
0.0
0.0
0.5
0.0
0.316666666667
0.0
--END OF 12--
