13.45
14.0
14.15
14.2166666667
13.3333333333
13.5666666667
13.2666666667
14.4576271186
13.7166666667
13.4
12.65
14.1166666667
13.4333333333
12.1355932203
12.65
14.35
13.8
12.9833333333
13.2711864407
13.55
12.9166666667
13.05
13.95
14.0166666667
12.9152542373
14.4
14.0166666667
13.3666666667
13.1333333333
12.1355932203
13.2666666667
13.1166666667
12.3333333333
12.7666666667
14.2542372881
13.9333333333
13.2166666667
12.7333333333
13.65
12.6440677966
14.1666666667
14.2166666667
13.2333333333
13.9
13.8983050847
13.95
13.1833333333
13.2833333333
14.25
13.6440677966
13.25
13.75
13.9166666667
13.6
13.7457627119
13.8833333333
14.8666666667
13.1333333333
12.5333333333
13.6551724138
--END OF 1--
18.2333333333
19.9661016949
21.05
19.9166666667
18.1833333333
19.9666666667
20.8666666667
20.4576271186
19.2333333333
19.1833333333
17.2833333333
20.6666666667
20.6833333333
18.0338983051
17.8833333333
20.8166666667
20.5833333333
19.2666666667
19.0
18.95
19.0166666667
19.75
19.35
20.0166666667
19.2372881356
20.8833333333
20.4166666667
19.5333333333
19.1166666667
17.8474576271
19.6
19.2
18.9
17.5166666667
19.6440677966
19.9833333333
18.6666666667
18.4333333333
19.9
19.2372881356
20.45
19.6666666667
19.4333333333
20.15
18.7796610169
19.05
20.4333333333
19.9666666667
21.7166666667
19.406779661
19.35
20.4
20.3333333333
19.35
19.4576271186
19.95
19.75
19.1333333333
17.95
21.224137931
--END OF 2--
19.55
20.6271186441
21.85
20.0666666667
19.0333333333
20.2166666667
21.3166666667
21.7627118644
19.5833333333
20.45
18.05
21.45
21.7666666667
19.6101694915
18.6833333333
22.6833333333
21.7833333333
19.8833333333
20.6101694915
19.8
19.8166666667
20.5333333333
20.25
21.3666666667
20.2372881356
21.8
21.4666666667
20.45
20.2333333333
18.9152542373
20.1333333333
19.5166666667
19.9666666667
17.7833333333
20.1355932203
20.6333333333
19.0166666667
19.5333333333
20.35
21.186440678
21.3833333333
20.85
20.95
21.3333333333
19.3050847458
19.6
20.5666666667
21.65
22.1
19.9661016949
20.25
21.55
21.1333333333
19.8
20.3898305085
20.6333333333
19.8333333333
19.8833333333
18.3166666667
21.9310344828
--END OF 3--
13.45
14.0
14.15
14.2166666667
13.3333333333
13.5666666667
13.2666666667
14.4576271186
13.7166666667
13.4
12.65
14.1166666667
13.4333333333
12.1355932203
12.65
14.35
13.8
12.9833333333
13.2711864407
13.55
12.9166666667
13.05
13.95
14.0166666667
12.9152542373
14.4
14.0166666667
13.3666666667
13.1333333333
12.1355932203
13.2666666667
13.1166666667
12.3333333333
12.7666666667
14.2542372881
13.9333333333
13.2166666667
12.7333333333
13.65
12.6440677966
14.1666666667
14.2166666667
13.2333333333
13.9
13.8983050847
13.95
13.1833333333
13.2833333333
14.25
13.6440677966
13.25
13.75
13.9166666667
13.6
13.7457627119
13.8833333333
14.8666666667
13.1333333333
12.5333333333
13.6551724138
--END OF 4--
18.2333333333
19.9661016949
21.05
19.9166666667
18.1833333333
19.9666666667
20.8666666667
20.4576271186
19.2333333333
19.1833333333
17.2833333333
20.6666666667
20.6833333333
18.0338983051
17.8833333333
20.8166666667
20.5833333333
19.2666666667
19.0
18.95
19.0166666667
19.75
19.35
20.0166666667
19.2372881356
20.8833333333
20.4166666667
19.5333333333
19.1166666667
17.8474576271
19.6
19.2
18.9
17.5166666667
19.6440677966
19.9833333333
18.6666666667
18.4333333333
19.9
19.2372881356
20.45
19.6666666667
19.4333333333
20.15
18.7796610169
19.05
20.4333333333
19.9666666667
21.7166666667
19.406779661
19.35
20.4
20.3333333333
19.35
19.4576271186
19.95
19.75
19.1333333333
17.95
21.224137931
--END OF 5--
19.55
20.6271186441
21.85
20.0666666667
19.0333333333
20.2166666667
21.3166666667
21.7627118644
19.5833333333
20.45
18.05
21.45
21.7666666667
19.6101694915
18.6833333333
22.6833333333
21.7833333333
19.8833333333
20.6101694915
19.8
19.8166666667
20.5333333333
20.25
21.3666666667
20.2372881356
21.8
21.4666666667
20.45
20.2333333333
18.9152542373
20.1333333333
19.5166666667
19.9666666667
17.7833333333
20.1355932203
20.6333333333
19.0166666667
19.5333333333
20.35
21.186440678
21.3833333333
20.85
20.95
21.3333333333
19.3050847458
19.6
20.5666666667
21.65
22.1
19.9661016949
20.25
21.55
21.1333333333
19.8
20.3898305085
20.6333333333
19.8333333333
19.8833333333
18.3166666667
21.9310344828
--END OF 6--
2547.05
2555.59322034
2643.0
2653.5
2499.6
2582.85
2563.35
2679.91525424
2555.45
2549.1
2473.85
2726.65
2664.15
2457.30508475
2474.9
2693.15
2654.5
2496.4
2610.20338983
2623.8
2453.25
2474.8
2605.2
2616.85
2477.49152542
2656.6
2652.2
2602.45
2641.55
2564.23728814
2643.6
2626.3
2537.2
2558.5
2674.3220339
2596.05
2441.4
2464.35
2597.4
2483.74576271
2679.1
2673.35
2520.0
2596.75
2584.72881356
2735.25
2600.75
2530.15
2674.9
2609.28813559
2562.3
2570.7
2546.8
2631.3
2521.93220339
2609.15
2634.75
2490.6
2467.25
2670.36206897
--END OF 7--
710.466666667
711.389830508
737.65
759.85
714.6
726.95
729.25
757.016949153
713.45
714.533333333
667.85
740.283333333
742.166666667
671.0
681.466666667
764.166666667
740.266666667
692.366666667
711.898305085
732.45
705.4
700.783333333
736.5
729.966666667
695.542372881
746.25
752.583333333
717.066666667
735.033333333
696.813559322
737.483333333
718.6
699.533333333
710.6
746.305084746
723.65
697.55
694.2
722.2
685.169491525
755.983333333
744.933333333
705.283333333
730.2
723.203389831
756.983333333
709.283333333
712.9
751.316666667
726.220338983
699.95
728.05
721.583333333
723.3
711.881355932
736.416666667
751.366666667
684.883333333
668.733333333
756.362068966
--END OF 8--
98.95
128.084745763
130.45
118.95
113.75
121.0
131.95
132.220338983
123.466666667
127.983333333
113.05
124.733333333
136.2
114.440677966
109.7
128.033333333
134.45
133.333333333
119.813559322
122.15
122.05
125.066666667
104.4
126.933333333
121.898305085
113.25
134.666666667
121.316666667
123.783333333
110.372881356
112.633333333
115.933333333
135.116666667
104.633333333
118.084745763
121.75
122.3
114.0
127.05
121.355932203
134.7
121.666666667
121.4
126.166666667
110.305084746
120.916666667
141.783333333
128.516666667
131.016666667
114.898305085
123.15
126.7
121.65
117.25
124.322033898
122.366666667
124.15
120.166666667
122.866666667
134.293103448
--END OF 9--
5.6
6.33898305085
9.25
4.25
4.6
5.8
6.9
7.27118644068
3.75
5.4
2.61666666667
8.05
6.3
6.72881355932
4.23333333333
6.88333333333
7.71666666667
6.58333333333
6.86440677966
6.1
6.1
7.91666666667
5.1
6.68333333333
8.30508474576
11.1666666667
4.93333333333
6.9
5.98333333333
5.59322033898
10.1
5.73333333333
5.83333333333
5.45
5.77966101695
7.95
4.1
6.75
6.5
8.64406779661
4.45
6.73333333333
8.68333333333
7.8
4.5593220339
3.46666666667
5.23333333333
11.1666666667
7.36666666667
5.06779661017
5.9
8.15
8.03333333333
4.55
6.4406779661
7.95
2.68333333333
7.63333333333
3.36666666667
6.48275862069
--END OF 10--
2.2
1.32203389831
1.2
0.05
0.95
0.5
0.5
1.93220338983
0.716666666667
1.75
1.3
0.933333333333
1.6
2.20338983051
0.733333333333
3.2
1.68333333333
1.08333333333
2.38983050847
1.6
1.1
1.06666666667
1.65
2.25
2.0
1.9
1.9
0.866666666667
2.03333333333
0.898305084746
0.933333333333
0.533333333333
1.1
0.483333333333
0.932203389831
1.1
0.25
1.1
0.75
2.57627118644
1.36666666667
1.38333333333
2.2
1.2
0.491525423729
0.733333333333
0.116666666667
1.71666666667
0.166666666667
0.813559322034
0.6
1.35
0.983333333333
0.7
1.4406779661
0.583333333333
0.133333333333
1.3
0.566666666667
1.06896551724
--END OF 11--
0.233333333333
0.35593220339
0.65
0.0
0.5
0.0
0.5
0.508474576271
0.0
0.0
0.0
0.0
0.0
0.830508474576
0.45
0.766666666667
0.233333333333
0.0
0.35593220339
0.3
0.35
0.0
0.0
0.0
0.0
0.0
0.0
0.0
0.0
0.0
0.0
0.0
0.233333333333
0.0
0.0
0.0
0.0
0.5
0.0
0.0338983050847
0.466666666667
0.0
0.0
0.0
0.271186440678
0.733333333333
0.116666666667
0.883333333333
0.0
0.305084745763
0.2
0.5
0.0
0.5
0.0
0.0
0.0
0.0
0.0
0.275862068966
--END OF 12--
