25.6333333333
24.4666666667
26.45
25.406779661
25.35
25.0
24.4
24.9666666667
25.0166666667
24.4833333333
26.0677966102
24.5333333333
24.7
23.7333333333
24.45
23.3833333333
23.9491525424
23.0
23.0833333333
23.4666666667
25.4666666667
24.8305084746
23.1666666667
22.4666666667
22.9666666667
23.7166666667
23.1333333333
24.1186440678
23.2666666667
24.0666666667
22.9666666667
23.5166666667
23.9661016949
25.3333333333
23.05
23.6833333333
22.9666666667
23.8666666667
24.3050847458
24.85
24.5166666667
24.25
22.2833333333
23.7966101695
23.6166666667
24.0166666667
23.3166666667
22.25
23.1
22.0169491525
22.2833333333
21.9333333333
21.75
23.45
22.6271186441
22.6833333333
22.25
23.4166666667
22.6666666667
24.8867924528
--END OF 1--
34.7333333333
35.3
35.1833333333
35.4237288136
36.4833333333
35.4666666667
34.0333333333
34.6
33.7
35.0166666667
35.0847457627
33.8
33.1333333333
31.2833333333
34.35
32.1833333333
32.3389830508
33.15
33.6
33.8666666667
34.2166666667
34.5084745763
31.65
33.05
31.2833333333
32.75
31.25
34.0677966102
31.8666666667
34.0166666667
32.8666666667
32.9333333333
34.1186440678
33.9333333333
32.5
32.8333333333
33.5166666667
32.6166666667
32.406779661
33.7833333333
33.85
33.55
30.8166666667
33.406779661
32.8666666667
33.1333333333
32.7833333333
31.05
32.4333333333
30.7118644068
30.9333333333
31.9666666667
29.85
32.0333333333
30.4406779661
30.9166666667
31.1833333333
32.5666666667
30.9
34.8490566038
--END OF 2--
36.6833333333
36.45
36.4
37.3050847458
37.3333333333
35.9833333333
35.05
35.4666666667
34.4333333333
35.6
35.8305084746
35.9166666667
34.65
32.4
35.95
32.1833333333
32.6440677966
34.3833333333
34.8333333333
35.0666666667
36.3666666667
35.4915254237
32.3
35.0666666667
32.0
34.95
32.1833333333
35.3389830508
32.5
36.1666666667
35.4666666667
34.0166666667
35.2203389831
34.9833333333
33.95
34.0833333333
34.4666666667
32.8833333333
33.406779661
35.3833333333
35.2833333333
36.1333333333
31.8166666667
34.9491525424
33.4333333333
34.6166666667
33.5833333333
32.2166666667
33.4833333333
31.0169491525
31.1833333333
33.3166666667
30.45
32.5833333333
32.3389830508
31.8166666667
33.1
33.3833333333
32.0833333333
36.4150943396
--END OF 3--
23.0333333333
22.45
23.4
22.8474576271
22.8333333333
22.6666666667
22.4666666667
22.6833333333
22.7833333333
22.5
23.3220338983
22.3666666667
22.7
22.0333333333
22.4
21.9666666667
22.0508474576
21.65
21.4333333333
21.5333333333
22.9666666667
22.5762711864
21.7666666667
21.4666666667
21.65
22.1
21.8666666667
22.406779661
21.8
22.2
21.5833333333
21.9
21.9322033898
22.7833333333
21.7
21.9833333333
21.6166666667
22.0666666667
22.3559322034
22.75
22.4666666667
22.2333333333
21.2833333333
21.9661016949
21.8833333333
22.3833333333
21.9666666667
21.15
21.8166666667
21.0169491525
21.2833333333
20.8833333333
20.75
21.8333333333
21.2711864407
21.6333333333
21.2
21.8166666667
21.5166666667
22.5471698113
--END OF 4--
32.4833333333
32.8833333333
33.0166666667
32.9322033898
33.65
33.1166666667
32.1333333333
32.4666666667
32.0666666667
32.85
32.8813559322
31.9833333333
31.7333333333
30.3833333333
32.4666666667
30.9333333333
31.2033898305
31.65
31.75
31.8666666667
32.3166666667
32.4237288136
30.85
31.6333333333
30.4166666667
31.4
30.4333333333
32.2542372881
30.8333333333
32.0666666667
31.4666666667
31.5333333333
32.1694915254
32.1333333333
31.3
31.5333333333
31.8833333333
31.4666666667
31.2542372881
32.0833333333
32.2
31.9
30.0833333333
31.6779661017
31.55
31.8166666667
31.5166666667
30.4666666667
31.2166666667
30.0847457627
30.3333333333
30.8
29.5
30.8333333333
29.9491525424
30.25
30.4
31.4666666667
30.05
32.641509434
--END OF 5--
36.6833333333
36.45
36.4
37.3050847458
37.3333333333
35.9833333333
35.05
35.4666666667
34.4333333333
35.6
35.8305084746
35.9166666667
34.65
32.4
35.95
32.1833333333
32.6440677966
34.3833333333
34.8333333333
35.0666666667
36.3666666667
35.4915254237
32.3
35.0666666667
32.0
34.95
32.1833333333
35.3389830508
32.5
36.1666666667
35.4666666667
34.0166666667
35.2203389831
34.9833333333
33.95
34.0833333333
34.4666666667
32.8833333333
33.406779661
35.3833333333
35.2833333333
36.1333333333
31.8166666667
34.9491525424
33.4333333333
34.6166666667
33.5833333333
32.2166666667
33.4833333333
31.0169491525
31.1833333333
33.3166666667
30.45
32.5833333333
32.3389830508
31.8166666667
33.1
33.3833333333
32.0833333333
36.4150943396
--END OF 6--
4811.6
4567.15
4705.8
4647.30508475
4780.95
4639.95
4516.65
4622.4
4630.95
4555.95
4710.66101695
4542.2
4500.75
4310.7
4552.45
4348.7
4414.88135593
4425.3
4461.2
4524.25
4614.9
4496.94915254
4261.9
4339.45
4275.25
4385.5
4226.75
4359.61016949
4246.5
4506.15
4384.3
4366.9
4492.01694915
4586.55
4260.3
4365.3
4326.65
4400.0
4348.42372881
4542.3
4452.4
4601.7
4193.4
4220.89830508
4493.25
4269.65
4310.3
4054.1
4187.25
4091.54237288
4226.85
4158.6
4040.55
4284.8
4131.91525424
4160.65
4122.4
4269.2
4210.35
4616.43396226
--END OF 7--
1326.6
1261.61666667
1312.93333333
1282.01694915
1305.55
1294.58333333
1243.8
1289.28333333
1285.2
1265.53333333
1313.57627119
1275.65
1249.58333333
1215.03333333
1249.93333333
1199.8
1231.11864407
1227.61666667
1248.48333333
1257.38333333
1294.95
1262.52542373
1185.78333333
1191.2
1177.51666667
1210.18333333
1173.58333333
1214.45762712
1182.1
1255.83333333
1215.96666667
1212.8
1254.91525424
1290.65
1177.75
1223.9
1198.81666667
1227.83333333
1227.25423729
1277.36666667
1251.5
1274.36666667
1158.33333333
1207.94915254
1243.0
1232.61666667
1197.66666667
1139.8
1189.26666667
1149.08474576
1165.05
1176.56666667
1138.7
1198.83333333
1139.91525424
1170.31666667
1148.8
1194.43333333
1172.05
1279.79245283
--END OF 8--
192.483333333
213.333333333
207.633333333
208.559322034
223.7
202.616666667
198.25
192.833333333
191.65
219.016666667
207.118644068
184.516666667
183.516666667
174.866666667
202.483333333
189.25
174.711864407
186.133333333
203.533333333
197.833333333
198.85
201.949152542
174.983333333
197.3
176.2
187.1
180.266666667
195.661016949
192.666666667
199.95
199.15
192.166666667
211.033898305
181.55
198.75
193.25
212.566666667
186.833333333
175.440677966
205.4
193.216666667
194.9
165.216666667
196.644067797
186.716666667
201.95
196.116666667
185.466666667
197.083333333
171.169491525
184.9
197.35
178.95
187.15
158.186440678
175.666666667
192.416666667
196.983333333
168.25
202.320754717
--END OF 9--
7.3
9.5
5.63333333333
14.9661016949
9.83333333333
9.73333333333
8.78333333333
8.31666666667
5.95
6.81666666667
3.40677966102
10.7833333333
9.08333333333
5.55
11.6166666667
3.96666666667
6.4406779661
10.8666666667
7.28333333333
8.93333333333
9.25
9.16949152542
5.5
13.65
7.38333333333
11.6166666667
5.38333333333
9.20338983051
5.2
10.8
13.0666666667
6.15
8.15254237288
9.2
10.65
9.15
9.63333333333
4.56666666667
8.20338983051
6.21666666667
10.15
11.4333333333
10.1
9.22033898305
5.7
9.08333333333
9.76666666667
9.76666666667
8.0
6.5593220339
6.2
9.36666666667
5.15
6.16666666667
10.6779661017
6.48333333333
8.5
7.41666666667
7.56666666667
10.4150943396
--END OF 10--
2.95
1.33333333333
1.8
1.98305084746
1.15
0.333333333333
0.95
0.866666666667
0.883333333333
0.833333333333
0.932203389831
3.01666666667
1.95
1.76666666667
2.73333333333
0.0
0.508474576271
1.91666666667
1.6
1.93333333333
2.8
1.33898305085
0.583333333333
2.23333333333
0.916666666667
3.13333333333
0.95
1.1186440678
1.01666666667
3.43333333333
3.9
1.16666666667
1.5593220339
0.95
2.3
1.8
1.9
0.85
1.28813559322
2.21666666667
1.53333333333
4.48333333333
1.21666666667
1.50847457627
1.13333333333
2.4
0.65
1.36666666667
1.91666666667
0.627118644068
0.25
1.6
0.5
0.6
2.81355932203
0.45
2.11666666667
1.01666666667
1.63333333333
2.75471698113
--END OF 11--
0.2
0.0666666666667
0.0
0.508474576271
0.0
0.0
0.0
0.0
0.0
0.0
0.0
0.0
0.0
0.466666666667
0.0
0.0
0.0
0.05
0.433333333333
0.35
0.0
0.0
0.0
0.0
0.233333333333
0.766666666667
0.333333333333
0.677966101695
0.116666666667
0.0833333333333
0.4
0.0
0.0
0.2
0.3
0.1
0.166666666667
0.0
0.0
0.133333333333
0.466666666667
0.433333333333
0.1
0.474576271186
0.0
0.5
0.0
0.0
0.5
0.0
0.0
0.0
0.0
0.0
0.0
0.0
0.5
0.0
0.466666666667
0.283018867925
--END OF 12--
