25.3333333333
24.7
23.7666666667
24.1833333333
24.186440678
24.95
23.4833333333
24.2166666667
23.7666666667
23.3333333333
24.6333333333
23.2033898305
23.9166666667
24.5833333333
23.5
23.0
23.5333333333
23.6440677966
23.1666666667
23.95
23.6
22.4666666667
25.1016949153
24.5166666667
24.2166666667
23.5333333333
23.7333333333
24.5666666667
22.6610169492
23.3166666667
22.9333333333
23.7833333333
23.5666666667
23.7166666667
23.3220338983
24.55
24.4833333333
25.0333333333
23.6
24.186440678
24.1166666667
24.65
24.65
25.55
23.85
23.8305084746
24.8
24.3333333333
23.8
24.0833333333
23.8166666667
23.4745762712
23.7666666667
23.6833333333
24.15
23.6333333333
24.1
24.2333333333
24.3220338983
24.3333333333
--END OF 1--
34.9333333333
33.6
33.9333333333
32.9166666667
33.9152542373
33.1
32.6833333333
33.1333333333
33.6
32.7
33.7333333333
31.5762711864
33.75
34.3833333333
32.7833333333
31.7333333333
33.1166666667
33.7966101695
31.95
33.05
32.65
31.2166666667
34.2881355932
33.8166666667
32.4666666667
32.45
33.0333333333
33.4166666667
30.2542372881
31.9166666667
31.7
33.8
32.1333333333
32.0166666667
32.1525423729
33.75
32.8166666667
35.0
32.55
33.6440677966
32.35
32.65
32.95
34.0
32.1666666667
31.7796610169
33.75
34.0333333333
32.95
31.8
33.75
31.2033898305
33.5333333333
31.7666666667
31.6666666667
31.9333333333
33.8166666667
33.55
34.2881355932
34.7894736842
--END OF 2--
36.7333333333
34.5
35.2166666667
33.2166666667
34.8644067797
34.85
34.8
34.45
34.6333333333
33.75
34.0833333333
33.1355932203
34.7
35.3666666667
33.8833333333
32.25
33.8
35.813559322
34.6166666667
34.2166666667
34.1333333333
32.55
35.406779661
36.0166666667
33.1166666667
35.0
35.1666666667
34.75
30.9661016949
32.25
33.15
34.4166666667
33.7666666667
33.1333333333
33.0
34.1
34.55
35.9833333333
35.4166666667
34.2881355932
33.1333333333
32.65
34.3
35.5
32.5333333333
32.3389830508
34.0666666667
35.05
34.0
32.4166666667
34.6333333333
32.0677966102
34.4
33.2833333333
33.35
33.4666666667
36.25
34.3166666667
35.593220339
36.5789473684
--END OF 3--
22.8833333333
22.5666666667
22.0
22.3
22.186440678
22.85
21.9333333333
22.2166666667
22.0833333333
21.9
22.6
21.9491525424
22.0333333333
22.3666666667
21.75
21.6833333333
21.65
21.6779661017
21.7
22.15
22.0
21.2333333333
22.7966101695
22.5166666667
21.8666666667
21.7333333333
21.8833333333
22.55
21.3220338983
21.7833333333
21.2166666667
21.9166666667
22.0333333333
22.0
22.0
22.55
22.35
22.8333333333
22.15
22.186440678
22.25
22.5
22.55
23.05
22.1166666667
22.0847457627
22.65
22.25
22.25
22.2
22.05
22.0
22.1
21.9333333333
22.2666666667
22.0
22.1333333333
22.3166666667
22.3728813559
22.4385964912
--END OF 4--
32.7666666667
32.0333333333
32.0166666667
31.6
32.1525423729
31.9
31.4833333333
31.6666666667
32.0166666667
31.55
32.1
30.6779661017
32.05
32.35
31.25
30.6666666667
31.3333333333
31.7966101695
30.8333333333
31.4833333333
31.55
30.5833333333
32.2881355932
32.0666666667
31.1166666667
30.9833333333
31.3833333333
31.8166666667
29.7118644068
30.8833333333
30.6
31.8
31.0666666667
30.9166666667
31.1016949153
32.1
31.45
32.7166666667
31.2666666667
32.0
31.25
31.3
31.75
32.25
31.0666666667
30.8305084746
32.05
32.1833333333
31.6
30.8
32.0
30.4576271186
31.9333333333
30.9
30.7666666667
30.8333333333
32.1
31.7833333333
32.2542372881
32.6315789474
--END OF 5--
36.7333333333
34.5
35.2166666667
33.2166666667
34.8644067797
34.85
34.8
34.45
34.6333333333
33.75
34.0833333333
33.1355932203
34.7
35.3666666667
33.8833333333
32.25
33.8
35.813559322
34.6166666667
34.2166666667
34.1333333333
32.55
35.406779661
36.0166666667
33.1166666667
35.0
35.1666666667
34.75
30.9661016949
32.25
33.15
34.4166666667
33.7666666667
33.1333333333
33.0
34.1
34.55
35.9833333333
35.4166666667
34.2881355932
33.1333333333
32.65
34.3
35.5
32.5333333333
32.3389830508
34.0666666667
35.05
34.0
32.4166666667
34.6333333333
32.0677966102
34.4
33.2833333333
33.35
33.4666666667
36.25
34.3166666667
35.593220339
36.5789473684
--END OF 6--
4559.75
4465.8
4396.95
4344.75
4527.96610169
4541.1
4288.4
4435.4
4406.95
4336.0
4562.4
4290.91525424
4458.7
4586.45
4267.45
4218.7
4386.6
4430.6440678
4344.15
4361.1
4380.55
4247.65
4672.16949153
4552.95
4455.45
4418.9
4482.8
4523.7
4207.27118644
4437.95
4433.7
4424.3
4314.65
4280.95
4259.44067797
4516.15
4451.65
4667.4
4401.05
4354.88135593
4391.6
4361.1
4384.35
4608.75
4280.8
4275.3559322
4457.75
4499.15
4321.85
4353.8
4501.5
4280.18644068
4371.15
4453.4
4476.05
4329.15
4448.7
4524.65
4600.16949153
4429.47368421
--END OF 7--
1281.8
1252.65
1232.15
1228.3
1262.57627119
1262.4
1205.16666667
1242.31666667
1229.5
1207.6
1267.15
1198.30508475
1233.81666667
1290.58333333
1203.28333333
1182.36666667
1234.13333333
1260.98305085
1205.21666667
1234.11666667
1217.7
1167.41666667
1272.05084746
1261.4
1256.25
1228.03333333
1248.65
1247.9
1165.16949153
1213.8
1237.73333333
1256.91666667
1205.73333333
1205.51666667
1180.42372881
1251.73333333
1246.43333333
1299.0
1213.8
1237.01694915
1227.13333333
1227.75
1240.95
1295.45
1219.93333333
1209.11864407
1242.1
1253.11666667
1209.86666667
1215.7
1253.08333333
1196.23728814
1234.55
1217.7
1228.25
1217.61666667
1262.2
1262.56666667
1260.61016949
1243.73684211
--END OF 8--
205.733333333
190.25
209.15
195.633333333
193.050847458
178.95
198.0
176.466666667
197.3
194.116666667
193.666666667
179.457627119
195.716666667
195.966666667
201.0
183.816666667
195.2
193.016949153
183.066666667
186.6
185.3
180.183333333
195.93220339
193.45
171.45
193.55
205.7
191.983333333
164.474576271
176.85
184.066666667
200.166666667
200.966666667
200.15
201.406779661
201.35
192.95
197.983333333
179.533333333
196.338983051
186.3
191.55
196.05
183.1
179.316666667
176.389830508
201.316666667
192.916666667
181.266666667
165.966666667
194.233333333
179.847457627
196.916666667
165.783333333
165.533333333
169.983333333
183.266666667
196.033333333
193.084745763
193.877192982
--END OF 9--
6.63333333333
6.4
9.46666666667
6.06666666667
7.40677966102
7.35
9.5
7.88333333333
9.66666666667
7.63333333333
5.76666666667
6.8813559322
9.13333333333
8.0
7.23333333333
8.25
11.1
13.8644067797
9.56666666667
9.21666666667
9.15
6.68333333333
7.01694915254
8.4
7.45
8.85
9.26666666667
8.81666666667
5.4406779661
6.95
6.25
9.21666666667
8.41666666667
6.56666666667
7.13559322034
6.51666666667
6.68333333333
8.55
12.4333333333
9.72881355932
4.66666666667
4.3
6.7
10.55
3.5
6.91525423729
7.66666666667
7.46666666667
10.4
6.16666666667
6.98333333333
4.37288135593
6.25
7.56666666667
9.26666666667
12.1666666667
13.6333333333
6.83333333333
11.813559322
15.2105263158
--END OF 10--
2.18333333333
1.0
1.88333333333
0.433333333333
1.45762711864
2.65
2.61666666667
1.81666666667
1.7
1.36666666667
0.3
2.32203389831
1.65
1.26666666667
1.25
0.65
0.9
2.42372881356
3.33333333333
1.78333333333
1.55
2.23333333333
1.89830508475
2.05
0.7
3.15
3.05
2.11666666667
0.966101694915
0.433333333333
2.0
0.75
2.28333333333
1.01666666667
1.30508474576
0.55
2.53333333333
1.1
3.9
0.694915254237
1.21666666667
0.05
2.5
1.0
0.433333333333
0.796610169492
0.833333333333
1.6
2.06666666667
1.11666666667
0.733333333333
0.881355932203
1.26666666667
2.71666666667
2.2
2.28333333333
3.56666666667
1.11666666667
1.96610169492
2.31578947368
--END OF 11--
1.01666666667
0.0
0.283333333333
0.4
0.491525423729
0.7
0.8
0.0
0.0
0.433333333333
0.0
0.0
0.0
0.0
0.25
0.416666666667
0.0
0.508474576271
1.13333333333
0.4
0.416666666667
1.05
0.0338983050847
0.8
0.2
0.8
0.933333333333
0.633333333333
0.0
0.0
1.5
0.0
0.0
0.0
0.0
0.0
0.333333333333
0.416666666667
2.4
0.186440677966
0.0
0.0
0.0
0.0
0.233333333333
0.0
0.0
0.0
0.0
0.0
0.233333333333
0.0677966101695
0.466666666667
0.0
0.0
0.5
0.0
0.0
0.254237288136
0.508771929825
--END OF 12--
