25.7833333333
26.9333333333
26.2542372881
25.7833333333
27.0333333333
27.1833333333
26.7
25.7833333333
25.2333333333
26.5423728814
26.7
25.4833333333
26.25
25.8666666667
26.6833333333
27.0169491525
25.85
26.55
25.65
25.8333333333
25.7
27.1016949153
27.55
26.15
25.9
27.0666666667
26.7457627119
27.4
26.4
25.7833333333
25.25
26.2333333333
26.1355932203
25.5333333333
27.9666666667
26.2166666667
27.1
25.7
25.6949152542
24.6166666667
24.7166666667
26.0333333333
25.8333333333
26.3898305085
27.4333333333
27.0166666667
26.5833333333
27.05
27.1
26.8644067797
28.2333333333
27.3166666667
27.55
27.9333333333
27.5084745763
26.05
27.4166666667
27.2166666667
27.2833333333
24.8301886792
--END OF 1--
37.5833333333
38.0666666667
38.3050847458
38.1166666667
37.6
39.0666666667
37.65
36.0666666667
35.5
39.6271186441
38.0666666667
38.5166666667
38.2666666667
35.8166666667
38.8166666667
40.0
36.95
36.95
37.1666666667
37.7833333333
37.8666666667
39.6271186441
38.4333333333
37.05
36.1166666667
38.25
38.3050847458
38.8
39.1833333333
38.0333333333
37.1833333333
37.7666666667
39.9830508475
36.7833333333
39.1666666667
36.2833333333
37.85
35.9333333333
37.8813559322
36.0833333333
35.1666666667
38.3833333333
38.1166666667
37.2711864407
39.5833333333
39.4166666667
38.4333333333
38.0166666667
37.45
38.3898305085
39.2833333333
39.3833333333
38.8166666667
41.0666666667
38.6440677966
37.5
38.5666666667
39.0666666667
39.5
35.7924528302
--END OF 2--
38.3166666667
39.8833333333
39.8644067797
38.9
39.2
40.5333333333
39.3333333333
36.7166666667
36.3333333333
41.4237288136
38.7166666667
40.8166666667
39.2666666667
35.85
39.3833333333
42.6779661017
37.1
37.8
38.9833333333
38.35
39.5166666667
42.0169491525
41.4666666667
38.05
37.3333333333
39.3
39.5423728814
40.1833333333
40.5
38.7666666667
38.45
39.9833333333
41.5593220339
37.8333333333
40.6833333333
37.1666666667
39.9833333333
37.0166666667
39.3898305085
37.7333333333
36.75
39.2666666667
39.9666666667
38.6610169492
40.2833333333
40.2166666667
39.8833333333
39.0666666667
39.2166666667
39.2203389831
40.15
41.4666666667
39.9333333333
42.65
41.2711864407
40.3333333333
39.75
40.95
40.5666666667
36.5094339623
--END OF 3--
23.0666666667
23.7
23.2881355932
23.1
23.7333333333
23.7
23.3833333333
22.9
22.6666666667
23.4915254237
23.5666666667
22.8833333333
23.3833333333
23.0166666667
23.6333333333
23.6101694915
22.75
23.15
22.6666666667
22.8
23.0333333333
23.6101694915
23.8833333333
23.0666666667
23.15
23.5333333333
23.406779661
23.6333333333
23.2833333333
22.95
22.75
23.4
23.406779661
22.8833333333
24.25
23.35
23.8166666667
22.8333333333
22.8474576271
22.2
22.5166666667
23.2833333333
23.1833333333
23.3728813559
23.8166666667
23.8
23.55
23.7
23.65
23.6271186441
24.3
23.9333333333
23.8833333333
24.1166666667
24.0508474576
23.25
24.0333333333
23.9
23.9
22.7358490566
--END OF 4--
34.45
34.6666666667
34.813559322
34.7333333333
34.4166666667
35.1666666667
34.2666666667
33.3166666667
32.9166666667
35.5254237288
34.6666666667
34.8833333333
34.7166666667
33.0833333333
35.2166666667
35.6779661017
33.85
33.75
33.6333333333
34.1666666667
34.5166666667
35.3220338983
34.7166666667
33.7833333333
33.4166666667
34.65
34.6779661017
34.6333333333
35.1333333333
34.5
33.9833333333
34.35
35.7966101695
33.8333333333
35.3333333333
33.6
34.45
33.0833333333
34.3898305085
33.1833333333
32.9
34.85
34.5833333333
33.9322033898
35.5166666667
35.4166666667
34.6833333333
34.7
34.3666666667
34.813559322
35.4166666667
35.3333333333
34.9666666667
36.25
35.0677966102
34.3166666667
35.05
35.2833333333
35.5333333333
33.1509433962
--END OF 5--
38.3166666667
39.8833333333
39.8644067797
38.9
39.2
40.5333333333
39.3333333333
36.7166666667
36.3333333333
41.4237288136
38.7166666667
40.8166666667
39.2666666667
35.85
39.3833333333
42.3220338983
37.1
37.8
38.9833333333
38.35
39.5166666667
42.0169491525
41.4666666667
38.05
37.3333333333
39.3
39.5423728814
40.1833333333
40.4166666667
38.7666666667
38.45
39.95
41.4915254237
37.8333333333
40.6833333333
37.1666666667
39.9833333333
37.0166666667
39.3898305085
37.7333333333
36.75
39.2666666667
39.9666666667
38.6610169492
40.2833333333
40.2166666667
39.8833333333
39.0666666667
39.2166666667
39.2203389831
40.15
41.4666666667
39.9333333333
42.65
41.2711864407
40.3333333333
39.75
40.95
40.5666666667
36.5094339623
--END OF 6--
4619.35
4802.3
4732.22033898
4643.85
4847.15
4990.55
4803.3
4769.75
4614.8
4907.33898305
4848.05
4748.9
4782.95
4744.7
4822.0
4985.28813559
4836.0
4819.2
4825.45
4862.9
4831.0
4938.71186441
4906.25
4851.9
4710.45
4832.55
4896.76271186
5095.5
4871.2
4798.25
4645.75
4897.95
4860.81355932
4712.1
4849.9
4761.85
4822.15
4778.8
4765.83050847
4757.0
4543.55
4783.1
4778.8
4872.15254237
5160.5
4971.05
4879.05
4945.6
4875.95
4912.47457627
5018.8
4937.6
4999.0
5112.15
4920.15254237
4811.05
4913.45
4898.5
4928.15
4537.35849057
--END OF 7--
1314.06666667
1354.81666667
1354.08474576
1333.58333333
1353.56666667
1407.68333333
1357.51666667
1325.53333333
1287.41666667
1379.30508475
1359.18333333
1318.73333333
1342.71666667
1313.08333333
1358.18333333
1415.91525424
1343.6
1362.55
1352.95
1350.06666667
1360.6
1402.93220339
1387.53333333
1358.8
1319.78333333
1383.81666667
1378.88135593
1426.5
1387.91666667
1364.75
1305.05
1348.58333333
1353.44067797
1325.75
1385.91666667
1340.6
1366.43333333
1329.63333333
1335.74576271
1323.76666667
1258.1
1351.23333333
1345.9
1340.72881356
1435.65
1399.05
1367.18333333
1368.73333333
1355.45
1375.23728814
1421.93333333
1392.76666667
1415.76666667
1450.71666667
1398.11864407
1340.76666667
1390.98333333
1363.2
1396.48333333
1273.05660377
--END OF 8--
241.333333333
229.15
238.152542373
249.55
223.75
243.333333333
235.55
215.25
216.383333333
251.288135593
245.266666667
248.333333333
246.3
210.133333333
239.5
260.779661017
230.65
229.0
235.233333333
241.466666667
242.8
245.949152542
238.55
233.166666667
210.15
234.083333333
232.813559322
246.566666667
253.4
247.15
246.033333333
243.8
260.457627119
224.75
242.35
204.55
237.316666667
226.433333333
238.389830508
235.75
225.1
228.466666667
238.033333333
215.050847458
249.666666667
246.45
247.466666667
243.516666667
224.9
238.86440678
228.016666667
247.1
239.983333333
252.916666667
237.694915254
243.45
239.083333333
244.55
244.4
226.867924528
--END OF 9--
7.33333333333
13.8833333333
9.45762711864
9.41666666667
11.4166666667
9.45
9.91666666667
6.88333333333
10.1666666667
11.9661016949
8.06666666667
14.8666666667
10.0833333333
6.8
10.6833333333
13.6949152542
5.5
6.2
9.43333333333
7.61666666667
11.7833333333
14.3220338983
14.8
10.4
9.18333333333
9.65
11.8305084746
9.36666666667
10.6333333333
8.35
9.61666666667
12.1166666667
13.8644067797
9.3
10.8166666667
7.88333333333
11.2166666667
6.63333333333
11.8813559322
9.8
9.65
13.1333333333
13.65
12.0338983051
7.51666666667
8.4
8.06666666667
8.15
11.5333333333
9.22033898305
9.13333333333
14.3
8.63333333333
14.1
11.813559322
12.8166666667
7.63333333333
11.9666666667
9.8
10.4905660377
--END OF 10--
0.85
2.65
2.01694915254
1.0
1.28333333333
1.83333333333
1.4
1.11666666667
1.4
2.62711864407
0.583333333333
3.03333333333
1.6
0.0333333333333
0.766666666667
3.69491525424
0.5
0.75
1.78333333333
0.35
1.76666666667
3.23728813559
4.26666666667
1.5
0.766666666667
0.966666666667
1.61016949153
2.58333333333
1.68333333333
0.983333333333
1.38333333333
3.11666666667
2.27118644068
1.7
2.01666666667
1.23333333333
3.36666666667
1.71666666667
2.61016949153
2.06666666667
2.05
1.35
2.16666666667
2.05084745763
0.716666666667
0.833333333333
1.5
1.8
2.75
0.830508474576
1.21666666667
2.46666666667
1.98333333333
2.98333333333
3.71186440678
1.91666666667
0.85
3.01666666667
1.48333333333
1.52830188679
--END OF 11--
0.0
0.0
0.474576271186
0.233333333333
0.0
0.233333333333
0.933333333333
0.0
0.0
0.745762711864
0.166666666667
0.0
0.0
0.0
0.0
1.52542372881
0.0
0.0
0.466666666667
0.0
0.366666666667
0.745762711864
0.766666666667
0.166666666667
0.5
0.0
0.28813559322
0.183333333333
0.0
0.0
0.5
0.566666666667
0.864406779661
0.95
0.333333333333
0.0
0.0
0.0
0.423728813559
0.916666666667
0.283333333333
0.216666666667
0.383333333333
0.830508474576
0.0
0.0
0.233333333333
0.233333333333
0.0
0.406779661017
0.266666666667
0.0
0.0
0.0
0.440677966102
0.0
0.533333333333
0.5
0.5
0.0
--END OF 12--
