10.4576271186
10.5333333333
10.8166666667
10.3333333333
11.2666666667
11.7166666667
9.54237288136
10.1833333333
10.0833333333
10.2833333333
10.9166666667
10.45
10.6779661017
11.3333333333
10.65
10.45
10.0
10.9333333333
10.5762711864
9.76666666667
11.6333333333
11.9
10.7333333333
10.8644067797
11.05
10.8833333333
10.5666666667
10.4666666667
10.8305084746
11.1666666667
11.3
10.85
11.65
12.1
11.2542372881
11.0666666667
11.1
11.4166666667
11.9666666667
12.3389830508
11.25
11.1
11.1
10.5333333333
11.2166666667
11.0508474576
10.4
11.0166666667
10.8333333333
10.5833333333
11.4915254237
11.5666666667
11.6333333333
11.5833333333
11.1
11.7
11.4745762712
11.3
10.6333333333
10.1578947368
--END OF 1--
13.8644067797
14.9333333333
14.4
14.0833333333
14.6666666667
15.4833333333
13.2711864407
13.65
13.3
13.5833333333
13.9833333333
14.4
14.1694915254
15.1333333333
14.55
13.7
14.1
15.45
14.3559322034
14.35
14.7333333333
16.8166666667
14.75
14.9661016949
14.7666666667
14.55
13.4666666667
13.9166666667
14.5423728814
16.0666666667
15.45
14.4
14.1
15.2
15.1016949153
14.5833333333
14.8666666667
15.3333333333
15.45
16.0508474576
15.0166666667
16.0
15.4833333333
14.7
15.9
14.1355932203
13.0
14.7166666667
14.1333333333
13.2833333333
14.9491525424
15.85
14.9
15.65
15.2833333333
14.65
14.3898305085
14.75
15.45
12.7368421053
--END OF 2--
14.9830508475
15.5166666667
15.2333333333
15.15
15.3833333333
15.4833333333
14.0508474576
13.9833333333
14.2
14.2833333333
14.4
16.55
14.7118644068
15.9
15.15
14.55
14.35
15.8
14.9491525424
14.7
15.2833333333
17.0
15.2333333333
15.0847457627
15.1333333333
15.25
13.7166666667
14.7666666667
15.0847457627
16.7666666667
15.65
14.7
14.8
16.1
15.2542372881
14.5833333333
16.0666666667
16.0833333333
15.7
16.9322033898
15.15
16.25
15.85
15.4333333333
16.25
15.1016949153
13.85
14.7666666667
14.1333333333
13.2833333333
15.5762711864
16.0833333333
15.8
15.95
15.6333333333
15.2333333333
14.9830508475
15.0833333333
16.0
12.7368421053
--END OF 3--
10.4576271186
10.5333333333
10.8166666667
10.3333333333
11.2666666667
11.7166666667
9.54237288136
10.1833333333
10.0833333333
10.2833333333
10.9166666667
10.45
10.6779661017
11.3333333333
10.65
10.45
10.0
10.9333333333
10.5762711864
9.76666666667
11.6333333333
11.9
10.7333333333
10.8644067797
11.05
10.8833333333
10.5666666667
10.4666666667
10.8305084746
11.1666666667
11.3
10.85
11.65
12.1
11.2542372881
11.0666666667
11.1
11.4166666667
11.9666666667
12.3389830508
11.25
11.1
11.1
10.5333333333
11.2166666667
11.0508474576
10.4
11.0166666667
10.8333333333
10.5833333333
11.4915254237
11.5666666667
11.6333333333
11.5833333333
11.1
11.7
11.4745762712
11.3
10.6333333333
10.1578947368
--END OF 4--
13.8644067797
14.9333333333
14.4
14.0833333333
14.6666666667
15.4833333333
13.2711864407
13.65
13.3
13.5833333333
13.9833333333
14.4
14.1694915254
15.1333333333
14.55
13.7
14.1
15.45
14.3559322034
14.35
14.7333333333
16.8166666667
14.75
14.9661016949
14.7666666667
14.55
13.4666666667
13.9166666667
14.5423728814
16.0666666667
15.45
14.4
14.1
15.2
15.1016949153
14.5833333333
14.8666666667
15.3333333333
15.45
16.0508474576
15.0166666667
16.0
15.4833333333
14.7
15.9
14.1355932203
13.0
14.7166666667
14.1333333333
13.2833333333
14.9491525424
15.85
14.9
15.65
15.2833333333
14.65
14.3898305085
14.75
15.45
12.7368421053
--END OF 5--
14.9830508475
15.5166666667
15.2333333333
15.15
15.3833333333
15.4833333333
14.0508474576
13.9833333333
14.2
14.2833333333
14.4
16.55
14.7118644068
15.9
15.15
14.55
14.35
15.8
14.9491525424
14.7
15.2833333333
17.0
15.2333333333
15.0847457627
15.1333333333
15.25
13.7166666667
14.7666666667
15.0847457627
16.7666666667
15.65
14.7
14.8
16.1
15.2542372881
14.5833333333
16.0666666667
16.0833333333
15.7
16.9322033898
15.15
16.25
15.85
15.4333333333
16.25
15.1016949153
13.85
14.7666666667
14.1333333333
13.2833333333
15.5762711864
16.0833333333
15.8
15.95
15.6333333333
15.2333333333
14.9830508475
15.0833333333
16.0
12.7368421053
--END OF 6--
1986.81355932
2113.55
2026.8
2003.0
2151.9
2315.5
2073.96610169
1953.7
1964.05
1986.6
2077.55
2108.15
2013.40677966
2192.8
2047.8
2007.3
1975.95
2214.2
2023.37288136
2059.2
2134.5
2295.9
2039.35
2103.30508475
2153.95
2149.75
2053.75
2110.45
2117.59322034
2370.45
2139.15
2074.65
2219.85
2221.35
2243.38983051
2147.3
2191.4
2258.15
2263.95
2351.69491525
2260.7
2158.25
2170.95
2092.8
2131.0
2164.37288136
2051.25
2059.8
2078.55
2085.45
2248.16949153
2272.35
2192.0
2186.2
2208.1
2192.4
2187.96610169
2143.15
2163.6
1867.73684211
--END OF 7--
550.271186441
578.183333333
576.083333333
549.416666667
595.783333333
633.566666667
566.813559322
558.833333333
537.266666667
553.9
575.2
575.516666667
557.525423729
605.366666667
562.0
552.15
548.5
598.783333333
572.372881356
571.233333333
599.55
638.033333333
577.033333333
582.372881356
602.366666667
593.816666667
570.466666667
575.316666667
581.93220339
629.3
600.95
566.75
611.15
623.7
608.915254237
606.266666667
601.566666667
623.3
632.433333333
636.016949153
632.583333333
606.883333333
599.55
581.716666667
609.65
597.338983051
562.5
578.85
578.55
566.1
611.152542373
623.816666667
615.483333333
617.333333333
611.95
608.833333333
609.525423729
600.05
584.833333333
521.684210526
--END OF 8--
81.0
85.3
72.65
77.65
81.6666666667
88.1666666667
83.6610169492
77.0833333333
73.8333333333
76.0833333333
63.7166666667
92.5166666667
81.9322033898
96.7333333333
79.55
77.5
77.25
90.9
92.4915254237
92.0166666667
82.5333333333
92.25
88.9333333333
82.4406779661
81.05
80.8
62.7666666667
78.0666666667
83.3050847458
89.55
88.65
87.25
68.25
85.7
77.4915254237
76.8
85.2666666667
83.2
87.1166666667
93.3898305085
86.95
99.3833333333
95.5
81.4
96.1333333333
83.0338983051
75.25
87.45
69.2
64.8
78.7796610169
89.7
78.0166666667
89.0166666667
90.8666666667
76.7166666667
68.8474576271
84.2
97.7166666667
66.6315789474
--END OF 9--
4.98305084746
3.55
3.43333333333
4.91666666667
2.1
0.0
2.50847457627
2.28333333333
4.75
2.0
3.55
4.76666666667
3.94915254237
2.1
4.65
3.6
3.3
5.68333333333
2.62711864407
2.78333333333
2.55
4.4
3.46666666667
3.5593220339
2.66666666667
4.3
1.55
3.4
2.20338983051
4.9
2.45
2.8
1.75
1.9
2.40677966102
3.18333333333
3.21666666667
3.51666666667
2.06666666667
3.76271186441
2.36666666667
3.61666666667
3.03333333333
3.73333333333
3.4
2.62711864407
2.55
4.05
1.9
0.95
2.47457627119
2.66666666667
3.5
2.9
3.4
2.06666666667
3.0
1.15
8.4
1.84210526316
--END OF 10--
1.01694915254
0.533333333333
1.31666666667
1.46666666667
1.18333333333
0.0
0.983050847458
0.75
1.65
0.633333333333
0.783333333333
3.68333333333
0.847457627119
1.15
0.95
0.7
0.3
0.583333333333
0.593220338983
0.3
0.366666666667
0.0
0.983333333333
0.0169491525424
0.5
0.816666666667
0.4
1.45
0.898305084746
0.95
0.0
0.5
0.65
1.3
0.0508474576271
0.0333333333333
1.55
1.41666666667
0.133333333333
1.20338983051
0.183333333333
0.0
0.733333333333
1.23333333333
0.5
1.01694915254
0.5
0.5
0.0
0.0
1.1186440678
0.4
1.0
0.0
0.5
0.633333333333
0.440677966102
0.433333333333
0.5
0.0
--END OF 11--
0.508474576271
0.0
0.85
0.65
0.0
0.0
0.0
0.0
0.0
0.0
0.0
0.5
0.35593220339
0.6
0.05
0.7
0.3
0.0
0.0
0.133333333333
0.366666666667
0.0
0.0
0.0
0.0
0.5
0.216666666667
0.45
0.338983050847
0.0
0.0
0.0
0.1
0.85
0.0508474576271
0.0
0.5
0.0
0.0
0.508474576271
0.0
0.0
0.0166666666667
0.483333333333
0.0
0.0
0.5
0.0
0.0
0.0
0.0
0.0
0.0
0.0
0.0
0.0
0.0677966101695
0.433333333333
0.0
0.0
--END OF 12--
