12.25
12.3898305085
11.05
10.7
12.15
13.4666666667
12.7166666667
12.1694915254
11.8666666667
11.65
12.4666666667
11.7333333333
11.8166666667
11.9661016949
12.0833333333
12.1166666667
11.4
11.2542372881
11.5833333333
12.2166666667
10.8
11.95
10.4237288136
11.0166666667
10.2666666667
10.0
11.8833333333
11.1355932203
10.9
11.75
11.7166666667
10.85
11.6333333333
11.3559322034
11.3333333333
11.3833333333
11.7333333333
9.9
11.3898305085
11.6666666667
12.2166666667
11.05
12.5
11.5423728814
11.3
11.25
11.1
10.8666666667
11.45
12.3050847458
10.7
11.7333333333
11.15
12.4333333333
11.0677966102
11.8833333333
12.2166666667
11.2666666667
11.8333333333
11.8448275862
--END OF 1--
18.55
16.9491525424
15.1333333333
15.5
15.9666666667
17.7
17.3
16.5593220339
16.5166666667
17.0666666667
15.9333333333
16.9666666667
16.75
16.3898305085
16.3833333333
18.2166666667
17.05
16.1186440678
15.9333333333
17.75
15.9
16.0166666667
14.593220339
16.6
14.2
15.9166666667
16.7
15.0
15.25
16.4
16.1166666667
15.6333333333
15.85
16.0508474576
16.4333333333
16.6166666667
15.5833333333
14.4666666667
15.406779661
16.1
17.6333333333
14.6833333333
17.3333333333
15.9491525424
15.5
17.0
16.25
15.0666666667
15.25
17.3050847458
15.4166666667
14.4
14.7333333333
17.4
16.0169491525
16.7666666667
16.45
15.1833333333
15.9
15.6724137931
--END OF 2--
19.55
17.7118644068
15.5833333333
16.0
16.8166666667
18.05
17.8166666667
17.1694915254
17.6833333333
17.6833333333
16.6833333333
17.7666666667
17.5
17.186440678
16.8833333333
18.6166666667
17.55
16.9152542373
16.5
18.5833333333
16.4666666667
16.35
14.9661016949
16.8833333333
14.95
17.1166666667
17.45
15.4915254237
15.6
16.95
16.1666666667
16.5333333333
16.45
17.1355932203
17.4833333333
17.6
16.9333333333
15.5
17.0338983051
16.4833333333
18.1166666667
15.5166666667
18.1333333333
16.6610169492
16.1
17.8
17.0
15.6166666667
15.8
17.7457627119
16.5333333333
15.05
14.7833333333
17.9333333333
16.3050847458
17.1333333333
17.1833333333
15.9
17.0333333333
15.9827586207
--END OF 3--
12.25
12.3898305085
11.05
10.7
12.15
13.4666666667
12.7166666667
12.1694915254
11.8666666667
11.65
12.4666666667
11.7333333333
11.8166666667
11.9661016949
12.0833333333
12.1166666667
11.4
11.2542372881
11.5833333333
12.2166666667
10.8
11.95
10.4237288136
11.0166666667
10.2666666667
10.0
11.8833333333
11.1355932203
10.9
11.75
11.7166666667
10.85
11.6333333333
11.3559322034
11.3333333333
11.3833333333
11.7333333333
9.9
11.3898305085
11.6666666667
12.2166666667
11.05
12.5
11.5423728814
11.3
11.25
11.1
10.8666666667
11.45
12.3050847458
10.7
11.7333333333
11.15
12.4333333333
11.0677966102
11.8833333333
12.2166666667
11.2666666667
11.8333333333
11.8448275862
--END OF 4--
18.55
16.9491525424
15.1333333333
15.5
15.9666666667
17.7
17.3
16.5593220339
16.5166666667
17.0666666667
15.9333333333
16.9666666667
16.75
16.3898305085
16.3833333333
18.2166666667
17.05
16.1186440678
15.9333333333
17.75
15.9
16.0166666667
14.593220339
16.6
14.2
15.9166666667
16.7
15.0
15.25
16.4
16.1166666667
15.6333333333
15.85
16.0508474576
16.4333333333
16.6166666667
15.5833333333
14.4666666667
15.406779661
16.1
17.6333333333
14.6833333333
17.3333333333
15.9491525424
15.5
17.0
16.25
15.0666666667
15.25
17.3050847458
15.4166666667
14.4
14.7333333333
17.4
16.0169491525
16.7666666667
16.45
15.1833333333
15.9
15.6724137931
--END OF 5--
19.55
17.7118644068
15.5833333333
16.0
16.8166666667
18.05
17.8166666667
17.1694915254
17.6833333333
17.6833333333
16.6833333333
17.7666666667
17.5
17.186440678
16.8833333333
18.6166666667
17.55
16.9152542373
16.5
18.5833333333
16.4666666667
16.35
14.9661016949
16.8833333333
14.95
17.1166666667
17.45
15.4915254237
15.6
16.95
16.1666666667
16.5333333333
16.45
17.1355932203
17.4833333333
17.6
16.9333333333
15.5
17.0338983051
16.4833333333
18.1166666667
15.5166666667
18.1333333333
16.6610169492
16.1
17.8
17.0
15.6166666667
15.8
17.7457627119
16.5333333333
15.05
14.7833333333
17.9333333333
16.3050847458
17.1333333333
17.1833333333
15.9
17.0333333333
15.9827586207
--END OF 6--
2385.3
2321.44067797
2155.95
2079.4
2219.05
2430.65
2346.35
2351.94915254
2331.25
2276.7
2306.1
2286.1
2318.2
2323.98305085
2284.95
2392.05
2225.55
2187.25423729
2183.15
2284.05
2183.3
2144.5
2004.66101695
2172.15
2035.05
2057.55
2246.85
2042.84745763
2130.0
2267.4
2269.5
2193.4
2207.8
2112.50847458
2070.6
2255.6
2198.35
2094.05
2123.6440678
2147.0
2319.1
2138.65
2369.8
2205.45762712
2172.45
2274.15
2165.55
2123.7
2208.75
2338.52542373
2143.2
2190.5
2103.85
2330.55
2196.55932203
2270.55
2229.25
2190.3
2247.2
2273.53448276
--END OF 7--
665.8
654.203389831
607.616666667
590.783333333
641.666666667
688.933333333
672.683333333
660.711864407
658.866666667
644.516666667
652.683333333
642.316666667
645.683333333
634.711864407
631.5
669.6
634.85
594.881355932
616.25
653.4
606.883333333
601.05
562.474576271
596.716666667
556.116666667
563.733333333
625.433333333
574.711864407
585.5
619.0
633.2
603.45
609.816666667
589.86440678
606.6
634.133333333
629.8
588.95
599.610169492
615.05
660.75
583.2
668.466666667
610.881355932
611.95
638.7
601.6
589.75
608.75
667.254237288
609.066666667
607.116666667
594.916666667
668.75
605.93220339
622.366666667
631.683333333
607.2
636.133333333
637.551724138
--END OF 8--
127.6
101.627118644
84.5666666667
98.9666666667
95.4666666667
104.1
105.666666667
104.254237288
100.85
112.8
88.8833333333
105.4
110.133333333
96.6949152542
103.25
116.45
110.5
94.3389830508
83.05
105.116666667
109.133333333
93.2666666667
92.5254237288
111.783333333
84.8166666667
97.2833333333
97.2166666667
95.1525423729
93.7
98.7
103.2
105.383333333
92.1
103.169491525
104.5
105.633333333
104.45
93.1
96.1694915254
101.95
102.616666667
87.2333333333
108.6
91.2372881356
89.15
112.4
103.15
91.1
88.6
101.203389831
92.0833333333
84.0
75.2
100.466666667
98.6271186441
84.5833333333
88.9833333333
87.25
89.05
82.1551724138
--END OF 9--
7.25
4.64406779661
2.7
5.1
2.81666666667
3.03333333333
3.03333333333
3.66101694915
5.3
4.35
3.0
4.21666666667
3.06666666667
3.93220338983
4.0
5.35
6.9
6.5593220339
3.38333333333
8.58333333333
5.6
4.35
3.79661016949
6.41666666667
4.65
9.55
4.13333333333
4.15254237288
4.0
3.95
2.7
5.13333333333
3.83333333333
5.5593220339
7.18333333333
5.25
4.16666666667
3.58333333333
4.96610169492
3.73333333333
3.3
4.38333333333
3.78333333333
6.86440677966
6.1
5.85
5.6
4.05
3.95
4.32203389831
5.03333333333
1.65
2.06666666667
4.35
4.06779661017
6.71666666667
6.58333333333
5.43333333333
4.23333333333
1.20689655172
--END OF 10--
1.3
0.813559322034
0.5
0.8
1.16666666667
0.516666666667
0.983333333333
1.01694915254
0.916666666667
1.16666666667
1.26666666667
0.783333333333
0.516666666667
1.03389830508
0.5
0.5
0.75
1.30508474576
0.966666666667
0.883333333333
0.616666666667
0.433333333333
0.576271186441
0.0666666666667
0.933333333333
1.36666666667
0.966666666667
0.576271186441
0.75
0.25
0.0
1.5
0.3
1.22033898305
1.51666666667
1.66666666667
1.56666666667
1.61666666667
2.22033898305
0.716666666667
1.03333333333
1.15
1.61666666667
1.52542372881
0.75
0.75
1.3
0.8
1.05
0.389830508475
1.65
1.15
0.166666666667
0.733333333333
0.305084745763
0.883333333333
1.11666666667
0.866666666667
1.63333333333
0.413793103448
--END OF 11--
0.0
0.508474576271
0.5
0.266666666667
0.0
0.0
0.0
0.508474576271
0.0
0.0
0.0
0.0
0.0
0.508474576271
0.0
0.5
0.0
0.0
0.0
0.5
0.0
0.433333333333
0.0677966101695
0.0666666666667
0.7
0.5
0.533333333333
0.0
0.0
0.0
0.0
0.0
0.3
0.593220338983
0.35
0.266666666667
0.0
0.0333333333333
0.474576271186
0.0
0.0
0.0
0.0
0.0
0.0
0.5
0.0
0.0
0.0
0.0
0.0
0.0
0.0
0.333333333333
0.0
0.0
0.0
0.0
0.0
0.0
--END OF 12--
