16.5166666667
15.8
17.7796610169
16.6666666667
16.1666666667
16.85
16.8
17.3333333333
16.7457627119
16.65
17.25
17.75
16.7
17.05
16.6101694915
16.4166666667
17.4833333333
17.5666666667
16.5166666667
16.3389830508
16.4833333333
16.5666666667
17.0333333333
16.5666666667
16.1333333333
16.406779661
17.4833333333
16.75
16.6
16.95
17.4745762712
18.7
17.1333333333
17.5333333333
17.7833333333
17.3728813559
16.35
16.8166666667
16.75
17.05
16.1694915254
16.6
17.1333333333
16.6
16.7833333333
16.5166666667
14.813559322
15.7833333333
16.2833333333
16.3
16.65
16.8813559322
17.0666666667
17.2833333333
16.0166666667
16.2666666667
15.5423728814
16.3166666667
17.4333333333
16.9655172414
--END OF 1--
20.2833333333
19.3666666667
21.8644067797
20.3166666667
19.95
20.5166666667
20.45
21.25
21.4915254237
20.4
22.4
21.4
20.5
20.95
20.5762711864
21.8333333333
21.0
21.3166666667
20.0833333333
19.7118644068
20.3
20.6833333333
20.9166666667
20.6833333333
20.2666666667
21.1016949153
21.7333333333
20.7
20.9
20.9
20.9830508475
21.9333333333
21.0666666667
21.8
20.85
21.3898305085
19.7666666667
20.7166666667
20.3833333333
20.15
19.0169491525
21.45
21.7
19.6
19.7833333333
20.0166666667
18.3050847458
19.3
19.5833333333
20.0333333333
20.3
20.4576271186
20.3833333333
21.4
19.3833333333
19.2166666667
19.4745762712
20.0166666667
20.6833333333
21.1551724138
--END OF 2--
20.6166666667
20.9666666667
23.1186440678
20.6
20.9166666667
20.75
20.55
21.3666666667
22.2881355932
21.15
23.15
21.7
20.8
21.45
20.8305084746
22.4333333333
21.0
21.7
20.4166666667
20.6610169492
20.95
20.9
21.1
21.3833333333
20.8833333333
22.5084745763
21.7333333333
20.85
21.7
22.55
21.3220338983
22.65
21.4166666667
22.3
22.0333333333
22.3898305085
20.15
20.8333333333
20.6166666667
20.5166666667
19.3559322034
21.55
22.1833333333
20.1
20.0333333333
20.4166666667
18.9661016949
19.8666666667
19.9666666667
20.0333333333
20.55
20.7796610169
20.6666666667
21.7833333333
19.8666666667
19.3833333333
19.7118644068
20.1166666667
21.1333333333
21.3620689655
--END OF 3--
16.5166666667
15.8
17.7796610169
16.6666666667
16.1666666667
16.85
16.8
17.3333333333
16.7457627119
16.65
17.25
17.75
16.7
17.05
16.6101694915
16.4166666667
17.4833333333
17.5666666667
16.5166666667
16.3389830508
16.4833333333
16.5666666667
17.0333333333
16.5666666667
16.1333333333
16.406779661
17.4833333333
16.75
16.6
16.95
17.4745762712
18.7
17.1333333333
17.5333333333
17.7833333333
17.3728813559
16.35
16.8166666667
16.75
17.05
16.1694915254
16.6
17.1333333333
16.6
16.7833333333
16.5166666667
14.813559322
15.7833333333
16.2833333333
16.3
16.65
16.8813559322
17.0666666667
17.2833333333
16.0166666667
16.2666666667
15.5423728814
16.3166666667
17.4333333333
16.9655172414
--END OF 4--
20.2833333333
19.3666666667
21.8644067797
20.3166666667
19.95
20.5166666667
20.45
21.25
21.4915254237
20.4
22.4
21.4
20.5
20.95
20.5762711864
21.8333333333
21.0
21.3166666667
20.0833333333
19.7118644068
20.3
20.6833333333
20.9166666667
20.6833333333
20.2666666667
21.1016949153
21.7333333333
20.7
20.9
20.9
20.9830508475
21.9333333333
21.0666666667
21.8
20.85
21.3898305085
19.7666666667
20.7166666667
20.3833333333
20.15
19.0169491525
21.45
21.7
19.6
19.7833333333
20.0166666667
18.3050847458
19.3
19.5833333333
20.0333333333
20.3
20.4576271186
20.3833333333
21.4
19.3833333333
19.2166666667
19.4745762712
20.0166666667
20.6833333333
21.1551724138
--END OF 5--
20.6166666667
20.9666666667
23.1186440678
20.6
20.9166666667
20.75
20.55
21.3666666667
22.2881355932
21.15
23.15
21.7
20.8
21.45
20.8305084746
22.4333333333
21.0
21.7
20.4166666667
20.6610169492
20.95
20.9
21.1
21.3833333333
20.8833333333
22.5084745763
21.7333333333
20.85
21.7
22.55
21.3220338983
22.65
21.4166666667
22.3
22.0333333333
22.3898305085
20.15
20.8333333333
20.6166666667
20.5166666667
19.3559322034
21.55
22.1833333333
20.1
20.0333333333
20.4166666667
18.9661016949
19.8666666667
19.9666666667
20.0333333333
20.55
20.7796610169
20.6666666667
21.7833333333
19.8666666667
19.3833333333
19.7118644068
20.1166666667
21.1333333333
21.3620689655
--END OF 6--
3198.0
3091.95
3402.71186441
3328.5
3221.55
3312.05
3205.75
3292.75
3167.74576271
3148.95
3316.95
3287.55
3147.9
3161.25
3166.93220339
3159.85
3261.2
3296.9
3203.85
3149.44067797
3113.15
3128.6
3252.3
3140.1
3104.3
3229.6779661
3268.35
3253.35
3114.15
3297.9
3250.57627119
3433.0
3313.85
3441.0
3234.65
3304.6779661
3170.15
3170.0
3187.4
3279.45
3093.15254237
3241.8
3335.95
3112.2
3237.75
3255.45
3014.18644068
3106.15
3205.55
3241.25
3255.3
3101.23728814
3143.0
3343.55
3047.5
3083.65
3086.08474576
3157.2
3254.4
3300.0
--END OF 7--
877.816666667
855.083333333
945.796610169
909.133333333
868.883333333
906.766666667
864.216666667
885.633333333
873.406779661
865.3
925.15
919.95
858.1
881.75
871.728813559
873.866666667
880.35
896.066666667
864.283333333
874.322033898
852.8
866.366666667
897.1
875.983333333
843.433333333
881.949152542
882.5
873.9
852.7
893.75
902.711864407
942.483333333
895.766666667
933.766666667
904.083333333
918.186440678
859.583333333
879.816666667
880.266666667
900.65
857.576271186
870.15
907.0
853.0
871.95
899.9
812.118644068
845.033333333
855.566666667
878.083333333
890.9
854.457627119
868.566666667
903.0
824.166666667
845.9
848.406779661
866.15
905.9
910.913793103
--END OF 8--
92.5333333333
87.3833333333
104.169491525
87.65
95.4166666667
83.6666666667
101.083333333
96.45
104.593220339
95.95
102.55
95.6
88.05
92.4
87.1525423729
97.3833333333
107.616666667
95.6666666667
81.8833333333
79.5762711864
94.0166666667
106.916666667
87.2833333333
86.6
94.6333333333
96.8644067797
92.9
82.95
96.65
85.85
84.5762711864
78.65
88.3833333333
89.5
82.4333333333
96.2203389831
73.5166666667
90.2833333333
93.0666666667
80.1333333333
77.8983050847
108.0
97.9
82.75
82.95
84.55
87.9322033898
86.3833333333
83.4
86.5666666667
89.4
90.6271186441
87.2166666667
97.6166666667
77.0666666667
79.4
86.9322033898
82.6
75.4
97.3275862069
--END OF 9--
3.83333333333
3.93333333333
5.64406779661
2.28333333333
4.93333333333
3.38333333333
1.26666666667
1.65
4.32203389831
3.75
4.35
1.0
3.35
2.45
3.10169491525
7.18333333333
1.48333333333
3.18333333333
2.75
3.49152542373
3.28333333333
2.35
2.48333333333
4.95
3.53333333333
5.50847457627
4.0
3.85
4.25
5.45
3.5593220339
2.15
1.9
3.61666666667
2.83333333333
4.5593220339
4.0
2.55
3.76666666667
2.16666666667
0.847457627119
3.15
3.16666666667
2.15
1.1
3.35
2.66101694915
2.65
1.53333333333
0.666666666667
1.91666666667
1.89830508475
2.36666666667
2.53333333333
2.86666666667
3.0
2.30508474576
2.5
1.95
1.43103448276
--END OF 10--
0.716666666667
1.9
1.57627118644
0.333333333333
1.61666666667
0.383333333333
0.0
0.0166666666667
1.30508474576
0.35
1.35
0.3
0.2
0.9
0.101694915254
1.0
0.0
0.833333333333
0.583333333333
1.8813559322
0.733333333333
0.5
0.0
0.966666666667
0.4
2.16949152542
0.2
0.3
1.0
2.85
0.694915254237
1.2
0.766666666667
0.5
1.83333333333
0.677966101695
0.5
0.0
0.5
0.583333333333
0.423728813559
0.0
0.766666666667
0.7
0.2
0.5
1.01694915254
0.466666666667
0.533333333333
0.0
0.5
0.474576271186
0.533333333333
0.65
0.816666666667
0.366666666667
0.440677966102
0.2
0.5
0.0
--END OF 11--
0.0
0.5
0.0
0.0
0.5
0.0
0.0
0.0
0.0
0.1
0.4
0.3
0.2
0.0
0.0
0.5
0.0
0.0
0.0
0.0
0.0
0.0
0.0
0.5
0.366666666667
0.64406779661
0.0
0.0
0.15
0.35
0.0
0.0
0.5
0.5
0.5
0.508474576271
0.0
0.0
0.0
0.0
0.0
0.0
0.0
0.0
0.0
0.5
0.0
0.183333333333
0.316666666667
0.0
0.0
0.0
0.0
0.0
0.0
0.366666666667
0.135593220339
0.0
0.0
0.0
--END OF 12--
