5.18333333333
5.50847457627
5.93333333333
6.13333333333
5.76666666667
6.16666666667
5.86666666667
6.22033898305
5.95
6.15
6.15
6.35
5.23333333333
5.96610169492
6.15
5.78333333333
5.21666666667
5.43333333333
6.20338983051
5.83333333333
5.7
5.38333333333
6.0
6.4406779661
6.35
6.35
5.43333333333
4.91666666667
5.01694915254
5.7
5.75
6.15
6.0
6.85
6.37288135593
5.31666666667
6.5
6.33333333333
5.8
6.47457627119
6.0
5.95
5.65
5.98333333333
5.64406779661
5.88333333333
5.95
5.4
5.53333333333
6.27118644068
5.58333333333
6.05
6.1
5.45
6.16666666667
6.81355932203
5.95
5.9
6.33333333333
5.65454545455
--END OF 1--
7.13333333333
7.74576271186
7.43333333333
7.65
8.36666666667
7.5
8.5
9.1186440678
8.3
8.0
8.2
8.2
7.48333333333
8.0
8.31666666667
7.38333333333
6.96666666667
7.71666666667
8.1186440678
7.6
7.56666666667
7.56666666667
8.31666666667
8.25423728814
8.95
7.9
7.73333333333
7.11666666667
7.13559322034
7.91666666667
8.46666666667
8.35
7.88333333333
9.16666666667
9.0
6.98333333333
8.51666666667
7.88333333333
7.56666666667
9.42372881356
8.41666666667
8.9
8.15
7.53333333333
7.18644067797
7.83333333333
7.88333333333
7.6
7.85
8.01694915254
7.56666666667
7.5
7.21666666667
7.7
8.31666666667
8.61016949153
8.0
7.75
8.53333333333
8.12727272727
--END OF 2--
7.36666666667
8.05084745763
8.2
8.68333333333
9.71666666667
8.26666666667
9.65
9.61016949153
9.4
8.0
8.35
8.65
7.98333333333
9.57627118644
9.45
8.31666666667
8.58333333333
9.33333333333
9.13559322034
8.48333333333
8.08333333333
8.03333333333
9.2
8.61016949153
10.05
9.7
8.28333333333
8.01666666667
8.61016949153
8.25
9.13333333333
8.35
7.88333333333
9.16666666667
9.50847457627
7.88333333333
8.76666666667
8.48333333333
8.16666666667
10.4915254237
8.83333333333
9.65
9.05
7.93333333333
8.59322033898
8.53333333333
9.45
8.1
7.95
8.01694915254
7.66666666667
8.06666666667
7.56666666667
9.95
8.86666666667
9.61016949153
8.25
8.35
8.88333333333
9.70909090909
--END OF 3--
5.18333333333
5.50847457627
5.93333333333
6.13333333333
5.76666666667
6.16666666667
5.86666666667
6.22033898305
5.95
6.15
6.15
6.35
5.23333333333
5.96610169492
6.15
5.78333333333
5.21666666667
5.43333333333
6.20338983051
5.83333333333
5.7
5.38333333333
6.0
6.4406779661
6.35
6.35
5.43333333333
4.91666666667
5.01694915254
5.7
5.75
6.15
6.0
6.85
6.37288135593
5.31666666667
6.5
6.33333333333
5.8
6.47457627119
6.0
5.95
5.65
5.98333333333
5.64406779661
5.88333333333
5.95
5.4
5.53333333333
6.27118644068
5.58333333333
6.05
6.1
5.45
6.16666666667
6.81355932203
5.95
5.9
6.33333333333
5.65454545455
--END OF 4--
7.13333333333
7.74576271186
7.43333333333
7.65
8.36666666667
7.5
8.5
9.1186440678
8.3
8.0
8.2
8.2
7.48333333333
8.0
8.31666666667
7.38333333333
6.96666666667
7.71666666667
8.1186440678
7.6
7.56666666667
7.56666666667
8.31666666667
8.25423728814
8.95
7.9
7.73333333333
7.11666666667
7.13559322034
7.91666666667
8.46666666667
8.35
7.88333333333
9.16666666667
9.0
6.98333333333
8.51666666667
7.88333333333
7.56666666667
9.42372881356
8.41666666667
8.9
8.15
7.53333333333
7.18644067797
7.83333333333
7.88333333333
7.6
7.85
8.01694915254
7.56666666667
7.5
7.21666666667
7.7
8.31666666667
8.61016949153
8.0
7.75
8.53333333333
8.12727272727
--END OF 5--
7.36666666667
8.05084745763
8.2
8.68333333333
9.71666666667
8.26666666667
9.65
9.61016949153
9.4
8.0
8.35
8.65
7.98333333333
9.57627118644
9.45
8.31666666667
8.58333333333
9.33333333333
9.13559322034
8.48333333333
8.08333333333
8.03333333333
9.2
8.61016949153
10.05
9.7
8.28333333333
8.01666666667
8.61016949153
8.25
9.13333333333
8.35
7.88333333333
9.16666666667
9.50847457627
7.88333333333
8.76666666667
8.48333333333
8.16666666667
10.4915254237
8.83333333333
9.65
9.05
7.93333333333
8.59322033898
8.53333333333
9.45
8.1
7.95
8.01694915254
7.66666666667
8.06666666667
7.56666666667
9.95
8.86666666667
9.61016949153
8.25
8.35
8.88333333333
9.70909090909
--END OF 6--
1168.3
1232.69491525
1207.55
1262.95
1220.85
1241.2
1286.55
1368.15254237
1261.8
1221.45
1219.35
1284.9
1197.75
1278.66101695
1295.3
1242.75
1100.65
1160.7
1253.03389831
1186.7
1149.6
1182.45
1271.95
1268.28813559
1251.6
1266.15
1244.25
1162.35
1209.05084746
1316.9
1258.1
1268.15
1222.45
1391.4
1322.6440678
1157.1
1342.85
1263.7
1184.4
1359.55932203
1259.45
1248.0
1196.55
1307.25
1185.20338983
1236.3
1189.4
1134.6
1265.45
1322.44067797
1207.45
1279.0
1235.15
1289.6
1261.3
1318.98305085
1209.6
1189.8
1338.9
1282.03636364
--END OF 7--
322.7
335.338983051
336.666666667
347.816666667
341.466666667
344.216666667
352.433333333
373.101694915
348.7
344.55
343.5
355.05
339.9
333.661016949
352.433333333
340.016666667
307.1
318.466666667
343.542372881
333.483333333
320.15
321.216666667
360.566666667
352.474576271
357.2
349.35
339.5
325.35
340.0
360.7
339.283333333
358.916666667
336.6
398.4
366.576271186
303.1
369.85
345.683333333
328.316666667
379.169491525
356.116666667
349.25
329.35
351.5
326.084745763
340.066666667
333.283333333
314.316666667
353.483333333
357.440677966
344.45
355.466666667
331.5
342.75
350.45
368.593220339
341.35
334.3
367.85
359.018181818
--END OF 8--
41.3
44.0169491525
37.2
39.25
50.95
36.25
48.1166666667
54.2711864407
50.05
42.55
45.0
41.6
42.3
39.9322033898
45.5666666667
33.3833333333
36.0
44.2166666667
38.8813559322
42.05
45.85
38.1
46.6166666667
41.406779661
45.3
38.8
45.6
44.95
50.0677966102
36.7666666667
50.4
45.9833333333
45.1333333333
47.25
53.6949152542
40.0333333333
45.65
40.95
37.5166666667
50.9322033898
54.0166666667
54.15
45.7
39.35
38.3389830508
40.2166666667
37.7
40.8666666667
49.6666666667
41.4745762712
39.9166666667
33.85
36.8
45.75
50.2
48.5593220339
47.3
43.4
49.85
55.4545454545
--END OF 9--
2.86666666667
2.66101694915
2.15
3.08333333333
4.76666666667
2.31666666667
3.11666666667
3.10169491525
3.75
1.15
1.65
2.5
3.2
6.10169491525
3.4
4.41666666667
5.38333333333
4.9
4.33898305085
3.68333333333
2.51666666667
3.63333333333
1.95
2.28813559322
6.2
5.7
3.35
2.65
4.35593220339
4.28333333333
4.36666666667
1.5
1.05
0.75
2.84745762712
3.48333333333
2.91666666667
2.01666666667
2.93333333333
4.79661016949
2.41666666667
4.25
4.0
1.75
3.33898305085
3.0
6.15
4.18333333333
1.83333333333
1.77966101695
2.31666666667
1.76666666667
1.21666666667
6.28333333333
3.31666666667
1.67796610169
1.5
2.85
1.7
3.07272727273
--END OF 10--
0.183333333333
0.508474576271
1.26666666667
1.2
2.15
1.31666666667
1.45
0.881355932203
1.75
0.0
0.2
0.7
0.65
2.5593220339
1.43333333333
1.05
2.31666666667
2.21666666667
1.45762711864
0.766666666667
0.716666666667
0.616666666667
1.38333333333
0.508474576271
1.1
1.4
1.0
1.0
1.35593220339
0.333333333333
1.33333333333
0.0
0.0
0.0
1.01694915254
1.5
0.5
0.716666666667
0.783333333333
1.27118644068
0.65
1.1
0.9
0.6
2.45762711864
1.16666666667
2.31666666667
0.733333333333
0.266666666667
0.0
0.0
0.816666666667
0.516666666667
2.75
0.683333333333
1.30508474576
0.45
1.0
0.6
2.12727272727
--END OF 11--
0.183333333333
0.0
0.0
0.483333333333
0.516666666667
0.433333333333
0.566666666667
0.0
0.5
0.0
0.0
0.05
0.45
0.338983050847
0.166666666667
0.283333333333
1.1
0.55
0.0677966101695
0.0
0.0
0.0
0.5
0.0
0.0
0.5
0.0
0.5
0.338983050847
0.166666666667
0.0
0.0
0.0
0.0
0.0
0.0
0.0
0.716666666667
0.283333333333
0.508474576271
0.0
0.6
0.4
0.1
0.406779661017
0.0
0.0
0.0
0.0
0.0
0.0
0.0
0.0166666666667
0.483333333333
0.0
1.01694915254
0.0
0.0
0.1
1.43636363636
--END OF 12--
