11.0666666667
10.7833333333
11.05
12.25
11.75
11.4915254237
12.7166666667
12.2833333333
11.5333333333
11.55
12.4333333333
11.7966101695
12.15
11.5666666667
11.5333333333
11.5833333333
11.2666666667
11.6610169492
11.85
11.5
12.2666666667
12.5666666667
11.7627118644
12.5833333333
11.95
12.0333333333
11.9666666667
10.6101694915
11.5833333333
11.9
11.8333333333
11.9
11.8666666667
12.3050847458
11.4833333333
11.1166666667
11.8
12.2
12.5333333333
11.8983050847
10.1333333333
10.9666666667
10.3
11.4166666667
10.75
10.9491525424
11.4333333333
11.25
10.7
10.4666666667
10.0677966102
10.0333333333
9.81666666667
10.45
10.4
10.1166666667
10.4915254237
10.1166666667
10.3166666667
10.7777777778
--END OF 1--
16.0166666667
14.3833333333
14.65
15.8
17.1833333333
16.4406779661
16.5166666667
16.3833333333
16.5666666667
16.5166666667
17.2166666667
15.8983050847
16.0333333333
15.6333333333
15.7833333333
16.3333333333
15.4333333333
15.3050847458
14.95
15.45
16.2166666667
17.3166666667
15.9661016949
17.1166666667
16.7333333333
15.4166666667
15.3333333333
14.4745762712
16.75
16.3833333333
15.9
16.2666666667
16.1666666667
16.406779661
15.7333333333
14.4666666667
16.0
17.4
16.5833333333
16.0338983051
13.8333333333
13.85
13.5
14.4666666667
13.25
14.8305084746
15.3333333333
14.85
14.1333333333
13.1666666667
12.9661016949
13.3333333333
13.3166666667
14.35
13.85
13.05
13.186440678
14.0166666667
14.3166666667
13.9444444444
--END OF 2--
17.0666666667
15.0833333333
15.05
16.15
17.8
16.8474576271
16.9833333333
17.3166666667
17.1
17.4166666667
18.1166666667
16.406779661
16.35
17.0166666667
16.1333333333
16.7333333333
15.8166666667
15.9661016949
15.1
15.8
17.5666666667
17.7666666667
15.9661016949
17.1166666667
16.9833333333
15.6166666667
16.4166666667
14.593220339
16.75
17.05
16.7
16.7666666667
17.1
16.406779661
15.7333333333
14.5666666667
16.25
18.5
17.0333333333
16.7457627119
14.9833333333
14.75
13.7833333333
15.2166666667
13.4166666667
15.593220339
15.65
15.3833333333
14.7
13.6166666667
13.406779661
13.3333333333
14.2166666667
14.75
14.65
13.3666666667
14.0508474576
14.6
14.6166666667
14.0
--END OF 3--
11.0666666667
10.7833333333
11.05
12.25
11.75
11.4915254237
12.7166666667
12.2833333333
11.5333333333
11.55
12.4333333333
11.7966101695
12.15
11.5666666667
11.5333333333
11.5833333333
11.2666666667
11.6610169492
11.85
11.5
12.2666666667
12.5666666667
11.7627118644
12.5833333333
11.95
12.0333333333
11.9666666667
10.6101694915
11.5833333333
11.9
11.8333333333
11.9
11.8666666667
12.3050847458
11.4833333333
11.1166666667
11.8
12.2
12.5333333333
11.8983050847
10.1333333333
10.9666666667
10.3
11.4166666667
10.75
10.9491525424
11.4333333333
11.25
10.7
10.4666666667
10.0677966102
10.0333333333
9.81666666667
10.45
10.4
10.1166666667
10.4915254237
10.1166666667
10.3166666667
10.7777777778
--END OF 4--
16.0166666667
14.3833333333
14.65
15.8
17.1833333333
16.4406779661
16.5166666667
16.3833333333
16.5666666667
16.5166666667
17.2166666667
15.8983050847
16.0333333333
15.6333333333
15.7833333333
16.3333333333
15.4333333333
15.3050847458
14.95
15.45
16.2166666667
17.3166666667
15.9661016949
17.1166666667
16.7333333333
15.4166666667
15.3333333333
14.4745762712
16.75
16.3833333333
15.9
16.2666666667
16.1666666667
16.406779661
15.7333333333
14.4666666667
16.0
17.4
16.5833333333
16.0338983051
13.8333333333
13.85
13.5
14.4666666667
13.25
14.8305084746
15.3333333333
14.85
14.1333333333
13.1666666667
12.9661016949
13.3333333333
13.3166666667
14.35
13.85
13.05
13.186440678
14.0166666667
14.3166666667
13.9444444444
--END OF 5--
17.0666666667
15.0833333333
15.05
16.15
17.8
16.8474576271
16.9833333333
17.3166666667
17.1
17.4166666667
18.1166666667
16.406779661
16.35
17.0166666667
16.1333333333
16.7333333333
15.8166666667
15.9661016949
15.1
15.8
17.5666666667
17.7666666667
15.9661016949
17.1166666667
16.9833333333
15.6166666667
16.4166666667
14.593220339
16.75
17.05
16.7
16.7666666667
17.1
16.406779661
15.7333333333
14.5666666667
16.25
18.5
17.0333333333
16.7457627119
14.9833333333
14.75
13.7833333333
15.2166666667
13.4166666667
15.593220339
15.65
15.3833333333
14.7
13.6166666667
13.406779661
13.3333333333
14.2166666667
14.75
14.65
13.3666666667
14.0508474576
14.6
14.6166666667
14.0
--END OF 6--
2238.15
2176.05
2187.45
2220.0
2347.9
2375.23728814
2468.5
2346.25
2293.6
2278.65
2408.3
2207.79661017
2317.9
2197.55
2269.95
2278.5
2329.3
2275.37288136
2257.8
2327.7
2541.45
2474.85
2414.44067797
2399.0
2349.85
2364.4
2279.05
2163.66101695
2305.5
2341.5
2387.4
2362.35
2270.75
2382.10169492
2368.8
2192.7
2306.1
2361.45
2377.35
2295.25423729
2000.5
2049.7
2009.5
2174.25
2044.65
2140.57627119
2242.65
2198.6
2107.1
2075.45
1912.52542373
2001.15
1983.15
1948.8
1970.55
1999.25
1969.98305085
1903.85
2065.75
2059.16666667
--END OF 7--
626.25
596.5
617.8
624.6
635.433333333
653.949152542
669.366666667
657.05
639.85
630.116666667
665.416666667
614.474576271
634.35
614.183333333
628.383333333
647.35
636.016666667
624.06779661
607.25
637.8
686.25
698.5
660.796610169
674.35
648.033333333
652.533333333
629.55
578.542372881
644.016666667
650.616666667
651.566666667
643.533333333
636.066666667
665.322033898
651.85
616.5
635.5
672.65
670.2
640.355932203
551.966666667
575.083333333
565.933333333
606.166666667
557.333333333
593.152542373
625.65
611.716666667
582.516666667
554.583333333
528.966101695
550.25
543.85
544.75
536.45
558.3
543.491525424
538.316666667
574.05
570.277777778
--END OF 8--
89.5
76.2
75.15
75.1
113.7
107.338983051
79.1666666667
84.5833333333
100.45
104.5
105.566666667
96.6779661017
87.3666666667
95.9833333333
101.016666667
101.833333333
81.2333333333
83.3050847458
77.25
91.9
98.4
101.0
86.6949152542
110.333333333
100.316666667
80.4833333333
82.7333333333
77.3728813559
96.4166666667
103.15
91.1666666667
92.6666666667
93.9666666667
84.9322033898
89.5
80.85
95.0
91.15
95.1
83.6271186441
68.05
63.6
68.7833333333
74.7166666667
57.9
84.9830508475
90.95
91.9333333333
79.7666666667
66.9666666667
73.1016949153
72.05
72.85
78.95
89.75
76.6
75.2372881356
83.9166666667
79.3666666667
84.8333333333
--END OF 9--
5.7
3.2
4.0
4.8
4.95
3.10169491525
3.71666666667
5.06666666667
2.56666666667
4.83333333333
2.48333333333
2.25423728814
1.5
3.71666666667
2.61666666667
2.9
3.18333333333
3.71186440678
1.95
4.7
3.7
2.0
1.86440677966
2.08333333333
3.16666666667
1.41666666667
3.93333333333
4.20338983051
6.8
2.9
3.1
3.35
5.28333333333
2.16949152542
1.25
1.45
2.7
6.0
3.35
6.57627118644
5.36666666667
5.31666666667
1.9
4.06666666667
2.41666666667
4.10169491525
3.48333333333
2.23333333333
3.3
2.83333333333
3.38983050847
1.7
3.9
4.45
2.35
1.78333333333
1.71186440678
4.48333333333
2.45
2.94444444444
--END OF 10--
1.8
1.2
0.5
0.5
0.583333333333
0.152542372881
0.4
1.6
1.01666666667
1.16666666667
1.0
0.661016949153
0.216666666667
2.78333333333
0.0
0.583333333333
0.683333333333
0.864406779661
0.15
0.35
1.85
0.8
0.0
0.0
0.5
0.0
1.5
0.0
0.0
0.416666666667
0.983333333333
0.933333333333
1.56666666667
0.0
0.0
0.0
0.45
1.35
0.3
1.10169491525
1.6
1.21666666667
0.433333333333
1.05
0.0166666666667
1.52542372881
0.433333333333
0.783333333333
0.783333333333
0.0
0.0
0.0
1.0
0.55
0.95
0.416666666667
1.0
1.18333333333
0.65
0.0555555555556
--END OF 11--
0.05
0.45
0.0
0.5
0.4
0.0
0.0
0.0
0.0
0.0
0.85
0.661016949153
0.0
0.0
0.0
0.0
0.0
0.0
0.0
0.05
0.45
0.0
0.0
0.0
0.0
0.0
0.0
0.0
0.0
0.2
0.0
0.0
0.0
0.0
0.0
0.0
0.1
0.9
0.0
0.508474576271
0.0333333333333
0.466666666667
0.433333333333
0.0666666666667
0.0
0.0
0.0
0.0
0.5
0.0
0.0
0.0
0.0
0.0
0.0
0.183333333333
0.661016949153
0.116666666667
0.15
0.0
--END OF 12--
