17.25
17.6
17.2333333333
18.0
18.8333333333
18.186440678
16.8666666667
18.8166666667
17.4333333333
18.7666666667
18.65
16.7796610169
16.8
17.1
17.1
17.6833333333
18.5
18.0847457627
17.3333333333
17.3333333333
16.8833333333
18.7666666667
17.7
17.0847457627
17.8
18.05
17.2833333333
16.7
17.5593220339
18.1
18.0166666667
17.25
17.55
17.3833333333
18.5762711864
17.7833333333
17.8
18.85
17.55
17.5254237288
18.2
18.1166666667
17.3333333333
17.1833333333
17.65
17.4745762712
17.9166666667
17.2833333333
16.8666666667
17.7166666667
17.5423728814
17.2666666667
17.6666666667
16.65
16.9833333333
16.7166666667
17.2881355932
16.4166666667
16.4333333333
16.8070175439
--END OF 1--
26.05
25.05
25.1333333333
26.1833333333
25.2833333333
26.7796610169
24.4333333333
28.0666666667
25.8333333333
27.25
27.3333333333
23.2881355932
24.0833333333
25.4333333333
24.6333333333
25.0666666667
26.8166666667
25.7118644068
25.3333333333
26.6333333333
25.8
26.45
25.25
24.7288135593
26.1
25.1333333333
25.95
24.0166666667
26.3050847458
27.5166666667
27.0333333333
25.7833333333
25.0
24.5333333333
26.6271186441
26.4333333333
26.35
28.05
25.3
25.0847457627
26.9
25.65
25.0833333333
24.75
25.9166666667
27.0508474576
26.2166666667
24.2666666667
24.3833333333
24.85
24.4406779661
24.9
25.4333333333
24.45
24.8833333333
24.3166666667
25.186440678
24.3833333333
23.85
23.2280701754
--END OF 2--
26.7
25.25
26.0333333333
27.4333333333
26.6333333333
27.5084745763
25.0
28.6666666667
26.5
28.0166666667
28.1666666667
24.4576271186
25.6666666667
26.45
24.95
25.9
27.6333333333
26.2881355932
25.8333333333
27.2833333333
26.3
27.65
25.6833333333
26.2711864407
26.3833333333
25.4166666667
27.5833333333
25.1666666667
28.0677966102
28.1333333333
27.7333333333
25.8833333333
25.3166666667
26.05
28.1016949153
26.8833333333
27.0333333333
29.75
25.8666666667
26.9661016949
27.65
26.3
25.7666666667
26.4833333333
27.6
27.6610169492
28.5333333333
24.8666666667
25.2
25.0833333333
25.2542372881
26.9166666667
26.0833333333
25.2
25.0333333333
24.8666666667
26.6271186441
25.2833333333
24.5833333333
23.701754386
--END OF 3--
17.2
17.6
17.2333333333
18.0
18.8333333333
18.186440678
16.8666666667
18.7666666667
17.4333333333
18.7666666667
18.6333333333
16.7796610169
16.8
17.1
17.1
17.6833333333
18.5
18.0847457627
17.3333333333
17.3333333333
16.8833333333
18.7666666667
17.7
17.0847457627
17.8
18.05
17.2833333333
16.7
17.5593220339
18.0833333333
18.0166666667
17.25
17.55
17.3833333333
18.5254237288
17.7833333333
17.8
18.85
17.55
17.5254237288
18.2
18.1166666667
17.3333333333
17.1833333333
17.65
17.4745762712
17.9166666667
17.2833333333
16.8666666667
17.7166666667
17.5423728814
17.2666666667
17.6666666667
16.65
16.9833333333
16.7166666667
17.2881355932
16.4166666667
16.4333333333
16.8070175439
--END OF 4--
26.0
25.05
25.1333333333
26.1833333333
25.2833333333
26.7796610169
24.4333333333
28.0666666667
25.8333333333
27.25
27.3333333333
23.2881355932
24.0833333333
25.4333333333
24.6333333333
25.0666666667
26.8166666667
25.7118644068
25.3333333333
26.6333333333
25.8
26.45
25.25
24.7288135593
26.1
25.1333333333
25.95
24.0166666667
26.3050847458
27.5166666667
27.0333333333
25.7833333333
25.0
24.5333333333
26.5254237288
26.4333333333
26.35
28.05
25.3
25.0847457627
26.9
25.65
25.0833333333
24.75
25.9166666667
27.0508474576
26.2166666667
24.2666666667
24.3833333333
24.85
24.4406779661
24.9
25.4333333333
24.45
24.8833333333
24.3166666667
25.186440678
24.3833333333
23.85
23.2280701754
--END OF 5--
26.7
25.25
26.0333333333
27.4333333333
26.6333333333
27.5084745763
25.0
28.6666666667
26.5
28.0166666667
28.1666666667
24.4576271186
25.6666666667
26.45
24.95
25.9
27.6333333333
26.2881355932
25.8333333333
27.2833333333
26.3
27.65
25.6833333333
26.2711864407
26.3833333333
25.4166666667
27.5833333333
25.1666666667
28.0677966102
28.1333333333
27.7333333333
25.8833333333
25.3166666667
26.05
28.1016949153
26.8833333333
27.0333333333
29.75
25.8666666667
26.9661016949
27.65
26.3
25.7666666667
26.4833333333
27.6
27.6610169492
28.5333333333
24.8666666667
25.2
25.0833333333
25.2542372881
26.9166666667
26.0833333333
25.2
25.0333333333
24.8666666667
26.6271186441
25.2833333333
24.5833333333
23.701754386
--END OF 6--
3441.45
3381.3
3234.0
3362.6
3409.5
3378.15254237
3274.3
3592.4
3354.05
3518.4
3419.9
3164.6440678
3168.75
3232.3
3231.3
3246.5
3358.0
3394.27118644
3284.85
3281.55
3303.45
3419.75
3307.05
3322.3220339
3398.75
3355.4
3275.9
3235.2
3266.6440678
3383.15
3453.75
3288.45
3293.0
3264.95
3471.20338983
3320.7
3346.35
3536.25
3315.4
3368.74576271
3378.85
3283.4
3340.55
3242.75
3276.1
3291.86440678
3316.75
3296.55
3398.4
3290.3
3250.37288136
3306.75
3256.6
3126.45
3183.45
3117.3
3248.44067797
3163.1
3148.8
3225.15789474
--END OF 7--
943.45
928.2
909.35
938.616666667
937.8
944.86440678
912.183333333
998.983333333
920.55
974.633333333
965.966666667
880.406779661
888.3
922.066666667
890.683333333
907.583333333
951.783333333
935.389830508
909.25
919.5
918.333333333
957.883333333
917.433333333
922.186440678
945.383333333
933.383333333
924.533333333
882.616666667
928.372881356
974.1
970.25
911.75
916.683333333
901.683333333
976.610169492
929.7
948.066666667
1007.9
924.55
927.389830508
955.483333333
928.383333333
927.383333333
913.883333333
920.333333333
930.915254237
933.216666667
922.133333333
934.2
916.583333333
903.830508475
917.9
922.416666667
887.45
894.55
877.1
938.796610169
880.666666667
873.55
886.842105263
--END OF 8--
169.9
161.7
157.75
175.066666667
142.8
184.06779661
155.916666667
183.066666667
167.566666667
167.783333333
170.9
147.796610169
158.7
176.383333333
148.716666667
153.3
167.983333333
156.745762712
160.55
171.35
170.383333333
178.75
151.15
159.983050847
159.1
146.916666667
167.433333333
152.783333333
168.576271186
175.45
160.183333333
169.683333333
151.75
158.216666667
172.220338983
177.55
165.916666667
178.5
156.833333333
156.271186441
166.366666667
145.55
155.5
151.383333333
154.6
176.796610169
178.233333333
139.0
148.066666667
163.216666667
138.423728814
148.4
163.35
157.75
155.55
142.8
154.644067797
154.683333333
144.416666667
132.157894737
--END OF 9--
7.4
5.85
7.95
7.88333333333
10.1
3.74576271186
2.9
7.78333333333
5.13333333333
6.78333333333
8.73333333333
6.20338983051
6.36666666667
4.51666666667
5.78333333333
7.53333333333
5.45
5.25423728814
6.4
9.65
5.41666666667
4.98333333333
5.35
5.93220338983
6.91666666667
7.15
10.25
6.56666666667
8.76271186441
6.23333333333
7.71666666667
6.86666666667
6.66666666667
5.45
7.28813559322
7.0
5.61666666667
10.35
6.2
5.86440677966
6.16666666667
7.25
6.11666666667
7.56666666667
12.0
8.76271186441
8.25
5.08333333333
5.81666666667
4.45
7.08474576271
8.23333333333
5.33333333333
5.25
5.25
8.6
7.40677966102
8.93333333333
7.4
3.89473684211
--END OF 10--
0.9
0.5
1.2
1.26666666667
1.55
1.40677966102
0.966666666667
0.5
1.0
1.06666666667
0.716666666667
0.491525423729
2.55
1.45
0.416666666667
1.25
1.33333333333
0.338983050847
0.7
0.55
0.816666666667
1.71666666667
0.483333333333
1.98305084746
0.45
0.783333333333
2.3
1.53333333333
1.94915254237
1.1
0.433333333333
0.0
0.383333333333
2.11666666667
2.08474576271
0.5
0.85
2.1
0.866666666667
2.0
0.666666666667
0.9
0.733333333333
2.81666666667
1.81666666667
0.71186440678
3.0
0.833333333333
1.0
0.0
1.32203389831
3.18333333333
0.9
0.85
0.0
0.65
1.18644067797
0.533333333333
0.983333333333
0.947368421053
--END OF 11--
0.5
0.0
0.4
0.1
0.0
0.0338983050847
0.466666666667
0.0
0.0
0.0
0.0
0.0
0.766666666667
0.733333333333
0.0
0.0
0.0
0.0
0.0
0.0
0.3
0.0
0.0
0.576271186441
0.433333333333
0.0
0.0833333333333
1.1
0.627118644068
0.2
0.0
0.0
0.05
1.38333333333
0.864406779661
0.15
0.0
0.5
0.0
0.0
0.266666666667
0.166666666667
0.0333333333333
0.966666666667
0.0
0.0169491525424
0.483333333333
0.0666666666667
0.433333333333
0.0
0.508474576271
0.55
0.25
0.0
0.0
0.5
0.0
0.0
0.0
0.0
--END OF 12--
