9.8
9.23333333333
10.3898305085
10.6
10.8
10.15
9.61666666667
8.33333333333
9.25423728814
9.45
8.85
11.65
11.0333333333
10.4333333333
10.2542372881
9.25
10.1833333333
10.1
10.2
10.2542372881
9.73333333333
11.35
9.78333333333
9.38333333333
8.96610169492
9.68333333333
9.71666666667
10.3833333333
10.4666666667
10.0338983051
10.5333333333
10.5833333333
10.5666666667
10.3666666667
10.3728813559
10.0666666667
10.2833333333
10.9333333333
9.93333333333
9.81355932203
9.96666666667
9.3
9.83333333333
10.9833333333
10.5254237288
10.4833333333
10.55
9.98333333333
11.2
11.1
9.69491525424
10.1666666667
10.6333333333
10.0
10.65
10.3898305085
9.38333333333
9.55
10.0
10.3859649123
--END OF 1--
13.75
13.8333333333
15.186440678
15.0833333333
15.1
14.6166666667
13.85
11.1166666667
12.2542372881
12.9
12.1
15.15
15.4333333333
14.0833333333
13.7627118644
11.75
13.8333333333
13.5666666667
13.9333333333
14.0847457627
13.5666666667
15.6333333333
13.65
12.9
12.2033898305
12.8833333333
13.6666666667
13.9833333333
14.8166666667
14.4576271186
14.05
15.5
14.65
15.4
13.6101694915
14.0
14.05
14.7666666667
14.7
14.1525423729
13.7
13.2
13.1333333333
14.2333333333
13.3728813559
13.6333333333
14.0833333333
13.0
13.9166666667
14.1833333333
13.406779661
15.0833333333
13.8166666667
14.4
14.15
14.0508474576
12.9333333333
12.75
12.45
13.4210526316
--END OF 2--
14.3666666667
14.0
15.7966101695
15.9666666667
15.6
15.75
13.85
11.9
12.7796610169
13.1
13.0
15.75
15.7833333333
15.2333333333
14.5423728814
12.3833333333
14.3666666667
14.5166666667
15.0166666667
14.9830508475
13.5666666667
15.6333333333
14.6166666667
14.2
12.3389830508
13.1333333333
14.6666666667
14.2833333333
15.3166666667
15.2711864407
14.75
16.3166666667
15.4333333333
15.4
13.8305084746
14.7833333333
14.55
15.2333333333
15.3666666667
14.6779661017
14.0333333333
13.8
13.2833333333
15.0833333333
15.5254237288
14.15
14.6333333333
13.3666666667
13.9166666667
14.4833333333
13.813559322
15.85
14.5666666667
14.6333333333
15.2
14.0508474576
12.9333333333
12.75
12.65
14.350877193
--END OF 3--
9.8
9.23333333333
10.3898305085
10.6
10.8
10.15
9.61666666667
8.33333333333
9.25423728814
9.45
8.85
11.65
11.0333333333
10.4333333333
10.2542372881
9.25
10.1833333333
10.1
10.2
10.2542372881
9.73333333333
11.35
9.78333333333
9.38333333333
8.96610169492
9.68333333333
9.71666666667
10.3833333333
10.4666666667
10.0338983051
10.5333333333
10.5833333333
10.5666666667
10.3666666667
10.3728813559
10.0666666667
10.2833333333
10.9333333333
9.93333333333
9.81355932203
9.96666666667
9.3
9.83333333333
10.9833333333
10.5254237288
10.4833333333
10.55
9.98333333333
11.2
11.1
9.69491525424
10.1666666667
10.6333333333
10.0
10.65
10.3898305085
9.38333333333
9.55
10.0
10.3859649123
--END OF 4--
13.75
13.8333333333
15.186440678
15.0833333333
15.1
14.6166666667
13.85
11.1166666667
12.2542372881
12.9
12.1
15.15
15.4333333333
14.0833333333
13.7627118644
11.75
13.8333333333
13.5666666667
13.9333333333
14.0847457627
13.5666666667
15.6333333333
13.65
12.9
12.2033898305
12.8833333333
13.6666666667
13.9833333333
14.8166666667
14.4576271186
14.05
15.5
14.65
15.4
13.6101694915
14.0
14.05
14.7666666667
14.7
14.1525423729
13.7
13.2
13.1333333333
14.2333333333
13.3728813559
13.6333333333
14.0833333333
13.0
13.9166666667
14.1833333333
13.406779661
15.0833333333
13.8166666667
14.4
14.15
14.0508474576
12.9333333333
12.75
12.45
13.4210526316
--END OF 5--
14.3666666667
14.0
15.7966101695
15.9666666667
15.6
15.75
13.85
11.9
12.7796610169
13.1
13.0
15.75
15.7833333333
15.2333333333
14.5423728814
12.3833333333
14.3666666667
14.5166666667
15.0166666667
14.9830508475
13.5666666667
15.6333333333
14.6166666667
14.2
12.3389830508
13.1333333333
14.6666666667
14.2833333333
15.3166666667
15.2711864407
14.75
16.3166666667
15.4333333333
15.4
13.8305084746
14.7833333333
14.55
15.2333333333
15.3666666667
14.6779661017
14.0333333333
13.8
13.2833333333
15.0833333333
15.5254237288
14.15
14.6333333333
13.3666666667
13.9166666667
14.4833333333
13.813559322
15.85
14.5666666667
14.6333333333
15.2
14.0508474576
12.9333333333
12.75
12.65
14.350877193
--END OF 6--
1978.45
1828.15
1998.0
2049.0
2061.85
1978.95
1864.1
1682.3
1760.38983051
1817.25
1807.2
2099.7
2078.85
2018.25
1949.6440678
1795.05
2025.75
1940.45
1986.35
1901.84745763
1865.8
2080.55
1988.55
1888.95
1785.0
1968.0
1954.05
2030.4
2001.9
1983.0
2056.45
2109.0
2027.7
1970.45
2009.54237288
2056.3
2027.45
2065.9
2047.6
2048.08474576
1980.2
1853.1
1973.55
2090.55
2010.96610169
2123.1
2071.05
1973.25
2143.5
2049.85
2050.77966102
2025.75
2003.35
2082.35
2038.55
2031.40677966
1810.35
1867.8
1872.0
2147.68421053
--END OF 7--
535.583333333
521.75
574.627118644
573.483333333
583.65
551.266666667
521.233333333
472.733333333
507.898305085
506.7
490.2
589.4
580.85
560.9
547.457627119
504.416666667
562.483333333
544.733333333
544.433333333
536.593220339
529.366666667
585.933333333
548.85
527.4
476.406779661
542.0
540.6
553.0
571.25
560.254237288
570.966666667
585.016666667
572.733333333
561.1
554.355932203
571.95
565.466666667
592.65
570.133333333
564.203389831
548.633333333
523.75
546.3
595.7
565.101694915
579.066666667
584.983333333
544.25
590.05
579.633333333
571.847457627
566.816666667
568.016666667
581.433333333
571.65
570.0
513.6
519.55
520.7
590.842105263
--END OF 8--
78.8166666667
92.3666666667
101.745762712
101.083333333
89.6166666667
90.5666666667
90.1
66.0166666667
73.6101694915
69.9
76.05
91.9
82.6
86.15
84.5593220339
66.8666666667
76.5
85.8833333333
87.55
77.7288135593
79.6
88.45
81.3
80.5333333333
66.5423728814
75.65
84.15
82.95
96.8
97.6440677966
78.8333333333
94.5333333333
93.3666666667
88.25
67.5254237288
78.4833333333
85.65
96.8
92.1333333333
83.1694915254
83.0666666667
78.9
77.0
80.5
81.6610169492
60.2
89.9
72.75
71.9666666667
76.7833333333
77.6440677966
94.8833333333
79.05
83.25
86.2833333333
83.0677966102
68.7
71.8
68.2
71.2807017544
--END OF 9--
4.98333333333
3.58333333333
4.8813559322
3.6
5.61666666667
5.88333333333
2.93333333333
2.36666666667
2.1186440678
4.65
2.55
3.45
6.75
3.75
2.08474576271
2.23333333333
4.18333333333
3.0
4.33333333333
5.15254237288
1.81666666667
4.53333333333
5.4
5.1
2.28813559322
1.5
4.75
3.35
3.95
2.22033898305
3.86666666667
5.91666666667
3.38333333333
6.15
3.0
5.01666666667
1.78333333333
3.03333333333
4.86666666667
3.50847457627
3.56666666667
5.6
1.75
3.4
6.1186440678
3.5
3.01666666667
2.08333333333
2.11666666667
1.43333333333
2.1186440678
4.81666666667
3.25
2.81666666667
4.45
1.4406779661
2.65
0.55
1.7
3.61403508772
--END OF 10--
0.766666666667
0.266666666667
1.06779661017
1.38333333333
0.466666666667
1.5
0.0
1.1
0.610169491525
0.3
1.05
0.95
0.5
1.1
1.03389830508
1.06666666667
0.816666666667
1.16666666667
1.2
1.62711864407
0.0333333333333
0.0
1.11666666667
2.05
0.338983050847
0.45
1.75
0.3
0.7
1.32203389831
0.883333333333
0.8
0.816666666667
0.0
0.0
0.5
0.5
0.733333333333
1.21666666667
1.01694915254
0.65
0.8
0.0
0.5
2.81355932203
0.616666666667
0.383333333333
0.733333333333
0.0
0.533333333333
0.474576271186
1.13333333333
0.866666666667
0.5
1.46666666667
0.0338983050847
0.0
0.0
0.25
0.982456140351
--END OF 11--
0.0
0.0
0.0
0.0
0.0
0.5
0.0
0.466666666667
0.0338983050847
0.0
0.0
0.0
0.5
0.5
0.627118644068
0.383333333333
0.0
0.383333333333
0.75
0.372881355932
0.0
0.0
0.0
0.0
0.0
0.0
0.0
0.0
0.0
0.0
0.0
0.0
0.5
0.0
0.0
0.5
0.0
0.0
0.0
0.0
0.0
0.0
0.0
0.0
0.440677966102
0.0666666666667
0.0
0.0
0.0
0.0
0.0
0.0
0.0
0.0
0.5
0.0
0.0
0.0
0.25
0.526315789474
--END OF 12--
