16.3666666667
16.5333333333
16.3
15.5166666667
15.6166666667
16.1186440678
16.25
16.9333333333
15.55
16.15
15.8166666667
16.2372881356
15.6
15.65
16.3166666667
16.3333333333
16.65
16.3728813559
15.75
15.1333333333
15.7833333333
16.05
15.9661016949
15.1
15.2166666667
14.8166666667
14.6833333333
15.8
16.5593220339
16.8
15.95
15.2
15.65
15.55
17.0508474576
16.65
15.2333333333
14.7833333333
15.9333333333
16.0338983051
15.6833333333
16.05
16.6666666667
15.1833333333
15.6333333333
15.8305084746
15.8333333333
15.75
16.15
16.15
15.9322033898
16.0666666667
15.9
16.6
15.9
15.2333333333
16.4576271186
15.0833333333
15.2666666667
15.4210526316
--END OF 1--
20.2
20.7
20.5166666667
19.0
19.5833333333
19.2203389831
19.8
19.9833333333
19.6
20.6333333333
19.6333333333
20.7457627119
19.65
19.8
19.8666666667
20.6833333333
21.4
20.8813559322
19.5166666667
18.8666666667
19.1333333333
20.4666666667
20.5254237288
18.35
18.8833333333
19.45
18.9666666667
19.2333333333
21.2711864407
21.1
19.85
18.5
20.0
19.9
20.3898305085
21.1166666667
19.25
18.9
20.1833333333
19.8474576271
20.6666666667
19.4333333333
20.5166666667
19.0
19.8166666667
19.9491525424
20.0833333333
18.95
19.85
20.7
19.9661016949
20.6166666667
20.3166666667
20.9166666667
19.9166666667
19.0333333333
21.6779661017
18.8833333333
19.1
20.298245614
--END OF 2--
20.2166666667
20.9333333333
20.5666666667
19.25
20.2
20.0677966102
20.6166666667
20.9833333333
20.2833333333
20.95
19.8333333333
20.7457627119
20.2
20.0
20.1666666667
20.6833333333
21.7
21.6440677966
19.7666666667
18.8666666667
19.5666666667
20.8666666667
21.1694915254
18.6666666667
19.95
20.25
18.9666666667
19.4833333333
21.3728813559
21.5
20.35
19.05
20.5
20.55
21.1355932203
21.7833333333
20.1833333333
19.95
20.8333333333
20.5762711864
20.85
20.0833333333
20.5166666667
19.4666666667
20.5666666667
21.0
20.6833333333
19.95
20.15
21.05
20.9830508475
21.45
20.3833333333
20.9166666667
20.7166666667
19.0333333333
21.8813559322
18.8833333333
19.2
21.0175438596
--END OF 3--
16.3666666667
16.5333333333
16.3
15.5166666667
15.6166666667
16.1186440678
16.25
16.9333333333
15.55
16.15
15.8166666667
16.2372881356
15.6
15.65
16.3166666667
16.3333333333
16.65
16.3728813559
15.75
15.1333333333
15.7833333333
16.05
15.9661016949
15.1
15.2166666667
14.8166666667
14.6833333333
15.8
16.5593220339
16.8
15.95
15.2
15.65
15.55
17.0508474576
16.65
15.2333333333
14.7833333333
15.9333333333
16.0338983051
15.6833333333
16.05
16.6666666667
15.1833333333
15.6333333333
15.8305084746
15.8333333333
15.75
16.15
16.15
15.9322033898
16.0666666667
15.9
16.6
15.9
15.2333333333
16.4576271186
15.0833333333
15.2666666667
15.4210526316
--END OF 4--
20.2
20.7
20.5166666667
19.0
19.5833333333
19.2203389831
19.8
19.9833333333
19.6
20.6333333333
19.6333333333
20.7457627119
19.65
19.8
19.8666666667
20.6833333333
21.4
20.8813559322
19.5166666667
18.8666666667
19.1333333333
20.4666666667
20.5254237288
18.35
18.8833333333
19.45
18.9666666667
19.2333333333
21.2711864407
21.1
19.85
18.5
20.0
19.9
20.3898305085
21.1166666667
19.25
18.9
20.1833333333
19.8474576271
20.6666666667
19.4333333333
20.5166666667
19.0
19.8166666667
19.9491525424
20.0833333333
18.95
19.85
20.7
19.9661016949
20.6166666667
20.3166666667
20.9166666667
19.9166666667
19.0333333333
21.6779661017
18.8833333333
19.1
20.298245614
--END OF 5--
20.2166666667
20.9333333333
20.5666666667
19.25
20.2
20.0677966102
20.6166666667
20.9833333333
20.2833333333
20.95
19.8333333333
20.7457627119
20.2
20.0
20.1666666667
20.6833333333
21.7
21.6440677966
19.7666666667
18.8666666667
19.5666666667
20.8666666667
21.1694915254
18.6666666667
19.95
20.25
18.9666666667
19.4833333333
21.3728813559
21.5
20.35
19.05
20.5
20.55
21.1355932203
21.7833333333
20.1833333333
19.95
20.8333333333
20.5762711864
20.85
20.0833333333
20.5166666667
19.4666666667
20.5666666667
21.0
20.6833333333
19.95
20.15
21.05
20.9830508475
21.45
20.3833333333
20.9166666667
20.7166666667
19.0333333333
21.8813559322
18.8833333333
19.2
21.0175438596
--END OF 6--
3118.45
3144.25
3056.9
2930.35
3016.45
3038.69491525
3077.45
2938.0
2967.95
2977.35
3021.4
3064.06779661
2959.05
3016.35
3034.8
3107.55
3143.55
3021.86440678
2945.35
2931.95
2949.1
3016.85
3014.49152542
2816.55
2902.1
2906.65
2802.5
2919.45
3065.33898305
3060.3
2881.35
2834.4
2912.7
2969.55
3084.25423729
3052.1
2907.6
2907.15
3040.2
3014.38983051
3004.05
3000.5
3076.5
3025.2
2906.9
3052.3220339
3084.3
3019.95
2982.9
3035.4
2903.69491525
2998.55
3004.65
3051.3
3021.9
2863.65
3144.10169492
2878.9
2963.85
3010.78947368
--END OF 7--
848.9
853.116666667
847.216666667
809.35
818.633333333
846.983050847
849.566666667
831.533333333
820.0
820.033333333
822.416666667
843.593220339
814.05
819.65
843.6
863.5
871.8
830.728813559
808.283333333
798.066666667
822.516666667
843.65
836.305084746
786.066666667
795.333333333
805.533333333
781.283333333
812.35
853.728813559
861.75
802.1
783.55
806.75
815.8
865.542372881
853.766666667
805.216666667
805.6
853.2
815.813559322
827.333333333
832.166666667
868.833333333
811.316666667
808.15
850.525423729
847.8
839.0
840.3
837.85
812.796610169
837.433333333
817.633333333
848.7
827.45
793.1
870.372881356
784.4
802.75
828.859649123
--END OF 8--
91.8666666667
98.1666666667
97.5833333333
84.5833333333
89.2666666667
88.6610169492
86.9833333333
86.3333333333
88.75
98.25
81.2166666667
103.13559322
96.5
87.6
93.55
99.5
104.35
110.474576271
90.4666666667
78.7
87.0333333333
95.8166666667
101.491525424
79.6666666667
85.8833333333
91.7166666667
81.0333333333
91.3
102.186440678
106.15
100.3
74.55
106.65
100.3
87.1694915254
97.3333333333
94.7666666667
91.6166666667
104.433333333
96.7457627119
102.633333333
89.4833333333
94.45
95.85
91.85
91.3728813559
104.8
86.1
96.4
104.1
97.2542372881
97.3833333333
100.583333333
102.316666667
92.9833333333
92.65
111.677966102
90.6
82.8
107.0
--END OF 9--
2.25
1.1
1.26666666667
3.2
3.81666666667
2.35593220339
3.55
4.8
3.06666666667
5.98333333333
4.21666666667
1.5593220339
4.95
5.25
2.1
2.6
3.0
7.06779661017
3.98333333333
3.38333333333
2.08333333333
3.85
3.59322033898
1.86666666667
4.65
4.31666666667
3.83333333333
2.36666666667
3.47457627119
1.9
3.5
2.75
3.7
3.15
3.66101694915
6.66666666667
5.38333333333
5.25
3.21666666667
4.18644067797
3.53333333333
1.73333333333
1.56666666667
1.8
2.98333333333
4.72881355932
3.95
3.35
3.3
3.3
4.08474576271
4.76666666667
3.16666666667
2.26666666667
4.91666666667
1.48333333333
3.91525423729
1.6
2.96666666667
4.85964912281
--END OF 10--
0.116666666667
0.0
0.0
0.0333333333333
1.0
1.1186440678
0.866666666667
1.5
0.966666666667
0.0333333333333
0.0
0.0
0.85
0.15
0.5
0.0
0.65
0.864406779661
0.0
0.0
0.283333333333
0.55
0.71186440678
0.483333333333
1.15
1.0
0.0
0.5
0.203389830508
0.8
1.0
0.5
0.65
0.35
0.898305084746
1.11666666667
1.31666666667
2.01666666667
0.75
0.898305084746
0.2
1.0
0.0
0.5
0.783333333333
1.74576271186
0.75
0.75
0.5
0.55
1.47457627119
0.883333333333
0.116666666667
0.0
1.0
0.0
0.508474576271
0.0
0.5
0.929824561404
--END OF 11--
0.0
0.0
0.0
0.0
0.0
0.0
0.5
0.0
0.0
0.0
0.0
0.0
0.0
0.0
0.0
0.0
0.0
0.0
0.0
0.0
0.283333333333
0.55
0.169491525424
0.0
0.0
0.5
0.0
0.0
0.0
0.0
0.0
0.0
0.15
0.35
0.0
0.0
0.483333333333
0.0166666666667
0.583333333333
0.423728813559
0.0
0.0
0.0
0.0
0.0
0.508474576271
0.5
0.0
0.0
0.0
0.508474576271
0.0
0.0
0.0
0.0
0.0
0.0
0.0
0.0
0.0
--END OF 12--
