9.53333333333
10.2542372881
9.9
9.43333333333
9.11666666667
10.2333333333
9.95
10.0338983051
9.23333333333
10.1833333333
9.0
10.3666666667
9.95
9.08474576271
9.4
9.45
10.25
8.61666666667
9.83050847458
10.1
9.13333333333
10.9
10.3833333333
9.30508474576
9.61666666667
10.6166666667
10.6
10.0833333333
10.0338983051
10.4
9.73333333333
10.15
9.76666666667
10.1016949153
9.85
10.2
10.5333333333
10.05
9.77966101695
10.5333333333
9.75
10.3333333333
10.0666666667
9.18644067797
9.96666666667
10.5
9.88333333333
8.88333333333
9.69491525424
11.0
9.71666666667
10.7166666667
10.1
9.98333333333
11.2542372881
10.4333333333
10.5333333333
10.3833333333
9.65
10.2105263158
--END OF 1--
13.5
13.1016949153
12.5
11.9333333333
12.55
13.9333333333
13.25
13.5084745763
13.8166666667
13.4
12.0
12.8166666667
12.45
12.8474576271
13.6
13.15
13.05
12.3666666667
13.813559322
12.95
12.8
14.6333333333
14.15
11.4915254237
12.5333333333
13.9666666667
13.5166666667
14.2333333333
13.4237288136
14.05
13.2833333333
13.3
12.3166666667
13.0508474576
14.2833333333
13.2833333333
13.9166666667
13.25
13.2372881356
13.6833333333
12.5166666667
13.5166666667
13.0666666667
12.186440678
13.2666666667
13.7
12.7333333333
11.9333333333
12.7966101695
13.6
13.0666666667
14.3166666667
13.9166666667
13.0666666667
14.5254237288
13.9833333333
13.4666666667
13.9666666667
13.6166666667
14.3157894737
--END OF 2--
13.85
13.6440677966
13.1333333333
12.9166666667
12.65
14.2833333333
13.3
14.1355932203
14.05
14.3
13.5
12.8166666667
12.9
13.4576271186
13.85
13.8
13.4
13.1166666667
14.6271186441
13.5666666667
13.3333333333
15.3833333333
15.2166666667
12.0338983051
12.9333333333
14.2
13.8
14.5
13.5254237288
15.0
14.1333333333
13.95
13.6166666667
13.5423728814
14.8833333333
13.7333333333
14.3333333333
13.45
13.9830508475
14.2
13.3166666667
13.7666666667
13.2666666667
12.186440678
13.6666666667
14.2
13.1333333333
12.4333333333
13.0508474576
13.7833333333
13.9666666667
16.6
14.7333333333
13.5333333333
14.5254237288
14.95
13.8666666667
15.2333333333
14.55
16.4210526316
--END OF 3--
9.53333333333
10.2542372881
9.9
9.43333333333
9.11666666667
10.2333333333
9.95
10.0338983051
9.23333333333
10.1833333333
9.0
10.3666666667
9.95
9.08474576271
9.4
9.45
10.25
8.61666666667
9.83050847458
10.1
9.13333333333
10.9
10.3833333333
9.30508474576
9.61666666667
10.6166666667
10.6
10.0833333333
10.0338983051
10.4
9.73333333333
10.15
9.76666666667
10.1016949153
9.85
10.2
10.5333333333
10.05
9.77966101695
10.5333333333
9.75
10.3333333333
10.0666666667
9.18644067797
9.96666666667
10.5
9.88333333333
8.88333333333
9.69491525424
11.0
9.71666666667
10.7166666667
10.1
9.98333333333
11.2542372881
10.4333333333
10.5333333333
10.3833333333
9.65
10.2105263158
--END OF 4--
13.5
13.1016949153
12.5
11.9333333333
12.55
13.9333333333
13.25
13.5084745763
13.8166666667
13.4
12.0
12.8166666667
12.45
12.8474576271
13.6
13.15
13.05
12.3666666667
13.813559322
12.95
12.8
14.6333333333
14.15
11.4915254237
12.5333333333
13.9666666667
13.5166666667
14.2333333333
13.4237288136
14.05
13.2833333333
13.3
12.3166666667
13.0508474576
14.2833333333
13.2833333333
13.9166666667
13.25
13.2372881356
13.6833333333
12.5166666667
13.5166666667
13.0666666667
12.186440678
13.2666666667
13.7
12.7333333333
11.9333333333
12.7966101695
13.6
13.0666666667
14.3166666667
13.9166666667
13.0666666667
14.5254237288
13.9833333333
13.4666666667
13.9666666667
13.6166666667
14.3157894737
--END OF 5--
13.85
13.6440677966
13.1333333333
12.9166666667
12.65
14.2833333333
13.3
14.1355932203
14.05
14.3
13.5
12.8166666667
12.9
13.4576271186
13.85
13.8
13.4
13.1166666667
14.6271186441
13.5666666667
13.3333333333
15.3833333333
15.2166666667
12.0338983051
12.9333333333
14.2
13.8
14.5
13.5254237288
15.0
14.1333333333
13.95
13.6166666667
13.5423728814
14.8833333333
13.7333333333
14.3333333333
13.45
13.9830508475
14.2
13.3166666667
13.7666666667
13.2666666667
12.186440678
13.6666666667
14.2
13.1333333333
12.4333333333
13.0508474576
13.7833333333
13.9666666667
16.6
14.7333333333
13.5333333333
14.5254237288
14.95
13.8666666667
15.2333333333
14.55
16.4210526316
--END OF 6--
2033.6
1964.6440678
1993.45
1875.9
1881.45
1975.9
1878.1
1915.52542373
1867.25
1944.75
1775.75
1942.55
1951.3
1860.20338983
1859.55
1924.8
1979.4
1836.5
1992.81355932
1977.75
1953.7
2121.8
2091.65
1912.98305085
1840.4
2024.35
2007.65
2019.55
2009.44067797
2077.05
2022.3
2042.4
1962.9
2002.06779661
1910.0
1886.6
1983.15
1965.8
1995.25423729
1965.8
1923.5
2046.9
1983.6
1779.66101695
1910.7
2070.3
1984.8
1837.95
1999.22033898
2111.2
1938.45
2019.3
1966.55
1911.8
2111.89830508
2005.05
2017.35
2114.2
1942.75
2016.0
--END OF 7--
561.716666667
555.474576271
547.15
520.883333333
514.1
543.4
518.183333333
533.220338983
515.516666667
542.016666667
493.933333333
547.2
541.6
521.305084746
516.9
519.15
548.4
512.966666667
540.830508475
542.766666667
528.6
588.483333333
578.433333333
526.983050847
520.133333333
550.4
561.183333333
561.866666667
542.152542373
558.7
546.55
565.25
538.8
543.644067797
535.583333333
543.133333333
560.416666667
544.316666667
555.881355932
547.516666667
530.15
553.533333333
552.416666667
499.559322034
532.75
575.65
537.55
517.2
544.711864407
580.333333333
543.683333333
574.933333333
555.95
538.85
589.440677966
557.9
566.4
581.316666667
544.316666667
558.842105263
--END OF 8--
81.7
74.9491525424
61.8166666667
65.5333333333
64.0
68.4166666667
71.6333333333
76.1355932203
82.9
75.5333333333
69.45
61.6333333333
72.2
69.6779661017
76.45
69.5
76.5
68.9666666667
78.8474576271
66.2
69.5
78.2
82.5833333333
45.8983050847
68.85
71.5666666667
65.15
78.3666666667
74.3050847458
69.95
67.85
59.95
69.15
68.1186440678
84.0
67.3
62.3666666667
70.25
73.0677966102
78.3833333333
66.0333333333
80.7666666667
61.5333333333
65.8305084746
67.95
69.1
70.9
65.9
72.9661016949
74.7666666667
81.0333333333
85.95
82.0
68.25
67.9491525424
80.2833333333
61.05
67.3833333333
74.3333333333
83.2631578947
--END OF 9--
3.05
1.57627118644
1.71666666667
2.11666666667
2.78333333333
2.26666666667
3.26666666667
2.5593220339
5.41666666667
3.53333333333
4.26666666667
1.86666666667
1.41666666667
6.38983050847
5.0
5.5
1.3
6.2
5.81355932203
2.63333333333
2.31666666667
4.75
4.53333333333
3.16949152542
2.56666666667
3.33333333333
1.63333333333
4.33333333333
3.22033898305
4.35
3.85
3.45
3.25
3.40677966102
6.45
1.8
5.31666666667
2.3
3.20338983051
2.3
2.56666666667
1.63333333333
3.45
2.67796610169
3.45
2.0
1.45
2.5
3.42372881356
0.733333333333
3.16666666667
6.78333333333
3.23333333333
1.21666666667
1.03389830508
3.85
2.63333333333
5.88333333333
4.11666666667
5.26315789474
--END OF 10--
0.7
0.779661016949
1.03333333333
1.48333333333
0.216666666667
0.5
0.0
0.508474576271
0.5
1.31666666667
2.1
0.0833333333333
0.5
0.508474576271
0.15
0.85
0.35
1.25
0.830508474576
0.983333333333
0.983333333333
1.06666666667
1.61666666667
0.898305084746
0.65
0.333333333333
0.45
0.416666666667
0.152542372881
0.95
1.0
0.9
1.0
0.847457627119
1.0
0.433333333333
0.733333333333
0.5
1.10169491525
0.416666666667
1.0
0.5
0.5
0.0
0.7
0.85
0.45
1.0
0.508474576271
0.0333333333333
1.5
3.18333333333
1.06666666667
0.716666666667
0.0
1.23333333333
0.283333333333
2.08333333333
1.36666666667
3.15789473684
--END OF 11--
0.05
0.0
0.283333333333
0.216666666667
0.0
0.0
0.0
0.0
0.0
0.0
0.0
0.0
0.0
0.0
0.0
0.0
0.0
0.0
0.338983050847
0.0
0.416666666667
0.5
0.316666666667
0.0
0.0
0.0
0.0
0.0
0.152542372881
0.35
0.0
0.0
0.0
0.0
0.333333333333
0.2
0.466666666667
0.0
0.508474576271
0.0
0.5
0.0
0.0
0.0
0.0
0.25
0.25
0.5
0.0
0.0
0.0
0.5
0.0
0.0
0.0
0.733333333333
0.266666666667
1.1
0.4
1.52631578947
--END OF 12--
