8.98333333333
8.55
8.7
9.15254237288
9.28333333333
8.8
8.23333333333
8.73333333333
9.0
8.96610169492
9.35
9.18333333333
8.85
8.45
8.96666666667
9.67796610169
9.4
8.25
8.68333333333
8.0
8.8
8.15254237288
9.05
9.35
9.05
8.86666666667
9.33333333333
9.01694915254
9.13333333333
9.91666666667
9.48333333333
8.26666666667
8.1186440678
7.93333333333
7.83333333333
9.7
9.75
8.3
9.15254237288
9.31666666667
9.9
9.26666666667
8.11666666667
9.3
9.10169491525
8.8
9.28333333333
8.81666666667
8.96666666667
8.79661016949
8.6
8.93333333333
8.61666666667
9.18333333333
8.35
8.47457627119
10.0166666667
9.06666666667
8.66666666667
8.12068965517
--END OF 1--
10.8333333333
11.25
11.05
12.0508474576
11.9833333333
12.05
10.6833333333
11.7
11.3333333333
12.0169491525
12.0166666667
12.25
11.7166666667
11.0333333333
11.1833333333
12.5762711864
12.0
10.65
10.6833333333
10.95
11.1
11.2372881356
11.4833333333
11.6833333333
11.2666666667
10.6166666667
11.55
11.2033898305
11.3333333333
12.3666666667
11.3333333333
10.7833333333
11.3220338983
11.1833333333
10.2333333333
12.15
12.55
10.55
11.1525423729
12.0666666667
12.4666666667
12.55
10.8666666667
11.4333333333
11.3898305085
11.9
11.4666666667
11.4833333333
11.35
10.8983050847
11.05
11.3833333333
10.9166666667
11.4833333333
11.45
10.6779661017
12.2166666667
11.6
11.1166666667
10.4827586207
--END OF 2--
11.5333333333
11.25
11.05
12.3050847458
12.2833333333
12.6
11.4833333333
12.1833333333
11.75
12.4406779661
12.2
12.8666666667
12.15
11.0333333333
11.4333333333
12.9830508475
12.2
10.8
10.6833333333
10.95
12.05
11.5423728814
11.7833333333
11.8833333333
11.6666666667
11.15
12.2666666667
11.3050847458
11.85
12.7
11.8166666667
11.7
12.0847457627
11.4833333333
10.2333333333
12.45
13.05
10.65
11.1525423729
12.35
13.3333333333
12.7
11.1166666667
11.6166666667
11.7627118644
12.2166666667
11.9833333333
12.2666666667
11.7
10.8983050847
11.45
11.6333333333
11.3666666667
11.6833333333
11.75
10.6779661017
12.5666666667
11.6
11.6166666667
10.5862068966
--END OF 3--
8.98333333333
8.55
8.7
9.15254237288
9.28333333333
8.8
8.23333333333
8.73333333333
9.0
8.96610169492
9.35
9.18333333333
8.85
8.45
8.96666666667
9.67796610169
9.4
8.25
8.68333333333
8.0
8.8
8.15254237288
9.05
9.35
9.05
8.86666666667
9.33333333333
9.01694915254
9.13333333333
9.91666666667
9.48333333333
8.26666666667
8.1186440678
7.93333333333
7.83333333333
9.7
9.75
8.3
9.15254237288
9.31666666667
9.9
9.26666666667
8.11666666667
9.3
9.10169491525
8.8
9.28333333333
8.81666666667
8.96666666667
8.79661016949
8.6
8.93333333333
8.61666666667
9.18333333333
8.35
8.47457627119
10.0166666667
9.06666666667
8.66666666667
8.12068965517
--END OF 4--
10.8333333333
11.25
11.05
12.0508474576
11.9833333333
12.05
10.6833333333
11.7
11.3333333333
12.0169491525
12.0166666667
12.25
11.7166666667
11.0333333333
11.1833333333
12.5762711864
12.0
10.65
10.6833333333
10.95
11.1
11.2372881356
11.4833333333
11.6833333333
11.2666666667
10.6166666667
11.55
11.2033898305
11.3333333333
12.3666666667
11.3333333333
10.7833333333
11.3220338983
11.1833333333
10.2333333333
12.15
12.55
10.55
11.1525423729
12.0666666667
12.4666666667
12.55
10.8666666667
11.4333333333
11.3898305085
11.9
11.4666666667
11.4833333333
11.35
10.8983050847
11.05
11.3833333333
10.9166666667
11.4833333333
11.45
10.6779661017
12.2166666667
11.6
11.1166666667
10.4827586207
--END OF 5--
11.5333333333
11.25
11.05
12.3050847458
12.2833333333
12.6
11.4833333333
12.1833333333
11.75
12.4406779661
12.2
12.8666666667
12.15
11.0333333333
11.4333333333
12.9830508475
12.2
10.8
10.6833333333
10.95
12.05
11.5423728814
11.7833333333
11.8833333333
11.6666666667
11.15
12.2666666667
11.3050847458
11.85
12.7
11.8166666667
11.7
12.0847457627
11.4833333333
10.2333333333
12.45
13.05
10.65
11.1525423729
12.35
13.3333333333
12.7
11.1166666667
11.6166666667
11.7627118644
12.2166666667
11.9833333333
12.2666666667
11.7
10.8983050847
11.45
11.6333333333
11.3666666667
11.6833333333
11.75
10.6779661017
12.5666666667
11.6
11.6166666667
10.5862068966
--END OF 6--
1784.4
1690.8
1693.2
1788.55932203
1811.35
1873.2
1722.8
1679.9
1861.9
1825.88135593
1870.7
1856.85
1785.8
1775.45
1786.05
2075.08474576
1850.55
1679.1
1750.2
1707.0
1729.95
1752.20338983
1820.05
1760.25
1749.9
1751.65
1843.5
1755.50847458
1770.45
1910.4
1800.95
1780.15
1764.25423729
1699.2
1658.25
1861.5
1876.8
1682.85
1808.59322034
1857.0
1860.75
1873.75
1733.7
1859.5
1759.6779661
1797.4
1866.75
1756.9
1734.35
1740.15254237
1743.15
1750.65
1716.9
1822.05
1709.1
1720.6779661
1841.05
1818.65
1750.4
1649.5862069
--END OF 7--
484.1
467.6
476.15
489.966101695
504.933333333
507.816666667
475.3
476.35
510.033333333
508.0
506.133333333
513.216666667
484.7
475.166666667
493.666666667
579.813559322
506.35
459.0
479.6
461.25
476.0
473.186440678
501.4
494.733333333
480.983333333
473.966666667
505.816666667
488.847457627
488.166666667
525.833333333
499.75
479.016666667
490.101694915
464.0
463.7
517.5
527.35
460.55
483.355932203
510.433333333
520.033333333
513.966666667
484.1
512.066666667
495.389830508
498.333333333
517.016666667
479.516666667
477.15
479.881355932
461.9
484.25
475.95
506.65
473.6
474.644067797
519.516666667
491.35
481.933333333
454.913793103
--END OF 8--
52.45
61.7
54.1
68.8474576271
56.0166666667
57.4333333333
51.3833333333
57.8833333333
55.7
63.0677966102
63.9333333333
62.9333333333
64.3166666667
50.7333333333
56.9333333333
62.406779661
66.25
51.5
46.15
52.85
58.15
69.2372881356
51.8166666667
53.25
63.1833333333
39.3166666667
50.65
45.1186440678
64.7166666667
65.45
54.6333333333
53.3166666667
59.1525423729
62.5
54.4
56.15
62.3
48.05
47.6949152542
54.3166666667
64.1833333333
65.1666666667
53.9333333333
40.2666666667
52.5254237288
69.7833333333
56.4333333333
67.7166666667
64.9833333333
45.1016949153
52.25
54.0
54.4
60.4
63.55
53.9830508475
61.8166666667
56.2333333333
60.7333333333
54.4482758621
--END OF 9--
1.9
1.65
1.35
1.72881355932
2.33333333333
3.08333333333
2.15
3.76666666667
1.33333333333
2.33898305085
2.41666666667
2.56666666667
2.93333333333
2.28333333333
0.816666666667
2.25423728814
1.75
2.75
0.95
2.45
2.35
1.0
2.36666666667
1.73333333333
1.35
1.71666666667
1.98333333333
1.86440677966
2.03333333333
2.31666666667
1.43333333333
4.85
5.03389830508
3.55
1.15
1.6
3.5
2.15
1.13559322034
1.85
2.7
1.5
1.06666666667
1.43333333333
1.54237288136
3.28333333333
1.7
4.6
2.28333333333
0.949152542373
3.4
2.35
3.5
2.4
4.2
1.83050847458
2.01666666667
1.41666666667
1.68333333333
1.10344827586
--END OF 10--
1.3
0.0
0.0
0.508474576271
0.5
0.783333333333
1.21666666667
1.03333333333
0.466666666667
0.64406779661
0.366666666667
1.28333333333
0.716666666667
0.0
0.5
0.508474576271
0.0
0.5
0.0
0.0
1.55
0.457627118644
0.5
0.5
1.0
0.716666666667
0.783333333333
0.0
0.816666666667
0.683333333333
0.85
1.15
1.1186440678
0.4
0.0
0.45
0.55
0.0
0.0
0.583333333333
1.41666666667
0.383333333333
0.616666666667
0.183333333333
0.830508474576
0.366666666667
0.5
0.5
0.5
0.254237288136
0.25
0.15
0.85
0.0
0.5
0.0
0.5
0.0
0.5
0.206896551724
--END OF 11--
0.0
0.0
0.0
0.0
0.0
0.5
0.5
0.0
0.0
0.0
0.0
0.0
0.0
0.0
0.0
0.0
0.0
0.0
0.0
0.0
0.2
0.305084745763
0.0
0.0
0.0
0.0333333333333
0.466666666667
0.0
0.0
0.0
0.0
0.0
0.254237288136
0.25
0.0
0.0
0.0
0.0
0.0
0.0
0.5
0.0
0.0
0.0
0.0
0.0
0.0
0.0
0.0
0.0
0.0
0.0
0.0
0.0
0.0
0.0
0.0
0.0
0.0
0.0
--END OF 12--
