10.3833333333
11.55
11.0333333333
11.2833333333
10.9
11.0169491525
11.3166666667
10.2833333333
11.2
10.55
10.4
10.186440678
10.7166666667
10.7666666667
10.3833333333
11.25
9.7
10.4576271186
9.43333333333
10.1833333333
10.4666666667
11.2333333333
10.4833333333
11.6271186441
10.8833333333
9.93333333333
9.91666666667
11.1666666667
10.5333333333
10.0
9.41666666667
9.98333333333
10.2166666667
10.1833333333
10.5166666667
11.2711864407
10.4666666667
10.1
9.75
10.65
9.1
10.3898305085
9.45
9.85
10.45
11.1
10.4915254237
11.2333333333
10.5
10.6666666667
10.65
10.1333333333
10.8474576271
10.5666666667
9.6
10.9333333333
10.85
10.8474576271
10.35
11.8392857143
--END OF 1--
14.4833333333
14.7833333333
14.3166666667
14.8666666667
15.5333333333
15.1355932203
14.4166666667
12.7833333333
14.85
14.2
14.2
14.6949152542
14.6
14.7333333333
13.1333333333
14.65
13.2833333333
13.5762711864
13.6
13.7
13.7666666667
14.8833333333
14.5666666667
15.5593220339
14.1833333333
14.0333333333
13.4666666667
15.7666666667
14.4833333333
14.1186440678
12.9833333333
13.3166666667
14.4333333333
14.3833333333
14.4833333333
14.7457627119
14.5166666667
14.4
13.55
14.2333333333
13.4333333333
15.5593220339
13.7
13.3
13.1
14.3
13.9661016949
15.4666666667
13.9
13.0833333333
14.05
13.45
14.0338983051
13.6166666667
12.05
14.6833333333
14.6166666667
13.813559322
14.25
15.7857142857
--END OF 2--
14.7333333333
16.3333333333
14.3166666667
14.8666666667
15.6833333333
15.8474576271
14.7166666667
13.4333333333
15.05
15.25
14.95
15.2033898305
15.8333333333
15.0833333333
13.65
15.15
13.3833333333
14.1355932203
13.85
14.1833333333
13.7666666667
14.8833333333
14.8333333333
16.5593220339
14.3833333333
14.7333333333
13.5666666667
16.4666666667
15.3333333333
15.0338983051
13.6666666667
13.6833333333
15.2333333333
14.75
15.7
14.813559322
14.5666666667
15.2166666667
13.6333333333
14.3333333333
14.15
16.0677966102
14.25
13.3
13.1
15.15
14.5762711864
15.8
14.4666666667
14.2166666667
14.4
13.5166666667
14.5593220339
13.7
12.5
15.1333333333
14.6166666667
14.3220338983
15.15
16.2857142857
--END OF 3--
10.3833333333
11.55
11.0333333333
11.2833333333
10.9
11.0169491525
11.3166666667
10.2833333333
11.2
10.55
10.4
10.186440678
10.7166666667
10.7666666667
10.3833333333
11.25
9.7
10.4576271186
9.43333333333
10.1833333333
10.4666666667
11.2333333333
10.4833333333
11.6271186441
10.8833333333
9.93333333333
9.91666666667
11.1666666667
10.5333333333
10.0
9.41666666667
9.98333333333
10.2166666667
10.1833333333
10.5166666667
11.2711864407
10.4666666667
10.1
9.75
10.65
9.1
10.3898305085
9.45
9.85
10.45
11.1
10.4915254237
11.2333333333
10.5
10.6666666667
10.65
10.1333333333
10.8474576271
10.5666666667
9.6
10.9333333333
10.85
10.8474576271
10.35
11.8392857143
--END OF 4--
14.4833333333
14.7833333333
14.3166666667
14.8666666667
15.5333333333
15.1355932203
14.4166666667
12.7833333333
14.85
14.2
14.2
14.6949152542
14.6
14.7333333333
13.1333333333
14.65
13.2833333333
13.5762711864
13.6
13.7
13.7666666667
14.8833333333
14.5666666667
15.5593220339
14.1833333333
14.0333333333
13.4666666667
15.7666666667
14.4833333333
14.1186440678
12.9833333333
13.3166666667
14.4333333333
14.3833333333
14.4833333333
14.7457627119
14.5166666667
14.4
13.55
14.2333333333
13.4333333333
15.5593220339
13.7
13.3
13.1
14.3
13.9661016949
15.4666666667
13.9
13.0833333333
14.05
13.45
14.0338983051
13.6166666667
12.05
14.6833333333
14.6166666667
13.813559322
14.25
15.7857142857
--END OF 5--
14.7333333333
16.3333333333
14.3166666667
14.8666666667
15.6833333333
15.8474576271
14.7166666667
13.4333333333
15.05
15.25
14.95
15.2033898305
15.8333333333
15.0833333333
13.65
15.15
13.3833333333
14.1355932203
13.85
14.1833333333
13.7666666667
14.8833333333
14.8333333333
16.5593220339
14.3833333333
14.7333333333
13.5666666667
16.4666666667
15.3333333333
15.0338983051
13.6666666667
13.6833333333
15.2333333333
14.75
15.7
14.813559322
14.5666666667
15.2166666667
13.6333333333
14.3333333333
14.15
16.0677966102
14.25
13.3
13.1
15.15
14.5762711864
15.8
14.4666666667
14.2166666667
14.4
13.5166666667
14.5593220339
13.7
12.5
15.1333333333
14.6166666667
14.3220338983
15.15
16.2857142857
--END OF 6--
2179.0
2205.2
2080.65
2155.05
2105.35
2048.38983051
2151.9
2031.0
2089.2
2071.8
1980.6
2049.30508475
2078.75
2141.35
1998.05
2129.85
1875.5
1926.86440678
1991.7
2010.05
1987.6
2202.4
2087.1
2260.37288136
2134.05
2005.2
2104.8
2169.45
2235.75
1984.06779661
1844.2
1976.9
1975.25
2007.25
2073.0
2142.20338983
2066.1
2050.75
1937.15
2133.25
1958.75
2097.96610169
1864.5
1961.7
1920.75
2060.1
2051.23728814
2132.15
1996.2
1979.3
2002.8
1939.2
2180.79661017
2024.9
1865.35
2067.5
2048.7
2026.93220339
2058.0
2287.71428571
--END OF 7--
598.816666667
604.75
591.433333333
609.366666667
593.35
583.220338983
596.75
552.9
593.5
574.0
562.65
569.627118644
583.383333333
582.616666667
548.85
576.983333333
521.566666667
539.423728814
552.366666667
548.133333333
553.716666667
601.416666667
579.333333333
619.0
588.6
556.05
580.9
597.85
600.6
542.610169492
507.483333333
552.733333333
546.583333333
555.183333333
585.683333333
598.983050847
580.983333333
569.483333333
538.366666667
581.133333333
524.9
587.881355932
524.75
532.35
529.4
569.1
571.86440678
595.25
562.766666667
556.683333333
566.666666667
539.95
584.152542373
561.25
517.466666667
578.083333333
562.466666667
575.101694915
565.2
624.767857143
--END OF 8--
95.4333333333
78.2166666667
79.5833333333
85.65
88.6166666667
95.3220338983
81.45
65.05
88.15
74.6
76.75
80.3559322034
88.7666666667
90.8833333333
74.55
84.0833333333
75.1666666667
71.2033898305
79.1
82.05
65.2166666667
82.0166666667
75.4666666667
93.5593220339
76.7
80.0
75.15
88.75
84.55
83.2542372881
80.05
68.5666666667
91.55
87.1666666667
83.1333333333
81.406779661
80.85
82.7166666667
90.6833333333
77.0
79.1333333333
108.728813559
85.15
79.3
69.85
89.85
77.0
85.1166666667
85.8166666667
67.15
77.1166666667
72.7833333333
75.7118644068
75.0166666667
64.7
87.1833333333
84.1166666667
66.5423728814
81.45
88.8392857143
--END OF 9--
1.63333333333
3.83333333333
1.56666666667
1.03333333333
3.55
3.33898305085
1.1
3.0
2.15
3.75
4.1
6.47457627119
3.78333333333
1.96666666667
1.23333333333
2.55
2.08333333333
2.83050847458
2.46666666667
2.73333333333
2.93333333333
3.08333333333
2.95
5.30508474576
2.15
3.7
1.4
6.65
3.15
5.35593220339
3.96666666667
3.0
4.3
2.36666666667
2.75
3.06779661017
1.7
5.43333333333
1.43333333333
2.0
5.5
3.94915254237
6.9
1.2
1.2
2.95
1.74576271186
3.81666666667
2.35
3.06666666667
3.2
3.35
2.50847457627
1.76666666667
2.36666666667
3.08333333333
4.01666666667
2.59322033898
4.9
4.16071428571
--END OF 10--
0.0
2.0
0.0
0.0
0.5
1.52542372881
0.5
1.0
0.15
1.4
0.95
0.508474576271
1.76666666667
0.616666666667
0.6
0.816666666667
0.0
0.881355932203
0.3
0.0
0.0
0.0
0.283333333333
1.23728813559
0.25
1.25
0.0
1.25
0.95
1.32203389831
0.5
0.533333333333
1.46666666667
0.433333333333
1.45
0.0169491525424
0.0
0.5
0.0
0.116666666667
1.26666666667
0.830508474576
1.0
0.0
0.0
1.3
0.71186440678
0.183333333333
0.816666666667
1.18333333333
0.983333333333
0.333333333333
0.474576271186
0.0333333333333
0.5
0.5
0.0
1.01694915254
0.4
0.535714285714
--END OF 11--
0.0
0.0
0.0
0.0
0.0
0.0
0.5
0.0
0.0
0.55
0.45
0.0
0.266666666667
0.183333333333
0.316666666667
0.0
0.0
0.0
0.166666666667
0.0
0.0
0.0
0.0
0.0
0.25
0.25
0.0
0.0
0.0
0.508474576271
0.0
0.0
0.5
0.0333333333333
0.466666666667
0.0
0.0
0.0
0.0
0.0
0.0
0.0
0.0
0.0
0.0
0.0
0.508474576271
0.0
0.0
0.5
0.0
0.0
0.0
0.0
0.0
0.5
0.0
0.508474576271
0.0
0.0
--END OF 12--
