11.6166666667
12.2166666667
13.05
12.2372881356
12.9166666667
13.25
13.2
12.2333333333
11.9666666667
13.4166666667
12.7796610169
13.4333333333
14.5333333333
14.4
13.3166666667
13.5593220339
14.25
13.4
13.2833333333
12.9833333333
12.3559322034
12.8166666667
14.6666666667
12.9333333333
13.5
12.8666666667
15.0847457627
14.6833333333
15.65
15.5833333333
15.1
15.2881355932
15.95
16.0
16.2
16.55
16.2372881356
15.3166666667
14.0666666667
15.5333333333
15.7833333333
16.2333333333
15.5423728814
15.4833333333
14.8666666667
15.2
14.3333333333
14.4915254237
15.5666666667
14.0333333333
15.5666666667
15.5666666667
15.8333333333
15.4406779661
15.7166666667
16.5333333333
15.4833333333
16.0833333333
15.7457627119
12.7857142857
--END OF 1--
17.3166666667
17.3666666667
17.4
17.5423728814
17.25
17.8833333333
18.6333333333
16.1
18.1333333333
18.2666666667
17.7966101695
18.8
19.9666666667
19.4333333333
19.5166666667
19.8644067797
20.25
19.05
16.9333333333
17.7833333333
16.7627118644
17.7166666667
20.05
18.2833333333
19.6
17.6833333333
19.9152542373
20.9
21.2833333333
21.9833333333
21.15
21.1016949153
21.95
23.55
23.8
22.05
22.3220338983
21.7333333333
19.3833333333
19.4666666667
22.2833333333
21.0166666667
21.5254237288
21.4666666667
22.35
22.5333333333
21.5666666667
20.9152542373
21.1666666667
20.5833333333
23.0166666667
23.1166666667
21.1333333333
21.1016949153
21.55
22.9
20.7333333333
22.2
22.8813559322
17.8392857143
--END OF 2--
19.1666666667
17.9666666667
18.4
18.3728813559
18.2666666667
18.0333333333
18.8333333333
16.1
19.4166666667
18.5333333333
18.5254237288
18.9333333333
21.6833333333
20.0166666667
19.5666666667
20.3898305085
20.7
20.0
17.7333333333
18.0333333333
17.0169491525
17.95
20.5166666667
18.6166666667
20.7333333333
17.8166666667
20.3898305085
21.9166666667
21.7833333333
22.5833333333
22.45
21.2881355932
23.1
24.25
24.3
23.3
23.6440677966
22.4166666667
19.7166666667
20.1666666667
22.3833333333
21.6833333333
22.5423728814
22.5666666667
22.75
23.3666666667
21.95
21.7118644068
22.6666666667
21.3833333333
24.3166666667
23.4333333333
21.4833333333
21.6271186441
21.6833333333
23.1
21.5166666667
24.0
23.8813559322
18.5714285714
--END OF 3--
11.6166666667
12.2166666667
13.05
12.2372881356
12.9166666667
13.25
13.2
12.2333333333
11.9666666667
13.4166666667
12.7796610169
13.4333333333
14.5333333333
14.4
13.3166666667
13.5593220339
14.25
13.4
13.2833333333
12.9833333333
12.3559322034
12.8166666667
14.6666666667
12.9333333333
13.5
12.8666666667
15.0847457627
14.6833333333
15.65
15.5833333333
15.1
15.2881355932
15.95
16.0
16.2
16.55
16.2372881356
15.3166666667
14.0666666667
15.5333333333
15.7833333333
16.2333333333
15.5423728814
15.4833333333
14.8666666667
15.2
14.3333333333
14.4915254237
15.5666666667
14.0333333333
15.5666666667
15.5666666667
15.8333333333
15.4406779661
15.7166666667
16.5333333333
15.4833333333
16.0833333333
15.7457627119
12.7857142857
--END OF 4--
17.3166666667
17.3666666667
17.4
17.5423728814
17.25
17.8833333333
18.6333333333
16.1
18.1333333333
18.2666666667
17.7966101695
18.8
19.9666666667
19.4333333333
19.5166666667
19.8644067797
20.25
19.05
16.9333333333
17.7833333333
16.7627118644
17.7166666667
20.05
18.2833333333
19.6
17.6833333333
19.9152542373
20.9
21.2833333333
21.9833333333
21.15
21.1016949153
21.95
23.55
23.8
22.05
22.3220338983
21.7333333333
19.3833333333
19.4666666667
22.2833333333
21.0166666667
21.5254237288
21.4666666667
22.35
22.5333333333
21.5666666667
20.9152542373
21.1666666667
20.5833333333
23.0166666667
23.1166666667
21.1333333333
21.1016949153
21.55
22.9
20.7333333333
22.2
22.8813559322
17.8392857143
--END OF 5--
19.1666666667
17.9666666667
18.4
18.3728813559
18.2666666667
18.0333333333
18.8333333333
16.1
19.4166666667
18.5333333333
18.5254237288
18.9333333333
21.6833333333
20.0166666667
19.5666666667
20.3898305085
20.7
20.0
17.7333333333
18.0333333333
17.0169491525
17.95
20.5166666667
18.6166666667
20.7333333333
17.8166666667
20.3898305085
21.9166666667
21.7833333333
22.5833333333
22.45
21.2881355932
23.1
24.25
24.3
23.3
23.6440677966
22.4166666667
19.7166666667
20.1666666667
22.3833333333
21.6833333333
22.5423728814
22.5666666667
22.75
23.3666666667
21.95
21.7118644068
22.6666666667
21.3833333333
24.3166666667
23.4333333333
21.4833333333
21.6271186441
21.6833333333
23.1
21.5166666667
24.0
23.8813559322
18.5714285714
--END OF 6--
2312.7
2411.55
2391.0
2442.86440678
2495.45
2561.5
2591.55
2372.65
2424.7
2475.8
2466.25423729
2502.6
2769.15
2735.2
2624.7
2591.28813559
2687.25
2531.7
2506.2
2568.0
2390.13559322
2562.65
2800.3
2554.4
2691.6
2575.9
2813.44067797
2830.1
2977.4
3057.55
2904.3
2793.91525424
2871.15
3122.85
3076.8
3019.65
3077.33898305
2876.2
2638.35
2790.55
2895.35
2899.5
2890.62711864
2935.55
2862.05
2917.25
2744.7
2799.86440678
2906.55
2805.15
3034.95
2848.4
2787.9
2780.08474576
2895.2
3108.9
2885.5
3058.0
2963.49152542
2466.21428571
--END OF 7--
649.4
673.4
673.65
687.610169492
689.333333333
701.35
730.1
651.083333333
670.333333333
697.466666667
689.13559322
709.266666667
771.266666667
767.916666667
720.866666667
723.406779661
752.2
717.75
697.95
701.95
681.830508475
712.966666667
762.966666667
702.666666667
744.033333333
706.65
782.169491525
784.416666667
810.283333333
832.633333333
799.666666667
792.254237288
823.25
873.9
865.3
854.6
862.237288136
804.983333333
735.5
780.883333333
819.8
830.233333333
825.457627119
822.516666667
812.65
813.716666667
782.466666667
793.661016949
822.55
769.1
852.9
818.0
798.05
799.474576271
810.083333333
863.566666667
816.3
833.766666667
830.983050847
687.321428571
--END OF 8--
107.15
97.15
95.65
107.254237288
93.2166666667
103.45
120.033333333
84.8166666667
109.766666667
107.05
101.389830508
102.45
124.25
102.233333333
119.4
115.847457627
121.55
124.45
88.15
97.9
91.6610169492
98.6666666667
118.083333333
113.95
121.683333333
108.7
118.593220339
132.533333333
139.716666667
116.583333333
132.466666667
121.627118644
125.6
142.85
140.9
133.1
124.728813559
142.933333333
118.633333333
106.733333333
139.266666667
116.416666667
134.203389831
122.816666667
133.9
140.15
138.733333333
137.610169492
138.5
129.75
146.0
152.933333333
109.85
117.559322034
131.716666667
137.133333333
110.233333333
126.866666667
144.389830508
100.660714286
--END OF 9--
7.5
6.55
6.3
3.4406779661
3.08333333333
2.4
3.46666666667
1.35
8.95
2.06666666667
3.76271186441
4.23333333333
6.81666666667
3.7
3.2
6.06779661017
4.35
5.25
2.0
3.05
2.98305084746
4.7
4.43333333333
3.68333333333
5.88333333333
2.36666666667
3.4406779661
6.46666666667
2.96666666667
7.28333333333
5.76666666667
4.23728813559
6.15
4.95
4.6
4.2
8.54237288136
5.5
4.26666666667
3.48333333333
2.63333333333
2.93333333333
5.32203389831
6.93333333333
6.15
5.58333333333
5.7
5.20338983051
6.7
7.6
8.05
2.45
3.0
3.18644067797
2.13333333333
2.51666666667
6.91666666667
7.75
6.08474576271
4.42857142857
--END OF 10--
2.6
1.0
1.0
0.762711864407
1.58333333333
0.166666666667
0.166666666667
0.0333333333333
2.13333333333
0.516666666667
1.10169491525
0.233333333333
2.71666666667
0.783333333333
0.0
0.694915254237
0.95
1.05
1.1
0.35
0.389830508475
0.4
0.716666666667
0.133333333333
1.16666666667
0.0833333333333
0.745762711864
1.18333333333
0.466666666667
0.95
1.05
0.0338983050847
1.35
1.15
1.0
1.1
1.93220338983
0.583333333333
0.0166666666667
1.0
0.0
0.95
1.96610169492
1.45
0.883333333333
1.25
0.733333333333
1.0
1.65
0.75
1.25
0.166666666667
0.7
0.932203389831
0.0833333333333
0.3
0.633333333333
2.95
1.86440677966
0.839285714286
--END OF 11--
0.5
0.5
0.5
0.0847457627119
0.416666666667
0.0
0.166666666667
0.0
0.5
0.0
0.508474576271
0.0
0.0
0.0
0.0
0.64406779661
0.0
0.0
0.2
0.3
0.0
0.0
0.0
0.133333333333
0.366666666667
0.0
0.0
0.0
0.0
0.0
0.466666666667
0.0338983050847
0.0
0.5
0.0
0.0
0.0
0.0
0.0
0.0
0.0
0.433333333333
0.0677966101695
0.0
0.0
0.1
0.233333333333
0.169491525424
0.0
0.0
0.0
0.0
0.0
0.491525423729
0.0166666666667
0.0
0.633333333333
0.366666666667
0.0
0.0
--END OF 12--
