17.7118644068
17.5666666667
17.8333333333
17.2166666667
18.0333333333
17.85
17.6333333333
18.8813559322
18.7666666667
19.45
18.5
17.8
18.7
18.186440678
17.3166666667
17.25
17.2166666667
17.5166666667
17.0
16.95
18.4833333333
17.6
17.2
18.0677966102
17.6
18.15
17.2666666667
18.2833333333
16.9
17.0338983051
17.7833333333
18.1833333333
17.4166666667
17.3666666667
17.9666666667
18.0677966102
16.7833333333
15.7333333333
16.6333333333
17.25
16.4237288136
16.9
18.1
17.0166666667
17.05
18.2033898305
15.6666666667
17.0666666667
17.5166666667
18.3833333333
16.75
15.9322033898
16.8
17.15
17.25
18.3833333333
16.8813559322
17.2333333333
16.6
17.2075471698
--END OF 1--
23.0508474576
22.8333333333
23.1333333333
22.3
23.5
23.1666666667
23.9333333333
23.5084745763
22.9166666667
24.15
24.0
24.05
24.95
23.6779661017
22.1166666667
23.35
22.1
22.6166666667
22.4237288136
22.1833333333
24.2
23.1666666667
21.9166666667
23.2542372881
23.1
23.0666666667
22.7666666667
24.1833333333
21.5
22.813559322
23.2166666667
23.95
23.05
22.65
23.0333333333
23.5084745763
22.9333333333
22.2
21.5833333333
21.45
22.0847457627
21.7833333333
23.75
22.2166666667
22.85
23.8983050847
21.2666666667
21.8833333333
22.6833333333
23.3
22.1666666667
20.6271186441
22.2666666667
22.0833333333
22.65
23.3333333333
23.4237288136
23.4833333333
22.4666666667
23.1886792453
--END OF 2--
23.0508474576
23.65
23.4666666667
22.6
24.1666666667
24.5166666667
24.8
24.0169491525
22.9166666667
25.2
24.65
25.85
25.7
25.1016949153
22.1666666667
24.0
22.35
24.1166666667
23.5593220339
22.3166666667
26.1
24.1333333333
22.2166666667
24.0
23.25
23.2833333333
23.25
24.1833333333
21.5
23.1186440678
23.2166666667
24.1166666667
23.5833333333
23.2166666667
23.8
24.3050847458
23.45
23.7666666667
22.5
22.1833333333
22.2372881356
22.7
23.95
22.9666666667
23.4
24.5084745763
21.6833333333
22.6666666667
22.8333333333
24.2833333333
22.9833333333
21.4237288136
22.4833333333
22.5666666667
23.5666666667
24.3166666667
23.6271186441
23.8333333333
23.0666666667
23.3018867925
--END OF 3--
17.7118644068
17.5666666667
17.8333333333
17.2166666667
18.0333333333
17.8166666667
17.6333333333
18.8813559322
18.7666666667
19.45
18.5
17.8
18.65
18.186440678
17.3166666667
17.25
17.2166666667
17.5166666667
17.0
16.95
18.4833333333
17.6
17.2
18.0169491525
17.6
18.15
17.2666666667
18.2833333333
16.9
17.0338983051
17.7833333333
18.1833333333
17.4166666667
17.3666666667
17.9666666667
18.0677966102
16.7833333333
15.7333333333
16.6333333333
17.25
16.4237288136
16.9
18.1
17.0166666667
17.05
18.0
15.6666666667
17.0666666667
17.5166666667
18.3833333333
16.75
15.9322033898
16.8
17.15
17.25
18.3833333333
16.8813559322
17.2333333333
16.6
17.2075471698
--END OF 4--
23.0508474576
22.8333333333
23.1333333333
22.3
23.5
23.1666666667
23.9333333333
23.5084745763
22.9166666667
24.15
24.0
24.05
24.95
23.6779661017
22.1166666667
23.35
22.1
22.6166666667
22.4237288136
22.1833333333
24.2
23.1666666667
21.9166666667
23.2542372881
23.1
23.0666666667
22.7666666667
24.1833333333
21.5
22.813559322
23.2166666667
23.95
23.05
22.65
23.0333333333
23.5084745763
22.9333333333
22.2
21.5833333333
21.45
22.0847457627
21.7833333333
23.75
22.2166666667
22.85
23.8983050847
21.2666666667
21.8833333333
22.6833333333
23.3
22.1666666667
20.6271186441
22.2666666667
22.0833333333
22.65
23.3333333333
23.4237288136
23.4833333333
22.4666666667
23.1886792453
--END OF 5--
23.0508474576
23.65
23.4666666667
22.6
24.1666666667
24.5166666667
24.8
24.0169491525
22.9166666667
25.2
24.65
25.85
25.7
25.1016949153
22.1666666667
24.0
22.35
24.1166666667
23.5593220339
22.3166666667
26.1
24.1333333333
22.2166666667
24.0
23.25
23.2833333333
23.25
24.1833333333
21.5
23.1186440678
23.2166666667
24.1166666667
23.5833333333
23.2166666667
23.8
24.3050847458
23.45
23.7666666667
22.5
22.1833333333
22.2372881356
22.7
23.95
22.9666666667
23.4
24.5084745763
21.6833333333
22.6666666667
22.8333333333
24.2833333333
22.9833333333
21.4237288136
22.4833333333
22.5666666667
23.5666666667
24.3166666667
23.6271186441
23.8333333333
23.0666666667
23.3018867925
--END OF 6--
3314.89830508
3328.25
3322.0
3303.1
3434.4
3379.0
3322.9
3469.77966102
3395.25
3476.25
3420.3
3280.05
3485.25
3439.93220339
3300.0
3304.55
3337.25
3273.9
3251.54237288
3229.45
3454.25
3468.55
3315.25
3411.10169492
3370.65
3435.95
3334.15
3381.2
3132.4
3192.20338983
3391.7
3429.75
3230.4
3265.95
3307.15
3419.59322034
3141.6
3312.1
3164.15
3217.15
3199.16949153
3258.25
3362.25
3282.1
3300.45
3498.40677966
3047.95
3179.6
3269.25
3391.7
3273.85
3138.66101695
3327.75
3148.75
3142.2
3338.8
3227.44067797
3257.25
3241.65
3161.20754717
--END OF 7--
931.101694915
915.183333333
919.35
901.0
969.833333333
952.15
927.183333333
955.322033898
932.1
965.95
962.2
928.85
963.85
948.915254237
891.65
899.666666667
913.45
917.483333333
888.457627119
882.633333333
960.283333333
949.983333333
915.4
953.593220339
933.5
949.716666667
924.483333333
954.833333333
858.466666667
890.644067797
935.533333333
940.95
910.433333333
902.133333333
924.633333333
940.355932203
877.633333333
892.85
877.916666667
881.266666667
876.627118644
898.366666667
932.45
896.866666667
929.7
976.016949153
852.05
897.866666667
906.133333333
946.4
901.8
866.118644068
906.55
872.7
870.733333333
922.45
893.881355932
899.85
894.283333333
907.075471698
--END OF 8--
107.118644068
120.916666667
118.45
114.566666667
125.266666667
125.7
131.383333333
115.389830508
119.35
123.45
114.95
132.25
142.65
128.711864407
102.016666667
126.466666667
108.116666667
119.166666667
105.762711864
114.216666667
131.766666667
119.483333333
114.666666667
117.898305085
120.7
110.683333333
118.716666667
132.55
107.416666667
130.661016949
115.316666667
127.166666667
122.483333333
127.133333333
120.166666667
117.779661017
130.916666667
127.7
125.6
102.0
128.0
117.716666667
123.95
114.983333333
126.25
134.627118644
127.7
106.233333333
109.816666667
120.283333333
118.566666667
101.033898305
118.033333333
107.95
129.366666667
121.316666667
133.949152542
134.0
134.283333333
115.41509434
--END OF 9--
3.10169491525
3.86666666667
1.63333333333
3.28333333333
4.96666666667
5.01666666667
6.86666666667
3.37288135593
0.9
5.0
4.95
8.1
5.3
5.06779661017
1.85
6.41666666667
2.9
5.56666666667
7.94915254237
3.53333333333
7.98333333333
6.45
3.08333333333
3.16949152542
5.2
4.2
2.66666666667
2.75
2.5
4.49152542373
3.35
2.91666666667
3.65
2.9
2.91666666667
5.30508474576
4.71666666667
7.45
4.03333333333
3.26666666667
2.96610169492
3.18333333333
3.05
5.5
3.25
4.49152542373
2.41666666667
4.46666666667
3.78333333333
4.08333333333
3.36666666667
5.27118644068
4.53333333333
3.1
5.65
4.8
4.67796610169
4.3
3.06666666667
4.05660377358
--END OF 10--
0.0
0.866666666667
0.133333333333
0.266666666667
1.0
0.916666666667
1.18333333333
0.508474576271
0.0
1.85
0.65
2.5
1.1
1.93220338983
0.0833333333333
0.916666666667
0.5
2.5
1.38983050847
0.15
3.15
1.3
0.2
0.796610169492
0.05
0.0
0.3
0.0
0.0
0.508474576271
0.0
0.216666666667
1.11666666667
0.75
0.416666666667
0.881355932203
0.666666666667
2.06666666667
0.833333333333
1.48333333333
0.338983050847
1.5
0.45
1.0
1.05
1.16949152542
0.366666666667
1.13333333333
0.233333333333
1.5
1.03333333333
1.15254237288
0.433333333333
0.566666666667
1.48333333333
1.01666666667
0.271186440678
0.6
1.38333333333
0.452830188679
--END OF 11--
0.0
0.0
0.0
0.0
0.0
0.5
0.633333333333
0.0
0.0
0.0
0.0
0.9
0.1
0.508474576271
0.0
0.0
0.0
0.0
0.372881355932
0.133333333333
0.5
0.466666666667
0.2
0.338983050847
0.0
0.0
0.0
0.0
0.0
0.0
0.0
0.0
0.0
0.0
0.0
0.372881355932
0.133333333333
0.716666666667
0.283333333333
0.5
0.0
0.0
0.0
0.3
0.2
0.0
0.283333333333
0.216666666667
0.0
0.0
0.366666666667
0.64406779661
0.0
0.0
0.0
0.5
0.0
0.0
0.15
0.0
--END OF 12--
