21.9833333333
21.9666666667
21.95
21.8333333333
21.6333333333
22.6101694915
22.1
22.2833333333
22.3
21.9666666667
21.9
21.9661016949
21.25
21.8
22.6166666667
21.7333333333
21.4745762712
20.7166666667
20.6166666667
22.4333333333
22.9166666667
21.3898305085
22.3
21.4
20.95
21.6833333333
21.3220338983
21.45
23.0666666667
21.7
22.2166666667
20.4237288136
21.6666666667
20.4666666667
19.9333333333
20.2
22.1525423729
20.35
21.1
20.35
19.4166666667
19.9322033898
20.35
19.2333333333
20.95
20.2333333333
20.5833333333
21.0
19.55
19.3333333333
20.6833333333
19.7666666667
20.3050847458
19.9833333333
20.0
21.1166666667
20.1833333333
20.2203389831
19.8166666667
20.1754385965
--END OF 1--
32.5333333333
34.25
31.6333333333
32.3666666667
32.9833333333
32.8644067797
32.95
32.7666666667
31.7833333333
32.8333333333
33.6833333333
31.0508474576
32.4833333333
32.7166666667
33.3333333333
31.1666666667
31.4237288136
32.7
30.85
33.95
35.0
32.6779661017
32.05
31.2
31.4166666667
32.6
32.2033898305
32.4333333333
35.0666666667
32.1
32.9333333333
30.3050847458
31.6
31.45
30.35
30.8
32.4745762712
30.1
32.25
31.0
29.3833333333
30.6779661017
29.2666666667
28.8333333333
30.15
28.7166666667
31.7666666667
30.6101694915
28.7
30.0
31.6666666667
30.6333333333
30.2881355932
30.0
29.5333333333
30.1666666667
30.2166666667
30.2881355932
26.75
30.2807017544
--END OF 2--
33.3
35.3333333333
33.6666666667
33.8
34.8666666667
34.4915254237
33.95
34.7
34.05
34.4166666667
35.0166666667
31.4237288136
33.3333333333
33.9666666667
34.0166666667
32.1833333333
32.4915254237
33.4
31.0833333333
35.15
36.7833333333
33.7796610169
32.5
31.95
33.1666666667
33.8833333333
33.4406779661
33.05
35.45
32.75
34.6333333333
33.2372881356
33.3833333333
33.3833333333
30.5166666667
31.4666666667
33.6440677966
30.2166666667
33.4333333333
32.1
30.3666666667
31.7796610169
30.6
30.0666666667
31.7333333333
30.0166666667
33.2333333333
31.1186440678
29.3166666667
30.75
32.3333333333
31.9166666667
31.1355932203
31.1333333333
30.0166666667
30.9333333333
30.9666666667
31.4745762712
27.2666666667
31.3157894737
--END OF 3--
21.1166666667
20.9166666667
20.95
20.8333333333
20.6833333333
21.3220338983
21.0
21.0833333333
21.25
20.9166666667
20.9
20.813559322
20.35
20.8166666667
21.4666666667
20.8
20.5423728814
20.1
20.1666666667
20.9833333333
21.55
20.5423728814
21.15
20.45
20.2666666667
20.6833333333
20.3898305085
20.45
21.7333333333
20.7333333333
21.15
19.8813559322
20.6166666667
20.0
19.7166666667
19.5833333333
21.0508474576
19.7333333333
20.1333333333
19.75
19.0166666667
19.5762711864
19.75
19.2333333333
20.1166666667
19.9333333333
20.0333333333
20.3389830508
19.15
18.9333333333
20.0833333333
19.4666666667
19.813559322
19.6833333333
19.6166666667
20.3166666667
19.6333333333
19.7118644068
19.8166666667
19.3157894737
--END OF 4--
31.4166666667
32.3166666667
30.6333333333
31.2
31.6
31.4576271186
31.7
31.45
30.7833333333
31.4
32.0833333333
30.0169491525
31.3333333333
31.3666666667
31.6666666667
30.4833333333
30.6610169492
31.3166666667
30.2
32.0166666667
32.7
31.406779661
31.1
30.55
30.6333333333
31.1833333333
30.9322033898
31.1833333333
32.7833333333
31.0166666667
31.3833333333
29.8644067797
30.7166666667
30.5166666667
29.8166666667
30.0166666667
31.0338983051
29.7
31.15
30.15
29.1166666667
30.1016949153
29.0666666667
28.7
29.7666666667
28.45
30.8166666667
29.9830508475
28.45
29.3166666667
30.8
30.0333333333
29.7288135593
29.5333333333
29.0333333333
29.7166666667
29.8166666667
29.8644067797
26.7333333333
29.4736842105
--END OF 5--
33.3
35.3333333333
33.6666666667
33.8
34.8666666667
34.4915254237
33.95
34.7
34.05
34.4166666667
35.0166666667
31.4237288136
33.3333333333
33.9666666667
34.0166666667
32.1833333333
32.4915254237
33.4
31.0833333333
35.15
36.7833333333
33.7796610169
32.5
31.95
33.1666666667
33.8833333333
33.4406779661
33.05
35.45
32.75
34.6333333333
33.2372881356
33.3833333333
33.3833333333
30.5166666667
31.4666666667
33.6440677966
30.2166666667
33.4333333333
32.1
30.3666666667
31.7796610169
30.6
30.0666666667
31.7333333333
30.0166666667
33.2333333333
31.1186440678
29.3166666667
30.75
32.3333333333
31.9166666667
31.1355932203
31.1333333333
30.0166666667
30.9333333333
30.9666666667
31.4745762712
27.2666666667
31.3157894737
--END OF 6--
3978.55
4117.05
4121.15
4065.65
4061.6
4181.23728814
4076.7
4129.0
4019.65
3890.15
4071.5
4070.33898305
3970.2
4027.35
4105.25
3915.9
3898.16949153
3819.0
3831.7
4313.95
4142.4
3932.03389831
4092.45
3865.65
3896.35
4062.4
4021.11864407
4056.85
4125.65
4018.35
4157.9
3837.50847458
4024.8
3854.75
3739.3
3753.55
4201.11864407
3755.4
3944.9
3744.0
3628.9
3749.28813559
3817.4
3662.35
3780.7
3640.45
3777.25
3745.37288136
3641.95
3654.0
3855.7
3710.7
3668.94915254
3617.2
3761.2
3813.65
3831.75
3670.16949153
3642.0
3999.42105263
--END OF 7--
1138.46666667
1161.33333333
1161.41666667
1143.61666667
1139.31666667
1175.01694915
1150.8
1161.96666667
1138.78333333
1126.91666667
1153.85
1136.45762712
1125.83333333
1133.08333333
1164.86666667
1120.8
1097.38983051
1077.1
1069.08333333
1188.45
1186.85
1123.30508475
1142.55
1101.1
1093.25
1144.01666667
1137.44067797
1133.65
1177.71666667
1118.08333333
1172.16666667
1093.10169492
1128.86666667
1088.95
1064.35
1073.68333333
1170.77966102
1052.66666667
1110.78333333
1071.75
1023.91666667
1058.38983051
1082.48333333
1026.88333333
1074.9
1032.53333333
1064.11666667
1083.54237288
1041.38333333
1012.63333333
1079.83333333
1051.63333333
1049.06779661
1018.33333333
1049.38333333
1089.21666667
1067.28333333
1042.83050847
1001.71666667
1103.75438596
--END OF 8--
221.9
229.416666667
203.383333333
212.133333333
211.816666667
207.525423729
210.55
187.633333333
213.0
209.816666667
221.066666667
206.881355932
211.0
203.583333333
199.966666667
199.85
205.644067797
221.183333333
181.4
228.133333333
232.616666667
206.983050847
202.15
201.95
205.083333333
223.15
206.084745763
219.2
230.833333333
206.5
218.95
198.305084746
198.883333333
214.45
198.066666667
215.283333333
208.86440678
193.0
206.216666667
206.45
191.2
195.06779661
175.116666667
178.616666667
187.6
190.833333333
203.983333333
187.694915254
188.9
206.033333333
206.766666667
187.25
197.169491525
198.116666667
194.766666667
176.166666667
189.616666667
184.677966102
149.8
199.368421053
--END OF 9--
6.86666666667
11.5333333333
6.6
10.5
11.75
9.91525423729
9.05
12.65
11.2
11.4333333333
8.21666666667
4.69491525424
8.8
11.2666666667
10.65
4.75
7.5593220339
11.05
10.95
11.0333333333
12.65
10.4237288136
6.8
6.25
10.4333333333
7.33333333333
8.22033898305
6.41666666667
11.0333333333
6.51666666667
13.1
9.71186440678
12.45
11.8166666667
6.45
6.68333333333
8.35593220339
5.18333333333
8.9
7.45
10.85
10.8813559322
9.65
11.7666666667
10.2833333333
7.46666666667
14.7666666667
7.83050847458
5.98333333333
8.63333333333
10.4333333333
12.0166666667
9.86440677966
9.63333333333
3.9
5.08333333333
12.0833333333
9.13559322034
5.95
7.45614035088
--END OF 10--
1.5
2.13333333333
2.88333333333
2.31666666667
2.48333333333
1.50847457627
1.45
2.1
3.76666666667
2.55
1.6
0.406779661017
1.5
2.01666666667
1.03333333333
0.8
1.79661016949
0.5
0.533333333333
1.5
2.71666666667
1.25423728814
0.75
0.65
2.43333333333
1.78333333333
1.71186440678
0.716666666667
0.733333333333
0.55
2.68333333333
4.42372881356
2.25
3.06666666667
0.433333333333
1.2
1.37288135593
0.15
1.95
1.3
0.983333333333
1.03389830508
1.46666666667
1.43333333333
2.21666666667
2.06666666667
2.35
0.932203389831
0.766666666667
0.483333333333
0.95
2.16666666667
0.762711864407
1.9
0.383333333333
1.01666666667
1.05
1.66101694915
0.916666666667
1.50877192982
--END OF 11--
0.0
0.0
0.0
0.166666666667
0.0
0.508474576271
0.0
0.266666666667
0.0
0.1
0.45
0.118644067797
0.5
0.0333333333333
0.633333333333
0.433333333333
0.305084745763
0.5
0.0
0.533333333333
0.233333333333
0.0
0.0
0.0
0.633333333333
0.466666666667
0.237288135593
0.5
0.0
0.433333333333
0.4
0.0
0.0
0.0
0.0
0.0
0.0
0.0
0.333333333333
0.35
0.15
0.0
0.0
0.0
0.0
0.366666666667
0.5
0.0
0.2
0.0
0.0
0.0
0.254237288136
0.216666666667
0.0
0.0
0.0
0.847457627119
0.0
0.385964912281
--END OF 12--
