11.3833333333
11.6333333333
11.0666666667
11.5593220339
11.6833333333
11.3833333333
12.3333333333
11.4166666667
10.8833333333
11.6440677966
11.35
10.7
11.8666666667
11.8666666667
11.2333333333
12.186440678
11.7333333333
11.2666666667
12.05
11.25
12.7966101695
11.05
11.9833333333
12.65
12.1833333333
11.2711864407
11.2666666667
11.7833333333
11.8333333333
12.7166666667
11.4
10.8474576271
10.9
11.7666666667
11.1333333333
11.4333333333
10.9
10.7288135593
11.1166666667
12.2166666667
12.05
11.9166666667
11.9
12.2203389831
11.5333333333
11.6
12.4166666667
11.7166666667
12.3833333333
12.3728813559
12.4333333333
12.0
12.3833333333
11.9833333333
12.186440678
11.7166666667
11.9166666667
11.5
12.2
12.6379310345
--END OF 1--
17.4333333333
16.1833333333
16.5166666667
15.3050847458
16.8666666667
16.0
16.9833333333
15.6666666667
15.7166666667
15.7966101695
15.7833333333
15.4666666667
18.1
17.7
17.2333333333
17.6949152542
16.1333333333
15.7333333333
18.4666666667
16.15
17.186440678
15.6166666667
16.2166666667
18.1166666667
17.55
16.7966101695
16.3666666667
15.7666666667
16.8
17.3833333333
16.0666666667
15.7457627119
15.6
17.3666666667
16.5833333333
17.3
15.2
14.7118644068
17.25
16.7
18.0
17.15
16.1833333333
18.1186440678
16.2166666667
16.2333333333
16.7166666667
16.8333333333
17.3333333333
17.0338983051
17.4333333333
17.3
15.4833333333
16.5833333333
17.5762711864
17.45
16.9833333333
17.9333333333
18.2166666667
18.7931034483
--END OF 2--
18.0333333333
16.6833333333
17.3666666667
16.0169491525
17.5166666667
16.25
17.0833333333
16.2666666667
16.25
18.6271186441
17.1833333333
16.7166666667
18.4833333333
18.1833333333
17.3
18.8474576271
16.2833333333
16.4666666667
18.9333333333
16.75
17.9491525424
16.1
16.9833333333
18.7
17.75
17.4576271186
16.8833333333
16.6
18.1
17.9833333333
16.3333333333
17.0508474576
16.5
17.8166666667
17.3333333333
18.2333333333
15.35
15.1016949153
17.6
18.2833333333
19.5166666667
18.7333333333
16.7166666667
18.9322033898
17.2333333333
16.6
17.1
17.05
18.0166666667
18.0508474576
18.1333333333
18.1666666667
16.6833333333
17.3333333333
18.3559322034
17.9833333333
17.9333333333
18.9
20.1333333333
19.4655172414
--END OF 3--
11.3833333333
11.6333333333
11.0666666667
11.5593220339
11.6833333333
11.3833333333
12.3333333333
11.4166666667
10.8833333333
11.6440677966
11.35
10.7
11.8666666667
11.8666666667
11.2333333333
12.186440678
11.7333333333
11.2666666667
12.05
11.25
12.7966101695
11.05
11.9833333333
12.65
12.1833333333
11.2711864407
11.2666666667
11.7833333333
11.8333333333
12.7166666667
11.4
10.8474576271
10.9
11.7666666667
11.1333333333
11.4333333333
10.9
10.7288135593
11.1166666667
12.2166666667
12.05
11.9166666667
11.9
12.2203389831
11.5333333333
11.6
12.4166666667
11.7166666667
12.3833333333
12.3728813559
12.4333333333
12.0
12.3833333333
11.9833333333
12.186440678
11.7166666667
11.9166666667
11.5
12.2
12.6379310345
--END OF 4--
17.4333333333
16.1833333333
16.5166666667
15.3050847458
16.8666666667
16.0
16.9833333333
15.6666666667
15.7166666667
15.7966101695
15.7833333333
15.4666666667
18.1
17.7
17.2333333333
17.6949152542
16.1333333333
15.7333333333
18.4666666667
16.15
17.186440678
15.6166666667
16.2166666667
18.1166666667
17.55
16.7966101695
16.3666666667
15.7666666667
16.8
17.3833333333
16.0666666667
15.7457627119
15.6
17.3666666667
16.5833333333
17.3
15.2
14.7118644068
17.25
16.7
18.0
17.15
16.1833333333
18.1186440678
16.2166666667
16.2333333333
16.7166666667
16.8333333333
17.3333333333
17.0338983051
17.4333333333
17.3
15.4833333333
16.5833333333
17.5762711864
17.45
16.9833333333
17.9333333333
18.2166666667
18.7931034483
--END OF 5--
18.0333333333
16.6833333333
17.3666666667
16.0169491525
17.5166666667
16.25
17.0833333333
16.2666666667
16.25
18.6271186441
17.1833333333
16.7166666667
18.4833333333
18.1833333333
17.3
18.8474576271
16.2833333333
16.4666666667
18.9333333333
16.75
17.9491525424
16.1
16.9833333333
18.7
17.75
17.4576271186
16.8833333333
16.6
18.1
17.9833333333
16.3333333333
17.0508474576
16.5
17.8166666667
17.3333333333
18.2333333333
15.35
15.1016949153
17.6
18.2833333333
19.5166666667
18.7333333333
16.7166666667
18.9322033898
17.2333333333
16.6
17.1
17.05
18.0166666667
18.0508474576
18.1333333333
18.1666666667
16.6833333333
17.3333333333
18.3559322034
17.9833333333
17.9333333333
18.9
20.1333333333
19.4655172414
--END OF 6--
2347.8
2345.7
2178.0
2146.72881356
2233.8
2203.7
2355.7
2137.65
2158.45
2243.6440678
2298.15
2185.95
2327.75
2328.8
2222.0
2324.28813559
2294.55
2245.6
2363.6
2201.25
2395.72881356
2152.65
2248.9
2416.6
2317.25
2244.0
2187.85
2220.8
2264.65
2421.7
2164.55
2173.3220339
2230.5
2427.15
2264.85
2396.85
2226.45
2225.44067797
2267.1
2315.5
2232.55
2218.05
2307.0
2440.93220339
2257.3
2291.85
2325.85
2212.1
2374.55
2384.13559322
2421.95
2287.55
2295.75
2317.05
2377.47457627
2241.4
2191.15
2327.0
2368.8
2396.68965517
--END OF 7--
643.95
639.65
608.85
604.254237288
624.1
598.25
655.516666667
602.083333333
612.3
636.694915254
642.133333333
606.883333333
656.166666667
648.383333333
623.416666667
661.898305085
644.5
615.533333333
661.9
603.4
663.762711864
602.1
623.6
674.2
654.466666667
640.237288136
613.166666667
622.833333333
633.716666667
669.65
623.05
626.220338983
622.65
657.95
635.7
659.516666667
612.85
616.881355932
634.483333333
664.816666667
647.95
626.033333333
649.2
676.881355932
609.233333333
630.333333333
641.516666667
621.366666667
645.066666667
667.93220339
675.616666667
647.483333333
635.3
642.15
654.677966102
641.283333333
624.0
642.616666667
655.85
682.931034483
--END OF 8--
106.6
93.25
109.75
89.5593220339
115.35
106.566666667
102.05
93.95
90.8333333333
96.3559322034
98.2666666667
102.366666667
113.5
115.133333333
112.933333333
102.186440678
95.1
91.2833333333
128.583333333
100.2
91.2711864407
86.4166666667
93.7333333333
110.283333333
105.933333333
103.813559322
93.4833333333
95.9166666667
103.133333333
100.85
95.9333333333
94.4406779661
92.1
107.25
101.9
109.5
86.4
89.4237288136
113.333333333
109.95
110.966666667
108.683333333
101.683333333
124.745762712
100.016666667
99.5833333333
105.566666667
102.45
103.483333333
110.322033898
105.916666667
117.383333333
88.0
96.35
107.559322034
107.5
102.433333333
114.283333333
116.0
107.931034483
--END OF 9--
5.95
5.45
4.3
1.47457627119
3.51666666667
3.0
1.3
3.6
4.31666666667
8.77966101695
5.48333333333
5.13333333333
4.63333333333
3.93333333333
6.48333333333
6.57627118644
2.75
5.71666666667
5.35
3.05
3.77966101695
4.08333333333
3.41666666667
3.16666666667
3.03333333333
3.52542372881
5.53333333333
2.33333333333
3.88333333333
3.5
3.56666666667
6.49152542373
6.55
6.75
8.7
6.3
4.05
2.93220338983
5.3
5.41666666667
7.56666666667
7.26666666667
2.91666666667
5.54237288136
3.65
1.83333333333
3.06666666667
5.08333333333
8.88333333333
3.42372881356
5.48333333333
5.68333333333
4.5
4.9
5.15254237288
5.65
4.93333333333
9.21666666667
11.0333333333
5.75862068966
--END OF 10--
0.65
0.45
1.3
1.06779661017
1.0
0.5
0.133333333333
1.3
0.983333333333
3.64406779661
1.81666666667
2.21666666667
0.666666666667
0.933333333333
0.0166666666667
1.20338983051
0.3
1.23333333333
0.3
1.15
1.37288135593
0.766666666667
1.23333333333
0.766666666667
0.166666666667
0.542372881356
0.916666666667
1.08333333333
1.7
0.633333333333
0.0166666666667
1.50847457627
1.8
0.7
0.5
1.55
0.25
0.440677966102
0.533333333333
2.03333333333
1.78333333333
1.75
0.883333333333
0.593220338983
0.533333333333
0.333333333333
0.666666666667
0.0166666666667
0.983333333333
0.508474576271
1.23333333333
0.866666666667
0.4
0.7
1.03389830508
0.283333333333
1.5
1.38333333333
2.13333333333
1.08620689655
--END OF 11--
0.2
0.45
0.4
0.457627118644
0.0
0.0
0.0
0.0
0.0
1.01694915254
0.0
0.0
0.0
0.0
0.0
0.0
0.0
0.0
0.0
0.0
0.0
0.0
0.0
0.5
0.0
0.474576271186
0.0
0.0
0.716666666667
0.0833333333333
0.0
0.0
0.0
0.5
0.0
0.333333333333
0.0
0.440677966102
0.0666666666667
0.0
0.0
0.433333333333
0.383333333333
0.593220338983
0.0333333333333
0.0
0.0
0.0166666666667
0.483333333333
0.0
0.0
0.2
0.3
0.4
0.542372881356
0.0666666666667
0.0
0.316666666667
0.5
0.51724137931
--END OF 12--
