24.4
24.25
25.7
25.6833333333
25.75
25.8
26.3389830508
25.2666666667
24.5666666667
26.15
26.85
25.0166666667
26.3333333333
26.7796610169
27.7166666667
27.6333333333
26.3666666667
26.3
27.5593220339
26.9
27.2166666667
26.9
26.7666666667
27.2833333333
27.186440678
27.6833333333
27.5166666667
27.7666666667
27.0833333333
27.5333333333
27.7796610169
27.7
27.5833333333
29.3333333333
27.0666666667
27.5166666667
28.2711864407
29.3666666667
27.9166666667
27.2166666667
28.0833333333
28.3050847458
28.35
27.1666666667
29.2666666667
29.7
28.2
29.3898305085
29.3
28.85
28.4333333333
30.15
29.6
29.0677966102
29.45
29.85
28.4666666667
27.7166666667
29.2333333333
24.4736842105
--END OF 1--
33.9666666667
32.8166666667
35.1
36.2666666667
36.0666666667
35.9166666667
37.1186440678
36.0333333333
33.7
35.35
36.25
34.5666666667
36.9666666667
37.6440677966
36.65
38.8166666667
37.2
37.2333333333
37.4745762712
37.3833333333
37.0333333333
37.1666666667
36.8
38.1166666667
35.9152542373
38.7666666667
37.7166666667
38.7166666667
39.1333333333
37.0833333333
38.7457627119
37.45
37.7333333333
39.4333333333
37.5
37.3
40.1186440678
41.4666666667
40.0166666667
37.6833333333
39.3333333333
39.4576271186
38.6833333333
39.5166666667
40.1166666667
40.1
38.9
40.0508474576
39.8666666667
41.05
41.4833333333
42.95
39.35
40.2372881356
40.6666666667
41.2
41.3333333333
38.5166666667
38.75
32.4385964912
--END OF 2--
35.0
33.5666666667
36.2333333333
37.0
36.8666666667
36.6333333333
38.3389830508
37.25
35.2833333333
36.55
37.65
35.1166666667
38.0333333333
38.406779661
37.6666666667
39.3
38.15
38.6666666667
37.8813559322
38.8
37.4833333333
38.1666666667
37.45
40.0333333333
36.2711864407
39.8666666667
38.5666666667
39.1666666667
40.5833333333
38.8833333333
40.8305084746
38.7666666667
40.05
40.65
39.5666666667
39.1333333333
40.4915254237
43.3333333333
42.1
39.0
40.9666666667
41.1525423729
40.15
40.8166666667
40.8333333333
41.25
40.3
41.5423728814
42.2666666667
42.4333333333
44.5666666667
44.95
40.7833333333
41.5762711864
41.2166666667
43.0166666667
43.15
39.4833333333
41.0666666667
33.5263157895
--END OF 3--
22.4
22.35
23.0333333333
23.0
23.15
23.1
23.3389830508
22.6666666667
22.3166666667
23.35
23.6
22.7166666667
23.45
23.3389830508
24.0666666667
24.1666666667
23.1166666667
22.9166666667
23.8305084746
23.5333333333
23.5333333333
23.7666666667
23.5
23.9833333333
23.7288135593
23.8666666667
23.7166666667
23.9666666667
23.65
23.8833333333
23.9491525424
23.9833333333
23.8833333333
25.0166666667
23.7666666667
24.0166666667
24.3559322034
25.25
24.4
23.7666666667
24.4666666667
24.3559322034
24.2666666667
23.5333333333
24.95
25.65
24.35
25.3898305085
25.1166666667
24.8
24.45
25.8833333333
25.55
25.0508474576
25.4
25.65
24.6166666667
24.0666666667
25.2333333333
22.4210526316
--END OF 4--
32.3
31.5666666667
32.7166666667
33.5
33.5
33.15
34.0169491525
33.15
32.05
32.95
33.55
32.4666666667
33.9
34.1355932203
33.65
35.0166666667
33.9
33.8666666667
34.186440678
34.0333333333
33.6833333333
34.0
33.6833333333
34.6333333333
33.3389830508
35.0
34.2666666667
34.7666666667
35.1833333333
33.8333333333
34.8474576271
34.15
34.4
35.4
34.45
34.0166666667
35.7627118644
36.85
35.8333333333
34.3833333333
35.35
35.4915254237
34.8333333333
35.25
35.75
35.75
35.15
35.8474576271
35.6333333333
36.3833333333
36.4166666667
37.5666666667
35.6166666667
35.9152542373
36.2166666667
36.3666666667
36.5166666667
34.8
35.0166666667
31.4385964912
--END OF 5--
35.0
33.5666666667
36.2333333333
37.0
36.8666666667
36.6333333333
38.3389830508
37.25
35.2833333333
36.55
37.65
35.1166666667
38.0333333333
38.406779661
37.6666666667
39.3
38.15
38.6666666667
37.8813559322
38.8
37.4833333333
38.1666666667
37.45
40.0333333333
36.2711864407
39.8666666667
38.5666666667
39.1666666667
40.5833333333
38.8833333333
40.8305084746
38.7666666667
40.05
40.65
39.5666666667
39.1333333333
40.4915254237
43.0
42.1
39.0
40.9666666667
41.1186440678
40.15
40.7666666667
40.8333333333
41.25
40.3
41.5423728814
42.2666666667
42.4333333333
44.3
44.4333333333
40.7833333333
41.5593220339
41.2166666667
43.0166666667
42.9
39.4833333333
41.0666666667
33.5263157895
--END OF 6--
4434.7
4462.25
4674.15
4697.2
4718.1
4822.35
4791.45762712
4716.95
4620.3
4784.55
4726.05
4691.7
4875.6
5044.11864407
4881.45
5041.65
4910.25
5008.15
5029.83050847
5007.2
5067.85
4938.05
4890.3
4823.05
4894.27118644
5020.6
5062.5
5191.95
5081.15
5001.6
5101.37288136
5044.8
5088.2
5251.9
4938.65
4903.65
5016.30508475
5205.0
5167.75
5091.1
5085.15
5137.52542373
5314.15
5142.0
5275.0
5352.9
5174.85
5394.61016949
5285.15
5350.25
5204.55
5450.15
5374.55
5215.11864407
5333.25
5477.0
5363.4
5063.65
5153.15
4388.68421053
--END OF 7--
1247.15
1250.66666667
1310.81666667
1303.95
1331.23333333
1332.93333333
1352.3220339
1316.73333333
1265.38333333
1328.75
1355.35
1294.25
1362.18333333
1407.84745763
1382.33333333
1417.6
1374.91666667
1407.58333333
1425.79661017
1403.08333333
1415.81666667
1358.28333333
1361.75
1357.63333333
1360.71186441
1407.3
1435.9
1439.3
1419.86666667
1409.8
1446.15254237
1427.75
1415.46666667
1483.98333333
1397.48333333
1385.58333333
1436.94915254
1494.36666667
1452.23333333
1405.28333333
1424.21666667
1440.10169492
1469.35
1442.15
1481.33333333
1496.5
1435.1
1504.15254237
1484.05
1480.08333333
1470.03333333
1551.51666667
1494.96666667
1468.27118644
1488.8
1529.75
1478.96666667
1426.26666667
1465.5
1232.84210526
--END OF 8--
192.333333333
181.7
208.333333333
201.433333333
214.633333333
200.533333333
218.508474576
218.583333333
184.016666667
198.6
204.75
200.5
206.533333333
216.338983051
213.916666667
216.083333333
208.933333333
223.15
216.389830508
229.933333333
224.1
218.816666667
213.483333333
230.833333333
196.525423729
238.6
219.2
214.45
236.666666667
217.25
228.406779661
217.316666667
225.1
216.083333333
209.133333333
203.0
250.033898305
230.566666667
237.266666667
215.916666667
234.233333333
232.322033898
225.483333333
228.166666667
227.433333333
230.75
220.65
214.288135593
240.316666667
258.383333333
259.866666667
277.7
217.9
222.372881356
243.633333333
232.5
254.65
210.75
219.133333333
189.228070175
--END OF 9--
10.7833333333
6.26666666667
6.7
10.7666666667
8.48333333333
9.0
9.03389830508
10.7333333333
9.13333333333
6.15
7.15
8.15
10.65
9.18644067797
7.56666666667
9.03333333333
12.1333333333
10.7666666667
5.35593220339
9.71666666667
4.61666666667
10.15
9.65
13.8
5.76271186441
11.05
7.9
9.8
9.81666666667
7.35
10.1525423729
6.98333333333
10.25
7.33333333333
11.05
10.8833333333
8.1186440678
15.0
11.1333333333
10.25
10.7
11.4915254237
8.75
12.2166666667
9.1
8.15
9.75
9.69491525424
9.78333333333
10.2833333333
15.8666666667
10.2333333333
8.4
11.5254237288
9.28333333333
10.1
12.4
11.2833333333
12.0666666667
5.49122807018
--END OF 10--
1.28333333333
1.25
1.58333333333
0.683333333333
0.966666666667
0.933333333333
1.62711864407
1.53333333333
1.48333333333
1.15
2.2
0.2
1.15
1.0
1.0
0.5
1.43333333333
1.46666666667
0.28813559322
2.5
0.833333333333
0.75
0.383333333333
1.7
0.35593220339
0.916666666667
1.0
0.65
1.8
2.1
2.15254237288
1.63333333333
2.5
1.7
3.05
2.75
0.542372881356
2.11666666667
2.88333333333
1.1
2.21666666667
2.22033898305
1.76666666667
1.9
1.2
1.35
2.15
1.94915254237
2.83333333333
1.45
4.68333333333
2.31666666667
1.51666666667
1.5593220339
0.866666666667
2.11666666667
1.63333333333
1.01666666667
2.75
1.75438596491
--END OF 11--
0.0
0.0
0.683333333333
0.216666666667
0.3
0.166666666667
0.508474576271
0.7
1.33333333333
0.0
0.0
0.0
0.2
0.0
0.5
0.0
0.0
0.0333333333333
0.271186440678
0.0
0.0
0.5
0.0
0.5
0.0
0.0
0.0
0.15
0.35
0.5
0.508474576271
1.13333333333
0.683333333333
0.25
0.0
0.0
0.0
0.166666666667
0.5
0.0
0.6
0.152542372881
0.35
0.0
0.0
0.85
0.65
0.0338983050847
1.23333333333
0.0
0.583333333333
0.316666666667
0.233333333333
0.677966101695
0.0
0.0166666666667
0.783333333333
0.0
0.0
0.0
--END OF 12--
