13.4166666667
13.1355932203
13.8833333333
13.7333333333
12.4833333333
12.35
14.0333333333
11.7666666667
13.0847457627
13.9666666667
14.3166666667
13.9666666667
12.65
12.7166666667
13.4576271186
12.9
12.3333333333
11.4166666667
12.85
12.2711864407
13.25
13.2
13.3
13.7
13.5
13.4576271186
13.3333333333
13.6833333333
12.5
13.5333333333
12.8813559322
12.9333333333
13.8833333333
13.9833333333
14.05
14.1016949153
13.6
13.35
13.15
12.6166666667
12.85
13.2881355932
13.0166666667
12.7
12.9
13.2333333333
14.3220338983
13.5833333333
13.2666666667
13.8666666667
13.8666666667
13.0166666667
13.5593220339
13.4333333333
13.7333333333
12.8833333333
12.2333333333
13.0508474576
13.2833333333
13.7413793103
--END OF 1--
17.0833333333
17.3050847458
17.6333333333
18.0833333333
16.3333333333
16.25
16.7833333333
14.9666666667
16.4406779661
17.3166666667
18.05
17.0833333333
16.05
16.6166666667
17.3728813559
15.5333333333
15.7
14.85
16.15
15.0847457627
16.65
16.45
16.05
17.35
16.95
17.2542372881
16.9333333333
17.2333333333
16.9
16.3166666667
16.4237288136
16.3166666667
16.8666666667
17.8333333333
17.3333333333
18.0677966102
16.95
16.4
16.85
16.0166666667
16.6
16.0508474576
16.95
16.2833333333
15.8666666667
16.75
17.4237288136
17.4
17.35
17.65
16.6833333333
16.7333333333
17.7966101695
17.6833333333
17.1833333333
17.2333333333
16.2833333333
17.4237288136
17.2666666667
17.6034482759
--END OF 2--
17.6
17.9491525424
18.0833333333
18.4833333333
16.8333333333
16.9
16.9333333333
15.2166666667
17.0508474576
17.3166666667
18.9333333333
17.4
16.3
16.6166666667
17.3728813559
15.5333333333
15.7666666667
15.5833333333
16.35
15.0847457627
16.65
17.1
16.5
18.4
16.95
17.2542372881
17.8666666667
17.9833333333
17.1166666667
16.85
17.5762711864
16.8666666667
17.7166666667
18.6333333333
17.5666666667
18.0677966102
18.35
16.65
17.4
16.9666666667
16.9
16.2542372881
18.2
16.7333333333
16.5166666667
16.75
17.4237288136
17.55
17.35
18.35
16.6833333333
17.7333333333
18.4576271186
18.1833333333
17.2833333333
17.6333333333
16.3833333333
17.6271186441
17.65
17.9137931034
--END OF 3--
13.4166666667
13.1355932203
13.8833333333
13.7333333333
12.4833333333
12.35
14.0333333333
11.7666666667
13.0847457627
13.9666666667
14.3166666667
13.9666666667
12.65
12.7166666667
13.4576271186
12.9
12.3333333333
11.4166666667
12.85
12.2711864407
13.25
13.2
13.3
13.7
13.5
13.4576271186
13.3333333333
13.6833333333
12.5
13.5333333333
12.8813559322
12.9333333333
13.8833333333
13.9833333333
14.05
14.1016949153
13.6
13.35
13.15
12.6166666667
12.85
13.2881355932
13.0166666667
12.7
12.9
13.2333333333
14.3220338983
13.5833333333
13.2666666667
13.8666666667
13.8666666667
13.0166666667
13.5593220339
13.4333333333
13.7333333333
12.8833333333
12.2333333333
13.0508474576
13.2833333333
13.7413793103
--END OF 4--
17.0833333333
17.3050847458
17.6333333333
18.0833333333
16.3333333333
16.25
16.7833333333
14.9666666667
16.4406779661
17.3166666667
18.05
17.0833333333
16.05
16.6166666667
17.3728813559
15.5333333333
15.7
14.85
16.15
15.0847457627
16.65
16.45
16.05
17.35
16.95
17.2542372881
16.9333333333
17.2333333333
16.9
16.3166666667
16.4237288136
16.3166666667
16.8666666667
17.8333333333
17.3333333333
18.0677966102
16.95
16.4
16.85
16.0166666667
16.6
16.0508474576
16.95
16.2833333333
15.8666666667
16.75
17.4237288136
17.4
17.35
17.65
16.6833333333
16.7333333333
17.7966101695
17.6833333333
17.1833333333
17.2333333333
16.2833333333
17.4237288136
17.2666666667
17.6034482759
--END OF 5--
17.6
17.9491525424
18.0833333333
18.4833333333
16.8333333333
16.9
16.9333333333
15.2166666667
17.0508474576
17.3166666667
18.9333333333
17.4
16.3
16.6166666667
17.3728813559
15.5333333333
15.7666666667
15.5833333333
16.35
15.0847457627
16.65
17.1
16.5
18.4
16.95
17.2542372881
17.8666666667
17.9833333333
17.1166666667
16.85
17.5762711864
16.8666666667
17.7166666667
18.6333333333
17.5666666667
18.0677966102
18.35
16.65
17.4
16.9666666667
16.9
16.2542372881
18.2
16.7333333333
16.5166666667
16.75
17.4237288136
17.55
17.35
18.35
16.6833333333
17.7333333333
18.4576271186
18.1833333333
17.2833333333
17.6333333333
16.3833333333
17.6271186441
17.65
17.9137931034
--END OF 6--
2602.6
2605.62711864
2647.2
2626.5
2509.8
2522.7
2619.9
2395.5
2531.54237288
2603.6
2665.0
2581.2
2451.8
2484.65
2615.28813559
2444.35
2509.2
2343.55
2394.15
2346.20338983
2505.75
2526.6
2486.55
2532.75
2613.45
2591.59322034
2480.95
2497.55
2468.05
2567.65
2493.50847458
2496.3
2562.2
2558.15
2616.4
2662.11864407
2593.8
2518.65
2565.9
2455.65
2455.35
2490.50847458
2477.4
2565.95
2406.45
2553.7
2687.03389831
2531.15
2554.45
2623.05
2702.15
2530.85
2632.52542373
2583.3
2637.9
2462.85
2389.35
2498.18644068
2532.3
2630.94827586
--END OF 7--
708.883333333
706.0
734.05
726.45
694.95
673.45
716.3
637.7
694.847457627
709.0
732.166666667
715.233333333
668.416666667
686.866666667
701.711864407
673.15
677.116666667
641.483333333
662.716666667
664.237288136
709.0
694.0
688.9
711.3
712.75
699.288135593
698.05
703.6
677.65
693.833333333
684.86440678
697.083333333
718.966666667
723.766666667
714.583333333
734.576271186
708.55
679.25
692.0
670.25
684.35
686.305084746
690.166666667
688.866666667
676.883333333
696.483333333
733.796610169
700.433333333
698.483333333
722.45
716.95
696.1
710.033898305
711.95
728.3
683.9
651.25
700.389830508
705.016666667
728.672413793
--END OF 8--
80.2833333333
98.2711864407
80.7
94.35
86.5
88.6
73.25
77.3
86.9830508475
90.4166666667
87.85
77.95
75.2666666667
84.8166666667
81.7966101695
72.7833333333
76.75
69.9666666667
81.2166666667
66.5762711864
77.25
77.45
67.4
89.05
72.55
87.186440678
94.65
78.0666666667
84.2166666667
66.7
80.6779661017
92.2
83.0833333333
96.6166666667
82.9666666667
81.2372881356
78.6
75.95
88.2
90.05
84.9
67.9491525424
89.15
81.7666666667
74.2
85.0833333333
74.6610169492
92.2666666667
98.8166666667
91.2833333333
67.8666666667
77.3666666667
95.5593220339
87.4
83.9
87.8
91.5
82.5254237288
94.0833333333
91.0172413793
--END OF 9--
3.0
2.35593220339
4.2
4.05
3.35
4.5
2.05
1.5
2.74576271186
3.48333333333
4.35
2.68333333333
1.48333333333
0.5
1.61016949153
1.58333333333
1.7
3.08333333333
2.55
0.915254237288
2.5
2.1
2.05
4.6
2.6
2.5593220339
4.95
4.05
2.71666666667
2.18333333333
3.42372881356
3.1
2.95
3.81666666667
3.65
4.52542372881
4.05
1.55
3.45
2.7
3.25
2.83050847458
4.23333333333
3.25
3.23333333333
1.93333333333
1.08474576271
1.06666666667
2.51666666667
3.43333333333
1.41666666667
3.58333333333
4.61016949153
4.15
1.6
5.5
4.4
3.86440677966
2.16666666667
3.5
--END OF 10--
1.0
0.0
0.25
0.75
0.0
1.0
0.5
0.5
1.01694915254
0.0
1.86666666667
0.633333333333
0.5
0.0
0.0
0.0
0.366666666667
1.13333333333
0.5
0.0
0.0
0.9
0.5
1.45
0.15
0.0
1.16666666667
0.816666666667
0.2
0.85
0.983050847458
0.766666666667
1.15
0.8
0.283333333333
0.0
1.9
0.45
0.65
1.45
0.55
0.0338983050847
1.9
0.0666666666667
1.0
0.0
0.0
0.0
0.0
1.0
0.0
1.0
0.966101694915
1.05
0.25
0.25
0.4
0.610169491525
0.266666666667
0.51724137931
--END OF 11--
0.5
0.0
0.0
0.0
0.0
0.4
0.1
0.0
0.0
0.0
0.0
0.0
0.0
0.0
0.0
0.0
0.0
0.5
0.0
0.0
0.0
0.4
0.5
0.6
0.0
0.0
0.0
0.0
0.183333333333
0.35
0.983050847458
0.266666666667
0.233333333333
0.0
0.0
0.0
0.9
0.1
0.0
0.65
0.35
0.0
0.5
0.0
0.0
0.0
0.0
0.0
0.0
0.5
0.0
0.0
0.0
0.0
0.0
0.0
0.0
0.0
0.0
0.51724137931
--END OF 12--
