15.45
14.85
15.45
14.5833333333
12.8305084746
14.7333333333
14.7833333333
13.55
15.05
14.8
15.8813559322
14.9666666667
14.4833333333
14.25
13.2833333333
12.5333333333
12.5762711864
13.5166666667
12.0333333333
12.8833333333
13.7833333333
12.2166666667
13.7966101695
12.8333333333
12.7166666667
12.6333333333
12.3666666667
13.0
12.5
12.9333333333
13.2333333333
13.2666666667
12.8833333333
14.0677966102
13.3
13.65
13.6
12.3666666667
13.0
13.0833333333
13.4333333333
13.1833333333
11.55
11.7333333333
12.0508474576
12.6833333333
13.2166666667
11.7833333333
12.1666666667
12.2
12.1355932203
11.2166666667
12.1166666667
12.0
13.6166666667
13.3389830508
13.25
13.1833333333
12.6333333333
13.9122807018
--END OF 1--
20.9
20.9
20.7
19.0833333333
17.5593220339
20.0
19.4833333333
19.2166666667
20.8333333333
19.8833333333
21.6440677966
19.3666666667
19.4166666667
20.4166666667
18.75
17.55
16.9491525424
17.8666666667
16.8333333333
16.3833333333
18.3333333333
16.7166666667
18.5762711864
16.9166666667
16.2
17.3333333333
17.2666666667
18.4576271186
16.7333333333
17.6166666667
16.6166666667
17.3166666667
17.7666666667
18.5762711864
18.25
17.75
17.45
17.0166666667
17.5423728814
17.5666666667
19.25
17.4666666667
15.9666666667
16.5833333333
16.2033898305
16.9833333333
17.7333333333
16.7666666667
17.2833333333
16.6166666667
16.7288135593
14.6666666667
15.6166666667
16.3666666667
18.3166666667
17.3728813559
18.4
18.6333333333
17.1333333333
20.3859649123
--END OF 2--
21.75
21.7
20.95
19.3333333333
18.7796610169
20.15
20.1833333333
19.6666666667
21.2333333333
21.4833333333
22.5593220339
20.4166666667
20.2333333333
21.1
18.8
17.8666666667
17.6440677966
18.7166666667
17.2333333333
16.5333333333
18.5833333333
16.9666666667
19.5254237288
18.0
17.3666666667
18.2833333333
17.7833333333
18.7627118644
16.95
18.6666666667
16.95
17.7333333333
17.95
19.1355932203
18.65
18.35
18.0
17.8166666667
17.6779661017
17.9166666667
20.65
18.3166666667
16.95
17.5
16.5254237288
17.2833333333
18.2833333333
17.1833333333
18.0
17.15
17.1355932203
15.9666666667
16.5166666667
16.65
18.3166666667
17.8644067797
18.6666666667
19.2833333333
17.2833333333
21.1754385965
--END OF 3--
15.45
14.85
15.45
14.5833333333
12.8305084746
14.7333333333
14.7833333333
13.55
15.05
14.8
15.8813559322
14.9666666667
14.4833333333
14.25
13.2833333333
12.5333333333
12.5762711864
13.5166666667
12.0333333333
12.8833333333
13.7833333333
12.2166666667
13.7966101695
12.8333333333
12.7166666667
12.6333333333
12.3666666667
13.0
12.5
12.9333333333
13.2333333333
13.2666666667
12.8833333333
14.0677966102
13.3
13.65
13.6
12.3666666667
13.0
13.0833333333
13.4333333333
13.1833333333
11.55
11.7333333333
12.0508474576
12.6833333333
13.2166666667
11.7833333333
12.1666666667
12.2
12.1355932203
11.2166666667
12.1166666667
12.0
13.6166666667
13.3389830508
13.25
13.1833333333
12.6333333333
13.9122807018
--END OF 4--
20.9
20.9
20.7
19.0833333333
17.5593220339
20.0
19.4833333333
19.2166666667
20.8333333333
19.8833333333
21.6440677966
19.3666666667
19.4166666667
20.4166666667
18.75
17.55
16.9491525424
17.8666666667
16.8333333333
16.3833333333
18.3333333333
16.7166666667
18.5762711864
16.9166666667
16.2
17.3333333333
17.2666666667
18.4576271186
16.7333333333
17.6166666667
16.6166666667
17.3166666667
17.7666666667
18.5762711864
18.25
17.75
17.45
17.0166666667
17.5423728814
17.5666666667
19.25
17.4666666667
15.9666666667
16.5833333333
16.2033898305
16.9833333333
17.7333333333
16.7666666667
17.2833333333
16.6166666667
16.7288135593
14.6666666667
15.6166666667
16.3666666667
18.3166666667
17.3728813559
18.4
18.6333333333
17.1333333333
20.3859649123
--END OF 5--
21.75
21.7
20.95
19.3333333333
18.7796610169
20.15
20.1833333333
19.6666666667
21.2333333333
21.4833333333
22.5593220339
20.4166666667
20.2333333333
21.1
18.8
17.8666666667
17.6440677966
18.7166666667
17.2333333333
16.5333333333
18.5833333333
16.9666666667
19.5254237288
18.0
17.3666666667
18.2833333333
17.7833333333
18.7627118644
16.95
18.6666666667
16.95
17.7333333333
17.95
19.1355932203
18.65
18.35
18.0
17.8166666667
17.6779661017
17.9166666667
20.65
18.3166666667
16.95
17.5
16.5254237288
17.2833333333
18.2833333333
17.1833333333
18.0
17.15
17.1355932203
15.9666666667
16.5166666667
16.65
18.3166666667
17.8644067797
18.6666666667
19.2833333333
17.2833333333
21.1754385965
--END OF 6--
2861.1
2871.75
2892.25
2733.0
2570.03389831
2721.8
2765.1
2726.9
2924.45
2776.55
2926.47457627
2641.45
2658.9
2622.8
2573.8
2456.25
2379.71186441
2545.35
2410.95
2411.4
2625.15
2410.2
2583.15254237
2497.4
2469.65
2410.3
2381.85
2594.94915254
2403.5
2543.55
2502.85
2512.1
2507.7
2616.25423729
2517.15
2488.2
2586.3
2457.0
2546.44067797
2539.4
2566.15
2423.85
2333.15
2333.45
2328.45762712
2360.85
2431.9
2379.1
2342.85
2356.55
2253.0
2044.5
2384.55
2344.3
2642.25
2627.74576271
2616.6
2536.85
2461.75
2775.0
--END OF 7--
803.45
793.2
799.35
763.2
706.949152542
768.45
779.55
758.966666667
809.616666667
762.733333333
821.033898305
751.216666667
753.566666667
753.233333333
702.033333333
675.133333333
670.966101695
708.45
659.6
673.75
726.15
668.35
716.152542373
671.683333333
677.933333333
671.966666667
665.933333333
719.203389831
661.016666667
688.45
710.083333333
703.366666667
692.883333333
732.152542373
706.2
699.05
705.45
680.65
710.152542373
703.916666667
718.083333333
690.15
636.7
651.266666667
651.847457627
666.9
680.2
656.933333333
646.216666667
644.8
640.152542373
580.9
638.0
644.4
720.8
710.779661017
713.733333333
708.366666667
678.416666667
775.736842105
--END OF 8--
128.65
118.8
123.3
114.9
116.830508475
121.55
106.85
113.616666667
109.85
121.283333333
122.847457627
106.516666667
101.083333333
118.3
104.166666667
99.7166666667
85.5593220339
102.9
94.1
86.65
106.35
97.9
93.0847457627
87.1666666667
91.5166666667
103.383333333
93.3666666667
120.457627119
93.1
109.216666667
88.5
96.2
102.966666667
94.8305084746
98.2
99.15
94.35
101.2
96.7796610169
93.1333333333
113.15
90.9166666667
99.9833333333
106.983333333
89.5423728814
94.5666666667
95.8666666667
94.8666666667
103.7
93.4166666667
99.7457627119
86.65
80.85
92.5666666667
99.5
88.7966101695
104.066666667
106.483333333
95.9666666667
128.105263158
--END OF 9--
4.35
7.6
3.03333333333
3.85
3.72881355932
2.56666666667
4.26666666667
5.13333333333
7.15
7.4
6.62711864407
6.05
5.01666666667
7.68333333333
5.7
4.55
4.77966101695
2.45
3.3
1.8
1.75
3.85
3.86440677966
6.46666666667
2.56666666667
4.08333333333
5.81666666667
3.98305084746
3.93333333333
3.51666666667
2.91666666667
3.66666666667
4.18333333333
5.42372881356
4.65
2.9
2.4
4.85
3.62711864407
3.95
7.05
5.65
4.15
5.71666666667
2.06779661017
3.28333333333
4.53333333333
4.35
5.55
3.81666666667
4.69491525424
4.5
2.05
3.31666666667
1.95
2.01694915254
3.63333333333
5.96666666667
2.85
4.52631578947
--END OF 10--
1.15
1.5
0.3
0.25
1.77966101695
0.5
0.683333333333
0.816666666667
0.0
1.66666666667
1.52542372881
0.333333333333
1.56666666667
0.933333333333
0.0
0.0666666666667
0.949152542373
1.1
0.4
0.4
0.1
0.15
1.15254237288
1.71666666667
1.63333333333
1.25
1.11666666667
0.508474576271
0.0166666666667
1.4
0.0833333333333
0.733333333333
0.266666666667
1.01694915254
0.5
1.35
0.75
1.3
0.28813559322
0.45
2.1
1.2
1.11666666667
1.33333333333
0.627118644068
0.0666666666667
1.13333333333
0.466666666667
1.06666666667
0.766666666667
0.457627118644
1.85
1.0
0.4
0.05
1.08474576271
0.383333333333
1.0
0.5
0.894736842105
--END OF 11--
1.15
0.0
0.0
0.0
0.0
0.0
0.0
0.5
0.0
0.283333333333
0.220338983051
0.0
0.0
0.0
0.0
0.0
0.508474576271
0.0
0.0
0.0
0.0
0.0
0.0
0.0
0.5
0.0
0.0
0.0
0.0
0.0
0.0
0.0
0.0
0.0
0.0
0.0
0.0
0.0
0.0
0.133333333333
0.6
0.266666666667
0.0
0.0
0.0
0.0
0.5
0.466666666667
0.833333333333
0.0
0.152542372881
0.35
0.5
0.0
0.0
0.186440677966
0.316666666667
0.5
0.0
0.894736842105
--END OF 12--
