13.5
13.0169491525
12.25
12.0166666667
12.4333333333
12.65
12.5666666667
13.7
12.4915254237
12.3666666667
13.5666666667
13.1666666667
13.2333333333
13.35
13.813559322
12.6333333333
12.3166666667
13.8666666667
13.8
14.25
12.8983050847
12.0833333333
13.4333333333
13.5333333333
13.3166666667
13.5166666667
12.813559322
13.2666666667
12.3833333333
13.3666666667
12.7333333333
12.5084745763
13.6333333333
13.5333333333
12.7833333333
13.7833333333
14.2
13.5423728814
13.4
13.4
14.8333333333
14.1
14.4333333333
12.5254237288
14.0166666667
13.95
14.1333333333
13.95
15.0169491525
13.0166666667
14.35
14.4
14.75
13.75
13.7288135593
14.3666666667
13.55
14.7
14.25
13.3103448276
--END OF 1--
17.95
16.7288135593
17.1
16.0166666667
16.9666666667
18.1833333333
17.6833333333
18.1333333333
17.4237288136
17.6833333333
20.2
17.45
17.4166666667
18.2666666667
18.593220339
17.7333333333
16.9666666667
18.7
18.8
18.55
17.6440677966
17.0833333333
18.0833333333
18.4333333333
18.4333333333
18.9166666667
17.5593220339
17.2166666667
18.2833333333
18.35
17.15
18.0
18.3833333333
19.1333333333
18.0333333333
19.1833333333
17.95
19.8474576271
18.3666666667
17.8333333333
19.2
18.9666666667
19.15
17.7288135593
19.7833333333
19.3
19.5333333333
19.3
19.7118644068
18.6166666667
19.6
20.45
19.65
19.4
17.7627118644
21.3
18.9833333333
21.1
18.5833333333
18.275862069
--END OF 2--
18.75
17.2203389831
17.4166666667
16.0666666667
16.9666666667
18.5333333333
18.6
18.2
17.4237288136
18.4333333333
21.2166666667
18.0
18.6833333333
19.1833333333
19.2542372881
18.7833333333
18.1166666667
19.3166666667
19.6
19.3
18.6440677966
18.7
18.9833333333
19.1833333333
19.0333333333
18.9833333333
19.2203389831
17.9166666667
18.6833333333
18.9
17.75
18.7627118644
18.9833333333
19.8833333333
18.2833333333
19.3333333333
18.75
20.7457627119
20.1166666667
18.9166666667
20.0166666667
21.0166666667
19.2666666667
18.3728813559
20.9833333333
19.7666666667
20.7
20.6166666667
20.2881355932
19.8166666667
20.05
21.25
20.55
20.6
18.0677966102
21.5666666667
19.5666666667
22.15
19.7833333333
18.4827586207
--END OF 3--
13.5
13.0169491525
12.25
12.0166666667
12.4333333333
12.65
12.5666666667
13.7
12.4915254237
12.3666666667
13.5666666667
13.1666666667
13.2333333333
13.35
13.813559322
12.6333333333
12.3166666667
13.8666666667
13.8
14.25
12.8983050847
12.0833333333
13.4333333333
13.5333333333
13.3166666667
13.5166666667
12.813559322
13.2666666667
12.3833333333
13.3666666667
12.7333333333
12.5084745763
13.6333333333
13.5333333333
12.7833333333
13.7833333333
14.2
13.5423728814
13.4
13.4
14.8333333333
14.1
14.4333333333
12.5254237288
14.0166666667
13.95
14.1333333333
13.95
15.0169491525
13.0166666667
14.35
14.4
14.75
13.75
13.7288135593
14.3666666667
13.55
14.7
14.25
13.3103448276
--END OF 4--
17.95
16.7288135593
17.1
16.0166666667
16.9666666667
18.1833333333
17.6833333333
18.1333333333
17.4237288136
17.6833333333
20.2
17.45
17.4166666667
18.2666666667
18.593220339
17.7333333333
16.9666666667
18.7
18.8
18.55
17.6440677966
17.0833333333
18.0833333333
18.4333333333
18.4333333333
18.9166666667
17.5593220339
17.2166666667
18.2833333333
18.35
17.15
18.0
18.3833333333
19.1333333333
18.0333333333
19.1833333333
17.95
19.8474576271
18.3666666667
17.8333333333
19.2
18.9666666667
19.15
17.7288135593
19.7833333333
19.3
19.5333333333
19.3
19.7118644068
18.6166666667
19.6
20.45
19.65
19.4
17.7627118644
21.3
18.9833333333
21.1
18.5833333333
18.275862069
--END OF 5--
18.75
17.2203389831
17.4166666667
16.0666666667
16.9666666667
18.5333333333
18.6
18.2
17.4237288136
18.4333333333
21.2166666667
18.0
18.6833333333
19.1833333333
19.2542372881
18.7833333333
18.1166666667
19.3166666667
19.6
19.3
18.6440677966
18.7
18.9833333333
19.1833333333
19.0333333333
18.9833333333
19.2203389831
17.9166666667
18.6833333333
18.9
17.75
18.7627118644
18.9833333333
19.8833333333
18.2833333333
19.3333333333
18.75
20.7457627119
20.1166666667
18.9166666667
20.0166666667
21.0166666667
19.2666666667
18.3728813559
20.9833333333
19.7666666667
20.7
20.6166666667
20.2881355932
19.8166666667
20.05
21.25
20.55
20.6
18.0677966102
21.5666666667
19.5666666667
22.15
19.7833333333
18.4827586207
--END OF 6--
2522.7
2340.40677966
2432.95
2260.7
2401.6
2455.5
2464.0
2582.85
2425.72881356
2397.0
2673.35
2470.0
2487.3
2578.85
2552.69491525
2459.7
2386.2
2579.35
2596.2
2642.85
2441.89830508
2395.65
2482.05
2518.2
2473.35
2593.95
2395.88135593
2493.5
2438.45
2517.1
2491.4
2520.86440678
2662.05
2569.65
2489.55
2591.7
2559.3
2584.52542373
2446.8
2576.5
2820.6
2721.0
2766.65
2566.3220339
2606.0
2633.3
2715.9
2725.2
2854.62711864
2620.8
2752.2
2692.2
2689.95
2597.7
2624.6440678
2771.0
2593.7
2762.05
2641.8
2518.86206897
--END OF 7--
702.15
666.288135593
678.233333333
637.883333333
645.583333333
671.6
675.366666667
721.1
670.050847458
667.433333333
740.783333333
697.316666667
691.416666667
704.683333333
724.593220339
688.3
662.75
724.0
726.3
734.55
683.305084746
667.15
706.75
708.066666667
695.166666667
716.7
668.677966102
685.3
688.45
706.066666667
679.483333333
710.152542373
744.2
724.5
681.7
727.75
715.85
731.525423729
695.983333333
721.616666667
780.266666667
754.95
751.016666667
700.271186441
743.966666667
739.75
753.083333333
745.266666667
785.203389831
721.1
756.6
749.1
756.4
732.25
719.915254237
784.75
732.883333333
783.016666667
743.8
694.603448276
--END OF 8--
97.3
88.9152542373
95.6166666667
94.7333333333
99.95
111.733333333
116.116666667
101.166666667
99.8474576271
106.4
123.483333333
90.0333333333
103.733333333
100.316666667
110.559322034
97.95
109.75
111.633333333
119.1
100.95
107.254237288
96.25
98.4833333333
105.7
115.033333333
102.9
108.779661017
96.6166666667
111.933333333
94.5166666667
91.9
110.13559322
106.2
119.1
109.8
127.05
106.8
112.050847458
112.066666667
103.833333333
105.6
110.483333333
106.033333333
103.372881356
123.966666667
116.383333333
117.15
116.183333333
109.627118644
110.35
116.8
113.4
113.95
125.4
96.6949152542
139.283333333
121.433333333
122.416666667
107.083333333
98.9482758621
--END OF 9--
3.25
3.22033898305
2.95
1.05
3.48333333333
5.6
6.9
2.03333333333
4.45762711864
5.95
7.66666666667
2.6
4.31666666667
4.36666666667
3.30508474576
6.85
4.6
3.03333333333
2.8
3.35
4.93220338983
7.75
4.73333333333
4.78333333333
4.05
3.08333333333
6.22033898305
4.93333333333
4.58333333333
6.18333333333
4.05
6.27118644068
3.55
5.85
3.55
2.15
2.85
6.69491525424
7.08333333333
2.98333333333
2.9
5.13333333333
2.3
5.66101694915
6.08333333333
4.45
6.48333333333
4.75
1.98305084746
7.3
4.75
8.95
5.85
3.85
2.0
5.66666666667
3.56666666667
8.1
5.08333333333
2.81034482759
--END OF 10--
1.2
0.728813559322
0.616666666667
0.0
0.0
0.383333333333
1.05
0.0
0.0
0.5
1.06666666667
1.11666666667
2.23333333333
1.48333333333
1.06779661017
1.45
1.0
0.85
1.05
0.95
1.35593220339
2.53333333333
1.18333333333
1.23333333333
0.5
0.1
2.94915254237
1.11666666667
0.383333333333
0.516666666667
0.983333333333
0.915254237288
0.65
0.95
0.4
0.75
0.35
1.35593220339
2.98333333333
1.55
1.2
3.75
0.183333333333
0.491525423729
1.91666666667
0.583333333333
2.01666666667
1.58333333333
0.915254237288
1.55
0.4
1.0
1.0
1.65
0.35593220339
0.366666666667
0.733333333333
1.23333333333
1.11666666667
0.310344827586
--END OF 11--
0.4
0.508474576271
0.0
0.0
0.0
0.0
0.0
0.0
0.0
0.0
0.633333333333
0.5
0.5
0.333333333333
0.0
0.5
0.0
0.0
0.0
0.0
0.0
0.433333333333
0.566666666667
0.0
0.0
0.0
0.508474576271
0.5
0.0
0.0
0.0
0.406779661017
0.1
0.0
0.0
0.0
0.0
0.0
0.0
0.0
0.433333333333
0.0666666666667
0.0
0.0
0.5
0.0
0.166666666667
0.333333333333
0.0508474576271
0.45
0.0
0.5
0.5
0.9
0.101694915254
0.366666666667
0.0
0.633333333333
0.95
0.103448275862
--END OF 12--
