23.2666666667
22.2166666667
23.25
22.7288135593
23.85
23.15
23.7333333333
23.0
23.45
22.9661016949
23.35
22.9833333333
23.3833333333
22.1166666667
22.5833333333
22.5084745763
22.45
22.7
23.2166666667
21.5166666667
22.5166666667
22.5423728814
22.6
22.5166666667
22.2666666667
23.05
21.3333333333
22.6440677966
20.8
21.45
20.7
21.0333333333
21.2666666667
21.2711864407
20.9833333333
21.5833333333
21.4166666667
19.8166666667
20.8983050847
22.3
21.6
22.1166666667
21.3166666667
21.6833333333
20.3389830508
21.9166666667
20.8333333333
21.7166666667
20.8333333333
19.4166666667
20.4333333333
20.4576271186
20.3833333333
20.65
20.85
19.3
20.6666666667
20.7966101695
20.3666666667
23.2105263158
--END OF 1--
32.6166666667
30.7333333333
32.05
30.0169491525
33.1
30.6
32.1333333333
31.3166666667
30.7666666667
31.2033898305
30.9166666667
32.3333333333
33.2333333333
30.2666666667
30.8666666667
31.3898305085
31.2
31.4
31.9666666667
30.6166666667
31.3333333333
29.813559322
30.9
30.6166666667
30.35
31.0666666667
30.1166666667
31.5593220339
29.6333333333
28.7666666667
28.5166666667
28.4833333333
29.6833333333
28.9322033898
27.9833333333
30.15
29.35
26.4166666667
28.7457627119
29.6833333333
29.0
30.2166666667
28.6666666667
28.55
27.7288135593
29.7166666667
29.1
28.9
27.4833333333
26.6833333333
28.8666666667
27.2711864407
26.7833333333
26.45
29.05
26.4333333333
27.6666666667
27.813559322
27.6333333333
33.9473684211
--END OF 2--
33.7666666667
31.7666666667
32.9
30.7796610169
33.7333333333
31.0666666667
33.5666666667
32.05
32.0
32.1186440678
32.15
33.3
33.4666666667
31.95
32.9833333333
31.7288135593
31.85
32.0
32.5
31.1666666667
32.6833333333
31.1186440678
31.85
31.85
31.05
31.3833333333
31.1
32.9322033898
30.8166666667
29.6666666667
30.3166666667
29.1833333333
30.2833333333
29.6779661017
28.6333333333
31.3666666667
30.3
27.6666666667
29.2711864407
31.45
30.3833333333
31.7666666667
29.05
29.4666666667
28.593220339
30.9333333333
30.15
29.8833333333
27.6333333333
26.95
29.05
27.406779661
27.9333333333
27.4
29.15
26.9833333333
28.4666666667
28.7118644068
27.8333333333
35.4210526316
--END OF 3--
21.6666666667
21.1333333333
21.9
21.6949152542
22.2333333333
21.75
21.9833333333
21.5833333333
22.0
21.8474576271
21.95
21.7666666667
21.8
21.1166666667
21.4833333333
21.5084745763
21.3
21.35
21.7166666667
20.5166666667
21.2166666667
21.3389830508
21.45
21.4666666667
21.2166666667
21.7666666667
20.4
21.4745762712
20.1166666667
20.7
20.0833333333
20.2333333333
20.2666666667
20.5254237288
20.1833333333
20.5833333333
20.65
19.4666666667
20.3389830508
21.3
20.6666666667
20.9833333333
20.4166666667
20.6833333333
19.813559322
21.0
20.05
20.75
20.15
19.2
19.95
19.9830508475
19.9833333333
20.0
20.3
19.2833333333
19.9666666667
20.1694915254
19.8333333333
21.8947368421
--END OF 4--
31.3166666667
30.1166666667
31.05
29.5762711864
31.7833333333
30.0
31.0833333333
30.5333333333
30.1
30.4237288136
30.1833333333
31.25
31.5833333333
29.8666666667
30.2166666667
30.4915254237
30.45
30.75
30.85
29.6166666667
30.6333333333
29.406779661
30.35
29.9666666667
29.7666666667
30.2166666667
29.8666666667
30.6779661017
29.5166666667
28.7166666667
28.5166666667
28.4833333333
29.3833333333
28.7118644068
27.95
29.9
29.25
26.4166666667
28.7457627119
29.5333333333
28.8166666667
29.8
28.55
28.55
27.7288135593
29.5166666667
29.1
28.9
27.4833333333
26.6833333333
28.8666666667
27.2711864407
26.7833333333
26.45
28.8
26.4333333333
27.6666666667
27.813559322
27.6333333333
32.2631578947
--END OF 5--
33.7666666667
31.7666666667
32.9
30.7796610169
33.7333333333
31.0666666667
33.5666666667
32.05
32.0
32.1186440678
32.15
33.3
33.4666666667
31.95
32.9833333333
31.7288135593
31.85
32.0
32.5
31.1666666667
32.6833333333
31.1186440678
31.85
31.85
31.05
31.3833333333
31.1
32.9322033898
30.8166666667
29.6666666667
30.3166666667
29.1833333333
30.2833333333
29.6779661017
28.6333333333
31.3666666667
30.3
27.6666666667
29.2711864407
31.45
30.3833333333
31.7666666667
29.05
29.4666666667
28.593220339
30.9333333333
30.15
29.8833333333
27.6333333333
26.95
29.05
27.406779661
27.9333333333
27.4
29.15
26.9833333333
28.4666666667
28.7118644068
27.8333333333
35.4210526316
--END OF 6--
4335.15
4108.8
4368.0
4198.77966102
4363.4
4162.1
4265.35
4244.15
4314.5
4134.15254237
4259.9
4290.35
4308.95
4131.6
4050.35
4105.01694915
4150.5
4203.0
4340.3
4211.7
4108.85
4122.0
4137.4
4148.45
4107.6
4252.15
3995.3
4101.40677966
3981.5
3900.75
3838.05
4077.55
4000.35
3986.23728814
3962.8
4078.35
3908.75
3711.0
3983.13559322
4106.6
3995.1
3998.6
3981.0
3859.4
3811.83050847
4083.15
3821.45
3821.3
3801.45
3639.75
3855.9
3792.55932203
3764.85
3758.55
3848.1
3591.65
3900.75
3773.08474576
3703.15
4346.68421053
--END OF 7--
1207.65
1147.23333333
1185.5
1160.08474576
1209.51666667
1166.28333333
1224.45
1199.36666667
1184.75
1150.77966102
1176.98333333
1196.53333333
1195.16666667
1136.38333333
1132.6
1145.38983051
1161.4
1165.0
1199.75
1182.65
1150.28333333
1144.16949153
1153.41666667
1149.43333333
1135.16666667
1181.16666667
1114.7
1159.57627119
1092.0
1095.8
1064.48333333
1085.23333333
1128.8
1112.44067797
1092.48333333
1130.8
1099.05
1034.0
1085.08474576
1133.3
1107.15
1125.23333333
1104.5
1098.88333333
1049.18644068
1122.86666667
1067.18333333
1092.16666667
1062.63333333
1013.7
1073.78333333
1048.59322034
1065.5
1040.85
1080.85
1012.81666667
1079.3
1055.61016949
1056.0
1220.57894737
--END OF 8--
203.15
179.633333333
176.95
153.796610169
186.8
157.2
166.6
176.55
166.05
178.745762712
175.483333333
205.016666667
195.483333333
173.15
184.083333333
190.389830508
183.55
172.65
172.8
187.65
187.083333333
160.254237288
167.716666667
180.066666667
174.133333333
178.066666667
178.066666667
188.118644068
184.25
167.2
168.3
169.916666667
148.016666667
158.06779661
146.816666667
180.05
159.216666667
151.0
168.440677966
175.1
156.6
181.516666667
163.25
161.533333333
134.86440678
171.6
167.116666667
173.883333333
138.2
150.05
171.316666667
152.101694915
136.45
125.45
176.3
154.433333333
160.85
156.169491525
155.133333333
211.263157895
--END OF 9--
7.35
8.8
9.8
4.15254237288
8.43333333333
6.25
10.0
4.78333333333
5.36666666667
5.64406779661
4.0
6.25
9.98333333333
8.2
10.2166666667
7.33898305085
6.2
8.65
6.76666666667
5.35
8.16666666667
8.27118644068
6.4
7.08333333333
5.28333333333
3.05
7.96666666667
8.98305084746
7.13333333333
5.23333333333
9.78333333333
4.63333333333
9.43333333333
4.10169491525
3.11666666667
6.31666666667
8.45
4.95
5.15254237288
7.73333333333
7.56666666667
8.21666666667
5.0
3.98333333333
8.61016949153
4.95
8.71666666667
5.11666666667
4.35
4.56666666667
6.63333333333
2.98305084746
4.65
6.25
3.55
5.03333333333
7.2
6.79661016949
6.71666666667
9.73684210526
--END OF 10--
1.4
1.15
0.3
1.27118644068
0.833333333333
0.5
2.48333333333
0.783333333333
1.88333333333
1.50847457627
2.01666666667
1.35
0.483333333333
2.23333333333
3.28333333333
0.135593220339
0.9
1.0
0.75
0.6
1.68333333333
1.91525423729
1.53333333333
1.38333333333
0.883333333333
0.316666666667
1.16666666667
1.62711864407
1.98333333333
0.95
2.23333333333
1.31666666667
0.683333333333
0.898305084746
1.0
1.85
1.36666666667
2.3
0.983050847458
1.65
2.63333333333
2.61666666667
0.2
1.46666666667
1.01694915254
1.76666666667
1.66666666667
1.56666666667
0.0
0.316666666667
0.183333333333
0.322033898305
1.8
1.65
0.0
0.65
0.85
1.01694915254
0.4
1.42105263158
--END OF 11--
0.4
0.4
0.0
0.0
0.433333333333
0.0
0.483333333333
0.283333333333
0.5
0.169491525424
0.333333333333
0.3
0.0
0.266666666667
0.233333333333
0.101694915254
0.4
0.0
0.0
0.0
0.0
0.389830508475
0.616666666667
0.383333333333
0.116666666667
0.0
0.533333333333
0.474576271186
0.0
0.416666666667
0.383333333333
0.5
0.0
0.169491525424
0.133333333333
0.0333333333333
0.2
0.3
0.0
0.5
0.433333333333
0.466666666667
0.0333333333333
0.466666666667
0.0677966101695
0.433333333333
0.5
0.0
0.0
0.0
0.0
0.0
0.2
0.3
0.0
0.0
0.0
0.305084745763
0.0
0.736842105263
--END OF 12--
