19.35
20.3898305085
19.8666666667
18.75
17.9333333333
18.1166666667
19.75
19.7796610169
19.6
18.8166666667
20.3166666667
19.05
18.1166666667
19.8983050847
18.3333333333
17.6666666667
17.5166666667
17.7333333333
18.9491525424
17.9166666667
18.4166666667
18.3166666667
18.75
18.1186440678
18.2666666667
19.5333333333
18.7166666667
17.6666666667
18.0338983051
17.7
16.4
16.5833333333
17.3833333333
17.9491525424
17.3833333333
18.2333333333
17.8333333333
18.2666666667
16.6610169492
17.2
16.9333333333
17.25
17.4333333333
17.9661016949
18.6833333333
17.6833333333
17.5
17.0333333333
17.7118644068
17.35
18.0166666667
18.3166666667
18.6666666667
17.25
17.8644067797
17.05
16.6666666667
16.8166666667
18.1166666667
19.25
--END OF 1--
23.9
24.7118644068
25.5166666667
24.0833333333
21.4666666667
22.45
23.6166666667
23.8813559322
24.7
23.7166666667
24.7666666667
23.5166666667
23.2666666667
23.6779661017
21.9833333333
21.8666666667
22.5666666667
21.8333333333
23.5762711864
21.75
21.7166666667
22.1666666667
22.2
23.3389830508
22.6666666667
23.7
22.9833333333
21.5166666667
22.5593220339
21.05
20.6
20.9833333333
22.6166666667
21.8474576271
21.7833333333
22.05
21.3666666667
22.2333333333
21.6271186441
20.7833333333
20.4333333333
22.2666666667
22.0333333333
21.8644067797
21.9333333333
21.8833333333
21.55
20.4833333333
20.3898305085
21.35
22.2333333333
21.9666666667
21.7
21.1333333333
22.1694915254
22.1666666667
20.45
21.5833333333
21.9333333333
23.625
--END OF 2--
25.75
24.8644067797
26.0666666667
25.0
21.7166666667
22.9833333333
23.6333333333
24.1355932203
26.0333333333
24.7166666667
25.7166666667
24.6
24.1166666667
23.7796610169
22.5833333333
21.9666666667
23.7166666667
22.2833333333
23.7288135593
21.75
22.1
23.1666666667
22.95
23.6610169492
22.8166666667
24.65
23.9333333333
21.7666666667
23.0677966102
21.05
21.5
21.1833333333
23.2
22.1016949153
22.0666666667
22.85
21.9833333333
22.95
22.2542372881
21.8833333333
21.0833333333
23.0666666667
22.55
22.2203389831
22.3333333333
22.4333333333
21.7
20.6333333333
21.2372881356
21.8166666667
23.7166666667
21.9833333333
21.9
21.1666666667
22.7457627119
22.1666666667
20.65
21.7833333333
22.4333333333
24.5625
--END OF 3--
19.35
19.9830508475
19.6166666667
18.75
17.9333333333
17.9833333333
19.5333333333
19.5084745763
19.3666666667
18.8
19.95
18.8666666667
18.1166666667
19.3898305085
18.3333333333
17.6666666667
17.5166666667
17.7333333333
18.7457627119
17.9166666667
18.4166666667
18.3166666667
18.75
18.1186440678
18.2666666667
19.5333333333
18.7166666667
17.6666666667
18.0338983051
17.7
16.4
16.5833333333
17.3833333333
17.9491525424
17.3833333333
18.2333333333
17.8333333333
18.2666666667
16.6610169492
17.2
16.9333333333
17.25
17.4333333333
17.9661016949
18.6833333333
17.6833333333
17.5
17.0333333333
17.7118644068
17.35
18.0166666667
18.3166666667
18.6666666667
17.25
17.8644067797
17.05
16.6666666667
16.8166666667
18.1166666667
19.25
--END OF 4--
23.9
24.7118644068
25.5166666667
24.0833333333
21.4666666667
22.45
23.6166666667
23.8813559322
24.7
23.7166666667
24.7666666667
23.5166666667
23.2666666667
23.6779661017
21.9833333333
21.8666666667
22.5666666667
21.8333333333
23.5762711864
21.75
21.7166666667
22.1666666667
22.2
23.3389830508
22.6666666667
23.7
22.9833333333
21.5166666667
22.5593220339
21.05
20.6
20.9833333333
22.6166666667
21.8474576271
21.7833333333
22.05
21.3666666667
22.2333333333
21.6271186441
20.7833333333
20.4333333333
22.2666666667
22.0333333333
21.8644067797
21.9333333333
21.8833333333
21.55
20.4833333333
20.3898305085
21.35
22.2333333333
21.9666666667
21.7
21.1333333333
22.1694915254
22.1666666667
20.45
21.5833333333
21.9333333333
23.625
--END OF 5--
25.75
24.8644067797
26.0666666667
25.0
21.7166666667
22.9833333333
23.6333333333
24.1355932203
26.0333333333
24.7166666667
25.7166666667
24.6
24.1166666667
23.7796610169
22.5833333333
21.9666666667
23.7166666667
22.2833333333
23.7288135593
21.75
22.1
23.1666666667
22.95
23.6610169492
22.8166666667
24.65
23.9333333333
21.7666666667
23.0677966102
21.05
21.5
21.1833333333
23.2
22.1016949153
22.0666666667
22.85
21.9833333333
22.95
22.2542372881
21.8833333333
21.0833333333
23.0666666667
22.55
22.2203389831
22.3333333333
22.4333333333
21.7
20.6333333333
21.2372881356
21.8166666667
23.7166666667
21.9833333333
21.9
21.1666666667
22.7457627119
22.1666666667
20.65
21.7833333333
22.4333333333
24.5625
--END OF 6--
3666.45
3784.72881356
3765.8
3554.3
3505.7
3527.05
3728.0
3770.69491525
3587.95
3558.65
3747.45
3482.2
3494.75
3707.79661017
3605.7
3446.85
3457.05
3397.5
3523.62711864
3316.1
3367.45
3408.4
3472.35
3478.01694915
3515.0
3533.6
3525.1
3358.25
3425.94915254
3281.7
3208.5
3289.8
3400.8
3259.3220339
3349.7
3455.3
3385.85
3376.0
3353.18644068
3310.85
3267.2
3345.55
3367.85
3478.6779661
3480.15
3426.9
3385.05
3351.9
3327.15254237
3332.95
3418.3
3432.8
3441.45
3302.75
3382.42372881
3343.0
3233.2
3274.15
3405.3
3538.6875
--END OF 7--
998.75
1039.66101695
1026.6
966.383333333
950.6
965.516666667
1019.45
1019.03389831
992.1
978.766666667
1028.58333333
968.1
968.466666667
1027.3559322
970.65
942.6
950.8
913.5
975.288135593
925.583333333
928.766666667
935.466666667
946.033333333
963.457627119
954.666666667
973.316666667
973.166666667
923.833333333
943.661016949
901.05
881.65
890.25
931.716666667
897.644067797
932.866666667
946.75
911.8
937.333333333
924.86440678
918.45
900.683333333
907.116666667
924.3
936.118644068
930.7
930.95
921.65
891.85
914.644067797
914.616666667
939.916666667
931.716666667
943.966666667
893.516666667
918.152542373
896.016666667
875.166666667
887.516666667
937.783333333
981.9375
--END OF 8--
108.6
113.423728814
116.2
114.133333333
93.8
97.8666666667
92.25
99.6949152542
119.583333333
115.233333333
123.3
108.616666667
111.516666667
105.152542373
87.85
96.8
108.55
92.3
112.101694915
86.4833333333
92.1166666667
93.9
96.7833333333
110.220338983
92.5
95.3333333333
102.05
94.55
87.0169491525
91.2
97.5
105.6
112.933333333
92.9491525424
95.3
89.8833333333
85.3333333333
103.6
110.983050847
89.2
86.5
104.1
98.8666666667
100.152542373
99.35
101.9
90.5
82.9
91.9152542373
91.6666666667
92.3333333333
98.4833333333
81.9666666667
87.25
102.593220339
96.5666666667
93.3166666667
87.2333333333
88.4166666667
111.125
--END OF 9--
6.05
1.86440677966
7.45
6.08333333333
2.43333333333
4.4
1.65
2.93220338983
7.95
3.66666666667
4.11666666667
4.78333333333
3.46666666667
1.64406779661
2.0
3.3
6.2
4.0
1.33898305085
0.816666666667
2.45
3.26666666667
3.28333333333
5.0
4.51666666667
5.76666666667
2.95
3.2
5.35593220339
1.15
4.15
3.35
5.81666666667
4.05084745763
3.95
4.08333333333
2.45
2.28333333333
3.20338983051
3.36666666667
2.86666666667
5.6
3.78333333333
2.40677966102
2.7
3.95
2.3
3.15
2.08474576271
1.78333333333
7.2
2.86666666667
2.41666666667
3.18333333333
4.16949152542
7.0
2.11666666667
7.21666666667
3.95
4.1875
--END OF 10--
2.5
0.254237288136
0.383333333333
1.31666666667
0.0
0.5
0.0
0.0
2.35
1.53333333333
1.5
1.76666666667
1.48333333333
0.135593220339
0.95
0.15
1.9
0.5
0.0
0.0
0.416666666667
1.56666666667
1.0
0.0169491525424
0.366666666667
1.6
1.53333333333
0.5
0.508474576271
0.0
1.2
0.3
1.0
0.0
0.383333333333
0.65
0.966666666667
1.0
0.677966101695
2.01666666667
0.7
1.21666666667
1.25
0.0847457627119
0.0
0.5
0.0
0.0
0.677966101695
0.833333333333
2.43333333333
0.0666666666667
0.0
0.0333333333333
0.64406779661
0.0
0.5
0.566666666667
0.933333333333
0.3125
--END OF 11--
1.5
0.254237288136
0.0
0.5
0.0
0.0
0.0
0.0
0.5
0.116666666667
0.383333333333
0.0166666666667
0.483333333333
0.0
0.0
0.0
0.0
0.5
0.0
0.0
0.0
0.5
0.483333333333
0.0169491525424
0.0
1.0
0.0
0.0
0.0
0.0
0.0
0.0
0.0
0.0
0.0
0.0
0.0
0.0
0.406779661017
0.0166666666667
0.483333333333
0.0
0.0
0.0
0.0
0.0
0.0
0.0
0.0
0.0
0.0
0.0
0.0
0.0
0.0
0.0
0.0
0.0
0.0
0.3125
--END OF 12--
