18.75
18.1333333333
18.3898305085
19.1
17.7166666667
17.2166666667
16.7666666667
18.15
17.9661016949
19.55
19.2333333333
17.8
16.95
18.3166666667
19.3050847458
17.5
18.0
19.3833333333
17.95
18.3666666667
17.2542372881
17.4666666667
17.1833333333
17.65
18.8166666667
18.6833333333
17.9322033898
18.15
17.9666666667
18.3833333333
18.0
18.8983050847
19.35
18.8166666667
18.2166666667
18.1
18.3333333333
17.0169491525
17.9
18.5333333333
18.1666666667
18.8833333333
17.95
17.2033898305
16.5666666667
17.0333333333
18.5333333333
18.3166666667
18.6833333333
17.9322033898
16.9666666667
18.15
18.2
17.5
18.0169491525
17.8333333333
17.1666666667
18.4166666667
18.45
18.2586206897
--END OF 1--
25.3333333333
24.9
24.3728813559
24.7666666667
23.5
23.3
23.5833333333
23.8833333333
24.813559322
25.65
26.5
24.2
23.6333333333
24.0833333333
24.2033898305
24.6
23.95
25.95
24.7666666667
25.5166666667
24.3220338983
25.8
25.0333333333
25.15
26.3166666667
25.2666666667
24.5423728814
24.15
24.0333333333
25.55
23.6333333333
25.1355932203
25.95
27.0666666667
24.3166666667
24.9666666667
25.2833333333
24.2542372881
23.75
24.05
24.9166666667
25.3166666667
23.8
23.6610169492
24.2666666667
24.4833333333
24.5
25.2
24.6166666667
24.5423728814
23.6666666667
24.25
24.1
24.4
24.8305084746
25.3166666667
23.5666666667
24.1333333333
25.7833333333
23.6034482759
--END OF 2--
25.9
25.4333333333
26.0169491525
25.8333333333
24.3
23.6166666667
24.4833333333
25.2833333333
25.9491525424
26.05
28.15
24.7
25.5833333333
24.6166666667
25.0677966102
26.9
24.5
26.2833333333
25.2166666667
25.5666666667
25.0169491525
26.2666666667
25.9666666667
25.8833333333
27.4
26.0166666667
25.6610169492
24.9666666667
24.45
26.9833333333
24.9666666667
25.2372881356
26.1
27.4333333333
25.3166666667
25.6333333333
25.4833333333
24.5593220339
23.75
24.0833333333
25.6166666667
25.8333333333
25.1
24.0338983051
25.4166666667
25.5833333333
25.1333333333
25.7833333333
25.5
25.0338983051
25.35
24.5
24.9
24.65
25.3728813559
25.4666666667
24.2
24.8333333333
26.9
24.6724137931
--END OF 3--
18.75
18.1333333333
18.3898305085
18.85
17.7166666667
17.2166666667
16.7666666667
18.15
17.9661016949
19.5
19.2333333333
17.8
16.95
18.3166666667
19.2542372881
17.5
18.0
19.3833333333
17.95
18.3666666667
17.2542372881
17.4666666667
17.1833333333
17.65
18.8166666667
18.6833333333
17.9322033898
18.15
17.9666666667
18.3833333333
18.0
18.8983050847
19.25
18.8166666667
18.2166666667
18.1
18.3333333333
17.0169491525
17.9
18.5333333333
18.1666666667
18.8833333333
17.95
17.2033898305
16.5666666667
17.0333333333
18.5333333333
18.3166666667
18.6333333333
17.9322033898
16.9666666667
18.15
18.2
17.5
18.0169491525
17.8333333333
17.1666666667
18.4166666667
18.45
18.2586206897
--END OF 4--
25.3333333333
24.9
24.3728813559
24.7666666667
23.5
23.3
23.5833333333
23.8833333333
24.813559322
25.65
26.5
24.2
23.6333333333
24.0833333333
24.2033898305
24.6
23.95
25.95
24.7666666667
25.5166666667
24.3220338983
25.8
25.0333333333
25.15
26.3166666667
25.2666666667
24.5423728814
24.15
24.0333333333
25.55
23.6333333333
25.1355932203
25.95
27.0666666667
24.3166666667
24.9666666667
25.2833333333
24.2542372881
23.75
24.05
24.9166666667
25.3166666667
23.8
23.6610169492
24.2666666667
24.4833333333
24.5
25.2
24.6166666667
24.5423728814
23.6666666667
24.25
24.1
24.4
24.8305084746
25.3166666667
23.5666666667
24.1333333333
25.7833333333
23.6034482759
--END OF 5--
25.9
25.4333333333
26.0169491525
25.8333333333
24.3
23.6166666667
24.4833333333
25.2833333333
25.9491525424
26.05
28.15
24.7
25.5833333333
24.6166666667
25.0677966102
26.9
24.5
26.2833333333
25.2166666667
25.5666666667
25.0169491525
26.2666666667
25.9666666667
25.8833333333
27.4
26.0166666667
25.6610169492
24.9666666667
24.45
26.9833333333
24.9666666667
25.2372881356
26.1
27.4333333333
25.3166666667
25.6333333333
25.4833333333
24.5593220339
23.75
24.0833333333
25.6166666667
25.8333333333
25.1
24.0338983051
25.4166666667
25.5833333333
25.1333333333
25.7833333333
25.5
25.0338983051
25.35
24.5
24.9
24.65
25.3728813559
25.4666666667
24.2
24.8333333333
26.9
24.6724137931
--END OF 6--
3451.9
3472.55
3489.20338983
3657.7
3379.65
3239.8
3287.9
3482.75
3427.47457627
3601.25
3643.4
3376.55
3262.35
3478.75
3484.88135593
3318.65
3445.5
3592.35
3486.35
3514.65
3493.57627119
3454.75
3363.65
3418.55
3509.85
3513.45
3437.33898305
3380.8
3414.1
3478.5
3460.8
3518.84745763
3533.25
3606.7
3405.9
3392.4
3446.55
3288.91525424
3374.5
3373.15
3323.7
3380.95
3464.35
3380.94915254
3404.55
3388.2
3446.05
3411.1
3401.45
3386.59322034
3321.6
3482.7
3413.25
3454.8
3432.25423729
3335.85
3223.65
3356.05
3385.0
3325.39655172
--END OF 7--
950.766666667
953.016666667
963.389830508
999.5
936.2
890.05
910.416666667
980.9
948.949152542
1002.98333333
995.683333333
928.633333333
906.066666667
955.583333333
981.915254237
931.3
932.8
1005.11666667
964.483333333
969.05
941.322033898
937.166666667
921.183333333
936.816666667
975.05
975.1
945.728813559
935.633333333
955.033333333
964.483333333
952.4
986.661016949
982.4
1001.75
935.45
956.466666667
968.8
904.677966102
909.733333333
932.95
938.616666667
957.816666667
951.016666667
931.86440678
950.816666667
949.266666667
949.55
947.633333333
967.483333333
936.542372881
922.416666667
956.95
943.6
948.15
942.779661017
925.783333333
896.866666667
939.416666667
952.15
929.172413793
--END OF 8--
144.35
140.066666667
139.745762712
129.55
116.933333333
122.7
138.883333333
126.766666667
134.677966102
131.966666667
159.383333333
131.6
134.3
131.75
132.966101695
148.883333333
122.2
150.983333333
134.05
141.25
153.016949153
158.766666667
141.833333333
153.2
157.45
136.266666667
137.220338983
135.983333333
131.366666667
137.033333333
133.15
139.423728814
151.3
152.65
132.25
136.3
133.65
145.186440678
125.966666667
139.366666667
147.416666667
135.1
134.8
132.542372881
143.4
136.5
123.216666667
143.95
122.266666667
131.152542373
135.733333333
139.9
128.5
142.95
150.389830508
139.416666667
132.666666667
130.366666667
136.366666667
117.465517241
--END OF 9--
5.43333333333
3.78333333333
4.79661016949
5.35
6.38333333333
6.3
6.58333333333
5.28333333333
9.0
4.61666666667
6.98333333333
3.4
11.2833333333
2.71666666667
3.52542372881
8.31666666667
5.95
3.25
4.7
5.3
5.13559322034
6.06666666667
9.95
6.56666666667
7.26666666667
7.08333333333
5.57627118644
5.58333333333
3.55
8.33333333333
4.35
3.1186440678
2.35
6.8
4.85
5.73333333333
4.05
4.94915254237
3.95
2.58333333333
7.23333333333
9.13333333333
5.21666666667
3.69491525424
7.81666666667
7.96666666667
7.38333333333
5.7
5.71666666667
6.76271186441
6.48333333333
6.05
5.45
4.3
6.15254237288
6.76666666667
4.78333333333
4.45
9.16666666667
4.74137931034
--END OF 10--
1.25
0.483333333333
2.30508474576
1.31666666667
1.28333333333
0.316666666667
1.46666666667
2.03333333333
1.79661016949
0.783333333333
2.18333333333
1.03333333333
2.41666666667
1.08333333333
1.67796610169
3.73333333333
1.05
0.4
0.6
0.25
1.20338983051
0.933333333333
1.3
1.03333333333
1.11666666667
0.983333333333
1.91525423729
1.35
0.383333333333
1.61666666667
1.93333333333
0.169491525424
0.15
0.716666666667
1.6
1.2
0.3
0.71186440678
0.0
0.0833333333333
1.13333333333
0.783333333333
2.0
0.271186440678
1.85
1.2
0.683333333333
0.683333333333
1.43333333333
0.593220338983
2.1
0.5
0.5
0.65
0.728813559322
0.366666666667
1.26666666667
0.95
1.78333333333
1.29310344828
--END OF 11--
0.0
0.316666666667
0.457627118644
0.0
0.0
0.0
0.5
0.683333333333
0.322033898305
0.0
0.0
0.0
0.416666666667
0.0833333333333
0.0
0.6
0.0
0.0
0.0
0.0
0.0
0.4
0.2
0.0333333333333
0.75
0.216666666667
0.0
0.0
0.0
0.5
0.0
0.0
0.0
0.0
0.0
0.0
0.0
0.0
0.0
0.0
0.0
0.0
0.0
0.0
0.0
0.0
0.0
0.0
0.5
0.0
0.433333333333
0.0
0.0
0.0
0.0
0.0
0.0
0.133333333333
0.366666666667
0.551724137931
--END OF 12--
