11.35
11.2033898305
10.8333333333
10.35
12.15
12.6
12.75
11.186440678
11.0666666667
11.2
11.05
10.4166666667
10.2166666667
10.813559322
10.7166666667
10.3
9.58333333333
10.9333333333
10.186440678
11.0666666667
10.9333333333
10.95
10.2
10.7966101695
11.4166666667
12.2333333333
11.7333333333
10.8833333333
11.05
10.6101694915
10.7833333333
10.7
10.7833333333
10.9
9.67796610169
10.8333333333
11.75
10.45
11.6666666667
11.2
11.6949152542
11.25
11.85
11.1
10.75
11.2666666667
11.186440678
10.4833333333
11.5666666667
11.2
11.2166666667
11.3389830508
11.15
11.4
10.65
12.2
11.2833333333
11.9491525424
12.1333333333
12.3684210526
--END OF 1--
14.85
14.5593220339
14.6333333333
13.95
16.45
16.9
17.45
16.7457627119
15.7833333333
15.45
15.1
14.2
13.7333333333
14.3559322034
14.4666666667
13.9
13.2166666667
14.2833333333
13.1525423729
14.8666666667
13.7833333333
14.35
14.7
14.3559322034
15.6833333333
15.6
15.8
14.1
15.1166666667
14.7118644068
14.6833333333
14.7
14.1666666667
15.0166666667
13.4745762712
14.4333333333
15.6
13.75
16.2166666667
15.0
15.813559322
14.5833333333
16.4
15.2333333333
14.8833333333
15.0666666667
15.2372881356
13.8666666667
14.3
14.5833333333
14.3333333333
15.3050847458
14.7
15.5
14.45
16.4
14.8333333333
16.0338983051
15.7833333333
16.3859649123
--END OF 2--
15.3
14.5593220339
14.7833333333
13.95
16.9
17.55
18.0833333333
17.1525423729
15.9666666667
16.25
16.2
14.8166666667
14.2666666667
15.2372881356
15.9666666667
14.65
13.5833333333
15.2666666667
13.6949152542
15.4666666667
14.9833333333
14.7
15.5
14.593220339
16.0833333333
16.5166666667
16.1333333333
15.5666666667
16.0166666667
14.7118644068
14.85
15.15
14.25
15.0666666667
13.7796610169
14.7833333333
16.45
15.35
16.9166666667
15.95
16.6101694915
15.0
16.45
15.2333333333
15.15
15.9333333333
15.9152542373
14.1166666667
14.5666666667
15.3833333333
14.6166666667
16.2711864407
16.15
15.9
15.75
17.0
15.8833333333
16.2881355932
16.2833333333
16.649122807
--END OF 3--
11.35
11.2033898305
10.8333333333
10.35
12.15
12.6
12.75
11.186440678
11.0666666667
11.2
11.05
10.4166666667
10.2166666667
10.813559322
10.7166666667
10.3
9.58333333333
10.9333333333
10.186440678
11.0666666667
10.9333333333
10.95
10.2
10.7966101695
11.4166666667
12.2333333333
11.7333333333
10.8833333333
11.05
10.6101694915
10.7833333333
10.7
10.7833333333
10.9
9.67796610169
10.8333333333
11.75
10.45
11.6666666667
11.2
11.6949152542
11.25
11.85
11.1
10.75
11.2666666667
11.186440678
10.4833333333
11.5666666667
11.2
11.2166666667
11.3389830508
11.15
11.4
10.65
12.2
11.2833333333
11.9491525424
12.1333333333
12.3684210526
--END OF 4--
14.85
14.5593220339
14.6333333333
13.95
16.45
16.9
17.45
16.7457627119
15.7833333333
15.45
15.1
14.2
13.7333333333
14.3559322034
14.4666666667
13.9
13.2166666667
14.2833333333
13.1525423729
14.8666666667
13.7833333333
14.35
14.7
14.3559322034
15.6833333333
15.6
15.8
14.1
15.1166666667
14.7118644068
14.6833333333
14.7
14.1666666667
15.0166666667
13.4745762712
14.4333333333
15.6
13.75
16.2166666667
15.0
15.813559322
14.5833333333
16.4
15.2333333333
14.8833333333
15.0666666667
15.2372881356
13.8666666667
14.3
14.5833333333
14.3333333333
15.3050847458
14.7
15.5
14.45
16.4
14.8333333333
16.0338983051
15.7833333333
16.3859649123
--END OF 5--
15.3
14.5593220339
14.7833333333
13.95
16.9
17.55
18.0833333333
17.1525423729
15.9666666667
16.25
16.2
14.8166666667
14.2666666667
15.2372881356
15.9666666667
14.65
13.5833333333
15.2666666667
13.6949152542
15.4666666667
14.9833333333
14.7
15.5
14.593220339
16.0833333333
16.5166666667
16.1333333333
15.5666666667
16.0166666667
14.7118644068
14.85
15.15
14.25
15.0666666667
13.7796610169
14.7833333333
16.45
15.35
16.9166666667
15.95
16.6101694915
15.0
16.45
15.2333333333
15.15
15.9333333333
15.9152542373
14.1166666667
14.5666666667
15.3833333333
14.6166666667
16.2711864407
16.15
15.9
15.75
17.0
15.8833333333
16.2881355932
16.2833333333
16.649122807
--END OF 6--
2276.6
2213.69491525
2211.0
2033.7
2211.3
2455.2
2506.9
2318.69491525
2135.35
2154.95
2027.15
2056.0
1981.05
2118.3559322
2139.8
2116.7
1993.0
2095.2
1946.28813559
2153.7
2115.15
2140.2
2050.35
2085.55932203
2315.95
2293.8
2318.1
2210.0
2107.85
2176.06779661
2083.65
2110.3
2080.85
2167.35
2022.76271186
2089.35
2202.9
2088.45
2330.1
2214.15
2224.01694915
2145.75
2272.1
2219.7
2288.6
2254.7
2132.49152542
2150.3
2167.55
2141.1
2179.55
2184.3559322
2212.95
2166.75
2062.05
2337.45
2229.0
2274.55932203
2306.1
2369.0
--END OF 7--
625.533333333
611.881355932
606.05
553.1
618.3
660.95
678.8
640.050847458
600.133333333
597.85
581.85
574.183333333
560.466666667
608.779661017
596.45
569.383333333
549.616666667
580.25
536.491525424
597.35
577.2
584.6
566.85
580.440677966
641.483333333
647.633333333
634.5
597.866666667
602.733333333
604.576271186
584.866666667
583.0
576.766666667
607.2
557.474576271
585.55
615.7
576.2
655.35
619.35
622.288135593
592.683333333
637.8
610.466666667
623.4
626.45
610.033898305
586.566666667
615.516666667
599.366666667
607.5
608.915254237
591.5
600.75
571.1
646.9
600.85
620.898305085
634.7
664.666666667
--END OF 8--
82.8
90.2711864407
85.8
72.25
89.35
85.8
88.6333333333
120.542372881
97.3333333333
90.6166666667
78.95
76.9
71.6666666667
76.1525423729
83.3833333333
83.0333333333
75.0166666667
83.95
73.3389830508
85.9
75.25
71.5
87.2
79.7118644068
96.25
87.2666666667
88.0333333333
80.5333333333
70.35
74.9661016949
79.35
91.1
73.6666666667
89.45
86.8983050847
87.3
83.15
71.8
94.55
77.4
89.5762711864
75.2166666667
83.0333333333
87.2833333333
81.9833333333
92.7166666667
87.3389830508
68.7166666667
73.9833333333
87.3666666667
72.6333333333
80.1355932203
74.3
73.85
81.7
92.3
77.0
95.1016949153
87.3833333333
85.3157894737
--END OF 9--
2.7
0.728813559322
2.9
3.65
4.8
5.9
5.9
3.33898305085
3.36666666667
4.63333333333
7.3
3.25
3.56666666667
4.52542372881
4.38333333333
3.75
1.71666666667
3.68333333333
2.20338983051
3.5
3.15
3.8
4.75
3.96610169492
2.51666666667
3.13333333333
2.56666666667
3.61666666667
5.45
2.67796610169
2.98333333333
3.01666666667
2.78333333333
4.33333333333
2.66101694915
2.1
4.5
4.0
5.45
3.75
4.98305084746
3.3
4.85
2.1
4.66666666667
3.88333333333
2.89830508475
3.7
1.55
2.03333333333
3.4
4.79661016949
5.55
6.15
4.7
3.8
2.4
2.96610169492
3.28333333333
3.24561403509
--END OF 10--
0.5
0.0
0.0
0.0
0.75
1.0
0.966666666667
0.35593220339
0.283333333333
0.9
1.31666666667
1.0
0.616666666667
1.57627118644
1.33333333333
1.0
0.616666666667
1.38333333333
0.542372881356
0.8
1.5
0.4
1.1
0.525423728814
0.566666666667
1.1
0.45
1.86666666667
1.0
0.0
0.316666666667
0.683333333333
0.0
0.0
0.101694915254
0.9
1.35
2.55
0.6
1.35
1.30508474576
0.75
0.116666666667
0.0
0.216666666667
1.33333333333
1.38983050847
0.0833333333333
0.433333333333
1.43333333333
0.2
1.30508474576
1.65
0.5
1.65
0.85
1.4
0.610169491525
0.5
0.0
--END OF 11--
0.0
0.0
0.0
0.0
0.5
0.0
0.0
0.0
0.0
0.0
0.0
0.0
0.0
0.508474576271
0.0
0.0
0.0
0.0
0.203389830508
0.3
0.5
0.4
0.1
0.0
0.0
0.0
0.0
0.5
0.5
0.0
0.0
0.0
0.0
0.0
0.0
0.0
0.0
0.5
0.5
0.0
0.0
0.0
0.0
0.0
0.0
0.0
0.0
0.0
0.166666666667
0.333333333333
0.0
0.864406779661
1.15
0.0
0.0
0.0
0.5
0.0
0.5
0.0
--END OF 12--
