21.3389830508
20.4333333333
19.9666666667
21.0
19.6666666667
19.5333333333
21.7333333333
19.7118644068
19.2833333333
19.85
19.95
20.1
18.9
19.8474576271
19.05
19.55
19.3
19.8
21.3666666667
18.8813559322
20.9
19.6833333333
20.0666666667
21.0666666667
21.8166666667
20.0338983051
20.75
20.4833333333
20.3833333333
19.4666666667
19.7796610169
19.65
20.0666666667
19.0833333333
21.85
20.25
21.2711864407
21.1666666667
19.4166666667
21.2333333333
19.2666666667
20.6166666667
19.5593220339
19.0
20.15
20.15
21.3333333333
19.7833333333
20.0508474576
19.8333333333
20.65
21.0833333333
19.0333333333
19.406779661
19.55
21.0166666667
20.9666666667
20.65
20.2333333333
19.4827586207
--END OF 1--
28.3050847458
29.4166666667
26.75
27.5666666667
26.3666666667
27.3166666667
28.95
26.7627118644
27.55
27.1
27.0
26.1333333333
27.3166666667
26.2542372881
26.8333333333
27.2333333333
26.1
26.8166666667
28.6166666667
25.6440677966
27.8333333333
27.1666666667
26.5666666667
27.8833333333
28.3333333333
25.1694915254
27.25
28.8
28.4833333333
28.3
26.6779661017
27.1
27.8166666667
25.2166666667
27.9333333333
28.1166666667
28.8983050847
28.6333333333
27.35
28.75
26.3
28.4
26.4745762712
26.9666666667
28.6166666667
27.5333333333
29.2833333333
27.5833333333
26.5254237288
27.9833333333
27.5833333333
27.8833333333
27.2833333333
26.0169491525
27.35
28.6833333333
28.0166666667
28.5166666667
28.8666666667
25.1551724138
--END OF 2--
29.4576271186
30.1666666667
28.15
28.1166666667
26.75
27.9
29.9666666667
27.7288135593
28.65
28.25
27.35
26.4166666667
28.4833333333
26.7118644068
27.3666666667
27.95
27.65
28.4166666667
30.3
26.2711864407
29.5666666667
27.8666666667
26.8333333333
29.5
29.75
26.4406779661
28.5
29.5
29.6333333333
29.1333333333
27.2203389831
28.0666666667
28.6333333333
25.6
29.3333333333
29.9333333333
29.593220339
29.9833333333
28.3666666667
29.9333333333
27.9166666667
30.0166666667
26.7118644068
27.2833333333
29.3
27.7333333333
30.5333333333
29.2333333333
27.9152542373
28.4
28.5166666667
29.5666666667
28.6833333333
26.6610169492
29.1
29.0
30.2
29.3
29.8166666667
25.2931034483
--END OF 3--
20.5423728814
19.9833333333
19.5333333333
20.35
19.6666666667
19.4666666667
20.7833333333
19.3728813559
19.25
19.7
19.75
19.6666666667
18.8
19.2033898305
18.8833333333
19.25
19.1666666667
19.2833333333
20.7333333333
18.813559322
20.1
19.65
19.8
20.2666666667
20.9833333333
19.6271186441
20.25
20.0666666667
19.9333333333
19.2833333333
19.4406779661
19.4833333333
19.8333333333
18.95
20.85
19.7666666667
20.5254237288
20.2833333333
19.0333333333
20.2333333333
18.9166666667
19.6166666667
19.1186440678
18.6333333333
19.95
19.8
20.3333333333
19.3333333333
19.5423728814
19.25
20.0166666667
20.2833333333
18.8666666667
18.9830508475
19.1166666667
20.1833333333
20.25
20.0833333333
19.6333333333
19.2931034483
--END OF 4--
28.1355932203
29.2333333333
26.75
27.5666666667
26.3666666667
27.3166666667
28.95
26.7627118644
27.55
27.1
27.0
26.1333333333
27.3
26.2542372881
26.8333333333
27.2333333333
26.1
26.8166666667
28.4666666667
25.6440677966
27.8333333333
27.1666666667
26.5666666667
27.7833333333
28.3333333333
25.1694915254
27.25
28.6666666667
28.4833333333
28.05
26.6779661017
27.1
27.8166666667
25.2166666667
27.9333333333
28.1
28.8983050847
28.5833333333
27.2833333333
28.5666666667
26.3
28.35
26.4745762712
26.9666666667
28.5666666667
27.5333333333
29.2333333333
27.5833333333
26.5254237288
27.9833333333
27.5833333333
27.8333333333
27.2833333333
26.0169491525
27.3166666667
28.6333333333
28.0166666667
28.4666666667
28.6333333333
25.1551724138
--END OF 5--
29.4576271186
30.1666666667
28.15
28.1166666667
26.75
27.9
29.9666666667
27.7288135593
28.65
28.25
27.35
26.4166666667
28.4833333333
26.7118644068
27.3666666667
27.95
27.65
28.4166666667
30.3
26.2711864407
29.5666666667
27.8666666667
26.8333333333
29.5
29.75
26.4406779661
28.5
29.5
29.6333333333
29.1333333333
27.2203389831
28.0666666667
28.6333333333
25.6
29.3333333333
29.9333333333
29.593220339
29.9833333333
28.3666666667
29.9333333333
27.9166666667
30.0166666667
26.7118644068
27.2833333333
29.3
27.7333333333
30.5333333333
29.2333333333
27.9152542373
28.4
28.5166666667
29.5666666667
28.6833333333
26.6610169492
29.1
29.0
30.2
29.3
29.8166666667
25.2931034483
--END OF 6--
3929.08474576
3852.8
3750.45
3967.45
3639.85
3592.05
3979.45
3673.72881356
3697.3
3547.95
3751.05
3701.8
3782.6
3749.79661017
3723.0
3627.75
3727.1
3978.85
3935.85
3543.45762712
3823.85
3720.7
3670.0
3780.85
3917.45
3687.0
3877.2
3829.25
3811.2
3665.6
3679.77966102
3787.3
3806.45
3605.9
3951.8
3800.95
3973.52542373
3811.55
3806.15
3984.55
3819.3
4058.3
3636.25423729
3826.65
3779.9
3662.25
3969.45
3808.2
3849.40677966
3948.6
3778.7
3826.4
3681.8
3789.55932203
3744.4
3804.05
3836.65
3921.55
3746.0
3575.06896552
--END OF 7--
1096.38983051
1072.63333333
1021.93333333
1085.2
1011.55
1015.91666667
1115.01666667
1019.06779661
1022.38333333
1019.5
1028.65
1041.76666667
1031.4
1053.13559322
1025.41666667
1014.3
1034.28333333
1072.91666667
1095.98333333
978.118644068
1052.75
1034.56666667
1026.78333333
1075.7
1088.26666667
1018.45762712
1057.45
1073.73333333
1053.0
1010.93333333
1022.27118644
1038.61666667
1058.86666667
974.616666667
1086.95
1041.31666667
1090.96610169
1077.38333333
1062.01666667
1111.0
1049.4
1105.3
1031.3559322
1057.45
1051.18333333
1022.43333333
1104.45
1057.15
1051.42372881
1092.63333333
1052.75
1069.65
1035.73333333
1038.79661017
1054.1
1067.76666667
1076.4
1071.91666667
1048.06666667
998.051724138
--END OF 8--
149.457627119
161.75
147.066666667
147.466666667
140.15
156.9
150.983333333
154.813559322
163.2
141.4
154.4
142.816666667
171.45
144.898305085
156.033333333
157.716666667
146.233333333
157.716666667
161.45
137.661016949
161.333333333
142.316666667
137.583333333
158.866666667
155.3
126.796610169
156.3
170.416666667
159.0
168.333333333
163.186440678
154.883333333
151.75
135.883333333
140.183333333
156.366666667
161.118644068
156.716666667
163.683333333
161.216666667
152.45
156.8
159.915254237
159.283333333
173.166666667
165.25
171.55
165.9
151.203389831
170.466666667
158.166666667
151.883333333
153.166666667
144.06779661
179.633333333
173.033333333
158.25
152.733333333
174.45
142.413793103
--END OF 9--
5.42372881356
12.6166666667
11.3666666667
4.28333333333
5.7
9.05
6.41666666667
6.45762711864
8.18333333333
11.0
5.05
3.15
7.68333333333
5.54237288136
6.85
8.36666666667
6.13333333333
6.71666666667
8.71666666667
4.71186440678
5.93333333333
7.41666666667
2.55
8.98333333333
5.26666666667
5.66101694915
4.05
5.31666666667
7.85
11.7166666667
5.18644067797
6.65
6.68333333333
4.18333333333
9.31666666667
8.7
6.83050847458
9.93333333333
6.11666666667
8.95
8.21666666667
10.8
4.91525423729
5.11666666667
7.55
5.55
7.3
9.15
6.45762711864
4.61666666667
5.85
6.73333333333
11.0166666667
4.1186440678
7.26666666667
4.6
7.78333333333
6.73333333333
8.73333333333
2.34482758621
--END OF 10--
1.13559322034
0.383333333333
2.18333333333
0.85
0.466666666667
0.95
1.65
1.22033898305
1.38333333333
1.95
0.5
0.516666666667
1.56666666667
0.35593220339
0.933333333333
0.683333333333
1.95
2.5
2.76666666667
1.0
2.9
1.11666666667
0.666666666667
2.55
1.7
1.67796610169
1.6
0.333333333333
1.15
1.58333333333
0.627118644068
1.68333333333
1.23333333333
0.633333333333
1.93333333333
2.76666666667
0.372881355932
1.6
1.45
1.96666666667
2.73333333333
2.71666666667
0.372881355932
0.566666666667
1.13333333333
0.0
1.1
1.5
1.67796610169
0.283333333333
1.65
2.75
1.83333333333
1.13559322034
2.48333333333
0.4
3.03333333333
0.733333333333
1.46666666667
0.0
--END OF 11--
0.118644067797
0.383333333333
0.0
0.0
0.0
0.0
0.483333333333
0.525423728814
0.166666666667
0.1
0.4
0.0
0.0
0.0
0.0
0.5
0.433333333333
0.566666666667
0.233333333333
0.322033898305
0.75
0.433333333333
0.166666666667
0.716666666667
0.366666666667
0.932203389831
1.0
0.0
0.0
0.333333333333
0.0
0.0
0.0
0.0
0.85
0.65
0.0
0.466666666667
0.2
0.0
0.0
0.0
0.0
0.0
0.483333333333
0.0
0.6
0.5
0.542372881356
0.0666666666667
0.0
0.233333333333
0.0
0.0
0.0
0.0666666666667
0.333333333333
0.0
0.0
0.0
--END OF 12--
