21.9
21.5833333333
22.7666666667
21.0833333333
20.9
20.1355932203
21.9166666667
20.15
20.55
21.7166666667
22.5666666667
22.186440678
22.45
22.0833333333
21.6
21.05
21.186440678
22.6833333333
21.6333333333
21.0333333333
20.6666666667
21.4833333333
22.3559322034
22.5166666667
20.75
22.0166666667
21.5166666667
21.3559322034
22.3166666667
21.4333333333
20.6833333333
22.0166666667
22.7
21.9152542373
21.6833333333
20.4833333333
20.3166666667
21.15
21.3898305085
21.6833333333
22.6333333333
22.2666666667
20.8
21.406779661
22.4333333333
21.2166666667
21.4666666667
21.2
22.0666666667
21.5084745763
20.4666666667
22.0166666667
22.0666666667
20.6666666667
20.6333333333
21.7966101695
20.45
21.65
21.5333333333
19.8679245283
--END OF 1--
29.5166666667
30.4833333333
32.2166666667
29.3166666667
28.1833333333
27.9661016949
29.4666666667
28.3
28.3833333333
31.1
28.6333333333
30.1694915254
30.2333333333
31.2333333333
28.95
29.6
29.7457627119
29.6833333333
29.9
28.9333333333
28.05
28.8166666667
30.1186440678
30.85
29.0
28.9
29.0833333333
28.6610169492
29.6666666667
30.15
30.55
29.9666666667
30.95
30.9322033898
30.9166666667
28.85
27.2
28.4333333333
28.3050847458
29.7666666667
31.55
30.0666666667
29.4
30.3220338983
30.2333333333
28.7666666667
30.1166666667
29.8666666667
31.3
29.5423728814
28.85
29.8333333333
30.8
29.3833333333
29.75
29.1525423729
28.7833333333
29.6833333333
28.7166666667
26.5094339623
--END OF 2--
31.1166666667
31.0833333333
32.9166666667
30.0833333333
28.4333333333
29.5762711864
30.6
29.6
29.9166666667
31.6833333333
29.45
31.4915254237
30.5833333333
32.2666666667
29.6
30.1
30.406779661
30.2166666667
30.05
30.1333333333
29.5666666667
29.75
30.1186440678
31.5333333333
30.2
30.1333333333
29.2833333333
29.7288135593
30.2666666667
30.5833333333
32.55
31.3333333333
31.4
31.7966101695
31.3
30.1333333333
27.8333333333
28.9833333333
28.5762711864
31.2
33.1333333333
31.35
29.4833333333
30.9152542373
32.2333333333
30.05
30.7166666667
30.8666666667
32.2833333333
30.6779661017
29.5666666667
31.25
31.2833333333
29.85
30.15
29.3559322034
28.9833333333
30.4833333333
29.4333333333
26.7735849057
--END OF 3--
20.9
20.55
21.4166666667
20.2833333333
20.1333333333
19.9152542373
20.7166666667
19.5
19.9
20.8166666667
21.3666666667
21.2711864407
21.45
21.1833333333
20.65
20.15
20.2881355932
21.55
20.6833333333
20.0333333333
19.9666666667
20.5333333333
21.2372881356
21.5166666667
20.1666666667
20.9666666667
20.7166666667
20.4915254237
21.2666666667
20.6333333333
20.0833333333
21.0166666667
21.65
20.9152542373
20.7833333333
20.0666666667
19.8333333333
20.2
20.3898305085
20.7333333333
21.3666666667
21.1166666667
20.15
20.406779661
21.4333333333
20.2833333333
20.4666666667
20.2666666667
21.1
20.5423728814
19.6666666667
20.9666666667
20.9666666667
20.0166666667
19.8833333333
20.7966101695
19.75
20.65
20.8
19.4905660377
--END OF 4--
29.4666666667
29.9333333333
31.05
29.0
28.1166666667
27.9661016949
29.0
28.2666666667
28.3833333333
30.4166666667
28.6333333333
29.6949152542
29.7666666667
30.5166666667
28.85
29.2
29.3898305085
29.3833333333
29.45
28.8
27.7833333333
28.55
29.7966101695
30.3666666667
28.65
28.6166666667
28.7833333333
28.4745762712
29.2666666667
29.5666666667
30.0333333333
29.75
30.35
30.2203389831
30.2833333333
28.7333333333
27.2
28.4333333333
28.3050847458
29.3166666667
30.65
29.7333333333
29.0666666667
29.6271186441
29.6333333333
28.7
29.6666666667
29.3666666667
30.4333333333
29.1694915254
28.65
29.5833333333
29.9
29.05
29.3833333333
29.0
28.5166666667
29.4166666667
28.3833333333
26.5094339623
--END OF 5--
31.1166666667
31.0833333333
32.9166666667
30.0833333333
28.4333333333
29.5762711864
30.6
29.6
29.9166666667
31.6833333333
29.45
31.4915254237
30.5833333333
32.2666666667
29.6
30.1
30.406779661
30.2166666667
30.05
30.1333333333
29.5666666667
29.75
30.1186440678
31.5333333333
30.2
30.1333333333
29.2833333333
29.7288135593
30.2666666667
30.5833333333
32.55
31.3333333333
31.4
31.7966101695
31.3
30.1333333333
27.8333333333
28.9833333333
28.5762711864
31.2
33.1333333333
31.35
29.4833333333
30.9152542373
32.2333333333
30.05
30.7166666667
30.8666666667
32.2833333333
30.6779661017
29.5666666667
31.25
31.2833333333
29.85
30.15
29.3559322034
28.9833333333
30.4833333333
29.4333333333
26.7735849057
--END OF 6--
3962.3
3998.5
4119.65
3963.3
3816.2
3839.59322034
4180.7
3928.9
3762.0
4003.75
3989.6
3956.13559322
3982.2
4053.0
3932.25
3943.8
3888.76271186
4127.65
4036.1
3980.15
3978.0
3995.6
4155.45762712
4168.65
3877.55
3899.9
3900.1
3902.84745763
4084.2
4044.0
3943.9
3999.55
4094.1
4083.40677966
3991.0
3884.4
3692.15
3913.8
3892.47457627
3931.4
4175.2
3956.75
3826.55
3994.52542373
4080.9
3953.7
4002.6
3939.4
4055.3
4027.3220339
3873.35
4067.0
4102.3
3900.95
3890.6
3966.91525424
3959.25
3986.85
3964.05
3680.20754717
--END OF 7--
1117.58333333
1121.05
1156.56666667
1093.05
1070.55
1043.86440678
1157.4
1091.78333333
1052.56666667
1117.1
1114.43333333
1115.47457627
1111.75
1130.58333333
1103.05
1087.5
1099.20338983
1166.61666667
1114.85
1109.83333333
1091.81666667
1106.5
1144.0
1161.71666667
1095.15
1101.8
1082.1
1088.96610169
1144.6
1115.66666667
1096.83333333
1108.18333333
1150.7
1124.69491525
1135.28333333
1073.56666667
1029.33333333
1084.5
1085.25423729
1100.48333333
1166.1
1128.26666667
1084.03333333
1120.15254237
1132.1
1105.35
1123.8
1098.58333333
1125.08333333
1108.30508475
1078.8
1138.9
1154.58333333
1088.2
1098.4
1125.79661017
1100.25
1125.61666667
1104.85
1024.49056604
--END OF 8--
166.65
196.083333333
205.166666667
174.033333333
157.716666667
163.694915254
178.75
177.416666667
173.366666667
181.533333333
157.216666667
160.050847458
185.366666667
192.633333333
165.35
176.25
164.644067797
151.8
174.55
167.366666667
178.783333333
153.416666667
168.271186441
175.283333333
170.033333333
171.65
167.883333333
171.881355932
173.75
174.083333333
179.233333333
179.983333333
172.95
191.084745763
182.616666667
163.816666667
152.916666667
169.266666667
159.203389831
166.783333333
186.266666667
181.033333333
185.633333333
189.101694915
169.5
160.6
160.85
169.666666667
188.333333333
181.203389831
170.566666667
169.616666667
185.1
182.916666667
185.65
165.898305085
172.783333333
166.916666667
154.0
137.603773585
--END OF 9--
8.13333333333
4.8
7.68333333333
6.61666666667
4.85
8.52542372881
5.03333333333
5.96666666667
9.26666666667
7.95
3.61666666667
7.52542372881
3.98333333333
8.81666666667
4.1
8.3
8.59322033898
3.25
4.6
6.76666666667
6.16666666667
6.91666666667
2.86440677966
8.26666666667
7.9
4.98333333333
4.56666666667
4.66101694915
4.45
7.63333333333
14.1166666667
6.6
7.6
8.08474576271
6.91666666667
6.21666666667
4.45
2.76666666667
3.08474576271
10.3333333333
8.56666666667
7.6
5.33333333333
5.69491525424
11.05
7.38333333333
6.1
9.66666666667
7.65
4.74576271186
6.8
7.06666666667
6.45
6.78333333333
7.21666666667
3.45762711864
4.55
5.58333333333
4.26666666667
3.50943396226
--END OF 10--
2.26666666667
0.55
1.25
1.53333333333
0.4
1.84745762712
1.73333333333
1.88333333333
2.13333333333
1.1
0.816666666667
2.33898305085
0.416666666667
0.983333333333
1.3
0.5
0.559322033898
0.85
0.1
1.05
2.36666666667
1.2
0.0
0.9
1.85
1.71666666667
0.0
1.32203389831
1.05
0.85
2.18333333333
1.85
0.55
1.47457627119
0.366666666667
1.98333333333
1.15
0.5
0.0847457627119
2.0
2.68333333333
1.5
0.0
0.779661016949
2.0
1.36666666667
1.0
1.4
1.68333333333
1.45762711864
1.16666666667
2.36666666667
0.633333333333
0.683333333333
0.166666666667
0.508474576271
0.3
0.5
1.66666666667
0.264150943396
--END OF 11--
0.5
0.0
0.0
0.0
0.0
0.508474576271
0.0
0.233333333333
0.5
0.0
0.5
0.0
0.0
0.0
0.0
0.0
0.0
0.0
0.0
0.0
0.0
0.0
0.0
0.0
0.583333333333
0.383333333333
0.0
0.677966101695
0.0
0.0
0.166666666667
0.233333333333
0.0
0.0
0.0
0.0
0.0
0.0
0.0
0.0
0.3
0.0
0.0
0.0
0.5
0.466666666667
0.0
0.483333333333
0.0
0.508474576271
0.0
0.566666666667
0.433333333333
0.0
0.0
0.0
0.0
0.5
0.0
0.0
--END OF 12--
