16.45
16.0
15.85
15.5833333333
15.2203389831
14.7
15.05
14.2666666667
14.85
15.0666666667
14.3898305085
13.9833333333
14.2
13.9666666667
13.75
14.55
14.2033898305
14.25
14.1166666667
13.7
14.05
13.8333333333
14.186440678
14.0333333333
13.35
11.85
13.7166666667
13.6
13.0169491525
14.1833333333
13.1666666667
12.8666666667
13.25
13.8166666667
12.9322033898
12.55
11.9
12.1666666667
12.3833333333
13.2542372881
11.75
11.9166666667
12.7833333333
11.9166666667
12.2666666667
11.5762711864
11.7
12.1333333333
12.4666666667
11.1833333333
12.6833333333
11.9661016949
11.3333333333
11.5333333333
11.6333333333
12.2333333333
12.3
11.8474576271
11.2333333333
16.0
--END OF 1--
22.65
21.55
20.15
20.6333333333
20.5593220339
21.3166666667
20.7333333333
20.0166666667
20.3
19.8333333333
19.3050847458
17.9833333333
19.9833333333
19.0833333333
17.8666666667
19.2833333333
19.3898305085
20.35
19.1
17.75
18.55
18.3333333333
19.7118644068
19.1
19.7
17.6
19.3833333333
19.1166666667
18.593220339
18.85
18.8666666667
17.3166666667
17.5333333333
18.0833333333
18.5423728814
17.35
17.65
15.5166666667
17.0333333333
18.2711864407
16.5
16.0333333333
16.25
16.5166666667
17.5666666667
15.3050847458
16.3833333333
17.05
18.2
15.4333333333
17.1666666667
15.6779661017
17.25
15.5333333333
16.0333333333
16.5333333333
17.05
16.2203389831
15.4666666667
22.6896551724
--END OF 2--
23.25
22.55
20.95
21.5833333333
21.0508474576
21.75
20.9833333333
20.4666666667
21.6333333333
20.85
20.0338983051
18.0166666667
21.3
20.0833333333
18.5833333333
20.4666666667
20.2372881356
22.15
19.6166666667
17.7666666667
20.0
19.3833333333
20.8305084746
20.65
20.7333333333
18.7
20.0
19.2
19.7966101695
19.3833333333
19.5333333333
18.1166666667
18.1833333333
19.25
18.9152542373
18.0
17.9
16.5666666667
18.6333333333
19.2881355932
17.7333333333
16.3833333333
16.5666666667
17.15
18.15
16.4915254237
17.6166666667
17.75
18.95
16.1333333333
17.85
15.6779661017
18.0833333333
15.9333333333
16.0833333333
16.7333333333
17.3
16.8983050847
16.0333333333
23.3275862069
--END OF 3--
16.45
16.0
15.85
15.5833333333
15.2203389831
14.7
15.05
14.2666666667
14.85
15.0666666667
14.3898305085
13.9833333333
14.2
13.9666666667
13.75
14.55
14.2033898305
14.25
14.1166666667
13.7
14.05
13.8333333333
14.186440678
14.0333333333
13.35
11.85
13.7166666667
13.6
13.0169491525
14.1833333333
13.1666666667
12.8666666667
13.25
13.8166666667
12.9322033898
12.55
11.9
12.1666666667
12.3833333333
13.2542372881
11.75
11.9166666667
12.7833333333
11.9166666667
12.2666666667
11.5762711864
11.7
12.1333333333
12.4666666667
11.1833333333
12.6833333333
11.9661016949
11.3333333333
11.5333333333
11.6333333333
12.2333333333
12.3
11.8474576271
11.2333333333
16.0
--END OF 4--
22.65
21.55
20.15
20.6333333333
20.5593220339
21.3166666667
20.7333333333
20.0166666667
20.3
19.8333333333
19.3050847458
17.9833333333
19.9833333333
19.0833333333
17.8666666667
19.2833333333
19.3898305085
20.35
19.1
17.75
18.55
18.3333333333
19.7118644068
19.1
19.7
17.6
19.3833333333
19.1166666667
18.593220339
18.85
18.8666666667
17.3166666667
17.5333333333
18.0833333333
18.5423728814
17.35
17.65
15.5166666667
17.0333333333
18.2711864407
16.5
16.0333333333
16.25
16.5166666667
17.5666666667
15.3050847458
16.3833333333
17.05
18.2
15.4333333333
17.1666666667
15.6779661017
17.25
15.5333333333
16.0333333333
16.5333333333
17.05
16.2203389831
15.4666666667
22.6896551724
--END OF 5--
23.25
22.55
20.95
21.5833333333
21.0508474576
21.75
20.9833333333
20.4666666667
21.6333333333
20.85
20.0338983051
18.0166666667
21.3
20.0833333333
18.5833333333
20.4666666667
20.2372881356
22.15
19.6166666667
17.7666666667
20.0
19.3833333333
20.8305084746
20.65
20.7333333333
18.7
20.0
19.2
19.7966101695
19.3833333333
19.5333333333
18.1166666667
18.1833333333
19.25
18.9152542373
18.0
17.9
16.5666666667
18.6333333333
19.2881355932
17.7333333333
16.3833333333
16.5666666667
17.15
18.15
16.4915254237
17.6166666667
17.75
18.95
16.1333333333
17.85
15.6779661017
18.0833333333
15.9333333333
16.0833333333
16.7333333333
17.3
16.8983050847
16.0333333333
23.3275862069
--END OF 6--
3063.75
3028.2
3033.9
2971.2
2891.44067797
2865.3
2888.35
2669.85
2851.25
2902.2
2729.08474576
2655.05
2700.85
2716.25
2632.15
2930.25
2735.08474576
2788.5
2671.0
2569.75
2667.75
2614.8
2717.89830508
2681.15
2544.15
2382.65
2678.1
2615.4
2516.33898305
2592.7
2565.5
2448.4
2542.25
2527.7
2462.18644068
2380.5
2315.25
2326.5
2424.45
2539.16949153
2446.8
2311.95
2356.55
2402.45
2427.3
2241.3559322
2406.7
2469.45
2382.1
2229.05
2381.35
2280.3559322
2298.2
2296.65
2326.95
2339.1
2320.2
2386.88135593
2234.4
3014.63793103
--END OF 7--
856.35
841.3
822.75
832.15
811.559322034
788.1
792.883333333
755.65
798.266666667
795.0
753.762711864
746.433333333
749.9
740.6
719.8
788.45
760.338983051
758.5
738.483333333
710.016666667
722.65
725.75
772.677966102
740.866666667
713.783333333
667.683333333
724.366666667
717.266666667
697.322033898
736.666666667
714.85
678.45
701.716666667
720.916666667
703.830508475
673.35
661.05
645.25
670.65
703.271186441
664.983333333
644.933333333
650.166666667
644.966666667
674.1
617.983050847
656.5
664.35
669.166666667
613.05
675.483333333
640.288135593
635.85
626.35
630.0
647.3
656.25
653.13559322
635.883333333
842.137931034
--END OF 8--
128.95
123.35
98.55
106.65
114.440677966
121.0
112.366666667
120.8
112.15
98.1166666667
109.423728814
95.2166666667
122.766666667
110.65
92.5666666667
105.916666667
108.118644068
118.2
114.45
98.9833333333
102.1
98.65
110.406779661
109.933333333
128.033333333
107.283333333
110.266666667
104.033333333
105.457627119
95.2833333333
111.133333333
101.116666667
93.55
96.0333333333
97.2881355932
92.95
104.35
78.8
101.05
100.711864407
85.4
91.6833333333
93.6166666667
96.95
93.3833333333
84.813559322
101.833333333
106.8
107.966666667
85.1833333333
88.0833333333
77.1016949153
95.95
94.55
89.2
95.5
104.95
93.2711864407
85.9
126.672413793
--END OF 9--
4.7
5.85
3.35
5.1
3.98305084746
6.81666666667
5.91666666667
3.56666666667
5.98333333333
4.41666666667
6.42372881356
2.1
6.68333333333
5.7
4.86666666667
4.16666666667
5.10169491525
11.2
5.48333333333
3.4
5.5
4.5
6.28813559322
6.05
6.13333333333
5.61666666667
8.41666666667
5.48333333333
8.69491525424
4.7
5.71666666667
3.11666666667
4.51666666667
5.3
7.13559322034
4.65
2.9
4.05
5.1
7.52542372881
7.4
2.4
1.36666666667
2.68333333333
3.91666666667
4.1186440678
3.98333333333
3.95
6.95
3.38333333333
6.16666666667
4.06779661017
11.1666666667
2.85
3.95
4.3
3.35
3.49152542373
3.76666666667
8.65517241379
--END OF 10--
0.5
1.55
1.35
1.6
0.593220338983
1.0
0.516666666667
0.783333333333
2.05
1.56666666667
1.08474576271
0.0333333333333
1.48333333333
1.13333333333
0.95
1.7
0.796610169492
2.25
0.566666666667
0.1
2.45
1.55
2.06779661017
2.11666666667
1.31666666667
1.5
0.666666666667
0.0833333333333
1.61016949153
0.55
0.9
0.883333333333
0.316666666667
1.91666666667
0.728813559322
0.6
0.45
1.65
2.15
1.71186440678
1.3
0.833333333333
0.383333333333
1.03333333333
0.883333333333
1.15254237288
1.96666666667
1.25
1.23333333333
0.716666666667
0.283333333333
0.0
1.31666666667
0.55
0.05
0.45
0.0
0.728813559322
0.716666666667
0.448275862069
--END OF 11--
0.0
0.0
0.3
0.2
0.0
0.0
0.0
0.0333333333333
0.466666666667
0.483333333333
0.0169491525424
0.0
0.0
0.116666666667
0.383333333333
0.0
0.508474576271
0.0
0.0
0.0
0.15
0.85
0.0338983050847
0.95
0.0166666666667
0.466666666667
0.0
0.0
0.508474576271
0.0
0.5
0.0
0.0
0.5
0.0
0.0
0.0
0.15
0.35
0.508474576271
0.0
0.0
0.0
0.0333333333333
0.5
0.474576271186
0.0
0.0
0.0
0.216666666667
0.283333333333
0.0
0.0
0.0
0.0
0.0
0.0
0.0
0.0
0.448275862069
--END OF 12--
