17.6
16.25
16.6
17.7
18.0
17.8644067797
17.3333333333
17.5333333333
15.9833333333
17.0333333333
16.9833333333
17.1333333333
16.2372881356
17.3
16.3833333333
16.5166666667
16.4166666667
16.7118644068
17.0
16.45
16.9
16.35
17.4166666667
16.0169491525
17.75
17.45
16.9
16.8833333333
17.1166666667
16.3898305085
17.6333333333
18.9166666667
18.2666666667
18.9
18.8666666667
18.0677966102
17.8
18.4
18.3
18.3
17.5762711864
18.0
17.85
17.9666666667
18.2
18.1833333333
18.8644067797
19.4166666667
19.3
19.1333333333
20.0166666667
19.45
19.7627118644
19.75
19.3833333333
19.85
19.15
17.8813559322
18.6666666667
16.1578947368
--END OF 1--
24.1
23.9
23.0
24.15
25.35
24.4576271186
23.6166666667
23.1333333333
21.7166666667
22.1833333333
23.0333333333
23.5333333333
22.5254237288
23.8666666667
23.0
22.8333333333
21.45
22.6949152542
23.9
22.65
24.3
23.25
24.1166666667
23.6271186441
26.1666666667
24.65
22.8166666667
23.1333333333
24.5666666667
22.5254237288
23.05
26.55
25.7166666667
26.0
25.6166666667
25.4915254237
23.65
26.0
25.6
25.8
24.9322033898
26.1333333333
25.0
25.65
25.8333333333
25.35
26.3898305085
26.8833333333
27.6833333333
28.0166666667
28.2333333333
27.7333333333
27.4745762712
26.9
28.4333333333
28.2666666667
26.75
25.9322033898
27.2166666667
21.5789473684
--END OF 2--
24.75
24.65
23.5
24.55
26.3
24.7457627119
24.45
23.7666666667
22.0
23.0333333333
23.9
25.2166666667
24.813559322
25.3833333333
23.8666666667
24.1833333333
22.2
24.1016949153
25.05
22.85
25.15
23.95
25.1333333333
24.1525423729
27.8166666667
24.8
23.1166666667
24.5333333333
25.9166666667
23.4745762712
24.2166666667
27.9666666667
26.8666666667
26.8333333333
25.8833333333
26.0847457627
24.55
26.25
26.7
26.4
25.2372881356
27.1333333333
25.7
26.4
27.3333333333
25.9833333333
27.2881355932
27.3666666667
28.7166666667
29.25
29.1833333333
28.6333333333
28.6271186441
28.6
29.6333333333
28.4833333333
27.5
26.5423728814
28.5333333333
22.7368421053
--END OF 3--
17.6
16.25
16.6
17.7
18.0
17.8644067797
17.3333333333
17.5333333333
15.9833333333
17.0333333333
16.9833333333
17.1333333333
16.2372881356
17.3
16.3833333333
16.5166666667
16.4166666667
16.7118644068
17.0
16.45
16.9
16.35
17.4166666667
16.0169491525
17.75
17.45
16.9
16.8833333333
17.1166666667
16.3898305085
17.6333333333
18.9166666667
18.2666666667
18.9
18.8666666667
18.0677966102
17.8
18.4
18.3
18.3
17.5762711864
18.0
17.85
17.9666666667
18.2
18.1833333333
18.813559322
19.3666666667
19.3
18.9166666667
19.4333333333
19.4
19.4576271186
19.65
19.1833333333
19.65
19.15
17.8813559322
18.6666666667
16.1578947368
--END OF 4--
24.1
23.9
23.0
24.15
25.35
24.4576271186
23.6166666667
23.1333333333
21.7166666667
22.1833333333
23.0333333333
23.5333333333
22.5254237288
23.8666666667
23.0
22.8333333333
21.45
22.6949152542
23.9
22.65
24.3
23.25
24.1166666667
23.6271186441
26.1666666667
24.65
22.8166666667
23.1333333333
24.5666666667
22.5254237288
23.05
26.55
25.7166666667
26.0
25.6166666667
25.4915254237
23.65
26.0
25.6
25.8
24.9322033898
26.1333333333
25.0
25.65
25.8333333333
25.35
26.3898305085
26.8833333333
27.6833333333
27.8666666667
28.0333333333
27.7333333333
27.4745762712
26.9
28.3833333333
28.2666666667
26.75
25.9322033898
27.2166666667
21.5789473684
--END OF 5--
24.75
24.65
23.5
24.55
26.3
24.7457627119
24.45
23.7666666667
22.0
23.0333333333
23.9
25.2166666667
24.813559322
25.3833333333
23.8666666667
24.1833333333
22.2
24.1016949153
25.05
22.85
25.15
23.95
25.1333333333
24.1525423729
27.8166666667
24.8
23.1166666667
24.5333333333
25.9166666667
23.4745762712
24.2166666667
27.9666666667
26.8666666667
26.8333333333
25.8833333333
26.0847457627
24.55
26.25
26.7
26.4
25.2372881356
27.1333333333
25.7
26.4
27.3333333333
25.9833333333
27.2881355932
27.3666666667
28.7166666667
29.25
29.1833333333
28.6333333333
28.6271186441
28.6
29.6333333333
28.4833333333
27.5
26.5423728814
28.5333333333
22.7368421053
--END OF 6--
3162.6
3065.25
3086.55
3320.7
3297.9
3350.89830508
3178.65
3238.6
3027.55
3165.3
3101.1
3212.5
3015.96610169
3203.75
3026.8
3189.9
3037.7
3026.49152542
3168.6
2968.95
3238.75
3155.1
3233.3
3174.50847458
3310.25
3226.1
3054.95
3047.7
3252.8
3080.84745763
3232.1
3540.15
3479.15
3567.2
3429.45
3357.3559322
3247.5
3301.35
3412.5
3503.55
3411.0
3499.2
3374.55
3375.95
3401.05
3383.65
3590.89830508
3570.5
3564.25
3530.6
3720.2
3571.15
3618.86440678
3652.35
3713.9
3652.7
3550.35
3393.10169492
3658.35
2998.42105263
--END OF 7--
894.25
854.85
877.1
911.75
932.25
925.423728814
899.2
920.783333333
832.183333333
883.85
867.183333333
883.433333333
852.711864407
903.283333333
855.133333333
893.116666667
859.666666667
870.627118644
884.05
848.1
895.85
875.95
920.583333333
894.745762712
941.433333333
898.816666667
854.366666667
864.833333333
901.2
863.779661017
913.2
992.716666667
985.966666667
1000.38333333
959.433333333
943.508474576
916.1
957.25
952.15
968.2
932.93220339
972.466666667
952.666666667
959.766666667
957.866666667
952.433333333
994.084745763
994.066666667
984.383333333
1001.2
1055.48333333
1011.91666667
1006.23728814
1021.7
1037.28333333
1042.71666667
986.45
934.220338983
999.9
828.263157895
--END OF 8--
139.95
145.3
132.55
132.9
150.25
137.288135593
132.45
142.933333333
118.35
118.233333333
139.266666667
147.3
137.627118644
130.433333333
141.883333333
140.916666667
121.816666667
131.423728814
133.85
147.6
148.766666667
134.15
142.85
148.491525424
171.416666667
144.716666667
145.666666667
139.666666667
151.983333333
127.508474576
114.3
153.566666667
166.8
161.383333333
143.116666667
148.271186441
127.85
147.2
128.7
156.95
145.186440678
166.316666667
144.583333333
165.583333333
151.816666667
150.483333333
152.254237288
156.583333333
191.4
171.1
169.4
171.383333333
154.627118644
147.45
170.883333333
175.583333333
171.9
161.694915254
172.3
113.157894737
--END OF 9--
6.35
9.0
4.0
6.05
6.85
4.1186440678
6.75
2.66666666667
5.43333333333
4.93333333333
5.6
10.85
10.4745762712
9.51666666667
6.48333333333
5.45
4.63333333333
5.1186440678
6.15
2.25
7.46666666667
5.6
5.86666666667
7.52542372881
7.68333333333
5.4
4.51666666667
6.23333333333
6.73333333333
4.77966101695
6.56666666667
8.18333333333
4.81666666667
4.21666666667
5.65
5.93220338983
3.75
6.75
11.6
4.1
7.05084745763
6.8
6.88333333333
5.65
7.06666666667
5.3
4.71186440678
4.46666666667
6.4
10.7666666667
8.13333333333
7.85
8.06779661017
7.3
9.61666666667
4.21666666667
5.25
6.37288135593
8.8
8.31578947368
--END OF 10--
0.75
1.25
0.45
0.55
1.5
0.237288135593
1.05
0.716666666667
0.383333333333
1.05
0.95
2.28333333333
2.5593220339
2.1
1.21666666667
1.96666666667
0.616666666667
2.71186440678
1.6
0.45
0.866666666667
0.95
1.01666666667
1.01694915254
2.05
0.25
0.333333333333
2.16666666667
1.6
1.8813559322
1.26666666667
2.05
1.65
1.18333333333
0.316666666667
1.20338983051
0.95
0.35
1.35
0.85
0.237288135593
1.76666666667
0.5
0.533333333333
2.46666666667
0.883333333333
1.1186440678
0.7
1.3
2.06666666667
1.13333333333
0.966666666667
1.54237288136
2.4
1.93333333333
0.65
0.85
0.949152542373
1.96666666667
1.94736842105
--END OF 11--
0.0
0.0
0.0
0.0
0.0
0.237288135593
0.266666666667
0.0
0.0
0.0
0.0
0.0
0.694915254237
0.483333333333
0.333333333333
0.0
0.0
0.508474576271
0.0
0.0
0.0
0.0
0.3
0.101694915254
0.5
0.0
0.0
0.5
0.0
0.0
0.116666666667
0.7
0.516666666667
0.0
0.0
0.0
0.45
0.05
0.95
0.05
0.0
0.5
0.5
0.466666666667
1.03333333333
0.0
0.389830508475
0.35
0.0
0.0
0.0
0.0
0.0
0.5
0.0
0.0
0.0
0.525423728814
0.616666666667
0.0
--END OF 12--
