14.85
14.6
15.4166666667
15.0338983051
14.4833333333
13.85
14.25
15.4833333333
16.2333333333
15.8813559322
15.6166666667
14.3666666667
15.5666666667
15.95
15.3666666667
14.7627118644
14.6166666667
15.3
14.7833333333
15.5333333333
14.7166666667
15.3389830508
14.95
14.25
15.0333333333
14.6
14.3898305085
15.8333333333
15.9333333333
15.5166666667
15.3
15.5333333333
15.1016949153
15.8
15.95
15.6333333333
15.95
15.7
15.5423728814
16.15
14.35
14.7833333333
15.8666666667
15.4237288136
15.3333333333
15.75
16.1166666667
15.2833333333
14.8166666667
15.6101694915
14.4833333333
14.7
14.8333333333
15.8833333333
15.1525423729
17.0166666667
16.0
15.4166666667
16.1166666667
14.6034482759
--END OF 1--
20.2
20.0333333333
20.2166666667
19.1186440678
20.3833333333
19.4
19.3
20.1833333333
21.5333333333
21.8305084746
21.8666666667
20.3666666667
21.5833333333
21.85
20.7833333333
19.5423728814
20.7
21.1333333333
20.2166666667
20.85
19.75
20.6440677966
19.9
18.7
20.6
19.45
18.7966101695
21.25
21.1
20.6166666667
20.5166666667
21.1833333333
22.4576271186
21.2333333333
21.9166666667
21.1833333333
21.6833333333
21.3166666667
21.8983050847
22.3
19.8
20.7833333333
20.5666666667
20.4745762712
20.4
21.8666666667
21.2333333333
20.5
20.1333333333
22.6949152542
18.8
19.9333333333
22.1166666667
22.2
20.3050847458
22.7166666667
22.05
21.4666666667
21.3166666667
20.8965517241
--END OF 2--
21.7666666667
20.7333333333
20.6
19.4237288136
20.4833333333
19.95
19.85
21.5333333333
22.4333333333
22.4915254237
23.15
21.9833333333
21.9833333333
22.3333333333
21.3666666667
20.2542372881
21.2833333333
21.7833333333
21.2
22.1333333333
20.2333333333
21.3559322034
21.25
19.75
21.15
19.7
19.8644067797
21.75
21.8
20.8666666667
20.7166666667
21.2666666667
22.9661016949
22.05
22.5833333333
22.2
22.6
21.8166666667
22.2542372881
23.8
20.95
21.8833333333
21.4166666667
20.9322033898
20.6333333333
22.2333333333
21.6333333333
20.75
20.8666666667
23.9830508475
19.5
20.0833333333
22.6666666667
22.8333333333
20.3559322034
23.3666666667
22.4
21.6666666667
22.1666666667
21.4310344828
--END OF 3--
14.85
14.6
15.4166666667
15.0338983051
14.4833333333
13.85
14.25
15.4833333333
16.2333333333
15.8813559322
15.6166666667
14.3666666667
15.5666666667
15.95
15.3666666667
14.7627118644
14.6166666667
15.3
14.7833333333
15.5333333333
14.7166666667
15.3389830508
14.95
14.25
15.0333333333
14.6
14.3898305085
15.8333333333
15.9333333333
15.5166666667
15.3
15.5333333333
15.1016949153
15.8
15.95
15.6333333333
15.95
15.7
15.5423728814
16.15
14.35
14.7833333333
15.8666666667
15.4237288136
15.3333333333
15.75
16.1166666667
15.2833333333
14.8166666667
15.6101694915
14.4833333333
14.7
14.8333333333
15.8833333333
15.1525423729
17.0166666667
16.0
15.4166666667
16.1166666667
14.6034482759
--END OF 4--
20.2
20.0333333333
20.2166666667
19.1186440678
20.3833333333
19.4
19.3
20.1833333333
21.5333333333
21.8305084746
21.8666666667
20.3666666667
21.5833333333
21.85
20.7833333333
19.5423728814
20.7
21.1333333333
20.2166666667
20.85
19.75
20.6440677966
19.9
18.7
20.6
19.45
18.7966101695
21.25
21.1
20.6166666667
20.5166666667
21.1833333333
22.4576271186
21.2333333333
21.9166666667
21.1833333333
21.6833333333
21.3166666667
21.8983050847
22.3
19.8
20.7833333333
20.5666666667
20.4745762712
20.4
21.8666666667
21.2333333333
20.5
20.1333333333
22.6949152542
18.8
19.9333333333
22.1166666667
22.2
20.3050847458
22.7166666667
22.05
21.4666666667
21.3166666667
20.8965517241
--END OF 5--
21.7666666667
20.7333333333
20.6
19.4237288136
20.4833333333
19.95
19.85
21.5333333333
22.4333333333
22.4915254237
23.15
21.9833333333
21.9833333333
22.3333333333
21.3666666667
20.2542372881
21.2833333333
21.7833333333
21.2
22.1333333333
20.2333333333
21.3559322034
21.25
19.75
21.15
19.7
19.8644067797
21.75
21.8
20.8666666667
20.7166666667
21.2666666667
22.9661016949
22.05
22.5833333333
22.2
22.6
21.8166666667
22.2542372881
23.8
20.95
21.8833333333
21.4166666667
20.9322033898
20.6333333333
22.2333333333
21.6333333333
20.75
20.8666666667
23.9830508475
19.5
20.0833333333
22.6666666667
22.8333333333
20.3559322034
23.3666666667
22.4
21.6666666667
22.1666666667
21.4310344828
--END OF 6--
2795.05
2837.75
2905.85
2715.3559322
2725.95
2637.75
2756.85
2824.8
3027.75
2958.10169492
2844.95
2732.25
2986.4
2935.7
2854.45
2786.79661017
2918.9
2872.55
2865.25
2936.55
2767.2
2912.74576271
2731.65
2640.3
2831.1
2764.95
2668.06779661
2834.6
2941.3
2925.6
2845.55
2906.05
2866.16949153
2984.15
3063.9
2935.25
2922.45
2919.2
3021.81355932
2935.95
2638.65
2775.0
2925.6
2968.52542373
2904.7
2897.85
2969.9
2854.85
2873.65
3054.91525424
2821.55
2867.4
2916.6
3045.2
2909.28813559
3223.65
3037.65
2922.15
3038.85
2779.60344828
--END OF 7--
772.616666667
783.6
801.233333333
763.271186441
758.0
733.15
750.75
800.3
850.25
825.050847458
817.933333333
754.333333333
832.133333333
822.733333333
784.4
779.101694915
805.4
810.916666667
797.15
824.966666667
766.633333333
813.355932203
774.5
736.45
790.616666667
761.25
741.576271186
809.883333333
830.8
799.15
796.416666667
798.333333333
797.610169492
836.516666667
850.6
823.8
821.983333333
805.433333333
831.389830508
836.65
754.6
784.95
829.3
822.254237288
812.7
817.133333333
828.816666667
803.333333333
788.366666667
843.220338983
790.316666667
787.483333333
819.183333333
849.1
811.610169492
888.45
846.4
826.05
842.45
777.603448276
--END OF 8--
112.516666667
123.983333333
115.183333333
101.830508475
120.4
111.2
100.35
116.3
115.5
118.271186441
119.95
112.3
113.316666667
132.35
133.316666667
110.169491525
124.666666667
110.866666667
104.033333333
112.983333333
109.833333333
115.949152542
119.9
101.95
112.583333333
98.7
97.9830508475
117.383333333
105.683333333
112.9
102.55
132.05
137.338983051
118.816666667
114.4
126.9
125.816666667
127.1
122.338983051
134.2
107.2
117.4
96.1
104.440677966
112.583333333
129.8
112.833333333
119.65
109.116666667
133.830508475
105.766666667
105.516666667
136.2
122.5
113.661016949
118.8
133.1
133.1
108.95
136.810344828
--END OF 9--
6.98333333333
2.76666666667
1.78333333333
2.0
4.6
5.75
4.4
6.25
7.2
8.15254237288
9.91666666667
11.5666666667
4.58333333333
4.65
3.46666666667
4.15254237288
6.8
7.3
7.45
4.23333333333
3.58333333333
3.40677966102
4.05
3.5
3.56666666667
2.9
2.71186440678
5.15
4.91666666667
4.58333333333
2.98333333333
4.31666666667
7.8813559322
4.96666666667
6.48333333333
3.98333333333
5.5
4.66666666667
6.1186440678
6.55
8.35
4.95
6.0
3.86440677966
5.2
6.26666666667
3.9
3.2
5.23333333333
8.35593220339
3.1
2.25
7.56666666667
7.53333333333
3.61016949153
6.15
4.8
3.85
4.6
5.8275862069
--END OF 10--
1.88333333333
0.5
0.466666666667
0.338983050847
0.2
0.7
0.8
1.55
0.8
1.16949152542
1.81666666667
2.31666666667
0.866666666667
1.03333333333
1.0
0.559322033898
0.983333333333
0.9
1.4
1.3
0.9
0.898305084746
2.3
1.75
0.666666666667
0.4
1.91525423729
0.816666666667
1.0
0.0
0.0
0.15
1.05084745763
1.65
0.433333333333
1.71666666667
1.35
1.0
0.0
2.0
1.95
1.9
1.15
0.0
0.433333333333
0.45
0.733333333333
0.483333333333
1.21666666667
1.33898305085
0.5
0.0
0.5
1.16666666667
0.0
1.1
0.4
0.45
0.55
0.741379310345
--END OF 11--
0.5
0.0
0.0
0.0
0.0
0.5
0.0
0.55
0.45
0.0
0.0
0.0
0.0
0.0
0.0
0.0
0.0
0.0
0.5
0.0
0.0666666666667
0.440677966102
0.5
0.5
0.3
0.0
0.186440677966
0.316666666667
0.0
0.0
0.0
0.116666666667
0.338983050847
0.383333333333
0.0
0.0
0.5
0.0
0.0
0.5
0.05
0.8
0.65
0.0
0.0
0.3
0.0
0.0
0.183333333333
0.830508474576
0.0
0.0
0.0
0.0
0.0
0.0
0.0
0.0
0.0
0.0
--END OF 12--
