14.55
13.5423728814
13.8333333333
14.4333333333
14.1666666667
13.9833333333
14.6
14.55
14.2542372881
14.1833333333
14.7
14.5666666667
13.9333333333
14.3833333333
15.3898305085
13.85
14.0166666667
14.6166666667
13.0333333333
13.65
13.3898305085
14.1
14.3
14.65
14.3166666667
13.4576271186
14.1666666667
14.9
14.2833333333
14.4
15.7666666667
15.0
14.5833333333
14.6333333333
13.5166666667
15.4833333333
14.75
14.7166666667
13.2881355932
15.1833333333
15.1833333333
14.55
14.95
14.9491525424
15.3
14.55
14.9833333333
14.2
15.8305084746
16.3833333333
14.6166666667
14.6166666667
16.4333333333
15.3833333333
14.6271186441
14.6333333333
16.1333333333
14.5166666667
14.0166666667
14.9298245614
--END OF 1--
19.2833333333
17.186440678
17.0333333333
18.3333333333
17.4666666667
16.8833333333
18.4
17.75
17.5254237288
18.0833333333
18.1333333333
17.5333333333
17.2333333333
18.3166666667
18.6949152542
17.95
16.8166666667
18.0333333333
16.9333333333
17.8666666667
17.4576271186
18.25
17.15
18.35
18.0666666667
17.4406779661
17.8333333333
19.6333333333
17.7
17.8666666667
19.45
19.5254237288
17.8833333333
17.9
16.9833333333
18.75
17.3
17.3666666667
16.7118644068
18.9333333333
18.2833333333
18.45
18.45
18.7288135593
18.7333333333
17.4666666667
18.9666666667
18.7
18.4576271186
19.55
18.2333333333
18.5666666667
19.5
18.7833333333
18.2881355932
18.2833333333
20.3833333333
17.9166666667
17.5666666667
17.9649122807
--END OF 2--
19.8833333333
17.7796610169
17.6833333333
18.5333333333
18.5166666667
17.2833333333
18.7
18.15
17.8305084746
18.6333333333
18.4333333333
17.5333333333
17.8666666667
18.9
18.8644067797
18.15
17.2666666667
18.2333333333
17.2833333333
17.9833333333
17.9152542373
18.75
17.6
19.15
18.0666666667
17.4406779661
17.8333333333
20.2333333333
17.95
18.2166666667
19.9333333333
20.4745762712
18.5833333333
18.4833333333
17.65
19.0333333333
18.6166666667
17.7666666667
17.1525423729
19.8333333333
18.7333333333
19.2
19.65
18.7288135593
18.8833333333
17.4666666667
19.9
19.2666666667
18.9491525424
20.75
18.4333333333
20.0333333333
19.9833333333
19.55
19.7457627119
18.3833333333
20.6833333333
18.4166666667
18.0166666667
18.9824561404
--END OF 3--
14.55
13.5423728814
13.8333333333
14.4333333333
14.1666666667
13.9833333333
14.6
14.55
14.2542372881
14.1833333333
14.7
14.5666666667
13.9333333333
14.3833333333
15.3898305085
13.85
14.0166666667
14.6166666667
13.0333333333
13.65
13.3898305085
14.1
14.3
14.65
14.3166666667
13.4576271186
14.1666666667
14.9
14.2833333333
14.4
15.7666666667
15.0
14.5833333333
14.6333333333
13.5166666667
15.4833333333
14.75
14.7166666667
13.2881355932
15.1833333333
15.1833333333
14.55
14.95
14.9491525424
15.3
14.55
14.9833333333
14.2
15.8305084746
16.3833333333
14.6166666667
14.6166666667
16.4333333333
15.3833333333
14.6271186441
14.6333333333
16.1333333333
14.5166666667
14.0166666667
14.9298245614
--END OF 4--
19.2833333333
17.186440678
17.0333333333
18.3333333333
17.4666666667
16.8833333333
18.4
17.75
17.5254237288
18.0833333333
18.1333333333
17.5333333333
17.2333333333
18.3166666667
18.6949152542
17.95
16.8166666667
18.0333333333
16.9333333333
17.8666666667
17.4576271186
18.25
17.15
18.35
18.0666666667
17.4406779661
17.8333333333
19.6333333333
17.7
17.8666666667
19.45
19.5254237288
17.8833333333
17.9
16.9833333333
18.75
17.3
17.3666666667
16.7118644068
18.9333333333
18.2833333333
18.45
18.45
18.7288135593
18.7333333333
17.4666666667
18.9666666667
18.7
18.4576271186
19.55
18.2333333333
18.5666666667
19.5
18.7833333333
18.2881355932
18.2833333333
20.3833333333
17.9166666667
17.5666666667
17.9649122807
--END OF 5--
19.8833333333
17.7796610169
17.6833333333
18.5333333333
18.5166666667
17.2833333333
18.7
18.15
17.8305084746
18.6333333333
18.4333333333
17.5333333333
17.8666666667
18.9
18.8644067797
18.15
17.2666666667
18.2333333333
17.2833333333
17.9833333333
17.9152542373
18.75
17.6
19.15
18.0666666667
17.4406779661
17.8333333333
20.2333333333
17.95
18.2166666667
19.9333333333
20.4745762712
18.5833333333
18.4833333333
17.65
19.0333333333
18.6166666667
17.7666666667
17.1525423729
19.8333333333
18.7333333333
19.2
19.65
18.7288135593
18.8833333333
17.4666666667
19.9
19.2666666667
18.9491525424
20.75
18.4333333333
20.0333333333
19.9833333333
19.55
19.7457627119
18.3833333333
20.6833333333
18.4166666667
18.0166666667
18.9824561404
--END OF 6--
2760.6
2663.13559322
2611.05
2740.95
2649.75
2667.9
2763.45
2759.85
2721.91525424
2733.55
2783.65
2738.6
2646.75
2775.45
2797.72881356
2692.1
2679.35
2863.8
2623.55
2805.45
2747.6440678
2733.9
2775.15
2796.6
2882.7
2702.33898305
2763.85
2908.55
2725.2
2742.85
2941.15
2827.11864407
2766.55
2761.0
2675.0
2928.95
2707.55
2943.9
2747.38983051
2942.85
2766.15
2763.45
2867.1
2858.79661017
2914.75
2761.85
2913.1
2892.2
3061.37288136
3019.65
2809.8
2850.25
2981.25
2954.05
2919.71186441
2916.3
3025.2
2808.75
2822.55
2786.0
--END OF 7--
780.7
716.271186441
703.95
750.05
736.5
716.7
745.25
750.65
737.93220339
747.266666667
750.983333333
757.083333333
726.666666667
755.85
780.338983051
743.583333333
727.25
775.783333333
703.383333333
771.4
755.288135593
757.1
753.65
775.8
774.55
749.13559322
764.45
803.65
751.45
756.533333333
804.816666667
783.06779661
762.083333333
757.616666667
725.933333333
800.616666667
750.7
779.983333333
729.457627119
803.45
774.0
764.15
797.2
781.13559322
790.183333333
748.6
790.8
786.8
824.033898305
840.916666667
771.816666667
785.816666667
829.633333333
816.8
792.559322034
790.25
828.7
786.65
758.3
768.526315789
--END OF 8--
92.2666666667
79.6101694915
81.0
90.75
81.85
78.05
89.7
81.7
74.8305084746
85.5333333333
82.55
75.8
76.9833333333
77.3666666667
78.1355932203
87.15
71.9
81.6333333333
85.8666666667
84.0333333333
81.3389830508
75.65
68.3
83.45
70.5
87.1016949153
85.0333333333
94.25
86.45
78.0333333333
79.1666666667
100.254237288
80.3
72.5833333333
83.6166666667
82.5333333333
73.9833333333
69.4333333333
64.7627118644
84.4
72.6
102.15
92.5
83.5254237288
77.5833333333
69.55
90.0666666667
99.2666666667
74.2372881356
88.1833333333
84.7333333333
93.0666666667
81.9
91.2
86.7457627119
94.35
95.4
78.4
86.75
77.649122807
--END OF 9--
4.5
3.91525423729
2.75
4.55
4.7
1.85
4.0
1.7
1.79661016949
3.46666666667
3.41666666667
1.83333333333
3.63333333333
4.18333333333
2.20338983051
2.35
1.7
1.5
3.88333333333
4.13333333333
1.93220338983
4.7
2.9
3.95
3.3
1.93220338983
1.58333333333
5.3
1.63333333333
2.81666666667
4.21666666667
5.01694915254
2.85
2.93333333333
1.21666666667
2.83333333333
3.53333333333
2.66666666667
5.27118644068
3.3
3.65
4.3
4.2
1.91525423729
2.1
2.33333333333
5.16666666667
3.21666666667
3.18644067797
4.86666666667
1.83333333333
4.0
1.88333333333
3.46666666667
5.93220338983
1.55
4.2
2.3
2.3
3.57894736842
--END OF 10--
0.65
0.64406779661
0.65
0.0
1.0
0.7
0.3
0.5
0.508474576271
1.0
0.5
0.0
1.08333333333
0.75
0.338983050847
0.5
0.5
0.0166666666667
0.483333333333
0.0
0.508474576271
1.0
0.55
1.45
0.0
0.0
0.0
1.18333333333
0.316666666667
0.5
0.633333333333
1.10169491525
0.9
0.883333333333
0.816666666667
0.5
1.18333333333
0.516666666667
0.491525423729
1.5
0.7
1.2
1.1
0.0
0.5
0.0333333333333
0.666666666667
0.4
0.762711864407
1.43333333333
0.466666666667
2.5
0.516666666667
0.616666666667
2.32203389831
0.1
0.65
0.8
0.55
1.64912280702
--END OF 11--
0.216666666667
0.28813559322
0.0
0.0
0.5
0.0
0.0
0.5
0.0
0.0
0.0
0.0
0.5
0.0
0.0
0.0
0.0
0.0
0.0
0.0
0.508474576271
0.5
0.0
0.0
0.0
0.0
0.0
0.0
0.0
0.0
0.0
0.0
0.0
0.0
0.0
0.0
0.5
0.0
0.0
0.0
0.0
0.0
0.5
0.0
0.0
0.0333333333333
0.4
0.0
0.0
0.316666666667
0.183333333333
0.0
0.0
0.0
0.0
0.0
0.15
0.35
0.0
0.0
--END OF 12--
