10.95
11.4166666667
11.2
10.8833333333
11.3559322034
11.6833333333
11.5333333333
11.3166666667
11.2333333333
11.1833333333
12.0169491525
10.5333333333
11.3333333333
12.15
12.3166666667
10.6
10.9322033898
10.8
11.2166666667
10.1333333333
10.1166666667
10.95
11.3898305085
10.1333333333
10.4666666667
10.7
10.5666666667
9.74576271186
10.4166666667
11.25
11.1333333333
10.9666666667
10.8666666667
11.1694915254
10.7166666667
9.61666666667
10.9166666667
10.6833333333
10.35
10.1186440678
11.3
11.45
10.75
10.6
11.5833333333
10.3050847458
10.4333333333
9.75
11.0666666667
11.5
10.5593220339
10.3333333333
11.4333333333
11.55
11.0166666667
10.35
10.8644067797
9.95
10.5333333333
10.8490566038
--END OF 1--
15.1833333333
15.4166666667
15.4
14.4333333333
15.5593220339
16.7333333333
16.3
15.6666666667
16.0333333333
15.5333333333
17.2203389831
15.9
15.1
17.2
17.0666666667
15.8833333333
16.1186440678
15.3833333333
16.65
14.1
14.4166666667
15.7666666667
15.6779661017
14.5333333333
13.7666666667
14.85
15.4166666667
13.4406779661
15.05
15.4166666667
15.8666666667
14.9333333333
15.05
16.0169491525
15.5666666667
12.8833333333
14.4833333333
15.2166666667
14.5
13.7288135593
15.15
15.25
14.45
15.2
15.6833333333
14.3220338983
15.2666666667
13.3833333333
15.8666666667
15.5666666667
15.1016949153
14.7666666667
16.0833333333
15.1
15.2833333333
14.25
15.2542372881
14.0
14.6833333333
15.8679245283
--END OF 2--
15.7333333333
15.6666666667
15.8833333333
15.1333333333
15.9661016949
17.2333333333
17.2666666667
16.6666666667
16.7166666667
16.0833333333
18.6101694915
17.3666666667
15.85
17.5166666667
17.5666666667
16.4333333333
16.4576271186
15.45
17.4333333333
14.1
14.4166666667
15.9833333333
16.2203389831
15.0833333333
14.2666666667
15.1166666667
15.7666666667
13.6949152542
15.65
15.6166666667
16.0
15.9833333333
15.25
16.3220338983
16.2
12.9666666667
14.6
15.45
14.9
14.1355932203
16.35
15.4
14.9
15.45
16.4333333333
14.6271186441
15.9166666667
13.8833333333
16.8
16.5166666667
15.6610169492
14.9833333333
16.5166666667
15.3166666667
15.5666666667
14.5
15.5084745763
14.15
15.0333333333
16.1698113208
--END OF 3--
10.95
11.4166666667
11.2
10.8833333333
11.3559322034
11.6833333333
11.5333333333
11.3166666667
11.2333333333
11.1833333333
12.0169491525
10.5333333333
11.3333333333
12.15
12.3166666667
10.6
10.9322033898
10.8
11.2166666667
10.1333333333
10.1166666667
10.95
11.3898305085
10.1333333333
10.4666666667
10.7
10.5666666667
9.74576271186
10.4166666667
11.25
11.1333333333
10.9666666667
10.8666666667
11.1694915254
10.7166666667
9.61666666667
10.9166666667
10.6833333333
10.35
10.1186440678
11.3
11.45
10.75
10.6
11.5833333333
10.3050847458
10.4333333333
9.75
11.0666666667
11.5
10.5593220339
10.3333333333
11.4333333333
11.55
11.0166666667
10.35
10.8644067797
9.95
10.5333333333
10.8490566038
--END OF 4--
15.1833333333
15.4166666667
15.4
14.4333333333
15.5593220339
16.7333333333
16.3
15.6666666667
16.0333333333
15.5333333333
17.2203389831
15.9
15.1
17.2
17.0666666667
15.8833333333
16.1186440678
15.3833333333
16.65
14.1
14.4166666667
15.7666666667
15.6779661017
14.5333333333
13.7666666667
14.85
15.4166666667
13.4406779661
15.05
15.4166666667
15.8666666667
14.9333333333
15.05
16.0169491525
15.5666666667
12.8833333333
14.4833333333
15.2166666667
14.5
13.7288135593
15.15
15.25
14.45
15.2
15.6833333333
14.3220338983
15.2666666667
13.3833333333
15.8666666667
15.5666666667
15.1016949153
14.7666666667
16.0833333333
15.1
15.2833333333
14.25
15.2542372881
14.0
14.6833333333
15.8679245283
--END OF 5--
15.7333333333
15.6666666667
15.8833333333
15.1333333333
15.9661016949
17.2333333333
17.2666666667
16.6666666667
16.7166666667
16.0833333333
18.6101694915
17.3666666667
15.85
17.5166666667
17.5666666667
16.4333333333
16.4576271186
15.45
17.4333333333
14.1
14.4166666667
15.9833333333
16.2203389831
15.0833333333
14.2666666667
15.1166666667
15.7666666667
13.6949152542
15.65
15.6166666667
16.0
15.9833333333
15.25
16.3220338983
16.2
12.9666666667
14.6
15.45
14.9
14.1355932203
16.35
15.4
14.9
15.45
16.4333333333
14.6271186441
15.9166666667
13.8833333333
16.8
16.5166666667
15.6610169492
14.9833333333
16.5166666667
15.3166666667
15.5666666667
14.5
15.5084745763
14.15
15.0333333333
16.1698113208
--END OF 6--
2041.2
2143.35
2218.7
2020.7
2196.71186441
2269.95
2216.8
2156.4
2209.8
2158.35
2248.52542373
2200.45
2165.35
2345.25
2305.95
2114.9
2163.05084746
2211.35
2157.4
1965.1
1974.0
2149.1
2214.96610169
2046.15
2091.45
2161.55
2119.05
1941.3559322
2053.15
2101.15
2047.2
2076.3
2080.6
2188.3220339
2065.95
2024.2
2102.7
2005.5
2002.55
1994.74576271
2123.55
2127.3
2068.35
2038.8
2204.4
2052.10169492
2111.0
2091.25
2249.8
2109.25
2087.74576271
2151.4
2201.05
2137.3
2115.6
2021.85
2116.37288136
2050.8
2168.4
2222.43396226
--END OF 7--
572.8
595.5
609.633333333
569.966666667
606.949152542
632.25
622.916666667
619.95
616.183333333
600.8
635.677966102
598.25
600.033333333
651.55
644.833333333
581.683333333
605.610169492
597.216666667
613.6
546.833333333
562.7
580.416666667
611.915254237
563.05
575.3
606.3
586.75
532.237288136
574.466666667
575.25
575.6
579.133333333
573.166666667
617.06779661
580.233333333
548.766666667
581.166666667
563.083333333
561.566666667
543.881355932
590.15
589.25
563.05
576.1
607.85
572.220338983
585.966666667
566.116666667
621.966666667
604.116666667
570.152542373
596.783333333
609.583333333
587.85
578.383333333
550.45
579.508474576
566.9
598.1
609.490566038
--END OF 8--
87.5166666667
93.1333333333
86.0166666667
73.1166666667
101.542372881
91.1
95.4666666667
92.0
93.3833333333
89.9
105.203389831
106.116666667
92.2833333333
102.383333333
104.7
92.7833333333
103.033898305
95.2833333333
108.866666667
87.2
83.9666666667
97.0
81.8983050847
86.5
82.95
91.65
87.9
83.2881355932
95.4833333333
92.5166666667
91.4
100.133333333
95.1333333333
101.423728814
106.866666667
80.7833333333
89.7333333333
104.083333333
81.5
71.6779661017
84.7
86.55
84.2
100.05
88.95
101.203389831
102.833333333
85.1333333333
97.1333333333
89.6333333333
90.9830508475
88.75
97.1
76.7666666667
92.7333333333
90.6
91.2033898305
84.05
86.95
106.679245283
--END OF 9--
3.68333333333
1.46666666667
4.2
4.05
1.79661016949
5.9
5.41666666667
4.6
4.13333333333
3.2
8.10169491525
8.53333333333
3.66666666667
3.03333333333
2.86666666667
6.11666666667
1.86440677966
2.26666666667
6.45
2.5
3.6
5.41666666667
3.37288135593
3.95
1.95
3.31666666667
5.2
1.71186440678
2.96666666667
3.21666666667
3.78333333333
3.15
4.03333333333
3.72881355932
5.01666666667
0.95
1.16666666667
3.85
4.56666666667
3.5593220339
5.55
2.7
2.4
3.65
5.7
2.77966101695
5.0
1.85
3.96666666667
2.21666666667
3.08474576271
3.03333333333
4.13333333333
3.7
3.71666666667
2.98333333333
5.49152542373
3.5
3.9
3.41509433962
--END OF 10--
0.85
0.45
0.9
1.43333333333
0.152542372881
1.0
1.21666666667
1.05
1.11666666667
0.9
1.94915254237
2.01666666667
0.55
0.616666666667
0.5
0.5
0.508474576271
0.0166666666667
1.48333333333
0.0
0.0
0.216666666667
0.796610169492
1.0
0.6
0.4
0.55
0.457627118644
0.683333333333
0.316666666667
0.0
1.0
0.133333333333
0.440677966102
0.85
0.0833333333333
0.116666666667
0.45
0.433333333333
0.406779661017
1.1
0.0
0.25
0.75
0.6
0.593220338983
0.816666666667
0.783333333333
1.2
1.73333333333
0.830508474576
0.0166666666667
0.483333333333
0.483333333333
0.516666666667
0.0
0.508474576271
0.1
0.85
0.415094339623
--END OF 11--
0.633333333333
0.0
0.0
0.0
0.0
0.0
0.366666666667
0.45
0.05
0.0
0.0
0.0
0.383333333333
0.116666666667
0.5
0.0
0.508474576271
0.0
0.0
0.0
0.0
0.216666666667
0.28813559322
0.0
0.0
0.0
0.0
0.0
0.0
0.0
0.0
0.0
0.0
0.0
0.0
0.0
0.116666666667
0.383333333333
0.0
0.0
0.5
0.0
0.0
0.0
0.0
0.0
0.5
0.0
0.0
0.0
0.542372881356
0.0
0.0
0.0
0.0
0.0
0.0
0.1
0.4
0.415094339623
--END OF 12--
