13.4666666667
13.7
13.593220339
14.35
14.4833333333
14.8
14.1333333333
13.7333333333
12.9830508475
12.75
13.9
14.5
13.7333333333
14.0
15.1694915254
13.2833333333
13.9833333333
13.4666666667
12.7166666667
13.35
13.8983050847
14.75
14.6833333333
14.7
14.2333333333
14.5166666667
13.5084745763
13.8666666667
13.85
14.9166666667
14.1666666667
13.7457627119
14.6333333333
13.85
14.15
13.7166666667
14.2166666667
14.9661016949
13.0166666667
14.7666666667
14.5833333333
13.55
14.5166666667
13.4745762712
14.7833333333
13.3166666667
13.1166666667
12.9833333333
14.45
14.5084745763
14.3666666667
14.7
14.3833333333
14.6
14.3559322034
14.6333333333
14.2
14.9166666667
14.25
14.3275862069
--END OF 1--
18.3166666667
16.7
18.0
19.8333333333
19.3
19.9333333333
18.15
20.0333333333
19.0169491525
17.7333333333
18.3666666667
18.7833333333
18.4166666667
18.8666666667
20.0677966102
18.3333333333
18.0833333333
19.1666666667
18.0166666667
17.6
18.7457627119
19.6833333333
18.1666666667
19.6166666667
19.8666666667
18.65
17.3220338983
19.0
17.9
19.4833333333
19.5333333333
19.8305084746
19.1333333333
18.7
18.8
18.0166666667
19.5666666667
19.3050847458
17.8333333333
19.6333333333
18.9
16.9333333333
18.9666666667
17.3728813559
19.5166666667
18.4166666667
18.8333333333
18.8833333333
18.7333333333
19.4745762712
19.4833333333
20.3
18.2333333333
19.15
18.7118644068
20.7833333333
19.8666666667
18.95
18.8333333333
19.224137931
--END OF 2--
19.5166666667
16.9
18.8983050847
20.2
19.9
20.0333333333
18.5
20.0666666667
19.5423728814
17.9
19.55
18.8833333333
19.0166666667
19.8333333333
21.0169491525
19.2333333333
18.3333333333
19.6833333333
18.7666666667
18.2
19.2881355932
20.35
18.5166666667
19.6166666667
20.15
18.9
17.6271186441
19.0
18.85
20.35
19.75
21.406779661
19.7833333333
19.3
20.1333333333
18.9666666667
19.8666666667
20.1016949153
17.9
20.3666666667
18.9833333333
17.45
19.25
18.3559322034
19.9166666667
19.35
19.55
20.7333333333
19.3
20.0677966102
19.7166666667
20.95
19.2833333333
20.05
18.813559322
20.9333333333
20.4
19.8166666667
19.6333333333
19.5862068966
--END OF 3--
13.4666666667
13.7
13.593220339
14.35
14.4833333333
14.8
14.1333333333
13.7333333333
12.9830508475
12.75
13.9
14.5
13.7333333333
14.0
15.1694915254
13.2833333333
13.9833333333
13.4666666667
12.7166666667
13.35
13.8983050847
14.75
14.6833333333
14.7
14.2333333333
14.5166666667
13.5084745763
13.8666666667
13.85
14.9166666667
14.1666666667
13.7457627119
14.6333333333
13.85
14.15
13.7166666667
14.2166666667
14.9661016949
13.0166666667
14.7666666667
14.5833333333
13.55
14.5166666667
13.4745762712
14.7833333333
13.3166666667
13.1166666667
12.9833333333
14.45
14.5084745763
14.3666666667
14.7
14.3833333333
14.6
14.3559322034
14.6333333333
14.2
14.9166666667
14.25
14.3275862069
--END OF 4--
18.3166666667
16.7
18.0
19.8333333333
19.3
19.9333333333
18.15
20.0333333333
19.0169491525
17.7333333333
18.3666666667
18.7833333333
18.4166666667
18.8666666667
20.0677966102
18.3333333333
18.0833333333
19.1666666667
18.0166666667
17.6
18.7457627119
19.6833333333
18.1666666667
19.6166666667
19.8666666667
18.65
17.3220338983
19.0
17.9
19.4833333333
19.5333333333
19.8305084746
19.1333333333
18.7
18.8
18.0166666667
19.5666666667
19.3050847458
17.8333333333
19.6333333333
18.9
16.9333333333
18.9666666667
17.3728813559
19.5166666667
18.4166666667
18.8333333333
18.8833333333
18.7333333333
19.4745762712
19.4833333333
20.3
18.2333333333
19.15
18.7118644068
20.7833333333
19.8666666667
18.95
18.8333333333
19.224137931
--END OF 5--
19.5166666667
16.9
18.8983050847
20.2
19.9
20.0333333333
18.5
20.0666666667
19.5423728814
17.9
19.55
18.8833333333
19.0166666667
19.8333333333
21.0169491525
19.2333333333
18.3333333333
19.6833333333
18.7666666667
18.2
19.2881355932
20.35
18.5166666667
19.6166666667
20.15
18.9
17.6271186441
19.0
18.85
20.35
19.75
21.406779661
19.7833333333
19.3
20.1333333333
18.9666666667
19.8666666667
20.1016949153
17.9
20.3666666667
18.9833333333
17.45
19.25
18.3559322034
19.9166666667
19.35
19.55
20.7333333333
19.3
20.0677966102
19.7166666667
20.95
19.2833333333
20.05
18.813559322
20.9333333333
20.4
19.8166666667
19.6333333333
19.5862068966
--END OF 6--
2609.85
2533.05
2560.62711864
2778.8
2668.85
2734.45
2679.5
2656.55
2685.3559322
2658.05
2624.05
2729.2
2635.75
2718.75
2749.06779661
2609.25
2639.85
2590.75
2644.65
2610.3
2720.13559322
2816.5
2676.2
2715.6
2757.25
2745.2
2609.74576271
2598.6
2596.0
2679.2
2704.55
2683.83050847
2685.3
2643.0
2724.4
2647.95
2779.05
2777.44067797
2496.65
2750.05
2692.15
2507.5
2706.15
2519.28813559
2729.2
2562.15
2577.7
2653.45
2689.2
2670.0
2691.25
2786.1
2701.35
2752.35
2681.44067797
2738.15
2752.15
2702.3
2668.8
2739.51724138
--END OF 7--
718.55
681.85
714.762711864
759.6
742.433333333
774.166666667
735.35
742.466666667
758.084745763
735.333333333
742.466666667
757.0
727.483333333
745.333333333
776.016949153
722.45
726.05
723.566666667
725.6
718.45
763.203389831
786.133333333
745.483333333
758.466666667
767.883333333
767.4
734.508474576
726.45
716.25
754.7
751.983333333
743.389830508
746.8
735.35
757.05
735.55
756.45
774.966101695
683.5
767.616666667
756.383333333
698.333333333
745.15
701.779661017
757.616666667
721.166666667
722.8
732.75
756.133333333
755.389830508
754.266666667
776.2
738.3
763.5
744.152542373
770.916666667
753.916666667
764.083333333
747.25
749.0
--END OF 8--
111.5
80.0
92.6101694915
112.616666667
108.133333333
112.916666667
99.0833333333
110.333333333
113.271186441
100.816666667
99.0166666667
90.7833333333
104.183333333
104.3
116.186440678
106.55
95.3
114.8
109.7
103.1
103.661016949
97.2166666667
97.25
114.933333333
119.7
102.65
89.6440677966
106.233333333
93.1666666667
106.266666667
109.066666667
115.322033898
105.95
106.55
105.65
105.85
116.2
105.06779661
107.983333333
116.016666667
110.25
85.9333333333
100.833333333
91.5254237288
106.666666667
104.266666667
109.883333333
122.6
106.266666667
116.372881356
109.25
122.75
97.95
105.55
92.0
114.9
127.816666667
97.0666666667
108.616666667
107.293103448
--END OF 9--
5.5
2.45
4.71186440678
6.5
7.5
3.68333333333
2.28333333333
7.85
5.33898305085
2.36666666667
6.05
2.23333333333
3.76666666667
4.33333333333
6.27118644068
4.5
3.45
5.08333333333
6.0
3.55
3.89830508475
6.01666666667
2.38333333333
2.81666666667
3.2
2.38333333333
2.61016949153
5.51666666667
3.75
5.73333333333
5.4
8.16949152542
4.35
3.2
4.11666666667
2.55
3.35
3.57627118644
2.68333333333
4.3
2.68333333333
4.18333333333
4.25
4.38983050847
4.01666666667
7.21666666667
8.05
6.73333333333
2.9
3.1186440678
2.41666666667
4.45
3.9
3.75
2.08474576271
5.93333333333
2.35
3.7
4.46666666667
4.68965517241
--END OF 10--
1.95
0.0
1.0
0.65
0.7
0.166666666667
0.5
0.133333333333
0.71186440678
0.183333333333
1.81666666667
0.0
0.5
1.36666666667
1.05084745763
1.1
0.35
0.216666666667
0.9
0.1
1.05084745763
0.966666666667
0.5
0.0
0.5
0.5
0.508474576271
0.0
1.0
1.81666666667
0.45
2.54237288136
0.65
1.0
1.06666666667
1.65
0.5
1.01694915254
0.0833333333333
1.08333333333
0.0
0.0
0.133333333333
1.50847457627
0.883333333333
0.966666666667
0.533333333333
2.81666666667
0.95
0.881355932203
0.466666666667
0.6
0.85
1.15
0.0
0.0
0.833333333333
1.55
1.45
0.568965517241
--END OF 11--
0.0
0.0
0.508474576271
0.0
0.0
0.0
0.0
0.0
0.169491525424
0.166666666667
0.833333333333
0.0
0.0
0.0
0.406779661017
0.6
0.0
0.166666666667
0.0
0.0
0.0338983050847
0.466666666667
0.0
0.0
0.0
0.0
0.0
0.0
0.0
0.0
0.0
1.01694915254
0.0
0.15
0.35
0.0
0.0
1.01694915254
0.0
0.4
0.0
0.0
0.0
0.508474576271
0.0
0.0
0.0
0.5
0.0
0.0
0.0
0.0
0.35
0.15
0.0
0.0
0.333333333333
0.35
0.316666666667
0.0
--END OF 12--
