28.1333333333
28.4166666667
25.4166666667
24.5333333333
26.6610169492
25.6
26.0833333333
26.4
25.8833333333
25.6666666667
26.3050847458
25.35
25.45
24.3
24.3333333333
25.1666666667
24.6949152542
22.9333333333
22.75
23.7666666667
22.0166666667
23.3666666667
23.0847457627
22.15
23.5
22.45
21.7833333333
22.4745762712
21.7666666667
20.9166666667
22.8166666667
23.1666666667
21.8666666667
22.1525423729
20.5833333333
20.8666666667
21.4166666667
20.6333333333
20.7166666667
21.5254237288
20.9166666667
20.7666666667
21.2333333333
20.3333333333
21.3
20.3
20.4576271186
20.1
19.7166666667
19.0833333333
19.75
20.5166666667
19.5084745763
20.7666666667
19.6166666667
21.2333333333
19.3
20.1166666667
19.186440678
29.4736842105
--END OF 1--
41.75
41.2166666667
38.45
34.9
38.2372881356
36.05
36.45
36.85
37.25
38.2833333333
38.4406779661
36.5333333333
38.0166666667
34.15
36.7333333333
34.75
34.7457627119
33.9166666667
33.0833333333
33.7166666667
32.45
33.55
31.3050847458
30.85
32.65
30.25
31.2833333333
31.7966101695
31.9
30.5333333333
31.6
30.3
30.3166666667
30.813559322
28.6833333333
30.2
30.65
30.2666666667
30.2833333333
30.0
29.2666666667
29.9833333333
29.0
28.7333333333
29.5
27.6
27.2372881356
29.8833333333
26.25
26.7333333333
28.7166666667
27.8666666667
27.6949152542
27.15
28.0
28.8
27.6
26.9
26.4406779661
43.3157894737
--END OF 2--
44.0833333333
44.05
41.0333333333
36.7
41.4915254237
37.85
38.1166666667
38.5
40.2166666667
39.5666666667
42.6440677966
39.3833333333
41.3833333333
36.9833333333
38.85
37.0
37.2711864407
35.5833333333
35.7
37.1833333333
36.0
35.4666666667
34.0677966102
31.85
33.6
31.25
32.2833333333
35.7796610169
33.0833333333
31.6333333333
33.15
31.2833333333
32.15
32.6779661017
31.2333333333
31.85
32.4666666667
32.0666666667
32.0166666667
32.6440677966
30.0166666667
31.15
29.7666666667
30.0833333333
30.95
29.15
28.9661016949
31.1
27.6166666667
29.0333333333
30.1833333333
29.9
29.0508474576
28.15
30.1833333333
30.2166666667
28.4
29.05
26.9830508475
46.1929824561
--END OF 3--
24.5666666667
24.4666666667
22.6166666667
22.1
23.3389830508
22.6
23.2166666667
23.45
23.15
23.0166666667
23.3050847458
22.8
22.9
22.3166666667
22.35
22.55
22.6949152542
21.6
21.5666666667
22.0833333333
20.8666666667
21.9
21.593220339
21.1
21.95
21.35
20.8333333333
21.1694915254
20.7666666667
20.3333333333
21.45
21.6666666667
20.9166666667
21.1525423729
20.05
20.0666666667
20.4166666667
19.8833333333
20.05
20.5254237288
19.9166666667
20.0833333333
20.4666666667
19.8833333333
20.3
19.8
19.9661016949
19.6833333333
19.1666666667
19.0833333333
19.3166666667
19.9666666667
19.0847457627
20.0666666667
19.0333333333
20.2333333333
18.8666666667
19.7666666667
19.186440678
25.4385964912
--END OF 4--
36.8333333333
36.5666666667
34.5
32.3166666667
34.6610169492
33.2
33.65
33.85
34.15
34.7666666667
34.9661016949
33.6833333333
34.4166666667
32.25
33.7833333333
32.55
32.7288135593
32.3333333333
31.7333333333
32.1
31.2833333333
31.85
30.5254237288
30.25
31.65
29.8
30.5666666667
30.8305084746
30.75
29.9166666667
30.65
29.7833333333
29.9166666667
30.2542372881
28.6166666667
29.7333333333
29.9
29.8166666667
29.8333333333
29.6440677966
29.1666666667
29.7
28.7333333333
28.6833333333
29.35
27.6
27.2033898305
29.4666666667
26.25
26.7333333333
28.5166666667
27.8666666667
27.4915254237
27.15
27.85
28.8
27.6
26.9
26.4406779661
37.7368421053
--END OF 5--
43.55
43.8
41.0333333333
36.7
41.4915254237
37.85
38.1166666667
38.5
40.2166666667
39.5666666667
42.5762711864
39.3833333333
41.3833333333
36.9833333333
38.85
37.0
37.2711864407
35.5833333333
35.7
37.1833333333
36.0
35.4666666667
34.0677966102
31.85
33.6
31.25
32.2833333333
35.7796610169
33.0833333333
31.6333333333
33.15
31.2833333333
32.15
32.6779661017
31.2333333333
31.85
32.4666666667
32.0666666667
32.0166666667
32.6440677966
30.0166666667
31.15
29.7666666667
30.0833333333
30.95
29.15
28.9661016949
31.1
27.6166666667
29.0333333333
30.1833333333
29.9
29.0508474576
28.15
30.1833333333
30.2166666667
28.4
29.05
26.9830508475
45.3684210526
--END OF 6--
5290.7
5233.1
5065.85
4673.2
4954.88135593
4898.55
4964.45
4913.1
4906.0
4821.6
5090.54237288
4807.6
4763.85
4613.2
4720.0
4736.9
4652.03389831
4494.8
4432.25
4474.55
4300.7
4406.05
4273.6779661
4206.15
4433.1
4212.75
4008.25
4278.91525424
4251.55
4039.85
4292.5
4236.65
4091.75
4102.93220339
3948.4
4083.15
4197.25
4073.65
4055.05
4073.28813559
3975.45
3930.1
3987.55
3805.65
3984.45
3793.2
3723.71186441
3935.8
3780.2
3700.65
3726.1
3855.95
3724.3220339
3873.25
3847.35
4141.0
3712.75
3860.4
3662.08474576
5531.0
--END OF 7--
1463.71666667
1469.76666667
1390.03333333
1295.53333333
1376.96610169
1359.2
1365.76666667
1371.25
1360.2
1343.63333333
1378.28813559
1329.26666667
1342.91666667
1274.96666667
1288.88333333
1333.43333333
1291.96610169
1238.81666667
1216.36666667
1249.5
1175.41666667
1229.71666667
1187.98305085
1169.85
1222.6
1147.0
1115.63333333
1193.59322034
1173.86666667
1098.98333333
1196.36666667
1184.56666667
1141.63333333
1148.23728814
1094.03333333
1114.05
1136.25
1114.76666667
1107.26666667
1118.50847458
1106.75
1088.25
1093.26666667
1069.65
1117.05
1067.65
1051.30508475
1095.56666667
1056.91666667
1020.13333333
1046.51666667
1064.33333333
1040.22033898
1070.28333333
1062.86666667
1145.6
1038.76666667
1054.21666667
1012.3559322
1536.63157895
--END OF 8--
241.15
236.0
251.066666667
202.516666667
233.169491525
200.95
191.6
199.15
204.666666667
224.466666667
221.440677966
212.566666667
207.266666667
186.316666667
219.166666667
196.5
208.966101695
182.366666667
181.633333333
204.9
205.933333333
201.2
173.203389831
164.75
166.1
161.05
192.066666667
186.610169492
180.216666667
169.766666667
163.55
163.016666667
166.8
169.627118644
162.1
172.933333333
186.983333333
175.833333333
170.35
173.559322034
169.0
173.916666667
157.966666667
160.85
164.65
157.7
156.355932203
179.633333333
141.85
151.15
167.716666667
164.016666667
158.220338983
135.95
162.766666667
155.033333333
152.65
149.066666667
142.06779661
257.842105263
--END OF 9--
17.8833333333
19.5833333333
14.8
11.8166666667
16.3389830508
12.3
14.25
13.65
18.0666666667
15.7166666667
22.4576271186
12.8166666667
22.9166666667
13.65
18.2333333333
11.9166666667
12.3728813559
15.35
16.5
14.2166666667
14.1833333333
12.8166666667
11.4576271186
8.65
7.85
8.6
11.0
11.5084745763
9.31666666667
9.1
9.06666666667
5.55
10.65
10.6271186441
11.35
11.7833333333
11.4
12.7833333333
13.45
11.6949152542
7.85
11.95
9.38333333333
11.3
7.2
6.3
6.13559322034
9.43333333333
7.15
10.0666666667
11.35
8.35
7.35593220339
7.36666666667
12.15
7.18333333333
11.45
7.25
6.30508474576
17.649122807
--END OF 10--
3.91666666667
3.98333333333
3.25
2.76666666667
4.52542372881
2.8
1.16666666667
1.9
4.68333333333
1.6
4.83050847458
3.5
4.66666666667
3.38333333333
3.25
3.35
3.96610169492
2.1
2.31666666667
4.31666666667
5.58333333333
2.61666666667
4.20338983051
1.55
1.15
1.25
1.13333333333
6.38983050847
1.45
1.66666666667
2.71666666667
1.51666666667
2.98333333333
2.47457627119
3.88333333333
2.4
2.35
2.95
2.31666666667
3.64406779661
0.8
1.0
0.633333333333
1.0
2.2
1.9
2.94915254237
1.8
1.85
3.05
2.66666666667
3.5
1.94915254237
1.9
3.18333333333
1.16666666667
1.05
3.2
0.813559322034
3.14035087719
--END OF 11--
0.166666666667
0.5
0.266666666667
0.466666666667
2.33898305085
0.1
0.4
0.0
0.0
0.616666666667
1.89830508475
0.35
1.65
0.3
0.5
1.11666666667
0.508474576271
0.0
0.933333333333
0.833333333333
1.35
0.25
0.796610169492
0.5
0.45
0.25
0.05
1.57627118644
0.666666666667
0.5
0.0
0.333333333333
0.666666666667
1.01694915254
1.55
0.533333333333
0.383333333333
0.466666666667
0.2
0.0
0.0
0.583333333333
0.05
0.5
1.5
0.8
0.203389830508
0.0
0.0
0.5
0.383333333333
0.316666666667
0.0
0.216666666667
0.716666666667
0.0
0.0166666666667
0.483333333333
0.0
0.859649122807
--END OF 12--
