18.25
18.2833333333
17.7833333333
19.7627118644
20.05
18.55
17.6333333333
17.9833333333
19.6
18.7457627119
19.8
20.7
19.4833333333
19.8
19.15
19.9491525424
19.0833333333
19.9
19.2
19.55
18.4666666667
19.0508474576
19.15
19.25
18.7166666667
19.6666666667
19.2833333333
20.0
19.05
19.6
19.85
20.9333333333
19.9333333333
20.1016949153
18.3833333333
18.2166666667
19.4833333333
19.7333333333
20.1
19.6440677966
19.05
19.3
18.6
19.15
19.2833333333
20.3220338983
19.5166666667
19.3833333333
19.9166666667
19.45
19.1525423729
18.8833333333
19.65
19.9333333333
19.4
20.75
20.3220338983
19.7333333333
20.3833333333
17.7192982456
--END OF 1--
24.4166666667
23.5333333333
23.4
24.7288135593
26.6833333333
25.6
24.5
24.2166666667
25.7166666667
25.9322033898
25.7833333333
27.1
26.3833333333
26.35
25.95
26.0677966102
25.3833333333
26.3
25.35
25.8
24.2666666667
26.3050847458
25.7
25.65
25.25
26.9666666667
24.9333333333
25.5762711864
26.4833333333
26.2166666667
26.9166666667
28.35
27.35
28.8644067797
24.6833333333
25.5666666667
26.3333333333
25.4833333333
27.1166666667
29.0169491525
25.5166666667
25.7333333333
26.1166666667
26.6333333333
26.4
26.8305084746
26.5333333333
26.25
27.9666666667
25.8333333333
26.6440677966
25.25
27.75
26.5833333333
25.8
30.25
28.5254237288
26.9666666667
28.1166666667
24.2631578947
--END OF 2--
24.9166666667
24.9333333333
24.6
26.8983050847
27.5333333333
26.2333333333
25.6166666667
24.7
26.55
26.4576271186
26.5
28.3166666667
26.5333333333
26.6333333333
27.4333333333
27.2711864407
25.9833333333
27.45
26.1
26.6
24.3166666667
27.406779661
26.95
26.2666666667
25.6833333333
27.2333333333
25.1833333333
26.9152542373
27.8166666667
26.7666666667
28.5333333333
29.9833333333
28.4
30.0338983051
25.0833333333
27.5666666667
27.4333333333
26.8333333333
28.0833333333
29.6779661017
26.5333333333
27.7666666667
27.1166666667
28.4666666667
27.1333333333
27.4745762712
27.2666666667
26.4166666667
28.7166666667
26.45
27.1016949153
25.7333333333
29.7
27.5833333333
26.9
30.8
29.9322033898
27.6666666667
28.6833333333
25.5614035088
--END OF 3--
18.2
18.2333333333
17.7166666667
19.4576271186
19.7
18.55
17.6333333333
17.9833333333
19.4166666667
18.7457627119
19.2333333333
19.95
19.35
19.65
19.1
19.3898305085
19.0833333333
19.6
19.2
19.3
18.4666666667
19.0508474576
19.1
19.25
18.7166666667
19.5833333333
19.0166666667
19.6440677966
19.05
19.4
19.75
20.2
19.65
19.7118644068
18.3833333333
18.2166666667
19.3666666667
19.5333333333
19.6666666667
19.593220339
19.05
19.0
18.5333333333
19.15
19.1333333333
20.0
19.45
19.2
19.8
19.15
19.0
18.85
19.6
19.7833333333
19.15
20.1
19.9322033898
19.6333333333
19.9833333333
17.7192982456
--END OF 4--
24.4166666667
23.5333333333
23.4
24.7288135593
26.6833333333
25.6
24.5
24.2166666667
25.7166666667
25.9322033898
25.7833333333
27.1
26.3833333333
26.35
25.95
26.0677966102
25.3833333333
26.3
25.35
25.8
24.2666666667
26.3050847458
25.7
25.65
25.25
26.9666666667
24.9333333333
25.5762711864
26.4833333333
26.2166666667
26.9166666667
28.35
27.35
28.6779661017
24.6833333333
25.5666666667
26.3333333333
25.4833333333
27.1166666667
28.7118644068
25.5166666667
25.7333333333
26.1166666667
26.6333333333
26.4
26.8305084746
26.5333333333
26.25
27.9
25.8333333333
26.6440677966
25.25
27.75
26.5833333333
25.8
29.8
28.4237288136
26.95
28.1166666667
24.2631578947
--END OF 5--
24.9166666667
24.9333333333
24.6
26.8983050847
27.5333333333
26.2333333333
25.6166666667
24.7
26.55
26.4576271186
26.5
28.3166666667
26.5333333333
26.6333333333
27.4333333333
27.2711864407
25.9833333333
27.45
26.1
26.6
24.3166666667
27.406779661
26.95
26.2666666667
25.6833333333
27.2333333333
25.1833333333
26.9152542373
27.8166666667
26.7666666667
28.5333333333
29.9833333333
28.4
30.0338983051
25.0833333333
27.5666666667
27.4333333333
26.8333333333
28.0833333333
29.6779661017
26.5333333333
27.7666666667
27.1166666667
28.4666666667
27.1333333333
27.4745762712
27.2666666667
26.4166666667
28.7166666667
26.45
27.1016949153
25.7333333333
29.7
27.5833333333
26.9
30.8
29.9322033898
27.6666666667
28.6833333333
25.5614035088
--END OF 6--
3537.6
3520.95
3385.0
3574.11864407
3643.05
3489.15
3434.8
3468.05
3728.2
3570.40677966
3679.5
3839.3
3686.35
3606.85
3580.15
3721.98305085
3593.55
3699.6
3585.15
3722.25
3607.35
3630.0
3616.55
3491.1
3557.7
3736.55
3532.3
3736.3220339
3654.6
3652.1
3774.6
3765.75
3753.1
3719.49152542
3481.65
3463.5
3642.65
3613.8
3804.3
3677.08474576
3526.55
3657.4
3579.9
3577.8
3584.7
3725.74576271
3648.85
3559.2
3824.65
3732.0
3657.15254237
3566.9
3637.2
3643.95
3616.2
3918.3
3780.0
3668.05
3758.95
3395.52631579
--END OF 7--
973.65
976.0
927.35
1006.79661017
1027.38333333
972.866666667
953.566666667
951.316666667
1009.06666667
996.322033898
1040.45
1066.06666667
1008.75
995.933333333
989.8
1044.81355932
981.35
1034.75
984.95
1029.8
980.85
1002.10169492
1015.88333333
994.733333333
971.316666667
1021.41666667
984.466666667
1013.0
1004.65
999.45
1038.16666667
1061.88333333
1029.05
1052.49152542
950.2
966.65
1002.55
1002.45
1045.11666667
1043.6779661
977.5
1010.36666667
995.95
996.4
995.75
1038.88135593
1009.48333333
1007.33333333
1059.63333333
1028.53333333
1018.59322034
1001.0
1027.25
1018.7
1004.3
1089.4
1058.55932203
1027.36666667
1044.86666667
943.789473684
--END OF 8--
131.883333333
116.3
129.8
122.847457627
137.05
150.316666667
147.3
128.983333333
145.05
145.779661017
148.616666667
133.1
132.383333333
139.783333333
145.316666667
133.372881356
137.7
139.25
129.0
137.4
120.8
138.728813559
141.3
139.333333333
139.333333333
146.4
122.316666667
131.86440678
151.116666667
148.5
156.05
158.366666667
152.85
175.152542373
138.5
152.25
150.183333333
132.35
150.55
171.271186441
134.916666667
137.95
150.15
165.0
146.466666667
166.525423729
143.933333333
140.05
158.716666667
137.966666667
149.898305085
131.783333333
167.3
138.2
127.2
189.45
169.406779661
152.133333333
165.65
133.438596491
--END OF 9--
5.11666666667
5.9
3.41666666667
6.61016949153
7.15
4.46666666667
5.73333333333
3.31666666667
4.08333333333
4.50847457627
3.78333333333
8.41666666667
5.21666666667
3.61666666667
7.78333333333
8.05084745763
6.45
5.95
4.65
4.85
1.2
6.15254237288
5.48333333333
4.4
2.55
6.65
3.58333333333
5.91525423729
7.05
2.55
7.66666666667
9.86666666667
8.38333333333
8.47457627119
5.1
7.4
7.66666666667
6.65
6.81666666667
11.9152542373
7.46666666667
10.6333333333
5.25
9.35
8.05
2.76271186441
6.91666666667
6.13333333333
7.38333333333
4.18333333333
6.57627118644
3.86666666667
9.45
5.5
4.5
7.25
5.69491525424
4.15
7.78333333333
5.17543859649
--END OF 10--
0.616666666667
2.7
1.78333333333
2.45762711864
1.4
1.11666666667
2.08333333333
0.5
0.733333333333
0.813559322034
0.733333333333
2.26666666667
0.133333333333
0.383333333333
2.38333333333
1.45762711864
0.65
1.15
1.0
1.0
0.3
2.0
1.71666666667
0.516666666667
0.683333333333
0.316666666667
0.5
2.5593220339
1.71666666667
0.5
2.43333333333
2.23333333333
1.33333333333
1.66101694915
0.65
2.9
1.01666666667
2.25
1.28333333333
0.406779661017
1.7
3.03333333333
1.4
2.33333333333
0.566666666667
0.745762711864
1.2
0.133333333333
1.4
0.8
0.338983050847
0.5
2.95
1.7
1.45
0.65
1.91525423729
1.1
0.733333333333
1.84210526316
--END OF 11--
0.166666666667
0.0
0.533333333333
1.45762711864
0.0666666666667
0.0
0.0
0.5
0.5
0.0
0.266666666667
0.233333333333
0.0
0.266666666667
0.233333333333
0.508474576271
0.2
0.3
0.5
0.0
0.0
0.0
0.0
0.0
0.183333333333
0.316666666667
0.0
0.0169491525424
0.95
0.0
0.0666666666667
0.433333333333
0.0
0.627118644068
0.05
1.5
0.0
0.0
0.1
0.406779661017
0.0333333333333
1.46666666667
0.633333333333
0.983333333333
0.0166666666667
0.0
0.0
0.0
0.3
0.0
0.237288135593
0.166666666667
0.1
0.05
0.95
0.0
0.440677966102
0.0
0.5
0.210526315789
--END OF 12--
