12.75
13.4166666667
14.2
13.5166666667
12.3
13.2542372881
11.1666666667
12.5
13.4333333333
13.5
12.55
12.2033898305
12.6
11.9833333333
11.65
12.0833333333
12.4833333333
11.2881355932
12.4
11.3833333333
12.9833333333
13.8833333333
12.2711864407
12.9
11.9166666667
13.3833333333
12.8166666667
12.65
13.0169491525
13.5333333333
11.9333333333
13.7666666667
13.1166666667
14.0166666667
11.9661016949
13.95
12.6
12.6333333333
12.4166666667
12.8666666667
12.3220338983
12.1833333333
12.9833333333
13.3833333333
12.55
12.5423728814
12.85
11.9
11.8
13.2
12.4333333333
12.6101694915
13.2
13.25
13.4833333333
12.6
11.8333333333
12.8305084746
11.7166666667
12.9473684211
--END OF 1--
17.85
18.85
19.35
19.3166666667
18.15
18.8305084746
17.6333333333
17.0
16.4
18.5333333333
17.2166666667
16.4745762712
17.4
16.6833333333
16.8
17.2166666667
17.0333333333
16.593220339
17.2
16.5833333333
17.1833333333
18.4833333333
17.186440678
17.4833333333
17.0333333333
18.9333333333
18.4333333333
17.0
18.3220338983
18.9333333333
16.8833333333
18.7833333333
17.5333333333
19.2
17.186440678
20.6833333333
17.65
16.9333333333
16.8166666667
17.0666666667
16.6101694915
17.75
17.7666666667
18.9833333333
17.5
17.0338983051
17.0333333333
16.4833333333
15.45
17.5666666667
17.35
17.4406779661
18.1
18.5
18.0333333333
18.3
16.5833333333
18.1355932203
16.4333333333
18.3684210526
--END OF 2--
19.25
19.7666666667
20.05
19.4166666667
18.6
20.2033898305
17.7666666667
17.0
16.4
18.5333333333
17.3
16.5423728814
18.3166666667
17.5833333333
18.25
17.7666666667
17.4333333333
17.2372881356
17.3
17.5833333333
17.9833333333
18.9333333333
18.8983050847
17.7333333333
17.6666666667
20.2833333333
18.8166666667
17.35
19.3389830508
19.9666666667
17.6
18.8
18.6833333333
19.9
17.8305084746
21.8
17.95
17.1833333333
17.5166666667
17.6666666667
17.1525423729
18.15
18.0833333333
19.8333333333
17.7833333333
18.0338983051
17.95
17.7833333333
16.35
17.9
17.5166666667
18.7457627119
19.4
18.9
18.4333333333
18.7
17.5333333333
18.5762711864
17.0833333333
19.2631578947
--END OF 3--
12.75
13.4166666667
14.2
13.5166666667
12.3
13.2542372881
11.1666666667
12.5
13.4333333333
13.5
12.55
12.2033898305
12.6
11.9833333333
11.65
12.0833333333
12.4833333333
11.2881355932
12.4
11.3833333333
12.9833333333
13.8833333333
12.2711864407
12.9
11.9166666667
13.3833333333
12.8166666667
12.65
13.0169491525
13.5333333333
11.9333333333
13.7666666667
13.1166666667
14.0166666667
11.9661016949
13.95
12.6
12.6333333333
12.4166666667
12.8666666667
12.3220338983
12.1833333333
12.9833333333
13.3833333333
12.55
12.5423728814
12.85
11.9
11.8
13.2
12.4333333333
12.6101694915
13.2
13.25
13.4833333333
12.6
11.8333333333
12.8305084746
11.7166666667
12.9473684211
--END OF 4--
17.85
18.85
19.35
19.3166666667
18.15
18.8305084746
17.6333333333
17.0
16.4
18.5333333333
17.2166666667
16.4745762712
17.4
16.6833333333
16.8
17.2166666667
17.0333333333
16.593220339
17.2
16.5833333333
17.1833333333
18.4833333333
17.186440678
17.4833333333
17.0333333333
18.9333333333
18.4333333333
17.0
18.3220338983
18.9333333333
16.8833333333
18.7833333333
17.5333333333
19.2
17.186440678
20.6833333333
17.65
16.9333333333
16.8166666667
17.0666666667
16.6101694915
17.75
17.7666666667
18.9833333333
17.5
17.0338983051
17.0333333333
16.4833333333
15.45
17.5666666667
17.35
17.4406779661
18.1
18.5
18.0333333333
18.3
16.5833333333
18.1355932203
16.4333333333
18.3684210526
--END OF 5--
19.25
19.7666666667
20.05
19.4166666667
18.6
20.2033898305
17.7666666667
17.0
16.4
18.5333333333
17.3
16.5423728814
18.3166666667
17.5833333333
18.25
17.7666666667
17.4333333333
17.2372881356
17.3
17.5833333333
17.9833333333
18.9333333333
18.8983050847
17.7333333333
17.6666666667
20.2833333333
18.8166666667
17.35
19.3389830508
19.9666666667
17.6
18.8
18.6833333333
19.9
17.8305084746
21.8
17.95
17.1833333333
17.5166666667
17.6666666667
17.1525423729
18.15
18.0833333333
19.8333333333
17.7833333333
18.0338983051
17.95
17.7833333333
16.35
17.9
17.5166666667
18.7457627119
19.4
18.9
18.4333333333
18.7
17.5333333333
18.5762711864
17.0833333333
19.2631578947
--END OF 6--
2427.9
2519.6
2622.6
2629.2
2474.55
2594.69491525
2345.65
2325.45
2487.1
2498.35
2384.65
2251.42372881
2372.15
2325.65
2379.85
2363.65
2411.75
2327.13559322
2373.9
2273.4
2446.8
2589.3
2310.40677966
2524.55
2466.35
2651.6
2547.9
2438.15
2623.6779661
2652.0
2315.65
2510.4
2517.25
2559.35
2302.88135593
2732.15
2437.65
2459.4
2490.6
2393.55
2373.81355932
2502.6
2496.7
2575.25
2343.8
2377.47457627
2442.65
2335.1
2274.45
2447.3
2412.3
2377.3220339
2517.3
2527.05
2454.3
2486.25
2348.25
2435.59322034
2395.05
2390.05263158
--END OF 7--
671.35
703.383333333
737.3
744.2
690.7
710.525423729
648.25
659.9
676.45
704.116666667
658.35
636.474576271
671.983333333
634.683333333
655.266666667
665.183333333
699.0
647.677966102
660.2
618.65
675.0
729.4
649.86440678
704.133333333
664.05
724.666666667
718.45
683.983333333
721.237288136
724.916666667
639.716666667
703.933333333
685.166666667
732.416666667
648.305084746
760.066666667
674.15
665.5
679.85
666.55
660.305084746
677.783333333
695.216666667
720.6
656.25
658.881355932
669.7
655.1
624.583333333
686.2
665.783333333
663.491525424
693.95
696.0
696.15
697.25
656.4
676.084745763
644.633333333
683.421052632
--END OF 8--
109.3
111.983333333
122.3
118.9
110.0
120.559322034
118.35
105.633333333
71.35
97.55
102.566666667
94.6101694915
94.5666666667
85.9833333333
107.416666667
103.733333333
96.2833333333
110.220338983
104.5
97.85
97.95
103.05
106.118644068
94.35
89.95
124.2
111.583333333
101.366666667
115.372881356
104.166666667
97.4
113.916666667
104.383333333
112.066666667
104.338983051
126.466666667
100.85
100.8
93.65
93.4
102.881355932
117.7
102.35
115.233333333
104.166666667
104.016949153
94.4
96.4333333333
88.45
99.8166666667
102.283333333
112.677966102
118.8
111.65
104.45
118.1
92.85
102.898305085
100.016666667
107.263157895
--END OF 9--
6.4
6.01666666667
3.2
4.45
3.75
5.47457627119
3.95
1.86666666667
2.23333333333
4.36666666667
2.71666666667
2.18644067797
7.01666666667
6.55
5.51666666667
3.75
3.03333333333
4.86440677966
2.4
7.65
3.65
2.15
7.01694915254
2.25
6.58333333333
5.38333333333
3.51666666667
3.41666666667
5.30508474576
4.68333333333
4.85
2.6
3.88333333333
5.25
4.59322033898
7.81666666667
4.45
2.35
4.45
4.7
1.94915254237
4.21666666667
2.6
5.35
1.96666666667
3.01694915254
2.98333333333
3.0
2.5
3.06666666667
3.81666666667
4.05084745763
4.55
5.55
3.7
2.65
4.65
6.0
4.93333333333
7.68421052632
--END OF 10--
2.3
1.31666666667
0.5
0.0
0.75
2.40677966102
0.116666666667
0.0
0.0
0.0
0.0
0.0
1.18333333333
1.53333333333
2.43333333333
1.05
0.833333333333
0.949152542373
0.3
1.5
1.15
0.85
2.66101694915
0.566666666667
0.533333333333
2.2
0.583333333333
0.183333333333
0.830508474576
1.83333333333
0.583333333333
0.1
1.4
1.15
0.847457627119
1.13333333333
0.3
0.4
0.5
0.5
0.28813559322
0.7
0.516666666667
1.0
0.233333333333
1.15254237288
1.65
1.9
1.55
0.633333333333
0.183333333333
2.40677966102
1.9
0.6
0.95
0.35
1.65
0.525423728814
1.31666666667
1.31578947368
--END OF 11--
0.0
0.366666666667
0.0
0.0
0.25
0.423728813559
0.0
0.0
0.0
0.0
0.0
0.0
0.0
0.0
0.0
0.0
0.0
0.0
0.0
0.5
0.0
0.5
0.0
0.0
0.0
0.0
0.0
0.0
0.0
0.0
0.0
0.0166666666667
1.4
0.0833333333333
0.0
0.5
0.0
0.0
0.5
0.5
0.28813559322
0.216666666667
0.0
0.5
0.0
0.508474576271
0.183333333333
0.583333333333
0.0
0.0
0.0
0.610169491525
0.85
0.05
0.0
0.25
0.75
0.0
0.333333333333
0.0
--END OF 12--
