12.9
12.5833333333
12.2833333333
12.75
12.15
12.6610169492
12.3666666667
12.2
11.7333333333
12.1833333333
12.5166666667
12.4833333333
11.7627118644
11.8
12.45
11.2166666667
11.9666666667
11.9491525424
11.4
11.8
12.3833333333
11.4666666667
10.05
11.5593220339
11.9333333333
12.45
11.8
11.3166666667
11.5254237288
11.75
11.1833333333
10.8833333333
10.95
11.3833333333
11.4915254237
11.1833333333
11.2166666667
11.2333333333
10.9166666667
11.15
11.0508474576
10.8333333333
10.65
10.3166666667
11.1666666667
10.1833333333
10.0677966102
11.4
10.35
10.5666666667
11.45
10.7966101695
11.3333333333
10.35
10.75
10.65
10.3
10.9322033898
10.8166666667
11.4385964912
--END OF 1--
17.5
17.4333333333
16.7333333333
18.2833333333
16.55
17.4576271186
15.9833333333
17.4833333333
15.7666666667
16.1833333333
18.0333333333
16.75
16.4915254237
15.7166666667
16.6166666667
15.8833333333
16.7
16.3728813559
14.6
15.8
16.9833333333
15.3666666667
14.2
16.9152542373
16.4833333333
17.0166666667
15.4166666667
15.2
16.1186440678
15.55
15.35
14.6166666667
14.9333333333
14.5333333333
15.4576271186
14.8833333333
15.5166666667
15.8333333333
15.2166666667
14.05
14.7118644068
14.4166666667
14.5
14.6333333333
15.45
14.6166666667
15.0169491525
15.4666666667
13.9333333333
14.6666666667
16.8166666667
14.8983050847
14.7333333333
13.75
14.1
13.45
13.35
14.8305084746
15.6833333333
15.8070175439
--END OF 2--
18.05
18.6833333333
17.0833333333
19.7666666667
17.35
18.2372881356
16.65
18.1
15.7666666667
16.1833333333
18.0666666667
17.35
17.7966101695
15.9666666667
17.2833333333
15.95
16.7
16.7796610169
14.9
16.3
17.4333333333
16.5166666667
15.4
17.1525423729
16.7166666667
17.4166666667
15.9166666667
15.45
16.3389830508
16.0
15.6
15.2833333333
15.3166666667
14.7833333333
15.7118644068
15.2333333333
15.7666666667
16.2333333333
16.0166666667
14.1
15.2033898305
14.9166666667
15.2666666667
15.0
15.7333333333
14.9166666667
16.1525423729
16.6
14.35
14.9
17.0666666667
14.8983050847
14.9333333333
14.35
14.55
14.35
13.4
15.3898305085
16.6666666667
16.2807017544
--END OF 3--
12.9
12.5833333333
12.2833333333
12.75
12.15
12.6610169492
12.3666666667
12.2
11.7333333333
12.1833333333
12.5166666667
12.4833333333
11.7627118644
11.8
12.45
11.2166666667
11.9666666667
11.9491525424
11.4
11.8
12.3833333333
11.4666666667
10.05
11.5593220339
11.9333333333
12.45
11.8
11.3166666667
11.5254237288
11.75
11.1833333333
10.8833333333
10.95
11.3833333333
11.4915254237
11.1833333333
11.2166666667
11.2333333333
10.9166666667
11.15
11.0508474576
10.8333333333
10.65
10.3166666667
11.1666666667
10.1833333333
10.0677966102
11.4
10.35
10.5666666667
11.45
10.7966101695
11.3333333333
10.35
10.75
10.65
10.3
10.9322033898
10.8166666667
11.4385964912
--END OF 4--
17.5
17.4333333333
16.7333333333
18.2833333333
16.55
17.4576271186
15.9833333333
17.4833333333
15.7666666667
16.1833333333
18.0333333333
16.75
16.4915254237
15.7166666667
16.6166666667
15.8833333333
16.7
16.3728813559
14.6
15.8
16.9833333333
15.3666666667
14.2
16.9152542373
16.4833333333
17.0166666667
15.4166666667
15.2
16.1186440678
15.55
15.35
14.6166666667
14.9333333333
14.5333333333
15.4576271186
14.8833333333
15.5166666667
15.8333333333
15.2166666667
14.05
14.7118644068
14.4166666667
14.5
14.6333333333
15.45
14.6166666667
15.0169491525
15.4666666667
13.9333333333
14.6666666667
16.8166666667
14.8983050847
14.7333333333
13.75
14.1
13.45
13.35
14.8305084746
15.6833333333
15.8070175439
--END OF 5--
18.05
18.6833333333
17.0833333333
19.7666666667
17.35
18.2372881356
16.65
18.1
15.7666666667
16.1833333333
18.0666666667
17.35
17.7966101695
15.9666666667
17.2833333333
15.95
16.7
16.7796610169
14.9
16.3
17.4333333333
16.5166666667
15.4
17.1525423729
16.7166666667
17.4166666667
15.9166666667
15.45
16.3389830508
16.0
15.6
15.2833333333
15.3166666667
14.7833333333
15.7118644068
15.2333333333
15.7666666667
16.2333333333
16.0166666667
14.1
15.2033898305
14.9166666667
15.2666666667
15.0
15.7333333333
14.9166666667
16.1525423729
16.6
14.35
14.9
17.0666666667
14.8983050847
14.9333333333
14.35
14.55
14.35
13.4
15.3898305085
16.6666666667
16.2807017544
--END OF 6--
2401.05
2518.35
2410.35
2458.15
2310.75
2403.45762712
2395.2
2378.5
2222.8
2275.05
2417.2
2307.45
2287.11864407
2203.0
2240.75
2162.3
2251.3
2275.77966102
2130.75
2202.45
2334.45
2177.1
2024.25
2241.55932203
2298.5
2326.05
2215.75
2182.0
2255.69491525
2137.25
2129.0
2099.4
2092.4
2061.7
2093.08474576
2160.0
2123.25
2132.55
2079.3
2097.9
2062.27118644
2027.8
2036.15
2070.75
2015.35
1951.8
2038.6779661
2267.5
2037.7
2060.8
2282.0
2047.22033898
2077.95
2053.2
2050.5
1958.4
1910.25
2069.23728814
2140.1
2312.05263158
--END OF 7--
687.85
678.05
663.45
696.05
648.05
678.0
652.516666667
663.216666667
624.8
646.216666667
663.25
646.75
637.762711864
617.383333333
642.2
604.933333333
629.833333333
627.847457627
593.2
625.7
640.8
616.6
567.0
629.881355932
644.466666667
653.25
613.65
616.266666667
623.271186441
614.15
602.4
580.683333333
571.7
585.266666667
593.06779661
606.25
598.65
600.75
591.0
578.5
579.406779661
570.35
563.216666667
558.983333333
588.033333333
563.25
565.118644068
628.733333333
579.766666667
568.9
621.75
575.271186441
593.85
557.3
558.65
542.75
524.8
584.13559322
586.766666667
637.473684211
--END OF 8--
106.55
97.75
99.55
108.35
104.2
106.457627119
87.1333333333
102.783333333
83.3833333333
82.35
107.9
102.35
102.118644068
93.55
99.8833333333
98.6666666667
97.2833333333
103.305084746
77.55
93.45
96.05
98.15
86.9
94.5084745763
97.45
96.2166666667
86.8166666667
91.5333333333
85.1186440678
89.2166666667
96.25
92.4166666667
85.8833333333
86.2166666667
80.1355932203
87.1
83.85
90.25
89.3
70.85
83.1525423729
76.7
87.95
92.9166666667
95.6
98.1833333333
94.593220339
84.0833333333
82.7166666667
94.1
95.55
97.3050847458
74.7
78.3
83.9
74.8
74.8
78.0677966102
96.1833333333
89.8421052632
--END OF 9--
2.2
5.25
2.95
6.53333333333
3.95
2.54237288136
4.33333333333
6.95
2.96666666667
2.78333333333
4.53333333333
2.63333333333
5.37288135593
2.43333333333
2.58333333333
2.21666666667
3.3
4.06779661017
3.25
2.6
4.75
5.55
7.4
6.8813559322
1.46666666667
2.73333333333
4.03333333333
3.43333333333
3.08474576271
1.95
1.63333333333
2.7
3.83333333333
2.86666666667
4.66101694915
2.55
3.65
5.65
3.35
2.5
2.59322033898
3.56666666667
2.41666666667
2.33333333333
3.2
1.68333333333
7.1186440678
3.88333333333
1.3
1.73333333333
5.55
2.64406779661
2.95
3.25
3.1
1.8
2.95
3.67796610169
6.38333333333
3.73684210526
--END OF 10--
0.6
1.85
0.55
2.68333333333
0.45
0.796610169492
0.8
1.15
0.0
0.0
0.0833333333333
0.933333333333
2.35593220339
0.183333333333
0.966666666667
0.0833333333333
0.0
0.508474576271
0.6
0.85
0.75
1.45
1.35
0.169491525424
0.416666666667
0.966666666667
1.13333333333
0.566666666667
0.423728813559
0.0
0.0
1.26666666667
0.233333333333
0.466666666667
0.542372881356
0.0
0.1
0.4
1.35
0.15
0.745762711864
0.85
0.916666666667
0.566666666667
0.433333333333
0.5
1.42372881356
1.66666666667
0.433333333333
0.416666666667
0.55
0.0
0.0
0.95
0.6
1.35
0.1
0.474576271186
0.883333333333
0.894736842105
--END OF 11--
0.0
0.95
0.05
0.0
0.0
0.508474576271
0.0
0.0
0.0
0.0
0.0
0.0
0.0
0.0
0.2
0.0
0.0
0.0
0.0
0.0
0.05
0.7
0.75
0.0
0.0
0.0
0.0
0.0
0.0
0.0
0.0
0.0
0.0
0.0
0.0
0.0
0.0
0.0
0.5
0.0
0.0
0.0
0.0
0.333333333333
0.166666666667
0.0
0.0
0.5
0.0
0.0
0.0
0.0
0.0
0.0
0.05
0.45
0.0
0.474576271186
0.383333333333
0.0
--END OF 12--
