9.1
9.63333333333
8.96666666667
8.85
7.96666666667
8.20338983051
8.68333333333
10.3
9.6
9.45
7.83333333333
8.42372881356
7.33333333333
7.28333333333
7.43333333333
8.46666666667
8.18644067797
8.88333333333
8.38333333333
8.76666666667
8.93333333333
9.06666666667
9.03389830508
8.85
9.45
8.45
8.55
8.33333333333
8.66101694915
8.58333333333
9.15
8.78333333333
6.65
7.15254237288
7.85
8.46666666667
8.85
8.63333333333
9.98305084746
9.66666666667
9.76666666667
9.58333333333
9.8
9.36666666667
10.2881355932
8.75
9.13333333333
9.3
9.1
8.96610169492
8.75
8.88333333333
8.81666666667
9.3
8.41666666667
8.27118644068
8.18333333333
8.78333333333
10.1666666667
9.38596491228
--END OF 1--
12.7333333333
12.1
11.7666666667
11.7833333333
11.8666666667
11.5423728814
13.1666666667
13.55
12.8166666667
12.7833333333
10.2666666667
11.2372881356
9.73333333333
9.83333333333
10.0833333333
11.8166666667
11.7966101695
12.3666666667
11.9833333333
11.9833333333
12.25
11.8166666667
11.7118644068
11.9833333333
13.0166666667
10.8166666667
11.5333333333
11.6833333333
11.3898305085
10.9333333333
11.95
10.8833333333
9.15
9.49152542373
10.6
11.75
12.6
12.25
13.186440678
13.2333333333
13.5
12.3833333333
13.1666666667
12.8333333333
13.0
12.75
12.3333333333
12.8
12.15
11.5084745763
11.9833333333
11.2833333333
12.0333333333
12.5
12.0
11.5423728814
12.0166666667
11.95
14.3666666667
13.0175438596
--END OF 2--
12.9833333333
12.15
12.1166666667
12.3666666667
12.3333333333
12.2033898305
13.1666666667
13.65
12.8166666667
12.7833333333
10.4333333333
11.4745762712
10.0333333333
10.3833333333
10.3833333333
13.0666666667
12.2033898305
12.7666666667
12.2666666667
12.7333333333
12.7166666667
12.1666666667
12.8644067797
12.3166666667
13.3166666667
10.8166666667
11.5333333333
11.6833333333
11.6440677966
11.1333333333
12.75
11.4833333333
9.35
9.84745762712
10.9
12.0833333333
13.2
12.4166666667
13.186440678
13.4
14.05
12.4833333333
14.15
13.4833333333
13.4576271186
13.55
12.6833333333
13.15
12.65
11.5593220339
13.0666666667
11.35
12.6166666667
13.0333333333
12.5833333333
12.5254237288
12.2166666667
12.65
15.0166666667
13.1754385965
--END OF 3--
9.1
9.63333333333
8.96666666667
8.85
7.96666666667
8.20338983051
8.68333333333
10.3
9.6
9.45
7.83333333333
8.42372881356
7.33333333333
7.28333333333
7.43333333333
8.46666666667
8.18644067797
8.88333333333
8.38333333333
8.76666666667
8.93333333333
9.06666666667
9.03389830508
8.85
9.45
8.45
8.55
8.33333333333
8.66101694915
8.58333333333
9.15
8.78333333333
6.65
7.15254237288
7.85
8.46666666667
8.85
8.63333333333
9.98305084746
9.66666666667
9.76666666667
9.58333333333
9.8
9.36666666667
10.2881355932
8.75
9.13333333333
9.3
9.1
8.96610169492
8.75
8.88333333333
8.81666666667
9.3
8.41666666667
8.27118644068
8.18333333333
8.78333333333
10.1666666667
9.38596491228
--END OF 4--
12.7333333333
12.1
11.7666666667
11.7833333333
11.8666666667
11.5423728814
13.1666666667
13.55
12.8166666667
12.7833333333
10.2666666667
11.2372881356
9.73333333333
9.83333333333
10.0833333333
11.8166666667
11.7966101695
12.3666666667
11.9833333333
11.9833333333
12.25
11.8166666667
11.7118644068
11.9833333333
13.0166666667
10.8166666667
11.5333333333
11.6833333333
11.3898305085
10.9333333333
11.95
10.8833333333
9.15
9.49152542373
10.6
11.75
12.6
12.25
13.186440678
13.2333333333
13.5
12.3833333333
13.1666666667
12.8333333333
13.0
12.75
12.3333333333
12.8
12.15
11.5084745763
11.9833333333
11.2833333333
12.0333333333
12.5
12.0
11.5423728814
12.0166666667
11.95
14.3666666667
13.0175438596
--END OF 5--
12.9833333333
12.15
12.1166666667
12.3666666667
12.3333333333
12.2033898305
13.1666666667
13.65
12.8166666667
12.7833333333
10.4333333333
11.4745762712
10.0333333333
10.3833333333
10.3833333333
13.0666666667
12.2033898305
12.7666666667
12.2666666667
12.7333333333
12.7166666667
12.1666666667
12.8644067797
12.3166666667
13.3166666667
10.8166666667
11.5333333333
11.6833333333
11.6440677966
11.1333333333
12.75
11.4833333333
9.35
9.84745762712
10.9
12.0833333333
13.2
12.4166666667
13.186440678
13.4
14.05
12.4833333333
14.15
13.4833333333
13.4576271186
13.55
12.6833333333
13.15
12.65
11.5593220339
13.0666666667
11.35
12.6166666667
13.0333333333
12.5833333333
12.5254237288
12.2166666667
12.65
15.0166666667
13.1754385965
--END OF 6--
1831.15
1771.45
1744.6
1742.7
1754.15
1699.37288136
1783.45
1932.0
1858.5
1871.55
1691.0
1599.15254237
1539.45
1500.15
1549.5
1722.6
1777.57627119
1805.15
1751.3
1755.3
1770.25
1788.7
1748.59322034
1715.0
1812.5
1658.75
1720.05
1779.15
1734.30508475
1743.75
1784.55
1753.8
1505.55
1497.61016949
1587.65
1784.35
1757.9
1806.5
1875.3559322
1814.95
1871.1
1800.95
1869.25
1888.4
1897.72881356
1770.0
1820.55
1807.95
1720.8
1693.72881356
1754.7
1677.3
1806.95
1862.85
1741.05
1678.42372881
1729.85
1732.95
1923.95
1792.84210526
--END OF 7--
497.766666667
498.883333333
493.466666667
496.683333333
471.75
468.983050847
495.1
545.066666667
519.633333333
511.916666667
448.533333333
450.779661017
430.6
410.6
419.65
473.3
492.084745763
512.5
481.116666667
494.783333333
490.95
496.516666667
482.593220339
483.8
514.783333333
459.166666667
470.533333333
490.816666667
468.322033898
482.05
500.4
467.95
411.3
410.220338983
440.733333333
488.083333333
495.816666667
513.15
533.915254237
526.333333333
522.166666667
502.6
539.05
519.6
534.93220339
502.15
506.9
507.65
477.9
483.966101695
488.683333333
468.35
493.816666667
515.333333333
479.566666667
466.796610169
467.916666667
472.9
537.983333333
497.280701754
--END OF 8--
71.85
60.6333333333
64.5666666667
68.1333333333
73.7333333333
63.1186440678
81.0166666667
76.8833333333
67.05
66.9166666667
63.6833333333
60.4406779661
57.1
54.55
54.25
69.4
77.1525423729
82.9166666667
71.9166666667
73.2166666667
73.8333333333
60.2166666667
65.9322033898
68.8333333333
73.3333333333
53.9
65.0166666667
71.0333333333
70.6271186441
53.2
63.55
58.7
55.7
60.3389830508
70.1
71.7
76.95
74.55
77.5423728814
72.1833333333
70.35
68.3333333333
76.8833333333
77.3
69.6779661017
78.4
64.6
66.6
64.55
57.4406779661
67.9166666667
62.2666666667
68.6666666667
80.4
76.4166666667
65.9152542373
65.9666666667
63.7
86.95
70.0
--END OF 9--
2.76666666667
1.28333333333
0.95
2.73333333333
3.36666666667
4.59322033898
3.31666666667
2.76666666667
2.03333333333
1.85
1.91666666667
3.13559322034
0.6
2.8
0.65
5.8
1.74576271186
2.85
2.93333333333
3.58333333333
2.05
1.45
3.62711864407
2.15
3.06666666667
1.61666666667
2.15
3.55
0.813559322034
1.2
4.1
2.6
1.15
1.45762711864
1.61666666667
3.98333333333
5.28333333333
2.46666666667
0.542372881356
2.41666666667
5.86666666667
1.8
4.68333333333
3.33333333333
2.57627118644
4.95
3.1
3.95
4.35
0.28813559322
3.86666666667
2.43333333333
2.26666666667
2.91666666667
3.85
3.66101694915
6.51666666667
3.5
7.45
6.49122807018
--END OF 10--
0.383333333333
0.116666666667
0.5
1.01666666667
0.816666666667
0.64406779661
0.0333333333333
0.0
0.0
0.0
0.166666666667
0.542372881356
0.6
1.3
0.45
1.45
0.508474576271
0.833333333333
0.45
1.2
0.533333333333
0.5
1.62711864407
0.716666666667
0.5
0.0
0.0
0.0
0.508474576271
0.5
1.65
0.65
0.2
0.0
0.5
0.833333333333
0.666666666667
0.0
0.0
0.316666666667
0.5
0.35
1.33333333333
1.0
0.762711864407
1.25
0.3
0.2
0.85
0.152542372881
1.45
0.05
1.01666666667
1.1
0.883333333333
1.38983050847
0.15
0.95
0.966666666667
0.0
--END OF 11--
0.0
0.0
0.0
0.0
0.333333333333
0.169491525424
0.0
0.0
0.0
0.0
0.0
0.0
0.0
0.0
0.05
1.45
0.0
0.0
0.0
0.0
0.233333333333
0.0
0.0
0.0
0.0
0.0
0.0
0.0
0.0
0.0
0.0
0.0
0.0
0.0
0.0
0.0
0.5
0.0
0.0
0.316666666667
0.183333333333
0.0
0.0
1.0
0.0
0.5
0.0
0.0
0.0
0.0
0.0
0.0
0.0
0.0
0.5
0.508474576271
0.0
0.466666666667
0.0333333333333
0.0
--END OF 12--
