10.813559322
11.1166666667
10.4666666667
11.1166666667
10.2666666667
11.2
10.2881355932
10.75
10.95
10.1833333333
11.2666666667
10.5166666667
9.96610169492
10.8666666667
10.8
10.2333333333
10.6666666667
10.8333333333
11.9661016949
10.3666666667
10.3666666667
10.5333333333
10.6666666667
10.0677966102
10.1833333333
8.9
9.15
10.05
9.54237288136
9.43333333333
9.33333333333
10.2
10.0
9.58333333333
10.2372881356
11.2
9.11666666667
11.1166666667
10.45
10.5423728814
11.1
10.2
10.15
10.8833333333
10.1833333333
11.3559322034
10.3833333333
11.55
11.2666666667
10.9166666667
10.0677966102
11.5
11.0
10.9333333333
10.1166666667
10.8833333333
9.59322033898
9.85
9.68333333333
10.9454545455
--END OF 1--
14.1525423729
16.5833333333
15.4333333333
15.3666666667
14.65
16.3833333333
14.5762711864
16.4
16.75
14.3833333333
15.6666666667
14.7666666667
13.3728813559
14.6166666667
14.8666666667
14.2833333333
13.9833333333
15.8
16.1186440678
14.8
13.8833333333
15.2
14.6
13.2372881356
14.3333333333
12.75
13.1
13.6
13.4576271186
13.0166666667
14.1833333333
13.8333333333
13.3833333333
13.3666666667
13.3389830508
15.2833333333
12.6666666667
16.0
14.85
15.0
14.8
13.75
13.0
14.8833333333
15.4166666667
15.2711864407
14.8833333333
15.0333333333
15.6666666667
14.55
13.4576271186
15.0833333333
14.1666666667
14.7166666667
13.95
15.9666666667
13.6949152542
13.45
12.6833333333
15.3818181818
--END OF 2--
14.6271186441
17.8166666667
15.7166666667
15.4
15.15
16.6833333333
15.5423728814
17.4666666667
17.4
14.8333333333
15.7166666667
15.3666666667
14.1694915254
14.6333333333
15.15
15.2333333333
14.8333333333
16.15
16.8474576271
15.1666666667
14.1166666667
15.3
15.1
13.6440677966
14.5333333333
13.35
13.9
14.1
14.4576271186
14.2
15.2833333333
15.3833333333
13.6333333333
13.8
14.0169491525
15.85
13.5833333333
16.6333333333
15.25
15.7457627119
14.95
15.1
13.5
15.6333333333
17.0333333333
16.3220338983
15.1833333333
15.9
16.1333333333
14.8
13.5084745763
15.7
14.6666666667
15.2166666667
14.2333333333
16.0833333333
14.4406779661
14.1
12.6833333333
15.6909090909
--END OF 3--
10.813559322
11.1166666667
10.4666666667
11.1166666667
10.2666666667
11.2
10.2881355932
10.75
10.95
10.1833333333
11.2666666667
10.5166666667
9.96610169492
10.8666666667
10.8
10.2333333333
10.6666666667
10.8333333333
11.9661016949
10.3666666667
10.3666666667
10.5333333333
10.6666666667
10.0677966102
10.1833333333
8.9
9.15
10.05
9.54237288136
9.43333333333
9.33333333333
10.2
10.0
9.58333333333
10.2372881356
11.2
9.11666666667
11.1166666667
10.45
10.5423728814
11.1
10.2
10.15
10.8833333333
10.1833333333
11.3559322034
10.3833333333
11.55
11.2666666667
10.9166666667
10.0677966102
11.5
11.0
10.9333333333
10.1166666667
10.8833333333
9.59322033898
9.85
9.68333333333
10.9454545455
--END OF 4--
14.1525423729
16.5833333333
15.4333333333
15.3666666667
14.65
16.3833333333
14.5762711864
16.4
16.75
14.3833333333
15.6666666667
14.7666666667
13.3728813559
14.6166666667
14.8666666667
14.2833333333
13.9833333333
15.8
16.1186440678
14.8
13.8833333333
15.2
14.6
13.2372881356
14.3333333333
12.75
13.1
13.6
13.4576271186
13.0166666667
14.1833333333
13.8333333333
13.3833333333
13.3666666667
13.3389830508
15.2833333333
12.6666666667
16.0
14.85
15.0
14.8
13.75
13.0
14.8833333333
15.4166666667
15.2711864407
14.8833333333
15.0333333333
15.6666666667
14.55
13.4576271186
15.0833333333
14.1666666667
14.7166666667
13.95
15.9666666667
13.6949152542
13.45
12.6833333333
15.3818181818
--END OF 5--
14.6271186441
17.8166666667
15.7166666667
15.4
15.15
16.6833333333
15.5423728814
17.4666666667
17.4
14.8333333333
15.7166666667
15.3666666667
14.1694915254
14.6333333333
15.15
15.2333333333
14.8333333333
16.15
16.8474576271
15.1666666667
14.1166666667
15.3
15.1
13.6440677966
14.5333333333
13.35
13.9
14.1
14.4576271186
14.2
15.2833333333
15.3833333333
13.6333333333
13.8
14.0169491525
15.85
13.5833333333
16.6333333333
15.25
15.7457627119
14.95
15.1
13.5
15.6333333333
17.0333333333
16.3220338983
15.1833333333
15.9
16.1333333333
14.8
13.5084745763
15.7
14.6666666667
15.2166666667
14.2333333333
16.0833333333
14.4406779661
14.1
12.6833333333
15.6909090909
--END OF 6--
1970.54237288
2183.6
2097.75
2083.95
2060.6
2305.55
2015.54237288
2159.45
2170.05
1998.45
2117.1
2101.8
1867.57627119
1996.25
2106.9
2076.15
2044.65
2123.0
2254.6779661
1933.75
1970.05
2034.85
2050.95
1963.01694915
1995.75
1708.95
1832.85
1885.8
1894.16949153
1903.6
1939.75
1925.15
1945.25
1876.95
1861.06779661
2127.25
1885.75
2291.85
2041.75
2135.54237288
2102.1
1966.05
2010.75
2044.5
2115.0
2195.84745763
2058.65
2181.75
2146.55
2131.6
2008.47457627
2180.7
2069.85
2185.85
1898.3
2069.35
1914.81355932
1946.25
1864.95
2087.29090909
--END OF 7--
556.118644068
616.516666667
577.516666667
585.0
595.05
633.933333333
571.13559322
598.766666667
620.7
562.3
592.65
579.1
540.93220339
568.183333333
583.116666667
566.883333333
561.766666667
581.016666667
633.711864407
550.666666667
553.866666667
572.666666667
577.566666667
543.610169492
560.7
488.25
506.65
543.05
529.542372881
517.916666667
538.266666667
537.183333333
533.5
519.833333333
530.847457627
590.65
520.95
628.8
567.533333333
597.423728814
583.75
539.65
549.6
579.7
592.6
611.237288136
560.866666667
604.116666667
598.033333333
581.2
546.779661017
608.033333333
580.1
595.816666667
533.45
570.716666667
527.508474576
534.3
519.65
590.181818182
--END OF 8--
83.3728813559
99.5666666667
90.75
99.4333333333
91.6666666667
107.516666667
92.2372881356
103.716666667
115.5
90.9
97.5
84.4
75.6949152542
79.5333333333
87.8333333333
93.2333333333
82.5833333333
102.733333333
93.1525423729
95.8666666667
85.4166666667
100.95
85.1333333333
78.7457627119
96.3
74.85
90.8
78.15
86.9322033898
77.15
87.7
80.3166666667
79.95
74.1166666667
82.2033898305
96.3166666667
73.5333333333
92.6833333333
96.9333333333
96.1355932203
80.1
78.05
71.25
83.6
97.9333333333
81.3898305085
89.0
93.6333333333
97.75
78.2166666667
82.4576271186
85.1
81.8833333333
80.6
82.7333333333
112.416666667
96.7457627119
85.4
70.7
93.9272727273
--END OF 9--
3.0
7.43333333333
5.18333333333
1.11666666667
4.05
4.68333333333
4.06779661017
8.75
5.6
3.65
4.0
2.95
5.79661016949
4.16666666667
3.31666666667
4.41666666667
3.7
4.76666666667
4.8813559322
3.68333333333
1.95
1.96666666667
3.3
3.13559322034
2.75
5.0
3.3
1.45
3.76271186441
5.38333333333
4.86666666667
5.3
1.78333333333
6.35
3.64406779661
3.4
5.25
4.21666666667
2.96666666667
4.62711864407
3.6
5.95
2.2
3.8
4.75
5.94915254237
4.56666666667
2.33333333333
2.46666666667
2.8
1.22033898305
2.15
3.71666666667
2.0
2.95
5.33333333333
3.81355932203
3.1
1.5
2.03636363636
--END OF 10--
0.220338983051
1.43333333333
0.733333333333
0.133333333333
0.5
0.5
1.27118644068
0.75
1.0
0.85
0.15
0.6
0.898305084746
0.0166666666667
0.733333333333
0.9
0.75
0.45
0.745762711864
0.75
0.183333333333
0.0
1.0
0.305084745763
0.2
0.35
0.65
0.7
1.69491525424
1.38333333333
1.65
2.43333333333
0.566666666667
0.5
0.881355932203
0.55
1.0
0.5
0.583333333333
1.01694915254
0.2
2.4
0.4
0.8
1.93333333333
1.1186440678
0.483333333333
1.51666666667
0.733333333333
0.433333333333
0.0677966101695
1.03333333333
0.483333333333
0.483333333333
0.0
0.0
1.01694915254
1.0
0.0
0.309090909091
--END OF 11--
0.0
0.233333333333
0.266666666667
0.0
0.0
0.0
0.508474576271
0.5
0.0
0.0
0.0
0.1
0.406779661017
0.0
0.0
0.0
0.383333333333
0.116666666667
0.0
0.316666666667
0.183333333333
0.0
0.0
0.0
0.0
0.35
0.65
0.5
0.0
0.0833333333333
0.616666666667
0.433333333333
0.0666666666667
0.0
0.0
0.0
0.0
0.0
0.0
0.508474576271
0.0
0.0
0.0
0.3
1.46666666667
0.101694915254
0.0
0.0
0.0
0.0
0.0
0.366666666667
0.133333333333
0.0
0.0
0.0
0.406779661017
0.1
0.0
0.0
--END OF 12--
