13.4833333333
15.0833333333
13.6440677966
13.6833333333
13.3833333333
14.2166666667
14.3166666667
15.2
14.5593220339
13.6833333333
13.4166666667
13.9666666667
14.6333333333
14.6166666667
14.1525423729
13.1666666667
13.4333333333
13.6666666667
14.0333333333
13.406779661
14.0333333333
13.7166666667
14.0833333333
14.2
13.9322033898
15.2666666667
14.6
15.2166666667
14.8666666667
13.5762711864
14.5666666667
14.7333333333
14.7666666667
14.2166666667
15.0
14.05
15.65
14.9833333333
14.2333333333
14.2372881356
14.3166666667
13.8833333333
14.85
14.7666666667
14.7627118644
15.2666666667
16.2
14.4833333333
14.0
14.2372881356
14.2666666667
14.4166666667
14.3833333333
15.45
14.1525423729
14.25
13.5166666667
15.0166666667
13.8666666667
14.1403508772
--END OF 1--
19.4333333333
20.7333333333
20.4406779661
19.35
20.7833333333
21.6
20.1666666667
20.3
20.7457627119
20.0333333333
19.3666666667
19.6166666667
21.55
21.35
21.6779661017
19.7333333333
20.0833333333
20.7666666667
19.9
19.4576271186
19.7333333333
19.6666666667
21.0833333333
19.55
19.4406779661
20.1833333333
20.5833333333
21.6
20.6333333333
20.5423728814
20.4333333333
20.9333333333
20.4333333333
20.8
23.2542372881
19.8
21.9
20.2166666667
22.0666666667
20.2542372881
20.1666666667
19.0333333333
20.8
21.05
21.8813559322
20.9166666667
22.4333333333
18.9666666667
19.6333333333
19.7288135593
20.9666666667
19.4666666667
20.2666666667
22.15
20.5423728814
18.75
18.0833333333
20.7833333333
18.7
20.2280701754
--END OF 2--
20.0666666667
21.2166666667
21.9661016949
19.8166666667
22.1
22.2333333333
21.4166666667
21.25
21.5084745763
20.5333333333
20.3166666667
21.85
22.5833333333
22.65
22.0508474576
20.4333333333
20.6166666667
21.2666666667
21.75
20.1355932203
21.7833333333
20.3166666667
22.2833333333
20.6
19.6271186441
21.0333333333
20.7
21.6
21.0333333333
20.7966101695
21.0333333333
21.7666666667
20.7666666667
22.5833333333
24.1525423729
20.85
23.0
21.6166666667
23.3166666667
20.7457627119
21.35
19.5
21.7
22.05
23.186440678
22.1
22.75
19.6
19.9333333333
20.1355932203
22.3166666667
19.9666666667
20.85
23.05
21.3220338983
20.1166666667
19.75
21.3333333333
19.5833333333
20.5263157895
--END OF 3--
13.4833333333
15.0833333333
13.6440677966
13.6833333333
13.3833333333
14.2166666667
14.3166666667
15.2
14.5593220339
13.6833333333
13.4166666667
13.9666666667
14.6333333333
14.6166666667
14.1525423729
13.1666666667
13.4333333333
13.6666666667
14.0333333333
13.406779661
14.0333333333
13.7166666667
14.0833333333
14.2
13.9322033898
15.2666666667
14.6
15.2166666667
14.8666666667
13.5762711864
14.5666666667
14.7333333333
14.7666666667
14.2166666667
15.0
14.05
15.65
14.9833333333
14.2333333333
14.2372881356
14.3166666667
13.8833333333
14.85
14.7666666667
14.7627118644
15.2666666667
16.2
14.4833333333
14.0
14.2372881356
14.2666666667
14.4166666667
14.3833333333
15.45
14.1525423729
14.25
13.5166666667
15.0166666667
13.8666666667
14.1403508772
--END OF 4--
19.4333333333
20.7333333333
20.4406779661
19.35
20.7833333333
21.6
20.1666666667
20.3
20.7457627119
20.0333333333
19.3666666667
19.6166666667
21.55
21.35
21.6779661017
19.7333333333
20.0833333333
20.7666666667
19.9
19.4576271186
19.7333333333
19.6666666667
21.0833333333
19.55
19.4406779661
20.1833333333
20.5833333333
21.6
20.6333333333
20.5423728814
20.4333333333
20.9333333333
20.4333333333
20.8
23.2542372881
19.8
21.9
20.2166666667
22.0666666667
20.2542372881
20.1666666667
19.0333333333
20.8
21.05
21.8813559322
20.9166666667
22.4333333333
18.9666666667
19.6333333333
19.7288135593
20.9666666667
19.4666666667
20.2666666667
22.15
20.5423728814
18.75
18.0833333333
20.7833333333
18.7
20.2280701754
--END OF 5--
20.0666666667
21.2166666667
21.9661016949
19.8166666667
22.1
22.2333333333
21.4166666667
21.25
21.5084745763
20.5333333333
20.3166666667
21.85
22.5833333333
22.65
22.0508474576
20.4333333333
20.6166666667
21.2666666667
21.75
20.1355932203
21.7833333333
20.3166666667
22.2833333333
20.6
19.6271186441
21.0333333333
20.7
21.6
21.0333333333
20.7966101695
21.0333333333
21.7666666667
20.7666666667
22.5833333333
24.1525423729
20.85
23.0
21.6166666667
23.3166666667
20.7457627119
21.35
19.5
21.7
22.05
23.186440678
22.1
22.75
19.6
19.9333333333
20.1355932203
22.3166666667
19.9666666667
20.85
23.05
21.3220338983
20.1166666667
19.75
21.3333333333
19.5833333333
20.5263157895
--END OF 6--
2616.15
2761.3
2555.13559322
2572.35
2544.75
2812.05
2660.4
2771.25
2754.71186441
2711.15
2584.15
2577.45
2739.15
2771.3
2712.91525424
2523.65
2561.7
2675.5
2618.5
2569.83050847
2635.5
2660.7
2694.3
2629.2
2542.06779661
2653.1
2724.85
2760.05
2706.0
2670.45762712
2654.95
2710.95
2701.95
2718.4
2739.40677966
2656.5
2877.3
2728.55
2692.95
2681.69491525
2637.25
2675.55
2714.65
2736.0
2861.74576271
2854.7
2878.65
2694.6
2609.8
2658.76271186
2746.35
2667.9
2807.05
2867.25
2704.27118644
2719.15
2537.6
2756.6
2680.25
2615.52631579
--END OF 7--
720.783333333
781.05
730.203389831
720.933333333
730.05
784.716666667
749.6
770.8
766.305084746
754.616666667
733.983333333
730.616666667
768.216666667
783.2
765.101694915
704.966666667
728.833333333
764.366666667
741.716666667
729.13559322
740.3
734.4
767.85
743.85
719.694915254
762.916666667
772.466666667
786.283333333
772.35
747.627118644
760.466666667
767.583333333
761.366666667
750.783333333
781.355932203
744.85
804.6
768.266666667
767.566666667
758.627118644
745.616666667
750.116666667
777.8
790.583333333
813.084745763
803.4
821.25
768.1
728.583333333
746.440677966
772.05
753.2
790.566666667
819.4
756.355932203
751.683333333
701.533333333
789.3
742.516666667
737.333333333
--END OF 8--
121.933333333
127.7
135.898305085
113.683333333
147.383333333
143.0
126.35
113.5
131.983050847
118.25
127.75
126.066666667
144.15
145.116666667
136.237288136
129.183333333
131.466666667
135.0
124.65
117.93220339
119.9
123.2
135.7
113.5
121.728813559
127.216666667
130.966666667
139.716666667
112.966666667
133.677966102
115.616666667
137.666666667
125.783333333
128.716666667
162.491525424
123.7
140.2
121.316666667
156.183333333
129.525423729
138.783333333
115.466666667
128.233333333
125.266666667
152.406779661
109.016666667
135.5
102.5
123.75
122.491525424
126.3
116.2
130.75
135.35
114.610169492
121.55
111.45
128.683333333
112.966666667
114.456140351
--END OF 9--
5.11666666667
3.8
9.16949152542
5.11666666667
6.43333333333
6.46666666667
7.2
4.75
5.03389830508
6.16666666667
4.36666666667
6.63333333333
5.35
6.75
9.59322033898
3.71666666667
4.75
5.88333333333
6.63333333333
6.25423728814
5.15
4.25
7.0
7.2
4.16949152542
3.1
2.4
4.18333333333
3.51666666667
6.50847457627
5.93333333333
4.06666666667
3.73333333333
6.88333333333
7.81355932203
5.7
6.35
4.06666666667
5.71666666667
4.83050847458
4.81666666667
3.06666666667
4.93333333333
4.86666666667
5.25423728814
5.93333333333
6.43333333333
4.01666666667
3.65
3.20338983051
8.95
4.65
3.21666666667
8.65
8.10169491525
3.35
2.98333333333
3.85
4.38333333333
7.12280701754
--END OF 10--
1.38333333333
0.616666666667
2.03389830508
0.5
1.28333333333
0.783333333333
2.0
2.05
1.66101694915
0.85
1.43333333333
3.08333333333
1.53333333333
1.95
0.593220338983
0.916666666667
0.5
0.833333333333
2.66666666667
0.779661016949
3.0
0.8
1.85
0.35
0.135593220339
1.63333333333
0.233333333333
0.0
0.583333333333
0.491525423729
0.933333333333
1.36666666667
0.583333333333
2.98333333333
1.59322033898
1.1
1.95
2.31666666667
1.7
0.305084745763
1.58333333333
0.65
1.31666666667
1.18333333333
2.13559322034
2.16666666667
0.366666666667
0.633333333333
0.266666666667
0.237288135593
2.5
0.5
0.7
0.5
1.22033898305
2.41666666667
2.88333333333
1.0
1.43333333333
0.526315789474
--END OF 11--
0.0
0.0
0.508474576271
0.5
0.0
0.333333333333
0.0
0.0
0.0
0.0
0.0
0.5
0.216666666667
0.45
0.271186440678
0.233333333333
0.0
0.0
0.0
0.0
1.5
0.1
0.4
0.0
0.135593220339
0.366666666667
0.0
0.0
0.0
0.0677966101695
0.433333333333
0.5
0.183333333333
1.01666666667
0.0
0.0
0.0
0.0
0.0
0.0
0.0
0.0
0.0
0.0
0.0
0.0
0.0
0.0
0.0
0.0
0.0
0.0
0.0
0.0
0.389830508475
0.116666666667
0.0
0.5
0.5
0.0
--END OF 12--
