9.28333333333
8.58333333333
8.31666666667
9.48333333333
9.1
8.81355932203
9.28333333333
8.8
9.11666666667
10.4333333333
9.4
8.58333333333
9.22033898305
9.28333333333
8.83333333333
9.48333333333
9.0
9.33333333333
8.28813559322
8.73333333333
8.85
9.05
8.7
8.32203389831
9.48333333333
8.98333333333
8.13333333333
8.71666666667
9.71666666667
8.45762711864
9.28333333333
8.81666666667
10.15
8.48333333333
8.11666666667
9.62711864407
8.75
8.65
8.83333333333
10.2333333333
9.42372881356
9.28333333333
9.5
8.71666666667
10.05
9.06666666667
8.89830508475
8.51666666667
8.98333333333
9.01666666667
8.16666666667
8.66666666667
8.1186440678
8.51666666667
9.0
9.25
9.25
8.9
9.38983050847
9.45614035088
--END OF 1--
11.4833333333
10.1333333333
10.2666666667
11.1333333333
11.95
11.813559322
12.2333333333
11.3166666667
11.4
13.1
11.3666666667
10.75
12.0677966102
12.1333333333
11.0333333333
12.8666666667
11.3666666667
11.7333333333
11.593220339
11.1833333333
11.75
12.5
10.45
10.3898305085
11.4166666667
12.25
10.95
11.3833333333
12.1
11.2542372881
12.2333333333
12.4666666667
12.5
11.0333333333
11.3166666667
11.813559322
11.65
12.1
12.2833333333
13.3833333333
11.4237288136
11.6666666667
11.75
11.1333333333
12.3
11.5666666667
11.1355932203
11.4666666667
11.55
11.3666666667
10.9333333333
11.0833333333
10.4406779661
10.7666666667
11.15
11.85
11.65
11.05
11.186440678
11.6140350877
--END OF 2--
12.3333333333
10.9333333333
10.3666666667
11.1333333333
12.85
12.1186440678
12.2333333333
11.3166666667
11.5
13.65
11.8666666667
11.0333333333
13.2711864407
12.3166666667
12.4833333333
13.4166666667
11.4666666667
11.8333333333
11.9491525424
11.4333333333
12.05
12.5
10.85
10.5423728814
11.8
12.6166666667
10.95
11.5333333333
12.9
12.0169491525
12.7
12.65
12.5
12.1166666667
11.5833333333
12.1186440678
11.7
12.1
12.4833333333
13.9833333333
12.5762711864
12.4333333333
12.3
11.6
12.8666666667
11.5833333333
11.3050847458
11.6166666667
11.7333333333
11.6833333333
11.2666666667
12.1333333333
10.8474576271
11.8166666667
11.25
12.0
12.35
11.35
11.5423728814
11.6140350877
--END OF 3--
9.28333333333
8.58333333333
8.31666666667
9.48333333333
9.1
8.81355932203
9.28333333333
8.8
9.11666666667
10.4333333333
9.4
8.58333333333
9.22033898305
9.28333333333
8.83333333333
9.48333333333
9.0
9.33333333333
8.28813559322
8.73333333333
8.85
9.05
8.7
8.32203389831
9.48333333333
8.98333333333
8.13333333333
8.71666666667
9.71666666667
8.45762711864
9.28333333333
8.81666666667
10.15
8.48333333333
8.11666666667
9.62711864407
8.75
8.65
8.83333333333
10.2333333333
9.42372881356
9.28333333333
9.5
8.71666666667
10.05
9.06666666667
8.89830508475
8.51666666667
8.98333333333
9.01666666667
8.16666666667
8.66666666667
8.1186440678
8.51666666667
9.0
9.25
9.25
8.9
9.38983050847
9.45614035088
--END OF 4--
11.4833333333
10.1333333333
10.2666666667
11.1333333333
11.95
11.813559322
12.2333333333
11.3166666667
11.4
13.1
11.3666666667
10.75
12.0677966102
12.1333333333
11.0333333333
12.8666666667
11.3666666667
11.7333333333
11.593220339
11.1833333333
11.75
12.5
10.45
10.3898305085
11.4166666667
12.25
10.95
11.3833333333
12.1
11.2542372881
12.2333333333
12.4666666667
12.5
11.0333333333
11.3166666667
11.813559322
11.65
12.1
12.2833333333
13.3833333333
11.4237288136
11.6666666667
11.75
11.1333333333
12.3
11.5666666667
11.1355932203
11.4666666667
11.55
11.3666666667
10.9333333333
11.0833333333
10.4406779661
10.7666666667
11.15
11.85
11.65
11.05
11.186440678
11.6140350877
--END OF 5--
12.3333333333
10.9333333333
10.3666666667
11.1333333333
12.85
12.1186440678
12.2333333333
11.3166666667
11.5
13.65
11.8666666667
11.0333333333
13.2711864407
12.3166666667
12.4833333333
13.4166666667
11.4666666667
11.8333333333
11.9491525424
11.4333333333
12.05
12.5
10.85
10.5423728814
11.8
12.6166666667
10.95
11.5333333333
12.9
12.0169491525
12.7
12.65
12.5
12.1166666667
11.5833333333
12.1186440678
11.7
12.1
12.4833333333
13.9833333333
12.5762711864
12.4333333333
12.3
11.6
12.8666666667
11.5833333333
11.3050847458
11.6166666667
11.7333333333
11.6833333333
11.2666666667
12.1333333333
10.8474576271
11.8166666667
11.25
12.0
12.35
11.35
11.5423728814
11.6140350877
--END OF 6--
1828.95
1716.75
1731.9
1863.6
1840.95
1748.44067797
1917.65
1702.8
1768.3
2032.5
1791.05
1687.25
1858.22033898
1815.95
1725.95
1862.2
1804.05
1878.4
1752.50847458
1760.4
1751.7
1786.5
1739.4
1572.61016949
1757.6
1821.35
1753.15
1802.6
1846.95
1746.0
1778.3
1817.15
1955.55
1770.45
1643.75
1751.03389831
1811.7
1775.1
1732.8
1941.6
1827.50847458
1856.85
1878.95
1756.55
1919.35
1820.35
1852.01694915
1716.1
1744.75
1784.15
1704.05
1678.95
1629.86440678
1719.9
1709.1
1832.4
1802.4
1757.55
1810.72881356
1792.26315789
--END OF 7--
504.35
457.9
466.1
513.6
500.9
480.898305085
520.25
481.75
491.683333333
561.583333333
500.583333333
463.15
514.389830508
501.783333333
468.366666667
511.816666667
501.483333333
513.216666667
481.762711864
478.4
478.75
493.65
462.5
441.576271186
494.433333333
499.0
475.4
498.6
520.4
473.881355932
504.783333333
488.6
545.633333333
483.533333333
466.333333333
491.576271186
492.5
485.25
487.05
554.45
512.084745763
505.066666667
521.15
475.8
536.5
493.833333333
502.881355932
469.55
472.533333333
479.75
473.666666667
478.166666667
458.423728814
481.15
478.75
501.7
499.3
485.75
491.305084746
504.105263158
--END OF 8--
50.85
51.1
46.55
45.85
65.7
56.1355932203
62.4333333333
60.9666666667
50.6833333333
61.1833333333
54.15
55.65
54.6440677966
61.5666666667
62.6
64.4166666667
66.9333333333
63.2
65.3728813559
54.65
60.4
60.45
43.0
55.7118644068
58.6
71.9166666667
60.0666666667
55.55
59.4333333333
61.5762711864
55.8333333333
73.35
62.8
55.2833333333
60.9666666667
47.6610169492
52.4
56.9
65.85
70.6
48.7966101695
58.05
58.8666666667
62.1333333333
58.1
51.85
47.5084745763
53.4
60.2666666667
61.4833333333
54.5833333333
61.7333333333
52.0
57.25
49.1
65.4
56.7
48.5
52.6101694915
50.0
--END OF 9--
3.0
3.1
1.2
0.95
2.75
3.45762711864
0.0833333333333
0.55
1.6
2.93333333333
1.83333333333
1.56666666667
4.74576271186
1.63333333333
2.63333333333
3.21666666667
1.43333333333
1.16666666667
1.45762711864
2.75
2.7
3.4
0.9
1.01694915254
0.616666666667
2.93333333333
0.95
1.45
3.41666666667
2.10169491525
2.81666666667
4.38333333333
0.833333333333
3.31666666667
2.36666666667
3.86440677966
4.7
2.65
3.95
2.95
2.22033898305
2.83333333333
1.28333333333
1.33333333333
3.68333333333
1.98333333333
1.4406779661
4.3
2.26666666667
2.7
2.28333333333
1.75
1.71186440678
2.45
2.65
1.95
1.95
1.6
1.64406779661
1.52631578947
--END OF 10--
1.2
0.3
0.0
0.0
1.5
0.508474576271
0.0
0.0
0.0
1.0
0.5
0.316666666667
2.35593220339
0.366666666667
1.5
0.716666666667
0.283333333333
0.0
0.508474576271
0.15
0.35
0.0
0.5
0.508474576271
0.0333333333333
0.466666666667
0.0
0.5
0.883333333333
1.13559322034
0.666666666667
0.333333333333
0.0
1.9
0.1
0.0
0.0
0.0
0.5
0.7
1.71186440678
0.85
0.766666666667
0.85
0.65
0.0
0.0
0.166666666667
0.333333333333
0.466666666667
0.533333333333
1.71666666667
0.694915254237
1.5
0.1
0.25
1.0
0.25
0.508474576271
0.0
--END OF 11--
0.75
0.25
0.0
0.0
0.5
0.0
0.0
0.0
0.0
0.0
0.0
0.183333333333
0.542372881356
0.283333333333
1.5
0.0
0.0
0.0
0.0
0.0
0.0
0.0
0.5
0.0
0.0
0.0
0.0
0.0
0.0
0.508474576271
0.0
0.0
0.0
0.466666666667
0.0333333333333
0.0
0.0
0.0
0.0
0.2
0.694915254237
0.616666666667
0.0
0.0
0.0
0.0
0.0
0.0
0.0
0.466666666667
0.0333333333333
0.0
0.0508474576271
0.45
0.0
0.0
0.0
0.0
0.0
0.0
--END OF 12--
