13.9166666667
13.4333333333
13.2833333333
13.2166666667
13.8474576271
13.65
12.95
12.45
12.35
13.5
12.7627118644
12.95
13.95
13.3
13.8166666667
13.6833333333
14.3220338983
13.4166666667
13.6666666667
14.1333333333
13.9833333333
13.5
13.6949152542
13.15
13.0166666667
12.6166666667
12.85
13.2372881356
13.1
13.4666666667
13.6666666667
14.0333333333
13.45
13.6271186441
13.3166666667
14.0833333333
13.0666666667
14.3666666667
14.0677966102
14.05
14.2
13.45
14.0
13.65
12.7796610169
14.0833333333
15.7333333333
13.5
13.7333333333
14.7966101695
13.9
13.0
13.5833333333
14.2
14.406779661
14.0
13.4
14.75
13.9
13.8076923077
--END OF 1--
17.9
19.1
19.0333333333
18.2666666667
18.9491525424
18.55
17.15
17.05
17.8
18.0
18.0169491525
17.7166666667
19.35
18.25
20.2666666667
20.9
20.0677966102
19.9666666667
17.5166666667
18.9666666667
19.0833333333
17.8333333333
17.7457627119
18.05
18.0166666667
16.8166666667
17.9
17.1525423729
17.85
18.2166666667
19.5666666667
19.7333333333
18.9166666667
18.4745762712
17.35
19.8
18.5
19.0
19.813559322
19.95
20.55
18.8
19.85
19.8166666667
16.8305084746
19.4
20.0166666667
17.4166666667
19.4666666667
19.8983050847
17.9333333333
17.9
19.05
17.9833333333
20.0677966102
18.45
18.7
19.85
19.85
18.5192307692
--END OF 2--
17.9833333333
19.2666666667
19.6333333333
18.3333333333
20.1525423729
19.85
17.35
17.6
19.35
18.65
18.6779661017
17.8833333333
19.7
18.7
21.9166666667
21.3
21.0508474576
20.5
18.2166666667
19.2166666667
20.2333333333
17.8333333333
18.2033898305
18.15
18.0666666667
17.4666666667
18.35
18.0169491525
18.6666666667
18.85
20.65
20.5166666667
19.4666666667
18.9830508475
18.1666666667
20.7833333333
19.3166666667
19.7666666667
20.8983050847
20.95
21.9333333333
20.0
21.25
20.9666666667
17.5254237288
19.5166666667
20.4833333333
17.9833333333
21.0
20.5084745763
18.7
19.1833333333
19.3
19.4666666667
20.7966101695
19.35
19.4
20.2
21.25
19.4038461538
--END OF 3--
13.9166666667
13.4333333333
13.2833333333
13.2166666667
13.8474576271
13.65
12.95
12.45
12.35
13.5
12.7627118644
12.95
13.95
13.3
13.8166666667
13.6833333333
14.3220338983
13.4166666667
13.6666666667
14.1333333333
13.9833333333
13.5
13.6949152542
13.15
13.0166666667
12.6166666667
12.85
13.2372881356
13.1
13.4666666667
13.6666666667
14.0333333333
13.45
13.6271186441
13.3166666667
14.0833333333
13.0666666667
14.3666666667
14.0677966102
14.05
14.2
13.45
14.0
13.65
12.7796610169
14.0833333333
15.7333333333
13.5
13.7333333333
14.7966101695
13.9
13.0
13.5833333333
14.2
14.406779661
14.0
13.4
14.75
13.9
13.8076923077
--END OF 4--
17.9
19.1
19.0333333333
18.2666666667
18.9491525424
18.55
17.15
17.05
17.8
18.0
18.0169491525
17.7166666667
19.35
18.25
20.2666666667
20.9
20.0677966102
19.9666666667
17.5166666667
18.9666666667
19.0833333333
17.8333333333
17.7457627119
18.05
18.0166666667
16.8166666667
17.9
17.1525423729
17.85
18.2166666667
19.5666666667
19.7333333333
18.9166666667
18.4745762712
17.35
19.8
18.5
19.0
19.813559322
19.95
20.55
18.8
19.85
19.8166666667
16.8305084746
19.4
20.0166666667
17.4166666667
19.4666666667
19.8983050847
17.9333333333
17.9
19.05
17.9833333333
20.0677966102
18.45
18.7
19.85
19.85
18.5192307692
--END OF 5--
17.9833333333
19.2666666667
19.6333333333
18.3333333333
20.1525423729
19.85
17.35
17.6
19.35
18.65
18.6779661017
17.8833333333
19.7
18.7
21.9166666667
21.3
21.0508474576
20.5
18.2166666667
19.2166666667
20.2333333333
17.8333333333
18.2033898305
18.15
18.0666666667
17.4666666667
18.35
18.0169491525
18.6666666667
18.85
20.65
20.5166666667
19.4666666667
18.9830508475
18.1666666667
20.7833333333
19.3166666667
19.7666666667
20.8983050847
20.95
21.9333333333
20.0
21.25
20.9666666667
17.5254237288
19.5166666667
20.4833333333
17.9833333333
21.0
20.5084745763
18.7
19.1833333333
19.3
19.4666666667
20.7966101695
19.35
19.4
20.2
21.25
19.4038461538
--END OF 6--
2668.25
2554.95
2610.85
2519.2
2535.30508475
2509.8
2428.8
2500.05
2434.95
2574.45
2505.30508475
2419.55
2637.55
2529.8
2586.9
2714.25
2660.44067797
2570.7
2510.8
2590.55
2585.35
2573.75
2628.15254237
2519.7
2561.55
2428.35
2472.6
2471.84745763
2328.95
2441.3
2537.0
2658.2
2576.8
2536.22033898
2449.7
2703.85
2539.55
2645.7
2554.22033898
2594.25
2650.6
2702.55
2659.65
2603.1
2444.28813559
2592.5
2872.15
2556.25
2588.55
2686.83050847
2588.1
2486.75
2617.2
2555.25
2686.57627119
2631.0
2520.45
2709.6
2646.75
2559.34615385
--END OF 7--
728.833333333
718.533333333
721.0
707.45
715.711864407
710.75
673.25
683.25
676.65
724.3
695.93220339
673.683333333
736.266666667
706.766666667
739.15
768.15
752.220338983
721.15
699.0
724.95
732.4
699.783333333
731.508474576
709.85
717.75
672.65
682.2
683.169491525
678.833333333
694.55
735.35
745.15
724.416666667
706.813559322
691.366666667
745.65
708.883333333
740.083333333
732.644067797
744.15
749.916666667
725.4
733.8
728.216666667
678.661016949
740.333333333
809.966666667
705.9
732.15
758.372881356
719.616666667
701.55
715.266666667
724.583333333
748.677966102
720.85
711.3
766.65
737.4
727.153846154
--END OF 8--
94.6833333333
110.583333333
118.05
102.616666667
119.271186441
117.2
93.15
99.1
103.85
94.25
99.8644067797
101.55
110.25
104.183333333
128.1
135.15
120.254237288
121.116666667
101.3
126.216666667
113.4
92.9333333333
91.406779661
101.65
117.05
100.8
110.9
95.3898305085
111.2
111.466666667
115.016666667
125.683333333
102.833333333
101.338983051
94.0333333333
104.766666667
108.0
112.95
120.593220339
124.9
124.9
110.9
113.15
126.583333333
94.2711864407
130.516666667
100.783333333
89.9833333333
124.25
110.440677966
101.9
108.0
108.733333333
99.4666666667
121.203389831
102.25
120.45
115.9
120.55
104.346153846
--END OF 9--
2.2
5.11666666667
3.86666666667
3.6
4.42372881356
6.35
2.45
4.55
8.8
3.15
7.27118644068
4.0
5.05
2.03333333333
10.3
6.45
4.74576271186
6.61666666667
3.08333333333
3.9
4.6
1.0
1.77966101695
2.65
1.65
2.0
1.85
3.16949152542
3.71666666667
3.5
5.61666666667
4.68333333333
6.51666666667
5.86440677966
2.55
8.71666666667
4.76666666667
3.21666666667
6.32203389831
5.7
8.1
6.65
6.6
5.81666666667
2.91525423729
1.95
3.63333333333
2.45
4.8
4.1186440678
2.26666666667
4.11666666667
3.86666666667
3.9
5.52542372881
3.05
4.65
2.05
7.05
4.78846153846
--END OF 10--
0.0833333333333
0.0
1.0
0.0666666666667
1.91525423729
1.95
0.6
1.0
2.6
0.9
0.508474576271
0.0
0.5
0.5
2.66666666667
0.3
1.71186440678
0.633333333333
1.18333333333
0.5
2.0
0.0
1.01694915254
0.0
0.05
1.25
0.65
1.0
1.56666666667
1.0
1.51666666667
1.08333333333
0.233333333333
0.779661016949
0.733333333333
1.26666666667
0.966666666667
0.9
1.49152542373
1.7
2.03333333333
1.3
1.75
1.33333333333
1.30508474576
0.2
0.733333333333
0.716666666667
2.41666666667
0.542372881356
1.03333333333
1.46666666667
0.5
2.11666666667
1.20338983051
1.1
0.5
0.05
2.45
1.34615384615
--END OF 11--
0.0
0.0
0.333333333333
0.0
0.0
0.5
0.0
0.0
0.0
0.5
0.508474576271
0.0
0.0
0.5
0.483333333333
0.0166666666667
0.220338983051
0.283333333333
0.5
0.0
0.5
0.0
0.0
0.0
0.0
0.0
0.0
0.0
0.0
0.0
0.433333333333
0.266666666667
0.0
0.0
0.0
0.0
0.466666666667
0.9
0.372881355932
0.25
0.45
0.4
0.7
0.55
0.152542372881
0.0
0.133333333333
0.366666666667
0.633333333333
0.0677966101695
0.0
0.0
0.0
0.5
0.0
1.0
0.0
0.0
0.0
0.0
--END OF 12--
