21.9
21.9830508475
21.3833333333
21.8166666667
20.9
21.5666666667
21.05
21.6440677966
21.35
22.45
20.95
20.4833333333
22.3833333333
21.7833333333
21.6271186441
20.8333333333
21.9666666667
20.8
21.05
21.6440677966
21.4333333333
22.5166666667
21.6166666667
21.6666666667
20.6
21.3389830508
21.0166666667
21.1833333333
21.3833333333
21.2833333333
21.4745762712
22.1
21.5
20.8833333333
21.7
19.7333333333
21.1694915254
21.65
21.75
21.6
21.0333333333
20.8666666667
21.3050847458
21.1166666667
22.1666666667
20.8
21.0666666667
20.8813559322
21.2
20.9
21.3833333333
21.5833333333
20.6833333333
20.0338983051
20.7333333333
21.65
21.2833333333
20.6666666667
21.5833333333
22.1320754717
--END OF 1--
30.6833333333
31.0847457627
29.4166666667
29.8166666667
27.6833333333
29.45
28.6333333333
31.2711864407
28.4666666667
30.1
28.2666666667
27.15
30.7333333333
30.1666666667
30.0169491525
28.9833333333
31.9166666667
29.1
28.7
30.3389830508
28.7333333333
29.85
30.3
30.6
28.2333333333
30.2711864407
29.7333333333
28.2166666667
29.55
28.8666666667
28.7627118644
30.4
29.0
28.0333333333
29.15
27.2333333333
29.0677966102
30.4333333333
29.95
30.2
28.35
28.1666666667
30.2033898305
27.0166666667
28.65
27.6666666667
28.15
28.4576271186
28.35
28.55
28.8
29.3333333333
27.9833333333
28.2881355932
28.05
28.1166666667
29.5
28.9666666667
29.8333333333
30.679245283
--END OF 2--
31.2
32.6440677966
29.7166666667
31.0666666667
28.5333333333
31.2666666667
30.55
32.1694915254
29.5833333333
31.0
28.6
27.6666666667
31.3166666667
31.1166666667
31.3220338983
29.9333333333
33.0166666667
31.05
29.9
31.6779661017
29.8166666667
30.3166666667
30.7333333333
31.9
29.5833333333
31.7118644068
31.5
29.4666666667
30.5166666667
29.7666666667
29.5423728814
31.35
30.2
28.9333333333
30.25
28.1833333333
29.8305084746
32.1666666667
30.9
31.0
29.3666666667
28.6
31.4915254237
27.8
29.05
28.35
28.3166666667
29.1186440678
29.6
28.9
30.3
31.1333333333
28.6333333333
30.2881355932
29.5
29.3833333333
30.1666666667
29.3166666667
30.3166666667
31.3396226415
--END OF 3--
20.9
21.1355932203
20.3833333333
20.85
20.0666666667
20.5666666667
20.3
20.6779661017
20.4833333333
21.4333333333
20.1666666667
19.9166666667
21.15
20.5833333333
20.5423728814
19.9333333333
21.15
20.25
20.35
20.7796610169
20.55
21.5166666667
20.7666666667
20.6666666667
20.05
20.4237288136
20.1333333333
20.2
20.65
20.2833333333
20.4745762712
21.1
20.55
19.9833333333
20.7
19.1833333333
20.2881355932
20.65
20.8333333333
20.6666666667
20.1833333333
20.3
20.6949152542
20.3166666667
21.1666666667
20.2166666667
20.4
20.1186440678
20.3
19.95
20.6333333333
20.6333333333
19.9833333333
19.7288135593
20.1
20.65
20.5666666667
19.95
20.75
21.1320754717
--END OF 4--
29.9833333333
30.4406779661
29.3666666667
29.4
27.6833333333
29.15
28.4166666667
30.5423728814
28.2333333333
29.9166666667
28.2666666667
27.15
29.8666666667
29.4833333333
29.5423728814
28.8333333333
30.9666666667
28.85
28.5
29.8305084746
28.7333333333
29.5166666667
29.85
30.0333333333
28.1333333333
29.8813559322
29.45
28.1833333333
29.25
28.8666666667
28.7627118644
29.75
28.7
28.0333333333
29.05
27.0333333333
28.9152542373
29.8333333333
29.4333333333
29.8166666667
28.35
28.0666666667
29.8305084746
27.0166666667
28.6
27.6666666667
28.15
28.4576271186
28.35
28.45
28.6666666667
29.3333333333
27.9333333333
28.2881355932
28.05
28.1166666667
29.2666666667
28.6666666667
29.45
30.0754716981
--END OF 5--
31.2
32.6440677966
29.7166666667
31.0666666667
28.5333333333
31.2666666667
30.55
32.1694915254
29.5833333333
31.0
28.6
27.6666666667
31.3166666667
31.1166666667
31.3220338983
29.9333333333
33.0166666667
31.05
29.9
31.6779661017
29.8166666667
30.3166666667
30.7333333333
31.9
29.5833333333
31.7118644068
31.5
29.4666666667
30.5166666667
29.7666666667
29.5423728814
31.35
30.2
28.9333333333
30.25
28.1833333333
29.8305084746
32.1666666667
30.9
31.0
29.3666666667
28.6
31.4915254237
27.8
29.05
28.35
28.3166666667
29.1186440678
29.6
28.9
30.3
31.1333333333
28.6333333333
30.2881355932
29.5
29.3833333333
30.1666666667
29.3166666667
30.3166666667
31.3396226415
--END OF 6--
4012.55
4133.23728814
4034.45
3946.95
3947.15
4018.15
3947.3
4114.47457627
4121.95
4201.5
3912.4
3799.75
4097.65
4159.2
4019.49152542
3937.2
4123.65
3866.1
3907.05
3997.42372881
3880.35
3947.7
4152.6
4083.75
3845.55
4017.15254237
3990.45
3890.9
3933.1
3878.55
3917.69491525
4104.6
3858.9
3886.95
3940.65
3774.6
3978.50847458
4020.1
4062.85
4096.3
3794.05
3826.3
3970.77966102
3954.7
3976.75
3886.95
3924.1
3886.22033898
3924.6
3936.55
3992.25
4033.35
3795.3
3721.98305085
3811.8
3956.05
3985.5
3810.5
3925.55
4180.24528302
--END OF 7--
1128.36666667
1161.23728814
1110.11666667
1112.71666667
1105.0
1114.9
1091.56666667
1132.49152542
1122.28333333
1153.41666667
1082.36666667
1050.8
1153.05
1160.53333333
1134.83050847
1102.5
1143.33333333
1062.2
1094.15
1102.81355932
1084.76666667
1119.35
1138.18333333
1131.1
1052.23333333
1117.22033898
1115.63333333
1083.25
1097.98333333
1087.2
1105.61016949
1154.4
1085.85
1075.0
1106.1
1067.3
1105.54237288
1116.18333333
1129.73333333
1131.16666667
1079.9
1062.6
1096.40677966
1073.38333333
1109.78333333
1063.66666667
1069.76666667
1075.50847458
1081.95
1085.55
1106.31666667
1118.35
1068.8
1041.98305085
1067.56666667
1115.55
1111.75
1061.13333333
1112.65
1157.18867925
--END OF 8--
177.383333333
187.305084746
165.1
177.45
153.966666667
173.916666667
153.966666667
185.745762712
153.866666667
176.3
161.05
153.383333333
176.116666667
176.9
187.745762712
173.35
180.616666667
165.0
171.55
177.881355932
168.166666667
159.366666667
175.8
171.833333333
170.766666667
178.118644068
167.016666667
164.283333333
171.183333333
155.9
159.474576271
169.75
177.55
150.0
173.7
153.9
158.559322034
184.2
170.616666667
167.533333333
160.216666667
155.35
170.576271186
146.15
153.016666667
146.633333333
159.266666667
158.949152542
156.1
159.433333333
160.133333333
163.0
163.6
170.813559322
153.916666667
145.966666667
173.116666667
171.683333333
176.1
155.867924528
--END OF 9--
7.3
7.40677966102
5.85
5.95
3.35
5.08333333333
8.91666666667
9.50847457627
6.78333333333
4.1
2.93333333333
4.51666666667
6.81666666667
7.61666666667
6.27118644068
7.25
10.7166666667
11.6
4.35
8.74576271186
7.13333333333
7.45
5.25
9.55
6.36666666667
8.83050847458
9.35
6.4
6.41666666667
6.15
6.62711864407
6.75
5.7
6.0
7.3
6.8
7.66101694915
8.2
7.15
8.06666666667
6.33333333333
7.35
9.61016949153
3.76666666667
4.56666666667
3.48333333333
3.85
6.93220338983
6.75
5.85
7.16666666667
9.7
3.3
8.22033898305
8.6
4.9
7.53333333333
7.5
5.48333333333
8.30188679245
--END OF 10--
0.85
2.13559322034
0.5
2.15
1.3
1.85
2.58333333333
1.35593220339
1.25
1.15
0.133333333333
0.866666666667
0.3
0.8
2.08474576271
1.2
1.53333333333
2.5
1.5
2.5593220339
1.43333333333
0.516666666667
0.65
2.16666666667
1.63333333333
2.47457627119
3.3
1.86666666667
1.35
1.21666666667
1.27118644068
1.25
1.6
1.5
1.8
1.2
1.01694915254
3.01666666667
1.28333333333
0.566666666667
1.11666666667
0.533333333333
1.72881355932
1.05
0.683333333333
1.1
0.3
1.30508474576
1.35
0.65
2.0
2.6
1.1
3.27118644068
2.8
1.98333333333
1.03333333333
0.5
0.833333333333
1.16981132075
--END OF 11--
0.0
0.661016949153
0.116666666667
0.0
0.0
1.0
0.466666666667
0.0
0.2
0.0
0.0
0.0
0.0
0.0
0.0
0.45
0.4
0.65
0.5
0.0
0.0
0.5
0.0
0.0
0.0
0.0
0.266666666667
0.0
0.0
0.0
0.322033898305
0.35
0.5
0.0
0.05
0.95
0.372881355932
0.0
0.933333333333
0.0
0.0
0.0
0.0
0.0666666666667
0.55
0.383333333333
0.0
0.0
0.45
0.05
0.5
0.5
0.0
0.898305084746
0.116666666667
0.0
0.0
0.0
0.0
0.0
--END OF 12--
