21.8666666667
19.4833333333
21.1694915254
20.8333333333
18.4833333333
21.1833333333
20.1333333333
20.7333333333
20.95
20.2881355932
19.7166666667
21.0166666667
20.6833333333
20.1
20.0847457627
20.3
21.1
21.3833333333
20.05
20.8833333333
20.7288135593
20.6166666667
21.6833333333
19.3666666667
19.6
19.75
20.406779661
20.0
19.7833333333
21.1333333333
20.1
21.0847457627
20.85
19.4666666667
22.1
20.0833333333
20.55
20.6440677966
21.1
20.2
20.0333333333
20.65
19.75
20.0338983051
20.0833333333
20.9
19.6833333333
20.4
19.8644067797
19.0666666667
20.2166666667
20.7666666667
19.4
20.85
20.8644067797
20.3833333333
19.85
18.6166666667
20.05
20.0526315789
--END OF 1--
28.35
26.7666666667
29.1355932203
28.6833333333
26.3833333333
27.7833333333
27.4833333333
29.3333333333
28.7166666667
28.6779661017
28.0
27.6333333333
28.2
29.15
28.3050847458
28.4666666667
28.8
29.35
28.5666666667
28.0
27.5762711864
28.5166666667
28.3333333333
27.6666666667
26.8
26.5333333333
27.4406779661
27.5333333333
27.4333333333
27.6833333333
26.6666666667
28.406779661
26.8166666667
26.7
28.2666666667
28.2
27.85
27.7627118644
27.2
27.7333333333
28.2333333333
28.0333333333
27.75
28.7627118644
27.4666666667
28.6666666667
28.2666666667
27.5
27.0169491525
25.0166666667
28.3333333333
27.4333333333
26.5666666667
28.6
27.0508474576
28.6
27.0333333333
26.8666666667
27.3
27.8070175439
--END OF 2--
29.3833333333
28.1666666667
29.8644067797
30.35
27.6833333333
27.7833333333
27.7333333333
30.6833333333
29.5833333333
29.2711864407
28.5
28.9166666667
28.6
29.2333333333
29.0
29.75
29.8333333333
30.6833333333
30.3333333333
29.2166666667
27.5762711864
29.0166666667
29.4333333333
28.5166666667
28.05
27.3666666667
28.4915254237
28.1166666667
28.0666666667
27.6833333333
27.5166666667
28.5254237288
27.65
27.9166666667
29.1666666667
29.85
28.6166666667
28.3728813559
27.65
29.9166666667
29.4333333333
28.7166666667
28.8
29.186440678
28.8666666667
29.6666666667
29.15
28.65
27.4745762712
25.55
29.55
27.5333333333
27.3833333333
29.5333333333
28.7796610169
29.95
27.4333333333
27.45
28.2
29.0526315789
--END OF 3--
20.7666666667
19.3
20.3220338983
20.1833333333
18.4833333333
20.3333333333
19.7833333333
20.0333333333
20.1666666667
19.8474576271
19.3166666667
20.4166666667
19.8166666667
19.8333333333
19.6610169492
19.8166666667
20.4333333333
20.5
19.7333333333
20.1833333333
20.1355932203
19.9166666667
20.6833333333
19.2166666667
19.1333333333
19.45
19.9830508475
19.7166666667
19.6
20.3833333333
19.6333333333
20.2542372881
20.0166666667
19.15
21.05
19.7
19.7833333333
20.0
20.4
19.8666666667
19.7333333333
19.9666666667
19.45
19.593220339
19.7833333333
20.0833333333
19.4
19.7833333333
19.5593220339
18.9
19.5166666667
19.8833333333
19.0166666667
20.0666666667
20.0
19.85
19.45
18.6166666667
19.7
19.298245614
--END OF 4--
28.35
26.7666666667
28.9830508475
28.5833333333
26.3833333333
27.7833333333
27.4833333333
29.1333333333
28.7166666667
28.5762711864
28.0
27.4833333333
28.2
29.1
28.3050847458
28.4666666667
28.8
29.0833333333
28.5166666667
28.0
27.5762711864
28.5166666667
28.3333333333
27.6666666667
26.8
26.5333333333
27.2033898305
27.5333333333
27.4333333333
27.6833333333
26.6666666667
28.3559322034
26.8166666667
26.7
28.2666666667
28.0833333333
27.8
27.7627118644
27.2
27.7166666667
28.2333333333
28.0333333333
27.75
28.5084745763
27.4666666667
28.6666666667
28.2666666667
27.5
27.0169491525
25.0166666667
28.2333333333
27.4333333333
26.5666666667
28.6
27.0508474576
28.5833333333
26.9833333333
26.8666666667
27.3
27.7543859649
--END OF 5--
29.3833333333
28.1666666667
29.8644067797
30.35
27.6833333333
27.7833333333
27.7333333333
30.6833333333
29.5833333333
29.2711864407
28.5
28.9166666667
28.6
29.2333333333
29.0
29.75
29.8333333333
30.6833333333
30.3333333333
29.2166666667
27.5762711864
29.0166666667
29.4333333333
28.5166666667
28.05
27.3666666667
28.4915254237
28.1166666667
28.0666666667
27.6833333333
27.5166666667
28.5254237288
27.65
27.9166666667
29.1666666667
29.85
28.6166666667
28.3728813559
27.65
29.9166666667
29.4333333333
28.7166666667
28.8
29.186440678
28.8666666667
29.6666666667
29.15
28.65
27.4745762712
25.55
29.55
27.5333333333
27.3833333333
29.5333333333
28.7796610169
29.95
27.4333333333
27.45
28.2
29.0526315789
--END OF 6--
4084.6
3804.2
3936.96610169
3858.0
3528.45
3886.65
3865.65
3859.05
3907.6
3825.76271186
3879.05
3889.6
3886.95
3837.2
3829.88135593
3944.1
3849.85
3858.1
3785.15
3845.1
3919.77966102
3823.2
3907.2
3631.2
3749.8
3744.75
3748.72881356
3771.65
3637.6
3846.9
3790.9
3811.72881356
3706.95
3788.35
4011.9
3746.85
3792.6
3815.49152542
3805.35
3749.2
3817.5
3956.9
3749.25
3779.33898305
3723.85
3856.95
3651.45
3822.6
3673.62711864
3625.25
3906.25
3853.55
3804.9
3853.45
3796.22033898
3887.55
3740.1
3570.3
3672.75
3892.73684211
--END OF 7--
1140.75
1048.23333333
1097.69491525
1075.75
989.1
1076.3
1052.35
1074.6
1088.95
1069.88135593
1065.76666667
1075.03333333
1076.33333333
1071.41666667
1064.89830508
1054.08333333
1080.86666667
1089.35
1055.7
1081.86666667
1082.98305085
1062.6
1098.75
1028.1
1041.66666667
1039.95
1032.10169492
1035.55
1024.23333333
1081.43333333
1037.01666667
1064.10169492
1031.51666667
1023.83333333
1120.43333333
1038.28333333
1069.63333333
1043.52542373
1051.15
1046.05
1064.2
1101.58333333
1042.45
1062.06779661
1036.45
1074.26666667
1024.81666667
1054.95
1022.52542373
1000.75
1091.6
1077.8
1058.26666667
1060.51666667
1057.05084746
1073.85
1045.53333333
985.133333333
1033.8
1070.12280702
--END OF 8--
166.6
156.85
162.288135593
165.916666667
146.4
156.55
153.35
168.05
157.1
164.966101695
164.583333333
162.1
160.35
166.483333333
157.169491525
163.1
153.733333333
168.966666667
164.483333333
161.183333333
164.169491525
172.9
152.9
159.1
154.65
148.416666667
156.389830508
169.483333333
159.683333333
136.5
149.95
164.915254237
152.0
159.866666667
150.566666667
166.833333333
169.083333333
156.338983051
141.4
163.666666667
170.9
166.7
166.05
170.644067797
158.25
172.883333333
177.25
151.7
166.0
151.916666667
177.516666667
143.866666667
152.75
159.783333333
139.101694915
168.416666667
154.633333333
163.25
146.0
176.245614035
--END OF 9--
5.25
4.33333333333
8.49152542373
6.66666666667
8.65
3.95
6.5
9.6
6.31666666667
7.0
6.9
6.18333333333
5.0
6.95
7.13559322034
10.3
7.95
7.86666666667
7.46666666667
7.5
2.57627118644
7.6
6.75
6.65
9.16666666667
5.65
7.28813559322
5.26666666667
8.25
4.83333333333
5.76666666667
6.23728813559
3.93333333333
5.23333333333
3.85
8.26666666667
4.53333333333
4.94915254237
4.95
8.36666666667
6.45
4.4
7.55
10.0677966102
7.51666666667
7.88333333333
8.16666666667
7.11666666667
4.5593220339
3.08333333333
5.4
4.28333333333
6.1
8.2
10.2711864407
7.86666666667
5.61666666667
6.4
5.55
6.71929824561
--END OF 10--
0.666666666667
1.85
0.728813559322
2.33333333333
1.65
0.05
0.5
2.0
1.06666666667
1.1186440678
0.466666666667
2.43333333333
0.8
0.0833333333333
1.59322033898
2.21666666667
1.4
1.35
2.38333333333
1.26666666667
0.0338983050847
0.75
1.9
1.4
0.833333333333
0.683333333333
1.13559322034
0.683333333333
0.933333333333
0.0
1.48333333333
0.28813559322
1.73333333333
1.63333333333
1.21666666667
2.33333333333
1.18333333333
0.762711864407
0.6
3.48333333333
1.95
1.11666666667
1.3
0.71186440678
2.3
1.73333333333
1.33333333333
1.15
0.118644067797
0.933333333333
1.86666666667
0.2
1.38333333333
1.7
2.62711864407
2.0
0.3
0.2
1.5
1.77192982456
--END OF 11--
0.5
0.2
0.101694915254
0.7
0.5
0.0
0.0
0.0
0.366666666667
0.610169491525
0.0
0.0
0.0
0.0
0.0
0.5
0.0
0.316666666667
0.683333333333
0.0
0.0
0.0
0.5
0.0
0.0
0.166666666667
0.35593220339
0.0166666666667
0.0
0.0
0.0
0.0
0.0
0.0
0.0
0.716666666667
0.283333333333
0.254237288136
0.5
0.566666666667
0.15
0.2
0.0
0.0338983050847
0.533333333333
0.0
0.0
0.366666666667
0.0
0.0
0.0
0.0
0.266666666667
0.0
0.0
0.0
0.0
0.0
0.5
0.508771929825
--END OF 12--
