16.2542372881
16.4833333333
16.4833333333
15.7666666667
15.8833333333
15.4166666667
15.4576271186
16.4333333333
14.55
14.8166666667
15.6333333333
16.3
16.5593220339
15.9
16.1
15.55
15.7666666667
16.1333333333
15.5423728814
14.6333333333
16.05
16.1166666667
16.1166666667
15.7333333333
16.2372881356
15.6833333333
17.5833333333
16.5333333333
16.2
15.3333333333
15.6610169492
16.8333333333
15.8
16.25
17.7833333333
15.8833333333
16.593220339
15.65
15.5
16.7333333333
15.6833333333
15.5666666667
16.5084745763
15.9
14.4833333333
15.5833333333
16.8166666667
16.1186440678
16.5333333333
16.6166666667
16.2166666667
15.3666666667
15.2833333333
16.9152542373
16.8666666667
16.35
17.1
16.6
16.55
15.6896551724
--END OF 1--
21.4406779661
21.9166666667
20.8333333333
20.25
20.8333333333
19.9833333333
19.7118644068
21.2333333333
20.85
20.5833333333
20.65
21.05
21.5084745763
20.95
20.5833333333
19.45
20.1666666667
21.15
19.8305084746
19.0666666667
20.7166666667
20.5
20.7166666667
20.3166666667
21.6949152542
20.7333333333
22.2833333333
20.6333333333
20.9
20.3333333333
20.5254237288
21.3166666667
20.6166666667
21.45
21.7833333333
21.4833333333
21.6949152542
21.0166666667
20.6666666667
20.9833333333
21.0666666667
20.0
21.5762711864
20.5
20.3833333333
19.1333333333
21.9666666667
20.0169491525
21.3
21.3833333333
20.85
20.6333333333
21.8666666667
21.5762711864
21.2166666667
22.4
23.1
22.2666666667
21.5166666667
19.6379310345
--END OF 2--
21.4576271186
22.7666666667
22.0166666667
20.5666666667
21.0333333333
20.8666666667
21.186440678
22.1833333333
21.4
21.0166666667
20.8
21.5
21.9152542373
21.15
20.8333333333
19.55
20.4666666667
21.65
20.2372881356
19.7333333333
21.1
20.9
20.7166666667
20.5666666667
22.3050847458
21.2333333333
22.5333333333
23.2833333333
21.5
20.5333333333
21.1355932203
21.6
21.0333333333
22.8833333333
23.3166666667
22.1833333333
23.2372881356
21.3333333333
21.6333333333
21.9166666667
21.65
20.5666666667
21.9661016949
21.0
20.7833333333
19.9333333333
22.8166666667
20.6779661017
21.8833333333
23.35
20.95
21.6666666667
22.7166666667
22.0677966102
21.7166666667
22.9833333333
24.3833333333
23.2833333333
22.2666666667
19.6379310345
--END OF 3--
16.2542372881
16.4833333333
16.4833333333
15.7666666667
15.8833333333
15.4166666667
15.4576271186
16.4333333333
14.55
14.8166666667
15.6333333333
16.3
16.5593220339
15.9
16.1
15.55
15.7666666667
16.1333333333
15.5423728814
14.6333333333
16.05
16.1166666667
16.1166666667
15.7333333333
16.2372881356
15.6833333333
17.5833333333
16.5333333333
16.2
15.3333333333
15.6610169492
16.8333333333
15.8
16.25
17.7833333333
15.8833333333
16.593220339
15.65
15.5
16.7333333333
15.6833333333
15.5666666667
16.5084745763
15.9
14.4833333333
15.5833333333
16.8166666667
16.1186440678
16.5333333333
16.6166666667
16.2166666667
15.3666666667
15.2833333333
16.9152542373
16.8666666667
16.35
17.1
16.6
16.55
15.6896551724
--END OF 4--
21.4406779661
21.9166666667
20.8333333333
20.25
20.8333333333
19.9833333333
19.7118644068
21.2333333333
20.85
20.5833333333
20.65
21.05
21.5084745763
20.95
20.5833333333
19.45
20.1666666667
21.15
19.8305084746
19.0666666667
20.7166666667
20.5
20.7166666667
20.3166666667
21.6949152542
20.7333333333
22.2833333333
20.6333333333
20.9
20.3333333333
20.5254237288
21.3166666667
20.6166666667
21.45
21.7833333333
21.4833333333
21.6949152542
21.0166666667
20.6666666667
20.9833333333
21.0666666667
20.0
21.5762711864
20.5
20.3833333333
19.1333333333
21.9666666667
20.0169491525
21.3
21.3833333333
20.85
20.6333333333
21.8666666667
21.5762711864
21.2166666667
22.4
23.1
22.2666666667
21.5166666667
19.6379310345
--END OF 5--
21.4576271186
22.7666666667
22.0166666667
20.5666666667
21.0333333333
20.8666666667
21.186440678
22.1833333333
21.4
21.0166666667
20.8
21.5
21.9152542373
21.15
20.8333333333
19.55
20.4666666667
21.65
20.2372881356
19.7333333333
21.1
20.9
20.7166666667
20.5666666667
22.3050847458
21.2333333333
22.5333333333
23.2833333333
21.5
20.5333333333
21.1355932203
21.6
21.0333333333
22.8833333333
23.3166666667
22.1833333333
23.2372881356
21.3333333333
21.6333333333
21.9166666667
21.65
20.5666666667
21.9661016949
21.0
20.7833333333
19.9333333333
22.8166666667
20.6779661017
21.8833333333
23.35
20.95
21.6666666667
22.7166666667
22.0677966102
21.7166666667
22.9833333333
24.3833333333
23.2833333333
22.2666666667
19.6379310345
--END OF 6--
2978.6440678
3050.65
2951.75
3032.8
2935.55
2898.85
2839.52542373
3102.45
2984.7
2981.65
3006.95
3053.55
3103.01694915
3028.95
2970.6
2885.2
3005.05
2968.5
2998.3220339
2826.4
3099.6
3168.75
3009.55
2906.55
3068.69491525
3028.5
3160.35
2977.95
2982.15
2971.8
2968.83050847
3132.7
3021.7
2972.65
3176.3
3002.45
3094.22033898
2982.65
2850.75
3034.3
3026.7
2974.0
3144.96610169
2955.6
2833.5
2914.65
3092.55
3005.49152542
3030.3
3056.45
3044.35
2881.2
3063.15
3120.40677966
3056.4
2968.1
3157.85
3124.65
3050.8
2896.60344828
--END OF 7--
838.13559322
858.966666667
831.983333333
817.2
814.916666667
792.55
796.661016949
871.05
823.3
815.2
829.983333333
855.05
851.898305085
837.483333333
822.666666667
802.633333333
828.816666667
827.05
818.305084746
789.783333333
863.65
872.333333333
837.283333333
793.2
845.084745763
833.1
893.35
841.8
825.9
829.65
820.305084746
855.1
817.2
824.383333333
902.983333333
845.766666667
867.423728814
825.666666667
801.75
848.65
839.966666667
816.016666667
867.033898305
827.9
773.05
802.7
869.25
835.796610169
852.633333333
858.183333333
841.85
804.666666667
830.65
857.0
856.3
844.216666667
889.083333333
882.033333333
847.15
795.25862069
--END OF 8--
122.627118644
118.733333333
109.383333333
98.4166666667
114.583333333
109.266666667
97.1355932203
108.35
113.3
111.35
109.383333333
96.65
104.898305085
103.516666667
107.15
88.8833333333
100.233333333
102.983333333
104.830508475
98.5666666667
103.0
99.65
106.85
113.633333333
107.966101695
111.75
115.95
110.2
116.8
119.3
115.152542373
107.866666667
109.416666667
113.35
98.75
120.3
119.983050847
122.766666667
108.833333333
96.1
116.783333333
102.3
108.745762712
110.05
117.35
93.35
110.1
106.305084746
107.1
118.133333333
107.683333333
121.066666667
122.383333333
106.508474576
108.516666667
115.983333333
118.933333333
121.416666667
121.75
95.6379310345
--END OF 9--
2.84745762712
5.85
4.7
3.26666666667
4.56666666667
4.41666666667
6.93220338983
4.9
6.1
8.51666666667
4.7
5.05
4.20338983051
5.2
3.65
2.96666666667
2.9
5.95
1.67796610169
3.88333333333
4.53333333333
2.6
2.1
4.35
6.8813559322
4.5
2.85
8.5
3.35
2.7
3.79661016949
2.73333333333
3.31666666667
7.15
5.51666666667
5.2
5.67796610169
3.55
5.78333333333
6.36666666667
5.63333333333
1.51666666667
5.8813559322
4.75
5.25
3.15
6.25
1.98305084746
4.16666666667
4.9
3.55
4.98333333333
4.36666666667
3.30508474576
3.65
6.81666666667
5.75
5.4
5.75
3.13793103448
--END OF 10--
0.0677966101695
1.35
1.58333333333
0.416666666667
0.25
1.05
2.32203389831
0.4
0.2
0.4
0.3
0.85
0.64406779661
0.516666666667
0.383333333333
0.116666666667
0.283333333333
0.216666666667
0.508474576271
0.366666666667
0.633333333333
0.5
0.0
0.316666666667
0.186440677966
1.0
0.3
3.45
0.25
0.2
0.813559322034
0.533333333333
0.466666666667
2.95
2.35
0.866666666667
2.40677966102
0.433333333333
1.05
1.48333333333
0.966666666667
1.16666666667
0.338983050847
1.0
0.9
1.05
1.3
0.762711864407
0.666666666667
2.71666666667
0.116666666667
1.41666666667
1.08333333333
0.474576271186
0.0333333333333
0.716666666667
1.9
0.883333333333
0.5
0.0
--END OF 11--
0.0
0.0
0.0
0.0
0.0
0.0666666666667
0.440677966102
0.0
0.1
0.2
0.0
0.0
0.0
0.0
0.0
0.0
0.0
0.0
0.0
0.0
0.0
0.0
0.0
0.0
0.0
0.0
0.1
0.4
0.0
0.0
0.508474576271
0.0333333333333
0.466666666667
0.0
0.766666666667
0.0
0.508474576271
0.0
0.0
0.0
0.0
0.166666666667
0.338983050847
0.0
0.5
0.1
0.4
0.0
0.0
0.5
0.0
0.5
0.0
0.474576271186
0.0333333333333
0.5
0.5
0.0
0.0
0.0
--END OF 12--
