18.5593220339
19.1
19.6166666667
18.2333333333
19.3333333333
18.4
18.5423728814
18.5333333333
19.2166666667
20.4166666667
18.6
18.5166666667
20.3898305085
19.15
18.8
19.0
19.2
19.1
18.9491525424
19.4666666667
18.7666666667
18.8666666667
20.2
18.9322033898
19.3
18.5333333333
20.4
19.2
20.1833333333
19.6271186441
19.3
20.15
18.8666666667
19.8
18.9
20.0
20.3666666667
19.0833333333
20.0666666667
19.6
19.5833333333
19.0508474576
19.5166666667
18.7833333333
18.2666666667
18.8
20.4576271186
19.7333333333
19.3833333333
19.0666666667
18.75
18.5166666667
17.8644067797
18.9
18.8666666667
19.85
20.0166666667
20.3
19.2033898305
18.5964912281
--END OF 1--
23.8474576271
25.3
26.0
24.3666666667
25.7333333333
26.0666666667
25.0677966102
25.4
25.6833333333
25.5666666667
25.1666666667
24.5166666667
26.7966101695
25.95
24.35
24.3
25.2
26.65
25.6779661017
25.2166666667
25.1666666667
25.0833333333
27.3
26.2372881356
25.3166666667
25.1833333333
27.3833333333
25.1166666667
26.4666666667
25.593220339
25.8
26.4166666667
24.7166666667
27.85
25.05
28.0169491525
27.4333333333
26.0833333333
28.25
26.3833333333
25.7833333333
26.3559322034
26.9833333333
25.7333333333
26.0833333333
25.3
26.9322033898
26.8833333333
26.6
25.7166666667
25.25
26.2666666667
25.0338983051
26.7833333333
25.6833333333
26.2666666667
26.6333333333
27.0666666667
26.6101694915
24.0701754386
--END OF 2--
25.7288135593
26.8166666667
27.2333333333
25.95
26.4666666667
27.0
25.8644067797
27.3
25.9166666667
25.85
25.5833333333
26.0666666667
27.3898305085
27.15
24.9
25.2
27.65
27.7
26.2203389831
25.55
25.85
25.6333333333
28.1333333333
27.8983050847
25.7166666667
25.3166666667
27.9666666667
25.7666666667
26.85
26.1016949153
27.25
27.8833333333
26.4666666667
28.8
25.5
29.2542372881
28.2166666667
27.6166666667
28.75
26.7
26.1166666667
26.7966101695
27.8333333333
26.0666666667
26.3166666667
26.0833333333
27.5423728814
28.0833333333
27.55
26.7666666667
25.3
27.0666666667
25.6440677966
27.8833333333
26.3333333333
26.6166666667
26.8666666667
30.3333333333
27.4237288136
24.5438596491
--END OF 3--
18.406779661
18.6
19.2166666667
18.2333333333
19.3333333333
18.4
18.5423728814
18.5333333333
19.2166666667
19.9
18.3666666667
18.5166666667
19.8305084746
19.0
18.8
19.0
19.15
19.1
18.9491525424
19.3666666667
18.7666666667
18.8666666667
19.95
18.7288135593
19.3
18.5166666667
19.9
19.1166666667
19.8166666667
19.3389830508
19.3
19.8166666667
18.8166666667
19.75
18.9
20.0
19.9666666667
19.0833333333
19.8666666667
19.55
19.5833333333
19.0508474576
19.3666666667
18.7833333333
18.2666666667
18.8
19.7796610169
19.6833333333
19.1666666667
19.0666666667
18.75
18.5166666667
17.8644067797
18.85
18.8666666667
19.4166666667
19.3166666667
19.4
19.0338983051
18.5964912281
--END OF 4--
23.8474576271
25.3
26.0
24.3666666667
25.7333333333
26.0666666667
25.0677966102
25.4
25.6833333333
25.5666666667
25.1666666667
24.5166666667
26.7966101695
25.95
24.35
24.3
25.2
26.65
25.6779661017
25.2166666667
25.1666666667
25.0833333333
27.3
26.2372881356
25.3166666667
25.1833333333
27.3833333333
25.1166666667
26.4666666667
25.593220339
25.8
26.4166666667
24.7166666667
27.85
25.05
28.0169491525
27.4333333333
26.0833333333
28.2
26.3833333333
25.7833333333
26.3559322034
26.9833333333
25.7333333333
26.0833333333
25.3
26.9322033898
26.8833333333
26.6
25.7166666667
25.25
26.2666666667
25.0338983051
26.7833333333
25.6833333333
26.2666666667
26.6333333333
27.0666666667
26.6101694915
24.0701754386
--END OF 5--
25.7288135593
26.8166666667
27.2333333333
25.95
26.4666666667
27.0
25.8644067797
27.3
25.9166666667
25.85
25.5833333333
26.0666666667
27.3898305085
27.15
24.9
25.2
27.65
27.7
26.2203389831
25.55
25.85
25.6333333333
28.1333333333
27.8983050847
25.7166666667
25.3166666667
27.9666666667
25.7666666667
26.85
26.1016949153
27.25
27.8833333333
26.4666666667
28.8
25.5
29.2542372881
28.2166666667
27.6166666667
28.75
26.7
26.1166666667
26.7966101695
27.8333333333
26.0666666667
26.3166666667
26.0833333333
27.5423728814
28.0833333333
27.55
26.7666666667
25.3
27.0666666667
25.6440677966
27.8833333333
26.3333333333
26.6166666667
26.8666666667
30.3333333333
27.4237288136
24.5438596491
--END OF 6--
3468.76271186
3660.85
3695.0
3531.0
3537.5
3465.65
3551.13559322
3484.15
3436.25
3628.85
3494.0
3401.75
3691.52542373
3602.4
3422.25
3509.7
3553.05
3601.8
3454.06779661
3555.4
3479.1
3399.55
3614.85
3632.18644068
3568.9
3472.75
3663.35
3469.4
3618.5
3559.06779661
3573.0
3694.75
3541.5
3711.0
3466.8
3646.47457627
3684.4
3533.8
3695.6
3626.8
3541.0
3546.71186441
3622.3
3494.15
3538.7
3582.75
3783.61016949
3655.95
3563.25
3623.4
3502.05
3514.65
3447.3559322
3660.05
3559.7
3601.95
3804.5
3838.25
3656.18644068
3645.47368421
--END OF 7--
939.796610169
1011.76666667
1031.26666667
981.666666667
998.866666667
978.733333333
987.796610169
981.0
970.75
1009.33333333
973.466666667
939.033333333
1046.03389831
1004.4
960.1
977.0
990.55
993.2
974.830508475
992.7
971.283333333
960.7
1027.7
991.101694915
989.733333333
964.5
1042.53333333
979.133333333
1017.0
1005.3559322
981.3
1021.76666667
982.55
1046.4
963.65
1029.77966102
1033.0
993.85
1038.1
1016.6
1003.83333333
990.593220339
1011.35
983.866666667
995.516666667
1004.75
1050.83050847
1008.45
1001.95
993.4
962.2
997.25
962.203389831
1005.5
992.416666667
1015.35
1048.6
1064.6
1005.71186441
977.052631579
--END OF 8--
130.644067797
135.366666667
139.233333333
136.033333333
141.25
138.566666667
135.491525424
139.716666667
139.983333333
138.1
139.483333333
153.516666667
147.86440678
145.1
121.8
124.45
132.95
147.45
152.474576271
135.816666667
143.566666667
142.983333333
150.516666667
148.830508475
136.0
142.466666667
163.116666667
146.816666667
146.75
139.203389831
163.1
159.4
133.05
181.8
155.05
161.847457627
156.6
150.916666667
172.533333333
146.833333333
135.283333333
151.457627119
158.183333333
150.166666667
156.933333333
149.483333333
144.779661017
154.95
160.416666667
145.65
152.65
165.4
146.355932203
168.916666667
153.566666667
145.266666667
142.033333333
148.35
162.745762712
121.473684211
--END OF 9--
7.03389830508
5.28333333333
6.66666666667
6.61666666667
5.1
10.1833333333
5.8813559322
8.3
6.33333333333
3.46666666667
4.46666666667
7.08333333333
3.0
4.6
6.7
4.5
8.15
9.6
4.83050847458
4.1
4.58333333333
5.21666666667
5.81666666667
8.49152542373
2.51666666667
4.6
6.7
4.8
6.01666666667
3.8813559322
6.15
5.48333333333
6.35
3.95
5.15
8.64406779661
3.98333333333
8.65
5.26666666667
3.63333333333
4.83333333333
3.79661016949
6.75
5.41666666667
4.81666666667
6.16666666667
3.61016949153
5.95
5.36666666667
6.6
3.7
4.0
8.38983050847
5.01666666667
3.98333333333
2.63333333333
4.2
14.0333333333
6.69491525424
2.36842105263
--END OF 10--
2.84745762712
2.3
1.2
2.23333333333
0.833333333333
0.933333333333
1.16949152542
2.51666666667
0.55
0.6
0.5
1.6
0.949152542373
1.15
0.5
0.9
4.3
1.3
0.949152542373
0.366666666667
1.2
1.0
1.13333333333
1.66101694915
0.1
0.116666666667
0.4
1.15
0.333333333333
0.71186440678
1.8
2.1
2.5
1.35
0.65
1.74576271186
0.316666666667
2.25
0.716666666667
0.0
0.0333333333333
0.593220338983
1.26666666667
0.616666666667
0.283333333333
0.666666666667
0.915254237288
2.1
0.966666666667
1.5
0.05
0.5
0.813559322034
1.8
0.633333333333
0.983333333333
0.4
3.81666666667
0.813559322034
0.736842105263
--END OF 11--
0.0
1.0
1.0
0.0
0.0
0.5
0.0
0.0
0.0
0.0
0.0
0.416666666667
0.0847457627119
0.5
0.0
0.15
1.1
0.75
0.0
0.0
0.0
0.0
0.133333333333
0.881355932203
0.0
0.0
0.0
0.0
0.0
0.0
0.3
0.166666666667
0.0
0.35
0.15
0.0
0.0
0.0
0.0
0.0
0.0333333333333
0.474576271186
0.5
0.0
0.0
0.0
0.0
0.15
0.55
0.0
0.0
0.5
0.0
0.0
0.5
0.0
0.383333333333
0.616666666667
0.0
0.0
--END OF 12--
