16.5833333333
15.7166666667
16.3898305085
17.5333333333
17.55
16.35
16.05
14.8166666667
15.9661016949
16.7833333333
15.6666666667
16.35
15.8333333333
15.7666666667
16.186440678
16.2333333333
15.2333333333
17.25
16.7166666667
15.7166666667
16.186440678
16.15
16.3166666667
15.4
14.9166666667
14.7627118644
15.1833333333
15.0666666667
15.1833333333
15.8833333333
16.5333333333
16.1694915254
16.15
15.4166666667
16.25
15.4833333333
15.15
16.593220339
15.7833333333
16.2333333333
16.0333333333
16.1833333333
16.3220338983
16.0666666667
16.4833333333
16.4833333333
16.95
16.75
15.1525423729
16.4333333333
15.9666666667
14.4
16.2
16.4166666667
16.5423728814
16.2
16.85
16.3
16.6
15.7543859649
--END OF 1--
21.8333333333
19.4
21.0847457627
21.0833333333
21.95
20.6
19.5
18.4666666667
19.813559322
20.8666666667
20.15
21.65
19.4333333333
19.65
19.8305084746
19.6333333333
19.55
22.0333333333
20.5333333333
20.25
20.8474576271
19.75
20.4166666667
19.4
19.4166666667
18.406779661
19.2833333333
19.3166666667
19.25
19.4166666667
20.6333333333
19.6101694915
20.55
19.4833333333
20.6666666667
17.9166666667
18.75
20.5423728814
20.4833333333
20.5833333333
19.7333333333
19.4833333333
21.4745762712
20.1833333333
19.9833333333
19.9
20.15
20.65
19.0338983051
19.7333333333
19.5
18.0666666667
20.8166666667
20.2666666667
19.4745762712
19.7
20.8166666667
19.95
19.8
19.701754386
--END OF 2--
22.3666666667
20.7166666667
21.3728813559
21.3833333333
22.05
21.1
20.1
18.8166666667
19.813559322
21.2
20.9
21.7166666667
19.4333333333
20.0
19.9830508475
19.7833333333
20.0166666667
23.1666666667
20.7
20.9333333333
21.0508474576
19.9
20.5166666667
20.05
19.7166666667
18.6101694915
20.2666666667
19.7666666667
20.3166666667
19.8166666667
20.9166666667
20.1355932203
20.9166666667
19.4833333333
21.65
18.2833333333
19.3833333333
22.1186440678
20.9333333333
21.2333333333
19.9333333333
20.3333333333
22.3389830508
21.1833333333
20.4166666667
20.75
20.4166666667
21.0
19.3559322034
19.9666666667
19.5
18.1833333333
21.95
20.5166666667
20.1355932203
20.05
21.45
20.35
20.45
21.1052631579
--END OF 3--
16.5833333333
15.7166666667
16.3898305085
17.5333333333
17.55
16.35
16.05
14.8166666667
15.9661016949
16.7833333333
15.6666666667
16.35
15.8333333333
15.7666666667
16.186440678
16.2333333333
15.2333333333
17.25
16.7166666667
15.7166666667
16.186440678
16.15
16.3166666667
15.4
14.9166666667
14.7627118644
15.1833333333
15.0666666667
15.1833333333
15.8833333333
16.5333333333
16.1694915254
16.15
15.4166666667
16.25
15.4833333333
15.15
16.593220339
15.7833333333
16.2333333333
16.0333333333
16.1833333333
16.3220338983
16.0666666667
16.4833333333
16.4833333333
16.95
16.75
15.1525423729
16.4333333333
15.9666666667
14.4
16.2
16.4166666667
16.5423728814
16.2
16.85
16.3
16.6
15.7543859649
--END OF 4--
21.8333333333
19.4
21.0847457627
21.0833333333
21.95
20.6
19.5
18.4666666667
19.813559322
20.8666666667
20.15
21.65
19.4333333333
19.65
19.8305084746
19.6333333333
19.55
22.0333333333
20.5333333333
20.25
20.8474576271
19.75
20.4166666667
19.4
19.4166666667
18.406779661
19.2833333333
19.3166666667
19.25
19.4166666667
20.6333333333
19.6101694915
20.55
19.4833333333
20.6666666667
17.9166666667
18.75
20.5423728814
20.4833333333
20.5833333333
19.7333333333
19.4833333333
21.4745762712
20.1833333333
19.9833333333
19.9
20.15
20.65
19.0338983051
19.7333333333
19.5
18.0666666667
20.8166666667
20.2666666667
19.4745762712
19.7
20.8166666667
19.95
19.8
19.701754386
--END OF 5--
22.3666666667
20.7166666667
21.3728813559
21.3833333333
22.05
21.1
20.1
18.8166666667
19.813559322
21.2
20.9
21.7166666667
19.4333333333
20.0
19.9830508475
19.7833333333
20.0166666667
23.1666666667
20.7
20.9333333333
21.0508474576
19.9
20.5166666667
20.05
19.7166666667
18.6101694915
20.2666666667
19.7666666667
20.3166666667
19.8166666667
20.9166666667
20.1355932203
20.9166666667
19.4833333333
21.65
18.2833333333
19.3833333333
22.1186440678
20.9333333333
21.2333333333
19.9333333333
20.3333333333
22.3389830508
21.1833333333
20.4166666667
20.75
20.4166666667
21.0
19.3559322034
19.9666666667
19.5
18.1833333333
21.95
20.5166666667
20.1355932203
20.05
21.45
20.35
20.45
21.1052631579
--END OF 6--
3226.75
2923.65
3086.03389831
3235.8
3257.7
3141.75
3113.55
2913.6
3069.40677966
2987.9
3040.85
3182.9
3054.45
3025.0
3064.16949153
3045.15
2931.2
3302.2
3076.55
2937.0
2946.66101695
3030.0
3081.75
2955.45
2879.25
2949.91525424
3022.9
2993.2
2949.15
2986.85
3075.05
2961.45762712
3015.3
2957.55
3116.7
2863.95
2957.2
3182.49152542
3049.35
3042.75
3075.75
2993.25
3058.72881356
3091.0
2971.15
3027.1
3062.2
3080.65
2979.25423729
3047.25
2954.35
2801.2
3107.45
3027.55
3014.59322034
2932.2
3159.75
2981.55
3047.7
3074.36842105
--END OF 7--
887.3
815.65
869.423728814
892.7
908.1
861.0
827.95
792.65
844.186440678
848.466666667
838.183333333
871.283333333
836.966666667
848.066666667
857.610169492
835.083333333
805.616666667
901.333333333
851.033333333
808.866666667
830.254237288
832.85
859.9
806.15
808.75
798.627118644
819.5
818.483333333
825.266666667
836.55
869.483333333
822.389830508
828.716666667
811.016666667
863.033333333
789.3
810.0
874.593220339
838.5
849.5
838.25
837.15
862.644067797
837.55
831.65
830.316666667
868.866666667
848.9
810.508474576
831.7
814.5
766.833333333
850.15
846.8
831.0
815.5
854.516666667
824.5
846.1
832.736842105
--END OF 8--
113.3
89.8833333333
99.7288135593
99.8
101.25
89.35
87.3
83.0
100.440677966
91.6
102.5
98.25
91.4833333333
85.95
93.3728813559
95.2833333333
93.6166666667
101.85
92.1833333333
97.75
102.86440678
89.55
100.35
92.05
95.8
87.4915254237
88.2166666667
87.8666666667
89.5666666667
89.6833333333
90.6333333333
88.8983050847
103.566666667
93.7333333333
105.35
81.7833333333
83.8666666667
94.8813559322
103.05
102.2
87.8
83.3
102.338983051
99.6333333333
93.1
87.2666666667
86.1333333333
87.35
84.0338983051
86.7833333333
95.4833333333
82.1666666667
101.583333333
96.3
87.7796610169
93.65
102.283333333
88.15
71.55
98.0350877193
--END OF 9--
3.38333333333
4.5
2.8813559322
2.75
2.8
4.25
1.75
2.75
2.69491525424
3.36666666667
2.58333333333
5.41666666667
2.6
2.55
1.45762711864
1.21666666667
3.28333333333
4.18333333333
2.93333333333
4.33333333333
3.81355932203
2.6
2.6
2.7
2.65
1.98305084746
5.5
4.5
3.71666666667
2.56666666667
2.61666666667
2.67796610169
2.35
3.13333333333
4.31666666667
1.55
2.4
4.93220338983
3.1
4.15
3.3
1.95
6.93220338983
3.23333333333
4.55
2.83333333333
1.95
3.71666666667
2.33898305085
2.25
4.53333333333
3.33333333333
6.03333333333
3.96666666667
2.28813559322
2.95
3.1
5.65
4.2
3.70175438596
--END OF 10--
0.766666666667
1.71666666667
0.28813559322
0.7
0.3
0.65
0.95
0.4
0.0
0.383333333333
0.95
0.166666666667
0.0
0.483333333333
0.0169491525424
0.0
0.5
1.5
0.116666666667
0.383333333333
0.508474576271
0.35
0.15
1.0
0.5
0.389830508475
1.0
0.7
0.916666666667
0.5
0.516666666667
1.0
0.466666666667
0.0
1.33333333333
0.45
0.183333333333
2.4406779661
0.4
0.7
0.5
0.85
1.45762711864
1.7
0.35
1.16666666667
0.5
0.0
0.508474576271
0.0
0.0
0.116666666667
1.5
0.283333333333
0.813559322034
0.3
1.06666666667
0.5
0.9
2.29824561404
--END OF 11--
0.266666666667
0.716666666667
0.28813559322
0.0
0.0
0.65
0.45
0.4
0.0
0.0
0.5
0.0
0.0
0.0
0.0
0.0
0.166666666667
0.333333333333
0.0
0.0
0.0
0.0
0.0
0.5
0.0
0.0
0.883333333333
0.2
0.416666666667
0.0
0.0833333333333
0.423728813559
0.2
0.0
0.0
0.0
0.0
0.508474576271
0.0
0.0
0.0
0.5
0.0
0.5
0.333333333333
0.166666666667
0.0
0.0
0.0
0.0
0.0
0.0
0.0
0.0
0.0
0.0
0.0
0.0
0.4
0.578947368421
--END OF 12--
