26.9666666667
26.8833333333
26.9833333333
26.6610169492
26.8833333333
26.0666666667
26.7166666667
26.4666666667
27.0833333333
26.3050847458
26.6333333333
26.9166666667
26.2166666667
25.4333333333
25.9
26.3666666667
26.2881355932
26.5333333333
25.9166666667
25.4166666667
25.15
26.8333333333
24.8305084746
26.9
25.2333333333
25.4166666667
25.4333333333
26.3166666667
26.7118644068
27.95
26.05
25.5833333333
25.5333333333
27.6
26.2542372881
25.4
25.75
26.5
26.9333333333
25.2833333333
25.6779661017
24.6166666667
25.1333333333
25.4333333333
24.3
24.7627118644
24.55
25.1166666667
25.0166666667
24.6666666667
25.2666666667
25.2833333333
25.2711864407
23.8666666667
24.3
24.3166666667
23.45
23.7796610169
25.25
28.298245614
--END OF 1--
37.1166666667
38.3333333333
38.2833333333
36.6610169492
37.65
37.6833333333
37.8333333333
38.5
37.3333333333
36.6440677966
37.0166666667
37.7833333333
36.6666666667
36.5833333333
36.55
36.3333333333
37.1016949153
34.0333333333
35.5
36.25
35.6666666667
38.6833333333
34.0847457627
35.6166666667
35.9333333333
35.8166666667
36.3666666667
39.2
37.8644067797
40.8833333333
38.25
37.7833333333
36.1
38.9333333333
38.4915254237
40.9833333333
39.8
38.5333333333
38.9166666667
36.2666666667
36.7627118644
35.1666666667
36.1333333333
34.7666666667
34.95
33.2542372881
35.9666666667
37.0333333333
35.0333333333
35.1
35.6666666667
35.3833333333
34.9152542373
34.55
35.1
35.5833333333
32.5
34.6779661017
35.2333333333
41.1052631579
--END OF 2--
39.6166666667
40.3833333333
41.5
38.8305084746
38.6833333333
40.3
40.8333333333
41.1
41.5333333333
37.6101694915
39.1333333333
39.8
38.4166666667
38.6
38.75
37.85
38.9152542373
37.3333333333
39.5
38.3333333333
39.1666666667
39.5833333333
36.2033898305
38.0666666667
37.8666666667
39.5833333333
40.8833333333
43.3333333333
42.2711864407
45.5166666667
42.85
41.0666666667
39.8833333333
41.6666666667
44.5762711864
44.4833333333
43.3
40.65
43.6333333333
39.3166666667
39.5254237288
37.9333333333
39.3833333333
36.9166666667
37.5
35.4576271186
39.1666666667
42.8
37.6
37.5166666667
38.5833333333
38.5166666667
36.7457627119
37.7166666667
36.75
37.7166666667
33.75
37.8813559322
39.0666666667
44.1578947368
--END OF 3--
23.5166666667
23.6333333333
23.5333333333
23.6101694915
23.45
23.0
23.5666666667
23.2833333333
23.6
23.3220338983
23.6166666667
23.8666666667
23.2333333333
23.0
23.1666666667
23.3
23.2372881356
23.4833333333
23.0
22.65
22.5833333333
23.5833333333
22.5423728814
23.7166666667
22.85
22.7666666667
22.8666666667
23.15
23.4576271186
24.2833333333
23.3
23.0166666667
22.9166666667
24.05
23.3728813559
22.9666666667
22.9166666667
23.4333333333
23.7666666667
22.7833333333
23.1186440678
22.3333333333
22.5666666667
22.8833333333
22.4166666667
22.5423728814
22.5166666667
22.8
22.7166666667
22.35
22.8333333333
22.8833333333
22.8644067797
22.0833333333
22.3
22.05
21.75
22.0508474576
22.8
24.350877193
--END OF 4--
33.9666666667
34.6666666667
34.5833333333
33.7288135593
34.2166666667
34.1833333333
34.4666666667
34.7666666667
34.2166666667
33.7457627119
33.9
34.4833333333
33.8333333333
33.8666666667
33.7
33.5166666667
33.8983050847
32.1333333333
32.9
33.3333333333
33.0166666667
34.9333333333
32.2711864407
33.2
33.2333333333
32.9
33.45
35.2666666667
34.3220338983
36.35
34.7
34.4333333333
33.3333333333
35.1166666667
34.9491525424
36.3
35.4
34.9833333333
35.1666666667
33.4333333333
33.7796610169
32.5833333333
33.25
32.6166666667
32.6666666667
31.813559322
33.2833333333
34.0166666667
32.7666666667
32.6166666667
32.9666666667
32.8833333333
32.6949152542
32.4
32.65
32.8
31.2
32.3898305085
32.7166666667
36.2105263158
--END OF 5--
39.6166666667
40.3666666667
41.5
38.8305084746
38.6833333333
40.2166666667
40.7833333333
41.1
41.5333333333
37.6101694915
39.1333333333
39.8
38.4166666667
38.4666666667
38.75
37.85
38.9152542373
37.3333333333
39.5
38.3333333333
39.0666666667
39.5833333333
36.2033898305
38.0666666667
37.8666666667
39.5833333333
40.6
43.0333333333
42.2711864407
44.7666666667
42.7333333333
41.0166666667
39.8833333333
41.65
44.3559322034
44.0166666667
43.15
40.65
43.2333333333
39.3166666667
39.5254237288
37.9333333333
39.3833333333
36.9166666667
37.5
35.4576271186
39.1666666667
42.75
37.6
37.5166666667
38.5833333333
38.5166666667
36.7457627119
37.7166666667
36.75
37.7166666667
33.75
37.8813559322
39.0666666667
43.6842105263
--END OF 6--
4978.5
5023.2
5088.05
4911.86440678
5015.05
4965.0
5010.05
4968.3
5023.45
4860.91525424
4791.4
4927.8
4949.2
4803.2
4863.4
4837.7
4933.98305085
4788.45
4882.35
4748.65
4762.3
5032.2
4622.49152542
4931.2
4798.5
4672.65
4781.5
4911.7
4943.69491525
5137.0
4804.15
4856.0
4808.9
4923.65
4942.27118644
4835.6
4894.7
4895.15
4965.55
4703.9
4688.28813559
4684.1
4804.6
4852.55
4444.35
4460.08474576
4512.65
4618.1
4605.65
4601.2
4755.45
4735.1
4645.22033898
4437.85
4438.95
4664.85
4376.4
4492.47457627
4698.9
5323.84210526
--END OF 7--
1386.2
1399.65
1413.03333333
1370.91525424
1394.35
1372.75
1381.56666667
1378.08333333
1391.56666667
1358.44067797
1357.36666667
1369.2
1352.43333333
1321.58333333
1354.48333333
1353.86666667
1360.37288136
1331.6
1361.36666667
1342.15
1322.15
1393.45
1276.59322034
1363.9
1327.03333333
1319.5
1334.83333333
1383.8
1380.55932203
1453.88333333
1340.85
1332.78333333
1344.26666667
1391.18333333
1363.01694915
1361.03333333
1371.16666667
1362.76666667
1379.3
1314.8
1317.98305085
1308.9
1328.33333333
1319.58333333
1249.35
1236.38983051
1273.03333333
1309.61666667
1285.41666667
1299.83333333
1310.06666667
1308.28333333
1289.84745763
1238.36666667
1271.4
1300.0
1218.1
1256.08474576
1315.16666667
1477.54385965
--END OF 8--
206.4
216.233333333
217.666666667
197.508474576
218.583333333
228.65
221.45
235.766666667
224.816666667
205.525423729
217.516666667
224.6
213.316666667
211.966666667
219.466666667
210.033333333
206.372881356
195.0
204.1
208.716666667
222.95
219.35
192.203389831
189.95
195.016666667
224.65
216.15
241.866666667
223.576271186
251.366666667
245.166666667
217.933333333
212.25
234.833333333
229.813559322
264.383333333
261.183333333
240.533333333
233.75
228.883333333
229.254237288
211.916666667
212.766666667
189.683333333
210.75
194.254237288
223.133333333
217.433333333
202.1
206.15
210.9
193.483333333
201.983050847
217.666666667
208.45
199.283333333
183.6
200.457627119
198.816666667
240.877192982
--END OF 9--
12.45
16.0666666667
14.55
13.1355932203
12.7166666667
13.35
13.1166666667
14.6833333333
12.2833333333
9.06779661017
10.25
13.7166666667
10.2
13.8
9.9
8.03333333333
14.7796610169
9.05
14.9333333333
14.1833333333
14.35
14.25
11.406779661
11.4
13.25
14.6166666667
15.0833333333
18.2833333333
18.2372881356
21.75
20.7166666667
20.5166666667
14.25
15.9333333333
27.2203389831
25.35
17.5333333333
16.2166666667
23.0833333333
12.8166666667
11.813559322
16.1666666667
16.1666666667
8.91666666667
14.2666666667
14.3220338983
17.6833333333
21.1833333333
14.5166666667
12.45
11.3166666667
12.9833333333
9.18644067797
14.9666666667
11.25
16.3166666667
9.9
17.3050847458
16.4166666667
17.4035087719
--END OF 10--
3.05
2.96666666667
4.03333333333
2.72881355932
0.85
3.85
3.45
3.11666666667
5.63333333333
1.52542372881
3.0
2.68333333333
2.11666666667
3.11666666667
3.33333333333
1.85
1.77966101695
4.35
5.31666666667
3.16666666667
4.75
1.1
3.16949152542
3.23333333333
2.51666666667
5.66666666667
7.18333333333
6.05
6.59322033898
5.38333333333
4.91666666667
4.68333333333
4.13333333333
2.7
7.13559322034
4.2
5.68333333333
2.63333333333
6.38333333333
4.06666666667
4.98305084746
4.48333333333
4.81666666667
3.16666666667
2.61666666667
2.20338983051
4.6
9.61666666667
3.83333333333
3.75
4.43333333333
4.26666666667
2.67796610169
5.0
2.05
3.08333333333
1.65
4.20338983051
5.0
4.14035087719
--END OF 11--
1.25
0.15
1.48333333333
0.0
0.0
1.45
1.08333333333
0.783333333333
3.25
0.627118644068
0.716666666667
0.4
0.35
0.25
0.716666666667
0.166666666667
0.864406779661
2.45
0.85
0.25
0.2
0.9
0.101694915254
0.7
1.03333333333
0.566666666667
1.33333333333
2.2
1.10169491525
1.65
1.53333333333
0.966666666667
0.4
0.416666666667
1.37288135593
1.28333333333
0.716666666667
0.25
1.95
0.566666666667
0.406779661017
0.433333333333
1.23333333333
0.816666666667
1.25
0.0
0.633333333333
1.38333333333
0.5
0.516666666667
0.433333333333
0.5
0.35593220339
1.1
0.2
0.45
0.0
0.28813559322
1.25
1.17543859649
--END OF 12--
