18.05
18.35
17.0677966102
17.25
15.8
16.1333333333
17.4
16.7
17.5084745763
16.3
15.85
16.7166666667
15.7833333333
15.4833333333
15.593220339
16.85
16.7833333333
14.8833333333
15.85
16.4333333333
16.0338983051
16.5666666667
16.7
17.65
17.35
16.5
17.2372881356
17.6833333333
15.9666666667
15.8833333333
16.8
15.7666666667
16.9491525424
17.2
16.3333333333
16.3666666667
15.9833333333
15.25
15.7118644068
17.15
16.3
15.9833333333
14.7833333333
15.3389830508
16.9
16.5666666667
15.9166666667
16.5166666667
16.2666666667
17.9661016949
17.7
16.6
16.6
15.5166666667
15.95
15.9322033898
16.3333333333
15.8833333333
15.8833333333
16.7924528302
--END OF 1--
24.7833333333
24.4
22.8813559322
24.05
22.2
23.05
23.3333333333
22.1833333333
23.6610169492
22.1
21.4
22.4
21.35
22.4333333333
22.4576271186
22.3333333333
22.7333333333
21.2
21.8166666667
21.8666666667
21.4915254237
23.2
21.6
22.6
22.1
22.05
22.8983050847
25.1666666667
22.1333333333
22.5333333333
22.7
22.85
23.6271186441
23.6
22.5833333333
23.7666666667
22.7166666667
21.1666666667
21.1186440678
23.55
22.55
22.1
20.4666666667
22.2711864407
23.7833333333
21.6333333333
20.7166666667
22.2666666667
22.2666666667
25.1525423729
25.1166666667
22.9666666667
23.6833333333
20.9833333333
22.1833333333
22.1355932203
22.1833333333
22.3833333333
21.6833333333
22.358490566
--END OF 2--
24.9833333333
25.5666666667
23.7288135593
25.4
23.0
23.9833333333
23.8833333333
23.2333333333
24.2881355932
22.5166666667
21.95
22.9333333333
22.05
24.0333333333
23.9830508475
23.25
23.3
21.8333333333
23.0666666667
22.5333333333
22.0338983051
24.35
22.05
23.75
23.55
22.25
23.7966101695
26.3666666667
23.55
23.8833333333
23.15
23.35
24.5084745763
24.4666666667
23.7333333333
24.9333333333
22.75
22.1166666667
21.7118644068
24.9
23.85
22.7333333333
22.3
23.1525423729
25.0166666667
22.3333333333
21.3666666667
22.75
22.95
26.5254237288
26.4666666667
23.9333333333
25.35
21.3333333333
23.75
23.1525423729
22.9833333333
23.7333333333
22.3833333333
22.7735849057
--END OF 3--
18.05
18.3
17.0677966102
17.25
15.8
16.1333333333
17.4
16.7
17.5084745763
16.3
15.85
16.7166666667
15.7833333333
15.4833333333
15.593220339
16.85
16.7833333333
14.8833333333
15.85
16.4333333333
16.0338983051
16.5666666667
16.7
17.65
17.35
16.5
17.2372881356
17.6833333333
15.9666666667
15.8833333333
16.8
15.7666666667
16.9491525424
17.2
16.3333333333
16.3666666667
15.9833333333
15.25
15.7118644068
17.15
16.3
15.9833333333
14.7833333333
15.3389830508
16.9
16.5666666667
15.9166666667
16.5166666667
16.2666666667
17.9661016949
17.7
16.6
16.6
15.5166666667
15.95
15.9322033898
16.3333333333
15.8833333333
15.8833333333
16.7924528302
--END OF 4--
24.7833333333
24.4
22.8813559322
24.05
22.2
23.05
23.3333333333
22.1833333333
23.6610169492
22.1
21.4
22.4
21.35
22.4333333333
22.4576271186
22.3333333333
22.7333333333
21.2
21.8166666667
21.8666666667
21.4915254237
23.2
21.6
22.6
22.1
22.05
22.8983050847
25.1666666667
22.1333333333
22.5333333333
22.7
22.85
23.6271186441
23.6
22.5833333333
23.7666666667
22.7166666667
21.1666666667
21.1186440678
23.55
22.55
22.1
20.4666666667
22.2711864407
23.7833333333
21.6333333333
20.7166666667
22.2666666667
22.2666666667
25.1525423729
25.1166666667
22.9666666667
23.6833333333
20.9833333333
22.1833333333
22.1355932203
22.1833333333
22.3833333333
21.6833333333
22.358490566
--END OF 5--
24.9833333333
25.5666666667
23.7288135593
25.4
23.0
23.9833333333
23.8833333333
23.2333333333
24.2881355932
22.5166666667
21.95
22.9333333333
22.05
24.0333333333
23.9830508475
23.25
23.3
21.8333333333
23.0666666667
22.5333333333
22.0338983051
24.35
22.05
23.75
23.55
22.25
23.7966101695
26.3666666667
23.55
23.8833333333
23.15
23.35
24.5084745763
24.4666666667
23.7333333333
24.9333333333
22.75
22.1166666667
21.7118644068
24.9
23.85
22.7333333333
22.3
23.1525423729
25.0166666667
22.3333333333
21.3666666667
22.75
22.95
26.5254237288
26.4666666667
23.9333333333
25.35
21.3333333333
23.75
23.1525423729
22.9833333333
23.7333333333
22.3833333333
22.7735849057
--END OF 6--
3385.6
3357.8
3199.72881356
3240.15
3042.3
3037.45
3234.5
3088.4
3232.98305085
3058.65
3036.0
3284.65
3119.4
3114.6
3076.47457627
3044.3
3207.95
2977.55
3196.6
3165.95
3021.55932203
3157.1
3120.15
3241.95
3236.1
3072.9
3188.89830508
3241.65
3023.5
3081.8
3176.7
3117.0
3170.69491525
3171.55
3091.2
3154.6
3008.9
2977.8
3006.86440678
3144.9
3065.1
3039.0
3032.95
2964.15254237
3204.1
3077.7
2945.25
3139.6
3042.35
3222.50847458
3188.75
3087.6
3160.75
2972.8
3181.65
3059.33898305
3053.55
3130.65
3015.0
3041.60377358
--END OF 7--
946.466666667
943.1
889.101694915
898.4
835.5
854.483333333
910.5
867.833333333
918.576271186
859.183333333
844.416666667
905.016666667
854.066666667
854.483333333
857.389830508
850.683333333
892.383333333
812.983333333
881.333333333
873.75
847.220338983
862.4
861.6
897.85
892.2
864.75
897.677966102
908.05
830.8
857.216666667
882.733333333
854.0
892.491525424
892.533333333
853.933333333
880.166666667
845.0
842.533333333
848.694915254
872.7
847.6
847.8
827.1
820.084745763
899.016666667
857.733333333
821.5
864.716666667
854.066666667
915.118644068
910.683333333
868.283333333
879.516666667
837.133333333
878.483333333
860.966101695
865.45
884.0
850.3
867.849056604
--END OF 8--
132.25
134.533333333
125.305084746
139.15
121.25
128.466666667
109.266666667
117.566666667
130.305084746
117.166666667
113.716666667
118.3
122.516666667
137.016666667
145.406779661
139.716666667
139.15
120.05
117.55
122.933333333
127.796610169
133.633333333
113.3
121.45
115.95
125.05
126.237288136
153.05
129.366666667
137.816666667
134.816666667
134.1
139.542372881
140.233333333
130.5
149.683333333
135.233333333
121.516666667
113.491525424
143.3
140.6
124.483333333
133.333333333
133.576271186
138.55
116.6
99.45
114.85
127.533333333
151.186440678
156.433333333
132.233333333
138.116666667
120.516666667
131.233333333
133.661016949
127.3
124.55
124.5
122.679245283
--END OF 9--
4.48333333333
5.28333333333
4.37288135593
7.0
5.35
8.31666666667
6.38333333333
5.86666666667
5.64406779661
6.66666666667
7.4
5.16666666667
5.36666666667
9.16666666667
7.94915254237
4.8
1.68333333333
7.95
5.16666666667
3.46666666667
5.96610169492
7.48333333333
5.55
4.75
4.25
3.05
5.4406779661
12.45
6.43333333333
6.85
3.45
8.83333333333
6.77966101695
7.36666666667
5.6
7.51666666667
5.0
5.28333333333
3.15254237288
8.1
6.45
6.71666666667
6.38333333333
8.76271186441
5.5
2.0
3.06666666667
4.4
4.68333333333
8.05084745763
8.51666666667
5.7
9.03333333333
4.31666666667
6.76666666667
6.37288135593
8.05
4.6
5.0
5.33962264151
--END OF 10--
0.466666666667
1.71666666667
0.796610169492
2.45
1.45
1.51666666667
1.1
1.36666666667
1.1186440678
0.516666666667
0.5
0.666666666667
0.833333333333
2.38333333333
1.98305084746
1.53333333333
1.03333333333
1.18333333333
1.28333333333
1.0
0.745762711864
1.3
0.5
1.85
1.6
0.05
1.50847457627
1.0
1.43333333333
2.08333333333
0.866666666667
0.583333333333
1.64406779661
1.45
1.81666666667
2.16666666667
0.05
1.35
1.28813559322
0.9
1.9
1.13333333333
2.45
1.05084745763
0.916666666667
1.23333333333
1.26666666667
0.5
0.75
2.32203389831
1.85
1.73333333333
1.88333333333
0.366666666667
2.26666666667
1.22033898305
0.8
2.0
0.5
0.603773584906
--END OF 11--
0.0
0.0
0.0
0.5
0.0
0.0
0.0
0.0
0.0
0.0
0.0
0.0
0.0
0.883333333333
0.576271186441
0.183333333333
0.416666666667
0.0833333333333
0.5
0.0
0.305084745763
0.233333333333
0.0
0.0
0.45
0.05
0.0
0.0
0.583333333333
0.416666666667
0.0
0.0
0.0
0.216666666667
1.1
0.183333333333
0.0
0.0
0.0
0.25
0.75
0.0
0.333333333333
0.0
0.5
0.0
0.0
0.0
0.383333333333
0.118644067797
1.0
0.0
1.0
0.0
0.7
0.508474576271
0.0
0.0
0.0
0.0
--END OF 12--
