22.9152542373
21.95
22.6
21.8833333333
21.4166666667
20.5666666667
20.8474576271
22.9
21.6333333333
21.6333333333
22.0666666667
21.45
20.6610169492
21.3666666667
22.0
21.4666666667
21.1166666667
21.8833333333
21.2711864407
20.85
20.8
22.7166666667
23.0166666667
22.9152542373
22.15
21.9833333333
22.5666666667
21.5666666667
22.1016949153
21.8166666667
23.1
23.0166666667
21.3833333333
21.4
20.3559322034
22.85
21.25
23.0666666667
22.9333333333
22.8166666667
24.0508474576
23.0833333333
22.7833333333
23.5666666667
23.35
23.5762711864
24.15
24.4
23.8833333333
21.7
23.85
22.7457627119
24.1333333333
22.4
21.75
22.8
22.6101694915
22.5166666667
21.75
20.8596491228
--END OF 1--
33.2711864407
32.3
33.0666666667
30.9
32.5333333333
30.55
30.7796610169
32.2833333333
32.8
31.5333333333
32.0166666667
32.5
32.7118644068
30.7833333333
31.9
31.3166666667
32.3666666667
31.1833333333
32.3220338983
30.8833333333
29.4333333333
34.55
33.7
33.9661016949
33.5
33.8166666667
33.6666666667
32.1166666667
33.2711864407
30.9833333333
31.8
32.5333333333
31.1666666667
32.8833333333
30.8644067797
33.1
32.1833333333
33.25
34.4333333333
34.7666666667
35.9830508475
34.1
35.75
33.3333333333
33.7666666667
35.2881355932
36.45
34.6166666667
35.3833333333
32.4333333333
36.0833333333
33.2881355932
33.55
33.25
33.35
33.05
32.2372881356
32.8666666667
33.9666666667
30.4561403509
--END OF 2--
34.4406779661
33.0166666667
34.8166666667
32.3833333333
34.1666666667
31.45
31.3559322034
33.25
34.45
31.9333333333
32.9166666667
34.6
34.1186440678
31.5
33.75
32.3166666667
34.1166666667
32.3333333333
33.0
31.8
30.2
35.6666666667
35.2166666667
34.9661016949
34.9833333333
34.8666666667
35.45
33.3333333333
33.6610169492
31.5833333333
33.7833333333
33.6
31.4666666667
35.6666666667
33.5084745763
34.8833333333
33.95
36.35
36.5666666667
35.8333333333
37.3898305085
35.5833333333
38.15
34.05
36.4666666667
36.3389830508
37.5666666667
35.6
38.0833333333
33.3166666667
37.3166666667
35.0847457627
35.7
33.65
34.75
33.6666666667
32.7796610169
33.95
34.6833333333
31.2807017544
--END OF 3--
21.593220339
20.9666666667
21.35
20.8833333333
20.6666666667
19.8333333333
20.1525423729
21.4833333333
20.6333333333
20.6333333333
21.0666666667
20.4333333333
19.9491525424
20.3666666667
20.9
20.4666666667
20.2166666667
20.8833333333
20.4237288136
20.1166666667
20.2166666667
21.6166666667
21.7333333333
21.7627118644
21.15
20.9833333333
21.4166666667
20.6333333333
21.1016949153
20.95
21.7
21.6833333333
20.5833333333
20.5833333333
19.7966101695
21.7
20.3666666667
21.7166666667
21.6
21.7
22.2881355932
21.7166666667
21.5666666667
21.75
21.95
21.8474576271
22.2166666667
22.4
22.1833333333
20.6166666667
22.2
21.3050847458
22.2833333333
21.1333333333
20.7666666667
21.5666666667
21.406779661
21.35
20.75
20.1578947368
--END OF 4--
31.7457627119
31.1333333333
31.7833333333
30.15
31.3833333333
29.8833333333
30.0677966102
31.1166666667
31.5
30.4833333333
30.9166666667
31.2166666667
31.3220338983
29.9666666667
30.85
30.5166666667
31.2666666667
30.3833333333
31.3559322034
30.1166666667
29.2833333333
32.45
32.05
32.1694915254
32.0166666667
32.0666666667
31.8
31.1
31.8644067797
30.35
30.9
31.4333333333
30.3666666667
31.4833333333
30.2881355932
31.6666666667
30.9666666667
31.85
32.45
32.5833333333
33.3220338983
32.25
33.3
31.75
32.1
32.8813559322
33.6333333333
32.4166666667
32.9333333333
30.8833333333
33.3333333333
31.6440677966
31.9666666667
31.6166666667
31.95
31.7666666667
31.1186440678
31.55
32.0333333333
29.9473684211
--END OF 5--
34.4406779661
33.0166666667
34.8166666667
32.3833333333
34.1666666667
31.45
31.3559322034
33.25
34.45
31.9333333333
32.9166666667
34.6
34.1186440678
31.5
33.75
32.3166666667
34.1166666667
32.3333333333
33.0
31.8
30.2
35.6666666667
35.2166666667
34.9661016949
34.9833333333
34.8666666667
35.45
33.3333333333
33.6610169492
31.5833333333
33.7833333333
33.6
31.4666666667
35.6666666667
33.5084745763
34.8833333333
33.95
36.35
36.5666666667
35.8333333333
37.3898305085
35.5833333333
38.15
34.05
36.4666666667
36.3389830508
37.5666666667
35.6
38.0833333333
33.3166666667
37.3166666667
35.0847457627
35.7
33.65
34.75
33.6666666667
32.7796610169
33.95
34.6833333333
31.2807017544
--END OF 6--
4129.72881356
4108.15
4187.4
4028.35
4001.05
3943.45
3929.84745763
4157.25
4050.25
3891.35
3991.9
4022.35
3993.3559322
4056.2
3996.6
3901.05
3998.55
4061.7
3912.05084746
3953.4
3870.95
4211.35
4177.45
4351.11864407
4028.25
3964.45
4207.15
4015.75
4116.71186441
3964.4
4120.0
4230.6
3902.6
3983.3
3857.74576271
4145.85
3970.1
4239.25
4138.8
4291.35
4383.0
4271.35
4305.85
4253.1
4221.15
4382.38983051
4452.15
4371.5
4444.35
4100.8
4353.85
4231.01694915
4331.35
4246.05
4123.25
4309.1
4211.44067797
4229.95
4204.65
3819.26315789
--END OF 7--
1178.30508475
1144.48333333
1186.8
1127.86666667
1121.53333333
1100.1
1083.15254237
1179.56666667
1148.98333333
1113.95
1152.13333333
1132.58333333
1118.20338983
1121.43333333
1146.55
1106.75
1122.9
1124.95
1121.15254237
1100.43333333
1076.45
1206.58333333
1176.26666667
1205.49152542
1149.55
1131.35
1184.33333333
1125.9
1161.0
1116.75
1165.1
1177.46666667
1098.98333333
1136.06666667
1067.59322034
1182.1
1125.55
1184.9
1183.73333333
1210.15
1252.93220339
1193.6
1211.83333333
1190.26666667
1198.6
1241.66101695
1242.96666667
1245.86666667
1237.35
1165.91666667
1227.1
1176.30508475
1223.15
1171.26666667
1154.63333333
1178.38333333
1177.50847458
1165.85
1164.06666667
1085.68421053
--END OF 8--
191.169491525
194.416666667
215.7
190.8
213.966666667
204.4
199.796610169
212.666666667
190.533333333
196.783333333
207.133333333
215.5
220.796610169
191.816666667
215.45
207.25
201.7
186.25
208.457627119
200.816666667
180.65
230.05
216.2
213.711864407
212.166666667
219.116666667
217.316666667
204.366666667
215.830508475
195.383333333
195.316666667
205.6
184.566666667
224.666666667
201.084745763
213.633333333
207.216666667
210.233333333
222.8
215.833333333
225.254237288
217.8
241.5
211.333333333
207.75
222.949152542
230.066666667
214.733333333
245.35
202.7
244.816666667
193.237288136
213.65
210.25
219.2
207.0
208.033898305
208.783333333
219.483333333
185.175438596
--END OF 9--
12.2711864407
8.95
7.56666666667
9.28333333333
12.6666666667
9.08333333333
8.5593220339
7.75
12.8333333333
8.01666666667
7.05
10.4
12.6101694915
8.9
9.7
9.35
12.4833333333
9.55
11.8983050847
10.7666666667
8.43333333333
7.91666666667
11.8333333333
8.98305084746
10.7666666667
15.6166666667
11.5
11.2833333333
5.06779661017
6.51666666667
7.88333333333
6.95
8.31666666667
14.2333333333
14.3898305085
9.95
11.55
14.7833333333
15.6
10.0333333333
10.8813559322
10.7833333333
13.4
7.4
13.9666666667
7.49152542373
11.2166666667
7.71666666667
10.05
9.45
13.4
14.4576271186
10.3
8.78333333333
12.0166666667
7.38333333333
4.77966101695
7.6
9.73333333333
9.94736842105
--END OF 10--
1.03389830508
1.13333333333
2.26666666667
1.6
2.16666666667
1.46666666667
0.830508474576
1.43333333333
2.41666666667
0.5
1.3
2.58333333333
2.06779661017
1.33333333333
2.5
1.0
2.13333333333
1.0
0.661016949153
0.85
1.05
1.73333333333
2.21666666667
1.27118644068
1.66666666667
1.9
2.83333333333
1.75
0.728813559322
0.716666666667
3.53333333333
1.9
0.15
4.25
3.57627118644
2.78333333333
1.91666666667
3.48333333333
2.35
1.31666666667
1.49152542373
2.06666666667
3.06666666667
0.983333333333
2.73333333333
1.42372881356
0.983333333333
1.2
4.6
1.18333333333
1.43333333333
2.8813559322
2.76666666667
0.866666666667
2.18333333333
1.11666666667
0.966101694915
1.5
0.85
0.912280701754
--END OF 11--
0.0
0.233333333333
0.133333333333
0.366666666667
0.683333333333
0.583333333333
0.0
0.05
0.383333333333
0.0
0.0
1.56666666667
0.305084745763
0.0
0.0
0.5
0.7
0.0
0.186440677966
0.283333333333
0.0
0.0
0.833333333333
0.0
0.5
0.4
0.5
0.0
0.0
0.266666666667
0.0
0.233333333333
0.0
0.0833333333333
0.593220338983
0.733333333333
1.1
1.33333333333
0.0
0.0
0.0
0.5
0.533333333333
0.0
0.916666666667
0.28813559322
0.466666666667
0.2
0.1
0.15
1.25
0.135593220339
0.533333333333
0.0
0.0
0.183333333333
0.322033898305
0.833333333333
0.5
0.0
--END OF 12--
