9.36666666667
9.35
10.25
10.25
9.71666666667
10.0338983051
10.5833333333
10.0166666667
10.05
9.83333333333
9.81666666667
8.56666666667
9.45762711864
9.7
9.05
9.35
9.7
8.86440677966
9.91666666667
10.25
9.26666666667
9.3
9.93333333333
9.01694915254
9.13333333333
11.15
10.7166666667
9.8
10.0508474576
8.8
9.03333333333
9.58333333333
9.88333333333
9.74576271186
9.21666666667
9.55
9.81666666667
9.86666666667
10.1
9.32203389831
9.56666666667
9.68333333333
9.38333333333
9.41666666667
9.20338983051
9.23333333333
10.1333333333
9.43333333333
8.86666666667
8.52542372881
9.08333333333
9.08333333333
9.71666666667
9.45
9.41666666667
8.79661016949
9.68333333333
8.63333333333
9.25
11.4210526316
--END OF 1--
12.2833333333
11.95
12.7
11.8666666667
12.0166666667
12.4915254237
13.1333333333
11.9833333333
12.0833333333
12.0333333333
12.0166666667
12.1833333333
11.9322033898
11.5
11.45
12.05
11.85
11.2711864407
12.2166666667
12.0166666667
11.6833333333
11.4166666667
11.7333333333
11.1186440678
11.25
13.15
13.05
12.8333333333
12.6779661017
11.8
11.3333333333
11.4833333333
12.3833333333
11.7457627119
11.0166666667
12.2666666667
11.9166666667
12.65
12.9833333333
11.3050847458
11.3
11.7333333333
10.8333333333
11.8833333333
10.9152542373
11.9333333333
12.5833333333
11.8833333333
11.4166666667
11.1355932203
11.3833333333
11.7166666667
12.2666666667
12.3666666667
11.9166666667
10.7457627119
12.2333333333
11.3333333333
11.8833333333
14.2280701754
--END OF 2--
12.3333333333
12.0833333333
13.3166666667
12.55
12.0333333333
12.4915254237
13.1333333333
12.2
12.2833333333
12.3166666667
12.3166666667
12.5333333333
12.9491525424
11.55
11.75
12.05
13.15
11.6271186441
12.85
12.4666666667
12.0
11.6166666667
12.7833333333
11.7288135593
11.3
13.5666666667
13.3833333333
13.25
12.813559322
12.15
11.4833333333
11.4833333333
12.6333333333
12.1016949153
11.5166666667
12.3166666667
12.15
12.8333333333
13.4333333333
11.3050847458
11.7166666667
12.0666666667
11.05
12.6166666667
11.1694915254
12.7833333333
13.4833333333
12.6833333333
12.7666666667
11.3898305085
11.3833333333
11.8166666667
13.0
12.8333333333
11.9166666667
10.9491525424
12.45
12.3166666667
12.0333333333
14.5789473684
--END OF 3--
9.36666666667
9.35
10.25
10.25
9.71666666667
10.0338983051
10.5833333333
10.0166666667
10.05
9.83333333333
9.81666666667
8.56666666667
9.45762711864
9.7
9.05
9.35
9.7
8.86440677966
9.91666666667
10.25
9.26666666667
9.3
9.93333333333
9.01694915254
9.13333333333
11.15
10.7166666667
9.8
10.0508474576
8.8
9.03333333333
9.58333333333
9.88333333333
9.74576271186
9.21666666667
9.55
9.81666666667
9.86666666667
10.1
9.32203389831
9.56666666667
9.68333333333
9.38333333333
9.41666666667
9.20338983051
9.23333333333
10.1333333333
9.43333333333
8.86666666667
8.52542372881
9.08333333333
9.08333333333
9.71666666667
9.45
9.41666666667
8.79661016949
9.68333333333
8.63333333333
9.25
11.4210526316
--END OF 4--
12.2833333333
11.95
12.7
11.8666666667
12.0166666667
12.4915254237
13.1333333333
11.9833333333
12.0833333333
12.0333333333
12.0166666667
12.1833333333
11.9322033898
11.5
11.45
12.05
11.85
11.2711864407
12.2166666667
12.0166666667
11.6833333333
11.4166666667
11.7333333333
11.1186440678
11.25
13.15
13.05
12.8333333333
12.6779661017
11.8
11.3333333333
11.4833333333
12.3833333333
11.7457627119
11.0166666667
12.2666666667
11.9166666667
12.65
12.9833333333
11.3050847458
11.3
11.7333333333
10.8333333333
11.8833333333
10.9152542373
11.9333333333
12.5833333333
11.8833333333
11.4166666667
11.1355932203
11.3833333333
11.7166666667
12.2666666667
12.3666666667
11.9166666667
10.7457627119
12.2333333333
11.3333333333
11.8833333333
14.2280701754
--END OF 5--
12.3333333333
12.0833333333
13.3166666667
12.55
12.0333333333
12.4915254237
13.1333333333
12.2
12.2833333333
12.3166666667
12.3166666667
12.5333333333
12.9491525424
11.55
11.75
12.05
13.15
11.6271186441
12.85
12.4666666667
12.0
11.6166666667
12.7833333333
11.7288135593
11.3
13.5666666667
13.3833333333
13.25
12.813559322
12.15
11.4833333333
11.4833333333
12.6333333333
12.1016949153
11.5166666667
12.3166666667
12.15
12.8333333333
13.4333333333
11.3050847458
11.7166666667
12.0666666667
11.05
12.6166666667
11.1694915254
12.7833333333
13.4833333333
12.6833333333
12.7666666667
11.3898305085
11.3833333333
11.8166666667
13.0
12.8333333333
11.9166666667
10.9491525424
12.45
12.3166666667
12.0333333333
14.5789473684
--END OF 6--
1923.6
1912.3
1952.3
1982.0
1912.75
1918.93220339
1988.6
1969.2
2020.6
2018.65
1931.7
1855.95
1881.20338983
1952.55
1879.8
1988.85
1915.05
1871.23728814
1964.65
2058.6
1939.15
1864.6
1923.8
1841.84745763
1795.75
2047.25
2177.3
1998.7
1939.3220339
1993.5
1844.4
1857.6
2002.95
1998.96610169
1898.85
1899.25
1953.65
1955.45
2018.35
1786.98305085
1857.45
1931.55
1810.4
1894.15
1872.05084746
1837.65
1991.1
1880.1
1828.65
1813.93220339
1906.35
1925.1
1956.3
1828.15
1809.1
1750.47457627
1823.1
1845.85
1867.7
2155.57894737
--END OF 7--
536.2
528.483333333
553.516666667
540.033333333
513.95
525.118644068
554.2
543.4
541.366666667
546.066666667
530.466666667
508.683333333
525.830508475
529.15
501.55
525.3
520.5
503.322033898
562.616666667
561.316666667
534.733333333
514.2
526.666666667
494.355932203
494.666666667
573.916666667
582.75
541.3
536.118644068
540.65
509.3
514.45
536.45
531.542372881
505.833333333
530.9
550.033333333
537.933333333
549.666666667
499.627118644
516.816666667
522.333333333
490.966666667
509.816666667
514.474576271
502.25
550.9
510.1
510.85
501.338983051
517.383333333
516.4
521.783333333
504.533333333
509.733333333
480.372881356
508.766666667
506.983333333
511.05
599.298245614
--END OF 8--
57.0833333333
61.55
56.2333333333
51.6333333333
47.6
64.4237288136
62.65
44.6333333333
51.55
46.3333333333
57.7833333333
69.95
52.5593220339
38.75
51.65
49.05
56.3
59.2881355932
60.4
48.3833333333
47.3
51.2
49.7
52.8644067797
47.9166666667
49.5833333333
60.5333333333
61.4333333333
65.4576271186
56.8
52.3
53.6
60.8
41.3220338983
49.5166666667
58.4666666667
56.5333333333
55.65
60.4666666667
49.2203389831
44.6166666667
40.3166666667
36.65
50.0333333333
44.0847457627
57.25
53.65
53.2
53.2
51.4915254237
54.3166666667
53.75
55.7333333333
57.6666666667
60.3833333333
51.6271186441
53.9333333333
47.4833333333
52.6
65.2280701754
--END OF 9--
2.33333333333
0.983333333333
3.11666666667
3.43333333333
2.8
0.796610169492
1.45
1.88333333333
1.85
2.5
2.16666666667
4.03333333333
4.49152542373
1.2
2.05
1.1
3.55
1.32203389831
1.98333333333
1.58333333333
1.98333333333
1.98333333333
3.08333333333
2.69491525424
0.55
2.68333333333
2.5
2.3
1.72881355932
2.95
2.0
0.85
3.7
2.27118644068
1.98333333333
1.56666666667
1.28333333333
3.31666666667
4.55
1.38983050847
1.25
3.41666666667
1.3
4.26666666667
1.64406779661
4.1
4.25
5.2
4.35
2.61016949153
1.2
2.63333333333
4.36666666667
6.33333333333
2.15
1.50847457627
2.9
4.86666666667
3.23333333333
3.33333333333
--END OF 10--
0.0
0.283333333333
1.2
1.0
0.0166666666667
0.0
0.0
0.0
0.116666666667
0.383333333333
0.5
0.0
1.32203389831
0.2
0.5
0.0
2.4
0.610169491525
0.483333333333
0.15
0.8
0.1
1.46666666667
0.508474576271
0.316666666667
0.716666666667
0.466666666667
0.683333333333
0.322033898305
0.5
0.0
0.0
0.0
0.508474576271
0.433333333333
0.0666666666667
0.383333333333
0.483333333333
0.666666666667
0.0
0.633333333333
0.366666666667
0.333333333333
1.16666666667
0.305084745763
0.7
0.75
0.3
2.45
0.491525423729
0.0166666666667
0.0
1.36666666667
1.13333333333
0.0
0.508474576271
0.116666666667
1.1
0.283333333333
0.0877192982456
--END OF 11--
0.0
0.0
0.0
0.5
0.0
0.0
0.0
0.0
0.0
0.0
0.0
0.0
0.0
0.0
0.0
0.0
0.4
0.101694915254
0.0
0.0
0.0
0.0333333333333
0.966666666667
0.0
0.0
0.0
0.0
0.0
0.0
0.0
0.0
0.0
0.0
0.0
0.0
0.0
0.0
0.0
0.0
0.0
0.0
0.0
0.0
0.0
0.305084745763
0.2
0.4
0.1
0.0
0.0
0.0
0.0
0.483333333333
0.0166666666667
0.0
0.0
0.116666666667
0.383333333333
0.0
0.0
--END OF 12--
