15.4666666667
14.7166666667
14.6666666667
15.2
14.25
13.9830508475
13.8333333333
14.4666666667
13.7333333333
14.75
13.3389830508
13.15
13.9
12.75
13.35
14.3050847458
13.9833333333
13.4833333333
13.3333333333
13.5333333333
12.7966101695
14.3666666667
13.7666666667
13.4333333333
13.7166666667
14.2166666667
14.1525423729
12.8
14.0166666667
14.1833333333
14.05
13.4745762712
13.8666666667
14.0166666667
13.2833333333
13.8833333333
14.75
13.6101694915
14.0833333333
13.95
13.8833333333
13.7166666667
13.3898305085
14.0333333333
13.6
13.3833333333
13.9333333333
14.813559322
14.0
14.5666666667
13.7333333333
13.8666666667
13.6833333333
15.0338983051
14.0333333333
13.7333333333
13.3833333333
14.8
13.6610169492
15.1186440678
--END OF 1--
20.35
18.9
18.3
18.7666666667
18.75
18.2881355932
17.0333333333
18.1166666667
17.3833333333
18.75
16.4745762712
16.6
16.75
16.55
17.7166666667
17.1016949153
19.1166666667
17.5
16.9833333333
18.4833333333
16.0338983051
17.5666666667
17.6166666667
16.7833333333
16.7666666667
18.4666666667
17.7796610169
15.55
16.75
17.7166666667
18.75
18.1186440678
16.8
16.7333333333
17.0333333333
18.9833333333
18.7666666667
17.6949152542
16.8333333333
17.8
17.2666666667
16.8166666667
16.7796610169
17.5
16.15
16.6333333333
17.9166666667
18.4406779661
17.3666666667
19.0666666667
18.2666666667
17.7166666667
17.05
18.3050847458
17.7333333333
17.6833333333
16.6333333333
18.7
16.9661016949
21.5762711864
--END OF 2--
20.9666666667
19.6
18.3
19.65
19.8833333333
18.6779661017
18.0833333333
19.1666666667
18.3833333333
19.6
17.3728813559
16.8
17.2666666667
16.8
17.7166666667
17.7627118644
19.4
18.4166666667
18.1666666667
19.4333333333
16.9322033898
17.9666666667
17.6166666667
17.7333333333
17.4666666667
18.7666666667
17.813559322
16.8
17.0166666667
18.05
19.2333333333
18.3389830508
18.2166666667
17.3166666667
17.5166666667
19.6333333333
19.4166666667
18.406779661
17.6333333333
18.0
18.2833333333
18.1666666667
17.2372881356
17.85
16.2833333333
17.5833333333
19.0166666667
19.1186440678
18.6833333333
19.95
19.2833333333
18.4
17.3666666667
18.6440677966
17.7333333333
18.8333333333
17.5666666667
20.15
17.1186440678
23.2711864407
--END OF 3--
15.4666666667
14.7166666667
14.6666666667
15.2
14.25
13.9830508475
13.8333333333
14.4666666667
13.7333333333
14.75
13.3389830508
13.15
13.9
12.75
13.35
14.3050847458
13.9833333333
13.4833333333
13.3333333333
13.5333333333
12.7966101695
14.3666666667
13.7666666667
13.4333333333
13.7166666667
14.2166666667
14.1525423729
12.8
14.0166666667
14.1833333333
14.05
13.4745762712
13.8666666667
14.0166666667
13.2833333333
13.8833333333
14.75
13.6101694915
14.0833333333
13.95
13.8833333333
13.7166666667
13.3898305085
14.0333333333
13.6
13.3833333333
13.9333333333
14.813559322
14.0
14.5666666667
13.7333333333
13.8666666667
13.6833333333
15.0338983051
14.0333333333
13.7333333333
13.3833333333
14.8
13.6610169492
15.1186440678
--END OF 4--
20.35
18.9
18.3
18.7666666667
18.75
18.2881355932
17.0333333333
18.1166666667
17.3833333333
18.75
16.4745762712
16.6
16.75
16.55
17.7166666667
17.1016949153
19.1166666667
17.5
16.9833333333
18.4833333333
16.0338983051
17.5666666667
17.6166666667
16.7833333333
16.7666666667
18.4666666667
17.7796610169
15.55
16.75
17.7166666667
18.75
18.1186440678
16.8
16.7333333333
17.0333333333
18.9833333333
18.7666666667
17.6949152542
16.8333333333
17.8
17.2666666667
16.8166666667
16.7796610169
17.5
16.15
16.6333333333
17.9166666667
18.4406779661
17.3666666667
19.0666666667
18.2666666667
17.7166666667
17.05
18.3050847458
17.7333333333
17.6833333333
16.6333333333
18.7
16.9661016949
21.5762711864
--END OF 5--
20.9666666667
19.6
18.3
19.65
19.8833333333
18.6779661017
18.0833333333
19.1666666667
18.3833333333
19.6
17.3728813559
16.8
17.2666666667
16.8
17.7166666667
17.7627118644
19.4
18.4166666667
18.1666666667
19.4333333333
16.9322033898
17.9666666667
17.6166666667
17.7333333333
17.4666666667
18.7666666667
17.813559322
16.8
17.0166666667
18.05
19.2333333333
18.3389830508
18.2166666667
17.3166666667
17.5166666667
19.6333333333
19.4166666667
18.406779661
17.6333333333
18.0
18.2833333333
18.1666666667
17.2372881356
17.85
16.2833333333
17.5833333333
19.0166666667
19.1186440678
18.6833333333
19.95
19.2833333333
18.4
17.3666666667
18.6440677966
17.7333333333
18.8333333333
17.5666666667
20.15
17.1186440678
23.2711864407
--END OF 6--
3052.5
2984.05
2965.95
2922.6
2795.3
2893.27118644
2720.55
2785.2
2724.6
2846.7
2618.08474576
2548.6
2614.3
2592.7
2632.1
2622.55932203
2762.15
2665.55
2634.75
2650.8
2527.98305085
2855.25
2648.1
2591.25
2741.25
2777.7
2713.11864407
2618.2
2675.35
2796.05
2756.5
2729.08474576
2700.3
2628.2
2611.6
2759.8
2826.45
2643.66101695
2686.5
2759.25
2662.05
2698.95
2554.88135593
2738.8
2687.6
2689.0
2761.4
2804.28813559
2604.15
2773.1
2700.25
2650.3
2631.65
2705.54237288
2704.65
2726.55
2586.6
2807.4
2666.03389831
3101.33898305
--END OF 7--
841.133333333
813.016666667
792.65
803.5
768.4
776.966101695
742.35
766.1
748.1
789.15
721.440677966
706.15
734.016666667
709.65
721.883333333
731.372881356
766.866666667
710.283333333
720.216666667
736.083333333
695.93220339
775.4
730.85
722.7
737.95
752.8
734.983050847
707.066666667
726.316666667
756.983333333
744.55
755.0
738.683333333
739.433333333
710.833333333
760.166666667
778.433333333
730.118644068
733.35
734.7
727.216666667
736.7
703.593220339
745.133333333
741.516666667
755.216666667
764.683333333
791.677966102
727.483333333
766.233333333
740.583333333
746.716666667
714.116666667
758.830508475
740.75
739.7
720.866666667
777.966666667
721.93220339
843.322033898
--END OF 8--
100.35
95.95
89.8
91.8333333333
102.066666667
90.9152542373
85.8
99.05
79.7
95.65
84.1016949153
85.15
67.6
72.5333333333
85.0833333333
71.1355932203
102.783333333
93.6
80.6333333333
102.7
78.9830508475
71.25
91.5
84.5
83.0
88.3
81.2542372881
72.7333333333
73.4
81.55
97.8166666667
93.3050847458
79.6833333333
68.7833333333
79.8333333333
95.6833333333
88.7
83.8644067797
73.85
76.3
80.6166666667
80.35
76.0338983051
75.7333333333
61.8
73.9
90.1833333333
81.6610169492
83.9333333333
85.7333333333
83.7
82.6833333333
73.8
79.1186440678
86.65
87.1
75.7666666667
99.2166666667
81.7288135593
111.711864407
--END OF 9--
4.46666666667
4.33333333333
3.88333333333
4.08333333333
4.78333333333
2.89830508475
3.4
2.95
2.8
2.55
2.49152542373
1.15
1.45
2.65
5.85
3.54237288136
4.48333333333
5.6
4.78333333333
6.36666666667
3.28813559322
1.1
1.2
4.5
2.65
4.55
4.08474576271
3.31666666667
2.05
2.75
4.46666666667
4.96610169492
3.05
2.58333333333
3.61666666667
4.88333333333
4.25
3.86440677966
2.75
3.2
4.63333333333
2.95
6.4406779661
3.16666666667
1.13333333333
2.45
3.73333333333
2.18644067797
3.95
5.03333333333
8.31666666667
2.68333333333
2.38333333333
2.37288135593
1.9
3.15
4.15
3.81666666667
1.05084745763
11.2711864407
--END OF 10--
1.18333333333
1.0
0.0
0.733333333333
1.76666666667
0.508474576271
1.6
1.0
1.4
0.9
1.5593220339
0.283333333333
0.783333333333
0.5
0.0
0.813559322034
0.166666666667
1.41666666667
1.2
1.05
1.35593220339
0.5
0.0
1.6
0.9
0.0
0.0847457627119
1.91666666667
0.5
0.5
0.666666666667
0.338983050847
2.13333333333
0.933333333333
0.883333333333
0.95
0.766666666667
0.745762711864
1.0
0.0
1.2
1.35
0.152542372881
0.0
0.133333333333
1.5
1.68333333333
1.20338983051
1.73333333333
1.58333333333
1.0
0.883333333333
0.433333333333
0.576271186441
0.0
1.65
1.2
2.76666666667
0.254237288136
2.98305084746
--END OF 11--
0.0
0.5
0.0
0.0
0.0
0.508474576271
0.5
0.45
0.55
0.0
0.0
0.0
0.0
0.0
0.0
0.0
0.0
0.0
0.0
0.0
0.0
0.0
0.0
0.0
0.0
0.0
0.0
0.0
0.0
0.0
0.0
0.0
0.5
0.0
0.166666666667
0.333333333333
0.5
0.508474576271
0.5
0.0
0.533333333333
1.0
0.0
0.0
0.0
0.5
0.0
0.0
0.0
0.0
0.0
0.0
0.0
0.0
0.0
0.5
0.0
0.5
0.0
0.0
--END OF 12--
