11.9833333333
12.3833333333
11.7666666667
12.1
11.6
11.186440678
11.9666666667
12.45
12.1666666667
11.95
12.25
12.4237288136
11.2333333333
12.95
11.6166666667
12.55
13.0
12.3833333333
12.0333333333
12.9666666667
13.4
11.1833333333
12.1355932203
13.5333333333
11.9333333333
13.0833333333
13.3050847458
13.2333333333
11.9666666667
12.15
12.8
10.55
12.6949152542
12.9
12.55
12.4
12.8
11.3898305085
12.95
12.5833333333
11.7166666667
12.3333333333
12.0847457627
12.2333333333
11.35
11.85
12.9333333333
12.7166666667
11.8983050847
13.0833333333
12.5333333333
11.9333333333
12.8666666667
12.9152542373
12.3166666667
12.7833333333
11.3
13.0
11.7288135593
11.9824561404
--END OF 1--
17.3833333333
17.0833333333
16.5666666667
15.85
16.6
17.186440678
17.15
16.7333333333
16.55
16.3333333333
17.5333333333
17.2881355932
15.8
17.5333333333
16.0
17.7
16.4915254237
16.3833333333
16.8833333333
18.0166666667
19.05
17.2833333333
16.4745762712
19.0166666667
16.7166666667
16.9833333333
17.9661016949
18.05
16.45
17.5666666667
18.35
15.55
17.6949152542
18.3833333333
17.35
16.4
17.5
15.5593220339
17.6333333333
17.7166666667
15.6333333333
16.4333333333
16.593220339
16.95
16.2166666667
16.9333333333
17.1666666667
16.3666666667
17.0169491525
17.4333333333
18.0333333333
16.3333333333
17.2166666667
17.4406779661
17.2666666667
18.65
16.5333333333
18.3
16.6271186441
16.5087719298
--END OF 2--
17.6833333333
17.0833333333
18.0166666667
18.45
17.5
17.6610169492
18.0
17.5833333333
16.9833333333
17.0166666667
17.75
18.4745762712
16.3333333333
17.8
16.3166666667
18.35
17.0847457627
17.1333333333
17.7333333333
18.3
20.4
18.7333333333
18.1694915254
20.1666666667
17.55
17.55
19.1694915254
18.05
16.7333333333
18.2833333333
19.1
16.2166666667
19.3050847458
18.5333333333
17.6
16.5
17.7
15.813559322
17.9833333333
17.7666666667
16.2333333333
17.0166666667
17.5423728814
17.8333333333
16.6666666667
17.8166666667
17.6833333333
17.1666666667
17.5762711864
17.7333333333
18.3333333333
16.7333333333
17.5666666667
17.8474576271
17.3166666667
19.4666666667
17.7333333333
20.7166666667
17.1525423729
16.6666666667
--END OF 3--
11.9833333333
12.3833333333
11.7666666667
12.1
11.6
11.186440678
11.9666666667
12.45
12.1666666667
11.95
12.25
12.4237288136
11.2333333333
12.95
11.6166666667
12.55
13.0
12.3833333333
12.0333333333
12.9666666667
13.4
11.1833333333
12.1355932203
13.5333333333
11.9333333333
13.0833333333
13.3050847458
13.2333333333
11.9666666667
12.15
12.8
10.55
12.6949152542
12.9
12.55
12.4
12.8
11.3898305085
12.95
12.5833333333
11.7166666667
12.3333333333
12.0847457627
12.2333333333
11.35
11.85
12.9333333333
12.7166666667
11.8983050847
13.0833333333
12.5333333333
11.9333333333
12.8666666667
12.9152542373
12.3166666667
12.7833333333
11.3
13.0
11.7288135593
11.9824561404
--END OF 4--
17.3833333333
17.0833333333
16.5666666667
15.85
16.6
17.186440678
17.15
16.7333333333
16.55
16.3333333333
17.5333333333
17.2881355932
15.8
17.5333333333
16.0
17.7
16.4915254237
16.3833333333
16.8833333333
18.0166666667
19.05
17.2833333333
16.4745762712
19.0166666667
16.7166666667
16.9833333333
17.9661016949
18.05
16.45
17.5666666667
18.35
15.55
17.6949152542
18.3833333333
17.35
16.4
17.5
15.5593220339
17.6333333333
17.7166666667
15.6333333333
16.4333333333
16.593220339
16.95
16.2166666667
16.9333333333
17.1666666667
16.3666666667
17.0169491525
17.4333333333
18.0333333333
16.3333333333
17.2166666667
17.4406779661
17.2666666667
18.65
16.5333333333
18.3
16.6271186441
16.5087719298
--END OF 5--
17.6833333333
17.0833333333
18.0166666667
18.45
17.5
17.6610169492
18.0
17.5833333333
16.9833333333
17.0166666667
17.75
18.4745762712
16.3333333333
17.8
16.3166666667
18.35
17.0847457627
17.1333333333
17.7333333333
18.3
20.4
18.7333333333
18.1694915254
20.1666666667
17.55
17.55
19.1694915254
18.05
16.7333333333
18.2833333333
19.1
16.2166666667
19.3050847458
18.5333333333
17.6
16.5
17.7
15.813559322
17.9833333333
17.7666666667
16.2333333333
17.0166666667
17.5423728814
17.8333333333
16.6666666667
17.8166666667
17.6833333333
17.1666666667
17.5762711864
17.7333333333
18.3333333333
16.7333333333
17.5666666667
17.8474576271
17.3166666667
19.4666666667
17.7333333333
20.7166666667
17.1525423729
16.6666666667
--END OF 6--
2313.3
2363.55
2290.05
2209.35
2255.85
2261.69491525
2307.0
2245.85
2283.0
2269.6
2355.5
2400.91525424
2145.0
2393.4
2232.7
2293.2
2292.91525424
2361.0
2291.85
2476.35
2518.5
2289.0
2343.05084746
2581.2
2296.2
2527.7
2488.01694915
2514.7
2252.55
2378.0
2407.9
2230.25
2346.76271186
2414.05
2371.8
2322.75
2386.5
2178.25423729
2336.65
2416.15
2362.45
2370.95
2260.62711864
2260.35
2270.05
2303.15
2405.6
2318.35
2309.54237288
2450.1
2444.1
2297.4
2433.0
2404.6779661
2429.65
2502.5
2208.2
2458.35
2346.86440678
2367.10526316
--END OF 7--
644.55
658.95
644.3
629.95
622.55
648.949152542
647.85
639.983333333
642.983333333
622.833333333
657.016666667
665.406779661
594.9
667.716666667
631.283333333
664.133333333
647.847457627
643.75
631.5
687.133333333
707.65
646.05
652.847457627
721.15
644.133333333
681.783333333
698.084745763
685.95
631.733333333
660.866666667
696.216666667
618.25
677.338983051
688.833333333
654.6
654.1
669.8
606.13559322
665.916666667
668.0
636.533333333
666.383333333
652.847457627
652.433333333
645.65
632.533333333
668.15
653.616666667
652.508474576
683.4
691.9
640.95
684.85
675.745762712
695.0
705.816666667
618.683333333
692.916666667
637.220338983
660.824561404
--END OF 8--
97.55
94.3
103.55
90.5
101.066666667
109.322033898
103.3
95.8333333333
93.7
93.6
113.7
97.593220339
96.7666666667
93.6333333333
88.6833333333
104.933333333
101.457627119
102.2
88.9
103.083333333
121.25
103.75
102.322033898
111.666666667
104.866666667
93.0333333333
102.033898305
107.15
91.7333333333
111.3
111.133333333
104.45
99.7288135593
102.283333333
100.15
93.95
100.8
88.1186440678
103.316666667
99.45
86.3833333333
89.1833333333
97.3898305085
102.283333333
96.55
108.516666667
102.65
96.75
97.1186440678
100.9
105.85
96.0
107.8
103.186440678
91.5166666667
128.65
98.6333333333
106.25
86.406779661
94.5614035088
--END OF 9--
6.95
3.45
5.8
8.2
4.78333333333
6.37288135593
6.05
4.6
3.43333333333
3.38333333333
2.66666666667
4.06779661017
5.46666666667
4.26666666667
1.78333333333
2.75
2.54237288136
2.1
6.25
4.61666666667
7.6
8.55
6.28813559322
9.18333333333
3.36666666667
1.81666666667
5.72881355932
2.9
2.6
7.16666666667
6.2
4.53333333333
8.91525423729
5.63333333333
4.75
1.8
3.85
2.79661016949
3.75
3.31666666667
2.51666666667
2.0
5.50847457627
6.85
3.76666666667
4.46666666667
2.01666666667
3.63333333333
5.45762711864
4.5
3.3
2.55
2.15
5.10169491525
4.35
3.05
7.03333333333
9.3
7.4406779661
2.91228070175
--END OF 10--
0.0
0.0
1.5
4.35
1.15
0.0
1.46666666667
1.53333333333
0.733333333333
0.95
0.266666666667
2.01694915254
0.55
0.283333333333
0.266666666667
0.85
0.898305084746
0.95
1.55
0.166666666667
1.5
1.7
2.25423728814
1.93333333333
1.15
1.03333333333
0.983050847458
0.0
0.65
1.36666666667
0.983333333333
1.0
1.62711864407
0.4
0.45
0.35
0.55
0.237288135593
0.416666666667
0.233333333333
1.26666666667
1.36666666667
1.62711864407
1.03333333333
1.0
1.03333333333
0.583333333333
1.38333333333
1.01694915254
0.5
0.5
0.5
0.0
0.508474576271
0.0
1.1
2.01666666667
3.0
0.389830508475
0.350877192982
--END OF 11--
0.0
0.0
0.0
0.1
0.4
0.0
0.233333333333
0.266666666667
0.0
0.0
0.183333333333
0.322033898305
0.0
0.0
0.266666666667
0.233333333333
0.0
0.4
0.1
0.0
0.5
0.5
0.508474576271
0.0
0.5
0.0333333333333
0.474576271186
0.0
0.0
0.0
0.5
0.0
0.0
0.0
0.0
0.0
0.0
0.0
0.0
0.0
0.0
0.0
0.474576271186
1.03333333333
0.0
0.216666666667
0.283333333333
0.0
0.0
0.0
0.0
0.0
0.0
0.0
0.0
0.0
0.283333333333
2.05
0.169491525424
0.0
--END OF 12--
