11.1
11.15
12.4
11.4915254237
11.2833333333
11.5333333333
10.8166666667
11.9333333333
11.7666666667
10.7
11.1186440678
11.0166666667
10.9833333333
10.4333333333
11.1166666667
12.5084745763
11.45
10.9
11.35
11.1
11.7333333333
11.186440678
11.55
11.4333333333
11.2833333333
12.1166666667
13.1166666667
10.7627118644
11.3666666667
11.8166666667
10.8333333333
11.9
11.813559322
11.7666666667
12.2833333333
11.7166666667
11.2833333333
12.35
12.9661016949
12.85
12.3666666667
12.15
12.75
13.6833333333
12.7118644068
13.0333333333
13.5333333333
12.2333333333
11.9666666667
11.8166666667
11.9491525424
13.0833333333
12.75
12.0333333333
12.7333333333
13.0338983051
12.9833333333
12.2666666667
12.9166666667
11.8275862069
--END OF 1--
14.4
14.05
16.05
15.6949152542
16.1333333333
14.9333333333
14.4333333333
16.05
15.35
13.7333333333
15.0847457627
15.55
15.4166666667
14.25
15.8833333333
17.2033898305
16.2
14.05
15.3
15.05
14.7833333333
15.5762711864
15.6666666667
15.3833333333
15.6833333333
16.5166666667
16.7166666667
14.2372881356
14.5666666667
16.3333333333
15.3166666667
16.9166666667
16.0169491525
15.1333333333
16.9333333333
16.1166666667
16.7333333333
16.55
17.1355932203
16.95
17.1666666667
16.6333333333
16.75
18.3833333333
17.3728813559
16.9
17.5666666667
16.0833333333
16.0333333333
15.8833333333
16.4915254237
17.8333333333
18.1
15.6333333333
17.2333333333
16.8305084746
18.1166666667
16.7166666667
17.3
15.4655172414
--END OF 2--
15.0
14.7
17.2
15.6949152542
16.8166666667
15.9333333333
15.2333333333
16.1666666667
15.4333333333
14.2
15.7118644068
15.7333333333
15.7666666667
14.8333333333
15.9333333333
17.2033898305
17.15
14.55
15.75
16.05
14.9833333333
16.1694915254
16.7166666667
16.4833333333
16.5833333333
16.6833333333
17.3166666667
14.7457627119
15.2166666667
16.3333333333
15.3166666667
17.6333333333
17.5084745763
16.0166666667
17.2333333333
16.8666666667
16.7833333333
17.65
18.0
16.9833333333
18.2166666667
17.2166666667
17.15
18.5166666667
18.2881355932
17.5666666667
18.4333333333
16.8666666667
16.35
16.0833333333
17.0847457627
18.1833333333
19.65
15.6333333333
17.2833333333
16.8305084746
18.3166666667
16.7666666667
17.5333333333
15.5689655172
--END OF 3--
11.1
11.15
12.4
11.4915254237
11.2833333333
11.5333333333
10.8166666667
11.9333333333
11.7666666667
10.7
11.1186440678
11.0166666667
10.9833333333
10.4333333333
11.1166666667
12.5084745763
11.45
10.9
11.35
11.1
11.7333333333
11.186440678
11.55
11.4333333333
11.2833333333
12.1166666667
13.1166666667
10.7627118644
11.3666666667
11.8166666667
10.8333333333
11.9
11.813559322
11.7666666667
12.2833333333
11.7166666667
11.2833333333
12.35
12.9661016949
12.85
12.3666666667
12.15
12.75
13.6833333333
12.7118644068
13.0333333333
13.5333333333
12.2333333333
11.9666666667
11.8166666667
11.9491525424
13.0833333333
12.75
12.0333333333
12.7333333333
13.0338983051
12.9833333333
12.2666666667
12.9166666667
11.8275862069
--END OF 4--
14.4
14.05
16.05
15.6949152542
16.1333333333
14.9333333333
14.4333333333
16.05
15.35
13.7333333333
15.0847457627
15.55
15.4166666667
14.25
15.8833333333
17.2033898305
16.2
14.05
15.3
15.05
14.7833333333
15.5762711864
15.6666666667
15.3833333333
15.6833333333
16.5166666667
16.7166666667
14.2372881356
14.5666666667
16.3333333333
15.3166666667
16.9166666667
16.0169491525
15.1333333333
16.9333333333
16.1166666667
16.7333333333
16.55
17.1355932203
16.95
17.1666666667
16.6333333333
16.75
18.3833333333
17.3728813559
16.9
17.5666666667
16.0833333333
16.0333333333
15.8833333333
16.4915254237
17.8333333333
18.1
15.6333333333
17.2333333333
16.8305084746
18.1166666667
16.7166666667
17.3
15.4655172414
--END OF 5--
15.0
14.7
17.2
15.6949152542
16.8166666667
15.9333333333
15.2333333333
16.1666666667
15.4333333333
14.2
15.7118644068
15.7333333333
15.7666666667
14.8333333333
15.9333333333
17.2033898305
17.15
14.55
15.75
16.05
14.9833333333
16.1694915254
16.7166666667
16.4833333333
16.5833333333
16.6833333333
17.3166666667
14.7457627119
15.2166666667
16.3333333333
15.3166666667
17.6333333333
17.5084745763
16.0166666667
17.2333333333
16.8666666667
16.7833333333
17.65
18.0
16.9833333333
18.2166666667
17.2166666667
17.15
18.5166666667
18.2881355932
17.5666666667
18.4333333333
16.8666666667
16.35
16.0833333333
17.0847457627
18.1833333333
19.65
15.6333333333
17.2833333333
16.8305084746
18.3166666667
16.7666666667
17.5333333333
15.5689655172
--END OF 6--
2127.15
2206.65
2289.15
2268.25423729
2239.95
2171.6
2272.65
2243.7
2209.7
2003.5
2210.54237288
2166.55
2261.7
2111.85
2265.5
2335.3220339
2217.6
2035.35
2108.7
2152.5
2223.75
2142.10169492
2223.1
2142.5
2170.9
2215.9
2460.05
2106.05084746
2102.8
2207.45
2208.4
2311.45
2260.37288136
2295.2
2380.35
2338.95
2264.25
2364.0
2509.62711864
2416.8
2347.3
2361.65
2347.75
2488.95
2397.81355932
2461.55
2465.7
2350.8
2412.1
2376.65
2328.91525424
2362.65
2420.7
2357.25
2367.15
2464.22033898
2577.4
2343.4
2503.2
2237.43103448
--END OF 7--
585.55
586.8
635.35
621.559322034
621.0
599.233333333
606.8
628.483333333
616.516666667
556.1
595.779661017
595.3
631.583333333
557.733333333
612.9
653.016949153
616.6
565.45
596.0
597.35
602.35
598.627118644
609.883333333
605.116666667
616.333333333
624.966666667
681.583333333
592.847457627
591.216666667
619.4
604.916666667
646.15
631.559322034
635.866666667
665.45
656.0
641.1
676.7
695.525423729
673.716666667
654.6
648.1
656.866666667
704.45
668.796610169
674.116666667
682.566666667
653.616666667
659.366666667
654.233333333
646.627118644
666.3
678.15
644.0
661.2
679.084745763
708.416666667
652.566666667
683.816666667
618.724137931
--END OF 8--
75.35
78.6
90.65
88.5084745763
97.0166666667
78.5666666667
81.6333333333
86.0666666667
84.2666666667
75.15
82.3559322034
83.3833333333
87.9666666667
81.7
101.516666667
104.271186441
90.85
78.05
81.8
85.1
64.25
84.3898305085
83.1166666667
85.3666666667
96.05
87.55
91.3833333333
76.5254237288
80.4666666667
96.3
89.0166666667
93.0
87.5423728814
86.1833333333
93.05
99.5
98.85
88.4
98.3389830508
87.3666666667
95.8333333333
96.0666666667
99.35
112.666666667
105.661016949
88.3833333333
92.1666666667
82.9833333333
87.6333333333
91.9333333333
95.1355932203
107.55
103.05
81.7
97.15
91.9830508475
111.15
97.1166666667
92.2
79.3275862069
--END OF 9--
1.5
1.4
4.6
1.38983050847
2.78333333333
4.51666666667
4.16666666667
1.68333333333
2.75
2.13333333333
3.98305084746
4.31666666667
2.06666666667
3.83333333333
1.41666666667
2.16949152542
6.05
2.15
3.95
5.35
4.15
6.05084745763
4.36666666667
4.38333333333
4.13333333333
4.9
1.56666666667
1.52542372881
1.31666666667
4.8
3.9
5.6
7.50847457627
3.41666666667
6.05
3.1
4.05
4.55
4.18644067797
3.01666666667
4.68333333333
3.68333333333
4.5
1.56666666667
4.16949152542
3.56666666667
5.13333333333
3.33333333333
1.63333333333
3.73333333333
4.5593220339
5.35
8.2
0.85
4.25
1.77966101695
2.95
1.96666666667
2.33333333333
2.86206896552
--END OF 10--
0.5
1.0
1.5
0.0
1.0
0.433333333333
0.9
0.166666666667
0.283333333333
0.716666666667
1.23728813559
0.283333333333
0.75
1.01666666667
0.0
0.0
1.0
0.5
0.75
1.25
0.4
0.745762711864
1.68333333333
0.866666666667
1.53333333333
0.283333333333
1.0
0.508474576271
1.0
0.0
0.0166666666667
1.55
2.10169491525
1.33333333333
0.5
1.4
0.1
1.5
1.01694915254
0.0333333333333
1.36666666667
0.933333333333
0.5
0.133333333333
1.42372881356
0.966666666667
1.55
0.95
0.416666666667
0.45
0.593220338983
0.1
1.95
0.0
0.0
0.0
0.0
0.0
0.516666666667
0.172413793103
--END OF 11--
0.3
0.2
1.5
0.0
0.0
0.433333333333
0.4
0.166666666667
0.0
0.5
0.220338983051
0.283333333333
0.0
0.0
0.0
0.0
0.0
0.5
0.25
0.25
0.0
0.0
0.0
0.183333333333
0.316666666667
0.0
0.0
0.0
0.5
0.0
0.0
0.0666666666667
0.440677966102
0.3
0.0
0.0
0.0
0.5
0.508474576271
0.0
0.566666666667
0.433333333333
0.0
0.0
0.0
0.0
0.0
0.0
0.0
0.0
0.0
0.0
0.5
0.0
0.0
0.0
0.0
0.0
0.0
0.0
--END OF 12--
