8.69491525424
7.38333333333
8.23333333333
8.7
9.38333333333
8.18333333333
8.74576271186
8.3
8.96666666667
8.23333333333
8.2
8.48333333333
8.81666666667
7.86440677966
8.95
8.71666666667
8.46666666667
8.35
9.01694915254
8.78333333333
7.63333333333
8.88333333333
8.15
7.95
8.30508474576
8.11666666667
8.16666666667
7.98333333333
8.23333333333
8.01694915254
8.31666666667
8.11666666667
8.7
7.93333333333
7.71186440678
7.96666666667
7.85
7.61666666667
8.03333333333
7.75
7.84745762712
8.2
8.3
8.36666666667
8.25
8.06779661017
8.16666666667
8.2
8.45
8.36666666667
7.62711864407
7.18333333333
6.61666666667
7.03333333333
8.21666666667
8.2
8.13559322034
8.01666666667
8.01666666667
8.48275862069
--END OF 1--
10.9322033898
10.0833333333
11.2333333333
11.35
11.8333333333
10.1833333333
11.5423728814
10.85
11.2333333333
10.7333333333
10.3333333333
11.2833333333
11.3166666667
10.9152542373
11.0333333333
10.9666666667
10.7333333333
11.15
11.406779661
11.9333333333
10.7833333333
11.4833333333
10.55
9.9
10.5593220339
9.81666666667
10.7833333333
9.98333333333
11.35
11.5084745763
11.0
10.4833333333
11.05
10.1333333333
10.5254237288
10.9166666667
10.25
9.86666666667
10.4333333333
10.6
10.6610169492
9.91666666667
10.6666666667
11.5833333333
10.2
11.0338983051
10.5166666667
10.45
11.7166666667
10.7666666667
10.8813559322
10.1833333333
8.41666666667
9.18333333333
10.3666666667
10.55
10.2542372881
10.0666666667
10.5333333333
11.3275862069
--END OF 2--
11.4745762712
10.0833333333
11.3833333333
11.7
11.8333333333
10.1833333333
11.5423728814
11.1333333333
11.9
10.7333333333
10.4333333333
11.7833333333
11.3166666667
11.1694915254
11.0333333333
11.0666666667
10.8833333333
11.5666666667
12.0
12.4833333333
11.2333333333
11.8833333333
11.3
10.3
11.5084745763
10.5333333333
10.9833333333
9.98333333333
11.7
11.5084745763
11.75
10.6333333333
11.05
10.1333333333
10.8813559322
11.0166666667
10.9
10.0166666667
10.6333333333
10.7
11.2542372881
10.7
11.0833333333
11.75
10.2
11.0338983051
11.8166666667
10.9166666667
12.1
10.7666666667
11.0847457627
10.7333333333
8.66666666667
9.23333333333
10.6166666667
10.75
11.2033898305
10.6333333333
10.7666666667
12.275862069
--END OF 3--
8.69491525424
7.38333333333
8.23333333333
8.7
9.38333333333
8.18333333333
8.74576271186
8.3
8.96666666667
8.23333333333
8.2
8.48333333333
8.81666666667
7.86440677966
8.95
8.71666666667
8.46666666667
8.35
9.01694915254
8.78333333333
7.63333333333
8.88333333333
8.15
7.95
8.30508474576
8.11666666667
8.16666666667
7.98333333333
8.23333333333
8.01694915254
8.31666666667
8.11666666667
8.7
7.93333333333
7.71186440678
7.96666666667
7.85
7.61666666667
8.03333333333
7.75
7.84745762712
8.2
8.3
8.36666666667
8.25
8.06779661017
8.16666666667
8.2
8.45
8.36666666667
7.62711864407
7.18333333333
6.61666666667
7.03333333333
8.21666666667
8.2
8.13559322034
8.01666666667
8.01666666667
8.48275862069
--END OF 4--
10.9322033898
10.0833333333
11.2333333333
11.35
11.8333333333
10.1833333333
11.5423728814
10.85
11.2333333333
10.7333333333
10.3333333333
11.2833333333
11.3166666667
10.9152542373
11.0333333333
10.9666666667
10.7333333333
11.15
11.406779661
11.9333333333
10.7833333333
11.4833333333
10.55
9.9
10.5593220339
9.81666666667
10.7833333333
9.98333333333
11.35
11.5084745763
11.0
10.4833333333
11.05
10.1333333333
10.5254237288
10.9166666667
10.25
9.86666666667
10.4333333333
10.6
10.6610169492
9.91666666667
10.6666666667
11.5833333333
10.2
11.0338983051
10.5166666667
10.45
11.7166666667
10.7666666667
10.8813559322
10.1833333333
8.41666666667
9.18333333333
10.3666666667
10.55
10.2542372881
10.0666666667
10.5333333333
11.3275862069
--END OF 5--
11.4745762712
10.0833333333
11.3833333333
11.7
11.8333333333
10.1833333333
11.5423728814
11.1333333333
11.9
10.7333333333
10.4333333333
11.7833333333
11.3166666667
11.1694915254
11.0333333333
11.0666666667
10.8833333333
11.5666666667
12.0
12.4833333333
11.2333333333
11.8833333333
11.3
10.3
11.5084745763
10.5333333333
10.9833333333
9.98333333333
11.7
11.5084745763
11.75
10.6333333333
11.05
10.1333333333
10.8813559322
11.0166666667
10.9
10.0166666667
10.6333333333
10.7
11.2542372881
10.7
11.0833333333
11.75
10.2
11.0338983051
11.8166666667
10.9166666667
12.1
10.7666666667
11.0847457627
10.7333333333
8.66666666667
9.23333333333
10.6166666667
10.75
11.2033898305
10.6333333333
10.7666666667
12.275862069
--END OF 6--
1676.54237288
1666.5
1669.8
1690.95
1759.8
1585.35
1775.6440678
1614.4
1730.8
1668.65
1659.75
1895.45
1665.35
1649.08474576
1723.3
1715.2
1697.7
1736.7
1742.84745763
1737.0
1611.6
1704.0
1606.8
1563.6
1650.55932203
1589.5
1685.0
1628.6
1734.7
1755.71186441
1731.4
1621.35
1664.1
1594.1
1545.55932203
1713.15
1644.45
1599.3
1627.8
1573.2
1643.44067797
1590.65
1608.2
1705.25
1654.15
1674.25423729
1656.1
1615.15
1680.5
1647.95
1589.6440678
1575.9
1474.95
1488.9
1646.55
1638.45
1611.71186441
1601.8
1615.2
1662.56896552
--END OF 7--
462.152542373
441.35
456.05
466.6
498.45
440.85
485.949152542
449.583333333
484.266666667
454.366666667
459.283333333
513.4
475.0
457.169491525
476.95
471.2
463.033333333
475.983333333
479.372881356
482.1
449.95
477.7
442.8
429.75
455.847457627
433.083333333
454.35
445.883333333
478.666666667
474.559322034
483.866666667
444.95
466.566666667
445.583333333
439.220338983
476.6
448.3
443.7
456.6
432.2
459.915254237
451.266666667
454.95
467.166666667
456.55
464.745762712
457.216666667
448.25
479.1
456.116666667
448.813559322
436.85
403.85
410.95
460.65
451.1
447.728813559
447.05
445.35
474.879310345
--END OF 8--
58.9661016949
59.15
66.15
64.25
55.6
46.4
62.9152542373
55.5666666667
60.5666666667
56.0333333333
56.45
56.3166666667
62.05
64.4576271186
53.1166666667
50.55
49.7333333333
71.7333333333
66.0338983051
62.75
67.6
58.3
50.3
41.25
51.2711864407
44.5666666667
46.05
50.45
67.8166666667
70.0677966102
66.8333333333
56.2666666667
52.35
51.0166666667
55.1016949153
57.5
54.25
49.25
48.6
57.5
60.406779661
48.8333333333
52.7166666667
67.0333333333
42.6666666667
66.4406779661
56.0833333333
44.5166666667
60.4333333333
52.6333333333
59.3898305085
58.45
35.5
52.35
45.85
60.7
52.813559322
53.6833333333
51.8166666667
50.8620689655
--END OF 9--
1.83050847458
1.6
2.5
2.15
1.75
1.75
0.593220338983
1.88333333333
1.38333333333
2.71666666667
1.11666666667
2.11666666667
2.55
3.03389830508
1.28333333333
0.733333333333
2.7
1.85
1.67796610169
4.45
1.4
1.85
3.4
2.8
2.5593220339
2.91666666667
2.66666666667
2.3
2.75
1.77966101695
2.98333333333
1.38333333333
1.85
0.783333333333
3.30508474576
2.2
5.05
2.05
1.7
1.25
1.81355932203
1.6
2.98333333333
2.13333333333
0.816666666667
0.694915254237
2.81666666667
2.71666666667
2.45
1.48333333333
1.30508474576
3.05
1.65
1.0
1.9
2.15
1.86440677966
2.18333333333
4.03333333333
4.55172413793
--END OF 10--
0.627118644068
0.0
0.0
0.5
0.0
0.0
0.0
0.383333333333
1.11666666667
0.0
0.0
0.483333333333
0.0166666666667
0.508474576271
0.0
0.0
0.0
0.333333333333
1.08474576271
0.75
0.5
0.85
1.15
0.55
1.4406779661
0.916666666667
0.466666666667
0.0333333333333
0.466666666667
0.0
0.5
0.0
0.0
0.0
0.915254237288
0.1
0.5
0.2
0.3
0.2
0.813559322034
0.616666666667
0.566666666667
0.316666666667
0.0
0.0
2.31666666667
0.8
0.383333333333
0.0
0.0
0.9
0.1
0.0
0.45
0.2
0.864406779661
0.933333333333
0.333333333333
1.43103448276
--END OF 11--
0.0
0.0
0.0
0.0
0.0
0.0
0.0
0.0
0.0
0.0
0.0
0.483333333333
0.0166666666667
0.0
0.0
0.0
0.0
0.0
0.0
0.0
0.0
0.0
0.15
0.35
0.0
0.0
0.0
0.0
0.0
0.0
0.0
0.0
0.0
0.0
0.0
0.0
0.0
0.2
0.3
0.0
0.0
0.383333333333
0.116666666667
0.0
0.0
0.0
0.5
0.116666666667
0.383333333333
0.0
0.0
0.4
0.1
0.0
0.0
0.15
0.35593220339
0.0
0.0
0.0
--END OF 12--
