17.8983050847
17.4333333333
17.4
18.2333333333
17.6333333333
17.0
16.9491525424
16.9833333333
17.0666666667
17.8166666667
17.85
15.5666666667
17.4333333333
17.4406779661
16.5666666667
17.0666666667
17.6833333333
15.8666666667
16.6779661017
17.5833333333
16.85
17.1
17.0666666667
17.8833333333
17.6949152542
17.4166666667
16.6833333333
15.45
17.2833333333
17.0508474576
17.4666666667
16.7666666667
17.2666666667
17.6833333333
17.8813559322
16.4
16.8333333333
18.0333333333
16.65
17.7
17.6779661017
17.8666666667
17.4
17.6
16.5
16.8
17.7457627119
16.3833333333
17.0166666667
16.8
17.8166666667
18.1833333333
17.4237288136
18.7333333333
18.4333333333
18.3
15.95
16.7966101695
16.9333333333
18.275862069
--END OF 1--
25.186440678
22.5833333333
23.95
24.0166666667
23.8333333333
22.15
23.0677966102
22.5666666667
23.6
24.0166666667
23.9666666667
21.9333333333
22.3
23.0677966102
22.7833333333
24.4166666667
23.2166666667
22.7666666667
22.1016949153
23.45
22.0
23.9
23.9833333333
25.0
22.6440677966
22.7666666667
20.9333333333
21.4833333333
23.2
23.3050847458
24.0833333333
21.9166666667
22.85
23.0666666667
24.9830508475
21.9
22.3833333333
23.8833333333
22.8
23.45
23.6779661017
23.3
22.2833333333
23.6666666667
22.5333333333
23.0666666667
24.0
23.2666666667
21.6166666667
22.0
22.7333333333
24.0833333333
23.9491525424
24.5833333333
24.9833333333
24.0
21.55
21.7627118644
22.6166666667
26.3275862069
--END OF 2--
25.8474576271
22.9833333333
24.3
24.9833333333
24.6333333333
22.95
23.4237288136
23.7166666667
24.3833333333
24.45
24.8833333333
22.3833333333
22.6833333333
23.186440678
23.4166666667
25.2
23.4166666667
23.5166666667
22.2033898305
23.6
22.15
24.7
24.7833333333
25.3166666667
23.8644067797
23.05
21.5
21.8833333333
23.3
24.6101694915
25.1166666667
22.7166666667
23.35
24.2333333333
25.593220339
22.2
22.9333333333
25.0333333333
24.55
24.85
24.186440678
23.7
23.1833333333
23.7833333333
23.6833333333
23.4666666667
25.3050847458
23.5666666667
22.1666666667
22.6333333333
22.9
25.6833333333
24.2033898305
24.7333333333
25.3333333333
24.65
21.9
22.1186440678
23.3833333333
26.8965517241
--END OF 3--
17.8983050847
17.4333333333
17.4
18.2333333333
17.6333333333
17.0
16.9491525424
16.9833333333
17.0666666667
17.8166666667
17.85
15.5666666667
17.4333333333
17.4406779661
16.5666666667
17.0666666667
17.6833333333
15.8666666667
16.6779661017
17.5833333333
16.85
17.1
17.0666666667
17.8833333333
17.6949152542
17.4166666667
16.6833333333
15.45
17.2833333333
17.0508474576
17.4666666667
16.7666666667
17.2666666667
17.6833333333
17.8813559322
16.4
16.8333333333
18.0333333333
16.65
17.7
17.6779661017
17.8666666667
17.4
17.6
16.5
16.8
17.7457627119
16.3833333333
17.0166666667
16.8
17.8166666667
18.1833333333
17.4237288136
18.7333333333
18.4333333333
18.1
15.95
16.7966101695
16.9333333333
18.275862069
--END OF 4--
25.186440678
22.5833333333
23.95
24.0166666667
23.8333333333
22.15
23.0677966102
22.5666666667
23.6
24.0166666667
23.9666666667
21.9333333333
22.3
23.0677966102
22.7833333333
24.4166666667
23.2166666667
22.7666666667
22.1016949153
23.45
22.0
23.9
23.9833333333
25.0
22.6440677966
22.7666666667
20.9333333333
21.4833333333
23.2
23.3050847458
24.0833333333
21.9166666667
22.85
23.0666666667
24.9830508475
21.9
22.3833333333
23.8833333333
22.8
23.45
23.6779661017
23.3
22.2833333333
23.6666666667
22.5333333333
23.0666666667
24.0
23.2666666667
21.6166666667
22.0
22.7333333333
24.0833333333
23.9491525424
24.5833333333
24.9833333333
24.0
21.55
21.7627118644
22.6166666667
26.3275862069
--END OF 5--
25.8474576271
22.9833333333
24.3
24.9833333333
24.6333333333
22.95
23.4237288136
23.7166666667
24.3833333333
24.45
24.8833333333
22.3833333333
22.6833333333
23.186440678
23.4166666667
25.2
23.4166666667
23.5166666667
22.2033898305
23.6
22.15
24.7
24.7833333333
25.3166666667
23.8644067797
23.05
21.5
21.8833333333
23.3
24.6101694915
25.1166666667
22.7166666667
23.35
24.2333333333
25.593220339
22.2
22.9333333333
25.0333333333
24.55
24.85
24.186440678
23.7
23.1833333333
23.7833333333
23.6833333333
23.4666666667
25.3050847458
23.5666666667
22.1666666667
22.6333333333
22.9
25.6833333333
24.2033898305
24.7333333333
25.3333333333
24.65
21.9
22.1186440678
23.3833333333
26.8965517241
--END OF 6--
3364.22033898
3213.15
3232.2
3362.1
3185.55
3182.7
3201.45762712
3120.35
3247.15
3393.8
3295.9
3040.4
3135.95
3214.47457627
3258.65
3301.2
3238.55
3168.05
3298.93220339
3341.2
3132.6
3195.15
3178.0
3362.8
3168.0
3342.35
3154.8
2953.2
3255.2
3265.62711864
3290.25
3208.15
3211.7
3273.6
3300.40677966
3113.55
3167.4
3303.75
3241.65
3205.95
3239.79661017
3234.15
3229.6
3229.9
3109.4
3146.45
3248.08474576
3218.6
3195.45
3190.55
3185.55
3237.4
3248.38983051
3369.6
3394.2
3469.8
3143.25
3268.37288136
3214.65
3391.70689655
--END OF 7--
931.966101695
885.3
908.35
940.8
904.15
874.95
878.254237288
872.55
894.8
921.25
932.283333333
846.433333333
886.316666667
901.847457627
888.783333333
925.566666667
890.366666667
876.566666667
920.237288136
920.833333333
865.7
892.85
877.833333333
931.4
904.13559322
908.716666667
875.166666667
847.85
909.433333333
902.86440678
919.5
874.016666667
886.566666667
919.266666667
936.508474576
862.35
878.05
923.65
876.85
891.2
905.796610169
901.783333333
882.166666667
899.183333333
867.85
883.283333333
923.898305085
886.166666667
891.0
885.183333333
895.366666667
917.433333333
915.491525424
942.25
952.85
956.45
864.05
912.576271186
888.633333333
960.74137931
--END OF 8--
148.86440678
115.7
145.2
126.316666667
133.2
104.4
129.779661017
120.766666667
146.283333333
124.4
130.083333333
131.216666667
116.033333333
123.440677966
122.966666667
152.15
125.25
138.3
116.220338983
121.85
114.4
133.8
134.633333333
135.95
133.779661017
111.583333333
102.35
130.566666667
149.383333333
131.169491525
148.266666667
119.75
122.533333333
124.416666667
154.542372881
131.75
115.25
123.4
122.55
138.75
133.355932203
129.15
124.033333333
142.783333333
125.033333333
135.383333333
141.559322034
132.716666667
129.816666667
118.45
125.75
132.633333333
142.101694915
145.5
151.8
131.1
118.0
122.305084746
116.533333333
146.965517241
--END OF 9--
6.23728813559
5.15
4.15
4.76666666667
6.35
7.3
6.32203389831
6.53333333333
4.93333333333
6.28333333333
6.96666666667
3.66666666667
3.2
3.89830508475
3.61666666667
4.23333333333
4.53333333333
4.4
4.1186440678
4.21666666667
2.15
6.95
7.58333333333
7.21666666667
4.03389830508
4.41666666667
2.55
3.1
4.06666666667
6.72881355932
5.45
4.15
5.9
6.6
4.15254237288
3.6
4.55
6.1
9.45
6.05
4.16949152542
4.0
2.75
2.83333333333
4.98333333333
3.88333333333
4.10169491525
5.18333333333
2.66666666667
4.11666666667
1.88333333333
6.63333333333
3.10169491525
3.1
2.65
4.4
4.6
1.62711864407
6.18333333333
9.1724137931
--END OF 10--
1.16949152542
0.35
0.05
1.08333333333
1.5
1.5
0.0
2.03333333333
0.966666666667
0.316666666667
0.983333333333
0.566666666667
0.783333333333
0.220338983051
0.383333333333
1.18333333333
0.5
0.466666666667
0.305084745763
0.25
0.45
1.5
0.95
0.5
1.77966101695
0.133333333333
0.866666666667
0.483333333333
0.15
2.01694915254
1.73333333333
1.05
1.0
1.55
0.525423728814
0.0
1.0
1.55
1.45
2.4
0.847457627119
0.45
1.08333333333
0.0
1.33333333333
0.416666666667
1.83050847458
0.3
0.666666666667
0.816666666667
0.316666666667
2.6
0.254237288136
0.15
0.65
0.7
0.5
0.508474576271
0.866666666667
0.51724137931
--END OF 11--
0.0
0.0
0.0
0.0
0.0
0.0
0.0
0.0
0.0
0.0
0.1
0.0666666666667
0.0
0.0
0.0
0.366666666667
0.0
0.0
0.0
0.0
0.0
0.0
0.5
0.0
0.508474576271
0.0
0.0
0.483333333333
0.0166666666667
0.0
0.0
0.0
0.0
0.0
0.0
0.0
0.0
0.0
0.0
0.0
0.0
0.0
0.366666666667
0.0
0.5
0.0
0.508474576271
0.0
0.166666666667
0.333333333333
0.0
0.416666666667
0.0847457627119
0.0
0.0
0.0
0.0
0.0
0.4
0.51724137931
--END OF 12--
