20.25
20.05
20.1333333333
19.1694915254
19.6
19.4166666667
18.7
18.4166666667
18.8833333333
19.5593220339
19.8
20.15
20.15
18.3166666667
19.8
19.4406779661
20.4666666667
18.8666666667
18.8
20.0
19.9
19.5593220339
19.3666666667
20.3833333333
18.5833333333
18.45
19.9
19.1016949153
18.8
19.5333333333
20.1666666667
18.9166666667
19.3050847458
18.7666666667
19.2
19.3333333333
18.95
18.6833333333
19.4406779661
19.7833333333
20.25
18.95
20.1
19.75
19.1016949153
19.9666666667
20.1
20.75
19.7333333333
20.4745762712
19.5
18.9166666667
20.7166666667
19.1333333333
19.5166666667
20.1186440678
19.5166666667
18.5666666667
20.25
19.3793103448
--END OF 1--
27.1166666667
27.1
26.2666666667
26.9152542373
26.1
26.3833333333
24.9
24.9166666667
25.9333333333
27.2033898305
26.3833333333
28.0333333333
27.55
24.6166666667
26.05
26.6779661017
27.65
26.5666666667
25.35
26.7
26.8666666667
26.4915254237
26.3666666667
26.9833333333
24.8333333333
24.8
26.8333333333
25.8644067797
27.3333333333
25.85
26.9666666667
26.8833333333
27.5084745763
25.5333333333
25.0333333333
26.0333333333
25.1666666667
25.3166666667
26.2711864407
27.3833333333
27.1
26.0
25.8
25.6
24.7627118644
26.2666666667
26.7
27.0333333333
26.7666666667
27.5593220339
25.8833333333
25.6
28.6166666667
25.9333333333
26.0833333333
27.1186440678
25.5166666667
26.6166666667
26.95
25.6896551724
--END OF 2--
27.5166666667
27.4833333333
27.0833333333
27.1694915254
26.9
26.4333333333
25.3
25.7666666667
26.0333333333
27.2542372881
26.7666666667
29.2333333333
27.6833333333
24.95
26.85
27.1525423729
28.2666666667
27.5333333333
26.9166666667
27.5333333333
27.45
27.1525423729
26.3666666667
27.0333333333
26.8333333333
24.95
27.2333333333
26.4406779661
28.0833333333
26.1
27.3833333333
27.2666666667
28.2372881356
26.3333333333
26.2
26.5333333333
26.0833333333
25.9166666667
26.6610169492
27.9333333333
27.9
26.7
26.35
26.1
25.4237288136
26.6333333333
27.25
28.0166666667
27.4333333333
28.2372881356
26.0666666667
26.3833333333
29.6166666667
26.35
26.4666666667
27.6779661017
25.5166666667
28.0666666667
27.45
25.6896551724
--END OF 3--
19.8
19.8666666667
19.9333333333
18.8305084746
19.15
18.9666666667
18.7
18.4166666667
18.7833333333
19.1355932203
19.45
19.75
19.9833333333
18.3166666667
19.5666666667
19.3728813559
20.0333333333
18.8666666667
18.8
19.55
19.3833333333
19.3220338983
19.2166666667
19.9833333333
18.5833333333
18.45
19.8166666667
18.9491525424
18.75
19.5333333333
19.4833333333
18.85
19.3050847458
18.7666666667
19.1
19.3333333333
18.95
18.6833333333
19.3898305085
19.6333333333
19.85
18.95
19.9
19.65
19.1016949153
19.5666666667
19.6166666667
20.05
19.5666666667
20.0
19.1666666667
18.9166666667
20.0666666667
19.1333333333
19.2666666667
19.7288135593
19.2666666667
18.55
19.65
19.3103448276
--END OF 4--
27.1166666667
27.1
26.2666666667
26.9152542373
26.1
26.3833333333
24.9
24.9166666667
25.9333333333
27.2033898305
26.3833333333
28.0333333333
27.55
24.6166666667
26.05
26.6779661017
27.65
26.5666666667
25.35
26.7
26.8666666667
26.4915254237
26.3666666667
26.9833333333
24.8333333333
24.8
26.8333333333
25.8644067797
27.3333333333
25.85
26.9666666667
26.8833333333
27.5084745763
25.5333333333
25.0333333333
26.0333333333
25.1666666667
25.3166666667
26.2711864407
27.3833333333
27.1
26.0
25.8
25.6
24.7627118644
26.2666666667
26.7
27.0333333333
26.7666666667
27.5593220339
25.8833333333
25.6
28.6166666667
25.9333333333
26.0833333333
27.1016949153
25.5166666667
26.6166666667
26.95
25.6896551724
--END OF 5--
27.5166666667
27.4833333333
27.0833333333
27.1694915254
26.9
26.4333333333
25.3
25.7666666667
26.0333333333
27.2542372881
26.7666666667
29.2333333333
27.6833333333
24.95
26.85
27.1525423729
28.2666666667
27.5333333333
26.9166666667
27.5333333333
27.45
27.1525423729
26.3666666667
27.0333333333
26.8333333333
24.95
27.2333333333
26.4406779661
28.0833333333
26.1
27.3833333333
27.2666666667
28.2372881356
26.3333333333
26.2
26.5333333333
26.0833333333
25.9166666667
26.6610169492
27.9333333333
27.9
26.7
26.35
26.1
25.4237288136
26.6333333333
27.25
28.0166666667
27.4333333333
28.2372881356
26.0666666667
26.3833333333
29.6166666667
26.35
26.4666666667
27.6779661017
25.5166666667
28.0666666667
27.45
25.6896551724
--END OF 6--
3777.9
3758.8
3660.45
3610.83050847
3720.3
3681.3
3560.85
3615.15
3671.85
3665.08474576
3602.6
3849.25
3719.6
3465.0
3751.9
3723.76271186
3807.05
3602.9
3489.35
3674.4
3692.0
3667.83050847
3598.8
3709.65
3514.2
3402.6
3738.85
3606.61016949
3588.35
3673.65
3709.95
3582.15
3642.05084746
3581.6
3588.15
3599.65
3487.45
3480.4
3606.66101695
3630.15
3659.85
3605.4
3588.0
3577.65
3493.06779661
3610.05
3658.65
3716.3
3547.15
3680.74576271
3618.6
3560.45
3801.0
3515.5
3558.15
3734.33898305
3558.3
3573.1
3733.8
3562.03448276
--END OF 7--
1050.76666667
1045.86666667
1012.1
1024.84745763
1048.0
1032.96666667
1005.6
997.6
1012.25
1034.98305085
1015.1
1047.48333333
1054.88333333
960.333333333
1010.4
1018.05084746
1067.86666667
1008.88333333
981.283333333
1018.03333333
1021.86666667
1020.69491525
999.65
1042.05
973.85
956.1
1035.33333333
984.457627119
999.883333333
1013.46666667
1048.01666667
1009.36666667
1021.88135593
993.283333333
1002.35
1012.61666667
968.95
975.233333333
1002.10169492
1016.65
1031.05
988.45
1007.15
1005.55
984.084745763
1014.96666667
1024.3
1039.3
1011.58333333
1031.44067797
1015.58333333
998.733333333
1071.15
973.766666667
989.05
1046.38983051
1001.2
998.75
1042.25
995.620689655
--END OF 8--
141.55
140.0
130.983333333
152.118644068
153.35
147.916666667
142.35
146.3
154.05
162.016949153
145.066666667
159.783333333
151.183333333
129.766666667
135.883333333
143.830508475
152.683333333
163.083333333
147.0
148.1
155.2
154.542372881
161.25
163.75
125.6
139.55
145.583333333
136.101694915
159.2
141.016666667
153.133333333
157.066666667
161.101694915
153.866666667
130.433333333
137.133333333
142.65
139.7
145.983050847
162.35
148.35
152.65
133.2
131.9
137.355932203
141.683333333
140.916666667
158.066666667
154.733333333
157.796610169
146.15
141.066666667
166.15
144.016666667
152.75
142.372881356
140.55
167.033333333
154.3
149.465517241
--END OF 9--
4.13333333333
5.78333333333
5.51666666667
5.42372881356
4.9
5.68333333333
4.3
4.8
4.8
4.89830508475
5.33333333333
10.15
5.45
5.8
4.9
5.38983050847
4.8
8.35
6.03333333333
7.66666666667
6.86666666667
4.06779661017
3.7
3.95
7.9
3.1
4.8
4.52542372881
6.95
3.85
4.38333333333
7.4
6.91525423729
4.15
4.26666666667
5.06666666667
5.16666666667
4.9
6.15254237288
8.55
4.45
5.85
5.65
2.7
2.59322033898
3.56666666667
5.25
6.68333333333
5.76666666667
5.52542372881
2.4
5.16666666667
8.26666666667
4.45
3.95
6.05084745763
1.5
6.6
5.8
3.08620689655
--END OF 10--
0.5
0.8
1.2
0.152542372881
0.65
0.15
0.55
1.3
0.0
0.0
0.466666666667
2.23333333333
0.233333333333
0.283333333333
1.13333333333
0.728813559322
0.85
1.1
2.78333333333
1.46666666667
0.733333333333
1.01694915254
0.0
0.05
2.95
0.0
0.583333333333
0.305084745763
1.26666666667
0.25
0.566666666667
0.766666666667
0.677966101695
0.666666666667
1.43333333333
0.783333333333
1.56666666667
1.25
0.237288135593
1.25
0.95
0.8
0.5
0.8
1.22033898305
0.5
0.5
1.46666666667
1.03333333333
0.559322033898
0.283333333333
1.05
0.983333333333
0.516666666667
0.483333333333
1.22033898305
0.0
2.63333333333
0.5
0.051724137931
--END OF 11--
0.5
0.0
0.0
0.0
0.0
0.0
0.0
0.0
0.0
0.0
0.0
0.0
0.0
0.0
0.0
0.0
0.0
0.0
0.0
0.266666666667
0.233333333333
0.508474576271
0.0
0.0
1.0
0.0
0.0
0.0
0.483333333333
0.0166666666667
0.0
0.0
0.508474576271
0.266666666667
0.866666666667
0.133333333333
0.0
0.0
0.0
0.0
0.7
0.3
0.5
0.3
0.203389830508
0.0
0.5
0.0
0.0
0.0
0.0
0.0
0.0
0.0166666666667
0.483333333333
0.0
0.0
0.433333333333
0.0
0.0
--END OF 12--
