16.4
14.95
16.5666666667
15.4166666667
16.0338983051
15.9833333333
15.1166666667
15.65
15.5
16.7333333333
16.406779661
15.8833333333
15.9333333333
15.9833333333
15.7666666667
15.3559322034
14.5333333333
15.6
16.2833333333
15.7
15.4576271186
15.4833333333
15.1666666667
16.4
14.9833333333
16.0
14.85
15.45
15.0833333333
15.2881355932
15.5
16.55
14.1333333333
15.9333333333
15.7796610169
16.1333333333
14.6333333333
14.85
15.2166666667
14.8983050847
14.9166666667
13.85
14.05
14.4166666667
15.1694915254
15.0
14.35
14.8666666667
14.1166666667
15.4915254237
15.1833333333
14.1333333333
15.8
14.6166666667
15.3220338983
13.4833333333
14.8166666667
16.0333333333
14.4237288136
16.6440677966
--END OF 1--
23.35
21.9
22.8
22.8666666667
24.0
22.45
20.3833333333
21.4833333333
21.4
22.9
23.5084745763
22.5
23.0166666667
22.5666666667
22.6
22.8474576271
22.6
22.5
21.5333333333
21.25
21.5254237288
20.8666666667
23.3666666667
22.7666666667
22.4666666667
22.2881355932
22.1166666667
21.15
21.2166666667
21.5593220339
22.25
22.5
19.7333333333
22.0833333333
21.3559322034
22.75
21.4
20.6166666667
21.9333333333
21.6779661017
21.0833333333
19.9666666667
21.1
21.0833333333
21.3898305085
20.8
20.0
20.3166666667
20.5
21.1525423729
21.2666666667
20.1
21.5
20.5
21.0169491525
19.7333333333
20.5333333333
22.7166666667
20.0169491525
23.9830508475
--END OF 2--
23.9
22.6
23.25
23.5666666667
25.5084745763
22.65
20.9333333333
22.1
21.6
23.7833333333
25.1525423729
23.4666666667
24.5
23.1333333333
23.9
23.8983050847
23.3666666667
22.5
22.4833333333
21.65
22.1694915254
21.9166666667
24.9
23.25
23.3666666667
22.9661016949
22.1666666667
21.5666666667
21.9333333333
22.0
22.35
22.8
20.7833333333
23.2333333333
21.9491525424
24.6333333333
21.8333333333
21.4333333333
22.85
22.186440678
21.2833333333
20.5166666667
21.1
21.6666666667
22.3728813559
21.7
20.95
22.9666666667
20.9
21.5084745763
21.3166666667
20.55
22.1833333333
21.9166666667
21.2711864407
20.1833333333
21.1333333333
23.25
20.7966101695
24.8305084746
--END OF 3--
16.4
14.95
16.5666666667
15.4166666667
16.0338983051
15.9833333333
15.1166666667
15.65
15.5
16.7333333333
16.406779661
15.8833333333
15.9333333333
15.9833333333
15.7666666667
15.3559322034
14.5333333333
15.6
16.2833333333
15.7
15.4576271186
15.4833333333
15.1666666667
16.4
14.9833333333
16.0
14.85
15.45
15.0833333333
15.2881355932
15.5
16.55
14.1333333333
15.9333333333
15.7796610169
16.1333333333
14.6333333333
14.85
15.2166666667
14.8983050847
14.9166666667
13.85
14.05
14.4166666667
15.1694915254
15.0
14.35
14.8666666667
14.1166666667
15.4915254237
15.1833333333
14.1333333333
15.8
14.6166666667
15.3220338983
13.4833333333
14.8166666667
16.0333333333
14.4237288136
16.6440677966
--END OF 4--
23.35
21.9
22.8
22.8666666667
24.0
22.45
20.3833333333
21.4833333333
21.4
22.9
23.5084745763
22.5
23.0166666667
22.5666666667
22.6
22.8474576271
22.6
22.5
21.5333333333
21.25
21.5254237288
20.8666666667
23.3666666667
22.7666666667
22.4666666667
22.2881355932
22.1166666667
21.15
21.2166666667
21.5593220339
22.25
22.5
19.7333333333
22.0833333333
21.3559322034
22.75
21.4
20.6166666667
21.9333333333
21.6779661017
21.0833333333
19.9666666667
21.1
21.0833333333
21.3898305085
20.8
20.0
20.3166666667
20.5
21.1525423729
21.2666666667
20.1
21.5
20.5
21.0169491525
19.7333333333
20.5333333333
22.7166666667
20.0169491525
23.9830508475
--END OF 5--
23.9
22.6
23.25
23.5666666667
25.5084745763
22.65
20.9333333333
22.1
21.6
23.7833333333
25.1525423729
23.4666666667
24.5
23.1333333333
23.9
23.8983050847
23.3666666667
22.5
22.4833333333
21.65
22.1694915254
21.9166666667
24.9
23.25
23.3666666667
22.9661016949
22.1666666667
21.5666666667
21.9333333333
22.0
22.35
22.8
20.7833333333
23.2333333333
21.9491525424
24.6333333333
21.8333333333
21.4333333333
22.85
22.186440678
21.2833333333
20.5166666667
21.1
21.6666666667
22.3728813559
21.7
20.95
22.9666666667
20.9
21.5084745763
21.3166666667
20.55
22.1833333333
21.9166666667
21.2711864407
20.1833333333
21.1333333333
23.25
20.7966101695
24.8305084746
--END OF 6--
3095.0
2932.65
3179.65
3104.85
3206.18644068
3026.8
2939.35
2997.5
2982.35
3119.25
3102.25423729
3024.9
2980.4
3050.4
2994.6
3013.77966102
2947.65
3126.3
2956.95
3014.7
2992.11864407
2979.75
3036.45
3097.7
3008.15
2995.47457627
3029.85
2912.7
2937.75
2855.94915254
2861.1
2991.9
2784.75
3084.3
3026.18644068
3048.7
2850.65
2771.05
2929.2
2983.22033898
2962.85
2737.4
2790.9
2883.2
2971.83050847
3070.2
2779.2
2857.95
2803.95
2920.11864407
2971.6
2745.5
3019.0
2872.8
2954.23728814
2776.25
2893.3
2947.75
2743.22033898
3157.62711864
--END OF 7--
866.7
812.45
880.516666667
857.0
882.474576271
856.05
815.5
844.366666667
828.833333333
873.433333333
868.406779661
845.083333333
853.05
866.516666667
844.533333333
836.508474576
806.233333333
863.95
839.6
842.05
844.610169492
835.516666667
850.033333333
853.55
836.233333333
827.203389831
837.966666667
837.933333333
826.833333333
794.525423729
809.55
854.55
762.55
855.95
841.949152542
851.6
795.55
792.4
818.583333333
831.050847458
806.583333333
765.95
788.666666667
811.633333333
818.237288136
850.7
785.35
809.05
785.183333333
823.101694915
812.15
771.583333333
841.933333333
790.983333333
811.559322034
759.7
816.766666667
844.45
761.525423729
900.322033898
--END OF 8--
137.216666667
134.55
140.833333333
143.4
135.593220339
137.05
130.083333333
138.933333333
129.533333333
141.166666667
141.118644068
132.4
136.116666667
136.866666667
140.25
146.830508475
158.55
128.65
118.7
129.45
141.152542373
127.983333333
153.016666667
132.65
135.9
132.525423729
144.833333333
116.483333333
130.366666667
128.813559322
142.95
131.8
118.15
119.1
118.423728814
134.35
127.8
116.616666667
130.45
137.915254237
129.516666667
118.0
127.516666667
126.9
129.101694915
125.55
124.8
140.0
117.416666667
123.13559322
121.85
117.75
125.033333333
123.933333333
124.06779661
129.766666667
120.1
129.016666667
114.288135593
144.813559322
--END OF 9--
7.01666666667
4.1
4.46666666667
7.1
12.5084745763
2.56666666667
2.06666666667
4.85
4.28333333333
5.5
9.98305084746
6.41666666667
10.35
5.86666666667
5.8
6.8813559322
7.68333333333
4.55
6.4
3.85
3.98305084746
4.4
10.2333333333
7.85
8.25
5.57627118644
5.58333333333
3.91666666667
5.35
6.76271186441
5.05
5.3
7.45
6.6
2.35593220339
9.68333333333
7.95
4.06666666667
5.5
3.06779661017
4.8
4.93333333333
5.91666666667
5.23333333333
5.74576271186
3.85
4.3
6.35
5.61666666667
3.47457627119
4.38333333333
4.53333333333
3.95
5.38333333333
3.72881355932
4.15
4.85
5.36666666667
3.8813559322
5.86440677966
--END OF 10--
1.1
1.0
0.616666666667
0.5
1.71186440678
0.3
0.366666666667
0.0
0.5
0.883333333333
2.66101694915
1.33333333333
2.16666666667
0.983333333333
1.93333333333
1.74576271186
0.633333333333
0.0
1.65
0.85
1.10169491525
1.3
1.91666666667
0.7
1.0
1.18644067797
0.5
0.383333333333
1.15
0.64406779661
0.0
0.65
1.7
1.65
0.966101694915
3.26666666667
0.783333333333
1.48333333333
1.51666666667
0.610169491525
0.0
1.31666666667
0.183333333333
0.55
1.45762711864
1.3
1.1
4.05
0.65
0.152542372881
0.0
0.833333333333
1.15
2.2
0.64406779661
0.883333333333
0.5
1.03333333333
0.474576271186
1.30508474576
--END OF 11--
0.0
0.5
0.15
0.35
0.0
0.0
0.0
0.0
0.0
0.0
0.0
0.5
1.0
0.0
0.416666666667
0.0847457627119
0.366666666667
0.0
0.0
0.0
0.0
0.0
0.833333333333
0.166666666667
0.0
0.0
0.0
0.0
0.0
0.0
0.0
0.0
0.0
0.0
0.0
0.0
0.0
0.0
0.0
0.0
0.0
0.0
0.0
0.216666666667
0.152542372881
0.0
0.0
0.5
0.0
0.0
0.0
0.0
0.266666666667
0.0
0.0
0.0
0.0
0.0
0.0
0.491525423729
--END OF 12--
