15.6101694915
15.2833333333
15.8666666667
15.75
16.55
16.55
16.0169491525
14.65
16.4166666667
16.2833333333
15.3333333333
15.3
15.4406779661
15.9
15.6166666667
15.4666666667
16.0
15.75
15.1186440678
15.3333333333
16.4166666667
15.3666666667
16.0
15.65
15.186440678
16.15
15.9666666667
15.35
14.85
17.6333333333
15.0508474576
15.5
15.6666666667
15.3833333333
16.4666666667
15.75
14.3898305085
15.9
15.8833333333
16.1
16.1333333333
14.7118644068
15.6833333333
15.6166666667
16.7833333333
16.6333333333
16.15
15.5084745763
15.7833333333
14.85
14.4833333333
15.2833333333
15.35
15.9322033898
15.4
15.3166666667
14.2
14.8
14.75
15.2105263158
--END OF 1--
21.8474576271
20.2333333333
22.1833333333
21.9666666667
23.3
22.6
22.4406779661
20.0333333333
22.5333333333
21.95
20.5833333333
20.9833333333
21.4745762712
22.2166666667
20.8333333333
20.7166666667
21.45
22.3166666667
20.5762711864
20.2833333333
22.7166666667
21.3166666667
20.75
22.1
21.2033898305
22.7666666667
21.4
21.0
20.7166666667
23.4333333333
21.7796610169
21.3
21.0666666667
21.7166666667
22.1333333333
21.15
19.9830508475
21.6
21.9333333333
22.5833333333
21.1333333333
20.8474576271
23.25
22.15
22.2666666667
22.2
21.2833333333
21.1186440678
22.4
22.0833333333
21.0
21.3166666667
21.75
21.2881355932
21.0
20.6166666667
19.15
19.3
21.0
21.5964912281
--END OF 2--
22.0508474576
21.4333333333
23.5
22.65
25.45
24.75
23.6101694915
20.1833333333
23.6833333333
23.3
21.0833333333
21.5333333333
22.3220338983
23.4333333333
21.5333333333
21.4166666667
22.1333333333
22.9833333333
22.406779661
21.0333333333
23.7166666667
21.7166666667
21.45
22.4
21.6610169492
24.55
23.6
22.15
23.1666666667
24.4333333333
22.6271186441
22.1
21.7666666667
23.4166666667
23.6833333333
22.1833333333
21.2542372881
21.85
22.9833333333
23.5166666667
21.6333333333
21.0847457627
25.3833333333
22.75
23.7
22.7166666667
21.7333333333
21.2372881356
23.0333333333
22.9666666667
22.2333333333
22.3166666667
22.05
21.9830508475
21.7
21.0166666667
19.75
21.55
21.85
23.7192982456
--END OF 3--
15.6101694915
15.2833333333
15.8666666667
15.75
16.55
16.55
16.0169491525
14.65
16.4166666667
16.2833333333
15.3333333333
15.3
15.4406779661
15.9
15.6166666667
15.4666666667
16.0
15.75
15.1186440678
15.3333333333
16.4166666667
15.3666666667
16.0
15.65
15.186440678
16.15
15.9666666667
15.35
14.85
17.6333333333
15.0508474576
15.5
15.6666666667
15.3833333333
16.4666666667
15.75
14.3898305085
15.9
15.8833333333
16.1
16.1333333333
14.7118644068
15.6833333333
15.6166666667
16.7833333333
16.6333333333
16.15
15.5084745763
15.7833333333
14.85
14.4833333333
15.2833333333
15.35
15.9322033898
15.4
15.3166666667
14.2
14.8
14.75
15.2105263158
--END OF 4--
21.8474576271
20.2333333333
22.1833333333
21.9666666667
23.3
22.6
22.4406779661
20.0333333333
22.5333333333
21.95
20.5833333333
20.9833333333
21.4745762712
22.2166666667
20.8333333333
20.7166666667
21.45
22.3166666667
20.5762711864
20.2833333333
22.7166666667
21.3166666667
20.75
22.1
21.2033898305
22.7666666667
21.4
21.0
20.7166666667
23.4333333333
21.7796610169
21.3
21.0666666667
21.7166666667
22.1333333333
21.15
19.9830508475
21.6
21.9333333333
22.5833333333
21.1333333333
20.8474576271
23.25
22.15
22.2666666667
22.2
21.2833333333
21.1186440678
22.4
22.0833333333
21.0
21.3166666667
21.75
21.2881355932
21.0
20.6166666667
19.15
19.3
21.0
21.5964912281
--END OF 5--
22.0508474576
21.4333333333
23.5
22.65
25.45
24.75
23.6101694915
20.1833333333
23.6833333333
23.3
21.0833333333
21.5333333333
22.3220338983
23.4333333333
21.5333333333
21.4166666667
22.1333333333
22.9833333333
22.406779661
21.0333333333
23.7166666667
21.7166666667
21.45
22.4
21.6610169492
24.55
23.6
22.15
23.1666666667
24.4333333333
22.6271186441
22.1
21.7666666667
23.4166666667
23.6833333333
22.1833333333
21.2542372881
21.85
22.9833333333
23.5166666667
21.6333333333
21.0847457627
25.3833333333
22.75
23.7
22.7166666667
21.7333333333
21.2372881356
23.0333333333
22.9666666667
22.2333333333
22.3166666667
22.05
21.9830508475
21.7
21.0166666667
19.75
21.55
21.85
23.7192982456
--END OF 6--
2961.0
3018.45
3004.45
2958.6
3026.6
3102.6
3114.10169492
2818.65
3113.6
3058.75
2989.55
2946.5
3054.15254237
2943.65
2958.75
2877.7
2986.6
2982.85
2820.25423729
2831.55
3064.2
2955.3
2965.65
2912.55
2900.89830508
3054.05
2985.1
2996.0
2881.5
3224.15
2891.6440678
2953.95
2984.95
2982.45
3080.5
3077.2
2799.45762712
3027.65
2944.65
3013.55
2958.45
2804.6440678
3105.9
3064.35
3165.3
3082.9
3041.05
2949.25423729
3004.1
2909.8
2903.1
2928.7
2902.85
2895.30508475
2889.0
2932.65
2861.55
2849.7
2874.6
2882.36842105
--END OF 7--
824.593220339
804.8
826.583333333
823.983333333
853.05
863.65
844.457627119
773.316666667
857.183333333
844.966666667
812.433333333
821.5
830.389830508
822.5
814.966666667
792.45
812.85
834.083333333
789.355932203
792.9
857.45
823.95
822.85
821.5
810.661016949
853.95
825.25
815.85
794.933333333
906.716666667
811.457627119
806.433333333
838.75
818.916666667
839.2
852.133333333
764.474576271
838.066666667
834.8
843.633333333
827.1
779.898305085
869.783333333
846.7
892.55
845.533333333
838.933333333
830.406779661
848.066666667
788.566666667
793.566666667
809.65
804.533333333
827.491525424
800.4
800.5
779.45
794.75
803.85
818.157894737
--END OF 8--
127.796610169
109.4
131.95
128.966666667
141.916666667
127.1
125.762711864
116.116666667
136.383333333
128.083333333
115.766666667
108.666666667
121.491525424
127.1
114.283333333
115.5
128.5
123.333333333
120.152542373
119.4
127.6
124.8
117.05
129.3
124.118644068
130.533333333
111.916666667
122.5
118.25
122.883333333
129.389830508
137.133333333
122.483333333
129.583333333
129.35
120.683333333
116.033898305
120.383333333
124.55
132.333333333
110.15
123.338983051
150.066666667
123.566666667
121.816666667
124.316666667
108.383333333
117.847457627
142.316666667
133.5
139.05
123.0
123.983333333
120.169491525
117.85
120.05
106.7
111.15
126.25
127.350877193
--END OF 9--
2.27118644068
5.05
8.25
5.25
10.55
7.5
5.64406779661
2.98333333333
6.73333333333
6.23333333333
5.45
6.05
7.15254237288
8.93333333333
4.9
3.91666666667
3.7
6.66666666667
6.42372881356
4.45
6.9
3.15
5.1
7.45
4.77966101695
5.25
9.23333333333
5.4
9.26666666667
5.56666666667
5.27118644068
7.15
4.45
8.9
6.71666666667
3.88333333333
4.16949152542
3.43333333333
4.7
6.63333333333
4.3
5.15254237288
7.55
5.15
5.5
4.16666666667
4.06666666667
1.54237288136
3.18333333333
8.71666666667
4.63333333333
6.66666666667
5.0
4.96610169492
5.55
2.1
5.35
6.2
5.15
10.1754385965
--END OF 10--
0.35593220339
1.75
1.36666666667
0.5
2.68333333333
2.9
1.91525423729
0.266666666667
1.21666666667
2.2
0.483333333333
1.21666666667
1.01694915254
1.85
0.0333333333333
0.966666666667
0.75
0.8
2.47457627119
1.25
1.75
0.25
1.05
0.45
0.0
2.71666666667
3.8
1.36666666667
3.03333333333
1.31666666667
1.10169491525
0.55
0.6
2.55
2.66666666667
1.63333333333
1.20338983051
0.7
1.95
1.75
0.5
0.118644067797
3.11666666667
0.933333333333
2.28333333333
0.85
0.866666666667
0.0169491525424
0.983333333333
1.38333333333
1.91666666667
0.6
0.216666666667
1.23728813559
1.45
0.45
0.6
3.65
0.75
2.29824561404
--END OF 11--
0.0
0.0
0.0
0.5
0.05
0.95
0.508474576271
0.0
0.0
0.0
0.0
0.0
0.0
0.4
0.0
0.466666666667
0.0333333333333
0.0
0.864406779661
0.15
0.0
0.0
0.0
0.0
0.0
1.0
0.5
0.25
1.43333333333
0.816666666667
0.0
0.0
0.0
0.0
0.5
0.0
1.01694915254
0.0
0.0
0.0
0.0
0.0
0.333333333333
0.166666666667
0.0
0.5
0.0
0.0
0.5
0.433333333333
0.0
0.0
0.0
0.440677966102
0.9
0.0
0.5
0.45
0.05
0.526315789474
--END OF 12--
