10.1166666667
10.0677966102
8.58333333333
9.56666666667
9.63333333333
9.53333333333
10.35
9.89830508475
9.98333333333
9.36666666667
9.83333333333
10.6666666667
9.66666666667
9.15254237288
10.4333333333
9.33333333333
10.1833333333
10.5166666667
10.2833333333
9.71186440678
9.58333333333
9.85
9.55
9.46666666667
10.6101694915
10.45
11.15
9.95
10.6333333333
9.64406779661
10.4333333333
9.8
9.95
9.0
9.05084745763
10.05
9.46666666667
10.4
9.6
10.2711864407
10.8166666667
10.5833333333
9.66666666667
9.83333333333
9.8
9.84745762712
9.56666666667
10.05
9.33333333333
10.1166666667
11.7627118644
11.05
10.35
9.66666666667
9.75
9.64406779661
9.63333333333
10.3166666667
9.48333333333
10.4561403509
--END OF 1--
13.9833333333
13.5593220339
12.7833333333
13.2166666667
11.9833333333
11.9333333333
14.0
13.2033898305
13.4
12.3833333333
13.05
15.35
13.3333333333
11.8813559322
13.8
13.6
14.4666666667
14.1833333333
12.85
13.0338983051
12.7333333333
12.8
13.35
12.6833333333
14.6779661017
13.6833333333
14.6333333333
13.8
14.1333333333
12.7966101695
13.7
13.1666666667
13.05
12.6
12.0508474576
13.35
12.7666666667
14.2
12.95
12.7288135593
13.9833333333
13.85
13.0333333333
13.9166666667
12.4
13.3898305085
13.25
13.8833333333
13.5
13.5666666667
15.0508474576
14.75
13.95
13.0666666667
12.25
13.3050847458
13.2666666667
13.4166666667
12.8333333333
14.4736842105
--END OF 2--
14.7
14.6101694915
13.2333333333
14.7166666667
12.3833333333
12.2833333333
14.9
14.813559322
14.0
12.6833333333
13.85
16.0833333333
13.5833333333
13.0677966102
14.3333333333
13.85
15.15
15.05
13.3
13.0338983051
12.9833333333
13.55
13.6
13.45
15.2881355932
14.7333333333
15.5333333333
14.3833333333
14.45
13.0
14.4833333333
14.7
13.0833333333
12.6
12.5084745763
14.2
12.7666666667
14.35
13.85
13.7966101695
14.4833333333
14.2833333333
13.5333333333
14.2833333333
13.0333333333
13.6949152542
14.4833333333
15.0833333333
13.8333333333
14.2333333333
15.6440677966
15.75
14.35
13.1666666667
13.35
14.1525423729
13.8666666667
14.2333333333
12.8333333333
15.2631578947
--END OF 3--
10.1166666667
10.0677966102
8.58333333333
9.56666666667
9.63333333333
9.53333333333
10.35
9.89830508475
9.98333333333
9.36666666667
9.83333333333
10.6666666667
9.66666666667
9.15254237288
10.4333333333
9.33333333333
10.1833333333
10.5166666667
10.2833333333
9.71186440678
9.58333333333
9.85
9.55
9.46666666667
10.6101694915
10.45
11.15
9.95
10.6333333333
9.64406779661
10.4333333333
9.8
9.95
9.0
9.05084745763
10.05
9.46666666667
10.4
9.6
10.2711864407
10.8166666667
10.5833333333
9.66666666667
9.83333333333
9.8
9.84745762712
9.56666666667
10.05
9.33333333333
10.1166666667
11.7627118644
11.05
10.35
9.66666666667
9.75
9.64406779661
9.63333333333
10.3166666667
9.48333333333
10.4561403509
--END OF 4--
13.9833333333
13.5593220339
12.7833333333
13.2166666667
11.9833333333
11.9333333333
14.0
13.2033898305
13.4
12.3833333333
13.05
15.35
13.3333333333
11.8813559322
13.8
13.6
14.4666666667
14.1833333333
12.85
13.0338983051
12.7333333333
12.8
13.35
12.6833333333
14.6779661017
13.6833333333
14.6333333333
13.8
14.1333333333
12.7966101695
13.7
13.1666666667
13.05
12.6
12.0508474576
13.35
12.7666666667
14.2
12.95
12.7288135593
13.9833333333
13.85
13.0333333333
13.9166666667
12.4
13.3898305085
13.25
13.8833333333
13.5
13.5666666667
15.0508474576
14.75
13.95
13.0666666667
12.25
13.3050847458
13.2666666667
13.4166666667
12.8333333333
14.4736842105
--END OF 5--
14.7
14.6101694915
13.2333333333
14.7166666667
12.3833333333
12.2833333333
14.9
14.813559322
14.0
12.6833333333
13.85
16.0833333333
13.5833333333
13.0677966102
14.3333333333
13.85
15.15
15.05
13.3
13.0338983051
12.9833333333
13.55
13.6
13.45
15.2881355932
14.7333333333
15.5333333333
14.3833333333
14.45
13.0
14.4833333333
14.7
13.0833333333
12.6
12.5084745763
14.2
12.7666666667
14.35
13.85
13.7966101695
14.4833333333
14.2833333333
13.5333333333
14.2833333333
13.0333333333
13.6949152542
14.4833333333
15.0833333333
13.8333333333
14.2333333333
15.6440677966
15.75
14.35
13.1666666667
13.35
14.1525423729
13.8666666667
14.2333333333
12.8333333333
15.2631578947
--END OF 6--
2050.2
1959.96610169
1802.25
1994.25
1935.9
1868.1
1962.75
1879.98305085
1949.5
1952.05
1902.55
2076.25
1967.05
1877.38983051
1929.25
1942.95
2083.95
2087.6
1928.35
2001.71186441
1923.6
1898.1
1821.75
1850.0
2208.20338983
1922.95
2092.3
1996.6
2051.0
1913.08474576
2018.9
1925.45
2056.7
1908.75
1889.94915254
1993.5
1935.3
2045.1
1916.1
1852.6779661
2051.4
2032.9
1899.95
1865.2
1940.65
1931.13559322
2104.25
2137.75
1920.65
2017.9
2078.18644068
2053.65
1981.8
1981.8
1979.7
2017.27118644
1971.1
2040.35
1889.95
2016.68421053
--END OF 7--
580.683333333
544.508474576
497.75
546.4
519.1
529.5
559.0
529.084745763
537.216666667
535.15
528.633333333
582.033333333
549.083333333
518.406779661
546.55
534.45
563.95
567.883333333
540.583333333
537.949152542
536.25
521.0
514.85
517.633333333
576.86440678
547.016666667
578.95
561.716666667
567.583333333
530.593220339
559.016666667
542.683333333
546.433333333
507.083333333
516.830508475
544.9
534.0
568.45
530.9
530.355932203
573.433333333
564.0
531.716666667
525.1
526.966666667
543.271186441
563.016666667
581.65
525.1
552.15
596.881355932
574.45
550.15
542.25
534.35
541.525423729
539.233333333
565.25
530.2
571.035087719
--END OF 8--
79.85
73.1525423729
74.5
77.15
68.0
56.45
71.25
70.3559322034
68.8
67.4166666667
69.4166666667
88.0833333333
68.1
70.8305084746
70.7
82.5833333333
83.8666666667
82.0166666667
63.2333333333
73.8644067797
65.5
65.2
72.45
63.4333333333
78.7796610169
74.6833333333
87.75
74.1666666667
70.15
65.5084745763
70.0833333333
67.6666666667
61.1666666667
62.1666666667
64.2203389831
72.25
63.8
79.6
65.15
73.4745762712
68.3666666667
71.0166666667
72.9
90.6
74.0833333333
82.406779661
87.8333333333
81.65
73.9833333333
70.6
81.1355932203
81.85
70.5
78.0
60.1
84.7627118644
83.55
70.8333333333
71.9333333333
80.8070175439
--END OF 9--
3.13333333333
5.42372881356
4.9
6.35
0.75
1.45
3.8
5.96610169492
3.1
1.86666666667
2.03333333333
4.88333333333
2.96666666667
2.83050847458
3.63333333333
3.4
4.55
3.53333333333
1.4
1.01694915254
1.4
4.3
3.55
3.23333333333
4.23728813559
3.61666666667
3.23333333333
4.43333333333
5.61666666667
3.30508474576
2.63333333333
5.28333333333
2.01666666667
3.08333333333
2.98305084746
3.5
3.1
3.7
3.8
3.79661016949
4.91666666667
2.23333333333
3.68333333333
4.96666666667
2.73333333333
3.27118644068
3.31666666667
4.11666666667
3.61666666667
5.26666666667
3.20338983051
4.65
3.65
2.65
3.5
4.25423728814
2.5
2.33333333333
1.0
3.80701754386
--END OF 10--
1.0
1.20338983051
0.8
1.55
0.45
0.45
1.45
2.37288135593
0.983333333333
0.366666666667
1.16666666667
0.983333333333
0.5
1.79661016949
0.6
0.5
1.06666666667
1.43333333333
0.5
0.0
0.15
1.05
0.6
1.2
0.796610169492
1.9
1.31666666667
0.633333333333
0.866666666667
0.508474576271
0.933333333333
2.53333333333
0.0333333333333
0.0
0.661016949153
0.85
0.0
0.4
1.4
1.72881355932
1.13333333333
0.7
0.666666666667
0.383333333333
1.1
0.406779661017
1.9
1.85
0.366666666667
0.716666666667
0.796610169492
1.45
0.55
0.0
2.15
1.38983050847
0.95
0.966666666667
0.0
1.22807017544
--END OF 11--
0.783333333333
0.508474576271
0.0
0.35
0.15
0.0
0.15
0.35593220339
0.0
0.0
0.0
0.0
0.0
0.508474576271
0.166666666667
0.0
0.116666666667
0.383333333333
0.0
0.0
0.0
0.2
0.3
0.0
0.0
1.0
0.0
0.0
0.0
0.0
0.5
0.0
0.0
0.0
0.152542372881
0.85
0.0
0.0
0.5
0.0
0.0
0.0
0.5
0.0
0.5
0.322033898305
0.183333333333
0.0
0.0
0.0
0.0
0.1
0.4
0.0
0.0
0.0
0.0333333333333
0.966666666667
0.0
0.210526315789
--END OF 12--
