20.6166666667
19.1666666667
19.9333333333
20.05
21.0833333333
20.1355932203
20.5333333333
20.9333333333
20.05
20.0166666667
20.7333333333
20.1355932203
20.0
20.6333333333
20.3166666667
20.95
20.5333333333
20.4237288136
20.4833333333
22.2166666667
21.4166666667
20.7
21.0
20.9166666667
19.8833333333
20.45
20.2333333333
20.2666666667
18.8983050847
20.65
19.2
18.7666666667
20.25
20.75
19.2542372881
19.3666666667
20.5333333333
20.8333333333
20.4
20.9
20.0847457627
20.2666666667
20.7
20.35
20.5333333333
20.9666666667
20.0
20.0333333333
19.2
20.0666666667
19.1833333333
19.0169491525
19.9833333333
20.7833333333
20.2
19.9666666667
20.5666666667
21.6101694915
19.45
19.6842105263
--END OF 1--
28.0666666667
25.7166666667
27.7833333333
27.35
28.8166666667
27.2711864407
28.0666666667
27.7166666667
26.1166666667
27.1
28.05
28.4406779661
29.5
29.5833333333
26.7166666667
28.0666666667
28.7833333333
28.2881355932
28.2833333333
30.3666666667
28.45
27.55
26.186440678
27.8
27.0
26.8666666667
27.8333333333
25.7666666667
26.2203389831
27.85
25.75
23.4333333333
27.5
27.7833333333
26.813559322
27.8166666667
28.5333333333
26.8666666667
26.9
28.2
27.186440678
27.6333333333
27.1666666667
27.0666666667
28.1333333333
27.7
26.9322033898
26.5833333333
26.65
27.4166666667
26.2166666667
24.9661016949
24.9333333333
27.9833333333
26.0
27.2666666667
26.5666666667
28.5593220339
26.15
27.1578947368
--END OF 2--
29.1166666667
26.6666666667
28.3166666667
27.85
29.4833333333
28.5423728814
29.7166666667
28.2333333333
26.4166666667
27.6
28.05
29.406779661
29.8833333333
30.0
26.95
28.9
29.4
28.7796610169
29.1333333333
31.3333333333
28.8
27.95
27.2033898305
28.8333333333
27.7
27.3666666667
28.0666666667
26.1333333333
26.7966101695
28.3833333333
26.7166666667
24.5333333333
27.95
28.7166666667
27.5084745763
28.8333333333
29.3
28.2166666667
28.05
28.55
28.3559322034
28.2
28.3666666667
28.35
28.65
28.4166666667
27.6779661017
27.7833333333
27.3666666667
28.7
26.5
25.7288135593
25.1333333333
29.4333333333
26.5
27.8166666667
26.9166666667
28.5593220339
26.8666666667
27.3684210526
--END OF 3--
20.0166666667
19.1666666667
19.6833333333
19.75
20.4166666667
19.8813559322
19.9833333333
20.2666666667
19.65
19.7833333333
19.8333333333
19.6440677966
19.8166666667
20.1166666667
20.0
20.05
20.1
19.7627118644
19.8333333333
21.2166666667
20.7333333333
20.1
20.0169491525
19.9666666667
19.6666666667
20.0166666667
19.85
19.7166666667
18.8983050847
20.1833333333
19.0166666667
18.7666666667
19.5833333333
20.0166666667
19.2542372881
19.2666666667
19.9333333333
20.0333333333
19.65
20.0
19.6440677966
19.7
19.8666666667
19.6166666667
19.8166666667
20.2333333333
19.5762711864
19.5333333333
18.9833333333
19.6833333333
18.9833333333
19.0169491525
19.8833333333
20.1333333333
19.7
19.7166666667
20.0166666667
20.7627118644
19.2833333333
19.4736842105
--END OF 4--
28.0166666667
25.7166666667
27.7
27.35
28.6666666667
27.2711864407
28.0666666667
27.6666666667
26.1166666667
27.1
28.05
28.2203389831
29.1666666667
28.9833333333
26.7166666667
28.0666666667
28.6
28.186440678
28.1333333333
29.8666666667
28.4166666667
27.55
26.186440678
27.8
27.0
26.8666666667
27.8333333333
25.7666666667
26.2203389831
27.85
25.75
23.4333333333
27.45
27.75
26.813559322
27.8166666667
28.4833333333
26.8666666667
26.9
28.2
27.186440678
27.6333333333
27.1666666667
27.05
28.1333333333
27.7
26.9322033898
26.5833333333
26.65
27.4166666667
26.2166666667
24.9661016949
24.9333333333
27.9833333333
26.0
27.2666666667
26.5666666667
28.406779661
26.15
27.1578947368
--END OF 5--
29.1166666667
26.6666666667
28.3166666667
27.85
29.4833333333
28.5423728814
29.7166666667
28.2333333333
26.4166666667
27.6
28.05
29.406779661
29.8833333333
30.0
26.95
28.9
29.4
28.7796610169
29.1333333333
31.3333333333
28.8
27.95
27.2033898305
28.8333333333
27.7
27.3666666667
28.0666666667
26.1333333333
26.7966101695
28.3833333333
26.7166666667
24.5333333333
27.95
28.7166666667
27.5084745763
28.8333333333
29.3
28.2166666667
28.05
28.55
28.3559322034
28.2
28.3666666667
28.35
28.65
28.4166666667
27.6779661017
27.7833333333
27.3666666667
28.7
26.5
25.7288135593
25.1333333333
29.4333333333
26.5
27.8166666667
26.9166666667
28.5593220339
26.8666666667
27.3684210526
--END OF 6--
3738.3
3560.55
3691.05
3578.4
3773.8
3662.49152542
3812.35
3810.8
3645.15
3845.35
3783.1
3776.13559322
3745.95
3856.45
3715.0
3775.1
3811.25
3831.15254237
3771.3
4024.75
3871.35
3797.7
3678.45762712
3774.25
3756.45
3736.8
3708.85
3736.95
3543.15254237
3882.6
3640.0
3568.1
3833.35
3773.75
3574.52542373
3634.25
3763.45
3771.35
3878.25
3897.15
3802.62711864
3851.25
3907.6
3761.95
3733.8
3777.45
3734.49152542
3762.1
3599.15
3755.1
3530.05
3548.18644068
3626.25
3826.2
3708.9
3702.15
3692.55
3936.10169492
3737.0
3668.05263158
--END OF 7--
1060.15
993.75
1044.55
1027.4
1077.81666667
1040.05084746
1062.0
1065.66666667
1024.31666667
1052.66666667
1072.91666667
1059.6779661
1063.26666667
1073.2
1034.33333333
1073.13333333
1083.26666667
1090.91525424
1054.0
1141.88333333
1083.25
1064.7
1032.45762712
1067.55
1044.23333333
1036.16666667
1035.55
1017.56666667
981.152542373
1082.9
994.45
984.4
1054.88333333
1072.75
1016.79661017
1035.35
1062.0
1062.11666667
1080.7
1086.65
1061.03389831
1080.98333333
1083.75
1046.35
1064.66666667
1071.91666667
1053.61016949
1037.7
1006.18333333
1040.51666667
980.266666667
970.779661017
1004.05
1076.4
1032.4
1047.6
1042.55
1088.96610169
1036.45
1028.31578947
--END OF 8--
162.75
142.05
155.166666667
153.15
173.9
150.322033898
156.183333333
159.733333333
147.15
150.833333333
146.983333333
166.86440678
167.3
172.666666667
149.65
151.433333333
157.4
164.084745763
165.65
188.95
156.966666667
147.55
133.084745763
156.316666667
156.966666667
152.583333333
158.95
135.05
154.745762712
154.45
139.983333333
121.166666667
149.316666667
153.866666667
150.220338983
168.033333333
170.016666667
144.533333333
144.9
159.4
148.627118644
154.366666667
148.766666667
156.766666667
168.466666667
156.933333333
150.203389831
138.75
161.116666667
155.7
161.416666667
131.796610169
132.2
159.55
136.0
155.0
145.0
151.762711864
155.183333333
154.315789474
--END OF 9--
9.45
7.35
4.76666666667
6.5
5.51666666667
7.13559322034
7.43333333333
2.73333333333
1.06666666667
4.53333333333
3.2
5.96610169492
8.55
13.1666666667
4.11666666667
6.61666666667
5.8
7.20338983051
6.65
4.98333333333
5.31666666667
5.25
6.37288135593
5.61666666667
3.58333333333
5.21666666667
4.48333333333
2.68333333333
5.03389830508
5.55
6.48333333333
4.06666666667
8.91666666667
7.73333333333
9.84745762712
8.08333333333
8.15
4.46666666667
5.65
5.3
7.08474576271
4.55
6.45
5.38333333333
3.31666666667
4.78333333333
6.54237288136
7.36666666667
7.2
6.93333333333
2.08333333333
5.8813559322
2.5
7.5
2.8
5.75
4.25
6.03389830508
3.03333333333
3.15789473684
--END OF 10--
1.25
0.9
0.866666666667
0.6
0.916666666667
2.1186440678
2.46666666667
0.85
0.316666666667
0.5
0.0
1.35593220339
0.233333333333
0.183333333333
0.233333333333
0.766666666667
1.06666666667
0.779661016949
0.75
1.25
0.366666666667
0.0
1.01694915254
1.9
0.833333333333
0.5
0.433333333333
0.466666666667
0.64406779661
0.366666666667
1.2
1.71666666667
0.716666666667
1.03333333333
0.389830508475
1.28333333333
1.43333333333
2.43333333333
0.5
0.65
1.37288135593
0.633333333333
2.01666666667
1.1
0.783333333333
0.8
0.542372881356
2.0
0.75
2.0
0.45
1.45762711864
0.0
1.95
0.55
1.0
0.45
0.0847457627119
0.783333333333
0.368421052632
--END OF 11--
0.0
0.0
0.0
0.0
0.45
0.0508474576271
0.5
0.0
0.0
0.5
0.0
0.0
0.0
0.0
0.0
0.0
0.0
0.406779661017
0.1
0.0
0.0
0.0
0.0
0.0
0.5
0.0
0.0
0.0
0.0
0.0
0.0
0.0
0.0
0.0
0.0
0.0
0.0
0.0
0.0
0.0
0.0
0.366666666667
0.0
0.0
0.0
0.0
0.0
0.866666666667
0.633333333333
0.0
0.0
0.0
0.0
1.5
0.0
0.0
0.0
0.0338983050847
0.65
0.0
--END OF 12--
