13.5666666667
14.8666666667
13.8166666667
13.8
15.1833333333
13.6779661017
13.8666666667
14.2
13.2833333333
14.2666666667
15.1333333333
13.813559322
13.85
13.6
13.4333333333
13.0666666667
14.186440678
13.4666666667
14.3166666667
13.2833333333
12.8833333333
12.9833333333
13.3728813559
13.9
14.45
13.2833333333
13.3166666667
13.186440678
14.2
13.2833333333
13.1333333333
13.65
13.5
14.0338983051
14.0666666667
13.6666666667
14.35
12.5333333333
13.4
14.6101694915
14.1
13.6
13.2833333333
13.1166666667
13.6333333333
13.7118644068
13.4833333333
13.2166666667
13.1833333333
13.1166666667
14.2542372881
13.2166666667
12.2666666667
13.7333333333
13.8666666667
15.0833333333
14.406779661
15.2833333333
15.3666666667
13.8070175439
--END OF 1--
18.6
18.3833333333
18.25
17.4166666667
19.5833333333
18.9152542373
18.9833333333
18.4833333333
18.2833333333
17.9333333333
19.1333333333
17.9152542373
17.55
18.3
18.9833333333
17.5166666667
18.6779661017
18.2166666667
19.2666666667
18.1333333333
17.9333333333
17.6166666667
17.1016949153
19.0166666667
18.6
17.4
18.4666666667
17.813559322
18.7
18.9166666667
18.2833333333
19.55
17.35
18.8813559322
19.9
17.8166666667
19.9
16.55
18.3833333333
19.1355932203
18.4
18.45
18.7166666667
17.3666666667
18.3833333333
18.7288135593
17.9333333333
17.4166666667
17.4833333333
18.2166666667
19.0508474576
17.3
17.1333333333
18.2833333333
18.6166666667
19.75
19.2033898305
19.1833333333
19.45
19.2105263158
--END OF 2--
18.9666666667
18.5166666667
18.4166666667
17.8
19.7833333333
20.6779661017
19.6833333333
18.7666666667
18.2833333333
18.2833333333
19.3833333333
18.0677966102
18.0
18.9
19.3833333333
18.1666666667
18.9830508475
18.5666666667
19.3
18.8833333333
18.4
18.0666666667
17.3728813559
19.5
18.8
18.75
18.9166666667
17.9491525424
19.7
19.6666666667
18.6833333333
20.85
17.7
19.186440678
20.3833333333
18.6333333333
20.1
17.1333333333
18.7666666667
19.5254237288
18.45
19.0
18.9166666667
17.9333333333
20.1333333333
19.5254237288
18.6833333333
18.5666666667
18.1833333333
19.0166666667
19.5423728814
17.6166666667
17.4333333333
18.8666666667
19.35
20.4333333333
19.813559322
19.4833333333
20.55
20.298245614
--END OF 3--
13.5666666667
14.8666666667
13.8166666667
13.8
15.1833333333
13.6779661017
13.8666666667
14.2
13.2833333333
14.2666666667
15.1333333333
13.813559322
13.85
13.6
13.4333333333
13.0666666667
14.186440678
13.4666666667
14.3166666667
13.2833333333
12.8833333333
12.9833333333
13.3728813559
13.9
14.45
13.2833333333
13.3166666667
13.186440678
14.2
13.2833333333
13.1333333333
13.65
13.5
14.0338983051
14.0666666667
13.6666666667
14.35
12.5333333333
13.4
14.6101694915
14.1
13.6
13.2833333333
13.1166666667
13.6333333333
13.7118644068
13.4833333333
13.2166666667
13.1833333333
13.1166666667
14.2542372881
13.2166666667
12.2666666667
13.7333333333
13.8666666667
15.0833333333
14.406779661
15.2833333333
15.3666666667
13.8070175439
--END OF 4--
18.6
18.3833333333
18.25
17.4166666667
19.5833333333
18.9152542373
18.9833333333
18.4833333333
18.2833333333
17.9333333333
19.1333333333
17.9152542373
17.55
18.3
18.9833333333
17.5166666667
18.6779661017
18.2166666667
19.2666666667
18.1333333333
17.9333333333
17.6166666667
17.1016949153
19.0166666667
18.6
17.4
18.4666666667
17.813559322
18.7
18.9166666667
18.2833333333
19.55
17.35
18.8813559322
19.9
17.8166666667
19.9
16.55
18.3833333333
19.1355932203
18.4
18.45
18.7166666667
17.3666666667
18.3833333333
18.7288135593
17.9333333333
17.4166666667
17.4833333333
18.2166666667
19.0508474576
17.3
17.1333333333
18.2833333333
18.6166666667
19.75
19.2033898305
19.1833333333
19.45
19.2105263158
--END OF 5--
18.9666666667
18.5166666667
18.4166666667
17.8
19.7833333333
20.6779661017
19.6833333333
18.7666666667
18.2833333333
18.2833333333
19.3833333333
18.0677966102
18.0
18.9
19.3833333333
18.1666666667
18.9830508475
18.5666666667
19.3
18.8833333333
18.4
18.0666666667
17.3728813559
19.5
18.8
18.75
18.9166666667
17.9491525424
19.7
19.6666666667
18.6833333333
20.85
17.7
19.186440678
20.3833333333
18.6333333333
20.1
17.1333333333
18.7666666667
19.5254237288
18.45
19.0
18.9166666667
17.9333333333
20.1333333333
19.5254237288
18.6833333333
18.5666666667
18.1833333333
19.0166666667
19.5423728814
17.6166666667
17.4333333333
18.8666666667
19.35
20.4333333333
19.813559322
19.4833333333
20.55
20.298245614
--END OF 6--
2620.95
2800.8
2599.4
2579.5
2822.75
2633.74576271
2736.25
2590.0
2620.35
2699.05
2816.05
2556.25423729
2552.4
2548.5
2555.7
2497.2
2606.18644068
2537.9
2648.45
2519.3
2552.4
2552.15
2529.86440678
2592.8
2550.2
2542.25
2521.55
2548.22033898
2616.6
2611.25
2609.55
2673.15
2550.6
2649.66101695
2699.55
2586.9
2709.95
2425.9
2613.55
2801.08474576
2628.45
2574.85
2632.75
2478.95
2580.95
2556.25423729
2622.15
2611.8
2585.4
2546.4
2722.06779661
2499.25
2484.0
2684.7
2630.05
2713.95
2759.59322034
2757.75
2758.45
2639.15789474
--END OF 7--
724.3
772.583333333
732.5
702.666666667
782.383333333
738.13559322
748.883333333
732.733333333
707.516666667
745.666666667
791.133333333
709.406779661
710.3
716.3
714.85
701.3
736.237288136
711.266666667
756.133333333
710.9
701.016666667
705.8
694.745762712
718.666666667
724.683333333
704.616666667
696.9
709.288135593
731.6
728.816666667
711.25
746.25
694.25
733.0
752.583333333
716.516666667
760.083333333
664.333333333
728.583333333
759.542372881
729.05
705.55
707.55
676.583333333
731.55
709.694915254
728.75
725.35
700.35
712.65
756.491525424
703.283333333
673.666666667
727.333333333
741.1
763.35
759.016949153
780.166666667
780.133333333
738.596491228
--END OF 8--
114.983333333
93.6833333333
101.533333333
100.366666667
115.533333333
100.271186441
107.333333333
94.1833333333
101.5
89.0333333333
86.7333333333
100.271186441
90.6
96.3
109.65
85.0
102.050847458
101.833333333
106.65
102.833333333
102.533333333
105.2
99.2711864407
104.666666667
104.566666667
90.5666666667
105.883333333
100.0
95.95
117.533333333
119.0
104.15
99.55
108.525423729
120.45
93.7833333333
113.5
89.1833333333
101.9
98.5762711864
103.466666667
106.233333333
98.8666666667
87.9833333333
105.55
108.508474576
103.5
99.2
93.2
114.75
115.203389831
95.55
101.8
101.433333333
104.183333333
116.0
113.084745763
99.0
102.5
119.929824561
--END OF 9--
3.5
1.25
2.2
2.68333333333
3.56666666667
9.59322033898
3.58333333333
4.16666666667
4.2
3.86666666667
2.15
3.03389830508
3.4
4.7
4.75
5.0
2.18644067797
3.71666666667
3.4
3.48333333333
4.05
3.28333333333
0.745762711864
5.4
2.16666666667
4.31666666667
6.18333333333
1.94915254237
6.7
4.25
2.35
5.85
3.35
3.61016949153
4.41666666667
4.2
3.13333333333
3.46666666667
4.01666666667
4.03389830508
1.83333333333
5.01666666667
4.6
3.65
7.05
6.38983050847
3.95
5.75
4.5
2.5
2.74576271186
3.23333333333
4.23333333333
3.95
2.83333333333
5.46666666667
3.77966101695
3.16666666667
3.9
5.0
--END OF 10--
0.116666666667
0.0
0.0
0.5
0.0833333333333
1.94915254237
0.866666666667
0.133333333333
0.0
0.616666666667
0.383333333333
0.0
0.45
0.55
0.55
0.45
0.508474576271
0.5
0.0
1.13333333333
0.6
0.766666666667
0.593220338983
0.916666666667
0.316666666667
2.18333333333
0.0
0.0
1.65
1.18333333333
0.9
1.9
0.7
0.508474576271
0.783333333333
0.85
0.133333333333
0.983333333333
0.483333333333
0.542372881356
0.0
0.5
0.416666666667
0.583333333333
2.51666666667
1.45762711864
1.05
1.35
1.15
0.95
0.661016949153
0.466666666667
0.5
0.983333333333
1.08333333333
1.31666666667
0.627118644068
0.616666666667
1.51666666667
0.929824561404
--END OF 11--
0.0
0.0
0.0
0.0
0.0
0.0
0.0
0.0
0.0
0.0
0.0
0.0
0.0
0.0
0.0
0.0
0.0
0.0
0.0
0.0
0.0
0.0
0.0
0.0
0.0
0.5
0.0
0.0
0.0
0.5
0.0
0.5
0.0
0.0
0.283333333333
0.216666666667
0.0
0.0
0.0
0.0
0.0
0.0
0.0
0.0
0.5
0.0
0.0
0.5
0.0
0.0
0.0
0.0
0.0
0.5
0.483333333333
0.0166666666667
0.0
0.116666666667
0.616666666667
0.0
--END OF 12--
