10.5423728814
11.25
10.6166666667
10.6166666667
10.7
11.2
10.3220338983
10.7166666667
11.4333333333
11.2833333333
11.6333333333
11.7666666667
10.8983050847
10.7333333333
11.3333333333
10.8333333333
10.0666666667
10.2372881356
11.1166666667
11.6333333333
11.5
11.4
11.5593220339
10.5
10.2333333333
10.5833333333
9.88333333333
11.1355932203
10.7333333333
10.35
11.65
11.4
10.0847457627
9.76666666667
10.8166666667
10.4166666667
10.2
10.6101694915
10.4333333333
10.6166666667
11.5166666667
11.2333333333
11.1525423729
10.5833333333
10.8666666667
10.9833333333
10.5833333333
10.9152542373
10.9
11.05
9.98333333333
9.88333333333
10.8813559322
11.25
10.6666666667
10.4166666667
10.9666666667
10.186440678
10.65
10.9655172414
--END OF 1--
13.0847457627
14.2
14.15
13.3833333333
13.8166666667
13.9
12.8983050847
13.8333333333
15.2166666667
14.4833333333
15.0833333333
14.85
14.8644067797
14.3833333333
14.2333333333
13.1833333333
12.7666666667
13.5084745763
13.4333333333
14.55
14.05
14.7333333333
14.7288135593
14.05
13.95
13.4666666667
12.9
13.1016949153
13.2333333333
12.95
14.85
15.35
13.8474576271
12.8166666667
14.5333333333
13.3166666667
14.2666666667
14.0338983051
13.2666666667
12.7666666667
14.1666666667
14.9666666667
13.8305084746
13.1333333333
13.3166666667
14.3333333333
13.6833333333
14.0677966102
13.0
14.5
13.0166666667
13.9666666667
13.8983050847
14.3666666667
14.3833333333
13.85
13.6666666667
13.0508474576
14.15
15.3275862069
--END OF 2--
13.9152542373
14.5333333333
14.15
13.8166666667
14.7
15.1666666667
13.4406779661
14.2166666667
15.2666666667
14.75
15.2666666667
15.55
15.1525423729
15.2333333333
14.3833333333
13.4833333333
13.1666666667
14.1355932203
13.9
14.7166666667
14.3
15.0833333333
15.2881355932
14.4
14.2166666667
14.3166666667
13.1333333333
13.5084745763
14.1833333333
13.3
15.75
15.75
13.8474576271
13.2166666667
14.7666666667
13.8666666667
15.7166666667
14.2542372881
13.5666666667
13.5
14.8
15.75
13.8305084746
13.1333333333
13.3166666667
14.9333333333
13.8833333333
14.3559322034
13.1666666667
14.5
13.2
14.3666666667
14.3220338983
14.5666666667
15.4
14.1
14.3833333333
13.3389830508
14.65
16.4827586207
--END OF 3--
10.5423728814
11.25
10.6166666667
10.6166666667
10.7
11.2
10.3220338983
10.7166666667
11.4333333333
11.2833333333
11.6333333333
11.7666666667
10.8983050847
10.7333333333
11.3333333333
10.8333333333
10.0666666667
10.2372881356
11.1166666667
11.6333333333
11.5
11.4
11.5593220339
10.5
10.2333333333
10.5833333333
9.88333333333
11.1355932203
10.7333333333
10.35
11.65
11.4
10.0847457627
9.76666666667
10.8166666667
10.4166666667
10.2
10.6101694915
10.4333333333
10.6166666667
11.5166666667
11.2333333333
11.1525423729
10.5833333333
10.8666666667
10.9833333333
10.5833333333
10.9152542373
10.9
11.05
9.98333333333
9.88333333333
10.8813559322
11.25
10.6666666667
10.4166666667
10.9666666667
10.186440678
10.65
10.9655172414
--END OF 4--
13.0847457627
14.2
14.15
13.3833333333
13.8166666667
13.9
12.8983050847
13.8333333333
15.2166666667
14.4833333333
15.0833333333
14.85
14.8644067797
14.3833333333
14.2333333333
13.1833333333
12.7666666667
13.5084745763
13.4333333333
14.55
14.05
14.7333333333
14.7288135593
14.05
13.95
13.4666666667
12.9
13.1016949153
13.2333333333
12.95
14.85
15.35
13.8474576271
12.8166666667
14.5333333333
13.3166666667
14.2666666667
14.0338983051
13.2666666667
12.7666666667
14.1666666667
14.9666666667
13.8305084746
13.1333333333
13.3166666667
14.3333333333
13.6833333333
14.0677966102
13.0
14.5
13.0166666667
13.9666666667
13.8983050847
14.3666666667
14.3833333333
13.85
13.6666666667
13.0508474576
14.15
15.3275862069
--END OF 5--
13.9152542373
14.5333333333
14.15
13.8166666667
14.7
15.1666666667
13.4406779661
14.2166666667
15.2666666667
14.75
15.2666666667
15.55
15.1525423729
15.2333333333
14.3833333333
13.4833333333
13.1666666667
14.1355932203
13.9
14.7166666667
14.3
15.0833333333
15.2881355932
14.4
14.2166666667
14.3166666667
13.1333333333
13.5084745763
14.1833333333
13.3
15.75
15.75
13.8474576271
13.2166666667
14.7666666667
13.8666666667
15.7166666667
14.2542372881
13.5666666667
13.5
14.8
15.75
13.8305084746
13.1333333333
13.3166666667
14.9333333333
13.8833333333
14.3559322034
13.1666666667
14.5
13.2
14.3666666667
14.3220338983
14.5666666667
15.4
14.1
14.3833333333
13.3389830508
14.65
16.4827586207
--END OF 6--
2140.52542373
2115.45
2040.3
2070.5
2125.8
2096.5
2021.23728814
2089.45
2212.25
2210.55
2152.65
2293.4
2160.05084746
2059.05
2148.45
2026.05
1936.8
2077.62711864
2090.05
2131.8
2104.7
2123.85
2148.20338983
2046.9
2117.25
2147.25
1980.95
2047.11864407
2028.0
2040.9
2186.7
2204.7
1981.06779661
1986.75
2181.45
2091.5
2028.9
2097.91525424
2090.4
2058.8
2189.35
2147.2
2115.15254237
2089.8
2212.8
2182.65
2130.3
2064.45762712
2028.75
2091.3
1933.2
2189.85
2063.44067797
2105.9
2123.65
2063.7
2131.3
2039.6440678
2088.15
2110.39655172
--END OF 7--
589.169491525
592.633333333
562.283333333
569.266666667
582.133333333
570.816666667
550.203389831
585.6
616.016666667
621.333333333
606.283333333
616.5
592.389830508
574.9
594.1
557.8
544.75
592.288135593
587.25
612.433333333
585.966666667
597.516666667
602.016949153
568.416666667
578.7
581.966666667
547.45
572.898305085
568.8
551.55
614.0
611.45
555.372881356
550.35
589.716666667
562.866666667
558.533333333
585.474576271
566.483333333
555.016666667
613.3
593.766666667
584.525423729
581.7
606.65
606.75
593.05
578.06779661
564.016666667
579.133333333
536.35
585.366666667
571.847457627
588.333333333
588.583333333
561.366666667
602.016666667
555.322033898
582.75
590.172413793
--END OF 8--
67.4237288136
69.9
70.7666666667
67.0
66.7
68.6833333333
65.7966101695
70.5
78.15
72.6666666667
77.95
83.4666666667
84.8644067797
74.4
73.9
59.95
60.65
68.593220339
65.3166666667
63.4833333333
69.1833333333
78.2166666667
78.6440677966
77.3
78.7833333333
68.2
64.7166666667
59.3559322034
66.95
63.7
86.7
83.9
80.1016949153
61.6333333333
66.35
66.2166666667
75.5166666667
70.1694915254
67.05
62.8166666667
66.1166666667
83.8333333333
64.7288135593
64.3
62.15
83.4
70.95
70.2203389831
59.1
75.3666666667
71.7666666667
80.4833333333
74.5254237288
72.1833333333
78.7666666667
75.7
68.1833333333
73.2372881356
75.65
89.4482758621
--END OF 9--
2.64406779661
2.3
4.18333333333
1.08333333333
2.2
5.08333333333
1.98305084746
2.18333333333
3.83333333333
1.83333333333
2.68333333333
3.78333333333
4.08474576271
4.15
2.4
2.55
1.5
4.20338983051
1.55
2.05
2.61666666667
2.96666666667
4.79661016949
2.08333333333
2.08333333333
2.13333333333
1.01666666667
0.966101694915
3.25
2.2
1.95
3.2
1.59322033898
2.5
4.96666666667
3.76666666667
8.03333333333
1.72881355932
1.88333333333
2.26666666667
2.68333333333
4.25
1.35593220339
1.0
0.5
3.25
2.75
2.15254237288
1.38333333333
2.23333333333
4.66666666667
4.16666666667
1.47457627119
3.13333333333
3.58333333333
3.56666666667
3.08333333333
0.830508474576
4.05
6.10344827586
--END OF 10--
1.42372881356
0.65
0.0
0.433333333333
1.68333333333
0.716666666667
0.169491525424
0.0
0.0
0.316666666667
0.233333333333
0.75
0.338983050847
1.6
0.6
0.5
0.6
1.16949152542
1.08333333333
0.166666666667
0.0
0.5
0.0
0.5
0.0666666666667
1.15
0.283333333333
0.0
1.0
0.4
1.1
0.5
0.0
0.5
0.333333333333
0.783333333333
2.36666666667
0.0169491525424
0.5
0.983333333333
0.516666666667
1.5
0.0
0.0
0.0
0.9
0.1
0.0
0.0
0.0
0.0
0.583333333333
0.423728813559
0.516666666667
1.48333333333
0.5
0.583333333333
0.423728813559
0.5
1.60344827586
--END OF 11--
0.0
0.0
0.0
0.0
0.133333333333
0.7
0.169491525424
0.0
0.0
0.316666666667
0.233333333333
0.283333333333
0.0
0.0
0.0
0.0
0.0
0.0
0.0
0.0
0.0
0.0
0.0
0.0
0.0
0.716666666667
0.283333333333
0.0
0.5
0.0
0.4
0.1
0.0
0.5
0.0
0.0
0.5
0.0
0.0
0.0
0.0
0.0
0.0
0.0
0.0
0.4
0.1
0.0
0.0
0.0
0.0
0.0
0.0
0.0
0.0
0.0
0.0
0.0
0.5
0.396551724138
--END OF 12--
