20.8833333333
20.85
20.85
21.5
20.7833333333
20.9322033898
21.05
20.6166666667
20.65
20.55
21.2333333333
21.0
20.55
21.0666666667
21.5666666667
21.7333333333
21.0666666667
21.406779661
20.8166666667
21.2166666667
21.8666666667
22.65
20.9322033898
20.55
21.95
22.95
22.0833333333
21.6166666667
20.9661016949
21.35
20.8
21.3833333333
20.95
20.1016949153
21.8
20.55
20.5
20.6166666667
20.7333333333
20.5593220339
20.8666666667
21.0833333333
22.95
20.9333333333
20.7666666667
22.186440678
22.85
21.15
20.8833333333
20.95
20.406779661
20.7333333333
21.2833333333
21.3333333333
21.4833333333
20.1333333333
21.0
23.5166666667
21.0
21.2280701754
--END OF 1--
29.4
27.8833333333
28.75
30.0
30.0
30.6779661017
29.45
29.7
29.1
29.8833333333
27.0833333333
29.5762711864
29.85
30.3333333333
30.75
29.6333333333
29.65
29.7288135593
29.0833333333
30.4
30.0666666667
31.0833333333
28.7796610169
26.9
29.85
30.65
30.4333333333
28.7666666667
29.2033898305
29.25
29.3833333333
29.7833333333
29.0666666667
29.3220338983
29.3833333333
27.0666666667
29.5666666667
28.9
29.9666666667
29.7796610169
29.2
31.6333333333
31.2666666667
29.5
29.1166666667
31.4237288136
31.15
30.0666666667
28.7
29.6833333333
29.406779661
29.1166666667
29.95
29.8333333333
28.8833333333
28.5333333333
30.1355932203
31.6833333333
29.65
29.0526315789
--END OF 2--
30.0166666667
28.5833333333
29.9333333333
31.0333333333
31.3166666667
31.0169491525
30.45
30.5666666667
30.05
30.15
28.1833333333
30.5593220339
31.6333333333
31.6833333333
31.6
31.85
31.85
30.5762711864
29.7
32.15
30.9
31.1666666667
30.0508474576
27.6
30.85
31.15
31.3
29.2666666667
30.593220339
29.8833333333
31.3
30.7
30.6666666667
30.0169491525
30.1
27.8833333333
30.3333333333
30.9833333333
30.9833333333
31.186440678
30.5333333333
32.8833333333
32.3
30.3166666667
29.65
32.406779661
32.2333333333
31.1166666667
30.0
31.05
29.7288135593
29.6
30.8666666667
30.35
29.3333333333
29.85
31.0338983051
33.15
31.4666666667
29.5263157895
--END OF 3--
20.05
20.0
20.1
20.5
20.0666666667
20.1355932203
20.35
19.95
20.2
20.0333333333
20.4333333333
20.0
19.7833333333
20.2666666667
20.5666666667
20.7333333333
20.0666666667
20.4745762712
20.2
20.4333333333
20.8333333333
21.5
20.2372881356
20.0
21.0
21.85
21.2333333333
20.6166666667
20.2881355932
20.35
20.1
20.3833333333
20.3
19.8305084746
20.8833333333
19.85
19.8666666667
20.05
20.1833333333
19.8305084746
20.2166666667
20.1833333333
21.5166666667
20.25
20.0333333333
21.186440678
21.6
20.3333333333
20.1
20.1166666667
19.9322033898
20.25
20.4166666667
20.5833333333
20.5
19.8333333333
20.406779661
22.0666666667
20.3833333333
20.4385964912
--END OF 4--
29.1666666667
27.8833333333
28.75
29.6
29.6
30.0338983051
29.45
29.3833333333
29.05
29.5166666667
27.0833333333
29.1525423729
29.2666666667
29.7833333333
30.1833333333
29.2166666667
29.15
29.3220338983
28.8333333333
30.0166666667
29.7666666667
30.3
28.7796610169
26.9
29.5
30.1
30.0166666667
28.7166666667
28.8813559322
29.1
29.2333333333
29.4833333333
29.0333333333
29.0169491525
29.2333333333
27.0666666667
29.1333333333
28.7333333333
29.6333333333
29.3728813559
29.0666666667
30.7833333333
30.3833333333
29.3166666667
28.9
30.5423728814
30.4666666667
29.65
28.5833333333
29.3833333333
29.2542372881
28.8666666667
29.5333333333
29.55
28.8333333333
28.5166666667
29.7966101695
30.7833333333
29.3166666667
28.9122807018
--END OF 5--
30.0166666667
28.5833333333
29.9333333333
31.0333333333
31.3166666667
31.0169491525
30.45
30.5666666667
30.05
30.15
28.1833333333
30.5593220339
31.6333333333
31.6833333333
31.6
31.85
31.85
30.5762711864
29.7
32.15
30.9
31.1666666667
30.0508474576
27.6
30.85
31.15
31.3
29.2666666667
30.593220339
29.8833333333
31.3
30.7
30.6666666667
30.0169491525
30.1
27.8833333333
30.3333333333
30.9833333333
30.9833333333
31.186440678
30.5333333333
32.8833333333
32.3
30.3166666667
29.65
32.406779661
32.2333333333
31.1166666667
30.0
31.05
29.7288135593
29.6
30.8666666667
30.35
29.3333333333
29.85
31.0338983051
33.15
31.4666666667
29.5263157895
--END OF 6--
3945.05
3778.55
3850.15
3906.8
3762.35
3832.01694915
3963.15
3892.25
3861.75
3783.55
3777.6
3860.94915254
3893.3
3947.0
4077.6
4096.8
4120.15
4091.08474576
3813.75
3949.4
4048.8
4090.75
3875.18644068
3689.7
4005.6
4133.25
4000.45
3963.75
3933.10169492
3874.1
3864.45
4024.55
3895.8
3767.79661017
4032.35
3728.4
3886.85
3842.0
3986.4
3924.86440678
3920.45
4038.6
4133.65
3916.6
3815.4
4069.16949153
4136.25
3950.2
3891.9
4002.5
3830.79661017
3852.2
4031.4
4048.1
3880.9
3799.05
3962.38983051
4237.85
3904.45
3940.26315789
--END OF 7--
1097.18333333
1045.01666667
1083.21666667
1103.48333333
1067.8
1087.18644068
1101.6
1080.13333333
1075.95
1071.85
1067.1
1083.45762712
1095.88333333
1109.23333333
1135.66666667
1152.15
1155.26666667
1146.16949153
1079.2
1097.01666667
1121.41666667
1156.86666667
1095.89830508
1028.15
1114.45
1149.05
1125.55
1111.55
1105.28813559
1102.18333333
1074.91666667
1098.03333333
1097.11666667
1060.42372881
1135.03333333
1059.61666667
1081.25
1060.0
1105.96666667
1076.05084746
1082.45
1113.3
1162.13333333
1093.95
1071.06666667
1146.44067797
1173.21666667
1102.91666667
1090.33333333
1113.33333333
1070.71186441
1078.91666667
1100.31666667
1122.35
1076.65
1054.66666667
1118.45762712
1192.56666667
1097.5
1111.26315789
--END OF 8--
170.9
165.8
169.6
173.566666667
189.75
181.203389831
161.85
180.716666667
170.7
196.25
150.4
183.491525424
180.516666667
185.9
175.966666667
184.383333333
182.866666667
167.474576271
169.033333333
184.083333333
182.766666667
166.2
162.847457627
150.05
178.15
162.35
182.716666667
152.75
175.915254237
165.166666667
174.916666667
176.766666667
162.216666667
181.542372881
161.75
146.616666667
178.283333333
162.7
182.616666667
190.966101695
177.85
178.3
190.183333333
161.85
171.4
195.152542373
165.15
166.8
169.7
176.066666667
172.694915254
166.583333333
170.916666667
167.7
163.033333333
171.8
176.779661017
191.816666667
182.65
165.596491228
--END OF 9--
4.38333333333
4.45
6.06666666667
9.18333333333
10.1333333333
10.2372881356
7.35
9.26666666667
8.75
6.66666666667
3.7
8.93220338983
10.05
7.38333333333
9.05
5.61666666667
8.3
5.98305084746
10.05
9.86666666667
7.76666666667
7.11666666667
7.18644067797
5.6
5.9
7.35
7.75
6.75
6.37288135593
2.75
11.7166666667
5.33333333333
7.55
6.33898305085
4.56666666667
5.85
6.66666666667
14.0166666667
8.4
11.2542372881
8.71666666667
15.5
6.5
8.41666666667
8.13333333333
6.10169491525
8.7
9.8
8.33333333333
5.35
7.74576271186
7.56666666667
7.4
6.1
6.43333333333
7.08333333333
6.50847457627
6.95
9.6
4.50877192982
--END OF 10--
0.75
1.0
1.15
1.08333333333
1.95
0.694915254237
1.35
1.18333333333
1.3
0.0
1.15
1.69491525424
2.3
1.95
1.48333333333
3.1
3.0
0.915254237288
0.766666666667
2.55
1.01666666667
0.483333333333
1.42372881356
1.6
1.45
0.6
0.583333333333
0.6
1.49152542373
0.866666666667
2.6
1.03333333333
1.95
0.491525423729
1.13333333333
0.916666666667
1.01666666667
2.48333333333
1.03333333333
2.59322033898
1.9
1.45
1.05
1.16666666667
0.766666666667
1.83050847458
1.13333333333
1.4
1.93333333333
1.76666666667
0.457627118644
0.966666666667
1.18333333333
0.85
0.7
1.2
1.25423728814
1.6
3.05
0.859649122807
--END OF 11--
0.233333333333
0.0
0.0
0.0
0.266666666667
0.0
0.0
0.266666666667
0.5
0.0
0.0
0.305084745763
0.283333333333
0.15
0.0
0.0833333333333
0.416666666667
0.423728813559
0.25
0.45
0.283333333333
0.0
0.152542372881
0.35
0.45
0.05
0.0
0.0
0.237288135593
0.6
0.483333333333
0.15
0.95
0.118644067797
0.0
0.0
0.2
0.0
0.0
0.0
0.4
0.0
0.366666666667
0.0
0.0
0.203389830508
0.0
0.0
0.0
1.0
0.237288135593
0.0
0.0
0.5
0.416666666667
0.05
0.0
0.25
0.183333333333
0.0
--END OF 12--
