22.1694915254
22.35
21.9
22.5666666667
21.9
20.5166666667
21.2881355932
21.3166666667
20.7
21.05
21.6333333333
21.7166666667
23.05
21.2711864407
22.8
21.6833333333
22.5333333333
21.8333333333
22.186440678
21.3333333333
22.4333333333
21.8833333333
21.9166666667
22.05
21.6440677966
21.8833333333
23.05
22.6
22.0
22.0166666667
22.2033898305
20.9333333333
21.4333333333
21.0666666667
21.25
21.5762711864
21.8833333333
22.0333333333
21.5833333333
21.9833333333
21.8833333333
21.3728813559
22.1333333333
21.7666666667
21.1166666667
22.3
20.2372881356
21.2666666667
21.8833333333
21.0333333333
21.4666666667
22.1355932203
22.0166666667
21.5
20.3833333333
20.9833333333
22.2333333333
21.9491525424
22.7
21.9482758621
--END OF 1--
30.6101694915
30.6
29.15
32.05
29.5666666667
29.5833333333
28.186440678
30.1666666667
30.0
28.4833333333
29.2666666667
28.9666666667
31.55
29.5423728814
31.35
29.8833333333
29.5833333333
30.1333333333
30.7796610169
28.8
30.6666666667
29.6333333333
30.1833333333
30.3833333333
29.4237288136
29.0
31.2833333333
30.0333333333
29.3
29.2333333333
29.9830508475
28.8666666667
29.4333333333
28.7166666667
29.0333333333
30.186440678
30.1333333333
30.6666666667
30.0333333333
30.25
29.3
28.3559322034
30.45
30.55
29.55
30.3833333333
28.1694915254
29.6666666667
30.2333333333
29.3166666667
29.3
29.5593220339
29.9333333333
29.05
29.75
29.2
29.1833333333
30.4745762712
29.95
29.5862068966
--END OF 2--
31.5084745763
30.9666666667
30.4
33.0
30.4833333333
30.45
28.8474576271
31.1666666667
30.2833333333
29.1666666667
30.1
28.9666666667
33.0166666667
30.6271186441
32.5
31.0666666667
30.7333333333
30.7833333333
31.6271186441
29.95
31.15
31.0666666667
31.0833333333
31.3
29.9152542373
29.6
32.05
30.3666666667
30.8666666667
30.2833333333
30.4915254237
29.75
30.2666666667
29.9166666667
30.45
31.1355932203
32.0833333333
31.4666666667
31.0666666667
30.7166666667
30.2166666667
29.0338983051
31.6
31.0666666667
30.0833333333
31.0333333333
29.1694915254
30.1833333333
31.2833333333
30.45
30.2833333333
30.0677966102
30.5333333333
29.5833333333
30.6166666667
29.7166666667
29.7333333333
31.2711864407
30.6666666667
30.0862068966
--END OF 3--
21.1694915254
21.15
20.7833333333
21.4833333333
20.9
20.0
20.2881355932
20.2
19.7
20.05
20.6166666667
20.8166666667
21.55
20.2711864407
21.6
20.65
21.5333333333
20.7833333333
20.9322033898
20.3333333333
21.3833333333
20.9333333333
20.9666666667
21.0666666667
20.6440677966
20.8333333333
21.75
21.3666666667
20.9
21.0166666667
21.2033898305
20.3
20.5833333333
20.3166666667
20.4166666667
20.5762711864
20.8833333333
21.0333333333
20.7166666667
21.0333333333
20.8833333333
20.406779661
21.0333333333
20.7666666667
20.1166666667
21.2
19.7966101695
20.4666666667
20.8833333333
20.1333333333
20.5333333333
20.9830508475
21.0166666667
20.7333333333
19.75
19.9833333333
21.1833333333
21.0
21.7
20.9482758621
--END OF 4--
30.0169491525
29.7
28.8833333333
31.0666666667
29.4833333333
29.45
28.0169491525
29.5666666667
29.35
28.2666666667
29.1666666667
28.95
30.6166666667
29.2542372881
30.6
29.65
29.3833333333
29.7333333333
30.186440678
28.6
30.0333333333
29.6166666667
29.7833333333
29.95
29.3728813559
28.9333333333
30.5333333333
29.5666666667
29.0833333333
29.05
29.6101694915
28.8666666667
29.1333333333
28.4166666667
28.8666666667
29.8305084746
29.6666666667
30.0833333333
29.5666666667
30.0
29.3
28.2542372881
29.9
30.0
28.9666666667
29.8666666667
28.0677966102
29.35
29.6833333333
29.0166666667
29.1333333333
29.2203389831
29.5666666667
28.85
29.2166666667
29.05
29.1833333333
29.8813559322
29.85
29.1724137931
--END OF 5--
31.5084745763
30.9666666667
30.4
33.0
30.4833333333
30.45
28.8474576271
31.1666666667
30.2833333333
29.1666666667
30.1
28.9666666667
33.0166666667
30.6271186441
32.5
31.0666666667
30.7333333333
30.7833333333
31.6271186441
29.95
31.15
31.0666666667
31.0833333333
31.3
29.9152542373
29.6
32.05
30.3666666667
30.8666666667
30.2833333333
30.4915254237
29.75
30.2666666667
29.9166666667
30.45
31.1355932203
32.0833333333
31.4666666667
31.0666666667
30.7166666667
30.2166666667
29.0338983051
31.6
31.0666666667
30.0833333333
31.0333333333
29.1694915254
30.1833333333
31.2833333333
30.45
30.2833333333
30.0677966102
30.5333333333
29.5833333333
30.6166666667
29.7166666667
29.7333333333
31.2711864407
30.6666666667
30.0862068966
--END OF 6--
4073.18644068
4160.2
4031.65
4218.2
4049.85
3949.6
3889.22033898
3959.4
4021.35
4067.1
4054.0
3919.55
4156.6
3918.76271186
4143.9
4003.0
4129.95
3936.15
4109.03389831
4016.2
4167.45
4139.6
4071.15
4100.05
4006.52542373
3992.3
4117.7
4034.6
4022.6
3988.5
4116.30508475
3894.9
3918.35
3973.95
3938.3
4055.69491525
4180.7
3992.15
3942.5
4047.65
3975.25
3947.94915254
4031.55
4009.5
4083.2
4001.6
3797.74576271
4042.85
4141.05
3959.5
3943.95
3995.59322034
4024.8
3873.55
3848.6
3966.9
4126.15
4094.44067797
4083.7
3999.15517241
--END OF 7--
1151.22033898
1158.4
1110.66666667
1182.16666667
1130.2
1093.06666667
1092.27118644
1127.75
1129.96666667
1130.68333333
1118.31666667
1096.83333333
1174.9
1106.57627119
1166.2
1115.43333333
1133.9
1115.15
1156.42372881
1125.71666667
1162.11666667
1133.73333333
1121.78333333
1132.68333333
1113.69491525
1114.68333333
1160.71666667
1134.61666667
1123.05
1105.53333333
1143.20338983
1087.3
1107.18333333
1099.85
1099.48333333
1121.59322034
1150.16666667
1128.36666667
1113.3
1130.36666667
1127.76666667
1107.62711864
1130.11666667
1115.13333333
1129.0
1122.6
1057.71186441
1102.68333333
1138.25
1094.28333333
1098.7
1114.50847458
1131.76666667
1097.03333333
1082.25
1101.23333333
1148.88333333
1133.05084746
1119.76666667
1136.51724138
--END OF 8--
172.966101695
180.216666667
160.166666667
197.216666667
166.866666667
175.916666667
154.898305085
177.833333333
191.5
168.033333333
166.85
171.933333333
178.7
180.644067797
173.0
180.35
165.9
162.1
186.016949153
171.8
178.816666667
169.016666667
178.166666667
183.2
173.101694915
161.666666667
169.25
173.516666667
166.316666667
161.266666667
161.406779661
159.583333333
179.1
167.9
165.466666667
187.576271186
174.966666667
174.533333333
176.433333333
184.1
159.016666667
150.762711864
176.483333333
176.933333333
185.333333333
185.383333333
165.677966102
173.633333333
168.4
172.566666667
169.766666667
161.762711864
172.183333333
160.266666667
178.666666667
172.233333333
152.666666667
177.796610169
168.816666667
166.5
--END OF 9--
7.74576271186
5.55
6.31666666667
5.91666666667
6.18333333333
8.26666666667
4.59322033898
8.86666666667
6.36666666667
4.23333333333
5.81666666667
3.53333333333
10.0333333333
6.50847457627
8.0
5.4
5.95
9.1
7.03389830508
5.58333333333
5.6
6.35
5.88333333333
6.5
3.57627118644
4.88333333333
9.88333333333
3.71666666667
6.95
7.98333333333
5.69491525424
6.26666666667
5.63333333333
7.7
7.88333333333
4.20338983051
8.43333333333
5.8
7.1
4.76666666667
7.65
4.25423728814
8.51666666667
8.4
4.61666666667
7.81666666667
7.35593220339
6.66666666667
9.5
7.8
5.46666666667
6.30508474576
8.06666666667
5.3
7.75
3.86666666667
5.48333333333
6.52542372881
4.11666666667
5.0
--END OF 10--
1.50847457627
0.366666666667
1.76666666667
1.06666666667
1.03333333333
1.61666666667
1.06779661017
1.21666666667
0.0
1.1
1.03333333333
0.0
2.41666666667
1.52542372881
1.9
1.76666666667
1.05
0.95
1.18644067797
1.35
0.9
1.86666666667
1.26666666667
0.9
0.71186440678
0.733333333333
1.08333333333
0.416666666667
2.31666666667
1.11666666667
0.35593220339
1.2
1.26666666667
2.0
1.88333333333
1.54237288136
2.45
1.16666666667
1.26666666667
0.266666666667
0.5
1.20338983051
1.38333333333
0.916666666667
0.583333333333
0.633333333333
1.59322033898
0.766666666667
1.6
1.45
1.4
0.559322033898
1.0
1.01666666667
1.48333333333
0.466666666667
0.55
1.4406779661
0.916666666667
0.603448275862
--END OF 11--
0.508474576271
0.0
0.8
0.3
0.0
0.0
0.0
0.35
0.0
0.466666666667
0.433333333333
0.0
0.0
0.406779661017
0.0
0.766666666667
0.2
0.5
0.508474576271
0.0
0.0
0.5
0.433333333333
0.0
0.0
0.0
0.0
0.0
0.5
0.816666666667
0.118644067797
0.35
0.15
0.3
0.9
0.186440677966
0.816666666667
0.0
0.0
0.0
0.0
0.0
0.0
0.0
0.366666666667
0.133333333333
0.0
0.266666666667
0.0
0.0333333333333
0.566666666667
0.0
0.0
0.0
0.0
0.133333333333
0.366666666667
0.237288135593
0.0
0.379310344828
--END OF 12--
