15.0508474576
14.8166666667
15.1
14.3833333333
14.9833333333
15.05
14.8983050847
14.85
15.25
15.2666666667
15.55
14.3
15.0847457627
15.5
14.9
14.6166666667
15.0833333333
15.3728813559
14.6
14.7166666667
14.3333333333
14.2833333333
14.75
13.8305084746
15.7
14.9666666667
15.2166666667
15.55
15.0
14.65
14.75
15.85
15.6
16.6
15.5084745763
14.8833333333
16.0666666667
15.3166666667
15.2
15.75
15.3389830508
15.4666666667
15.9333333333
15.6666666667
14.6333333333
16.1694915254
15.9
15.95
15.25
14.8
16.0
15.8305084746
14.9166666667
14.8833333333
15.65
14.1666666667
15.7796610169
16.45
16.6333333333
15.1206896552
--END OF 1--
19.6610169492
19.5333333333
19.6833333333
18.6666666667
19.2166666667
20.0333333333
19.8813559322
19.0333333333
20.45
20.2166666667
20.2666666667
19.6666666667
20.7288135593
20.35
18.75
19.4833333333
20.6333333333
20.186440678
19.0
18.6166666667
19.8666666667
19.1833333333
19.2166666667
18.406779661
19.6333333333
20.55
20.8
21.05
19.5423728814
19.8666666667
19.55
20.7
20.05
21.4
21.0847457627
20.2333333333
21.3166666667
20.05
20.85
20.1166666667
19.7457627119
20.2166666667
20.9333333333
20.4833333333
19.2
21.2711864407
21.0
20.95
20.05
19.3
20.75
20.5423728814
20.0833333333
19.35
21.1
19.0833333333
20.1016949153
22.1
21.7666666667
19.4310344828
--END OF 2--
20.8644067797
19.9666666667
20.05
19.85
20.6666666667
20.7666666667
20.8983050847
19.2333333333
21.7833333333
21.6833333333
20.5666666667
20.4
22.4745762712
20.55
18.85
20.0833333333
21.9333333333
20.8474576271
20.6833333333
19.5333333333
20.8833333333
19.1833333333
20.0666666667
19.1525423729
20.3833333333
21.4
21.4
21.2833333333
20.3559322034
20.3166666667
19.95
21.05
20.7
21.8
21.7288135593
20.4666666667
21.8666666667
20.5666666667
21.4833333333
21.7333333333
20.3728813559
21.35
22.15
21.05
19.9833333333
21.3220338983
21.3
21.2
20.6
19.3
21.75
21.3559322034
20.1333333333
19.9833333333
21.1666666667
19.9333333333
20.5254237288
22.7
22.2833333333
20.4310344828
--END OF 3--
15.0508474576
14.8166666667
15.1
14.3833333333
14.9833333333
15.05
14.8983050847
14.85
15.25
15.2666666667
15.55
14.3
15.0847457627
15.5
14.9
14.6166666667
15.0833333333
15.3728813559
14.6
14.7166666667
14.3333333333
14.2833333333
14.75
13.8305084746
15.7
14.9666666667
15.2166666667
15.55
15.0
14.65
14.75
15.85
15.6
16.6
15.5084745763
14.8833333333
16.0666666667
15.3166666667
15.2
15.75
15.3389830508
15.4666666667
15.9333333333
15.6666666667
14.6333333333
16.1694915254
15.9
15.95
15.25
14.8
16.0
15.8305084746
14.9166666667
14.8833333333
15.65
14.1666666667
15.7796610169
16.45
16.6333333333
15.1206896552
--END OF 4--
19.6610169492
19.5333333333
19.6833333333
18.6666666667
19.2166666667
20.0333333333
19.8813559322
19.0333333333
20.45
20.2166666667
20.2666666667
19.6666666667
20.7288135593
20.35
18.75
19.4833333333
20.6333333333
20.186440678
19.0
18.6166666667
19.8666666667
19.1833333333
19.2166666667
18.406779661
19.6333333333
20.55
20.8
21.05
19.5423728814
19.8666666667
19.55
20.7
20.05
21.4
21.0847457627
20.2333333333
21.3166666667
20.05
20.85
20.1166666667
19.7457627119
20.2166666667
20.9333333333
20.4833333333
19.2
21.2711864407
21.0
20.95
20.05
19.3
20.75
20.5423728814
20.0833333333
19.35
21.1
19.0833333333
20.1016949153
22.1
21.7666666667
19.4310344828
--END OF 5--
20.8644067797
19.9666666667
20.05
19.85
20.6666666667
20.7666666667
20.8983050847
19.2333333333
21.7833333333
21.6833333333
20.5666666667
20.4
22.4745762712
20.55
18.85
20.0833333333
21.9333333333
20.8474576271
20.6833333333
19.5333333333
20.8833333333
19.1833333333
20.0666666667
19.1525423729
20.3833333333
21.4
21.4
21.2833333333
20.3559322034
20.3166666667
19.95
21.05
20.7
21.8
21.7288135593
20.4666666667
21.8666666667
20.5666666667
21.4833333333
21.7333333333
20.3728813559
21.35
22.15
21.05
19.9833333333
21.3220338983
21.3
21.2
20.6
19.3
21.75
21.3559322034
20.1333333333
19.9833333333
21.1666666667
19.9333333333
20.5254237288
22.7
22.2833333333
20.4310344828
--END OF 6--
2805.45762712
2752.1
2852.2
2692.85
2852.75
2841.0
2827.37288136
2789.3
2846.4
2875.1
2766.75
2764.05
2850.50847458
2961.15
2847.3
2782.0
2972.55
2838.3559322
2809.9
2849.45
2823.1
2699.95
2730.1
2748.81355932
2920.35
2751.75
2902.4
2889.1
2735.13559322
2782.35
2788.8
2865.45
2826.0
3056.7
2976.61016949
2836.0
2924.55
2809.15
3000.2
2937.4
2896.42372881
2874.55
2976.85
3000.5
2871.7
3003.25423729
2932.65
2957.25
2919.75
2750.4
2907.75
2914.37288136
2894.4
2859.1
3073.5
2777.85
2926.52542373
3045.45
3207.85
2832.51724138
--END OF 7--
771.796610169
760.95
782.816666667
737.366666667
777.35
782.983333333
786.406779661
772.85
783.966666667
799.0
779.766666667
765.466666667
796.949152542
817.85
766.0
771.316666667
822.95
802.016949153
774.916666667
773.833333333
783.533333333
741.633333333
759.083333333
736.966101695
814.133333333
789.85
814.533333333
804.083333333
767.661016949
768.983333333
774.0
812.2
808.4
860.9
828.203389831
790.066666667
826.183333333
788.266666667
835.333333333
811.983333333
804.203389831
809.083333333
838.35
830.266666667
789.35
833.847457627
822.2
830.7
802.9
765.95
819.8
818.559322034
787.733333333
792.133333333
847.95
781.15
822.508474576
873.983333333
892.083333333
795.775862069
--END OF 8--
112.0
101.35
105.383333333
97.5833333333
96.7166666667
103.25
104.13559322
95.0833333333
116.216666667
113.5
113.433333333
111.233333333
118.271186441
100.3
87.7
96.6833333333
110.75
113.254237288
107.766666667
97.0
102.55
95.75
98.3166666667
108.271186441
99.3833333333
116.916666667
115.2
116.85
99.813559322
103.483333333
107.05
103.3
95.05
105.8
115.423728814
109.0
116.6
108.916666667
116.483333333
107.4
109.576271186
111.7
102.716666667
108.0
98.9833333333
106.457627119
117.55
111.5
114.5
112.45
116.8
107.847457627
108.983333333
94.0166666667
119.166666667
108.233333333
104.118644068
116.016666667
108.866666667
103.310344828
--END OF 9--
4.98305084746
4.13333333333
1.91666666667
7.5
6.13333333333
4.58333333333
4.28813559322
3.55
7.81666666667
4.45
2.05
2.13333333333
6.86440677966
5.25
3.7
4.86666666667
5.5
5.25423728814
4.65
3.01666666667
6.15
6.63333333333
6.11666666667
2.5593220339
3.46666666667
5.36666666667
2.76666666667
2.81666666667
6.20338983051
6.05
2.65
2.35
6.3
4.1
5.49152542373
5.03333333333
4.63333333333
4.85
4.28333333333
6.1
3.59322033898
5.06666666667
4.63333333333
4.25
5.61666666667
3.98305084746
4.65
4.15
2.15
1.2
5.65
4.5593220339
3.3
5.38333333333
3.88333333333
4.86666666667
2.10169491525
5.01666666667
4.7
2.91379310345
--END OF 10--
1.42372881356
0.733333333333
0.733333333333
1.43333333333
2.63333333333
1.5
2.10169491525
0.5
1.08333333333
2.45
0.5
1.01666666667
3.03389830508
0.3
0.25
1.31666666667
1.7
0.508474576271
2.63333333333
1.36666666667
1.56666666667
0.0
1.33333333333
0.779661016949
0.916666666667
0.866666666667
0.783333333333
0.433333333333
1.37288135593
0.816666666667
0.5
0.65
0.85
0.0
0.576271186441
0.383333333333
0.6
0.516666666667
0.8
2.7
1.05084745763
2.1
1.4
0.916666666667
0.583333333333
0.152542372881
0.75
0.1
1.0
0.0
1.0
0.508474576271
0.133333333333
0.8
0.0666666666667
1.33333333333
0.627118644068
0.6
0.883333333333
1.58620689655
--END OF 11--
0.305084745763
0.0
0.0
0.0
0.0
0.0
0.0
0.0
0.966666666667
0.0333333333333
0.0
0.166666666667
0.338983050847
0.0
0.0
0.166666666667
0.7
0.0
1.0
0.5
0.166666666667
0.0
0.0
0.0
0.0
0.316666666667
0.683333333333
0.0
0.0
0.0
0.0
0.0
0.0
0.0
0.0
0.0
0.0
0.0
0.0
1.0
0.0
0.0166666666667
0.983333333333
0.0
0.0
0.0
0.0
0.0
0.5
0.0
0.0
0.508474576271
0.0
0.433333333333
0.0666666666667
0.0
0.0
0.216666666667
0.283333333333
0.206896551724
--END OF 12--
