11.5166666667
11.35
11.25
11.1666666667
11.0666666667
10.5593220339
12.1333333333
11.9333333333
12.1
12.7166666667
11.7666666667
11.6440677966
11.1333333333
12.1833333333
11.15
12.35
11.6
11.7796610169
11.55
11.8833333333
11.2333333333
12.65
12.8644067797
12.1166666667
11.1166666667
13.6333333333
12.9
12.25
12.9661016949
11.5
11.55
11.7833333333
11.6333333333
12.1
12.1186440678
11.8166666667
11.8333333333
11.6666666667
11.5666666667
11.5593220339
11.7
13.1666666667
12.7666666667
12.0666666667
11.55
11.6101694915
11.15
10.9333333333
11.0666666667
12.2333333333
11.4576271186
10.9333333333
11.55
11.2833333333
12.0166666667
11.9
12.9830508475
11.9166666667
12.3666666667
12.0877192982
--END OF 1--
14.7
14.8666666667
14.6666666667
14.1666666667
14.0
14.7288135593
14.0833333333
14.3166666667
15.5
15.35
14.6666666667
15.1694915254
14.4833333333
14.9333333333
14.5
16.3
14.9
14.7627118644
15.35
14.8333333333
15.3333333333
16.2666666667
17.0338983051
15.2666666667
14.2666666667
17.6
16.1833333333
15.2333333333
15.6271186441
16.2
14.5
15.1833333333
15.4333333333
14.7
14.6779661017
15.2333333333
15.5333333333
14.65
14.1833333333
15.3559322034
15.8833333333
16.75
15.7333333333
15.3333333333
14.65
15.5084745763
14.2
14.3833333333
14.5166666667
15.1333333333
14.2542372881
14.4333333333
14.5666666667
14.6666666667
15.4666666667
14.8
15.8813559322
14.6
16.15
15.4736842105
--END OF 2--
15.3666666667
15.1
15.0666666667
14.7666666667
14.5
15.8644067797
14.4833333333
15.1166666667
16.7
16.0666666667
14.9
15.2711864407
15.2333333333
14.9333333333
14.8
16.3
15.5
14.9152542373
16.1333333333
15.4
16.6333333333
17.65
17.4237288136
15.4166666667
14.9
17.95
16.6
15.5833333333
16.3728813559
17.05
15.05
15.5333333333
15.85
15.2
15.2881355932
15.4166666667
15.9
14.8333333333
14.3
16.3728813559
16.3333333333
16.85
15.75
15.7166666667
15.1666666667
15.9491525424
14.5
14.3833333333
14.7166666667
16.0833333333
14.813559322
14.8666666667
15.2166666667
15.0166666667
15.5833333333
14.8
16.7118644068
15.05
17.2833333333
15.9298245614
--END OF 3--
11.5166666667
11.35
11.25
11.1666666667
11.0666666667
10.5593220339
12.1333333333
11.9333333333
12.1
12.7166666667
11.7666666667
11.6440677966
11.1333333333
12.1833333333
11.15
12.35
11.6
11.7796610169
11.55
11.8833333333
11.2333333333
12.65
12.8644067797
12.1166666667
11.1166666667
13.6333333333
12.9
12.25
12.9661016949
11.5
11.55
11.7833333333
11.6333333333
12.1
12.1186440678
11.8166666667
11.8333333333
11.6666666667
11.5666666667
11.5593220339
11.7
13.1666666667
12.7666666667
12.0666666667
11.55
11.6101694915
11.15
10.9333333333
11.0666666667
12.2333333333
11.4576271186
10.9333333333
11.55
11.2833333333
12.0166666667
11.9
12.9830508475
11.9166666667
12.3666666667
12.0877192982
--END OF 4--
14.7
14.8666666667
14.6666666667
14.1666666667
14.0
14.7288135593
14.0833333333
14.3166666667
15.5
15.35
14.6666666667
15.1694915254
14.4833333333
14.9333333333
14.5
16.3
14.9
14.7627118644
15.35
14.8333333333
15.3333333333
16.2666666667
17.0338983051
15.2666666667
14.2666666667
17.6
16.1833333333
15.2333333333
15.6271186441
16.2
14.5
15.1833333333
15.4333333333
14.7
14.6779661017
15.2333333333
15.5333333333
14.65
14.1833333333
15.3559322034
15.8833333333
16.75
15.7333333333
15.3333333333
14.65
15.5084745763
14.2
14.3833333333
14.5166666667
15.1333333333
14.2542372881
14.4333333333
14.5666666667
14.6666666667
15.4666666667
14.8
15.8813559322
14.6
16.15
15.4736842105
--END OF 5--
15.3666666667
15.1
15.0666666667
14.7666666667
14.5
15.8644067797
14.4833333333
15.1166666667
16.7
16.0666666667
14.9
15.2711864407
15.2333333333
14.9333333333
14.8
16.3
15.5
14.9152542373
16.1333333333
15.4
16.6333333333
17.65
17.4237288136
15.4166666667
14.9
17.95
16.6
15.5833333333
16.3728813559
17.05
15.05
15.5333333333
15.85
15.2
15.2881355932
15.4166666667
15.9
14.8333333333
14.3
16.3728813559
16.3333333333
16.85
15.75
15.7166666667
15.1666666667
15.9491525424
14.5
14.3833333333
14.7166666667
16.0833333333
14.813559322
14.8666666667
15.2166666667
15.0166666667
15.5833333333
14.8
16.7118644068
15.05
17.2833333333
15.9298245614
--END OF 6--
2132.15
2219.75
2125.0
2159.35
2209.3
2181.10169492
2260.05
2244.4
2349.3
2382.8
2250.65
2299.06779661
2241.15
2275.8
2177.7
2350.95
2234.25
2136.61016949
2241.55
2212.95
2238.7
2456.4
2499.86440678
2325.4
2242.45
2568.4
2340.5
2278.85
2378.18644068
2231.7
2164.2
2209.5
2276.95
2306.55
2339.18644068
2255.3
2251.65
2267.3
2180.9
2199.40677966
2311.6
2419.65
2407.15
2288.55
2240.55
2271.91525424
2299.65
2290.65
2158.95
2304.45
2257.22033898
2253.8
2360.0
2242.85
2305.7
2288.85
2399.94915254
2300.5
2369.4
2385.94736842
--END OF 7--
596.85
606.966666667
602.2
608.95
589.966666667
589.423728814
629.966666667
621.416666667
643.183333333
658.616666667
633.566666667
625.169491525
584.65
634.5
602.75
649.8
622.4
611.559322034
627.166666667
621.533333333
624.433333333
690.0
690.559322034
647.266666667
613.1
704.683333333
655.85
627.916666667
655.152542373
622.4
600.75
614.45
631.066666667
627.5
637.271186441
616.733333333
626.533333333
618.15
611.2
621.762711864
634.466666667
673.833333333
655.116666667
629.766666667
602.5
630.0
628.95
632.15
601.5
633.45
626.898305085
613.633333333
643.483333333
617.2
644.233333333
625.8
680.050847458
635.233333333
651.2
639.333333333
--END OF 8--
75.7
74.4
78.2166666667
67.8166666667
68.8166666667
80.9491525424
63.3166666667
68.5666666667
80.8333333333
69.1666666667
65.2
81.7966101695
83.35
62.95
74.65
76.55
72.2
76.8813559322
77.6166666667
74.4
85.7166666667
78.5166666667
82.0508474576
68.0333333333
74.65
91.9333333333
74.3833333333
74.65
66.8813559322
78.7
74.6
82.95
81.2166666667
72.65
59.2203389831
73.4166666667
81.65
72.2666666667
60.3666666667
84.406779661
84.65
79.6166666667
71.8166666667
70.55
64.2166666667
83.6101694915
71.75
71.65
73.3
69.85
71.8474576271
79.7333333333
77.5833333333
85.2
74.5
68.5666666667
82.5762711864
63.5333333333
81.55
77.0877192982
--END OF 9--
3.05
2.78333333333
3.13333333333
1.83333333333
3.33333333333
4.86440677966
0.766666666667
2.46666666667
3.83333333333
1.25
2.25
2.20338983051
3.45
1.25
3.3
3.2
3.45
1.10169491525
3.81666666667
2.61666666667
5.6
4.45
1.89830508475
2.88333333333
2.03333333333
2.13333333333
2.43333333333
2.36666666667
2.40677966102
6.7
2.8
2.65
2.58333333333
1.2
2.40677966102
4.31666666667
2.38333333333
2.7
1.36666666667
2.20338983051
3.58333333333
2.28333333333
1.06666666667
2.25
3.85
5.20338983051
1.7
1.05
2.0
4.1
2.50847457627
3.25
2.55
3.71666666667
2.66666666667
1.35
3.27118644068
2.66666666667
5.7
3.50877192982
--END OF 10--
0.916666666667
0.283333333333
0.633333333333
0.816666666667
0.75
2.05084745763
0.416666666667
1.13333333333
1.45
1.23333333333
0.266666666667
0.0
1.0
0.0
0.0
0.0
1.15
0.35593220339
1.01666666667
0.983333333333
2.0
1.98333333333
0.491525423729
0.2
0.833333333333
0.516666666667
0.85
0.133333333333
1.01694915254
1.0
1.0
0.2
0.366666666667
0.7
0.813559322034
0.616666666667
0.383333333333
0.0
0.0
1.52542372881
0.5
0.0
0.0166666666667
0.483333333333
0.933333333333
0.576271186441
0.0
0.0
0.45
1.65
0.915254237288
0.616666666667
1.06666666667
0.316666666667
0.0
0.0
0.830508474576
0.5
2.05
0.614035087719
--END OF 11--
0.5
0.0
0.0
0.233333333333
0.266666666667
0.508474576271
0.0
0.0
0.0
0.0
0.0
0.0
0.0
0.0
0.0
0.0
0.0
0.0
0.283333333333
0.216666666667
0.0
0.5
0.0
0.0
0.0
0.0
0.0
0.0
0.0
0.0
0.0
0.0
0.0
0.0
0.0
0.0
0.0
0.0
0.0
0.508474576271
0.0
0.0
0.0166666666667
0.483333333333
0.0
0.0
0.0
0.0
0.0
0.0
0.0
0.0
0.5
0.0
0.0
0.0
0.0
0.0
0.0
0.0
--END OF 12--
