28.0166666667
26.35
28.3833333333
27.5423728814
26.9
27.25
27.2166666667
27.1
25.8166666667
26.4745762712
26.9166666667
27.9666666667
27.2333333333
26.1666666667
27.7
26.6779661017
24.9666666667
26.6833333333
25.8
26.5666666667
26.9
27.7288135593
27.1833333333
26.6833333333
26.0166666667
26.4833333333
26.9152542373
28.8833333333
26.5666666667
26.6
26.4166666667
26.8983050847
27.15
27.45
27.0666666667
28.1
26.4745762712
27.55
26.2333333333
26.9666666667
25.95
26.85
26.8474576271
25.8333333333
25.1333333333
26.55
27.1333333333
26.593220339
26.3
26.2833333333
26.5666666667
26.8166666667
25.1666666667
25.8474576271
25.6
25.8166666667
26.7
26.3666666667
25.4666666667
27.2653061224
--END OF 1--
38.8333333333
37.3833333333
42.0666666667
38.6610169492
37.45
37.95
37.2666666667
37.2
37.3833333333
38.3559322034
39.0
39.45
39.3
38.1166666667
39.2166666667
36.1355932203
36.3333333333
36.65
37.1833333333
36.5833333333
38.0333333333
40.1186440678
38.1833333333
37.5833333333
37.8166666667
37.5666666667
37.0338983051
41.3
38.65
39.3666666667
36.3333333333
37.5762711864
38.1833333333
37.6666666667
39.3
39.9
37.2033898305
39.35
38.7
37.5666666667
36.45
36.9
38.4237288136
37.5666666667
36.3833333333
38.6333333333
38.95
37.9830508475
37.8833333333
37.5166666667
38.1833333333
37.4
36.75
36.1525423729
37.05
36.4333333333
36.9
38.1333333333
35.6833333333
39.4081632653
--END OF 2--
40.2666666667
38.0
43.8166666667
40.406779661
38.35
38.6
38.7166666667
40.05
38.6833333333
39.7966101695
40.0333333333
40.8
40.4666666667
39.7166666667
39.9833333333
37.5423728814
38.3666666667
38.8833333333
38.9
38.8333333333
38.9333333333
42.5084745763
39.6333333333
39.4333333333
39.0
39.4333333333
37.9152542373
43.4833333333
39.5333333333
40.3
37.0
39.1016949153
39.3833333333
38.55
40.5333333333
42.9333333333
39.2542372881
39.8
39.7333333333
38.3333333333
37.65
38.1
39.5254237288
39.6
37.25
38.7333333333
40.2666666667
39.6779661017
39.9
38.8833333333
41.4
38.7666666667
37.6833333333
39.0847457627
38.0333333333
37.6166666667
38.05
39.55
36.4833333333
40.5306122449
--END OF 3--
24.2833333333
23.3666666667
24.5666666667
24.2372881356
23.65
23.75
23.9166666667
23.75
23.15
23.4406779661
23.7
24.1333333333
23.7666666667
23.3333333333
23.85
23.5762711864
22.7166666667
23.6333333333
22.9
23.0833333333
23.6666666667
23.9830508475
23.8833333333
23.3833333333
23.1
23.4333333333
23.7627118644
25.0166666667
23.35
23.35
23.0166666667
23.3389830508
23.8
23.85
23.9166666667
24.4
23.5084745763
24.1
23.25
23.5666666667
22.95
23.8
23.5084745763
23.0666666667
22.75
23.4333333333
23.7833333333
23.5423728814
23.3166666667
23.4333333333
23.4833333333
23.6166666667
22.7666666667
23.1355932203
22.9333333333
22.95
23.6
23.4
22.6666666667
23.9387755102
--END OF 4--
35.1166666667
34.1333333333
36.9666666667
34.9152542373
34.35
34.4
34.2166666667
34.2
34.0833333333
34.7966101695
35.2
35.25
35.35
34.65
35.1333333333
33.3050847458
33.65
33.75
33.9
33.4666666667
34.6833333333
35.7457627119
34.5333333333
34.1833333333
34.2833333333
34.45
34.0338983051
36.6166666667
34.8333333333
35.1666666667
33.2333333333
34.1694915254
34.7333333333
34.3166666667
35.3833333333
35.6333333333
34.1186440678
35.5
35.0333333333
34.0666666667
33.6
33.95
34.7288135593
34.2833333333
33.55
35.0666666667
35.2833333333
34.8305084746
34.4666666667
34.25
34.6666666667
34.2833333333
33.7333333333
33.4915254237
34.0666666667
33.3833333333
33.85
34.75
33.0166666667
35.4489795918
--END OF 5--
40.2666666667
38.0
43.7166666667
40.406779661
38.35
38.6
38.7166666667
40.05
38.6833333333
39.7966101695
40.0333333333
40.8
40.4666666667
39.7166666667
39.9833333333
37.5423728814
38.3666666667
38.8833333333
38.9
38.8333333333
38.9333333333
42.5084745763
39.6333333333
39.4333333333
39.0
39.4333333333
37.9152542373
43.3333333333
39.5333333333
40.3
37.0
39.1016949153
39.3833333333
38.55
40.5333333333
42.7833333333
39.2542372881
39.8
39.7333333333
38.3333333333
37.65
38.1
39.5254237288
39.6
37.25
38.7333333333
40.2666666667
39.6779661017
39.9
38.8833333333
41.3166666667
38.7666666667
37.6833333333
39.0847457627
38.0333333333
37.6166666667
38.05
39.55
36.4833333333
40.5306122449
--END OF 6--
5059.9
4744.75
5118.9
5058.40677966
4768.5
4954.95
4968.15
4966.35
4751.25
4879.01694915
4974.2
5091.65
4972.6
4877.05
5025.8
4779.40677966
4625.3
4787.3
4775.25
4854.2
4878.1
5078.6440678
4915.65
4857.9
4888.25
4903.6
4869.91525424
5142.7
4924.1
4915.1
4793.7
5055.30508475
4889.75
5001.95
4939.95
5045.95
4771.42372881
4834.65
4844.3
5050.35
4795.2
4918.5
4947.96610169
4835.8
4762.65
4856.5
5043.45
4975.93220339
4832.6
4783.25
4879.8
4881.15
4710.85
4791.0
4860.95
4714.65
4852.05
4689.95
4870.9
4937.57142857
--END OF 7--
1415.28333333
1323.88333333
1449.01666667
1408.3559322
1357.55
1393.95
1386.05
1396.45
1346.13333333
1366.76271186
1393.85
1426.7
1400.63333333
1370.78333333
1397.73333333
1340.66101695
1300.23333333
1349.48333333
1359.48333333
1364.18333333
1393.3
1420.89830508
1384.4
1375.8
1358.85
1361.43333333
1362.61016949
1457.81666667
1403.15
1389.86666667
1367.85
1404.81355932
1374.85
1389.81666667
1379.05
1423.95
1345.01694915
1383.0
1366.26666667
1405.76666667
1331.85
1353.85
1387.69491525
1356.75
1324.83333333
1371.41666667
1378.6
1382.44067797
1354.8
1333.0
1363.58333333
1348.58333333
1311.51666667
1333.69491525
1336.8
1332.93333333
1351.7
1343.71666667
1334.11666667
1395.55102041
--END OF 8--
242.983333333
243.75
277.416666667
242.355932203
234.15
224.6
237.75
235.25
238.433333333
219.254237288
238.666666667
235.483333333
246.233333333
237.8
231.083333333
206.86440678
218.366666667
222.366666667
219.0
218.583333333
222.316666667
252.406779661
212.1
228.5
242.6
230.266666667
217.220338983
245.266666667
236.033333333
248.933333333
217.866666667
230.983050847
249.666666667
230.8
250.666666667
241.766666667
223.033898305
233.8
241.1
220.416666667
220.8
213.7
241.813559322
228.466666667
229.0
243.866666667
230.216666667
227.983050847
223.016666667
228.266666667
228.016666667
222.566666667
224.75
219.898305085
231.683333333
231.216666667
224.3
229.25
217.95
254.204081633
--END OF 9--
7.95
10.2666666667
13.9666666667
10.1186440678
5.55
8.5
8.7
10.7
9.76666666667
14.1355932203
13.2
9.8
9.83333333333
7.76666666667
11.9166666667
9.20338983051
15.5666666667
9.78333333333
8.35
12.95
8.83333333333
15.1016949153
12.2
9.05
9.68333333333
12.0666666667
6.79661016949
15.1333333333
11.6
12.45
6.88333333333
6.33898305085
5.65
8.63333333333
10.5833333333
17.1
12.1355932203
12.85
10.65
7.0
9.15
8.8
9.27118644068
12.8
7.48333333333
8.23333333333
14.1333333333
10.6779661017
12.6
8.9
16.35
8.63333333333
8.55
10.3220338983
9.1
9.06666666667
10.05
12.4666666667
5.16666666667
12.3265306122
--END OF 10--
1.73333333333
0.666666666667
2.83333333333
1.71186440678
1.2
0.65
2.25
3.2
1.78333333333
1.15254237288
1.48333333333
2.21666666667
1.81666666667
2.65
1.2
1.42372881356
2.93333333333
3.03333333333
2.2
3.15
0.416666666667
2.91525423729
2.3
2.25
1.8
2.95
1.32203389831
2.66666666667
1.03333333333
1.18333333333
0.816666666667
2.08474576271
1.13333333333
1.28333333333
2.16666666667
4.95
2.4406779661
1.1
0.816666666667
0.683333333333
2.1
1.5
1.54237288136
3.53333333333
1.45
0.2
2.4
2.50847457627
3.18333333333
1.98333333333
4.65
1.73333333333
1.3
3.8813559322
1.03333333333
2.16666666667
1.4
1.93333333333
1.2
1.85714285714
--END OF 11--
0.0
0.0
0.166666666667
0.508474576271
0.0
0.0
0.0
0.5
0.0
0.508474576271
0.0
0.366666666667
0.8
0.0
0.0
0.237288135593
0.883333333333
0.216666666667
0.866666666667
0.5
0.3
0.0
0.5
0.8
0.2
0.55
0.559322033898
0.5
0.0
0.0
0.733333333333
0.271186440678
0.5
0.5
0.0
0.166666666667
0.338983050847
0.0
0.0
0.0
0.0
0.0
0.0
0.0
0.4
0.0
0.0
0.169491525424
0.666666666667
0.666666666667
0.4
0.666666666667
0.0
0.305084745763
0.1
0.1
0.4
0.55
0.1
0.489795918367
--END OF 12--
