18.8666666667
18.2166666667
16.8833333333
17.55
17.406779661
18.2
17.1833333333
16.8166666667
17.1333333333
17.4
17.9152542373
18.2666666667
18.0333333333
18.45
18.1
17.9
18.5762711864
16.9333333333
18.0166666667
17.3333333333
17.8666666667
17.8474576271
17.0
18.25
18.9333333333
17.55
16.9666666667
17.6271186441
18.0166666667
17.5833333333
17.4333333333
18.6
19.55
18.3559322034
18.4
17.8666666667
17.05
17.1333333333
17.6610169492
16.9666666667
16.85
17.9666666667
18.15
18.1666666667
17.5423728814
18.3333333333
17.4333333333
17.8833333333
17.5
18.7
17.3389830508
17.5833333333
17.5833333333
18.2666666667
17.4
17.5423728814
18.45
17.9
18.5
17.7586206897
--END OF 1--
23.55
22.2666666667
22.1166666667
22.85
22.1525423729
22.8
21.0333333333
22.1333333333
22.3166666667
21.4166666667
22.3559322034
23.3666666667
23.4333333333
22.4
24.1333333333
23.4
22.3559322034
21.6166666667
22.0666666667
21.6166666667
21.4333333333
22.1016949153
21.3833333333
23.2833333333
23.7666666667
21.6833333333
21.8333333333
21.5084745763
22.2666666667
22.1333333333
22.5833333333
23.3
24.5
22.8983050847
21.5
23.0333333333
22.2333333333
21.8
22.406779661
22.0833333333
21.2166666667
23.55
23.45
23.6666666667
22.8983050847
22.5833333333
22.0333333333
21.1833333333
22.6
22.8
21.5423728814
21.4833333333
22.0833333333
23.1833333333
21.7666666667
21.5593220339
24.65
23.1333333333
23.6
22.0517241379
--END OF 2--
24.3166666667
23.0666666667
23.6666666667
22.9
22.3050847458
23.8666666667
21.5666666667
22.3833333333
22.5666666667
21.8333333333
22.8983050847
23.7166666667
23.9333333333
22.75
24.3833333333
23.4
22.3559322034
21.8666666667
22.1
21.9333333333
22.3666666667
22.6779661017
21.7
23.7833333333
24.35
21.7833333333
21.9833333333
21.8644067797
22.6666666667
22.9333333333
23.0333333333
23.7
25.1
23.1016949153
22.1
24.0333333333
22.8
23.05
23.1355932203
22.2666666667
21.4333333333
23.9166666667
23.4666666667
24.35
23.6271186441
22.6833333333
23.2333333333
21.2833333333
23.6
23.75
21.8813559322
22.0333333333
22.85
23.3333333333
22.1166666667
22.8813559322
25.25
23.6333333333
24.5
23.224137931
--END OF 3--
18.8666666667
18.2166666667
16.8833333333
17.55
17.406779661
18.2
17.1833333333
16.8166666667
17.1333333333
17.4
17.9152542373
18.2666666667
18.0333333333
18.45
18.1
17.9
18.5762711864
16.9333333333
18.0166666667
17.3333333333
17.8666666667
17.8474576271
17.0
18.25
18.9333333333
17.55
16.9666666667
17.6271186441
18.0166666667
17.5833333333
17.4333333333
18.6
19.35
18.3559322034
18.4
17.8666666667
17.05
17.1333333333
17.6610169492
16.9666666667
16.85
17.9666666667
18.15
18.1666666667
17.5423728814
18.3333333333
17.4333333333
17.8833333333
17.5
18.7
17.3389830508
17.5833333333
17.5833333333
18.2666666667
17.4
17.5423728814
18.45
17.9
18.5
17.7586206897
--END OF 4--
23.55
22.2666666667
22.1166666667
22.85
22.1525423729
22.8
21.0333333333
22.1333333333
22.3166666667
21.4166666667
22.3559322034
23.3666666667
23.4333333333
22.4
24.1333333333
23.4
22.3559322034
21.6166666667
22.0666666667
21.6166666667
21.4333333333
22.1016949153
21.3833333333
23.2833333333
23.7666666667
21.6833333333
21.8333333333
21.5084745763
22.2666666667
22.1333333333
22.5833333333
23.3
24.5
22.8983050847
21.5
23.0333333333
22.2333333333
21.8
22.406779661
22.0833333333
21.2166666667
23.55
23.45
23.6666666667
22.8983050847
22.5833333333
22.0333333333
21.1833333333
22.6
22.8
21.5423728814
21.4833333333
22.0833333333
23.1833333333
21.7666666667
21.5593220339
24.65
23.1333333333
23.6
22.0517241379
--END OF 5--
24.3166666667
23.0666666667
23.6666666667
22.9
22.3050847458
23.8666666667
21.5666666667
22.3833333333
22.5666666667
21.8333333333
22.8983050847
23.7166666667
23.9333333333
22.75
24.3833333333
23.4
22.3559322034
21.8666666667
22.1
21.9333333333
22.3666666667
22.6779661017
21.7
23.7833333333
24.35
21.7833333333
21.9833333333
21.8644067797
22.6666666667
22.9333333333
23.0333333333
23.7
25.1
23.1016949153
22.1
24.0333333333
22.8
23.05
23.1355932203
22.2666666667
21.4333333333
23.9166666667
23.4666666667
24.35
23.6271186441
22.6833333333
23.2333333333
21.2833333333
23.6
23.75
21.8813559322
22.0333333333
22.85
23.3333333333
22.1166666667
22.8813559322
25.25
23.6333333333
24.5
23.224137931
--END OF 6--
3410.2
3344.8
3275.25
3241.35
3241.57627119
3352.9
3168.15
3306.8
3264.05
3134.35
3259.22033898
3349.8
3523.35
3327.6
3382.3
3372.3
3435.0
3130.65
3261.35
3305.45
3292.15
3267.45762712
3301.1
3340.35
3433.7
3349.95
3184.85
3284.13559322
3424.8
3369.0
3234.75
3446.7
3583.05
3381.71186441
3395.65
3336.4
3223.7
3358.2
3396.15254237
3142.75
3077.1
3360.6
3466.45
3372.7
3318.50847458
3383.85
3192.6
3163.05
3131.1
3385.95
3214.11864407
3247.45
3338.15
3371.55
3134.85
3252.66101695
3394.3
3419.95
3456.35
3352.0862069
--END OF 7--
944.866666667
928.066666667
912.25
908.933333333
894.186440678
926.0
868.8
883.166666667
896.8
890.716666667
905.966101695
937.6
966.85
934.25
941.55
935.2
937.915254237
869.766666667
902.1
912.766666667
907.783333333
912.881355932
897.75
935.883333333
959.8
915.966666667
879.466666667
916.338983051
946.25
930.05
920.3
948.25
984.8
928.06779661
929.816666667
930.333333333
919.566666667
927.166666667
928.186440678
889.55
864.016666667
937.633333333
973.35
941.6
930.491525424
942.95
903.35
892.0
904.1
940.15
887.576271186
903.733333333
913.8
938.25
884.55
902.305084746
952.2
933.316666667
955.033333333
915.155172414
--END OF 8--
124.783333333
108.316666667
113.05
116.533333333
108.745762712
114.7
99.2833333333
105.916666667
108.2
100.816666667
108.338983051
111.9
118.9
107.95
126.283333333
125.15
102.796610169
108.433333333
105.483333333
108.183333333
106.283333333
110.423728814
93.3333333333
114.116666667
114.4
103.933333333
108.516666667
102.406779661
112.45
108.25
118.55
112.25
125.9
115.169491525
83.8
114.183333333
115.05
117.533333333
112.847457627
116.15
102.1
119.083333333
117.883333333
117.183333333
124.966101695
97.95
114.45
95.3
112.25
99.1
90.3220338983
96.4166666667
106.15
112.116666667
106.416666667
99.2372881356
131.283333333
122.916666667
116.0
111.362068966
--END OF 9--
3.31666666667
3.2
5.25
3.91666666667
3.33898305085
3.75
4.01666666667
3.15
1.66666666667
1.98333333333
4.16949152542
4.9
5.7
2.35
4.81666666667
2.55
1.40677966102
4.11666666667
1.68333333333
1.41666666667
2.71666666667
2.22033898305
3.76666666667
6.56666666667
3.9
1.36666666667
3.61666666667
2.98305084746
2.0
2.95
4.45
3.4
3.15
2.30508474576
2.05
5.56666666667
3.13333333333
4.73333333333
4.49152542373
4.23333333333
2.98333333333
3.9
3.33333333333
5.95
4.45762711864
1.05
3.7
1.75
6.45
4.6
2.86440677966
2.56666666667
3.55
3.35
5.7
3.94915254237
8.46666666667
2.66666666667
2.55
3.74137931034
--END OF 10--
1.18333333333
1.33333333333
2.18333333333
0.316666666667
0.220338983051
1.91666666667
0.866666666667
0.0
0.5
0.616666666667
0.949152542373
0.55
0.9
0.5
0.0
0.0
0.0
0.5
0.0833333333333
0.416666666667
1.18333333333
0.322033898305
0.366666666667
0.133333333333
0.0
0.0
0.0
0.508474576271
0.65
1.25
0.6
0.45
1.05
0.186440677966
1.18333333333
1.65
0.983333333333
1.3
0.474576271186
0.233333333333
0.383333333333
0.766666666667
0.0333333333333
0.916666666667
1.08474576271
0.15
1.65
0.2
1.4
1.1
0.508474576271
0.566666666667
1.43333333333
0.0
0.383333333333
2.27118644068
0.383333333333
0.6
1.4
1.43103448276
--END OF 11--
0.866666666667
0.0
0.0
0.0
0.0
0.466666666667
0.0333333333333
0.0
0.0
0.0
0.0
0.0
0.0
0.0
0.0
0.0
0.0
0.0
0.0
0.0
0.183333333333
0.322033898305
0.0
0.0
0.0
0.0
0.0
0.0
0.15
0.35
0.0
0.45
0.05
0.0
0.0
0.5
0.5
0.433333333333
0.0677966101695
0.0
0.0
0.0
0.0
0.416666666667
0.0847457627119
0.0
0.0
0.0
0.5
0.5
0.0
0.0
0.0
0.0
0.0
0.508474576271
0.0
0.366666666667
0.133333333333
0.48275862069
--END OF 12--
