15.4
16.25
15.0833333333
15.4576271186
15.3833333333
15.1666666667
15.6333333333
16.0
14.8
15.5084745763
15.6833333333
14.7833333333
13.9666666667
14.9833333333
15.2203389831
14.9833333333
14.3
16.0
15.2166666667
16.5762711864
15.7
14.25
15.7666666667
16.4333333333
14.186440678
15.4166666667
16.7
16.2833333333
14.35
15.2711864407
15.5
16.5
15.5
15.9
15.0
14.8
15.1166666667
15.7666666667
15.4166666667
16.2542372881
16.9333333333
14.9166666667
15.1166666667
14.6949152542
14.4833333333
15.5166666667
15.35
15.9333333333
15.0
16.1833333333
14.6833333333
16.3333333333
16.1666666667
15.5254237288
15.7333333333
15.3666666667
15.2166666667
15.4333333333
16.0
15.4736842105
--END OF 1--
19.6
20.45
19.6833333333
20.5593220339
19.4333333333
19.8666666667
19.85
20.6166666667
18.5833333333
19.8813559322
20.5833333333
19.5666666667
17.65
18.9666666667
18.7457627119
19.8333333333
20.15
21.65
19.4666666667
20.8813559322
19.8833333333
18.1833333333
21.2166666667
21.1666666667
19.1694915254
19.3666666667
21.3333333333
20.5666666667
19.5666666667
18.5254237288
20.4
21.8
20.15
22.05
20.5254237288
19.6333333333
19.4666666667
20.5333333333
20.7166666667
21.0
20.4333333333
19.8833333333
18.9833333333
19.1694915254
19.7833333333
19.6166666667
19.25
20.5833333333
19.0338983051
20.7166666667
18.95
20.6
20.95
20.0
19.7166666667
19.5166666667
19.6
19.9666666667
20.1525423729
20.2105263158
--END OF 2--
19.6
20.65
20.3333333333
20.7627118644
19.4333333333
20.0
20.4166666667
20.9166666667
18.6166666667
20.2542372881
21.15
20.1333333333
19.05
19.8
19.3898305085
20.7333333333
20.6
22.5
20.2666666667
21.1525423729
20.1166666667
18.5
21.5166666667
21.3166666667
19.3728813559
19.3666666667
22.15
21.1
20.9333333333
19.2711864407
21.2
22.3
21.9
22.55
21.593220339
19.9166666667
19.6833333333
20.5833333333
21.55
21.4745762712
20.4333333333
19.8833333333
19.05
19.5084745763
21.3833333333
21.1166666667
19.4
20.5833333333
19.1694915254
21.5666666667
20.0
21.3
22.0666666667
20.6101694915
20.2666666667
19.8666666667
19.75
20.3666666667
21.8474576271
20.4210526316
--END OF 3--
15.4
16.25
15.0833333333
15.4576271186
15.3833333333
15.1666666667
15.6333333333
16.0
14.8
15.5084745763
15.6833333333
14.7833333333
13.9666666667
14.9833333333
15.2203389831
14.9833333333
14.3
16.0
15.2166666667
16.5762711864
15.7
14.25
15.7666666667
16.4333333333
14.186440678
15.4166666667
16.7
16.2833333333
14.35
15.2711864407
15.5
16.5
15.5
15.9
15.0
14.8
15.1166666667
15.7666666667
15.4166666667
16.2542372881
16.9333333333
14.9166666667
15.1166666667
14.6949152542
14.4833333333
15.5166666667
15.35
15.9333333333
15.0
16.1833333333
14.6833333333
16.3333333333
16.1666666667
15.5254237288
15.7333333333
15.3666666667
15.2166666667
15.4333333333
16.0
15.4736842105
--END OF 4--
19.6
20.45
19.6833333333
20.5593220339
19.4333333333
19.8666666667
19.85
20.6166666667
18.5833333333
19.8813559322
20.5833333333
19.5666666667
17.65
18.9666666667
18.7457627119
19.8333333333
20.15
21.65
19.4666666667
20.8813559322
19.8833333333
18.1833333333
21.2166666667
21.1666666667
19.1694915254
19.3666666667
21.3333333333
20.5666666667
19.5666666667
18.5254237288
20.4
21.8
20.15
22.05
20.5254237288
19.6333333333
19.4666666667
20.5333333333
20.7166666667
21.0
20.4333333333
19.8833333333
18.9833333333
19.1694915254
19.7833333333
19.6166666667
19.25
20.5833333333
19.0338983051
20.7166666667
18.95
20.6
20.95
20.0
19.7166666667
19.5166666667
19.6
19.9666666667
20.1525423729
20.2105263158
--END OF 5--
19.6
20.65
20.3333333333
20.7627118644
19.4333333333
20.0
20.4166666667
20.9166666667
18.6166666667
20.2542372881
21.15
20.1333333333
19.05
19.8
19.3898305085
20.7333333333
20.6
22.5
20.2666666667
21.1525423729
20.1166666667
18.5
21.5166666667
21.3166666667
19.3728813559
19.3666666667
22.15
21.1
20.9333333333
19.2711864407
21.2
22.3
21.9
22.55
21.593220339
19.9166666667
19.6833333333
20.5833333333
21.55
21.4745762712
20.4333333333
19.8833333333
19.05
19.5084745763
21.3833333333
21.1166666667
19.4
20.5833333333
19.1694915254
21.5666666667
20.0
21.3
22.0666666667
20.6101694915
20.2666666667
19.8666666667
19.75
20.3666666667
21.8474576271
20.4210526316
--END OF 6--
2843.25
2959.8
2792.4
2987.84745763
2949.85
2966.6
2905.6
3034.75
2861.9
2894.44067797
2922.2
2705.4
2631.05
2806.35
2741.33898305
2817.0
2876.7
3005.85
2913.6
2938.77966102
2878.25
2726.95
2955.15
2976.05
2691.3559322
2755.1
3023.85
3065.45
2739.05
2793.71186441
2803.35
3085.2
2842.65
2977.35
2900.08474576
2880.45
2991.65
3055.55
2927.7
2946.0
3061.9
2829.55
2872.45
2826.30508475
2842.35
2988.75
2928.6
2922.3
2772.50847458
2943.95
2830.95
2909.4
2935.9
2831.84745763
2914.4
2765.1
2815.6
2913.35
2948.74576271
2812.42105263
--END OF 7--
789.95
837.5
796.8
837.06779661
831.633333333
817.15
827.783333333
844.666666667
791.416666667
795.101694915
810.466666667
757.316666667
718.616666667
763.083333333
764.949152542
791.7
791.0
852.9
810.05
824.474576271
806.083333333
757.05
817.683333333
839.533333333
771.016949153
773.466666667
842.383333333
858.583333333
772.0
789.186440678
787.95
852.05
797.65
832.15
794.169491525
776.116666667
818.7
833.016666667
822.066666667
831.983050847
846.466666667
788.35
780.983333333
775.627118644
783.05
827.65
801.75
801.5
785.711864407
823.516666667
790.983333333
832.5
824.75
780.627118644
812.683333333
766.483333333
791.883333333
793.883333333
821.372881356
803.421052632
--END OF 8--
99.2
96.75
99.85
110.949152542
100.216666667
100.416666667
103.666666667
103.516666667
95.9166666667
101.084745763
95.2666666667
103.466666667
94.4
103.1
86.8813559322
107.65
114.75
119.65
100.95
113.118644068
100.366666667
96.25
113.533333333
93.65
103.338983051
97.9666666667
119.216666667
100.383333333
112.483333333
89.9491525424
111.7
122.25
99.05
119.85
109.644067797
106.9
99.0833333333
103.3
116.95
109.118644068
102.216666667
100.516666667
95.2
98.3728813559
114.1
109.55
110.75
113.8
94.3898305085
112.516666667
96.6
102.1
109.383333333
121.254237288
103.683333333
112.25
91.3666666667
104.016666667
99.186440678
99.3684210526
--END OF 9--
1.7
4.1
4.9
4.27118644068
1.78333333333
3.58333333333
4.2
1.95
1.65
4.35593220339
5.11666666667
5.91666666667
3.88333333333
3.8
3.4406779661
4.0
5.1
4.7
3.0
3.86440677966
2.28333333333
2.08333333333
4.23333333333
6.43333333333
3.62711864407
1.76666666667
2.93333333333
3.88333333333
5.81666666667
0.932203389831
4.35
2.95
6.75
5.0
7.91525423729
2.61666666667
0.933333333333
0.816666666667
5.15
5.25423728814
1.85
0.95
1.36666666667
4.84745762712
5.65
4.6
1.1
2.55
2.28813559322
2.38333333333
3.48333333333
3.93333333333
6.45
4.5593220339
2.1
4.28333333333
2.38333333333
3.81666666667
6.15254237288
2.78947368421
--END OF 10--
0.0
0.0
0.8
0.203389830508
0.0
0.0
0.333333333333
0.166666666667
0.0333333333333
0.474576271186
1.06666666667
0.616666666667
1.8
0.883333333333
1.0
1.2
0.5
1.35
1.4
0.542372881356
0.0833333333333
0.416666666667
0.5
0.0
0.508474576271
0.0
1.41666666667
0.583333333333
1.63333333333
0.881355932203
1.5
1.05
3.1
0.95
0.915254237288
0.233333333333
0.266666666667
0.0833333333333
0.883333333333
0.508474576271
0.0
0.0
0.116666666667
0.440677966102
2.25
1.35
0.35
0.0
0.0
0.5
1.46666666667
1.21666666667
1.31666666667
0.508474576271
0.533333333333
0.366666666667
0.233333333333
0.566666666667
3.1186440678
0.736842105263
--END OF 11--
0.0
0.0
0.0
0.0
0.0
0.0
0.0
0.0
0.0333333333333
0.474576271186
0.0
0.0666666666667
0.8
0.133333333333
0.0
0.15
0.35
0.0
0.0
0.0
0.0
0.0
0.0
0.0
0.0
0.0
0.416666666667
0.0833333333333
0.5
0.508474576271
0.5
0.0
0.65
0.35
0.508474576271
0.0
0.0
0.0
0.0
0.508474576271
0.0
0.0
0.0
0.0508474576271
0.45
0.0
0.0
0.0
0.0
0.0
0.0
0.0
0.5
0.0
0.0
0.0
0.0
0.466666666667
0.0338983050847
0.210526315789
--END OF 12--
