16.3166666667
16.3333333333
15.6333333333
16.45
16.9833333333
16.8166666667
14.7118644068
16.5
17.0
16.2333333333
15.9
15.7333333333
14.6440677966
16.85
16.1833333333
15.4833333333
16.7
15.6440677966
14.9666666667
16.25
16.6666666667
16.5833333333
16.8166666667
16.186440678
16.65
15.7166666667
15.6666666667
17.0666666667
17.0833333333
15.8983050847
15.9666666667
17.0166666667
15.8
15.6166666667
16.0
16.2711864407
15.4666666667
17.0666666667
15.4
16.9
16.6101694915
16.0833333333
15.8333333333
15.8
16.65
16.0
16.5762711864
16.0166666667
15.9666666667
16.8166666667
16.6333333333
16.3898305085
16.5166666667
16.6166666667
15.3166666667
15.4833333333
16.85
16.3050847458
16.6
15.701754386
--END OF 1--
22.2333333333
22.8833333333
22.1
21.2333333333
23.2666666667
23.4333333333
21.8474576271
21.95
23.25
22.3333333333
21.5
21.7333333333
20.1355932203
22.5
21.25
20.7833333333
24.0166666667
22.6440677966
21.15
22.1166666667
22.5
22.5833333333
22.75
22.406779661
22.75
22.0666666667
21.3166666667
24.0666666667
22.5833333333
22.3728813559
21.3666666667
23.3
21.1833333333
19.8666666667
22.25
22.2542372881
19.6833333333
23.7333333333
22.0166666667
21.9833333333
21.9322033898
21.2833333333
22.1833333333
21.4
22.25
21.1
22.2203389831
21.5666666667
21.9333333333
22.5833333333
23.5833333333
22.8644067797
21.3666666667
22.2666666667
21.2166666667
22.5
22.5333333333
21.5423728814
22.15
21.8947368421
--END OF 2--
22.4666666667
23.4333333333
22.4
22.15
25.5833333333
23.7833333333
23.3220338983
23.2
23.55
22.5833333333
21.9
22.5333333333
21.6440677966
23.7666666667
21.5666666667
21.2333333333
25.3166666667
23.7457627119
22.0333333333
22.1166666667
23.2
23.3333333333
23.1833333333
23.0169491525
23.25
23.3666666667
21.5666666667
24.4166666667
23.2333333333
22.6779661017
21.8666666667
23.4666666667
21.1833333333
20.7166666667
23.7
22.5593220339
20.15
24.9666666667
23.8666666667
22.75
23.1355932203
22.0833333333
23.8333333333
22.5166666667
23.4
22.2
22.7796610169
22.25
23.9
23.6833333333
25.05
24.3559322034
22.0
22.4666666667
21.7666666667
22.95
23.1166666667
21.8983050847
23.45
23.0350877193
--END OF 3--
16.3166666667
16.3333333333
15.6333333333
16.45
16.9833333333
16.8166666667
14.7118644068
16.5
17.0
16.2333333333
15.9
15.7333333333
14.6440677966
16.85
16.1833333333
15.4833333333
16.7
15.6440677966
14.9666666667
16.25
16.6666666667
16.5833333333
16.8166666667
16.186440678
16.65
15.7166666667
15.6666666667
17.0666666667
17.0833333333
15.8983050847
15.9666666667
17.0166666667
15.8
15.6166666667
16.0
16.2711864407
15.4666666667
17.0666666667
15.4
16.9
16.6101694915
16.0833333333
15.8333333333
15.8
16.65
16.0
16.5762711864
16.0166666667
15.9666666667
16.8166666667
16.6333333333
16.3898305085
16.5166666667
16.6166666667
15.3166666667
15.4833333333
16.85
16.3050847458
16.6
15.701754386
--END OF 4--
22.2333333333
22.8833333333
22.1
21.2333333333
23.2666666667
23.4333333333
21.8474576271
21.95
23.25
22.3333333333
21.5
21.7333333333
20.1355932203
22.5
21.25
20.7833333333
24.0166666667
22.6440677966
21.15
22.1166666667
22.5
22.5833333333
22.75
22.406779661
22.75
22.0666666667
21.3166666667
24.0666666667
22.5833333333
22.3728813559
21.3666666667
23.3
21.1833333333
19.8666666667
22.25
22.2542372881
19.6833333333
23.7333333333
22.0166666667
21.9833333333
21.9322033898
21.2833333333
22.1833333333
21.4
22.25
21.1
22.2203389831
21.5666666667
21.9333333333
22.5833333333
23.5833333333
22.8644067797
21.3666666667
22.2666666667
21.2166666667
22.5
22.5333333333
21.5423728814
22.15
21.8947368421
--END OF 5--
22.4666666667
23.4333333333
22.4
22.15
25.5833333333
23.7833333333
23.3220338983
23.2
23.55
22.5833333333
21.9
22.5333333333
21.6440677966
23.7666666667
21.5666666667
21.2333333333
25.3166666667
23.7457627119
22.0333333333
22.1166666667
23.2
23.3333333333
23.1833333333
23.0169491525
23.25
23.3666666667
21.5666666667
24.4166666667
23.2333333333
22.6779661017
21.8666666667
23.4666666667
21.1833333333
20.7166666667
23.7
22.5593220339
20.15
24.9666666667
23.8666666667
22.75
23.1355932203
22.0833333333
23.8333333333
22.5166666667
23.4
22.2
22.7796610169
22.25
23.9
23.6833333333
25.05
24.3559322034
22.0
22.4666666667
21.7666666667
22.95
23.1166666667
21.8983050847
23.45
23.0350877193
--END OF 6--
3140.2
3220.4
3243.5
3166.75
3180.75
3219.25
3132.3559322
3104.4
3148.95
3161.85
3030.9
3039.9
2885.49152542
3175.6
3165.15
2918.7
3177.4
3059.13559322
2975.15
3058.2
3048.75
3232.7
3146.65
3087.05084746
3180.75
3119.25
2891.55
3270.45
3157.65
3100.11864407
3043.65
3309.5
3019.1
2929.4
3071.3
3096.20338983
3113.8
3260.0
3001.95
3083.05
3197.6440678
3069.0
3104.1
3050.4
3129.75
2949.75
3112.3220339
3109.25
3129.9
3214.5
3197.7
3062.13559322
3032.55
3053.45
3030.3
3071.0
3203.45
3102.15254237
3174.75
3021.63157895
--END OF 7--
859.15
890.4
871.316666667
873.716666667
890.466666667
890.016666667
828.288135593
859.3
896.25
875.1
829.3
831.55
786.118644068
882.516666667
858.5
819.366666667
900.35
859.644067797
832.033333333
858.65
859.95
873.583333333
875.283333333
841.525423729
878.9
869.05
814.35
905.75
893.2
844.457627119
822.65
906.033333333
837.633333333
807.216666667
852.95
862.06779661
844.1
900.016666667
830.816666667
870.05
879.118644068
847.45
844.4
839.15
863.65
814.2
864.101694915
857.966666667
867.1
894.116666667
883.1
871.152542373
845.2
861.25
835.75
853.516666667
878.833333333
848.525423729
873.2
841.526315789
--END OF 8--
120.216666667
131.566666667
121.166666667
107.1
126.433333333
143.65
130.186440678
120.05
129.9
120.65
109.85
127.4
118.610169492
126.7
108.9
114.45
150.333333333
155.949152542
133.516666667
121.183333333
133.016666667
129.783333333
123.933333333
136.338983051
116.95
123.8
130.15
136.0
126.15
137.593220339
133.85
128.05
121.566666667
102.15
128.416666667
125.254237288
102.9
133.966666667
131.35
119.166666667
118.474576271
126.0
117.0
114.416666667
112.95
114.65
114.542372881
110.883333333
116.25
126.083333333
136.9
136.271186441
114.733333333
113.983333333
132.883333333
138.333333333
123.633333333
109.610169492
109.75
122.49122807
--END OF 9--
4.83333333333
5.03333333333
4.93333333333
4.95
9.1
4.93333333333
8.49152542373
4.4
3.65
6.95
6.0
5.3
5.06779661017
5.91666666667
2.75
5.28333333333
9.28333333333
4.62711864407
6.05
3.78333333333
6.05
6.58333333333
5.86666666667
4.91525423729
4.75
6.9
3.4
6.95
6.0
4.33898305085
4.46666666667
3.91666666667
1.66666666667
3.05
6.88333333333
5.57627118644
2.56666666667
7.28333333333
10.8833333333
4.15
5.33898305085
3.65
6.2
5.9
7.95
7.3
6.03389830508
6.13333333333
7.28333333333
4.88333333333
7.56666666667
5.25423728814
3.33333333333
2.46666666667
3.31666666667
6.86666666667
4.25
3.8813559322
5.45
7.89473684211
--END OF 10--
0.0
0.5
0.5
1.11666666667
3.31666666667
0.566666666667
2.47457627119
1.55
0.45
0.4
0.3
0.3
2.15254237288
1.38333333333
0.2
1.0
1.43333333333
1.25423728814
0.633333333333
0.0
1.0
0.466666666667
0.5
0.966101694915
0.35
1.7
0.6
0.4
0.0
0.389830508475
0.616666666667
0.266666666667
0.0833333333333
1.41666666667
2.55
0.457627118644
0.583333333333
1.7
2.21666666667
1.03333333333
1.84745762712
1.35
2.3
1.46666666667
1.25
1.3
0.457627118644
0.916666666667
3.01666666667
1.25
1.88333333333
2.37288135593
0.5
0.0
0.5
0.75
0.95
0.694915254237
1.9
0.736842105263
--END OF 11--
0.0
0.0
0.5
0.5
0.8
0.0
0.0
0.4
0.1
0.0
0.2
0.3
0.0
0.0
0.0
0.0
0.0
0.0
0.0
0.0
0.0
0.0
0.0
0.0
0.0
0.0
0.0
0.0
0.0
0.0
0.0
0.0
0.0
0.0
0.0
0.0
0.0
0.0
0.0
0.0
0.203389830508
0.3
0.0
0.6
0.1
0.0
0.0
0.233333333333
1.25
0.533333333333
0.433333333333
0.796610169492
0.0
0.0
0.0
0.183333333333
0.283333333333
0.0
0.5
0.0
--END OF 12--
