11.9
13.7833333333
12.5166666667
13.0666666667
12.8166666667
13.1016949153
13.75
12.9
13.2
13.15
13.2
13.8644067797
13.8
12.5
12.3333333333
12.85
13.5762711864
13.45
13.35
14.7166666667
13.1
13.1666666667
12.6440677966
12.35
13.0
12.9333333333
13.1
13.5423728814
12.8333333333
12.5833333333
12.9833333333
12.8666666667
13.2881355932
12.0833333333
12.1666666667
12.85
13.5333333333
14.3050847458
13.6833333333
14.55
12.9
13.4666666667
14.5593220339
13.7
13.0333333333
14.65
12.1
12.5593220339
12.2
13.2
13.2
12.6833333333
13.5254237288
13.2666666667
13.2
12.9666666667
13.5833333333
13.3389830508
14.3166666667
12.7543859649
--END OF 1--
18.6166666667
18.65
19.4166666667
16.7166666667
17.25
18.5593220339
18.15
17.8
18.2
17.15
18.45
19.4576271186
19.6666666667
16.3333333333
16.6166666667
17.1833333333
18.9830508475
19.0333333333
18.95
20.1333333333
17.2666666667
18.9833333333
17.8983050847
17.15
18.2
18.3833333333
18.9166666667
18.3389830508
16.9666666667
16.75
18.25
17.45
17.9322033898
18.1
17.45
17.7166666667
18.7333333333
19.1355932203
18.1833333333
19.35
18.7166666667
18.5666666667
19.4237288136
18.75
18.7
21.2833333333
16.95
16.8305084746
16.65
18.2833333333
17.8333333333
17.55
18.9830508475
19.0833333333
18.25
17.6166666667
19.1333333333
17.4406779661
19.45
17.5087719298
--END OF 2--
18.8333333333
19.8
20.2166666667
17.6666666667
17.8833333333
19.7966101695
18.5
20.5
19.05
18.3
19.55
20.1525423729
19.9833333333
16.5833333333
17.1666666667
17.6166666667
19.5254237288
19.3166666667
19.35
20.3833333333
18.0666666667
19.3
18.7118644068
19.85
18.9
18.4333333333
19.6
18.7796610169
17.4166666667
17.0666666667
19.4
18.2333333333
18.0
18.55
18.1
17.75
20.1166666667
20.2711864407
19.0833333333
19.45
19.75
19.3666666667
21.1016949153
19.85
19.2166666667
22.3
17.25
17.5762711864
17.35
19.8833333333
18.55
18.1166666667
18.9830508475
19.4333333333
18.95
17.9166666667
19.3833333333
17.6949152542
20.0333333333
17.9298245614
--END OF 3--
11.9
13.7833333333
12.5166666667
13.0666666667
12.8166666667
13.1016949153
13.75
12.9
13.2
13.15
13.2
13.8644067797
13.8
12.5
12.3333333333
12.85
13.5762711864
13.45
13.35
14.7166666667
13.1
13.1666666667
12.6440677966
12.35
13.0
12.9333333333
13.1
13.5423728814
12.8333333333
12.5833333333
12.9833333333
12.8666666667
13.2881355932
12.0833333333
12.1666666667
12.85
13.5333333333
14.3050847458
13.6833333333
14.55
12.9
13.4666666667
14.5593220339
13.7
13.0333333333
14.65
12.1
12.5593220339
12.2
13.2
13.2
12.6833333333
13.5254237288
13.2666666667
13.2
12.9666666667
13.5833333333
13.3389830508
14.3166666667
12.7543859649
--END OF 4--
18.6166666667
18.65
19.4166666667
16.7166666667
17.25
18.5593220339
18.15
17.8
18.2
17.15
18.45
19.4576271186
19.6666666667
16.3333333333
16.6166666667
17.1833333333
18.9830508475
19.0333333333
18.95
20.1333333333
17.2666666667
18.9833333333
17.8983050847
17.15
18.2
18.3833333333
18.9166666667
18.3389830508
16.9666666667
16.75
18.25
17.45
17.9322033898
18.1
17.45
17.7166666667
18.7333333333
19.1355932203
18.1833333333
19.35
18.7166666667
18.5666666667
19.4237288136
18.75
18.7
21.2833333333
16.95
16.8305084746
16.65
18.2833333333
17.8333333333
17.55
18.9830508475
19.0833333333
18.25
17.6166666667
19.1333333333
17.4406779661
19.45
17.5087719298
--END OF 5--
18.8333333333
19.8
20.2166666667
17.6666666667
17.8833333333
19.7966101695
18.5
20.5
19.05
18.3
19.55
20.1525423729
19.9833333333
16.5833333333
17.1666666667
17.6166666667
19.5254237288
19.3166666667
19.35
20.3833333333
18.0666666667
19.3
18.7118644068
19.85
18.9
18.4333333333
19.6
18.7796610169
17.4166666667
17.0666666667
19.4
18.2333333333
18.0
18.55
18.1
17.75
20.1166666667
20.2711864407
19.0833333333
19.45
19.75
19.3666666667
21.1016949153
19.85
19.2166666667
22.3
17.25
17.5762711864
17.35
19.8833333333
18.55
18.1166666667
18.9830508475
19.4333333333
18.95
17.9166666667
19.3833333333
17.6949152542
20.0333333333
17.9298245614
--END OF 6--
2432.6
2630.5
2554.8
2580.2
2503.45
2536.83050847
2563.35
2517.0
2533.05
2492.7
2497.65
2598.25423729
2543.55
2359.65
2447.65
2427.15
2499.15254237
2578.75
2457.2
2726.3
2587.25
2499.6
2354.33898305
2450.1
2479.8
2474.25
2479.1
2633.33898305
2434.25
2397.0
2420.2
2458.75
2487.76271186
2404.55
2319.6
2484.3
2563.65
2578.42372881
2564.1
2685.75
2502.5
2568.0
2668.57627119
2508.3
2463.1
2751.45
2308.7
2400.45762712
2457.45
2552.45
2527.0
2415.6
2566.52542373
2482.5
2567.7
2492.55
2624.85
2514.0
2622.45
2421.31578947
--END OF 7--
665.266666667
732.65
714.75
697.1
687.233333333
707.084745763
708.95
701.25
706.15
685.35
702.75
725.084745763
728.333333333
654.1
665.633333333
684.183333333
709.050847458
713.366666667
698.366666667
770.9
710.483333333
712.783333333
664.322033898
683.95
691.95
690.85
693.633333333
732.661016949
672.433333333
657.766666667
681.75
679.266666667
707.576271186
679.6
659.583333333
686.25
706.7
743.101694915
712.85
744.4
697.2
716.6
750.949152542
710.766666667
697.633333333
774.266666667
642.566666667
662.93220339
682.1
713.716666667
701.6
677.833333333
710.050847458
696.933333333
711.85
700.6
730.9
699.813559322
745.033333333
680.157894737
--END OF 8--
132.283333333
101.866666667
124.483333333
86.4333333333
106.666666667
114.322033898
98.0
102.7
102.05
94.4
105.35
103.93220339
122.35
96.0166666667
92.75
97.9
105.949152542
109.766666667
109.683333333
114.666666667
88.95
114.2
101.322033898
105.7
105.3
115.2
118.15
97.2542372881
96.8666666667
98.6
122.483333333
102.6
100.322033898
115.8
112.483333333
101.1
103.283333333
108.830508475
98.3
104.9
101.883333333
108.15
116.711864407
108.066666667
119.15
138.583333333
95.6833333333
89.3220338983
103.266666667
114.316666667
108.033333333
94.15
124.06779661
112.766666667
104.5
109.15
105.9
96.2372881356
106.616666667
109.175438596
--END OF 9--
4.16666666667
5.13333333333
6.53333333333
3.08333333333
3.86666666667
5.47457627119
4.1
7.55
4.95
3.65
5.75
6.67796610169
6.36666666667
1.71666666667
2.73333333333
2.98333333333
5.91525423729
3.91666666667
7.13333333333
4.55
3.75
4.06666666667
6.5593220339
8.3
5.5
5.8
4.43333333333
4.61016949153
3.51666666667
3.18333333333
6.88333333333
5.18333333333
3.35593220339
3.95
3.18333333333
3.63333333333
8.11666666667
6.13559322034
4.8
3.4
8.76666666667
4.7
6.84745762712
6.88333333333
3.86666666667
5.26666666667
3.6
3.79661016949
4.01666666667
3.8
2.18333333333
4.95
3.62711864407
5.08333333333
3.45
3.45
5.25
2.8813559322
5.46666666667
2.40350877193
--END OF 10--
0.383333333333
2.15
1.18333333333
1.68333333333
1.08333333333
1.64406779661
0.3
4.5
1.0
0.75
1.35
0.745762711864
0.55
0.35
1.05
0.65
0.0847457627119
0.483333333333
0.5
0.266666666667
0.733333333333
0.0
0.813559322034
3.2
1.0
0.1
1.06666666667
0.440677966102
0.5
0.566666666667
0.5
0.3
0.118644067797
0.8
1.0
0.0833333333333
2.03333333333
1.49152542373
1.75
0.55
1.25
1.05
2.23728813559
1.3
0.683333333333
1.56666666667
0.55
1.16949152542
1.11666666667
2.23333333333
1.31666666667
1.38333333333
0.135593220339
0.6
0.95
0.55
0.5
0.508474576271
1.01666666667
0.0
--END OF 11--
0.0
0.0
0.0
0.0
0.583333333333
0.423728813559
0.0
0.5
0.0
0.0
0.0
0.0
0.0
0.0
0.283333333333
0.216666666667
0.0
0.0
0.0
0.0
0.5
0.0
0.0
0.5
0.5
0.0
0.0
0.0
0.0
0.0
0.5
0.0
0.0
0.0
0.0
0.0
0.533333333333
0.474576271186
0.0
0.1
0.616666666667
0.65
0.0
0.5
0.5
0.0
0.0
0.0
0.0
1.0
0.0
0.0
0.0
0.0
0.0
0.0
0.0
0.0
0.0
0.0
--END OF 12--
