26.1
25.5333333333
24.3666666667
26.3220338983
24.1666666667
24.9
24.7333333333
25.0
24.4166666667
25.0169491525
25.7833333333
24.3833333333
25.35
25.6
25.2833333333
25.7966101695
26.0666666667
26.2166666667
25.9
25.6833333333
26.7833333333
25.813559322
24.4666666667
25.8
25.8
25.4333333333
25.95
25.813559322
26.15
24.8833333333
24.6666666667
24.4
25.7966101695
27.05
25.75
25.5833333333
25.7666666667
26.5
26.0169491525
27.5333333333
26.8
27.8333333333
25.2833333333
26.1833333333
26.4745762712
26.75
27.15
27.5166666667
26.7833333333
25.8305084746
26.4166666667
27.2666666667
27.4333333333
27.2333333333
25.8833333333
26.7118644068
26.2333333333
26.05
25.6666666667
25.5263157895
--END OF 1--
38.5666666667
37.1
34.8333333333
38.2033898305
35.8833333333
36.65
36.2333333333
33.5166666667
33.4666666667
36.5254237288
35.3666666667
32.75
36.2666666667
37.25
34.8
38.1186440678
35.2666666667
36.95
37.75
36.0
37.6166666667
38.0
34.2166666667
36.3166666667
36.6166666667
35.5166666667
36.8
36.2542372881
37.25
36.0666666667
35.3333333333
34.0333333333
35.0508474576
37.9166666667
36.1333333333
36.6333333333
36.4666666667
38.35
37.1186440678
38.0833333333
38.25
36.2666666667
35.1333333333
36.45
38.0508474576
38.5
40.0833333333
39.15
38.6833333333
37.1016949153
38.2
38.5333333333
36.5833333333
37.8166666667
35.0333333333
40.9830508475
38.3166666667
37.2833333333
36.2833333333
37.701754386
--END OF 2--
41.3
38.4833333333
35.4666666667
38.6440677966
36.7833333333
37.9666666667
37.2166666667
34.6666666667
33.6333333333
38.6271186441
35.75
33.2
37.0333333333
39.35
36.0666666667
39.5762711864
36.1166666667
37.6166666667
39.7833333333
36.7333333333
38.1166666667
39.3898305085
36.3666666667
37.2833333333
38.05
36.2166666667
37.65
37.3389830508
40.0833333333
38.1166666667
36.3
35.2333333333
35.7118644068
40.6666666667
37.0333333333
37.6333333333
37.6166666667
39.1
37.9661016949
39.0333333333
40.0
37.65
36.15
36.7166666667
38.5593220339
40.1166666667
42.5833333333
39.7333333333
40.65
38.1186440678
40.3666666667
39.3166666667
38.0333333333
39.0666666667
35.6333333333
41.5762711864
41.1
39.25
37.1666666667
39.649122807
--END OF 3--
22.85
22.7833333333
22.1166666667
23.3220338983
22.0666666667
22.4833333333
22.45
22.4333333333
22.1833333333
22.3220338983
22.9
22.1833333333
22.5833333333
22.7833333333
22.7166666667
22.9152542373
23.2
23.1333333333
22.95
22.9333333333
23.65
23.2203389831
22.5333333333
22.9333333333
23.1
22.7666666667
22.8666666667
23.0338983051
23.2
22.6833333333
22.5333333333
22.5666666667
23.1525423729
23.75
22.9166666667
22.8833333333
22.9
23.5
23.1355932203
23.9166666667
23.5166666667
24.05
22.6666666667
22.8833333333
23.4745762712
23.5833333333
23.7333333333
23.8833333333
23.6333333333
23.0338983051
23.4
23.9666666667
23.9833333333
23.7166666667
23.0833333333
23.5254237288
23.2833333333
23.1
23.0
22.8947368421
--END OF 4--
34.7666666667
33.9166666667
32.4833333333
34.6440677966
32.9333333333
33.6333333333
33.45
31.75
31.65
33.3728813559
32.8833333333
31.35
33.2666666667
33.8833333333
32.5166666667
34.6101694915
32.9666666667
33.7333333333
34.4
33.4
34.4666666667
34.593220339
32.35
33.3166666667
33.6833333333
32.7166666667
33.5166666667
33.5423728814
34.1666666667
33.5333333333
33.0166666667
32.2833333333
32.7966101695
34.7833333333
33.3833333333
33.5833333333
33.6333333333
34.8
33.9830508475
34.6333333333
34.65
33.45
32.65
33.3166666667
34.5254237288
34.9
35.85
35.3666666667
35.0333333333
33.8644067797
34.7833333333
34.9
33.8833333333
34.5833333333
32.8333333333
36.4915254237
34.8
34.1166666667
33.5
34.3333333333
--END OF 5--
41.1
38.4833333333
35.4666666667
38.6440677966
36.7833333333
37.9666666667
37.2166666667
34.6666666667
33.6333333333
38.6271186441
35.75
33.2
37.0333333333
39.35
36.0666666667
39.5762711864
36.1166666667
37.6166666667
39.7833333333
36.7333333333
38.1166666667
39.3898305085
36.3666666667
37.2833333333
38.05
36.2166666667
37.65
37.3389830508
40.0833333333
38.1166666667
36.3
35.2333333333
35.7118644068
40.6666666667
37.0333333333
37.6333333333
37.6166666667
39.1
37.9661016949
39.0333333333
40.0
37.65
36.15
36.7166666667
38.5593220339
40.1166666667
42.5833333333
39.7333333333
40.65
38.1186440678
40.3666666667
39.3166666667
38.0333333333
39.0666666667
35.6333333333
41.5762711864
41.1
39.25
37.1666666667
39.649122807
--END OF 6--
4871.9
4682.0
4601.1
4850.13559322
4655.7
4711.05
4601.6
4596.0
4538.75
4829.18644068
4721.1
4497.0
4606.3
4739.1
4572.05
4801.27118644
4751.45
4762.95
4842.15
4692.25
4809.7
4745.94915254
4511.45
4755.85
4815.85
4765.45
4792.55
4765.22033898
4715.95
4658.05
4340.0
4545.65
4547.79661017
4928.55
4709.95
4746.45
4805.45
4890.6
4707.10169492
4868.25
4965.4
4997.9
4694.25
4840.6
4788.20338983
4831.25
4915.55
4964.7
4854.55
4776.81355932
4800.65
4973.0
4842.15
4935.65
4729.95
4936.83050847
4779.9
4891.1
4922.25
4658.47368421
--END OF 7--
1380.71666667
1322.58333333
1272.56666667
1362.08474576
1297.06666667
1313.56666667
1297.51666667
1302.56666667
1280.93333333
1345.15254237
1318.55
1250.76666667
1301.13333333
1335.71666667
1284.63333333
1343.74576271
1311.38333333
1365.66666667
1364.7
1309.91666667
1369.7
1338.03389831
1255.13333333
1323.56666667
1344.6
1325.51666667
1342.23333333
1314.69491525
1323.43333333
1303.65
1240.8
1242.86666667
1287.44067797
1377.6
1321.53333333
1338.65
1341.03333333
1358.35
1337.01694915
1372.53333333
1369.5
1373.61666667
1321.51666667
1356.7
1355.86440678
1379.15
1396.18333333
1396.13333333
1349.91666667
1312.44067797
1365.78333333
1389.51666667
1366.35
1391.15
1296.15
1383.40677966
1346.86666667
1345.88333333
1348.08333333
1317.15789474
--END OF 8--
234.766666667
241.466666667
211.95
233.423728814
215.366666667
226.266666667
230.016666667
179.816666667
207.716666667
227.983050847
207.883333333
201.35
221.983333333
239.55
219.516666667
233.355932203
197.1
210.55
223.8
216.733333333
223.833333333
236.796610169
216.483333333
209.866666667
211.2
204.5
224.733333333
214.423728814
234.1
226.566666667
225.716666667
203.966666667
207.677966102
229.966666667
220.833333333
236.0
229.0
228.5
222.542372881
228.783333333
234.716666667
210.216666667
217.733333333
214.916666667
243.711864407
245.433333333
246.75
246.55
245.683333333
235.152542373
224.55
234.25
201.65
218.3
202.95
249.847457627
231.333333333
219.916666667
206.216666667
246.263157895
--END OF 9--
15.9666666667
9.33333333333
8.56666666667
8.66101694915
10.35
11.3833333333
9.51666666667
4.78333333333
3.05
9.45762711864
4.51666666667
5.03333333333
11.3833333333
10.7333333333
6.76666666667
13.1016949153
7.65
7.75
9.75
7.91666666667
6.53333333333
12.3220338983
9.61666666667
12.1166666667
10.95
8.16666666667
9.23333333333
9.64406779661
15.6166666667
10.05
11.0333333333
7.86666666667
4.05084745763
12.9333333333
7.41666666667
7.85
6.36666666667
13.3
7.05084745763
9.15
13.9833333333
7.85
8.76666666667
11.1166666667
7.16949152542
9.1
17.2166666667
9.88333333333
13.8
11.6779661017
14.0333333333
9.8
9.35
7.36666666667
7.2
15.593220339
14.4166666667
10.9833333333
8.8
10.9298245614
--END OF 10--
4.25
2.38333333333
0.683333333333
0.796610169492
1.43333333333
2.16666666667
1.88333333333
1.51666666667
0.3
2.1186440678
0.783333333333
0.5
0.916666666667
3.5
1.35
2.0
0.583333333333
0.883333333333
3.65
1.5
0.75
1.91525423729
3.11666666667
1.3
2.23333333333
0.666666666667
1.26666666667
1.89830508475
4.26666666667
2.66666666667
1.16666666667
1.5
1.22033898305
3.55
1.03333333333
0.3
1.51666666667
1.5
1.13559322034
1.46666666667
1.21666666667
2.13333333333
1.48333333333
0.3
0.694915254237
2.55
3.25
1.1
3.16666666667
1.47457627119
3.5
1.26666666667
2.35
1.55
1.1
0.525423728814
4.31666666667
2.73333333333
1.55
3.40350877193
--END OF 11--
0.0
0.0
0.0
0.0
0.0
0.466666666667
0.0
0.5
0.0
0.0
0.0
0.0
0.0
0.166666666667
0.55
0.220338983051
0.0
0.0
0.0
0.0
0.0
0.440677966102
1.08333333333
0.55
0.116666666667
0.5
0.0833333333333
0.338983050847
0.116666666667
0.0833333333333
0.0
0.366666666667
0.135593220339
0.866666666667
0.433333333333
0.0
0.466666666667
0.0
0.237288135593
0.466666666667
0.383333333333
0.85
0.266666666667
0.0
0.0
0.466666666667
0.7
0.0
0.5
0.203389830508
0.366666666667
0.233333333333
0.35
0.15
0.0
0.0
0.05
0.216666666667
0.0
0.298245614035
--END OF 12--
