15.0
16.5166666667
16.8666666667
16.9166666667
16.6833333333
16.1694915254
16.3166666667
17.5
15.9166666667
17.1666666667
16.2833333333
17.6271186441
17.2
16.7333333333
16.7833333333
15.3166666667
17.9333333333
16.9661016949
16.95
16.7
16.4833333333
16.5
15.0833333333
16.4576271186
17.1833333333
16.8833333333
15.7
16.15
16.9661016949
17.2
17.35
16.9333333333
17.65
16.5
15.7627118644
16.45
15.6666666667
17.25
16.9
17.2881355932
16.7666666667
16.8833333333
15.9333333333
17.7833333333
17.4833333333
16.1694915254
17.1333333333
15.7166666667
17.1333333333
15.8333333333
16.1666666667
16.5423728814
17.75
16.9
16.95
17.15
17.5333333333
16.4745762712
16.8166666667
16.5614035088
--END OF 1--
20.15
22.7166666667
23.0166666667
23.7
24.5333333333
22.3220338983
21.6833333333
23.1666666667
21.85
23.25
22.0
23.5084745763
23.2333333333
23.6333333333
22.35
21.9666666667
24.7666666667
23.593220339
23.1
23.85
23.9333333333
22.2
21.9833333333
22.6440677966
23.2333333333
23.65
22.45
23.2166666667
22.3389830508
22.9666666667
23.3
23.3166666667
22.4166666667
22.4666666667
21.0338983051
22.15
21.2166666667
22.6166666667
24.0166666667
23.2711864407
23.4333333333
22.55
23.0666666667
24.4833333333
23.0333333333
22.4576271186
23.8666666667
21.75
23.2166666667
21.9833333333
22.0666666667
22.7457627119
23.5
24.15
22.9166666667
23.3
22.6833333333
21.3728813559
21.8166666667
22.8771929825
--END OF 2--
21.15
23.5666666667
23.8666666667
25.3166666667
25.6833333333
23.6440677966
22.2333333333
23.7
22.4666666667
23.8333333333
22.0666666667
23.8474576271
24.7166666667
24.2
23.2666666667
22.4166666667
25.3166666667
24.7966101695
23.35
24.8
24.7166666667
22.75
22.4833333333
23.6610169492
24.0166666667
24.2333333333
23.0833333333
24.05
24.3559322034
23.2833333333
23.7666666667
23.5666666667
22.7666666667
24.6
22.4576271186
23.35
21.6666666667
23.25
24.75
23.9152542373
24.4333333333
23.4833333333
24.4166666667
25.3166666667
23.4166666667
23.2203389831
24.0833333333
22.1333333333
23.9166666667
22.3833333333
23.1
24.1186440678
24.05
24.35
23.2
24.75
22.7333333333
22.9661016949
22.55
24.298245614
--END OF 3--
15.0
16.5166666667
16.8666666667
16.9166666667
16.6833333333
16.1694915254
16.3166666667
17.5
15.9166666667
17.1666666667
16.2833333333
17.6271186441
17.2
16.7333333333
16.7833333333
15.3166666667
17.9333333333
16.9661016949
16.95
16.7
16.4833333333
16.5
15.0833333333
16.4576271186
17.1833333333
16.8833333333
15.7
16.15
16.9661016949
17.2
17.35
16.9333333333
17.65
16.5
15.7627118644
16.45
15.6666666667
17.25
16.9
17.2881355932
16.7666666667
16.8833333333
15.9333333333
17.7833333333
17.4833333333
16.1694915254
17.1333333333
15.7166666667
17.1333333333
15.8333333333
16.1666666667
16.5423728814
17.75
16.9
16.95
17.15
17.5333333333
16.4745762712
16.8166666667
16.5614035088
--END OF 4--
20.15
22.7166666667
23.0166666667
23.7
24.5333333333
22.3220338983
21.6833333333
23.1666666667
21.85
23.25
22.0
23.5084745763
23.2333333333
23.6333333333
22.35
21.9666666667
24.7666666667
23.593220339
23.1
23.85
23.9333333333
22.2
21.9833333333
22.6440677966
23.2333333333
23.65
22.45
23.2166666667
22.3389830508
22.9666666667
23.3
23.3166666667
22.4166666667
22.4666666667
21.0338983051
22.15
21.2166666667
22.6166666667
24.0166666667
23.2711864407
23.4333333333
22.55
23.0666666667
24.4833333333
23.0333333333
22.4576271186
23.8666666667
21.75
23.2166666667
21.9833333333
22.0666666667
22.7457627119
23.5
24.15
22.9166666667
23.3
22.6833333333
21.3728813559
21.8166666667
22.8771929825
--END OF 5--
21.15
23.5666666667
23.8666666667
25.3166666667
25.6833333333
23.6440677966
22.2333333333
23.7
22.4666666667
23.8333333333
22.0666666667
23.8474576271
24.7166666667
24.2
23.2666666667
22.4166666667
25.3166666667
24.7966101695
23.35
24.8
24.7166666667
22.75
22.4833333333
23.6610169492
24.0166666667
24.2333333333
23.0833333333
24.05
24.3559322034
23.2833333333
23.7666666667
23.5666666667
22.7666666667
24.6
22.4576271186
23.35
21.6666666667
23.25
24.75
23.9152542373
24.4333333333
23.4833333333
24.4166666667
25.3166666667
23.4166666667
23.2203389831
24.0833333333
22.1333333333
23.9166666667
22.3833333333
23.1
24.1186440678
24.05
24.35
23.2
24.75
22.7333333333
22.9661016949
22.55
24.298245614
--END OF 6--
2946.9
3190.2
3125.9
3352.2
3280.5
3077.6440678
3008.75
3174.05
3039.35
3291.4
3200.45
3300.45762712
3167.65
3145.3
3163.5
3084.4
3253.1
3197.44067797
3220.05
3207.15
3181.25
3144.15
3029.15
3224.89830508
3325.1
3238.95
3151.9
3151.45
3145.37288136
3195.75
3245.1
3261.85
3275.45
3209.4
3233.44067797
3164.25
3051.45
3181.75
3290.65
3336.66101695
3218.75
3240.35
3133.3
3275.1
3318.25
3071.6440678
3160.85
3102.1
3217.35
3189.45
3095.3
3225.05084746
3309.9
3224.25
3127.75
3266.7
3189.6
3049.06779661
3119.6
3267.31578947
--END OF 7--
802.15
881.95
898.15
916.566666667
899.4
838.966101695
841.866666667
897.5
849.433333333
910.933333333
878.75
915.559322034
874.416666667
879.733333333
889.45
852.0
917.233333333
879.169491525
887.3
883.45
888.25
887.8
839.033333333
891.779661017
907.833333333
903.466666667
876.0
889.5
879.06779661
893.616666667
894.866666667
902.566666667
905.85
888.35
862.0
879.6
859.1
882.75
909.733333333
905.203389831
904.9
884.1
871.8
924.816666667
910.183333333
853.06779661
903.65
848.4
904.35
857.9
857.2
863.254237288
915.65
896.8
879.95
886.15
884.5
843.983050847
859.383333333
890.684210526
--END OF 8--
118.7
127.1
122.266666667
131.383333333
162.5
123.254237288
120.866666667
124.616666667
126.6
134.75
123.3
137.779661017
142.116666667
149.2
106.65
126.916666667
145.916666667
138.372881356
131.4
132.5
136.866666667
117.8
133.966666667
122.271186441
141.933333333
143.416666667
128.7
144.866666667
125.322033898
130.233333333
132.866666667
140.7
125.633333333
139.766666667
126.237288136
125.45
120.55
136.016666667
147.433333333
130.661016949
141.266666667
126.05
139.316666667
143.216666667
119.7
119.305084746
135.916666667
112.783333333
132.683333333
128.116666667
123.466666667
128.084745763
124.5
138.5
128.8
130.05
116.9
114.338983051
124.483333333
130.263157895
--END OF 9--
4.35
5.65
8.63333333333
11.0333333333
7.25
6.23728813559
3.98333333333
5.4
5.28333333333
4.6
3.1
4.81355932203
5.78333333333
4.18333333333
6.11666666667
3.86666666667
6.05
8.16949152542
3.9
8.05
7.56666666667
3.3
5.43333333333
8.06779661017
3.53333333333
7.05
7.93333333333
6.15
6.4406779661
3.56666666667
3.01666666667
4.96666666667
2.35
6.7
5.45762711864
6.45
2.8
3.65
8.4
4.84745762712
6.3
7.48333333333
6.7
5.3
2.66666666667
5.10169491525
3.2
4.6
5.31666666667
3.86666666667
4.8
6.27118644068
4.2
3.95
4.58333333333
6.55
2.5
5.22033898305
2.95
6.15789473684
--END OF 10--
1.95
1.35
0.4
1.48333333333
1.95
1.69491525424
0.833333333333
0.866666666667
0.633333333333
0.783333333333
0.216666666667
0.0508474576271
2.9
0.55
1.33333333333
0.0
0.5
1.25423728814
0.2
1.0
0.766666666667
0.75
0.516666666667
1.01694915254
0.583333333333
0.9
0.616666666667
1.48333333333
3.49152542373
0.65
0.45
0.5
0.15
3.06666666667
1.64406779661
1.75
0.5
0.7
0.983333333333
0.983050847458
1.31666666667
1.68333333333
2.35
1.25
0.583333333333
0.71186440678
0.166666666667
0.333333333333
1.2
0.8
1.4
2.13559322034
0.5
0.2
0.566666666667
2.0
0.0
2.32203389831
1.21666666667
1.68421052632
--END OF 11--
0.6
0.2
0.0
0.433333333333
0.5
0.864406779661
0.65
0.133333333333
0.366666666667
0.0
0.0
0.0
0.0
0.0
0.5
0.0
0.0666666666667
0.779661016949
0.2
0.5
0.0
0.0
0.0
0.508474576271
0.0
0.0
0.0
0.0
0.474576271186
0.0333333333333
0.0
0.0
0.0
0.466666666667
0.0338983050847
0.0
0.0
0.0
0.616666666667
0.949152542373
0.116666666667
0.0833333333333
0.916666666667
0.233333333333
0.266666666667
0.0
0.0
0.0
0.166666666667
0.0
0.533333333333
0.474576271186
0.0
0.0
0.266666666667
0.0
0.0
0.508474576271
0.0
0.631578947368
--END OF 12--
