14.4666666667
16.3559322034
16.7833333333
15.55
16.9166666667
16.7833333333
16.2166666667
16.05
17.1016949153
17.65
16.7666666667
16.0833333333
16.7833333333
16.2666666667
16.7627118644
16.85
16.8
16.75
16.25
16.4
15.2881355932
15.9333333333
16.1833333333
16.7833333333
18.0666666667
16.5254237288
14.9333333333
15.5333333333
15.1333333333
16.4333333333
16.9491525424
15.2666666667
16.55
16.6166666667
15.2833333333
16.65
16.4745762712
15.3
16.85
16.8666666667
16.9666666667
16.1166666667
15.8644067797
16.1
18.3666666667
17.4
16.6666666667
16.85
17.4915254237
15.4
16.1166666667
16.9833333333
16.2833333333
17.2372881356
16.1333333333
16.6333333333
15.9166666667
16.05
15.9833333333
15.4528301887
--END OF 1--
20.1666666667
20.7118644068
21.95
21.6333333333
23.5833333333
23.2666666667
22.55
22.3166666667
22.7627118644
23.4333333333
22.3666666667
22.0
22.8166666667
21.8166666667
21.9152542373
22.75
23.4
22.15
22.6
22.4
21.9322033898
21.8833333333
21.85
21.4833333333
23.05
23.0508474576
22.3333333333
20.9666666667
21.25
23.35
21.9491525424
20.3666666667
22.45
22.4166666667
20.0833333333
20.6
22.7966101695
20.4333333333
22.8833333333
22.3666666667
23.45
21.0333333333
22.8474576271
22.1333333333
23.8
23.0833333333
22.5833333333
22.8833333333
23.593220339
21.1
22.1166666667
22.5166666667
22.0
22.4406779661
22.85
23.3666666667
22.75
22.1166666667
21.5166666667
20.3018867925
--END OF 2--
20.2166666667
21.7118644068
22.0666666667
22.2833333333
24.8166666667
23.8
22.95
23.2166666667
23.0
23.9833333333
22.8
22.3166666667
24.3
23.1333333333
23.0169491525
23.3333333333
24.35
22.8
25.05
22.7
22.3220338983
22.8166666667
22.5
21.9
24.55
23.2711864407
23.0166666667
21.6666666667
22.9
23.5333333333
21.9491525424
20.3666666667
22.45
23.6166666667
21.2333333333
21.15
23.9661016949
21.7333333333
24.1833333333
23.0333333333
23.6833333333
21.6333333333
23.9661016949
23.0333333333
25.2
24.5833333333
23.8166666667
23.3166666667
24.2033898305
21.15
22.6333333333
23.6
23.3333333333
22.9830508475
23.45
24.3666666667
23.3166666667
23.4166666667
21.65
21.0188679245
--END OF 3--
14.4666666667
16.3559322034
16.7833333333
15.55
16.9166666667
16.7833333333
16.2166666667
16.05
17.1016949153
17.65
16.7666666667
16.0833333333
16.7833333333
16.2666666667
16.7627118644
16.85
16.8
16.75
16.25
16.4
15.2881355932
15.9333333333
16.1833333333
16.7833333333
18.0666666667
16.5254237288
14.9333333333
15.5333333333
15.1333333333
16.4333333333
16.9491525424
15.2666666667
16.55
16.6166666667
15.2833333333
16.65
16.4745762712
15.3
16.85
16.8666666667
16.9666666667
16.1166666667
15.8644067797
16.1
18.3666666667
17.4
16.6666666667
16.85
17.4915254237
15.4
16.1166666667
16.9833333333
16.2833333333
17.2372881356
16.1333333333
16.6333333333
15.9166666667
16.05
15.9833333333
15.4528301887
--END OF 4--
20.1666666667
20.7118644068
21.95
21.6333333333
23.5833333333
23.2666666667
22.55
22.3166666667
22.7627118644
23.4333333333
22.3666666667
22.0
22.8166666667
21.8166666667
21.9152542373
22.75
23.4
22.15
22.6
22.4
21.9322033898
21.8833333333
21.85
21.4833333333
23.05
23.0508474576
22.3333333333
20.9666666667
21.25
23.35
21.9491525424
20.3666666667
22.45
22.4166666667
20.0833333333
20.6
22.7966101695
20.4333333333
22.8833333333
22.3666666667
23.45
21.0333333333
22.8474576271
22.1333333333
23.8
23.0833333333
22.5833333333
22.8833333333
23.593220339
21.1
22.1166666667
22.5166666667
22.0
22.4406779661
22.85
23.3666666667
22.75
22.1166666667
21.5166666667
20.3018867925
--END OF 5--
20.2166666667
21.7118644068
22.0666666667
22.2833333333
24.8166666667
23.8
22.95
23.2166666667
23.0
23.9833333333
22.8
22.3166666667
24.3
23.1333333333
23.0169491525
23.3333333333
24.35
22.8
25.05
22.7
22.3220338983
22.8166666667
22.5
21.9
24.55
23.2711864407
23.0166666667
21.6666666667
22.9
23.5333333333
21.9491525424
20.3666666667
22.45
23.6166666667
21.2333333333
21.15
23.9661016949
21.7333333333
24.1833333333
23.0333333333
23.6833333333
21.6333333333
23.9661016949
23.0333333333
25.2
24.5833333333
23.8166666667
23.3166666667
24.2033898305
21.15
22.6333333333
23.6
23.3333333333
22.9830508475
23.45
24.3666666667
23.3166666667
23.4166666667
21.65
21.0188679245
--END OF 6--
2886.75
3065.6440678
3165.25
2921.45
3163.15
3219.15
3157.45
3115.55
3346.42372881
3295.95
3081.35
3016.35
3174.25
3121.5
3111.20338983
3196.75
3136.35
3183.9
3105.6
3064.65
3016.01694915
3065.1
3018.8
3162.05
3324.2
3271.77966102
3055.7
2967.15
3049.8
3122.8
3146.03389831
2985.15
3037.65
3127.65
3057.15
3053.1
3184.3220339
2974.25
3243.55
3160.2
3200.7
3025.55
3067.3220339
3058.05
3443.3
3276.95
3188.95
3262.8
3297.0
3052.95
2946.0
3089.3
3030.95
3154.83050847
3104.8
3248.85
3011.65
3116.35
3030.8
3021.90566038
--END OF 7--
790.9
848.050847458
862.6
822.75
886.25
888.85
861.9
846.633333333
914.118644068
916.383333333
871.0
838.516666667
870.183333333
848.633333333
866.559322034
876.533333333
880.0
867.3
862.4
849.1
821.033898305
848.416666667
846.25
856.983333333
907.516666667
890.745762712
831.883333333
832.95
844.733333333
867.833333333
856.050847458
818.85
861.6
860.1
831.75
844.3
884.593220339
824.783333333
888.4
875.716666667
875.083333333
829.166666667
855.627118644
865.6
937.15
904.8
892.816666667
899.4
912.576271186
841.8
814.65
857.066666667
856.3
888.779661017
871.316666667
896.333333333
839.383333333
859.083333333
845.9
830.679245283
--END OF 8--
117.75
105.13559322
118.233333333
122.366666667
123.716666667
126.7
135.866666667
137.566666667
118.93220339
132.95
125.533333333
123.05
122.716666667
124.233333333
125.457627119
138.783333333
134.65
121.1
128.5
130.7
127.237288136
127.85
123.583333333
120.85
122.183333333
120.661016949
145.6
123.45
115.45
138.066666667
116.355932203
112.35
122.25
136.65
115.0
116.15
131.406779661
122.116666667
126.266666667
117.383333333
126.183333333
117.1
135.338983051
115.75
141.183333333
127.316666667
139.383333333
124.366666667
136.644067797
121.5
131.966666667
131.283333333
120.95
108.93220339
133.116666667
127.583333333
131.716666667
129.983333333
126.85
119.566037736
--END OF 9--
3.15
2.52542372881
2.46666666667
5.63333333333
9.06666666667
5.88333333333
6.3
5.6
3.74576271186
3.03333333333
4.03333333333
4.28333333333
8.25
6.66666666667
5.4406779661
4.31666666667
5.65
4.5
9.05
5.2
4.01694915254
4.45
6.21666666667
3.31666666667
6.75
5.32203389831
8.06666666667
4.53333333333
7.78333333333
4.75
2.84745762712
1.35
4.05
4.4
5.75
1.5
4.54237288136
3.95
7.68333333333
7.91666666667
4.16666666667
2.66666666667
6.32203389831
9.11666666667
4.13333333333
6.31666666667
5.48333333333
5.83333333333
4.22033898305
2.2
4.78333333333
6.03333333333
5.75
4.93220338983
6.13333333333
7.68333333333
8.85
7.6
4.6
5.22641509434
--END OF 10--
0.0
1.86440677966
0.166666666667
1.0
1.93333333333
0.816666666667
0.55
1.48333333333
0.35593220339
0.933333333333
0.366666666667
0.133333333333
2.16666666667
1.33333333333
1.52542372881
0.5
1.0
0.5
3.15
0.5
0.64406779661
1.4
0.8
0.5
2.01666666667
0.186440677966
1.21666666667
0.766666666667
2.3
0.233333333333
0.0
0.0
0.05
1.8
2.1
0.85
1.81355932203
1.46666666667
1.83333333333
1.01666666667
0.0833333333333
0.75
1.08474576271
0.966666666667
1.66666666667
2.25
1.88333333333
1.1
1.01694915254
0.1
0.5
1.36666666667
1.93333333333
1.05084745763
0.95
0.95
0.766666666667
1.5
0.133333333333
0.716981132075
--END OF 11--
0.0
0.0
0.0
0.0
0.5
0.0
0.0
0.5
0.0
0.0
0.0
0.0
0.0
0.0
0.0
0.0
0.0
0.0
0.5
0.0
0.457627118644
0.216666666667
0.0
0.0
0.5
0.0
0.0
0.466666666667
0.533333333333
0.0
0.0
0.0
0.0
0.5
0.0
0.6
0.406779661017
0.783333333333
0.216666666667
0.0
0.0
0.333333333333
0.508474576271
0.966666666667
0.533333333333
0.766666666667
0.733333333333
0.0
0.0
0.0
0.1
0.9
0.666666666667
0.0
0.283333333333
0.45
0.266666666667
0.0
0.0
0.0
--END OF 12--
