13.8833333333
13.8
13.7833333333
13.9666666667
13.7833333333
13.3666666667
14.6101694915
13.3666666667
12.6666666667
13.1333333333
14.0166666667
13.85
13.8644067797
13.4333333333
11.7
13.5
13.3666666667
12.5833333333
13.3389830508
13.8666666667
13.35
13.4666666667
11.5333333333
12.9322033898
12.3166666667
12.3
12.8
12.5666666667
11.9
12.2542372881
13.2833333333
12.4
12.0
11.6
12.35
12.6440677966
11.4833333333
11.6833333333
12.05
13.0666666667
11.6666666667
11.6610169492
10.05
11.1333333333
11.9
11.7166666667
11.8333333333
11.6610169492
11.3166666667
10.8666666667
11.3
10.9
12.2
11.6101694915
10.6833333333
10.8833333333
11.35
10.5833333333
11.3220338983
15.2040816327
--END OF 1--
18.15
19.8
19.45
19.3333333333
18.6333333333
18.6
19.7966101695
18.5166666667
17.2333333333
18.0333333333
19.2333333333
17.9333333333
18.5084745763
19.2333333333
16.65
18.6666666667
17.2666666667
17.1333333333
19.2711864407
19.2
18.1
17.6333333333
15.5333333333
17.2203389831
17.65
16.8
16.4666666667
17.45
15.9333333333
16.9152542373
17.5333333333
16.05
16.55
15.65
15.85
17.0847457627
16.9833333333
16.3333333333
17.3833333333
16.65
16.2666666667
16.4237288136
15.2166666667
15.5166666667
15.8833333333
16.3666666667
16.1333333333
15.2881355932
16.5
15.2666666667
14.6
15.6
16.95
15.7457627119
14.7
15.3
15.8166666667
14.3666666667
15.5593220339
19.4693877551
--END OF 2--
18.6166666667
21.0833333333
19.8166666667
19.6833333333
19.1666666667
18.9166666667
20.3220338983
19.55
17.8166666667
18.8
20.3
18.75
18.6101694915
19.6333333333
17.25
19.65
19.0666666667
17.9833333333
21.5084745763
19.9833333333
18.85
18.1833333333
15.75
17.7966101695
18.3333333333
17.1
16.4666666667
18.2
16.6833333333
17.5254237288
18.0833333333
16.3
16.7
17.0
15.85
17.7288135593
17.3
16.4166666667
18.3333333333
18.0
17.1166666667
17.6440677966
16.2333333333
15.6166666667
16.2333333333
17.5333333333
16.7833333333
15.3728813559
17.2166666667
16.1833333333
15.05
16.1
17.35
15.7457627119
14.7
15.3
15.8166666667
14.3666666667
15.5593220339
20.4693877551
--END OF 3--
13.8833333333
13.8
13.7833333333
13.9666666667
13.7833333333
13.3666666667
14.6101694915
13.3666666667
12.6666666667
13.1333333333
14.0166666667
13.85
13.8644067797
13.4333333333
11.7
13.5
13.3666666667
12.5833333333
13.3389830508
13.8666666667
13.35
13.4666666667
11.5333333333
12.9322033898
12.3166666667
12.3
12.8
12.5666666667
11.9
12.2542372881
13.2833333333
12.4
12.0
11.6
12.35
12.6440677966
11.4833333333
11.6833333333
12.05
13.0666666667
11.6666666667
11.6610169492
10.05
11.1333333333
11.9
11.7166666667
11.8333333333
11.6610169492
11.3166666667
10.8666666667
11.3
10.9
12.2
11.6101694915
10.6833333333
10.8833333333
11.35
10.5833333333
11.3220338983
15.2040816327
--END OF 4--
18.15
19.8
19.45
19.3333333333
18.6333333333
18.6
19.7966101695
18.5166666667
17.2333333333
18.0333333333
19.2333333333
17.9333333333
18.5084745763
19.2333333333
16.65
18.6666666667
17.2666666667
17.1333333333
19.2711864407
19.2
18.1
17.6333333333
15.5333333333
17.2203389831
17.65
16.8
16.4666666667
17.45
15.9333333333
16.9152542373
17.5333333333
16.05
16.55
15.65
15.85
17.0847457627
16.9833333333
16.3333333333
17.3833333333
16.65
16.2666666667
16.4237288136
15.2166666667
15.5166666667
15.8833333333
16.3666666667
16.1333333333
15.2881355932
16.5
15.2666666667
14.6
15.6
16.95
15.7457627119
14.7
15.3
15.8166666667
14.3666666667
15.5593220339
19.4693877551
--END OF 5--
18.6166666667
21.0833333333
19.8166666667
19.6833333333
19.1666666667
18.9166666667
20.3220338983
19.55
17.8166666667
18.8
20.3
18.75
18.6101694915
19.6333333333
17.25
19.65
19.0666666667
17.9833333333
21.5084745763
19.9833333333
18.85
18.1833333333
15.75
17.7966101695
18.3333333333
17.1
16.4666666667
18.2
16.6833333333
17.5254237288
18.0833333333
16.3
16.7
17.0
15.85
17.7288135593
17.3
16.4166666667
18.3333333333
18.0
17.1166666667
17.6440677966
16.2333333333
15.6166666667
16.2333333333
17.5333333333
16.7833333333
15.3728813559
17.2166666667
16.1833333333
15.05
16.1
17.35
15.7457627119
14.7
15.3
15.8166666667
14.3666666667
15.5593220339
20.4693877551
--END OF 6--
2619.95
2732.55
2648.25
2726.25
2649.0
2579.25
2771.13559322
2585.6
2442.45
2524.9
2662.0
2535.25
2566.06779661
2574.6
2403.6
2531.05
2555.25
2540.55
2579.6440678
2644.5
2547.0
2494.1
2243.65
2436.20338983
2352.5
2353.0
2446.6
2429.5
2326.7
2356.88135593
2413.2
2320.05
2349.45
2190.6
2274.45
2311.06779661
2380.05
2295.0
2315.25
2367.6
2249.9
2243.74576271
2023.3
2216.9
2352.5
2206.4
2179.15
2137.93220339
2201.05
2057.4
2094.3
2194.2
2335.8
2176.27118644
2097.05
2157.8
2170.65
2049.85
2178.3559322
2796.55102041
--END OF 7--
732.25
734.15
743.316666667
730.1
722.883333333
727.183333333
774.169491525
726.85
672.833333333
688.7
739.166666667
724.716666667
727.796610169
728.35
654.6
727.866666667
712.7
698.35
712.915254237
727.383333333
691.5
693.0
612.933333333
671.966101695
661.216666667
658.866666667
679.133333333
682.483333333
654.933333333
663.813559322
677.65
645.35
645.75
610.15
631.65
655.389830508
661.533333333
654.8
645.65
667.733333333
623.55
652.745762712
573.316666667
616.116666667
648.933333333
624.866666667
616.633333333
597.644067797
613.033333333
585.183333333
590.9
604.75
658.85
611.101694915
577.083333333
608.366666667
602.366666667
574.45
607.457627119
774.87755102
--END OF 8--
99.6666666667
128.333333333
118.15
110.25
112.316666667
111.4
110.457627119
111.2
92.6333333333
104.233333333
107.75
91.8833333333
104.847457627
107.35
92.9
109.4
91.5
98.45
115.644067797
109.55
99.0666666667
89.7666666667
81.95
93.9491525424
96.6
91.9833333333
95.35
104.766666667
95.35
101.661016949
104.25
86.35
82.15
90.0
87.05
100.915254237
104.15
84.15
101.166666667
87.5
94.2666666667
95.9661016949
96.9
96.6333333333
77.6833333333
103.45
93.85
86.7457627119
92.7666666667
91.4666666667
71.9
87.6
95.05
92.9322033898
83.0666666667
85.5
103.133333333
85.3166666667
90.7627118644
100.0
--END OF 9--
1.38333333333
7.81666666667
2.6
5.45
3.23333333333
3.51666666667
3.50847457627
5.73333333333
5.81666666667
3.7
7.85
3.98333333333
2.16949152542
5.15
3.7
4.26666666667
4.05
3.9
8.84745762712
4.88333333333
6.3
4.21666666667
2.95
3.18644067797
8.28333333333
3.96666666667
0.916666666667
4.71666666667
4.7
5.57627118644
4.7
2.75
2.1
4.85
0.5
3.33898305085
5.23333333333
3.71666666667
7.81666666667
5.61666666667
4.5
5.03389830508
6.81666666667
3.16666666667
2.85
3.41666666667
4.38333333333
2.06779661017
4.85
5.15
3.05
4.95
2.6
1.89830508475
3.55
2.41666666667
2.93333333333
1.95
1.59322033898
3.51020408163
--END OF 10--
0.666666666667
1.33333333333
0.166666666667
0.5
0.916666666667
0.583333333333
0.830508474576
1.53333333333
0.883333333333
1.08333333333
1.11666666667
1.01666666667
0.64406779661
0.4
0.75
1.48333333333
2.2
1.65
3.03389830508
1.2
0.85
1.1
0.55
0.898305084746
1.15
0.483333333333
0.0
0.666666666667
0.333333333333
1.01694915254
0.45
0.35
0.35
1.85
0.0
0.745762711864
0.266666666667
0.166666666667
1.51666666667
1.05
0.583333333333
2.0
1.41666666667
0.133333333333
0.416666666667
1.75
0.833333333333
0.0
1.16666666667
1.28333333333
0.75
0.5
0.5
0.0
0.0
0.0
0.0
0.0
0.0
1.34693877551
--END OF 11--
0.5
0.5
0.0
0.5
0.0
0.0
0.0
0.0
0.0
0.5
0.0
0.0
0.0
0.0
0.5
0.0
0.65
0.35
0.491525423729
0.516666666667
0.5
0.933333333333
0.0666666666667
0.0
0.0
0.0
0.0
0.0
0.0
0.0
0.0
0.0
0.05
0.45
0.0
0.508474576271
0.0
0.0
0.0
0.233333333333
0.583333333333
0.932203389831
0.0
0.0
0.0
0.5
0.0
0.0
0.5
0.5
0.0
0.5
0.5
0.0
0.0
0.0
0.0
0.0
0.0
0.938775510204
--END OF 12--
