18.2833333333
18.8666666667
17.8
18.2833333333
18.3666666667
17.9661016949
17.5166666667
18.3
17.9166666667
18.6666666667
19.0666666667
17.7796610169
17.3166666667
18.6333333333
19.2666666667
17.3333333333
17.75
17.4745762712
17.6166666667
18.4833333333
18.9
18.0166666667
18.3166666667
19.1016949153
17.5833333333
16.3833333333
17.0666666667
18.0
17.9491525424
19.0833333333
17.2333333333
17.5833333333
17.6333333333
18.2166666667
16.9661016949
18.1166666667
17.6333333333
16.75
16.5333333333
17.0169491525
18.25
18.3166666667
18.4
18.8
19.1
18.8474576271
17.7
17.7
18.1
17.85
18.15
17.813559322
18.3
17.65
17.6333333333
17.9
18.1186440678
17.7666666667
18.0666666667
17.5614035088
--END OF 1--
24.4333333333
25.6333333333
24.6
23.65
25.05
24.0338983051
24.65
24.8333333333
24.45
25.0333333333
26.0333333333
25.6101694915
24.6
26.25
26.3166666667
23.9833333333
23.85
24.2203389831
23.7166666667
25.6833333333
26.4666666667
24.6833333333
24.6166666667
26.4576271186
24.3333333333
24.4
23.75
25.05
24.3050847458
27.3
24.8333333333
24.0833333333
25.0833333333
25.2666666667
24.0338983051
24.6166666667
25.7
23.65
22.4333333333
24.3559322034
24.7
25.55
25.3666666667
25.6
27.1833333333
26.3389830508
24.9
24.45
24.3333333333
24.05
24.55
25.406779661
25.9833333333
24.75
24.2333333333
25.3166666667
23.0
25.3666666667
25.1833333333
24.0701754386
--END OF 2--
24.75
25.6333333333
24.9166666667
24.2666666667
25.8166666667
24.6610169492
25.8
24.8666666667
25.1666666667
25.8833333333
26.8833333333
26.0338983051
25.6833333333
27.2
28.2166666667
24.7333333333
24.75
24.813559322
24.5833333333
26.0833333333
27.9
25.2
25.3
27.3050847458
24.8833333333
25.3666666667
24.5166666667
25.9666666667
25.3728813559
28.15
25.3833333333
25.5333333333
26.0333333333
26.4333333333
24.7118644068
25.5
26.15
24.9833333333
23.65
24.6101694915
25.15
27.1166666667
26.0166666667
25.6333333333
28.5
26.7627118644
25.55
26.8
24.7
24.75
25.75
26.2881355932
26.5333333333
25.5166666667
26.3166666667
26.6666666667
23.3728813559
26.3333333333
25.65
24.9298245614
--END OF 3--
18.2833333333
18.8666666667
17.8
18.1
18.35
17.9661016949
17.5166666667
18.3
17.9166666667
18.6666666667
19.0166666667
17.7796610169
17.3166666667
18.6333333333
19.2166666667
17.3333333333
17.75
17.4745762712
17.6166666667
18.4833333333
18.85
18.0166666667
18.3166666667
19.0508474576
17.5833333333
16.3833333333
17.0666666667
18.0
17.9491525424
19.0833333333
17.2333333333
17.5833333333
17.6333333333
18.2
16.9661016949
18.1166666667
17.6333333333
16.75
16.5333333333
17.0169491525
18.25
18.3166666667
18.4
18.75
19.1
18.8474576271
17.7
17.7
18.1
17.85
18.15
17.813559322
18.3
17.65
17.6333333333
17.9
18.1186440678
17.7666666667
18.0666666667
17.5614035088
--END OF 4--
24.4333333333
25.6333333333
24.6
23.65
25.05
24.0338983051
24.65
24.8333333333
24.45
25.0333333333
26.0333333333
25.6101694915
24.6
26.25
26.3166666667
23.9833333333
23.85
24.2203389831
23.7166666667
25.6833333333
26.4666666667
24.6833333333
24.6166666667
26.4576271186
24.3333333333
24.4
23.75
25.05
24.3050847458
27.3
24.8333333333
24.0833333333
25.0833333333
25.2666666667
24.0338983051
24.6166666667
25.7
23.65
22.4333333333
24.3559322034
24.7
25.55
25.3666666667
25.6
27.1833333333
26.3389830508
24.9
24.45
24.3333333333
24.05
24.55
25.406779661
25.9833333333
24.75
24.2333333333
25.3166666667
23.0
25.3666666667
25.1833333333
24.0701754386
--END OF 5--
24.75
25.6333333333
24.9166666667
24.2666666667
25.8166666667
24.6610169492
25.8
24.8666666667
25.1666666667
25.8833333333
26.8833333333
26.0338983051
25.6833333333
27.2
28.2166666667
24.7333333333
24.75
24.813559322
24.5833333333
26.0833333333
27.9
25.2
25.3
27.3050847458
24.8833333333
25.3666666667
24.5166666667
25.9666666667
25.3728813559
28.15
25.3833333333
25.5333333333
26.0333333333
26.4333333333
24.7118644068
25.5
26.15
24.9833333333
23.65
24.6101694915
25.15
27.1166666667
26.0166666667
25.6333333333
28.5
26.7627118644
25.55
26.8
24.7
24.75
25.75
26.2881355932
26.5333333333
25.5166666667
26.3166666667
26.6666666667
23.3728813559
26.3333333333
25.65
24.9298245614
--END OF 6--
3436.7
3459.1
3294.55
3351.6
3396.4
3351.30508475
3341.2
3449.15
3323.6
3432.0
3516.05
3350.13559322
3316.45
3521.8
3478.5
3234.45
3274.4
3321.10169492
3393.9
3556.55
3581.35
3333.65
3399.95
3492.76271186
3433.3
3313.65
3288.5
3413.9
3407.6440678
3569.85
3311.7
3275.1
3362.85
3493.95
3305.94915254
3454.5
3444.75
3350.7
3196.15
3299.59322034
3356.7
3418.65
3499.55
3558.15
3564.5
3410.89830508
3222.45
3353.25
3387.9
3331.8
3427.05
3328.83050847
3389.45
3398.6
3477.35
3489.05
3390.0
3349.35
3372.5
3287.21052632
--END OF 7--
943.166666667
979.55
911.65
937.933333333
953.05
923.694915254
919.566666667
945.033333333
931.0
954.1
987.016666667
941.372881356
916.316666667
968.15
979.3
900.65
914.4
920.949152542
911.983333333
966.666666667
985.85
933.25
953.9
993.661016949
959.7
922.916666667
910.1
935.283333333
931.627118644
1001.78333333
916.05
917.3
932.25
964.65
915.271186441
965.166666667
963.016666667
915.516666667
867.8
919.203389831
933.866666667
953.633333333
968.216666667
1005.01666667
987.366666667
956.915254237
911.5
916.6
931.9
925.2
952.65
934.694915254
963.566666667
943.433333333
961.35
948.833333333
940.677966102
949.233333333
930.183333333
906.157894737
--END OF 8--
146.933333333
145.116666667
146.266666667
122.766666667
138.25
136.254237288
130.316666667
142.35
148.116666667
147.666666667
145.5
163.830508475
155.1
155.766666667
159.75
142.75
140.516666667
148.745762712
135.883333333
149.75
147.933333333
141.766666667
126.35
153.881355932
134.316666667
160.216666667
140.2
136.35
134.796610169
163.35
149.8
150.75
142.85
142.966666667
141.322033898
144.95
146.416666667
132.55
123.583333333
147.915254237
142.116666667
151.766666667
140.683333333
145.433333333
164.333333333
150.06779661
138.2
141.0
130.116666667
144.0
139.1
139.06779661
136.016666667
153.416666667
134.316666667
156.65
120.423728814
158.816666667
151.766666667
150.263157895
--END OF 9--
2.75
3.71666666667
4.0
4.36666666667
6.78333333333
6.52542372881
11.1666666667
4.45
5.01666666667
4.45
6.06666666667
7.37288135593
6.21666666667
8.56666666667
7.7
5.7
5.45
3.16949152542
6.01666666667
5.75
9.8
5.73333333333
7.3
5.69491525424
6.38333333333
6.55
5.16666666667
10.6833333333
6.25423728814
9.1
8.95
6.35
6.2
6.66666666667
8.91525423729
6.4
6.38333333333
8.98333333333
8.16666666667
3.66101694915
4.83333333333
9.18333333333
4.91666666667
3.2
10.6333333333
8.28813559322
9.0
9.05
2.61666666667
3.3
5.8
9.50847457627
8.73333333333
6.03333333333
9.18333333333
4.63333333333
1.27118644068
8.85
6.4
5.26315789474
--END OF 10--
0.116666666667
0.0
0.466666666667
0.766666666667
0.666666666667
1.05084745763
1.3
0.0333333333333
0.616666666667
1.0
1.21666666667
0.372881355932
1.21666666667
1.23333333333
2.3
1.05
1.08333333333
0.898305084746
1.13333333333
0.733333333333
1.6
0.666666666667
1.28333333333
1.18644067797
0.616666666667
1.0
1.0
1.51666666667
1.27118644068
0.7
0.0
2.6
0.9
1.8
0.64406779661
1.16666666667
0.55
2.18333333333
2.08333333333
0.338983050847
0.55
1.9
1.28333333333
0.183333333333
1.56666666667
0.372881355932
0.35
3.15
0.683333333333
0.6
1.9
1.20338983051
0.666666666667
0.7
3.48333333333
2.2
0.745762711864
1.21666666667
0.866666666667
1.12280701754
--END OF 11--
0.0
0.0
0.0
0.0
0.533333333333
0.0
0.0
0.0
0.0
0.0
0.0
0.0
0.0
0.1
0.4
0.5
0.0
0.0
0.0
0.233333333333
0.266666666667
0.0
0.0
0.0
0.0
0.366666666667
0.133333333333
0.0
0.0
0.0
0.0
0.0
0.0
0.3
0.203389830508
0.183333333333
0.316666666667
0.0
0.0
0.0
0.0
0.5
0.0
0.0
0.333333333333
0.0
0.0
0.0
0.0
0.0
0.0
0.64406779661
0.166666666667
0.233333333333
0.283333333333
0.9
0.237288135593
0.516666666667
0.0
0.228070175439
--END OF 12--
