10.3833333333
11.3833333333
11.8666666667
11.1694915254
11.7666666667
10.7666666667
10.45
12.1166666667
10.85
10.8813559322
10.6666666667
10.05
10.9
10.0833333333
10.2833333333
11.1525423729
11.3333333333
11.4
11.2333333333
10.7627118644
11.1833333333
10.8666666667
11.2166666667
10.7
11.0338983051
11.8
10.8
11.9
12.25
12.3220338983
11.0666666667
11.4666666667
10.4833333333
9.78333333333
10.3220338983
9.91666666667
10.6833333333
11.0666666667
9.63333333333
10.65
11.3559322034
10.5833333333
10.2
10.0
11.05
10.813559322
10.8666666667
10.5833333333
9.56666666667
9.36666666667
10.3333333333
9.89830508475
11.2833333333
10.8166666667
10.2
10.5166666667
9.91525423729
10.7
10.1333333333
11.0
--END OF 1--
13.9333333333
14.7166666667
15.25
14.0847457627
14.7166666667
14.3666666667
14.0666666667
16.05
14.5166666667
14.2203389831
13.9166666667
13.85
12.75
12.8333333333
15.4333333333
14.1694915254
15.1666666667
14.5
13.8833333333
13.8305084746
15.5833333333
14.0833333333
14.1833333333
14.4666666667
15.3389830508
15.0
13.3
15.55
15.15
15.5084745763
15.1666666667
14.4833333333
13.4
14.0
14.3050847458
15.2166666667
14.2
14.45
12.5833333333
15.1166666667
14.8644067797
13.0333333333
12.75
12.75
14.45
14.5084745763
14.5333333333
13.45
12.3666666667
12.9333333333
13.05
13.1525423729
13.6666666667
13.4333333333
12.6833333333
13.1
12.8983050847
13.5
13.1333333333
14.5438596491
--END OF 2--
13.9333333333
15.4
15.6666666667
15.2033898305
15.4666666667
14.75
14.6333333333
16.7666666667
14.7666666667
14.7288135593
14.9666666667
14.7
13.8
14.2833333333
16.1833333333
15.2033898305
15.8833333333
15.5333333333
14.3166666667
14.5254237288
17.1
14.45
14.8166666667
15.2333333333
15.7288135593
15.7
14.2
17.3
16.15
16.4745762712
16.8666666667
15.2166666667
13.9666666667
14.0
14.3559322034
16.3
14.6833333333
14.45
13.8
15.75
15.3220338983
13.4333333333
13.1
13.2
15.6
15.2203389831
15.3166666667
13.9666666667
12.7333333333
13.45
13.55
13.2711864407
13.9833333333
14.1666666667
13.6
14.3666666667
13.9830508475
14.55
13.7333333333
14.649122807
--END OF 3--
10.3833333333
11.3833333333
11.8666666667
11.1694915254
11.7666666667
10.7666666667
10.45
12.1166666667
10.85
10.8813559322
10.6666666667
10.05
10.9
10.0833333333
10.2833333333
11.1525423729
11.3333333333
11.4
11.2333333333
10.7627118644
11.1833333333
10.8666666667
11.2166666667
10.7
11.0338983051
11.8
10.8
11.9
12.25
12.3220338983
11.0666666667
11.4666666667
10.4833333333
9.78333333333
10.3220338983
9.91666666667
10.6833333333
11.0666666667
9.63333333333
10.65
11.3559322034
10.5833333333
10.2
10.0
11.05
10.813559322
10.8666666667
10.5833333333
9.56666666667
9.36666666667
10.3333333333
9.89830508475
11.2833333333
10.8166666667
10.2
10.5166666667
9.91525423729
10.7
10.1333333333
11.0
--END OF 4--
13.9333333333
14.7166666667
15.25
14.0847457627
14.7166666667
14.3666666667
14.0666666667
16.05
14.5166666667
14.2203389831
13.9166666667
13.85
12.75
12.8333333333
15.4333333333
14.1694915254
15.1666666667
14.5
13.8833333333
13.8305084746
15.5833333333
14.0833333333
14.1833333333
14.4666666667
15.3389830508
15.0
13.3
15.55
15.15
15.5084745763
15.1666666667
14.4833333333
13.4
14.0
14.3050847458
15.2166666667
14.2
14.45
12.5833333333
15.1166666667
14.8644067797
13.0333333333
12.75
12.75
14.45
14.5084745763
14.5333333333
13.45
12.3666666667
12.9333333333
13.05
13.1525423729
13.6666666667
13.4333333333
12.6833333333
13.1
12.8983050847
13.5
13.1333333333
14.5438596491
--END OF 5--
13.9333333333
15.4
15.6666666667
15.2033898305
15.4666666667
14.75
14.6333333333
16.7666666667
14.7666666667
14.7288135593
14.9666666667
14.7
13.8
14.2833333333
16.1833333333
15.2033898305
15.8833333333
15.5333333333
14.3166666667
14.5254237288
17.1
14.45
14.8166666667
15.2333333333
15.7288135593
15.7
14.2
17.3
16.15
16.4745762712
16.8666666667
15.2166666667
13.9666666667
14.0
14.3559322034
16.3
14.6833333333
14.45
13.8
15.75
15.3220338983
13.4333333333
13.1
13.2
15.6
15.2203389831
15.3166666667
13.9666666667
12.7333333333
13.45
13.55
13.2711864407
13.9833333333
14.1666666667
13.6
14.3666666667
13.9830508475
14.55
13.7333333333
14.649122807
--END OF 6--
2048.3
2167.5
2251.0
2198.49152542
2244.25
2150.8
2087.7
2383.2
2121.15
2099.84745763
2144.1
2087.1
2071.5
1998.3
2124.75
2141.54237288
2209.6
2132.7
2072.0
2066.49152542
2199.75
2269.2
2101.9
2133.4
2120.44067797
2243.1
2067.75
2212.35
2222.4
2237.6440678
2222.75
2207.85
2064.45
2002.5
2102.94915254
2176.45
2050.15
2134.0
2007.6
2141.1
2240.49152542
2020.35
1901.1
1873.05
2098.95
2117.79661017
2072.85
2086.1
1928.05
1831.05
1972.0
1933.47457627
2111.3
2107.15
1926.65
1952.5
2002.27118644
2039.25
1953.45
2140.57894737
--END OF 7--
570.9
588.583333333
614.733333333
595.457627119
623.783333333
588.783333333
581.766666667
647.416666667
587.933333333
587.559322034
591.45
575.6
575.15
555.7
584.05
590.084745763
606.766666667
585.55
566.2
577.830508475
599.966666667
627.466666667
587.983333333
587.15
602.406779661
630.6
563.25
614.75
624.4
639.966101695
606.016666667
623.416666667
566.683333333
562.933333333
576.983050847
597.25
579.7
610.2
568.883333333
591.183333333
613.915254237
554.95
525.55
524.65
586.45
580.86440678
587.316666667
571.516666667
536.316666667
524.8
558.016666667
526.254237288
581.383333333
578.683333333
542.916666667
551.616666667
562.13559322
578.65
542.35
584.543859649
--END OF 8--
68.85
75.8333333333
71.5
77.2033898305
69.25
77.4333333333
76.1666666667
80.0
79.4833333333
77.7288135593
84.1
75.1
54.75
67.4
92.8
74.1186440678
76.6166666667
81.0666666667
75.2166666667
64.813559322
86.1
76.75
62.8333333333
77.9833333333
80.2542372881
66.2
66.7
89.5
67.6
77.8813559322
72.0166666667
78.15
59.9833333333
81.0666666667
82.4915254237
94.6833333333
73.1666666667
63.5833333333
59.45
76.4166666667
82.0677966102
66.55
63.65
63.65
72.65
78.3050847458
74.1666666667
61.2
55.95
73.5166666667
58.95
58.1355932203
59.65
63.25
67.1833333333
75.1833333333
63.8983050847
67.1
76.65
82.9824561404
--END OF 9--
2.2
3.5
3.63333333333
3.15254237288
2.95
3.85
2.93333333333
3.95
3.83333333333
2.84745762712
2.6
5.3
2.65
3.35
8.0
3.06779661017
4.43333333333
3.61666666667
3.2
2.86440677966
5.58333333333
2.61666666667
5.23333333333
4.36666666667
4.94915254237
3.85
4.5
7.65
3.15
3.50847457627
7.83333333333
2.91666666667
3.78333333333
4.5
3.57627118644
7.51666666667
3.5
2.65
3.6
5.56666666667
3.0
2.6
2.4
3.25
5.0
3.05084745763
2.4
3.33333333333
3.61666666667
3.0
3.53333333333
3.32203389831
3.43333333333
3.05
2.5
2.83333333333
3.69491525424
4.4
1.75
2.85964912281
--END OF 10--
0.0
0.716666666667
0.783333333333
1.66101694915
1.36666666667
0.533333333333
0.733333333333
1.25
0.616666666667
1.06779661017
1.45
1.0
1.45
1.95
1.1
1.74576271186
1.25
1.25
0.566666666667
1.08474576271
2.65
0.516666666667
0.983333333333
0.866666666667
0.64406779661
0.9
1.35
2.25
1.5
1.20338983051
1.81666666667
1.31666666667
1.18333333333
0.0
0.0677966101695
1.6
0.233333333333
0.0
2.01666666667
0.983333333333
0.610169491525
0.65
0.25
0.65
1.95
0.915254237288
1.13333333333
0.366666666667
0.283333333333
0.85
0.75
0.118644067797
0.583333333333
0.916666666667
1.03333333333
1.86666666667
1.62711864407
1.5
0.65
0.0
--END OF 11--
0.0
0.333333333333
0.166666666667
0.0
0.0
0.0
0.0
0.0
0.0
0.101694915254
0.9
0.5
0.35
0.25
0.4
0.0
0.0
0.0
0.0
0.474576271186
0.0333333333333
0.0
0.0
0.366666666667
0.135593220339
0.4
0.15
0.95
0.0
1.01694915254
1.0
0.0
0.0
0.0
0.0
0.533333333333
0.233333333333
0.0
0.0
0.0
0.0
0.0
0.0
0.0
0.0
0.0
1.13333333333
0.366666666667
0.0
0.0
0.383333333333
0.118644067797
0.0
0.0
0.0
0.0166666666667
0.491525423729
0.3
0.25
0.0
--END OF 12--
