13.9833333333
13.5593220339
14.2833333333
14.4
14.0833333333
14.2333333333
13.1833333333
13.4
14.0169491525
14.0166666667
13.8
13.9166666667
14.55
14.593220339
13.2333333333
13.6833333333
14.6666666667
13.1
12.3333333333
13.0508474576
13.4
13.15
12.3333333333
13.3166666667
13.593220339
13.0
12.5
13.1166666667
13.7333333333
13.3166666667
12.0847457627
11.9333333333
12.0333333333
11.65
13.0666666667
11.45
12.4745762712
13.55
13.4166666667
14.1333333333
12.4166666667
12.2833333333
12.3728813559
12.65
12.2333333333
12.1333333333
11.7
12.3050847458
13.1333333333
12.2333333333
12.4
12.8666666667
12.25
12.6779661017
11.85
12.0833333333
11.5
12.4
13.0166666667
14.2631578947
--END OF 1--
19.2666666667
17.8474576271
19.3833333333
19.8833333333
19.7
18.4166666667
18.4833333333
17.7166666667
19.0508474576
18.2666666667
18.7
20.1666666667
21.05
19.7288135593
18.1
18.9666666667
18.9833333333
18.7333333333
18.25
17.8813559322
17.35
18.3833333333
17.5166666667
18.1166666667
19.8813559322
17.0
17.1
17.9666666667
18.0333333333
17.6666666667
17.186440678
15.4
16.5833333333
16.4
18.1666666667
16.05
18.1186440678
17.6833333333
19.1166666667
18.7333333333
17.8
17.2833333333
16.0169491525
17.4
17.3333333333
18.0333333333
16.75
17.0
17.3
16.6333333333
18.1666666667
17.8
17.2833333333
17.3389830508
17.5833333333
16.6333333333
16.2
17.5833333333
19.0
20.2456140351
--END OF 2--
20.4
18.6949152542
21.4
20.6666666667
21.35
21.75
19.85
18.8166666667
20.3898305085
19.4666666667
20.35
21.0166666667
22.2
21.2881355932
19.15
21.6333333333
20.15
20.0333333333
19.35
18.8305084746
19.8333333333
21.0833333333
18.6
19.4333333333
20.9661016949
18.8
19.05
18.5166666667
19.5333333333
19.3166666667
17.3389830508
16.55
17.4833333333
18.2
19.4833333333
17.0333333333
18.8813559322
18.15
20.4
20.0333333333
19.1833333333
18.1833333333
17.7288135593
19.55
19.5333333333
19.7166666667
17.45
17.7457627119
18.5666666667
18.0166666667
19.45
18.7666666667
18.9
17.8305084746
19.1833333333
18.9666666667
16.8333333333
18.3333333333
21.85
21.3859649123
--END OF 3--
13.9833333333
13.5593220339
14.2833333333
14.4
14.0833333333
14.2333333333
13.1833333333
13.4
14.0169491525
14.0166666667
13.8
13.9166666667
14.55
14.593220339
13.2333333333
13.6833333333
14.6666666667
13.1
12.3333333333
13.0508474576
13.4
13.15
12.3333333333
13.3166666667
13.593220339
13.0
12.5
13.1166666667
13.7333333333
13.3166666667
12.0847457627
11.9333333333
12.0333333333
11.65
13.0666666667
11.45
12.4745762712
13.55
13.4166666667
14.1333333333
12.4166666667
12.2833333333
12.3728813559
12.65
12.2333333333
12.1333333333
11.7
12.3050847458
13.1333333333
12.2333333333
12.4
12.8666666667
12.25
12.6779661017
11.85
12.0833333333
11.5
12.4
13.0166666667
14.2631578947
--END OF 4--
19.2666666667
17.8474576271
19.3833333333
19.8833333333
19.7
18.4166666667
18.4833333333
17.7166666667
19.0508474576
18.2666666667
18.7
20.1666666667
21.05
19.7288135593
18.1
18.9666666667
18.9833333333
18.7333333333
18.25
17.8813559322
17.35
18.3833333333
17.5166666667
18.1166666667
19.8813559322
17.0
17.1
17.9666666667
18.0333333333
17.6666666667
17.186440678
15.4
16.5833333333
16.4
18.1666666667
16.05
18.1186440678
17.6833333333
19.1166666667
18.7333333333
17.8
17.2833333333
16.0169491525
17.4
17.3333333333
18.0333333333
16.75
17.0
17.3
16.6333333333
18.1666666667
17.8
17.2833333333
17.3389830508
17.5833333333
16.6333333333
16.2
17.5833333333
19.0
20.2456140351
--END OF 5--
20.4
18.6949152542
21.4
20.6666666667
21.35
21.75
19.85
18.8166666667
20.3898305085
19.4666666667
20.35
21.0166666667
22.2
21.2881355932
19.15
21.6333333333
20.15
20.0333333333
19.35
18.8305084746
19.8333333333
21.0833333333
18.6
19.4333333333
20.9661016949
18.8
19.05
18.5166666667
19.5333333333
19.3166666667
17.3389830508
16.55
17.4833333333
18.2
19.4833333333
17.0333333333
18.8813559322
18.15
20.4
20.0333333333
19.1833333333
18.1833333333
17.7288135593
19.55
19.5333333333
19.7166666667
17.45
17.7457627119
18.5666666667
18.0166666667
19.45
18.7666666667
18.9
17.8305084746
19.1833333333
18.9666666667
16.8333333333
18.3333333333
21.85
21.3859649123
--END OF 6--
2675.8
2648.49152542
2820.85
2771.45
2718.75
2713.3
2616.45
2542.25
2775.25423729
2596.2
2685.45
2679.75
2790.15
2793.96610169
2731.2
2817.15
2770.95
2590.75
2472.5
2485.22033898
2505.4
2542.65
2498.45
2515.25
2641.88135593
2484.0
2421.45
2615.4
2685.0
2586.45
2313.30508475
2286.75
2370.75
2309.2
2469.7
2281.6
2482.37288136
2608.15
2642.95
2712.5
2504.85
2461.05
2348.28813559
2406.3
2425.65
2369.1
2296.2
2368.98305085
2454.9
2469.85
2413.75
2439.3
2257.65
2367.91525424
2386.0
2341.2
2295.55
2439.2
2622.05
2786.10526316
--END OF 7--
742.45
742.627118644
766.15
758.533333333
741.966666667
756.45
723.5
713.666666667
766.406779661
729.85
739.5
736.1
766.55
758.830508475
734.25
746.95
753.316666667
709.816666667
667.4
678.457627119
687.75
693.05
683.033333333
694.283333333
715.881355932
687.95
665.25
716.65
734.7
711.05
648.661016949
627.233333333
655.616666667
626.3
680.45
616.383333333
677.983050847
708.966666667
721.15
741.9
668.833333333
664.616666667
648.13559322
679.4
657.7
661.716666667
633.3
649.440677966
677.4
667.05
663.25
673.45
643.233333333
659.796610169
664.383333333
636.55
623.816666667
667.783333333
707.816666667
772.298245614
--END OF 8--
105.266666667
89.4915254237
116.15
113.4
113.783333333
100.233333333
101.183333333
92.5833333333
103.169491525
105.55
105.3
117.55
116.95
99.5593220339
101.0
108.983333333
99.35
114.0
100.583333333
110.355932203
104.5
112.733333333
101.833333333
102.7
121.745762712
92.5
95.75
98.0
96.9
101.15
100.016949153
83.9666666667
90.3
94.0333333333
101.033333333
94.5333333333
104.983050847
88.6333333333
110.666666667
83.2666666667
105.766666667
87.6333333333
90.2542372881
102.95
101.833333333
99.3
99.35
99.5254237288
99.2666666667
97.05
113.266666667
100.55
107.133333333
86.9661016949
101.183333333
95.0833333333
106.266666667
99.5
117.05
116.789473684
--END OF 9--
6.55
3.54237288136
6.76666666667
7.03333333333
11.6666666667
9.91666666667
6.75
6.15
7.40677966102
5.95
6.1
9.75
11.15
9.10169491525
5.78333333333
9.2
6.35
7.83333333333
9.6
6.45762711864
7.16666666667
9.05
5.06666666667
6.88333333333
8.28813559322
6.9
7.5
5.85
6.5
5.1
6.35593220339
5.56666666667
5.31666666667
7.93333333333
9.15
7.55
8.33898305085
3.45
7.55
9.16666666667
9.68333333333
10.4666666667
5.67796610169
8.55
8.48333333333
10.8833333333
3.75
3.69491525424
5.5
5.86666666667
8.03333333333
5.75
8.95
4.23728813559
9.23333333333
11.7333333333
4.35
7.05
10.0333333333
8.43859649123
--END OF 10--
1.81666666667
0.745762711864
2.63333333333
0.616666666667
2.81666666667
4.3
2.38333333333
2.01666666667
1.66101694915
1.25
2.65
1.3
1.3
1.76271186441
1.33333333333
3.43333333333
1.53333333333
1.85
1.71666666667
1.50847457627
2.46666666667
2.93333333333
1.78333333333
1.78333333333
2.06779661017
2.6
2.6
1.15
1.65
2.15
0.305084745763
2.0
1.58333333333
2.35
2.03333333333
1.11666666667
0.949152542373
0.966666666667
2.35
1.66666666667
1.48333333333
1.05
2.47457627119
1.65
3.16666666667
2.55
1.0
0.847457627119
1.83333333333
2.65
2.05
1.61666666667
2.31666666667
0.847457627119
2.5
3.23333333333
0.516666666667
1.23333333333
4.0
1.59649122807
--END OF 11--
0.0
0.677966101695
1.2
0.133333333333
0.433333333333
1.58333333333
0.416666666667
0.0
0.0
0.0
0.5
0.0
0.0
0.0
0.0
0.5
0.283333333333
0.216666666667
0.833333333333
0.169491525424
0.816666666667
0.183333333333
0.5
0.0
0.0
0.0
0.0
0.0
0.0
0.0
0.0
1.0
0.333333333333
0.166666666667
0.466666666667
0.533333333333
0.0
0.316666666667
0.55
0.5
0.716666666667
0.283333333333
0.508474576271
0.15
1.4
0.583333333333
0.0
0.0
0.0
0.183333333333
0.583333333333
0.0
0.0
0.0
0.216666666667
0.783333333333
0.0
0.05
0.683333333333
0.385964912281
--END OF 12--
