19.8
19.8333333333
19.9152542373
19.95
20.3833333333
20.55
20.25
20.2333333333
19.813559322
20.1833333333
19.7166666667
20.1333333333
20.25
19.7833333333
20.5833333333
18.6949152542
20.0166666667
19.2166666667
19.2166666667
19.1166666667
20.0338983051
20.2833333333
19.8833333333
19.6
20.3833333333
19.0833333333
19.3559322034
20.6833333333
19.4166666667
18.9666666667
20.4833333333
21.1666666667
20.593220339
18.6166666667
18.9666666667
18.2166666667
20.3
20.2666666667
19.0508474576
19.7333333333
19.8833333333
19.1833333333
19.8333333333
19.45
19.7966101695
19.1833333333
19.8166666667
18.9
19.8833333333
20.6333333333
19.5593220339
19.8833333333
18.7833333333
20.6
20.4166666667
20.6440677966
20.2
20.45
20.7333333333
20.6724137931
--END OF 1--
26.8333333333
25.15
25.8983050847
27.15
26.9833333333
28.3333333333
27.4
27.0833333333
27.0
28.0
26.9833333333
27.2166666667
26.6166666667
26.7666666667
26.8833333333
25.3050847458
26.6
25.2833333333
25.5
26.3166666667
26.0508474576
26.5333333333
26.8333333333
24.8
26.4833333333
27.0333333333
26.3898305085
26.5
26.5333333333
25.2
26.8333333333
28.25
28.0847457627
26.2166666667
24.75
25.8166666667
26.65
26.8333333333
25.593220339
26.2833333333
25.3333333333
24.4666666667
27.1833333333
26.6
26.3389830508
26.9333333333
26.7666666667
24.85
27.2666666667
28.55
26.8983050847
26.1
25.6333333333
27.0333333333
27.4166666667
27.9661016949
27.05
27.15
27.15
27.0862068966
--END OF 2--
27.3333333333
25.95
26.1016949153
27.7
27.8666666667
28.7
28.3
27.2833333333
28.2203389831
28.8666666667
27.4
27.8333333333
26.6166666667
27.3166666667
27.7
26.3728813559
27.0166666667
26.2333333333
25.7166666667
27.0166666667
26.0677966102
27.1833333333
27.5833333333
25.35
28.5833333333
28.5333333333
27.3389830508
27.2333333333
27.8
25.8666666667
27.3
28.8666666667
28.5254237288
27.3166666667
25.7
26.4833333333
26.9166666667
27.4333333333
26.1525423729
27.1333333333
25.8833333333
25.1833333333
28.0666666667
26.9
26.6440677966
27.4666666667
27.9666666667
25.35
28.1833333333
30.6166666667
27.593220339
26.1666666667
26.35
27.5333333333
28.2666666667
29.2372881356
27.3
28.0
27.4666666667
27.3620689655
--END OF 3--
19.65
19.8333333333
19.7118644068
19.75
19.8666666667
19.9333333333
19.75
19.9333333333
19.7796610169
19.8166666667
19.4333333333
19.6333333333
19.5833333333
19.3
19.9333333333
18.6949152542
19.35
19.1166666667
19.2166666667
18.9666666667
19.813559322
19.8833333333
19.5833333333
19.55
19.9333333333
19.0833333333
19.2711864407
20.0333333333
19.2166666667
18.9333333333
19.8333333333
20.25
19.9322033898
18.6
18.8333333333
18.2166666667
19.8
19.7
18.9661016949
19.6333333333
19.6833333333
18.9833333333
19.6
19.35
19.6949152542
19.1
19.4333333333
18.9
19.5
19.9666666667
19.3898305085
19.2833333333
18.4166666667
19.9
19.8166666667
20.0
20.0
20.0
20.35
20.0172413793
--END OF 4--
26.8333333333
25.15
25.8983050847
27.15
26.9833333333
28.3333333333
27.4
27.0833333333
27.0
28.0
26.9833333333
27.2166666667
26.6166666667
26.7333333333
26.8833333333
25.3050847458
26.6
25.2833333333
25.5
26.3166666667
26.0508474576
26.5333333333
26.8333333333
24.8
26.4833333333
27.0333333333
26.3898305085
26.5
26.5333333333
25.2
26.8333333333
28.15
28.0847457627
26.2166666667
24.75
25.8166666667
26.65
26.8333333333
25.593220339
26.2833333333
25.3333333333
24.4666666667
27.1833333333
26.6
26.3389830508
26.9333333333
26.7666666667
24.85
27.2666666667
28.55
26.8983050847
26.1
25.6333333333
27.0333333333
27.4
27.9661016949
27.05
27.15
27.15
27.0862068966
--END OF 5--
27.3333333333
25.95
26.1016949153
27.7
27.8666666667
28.7
28.3
27.2833333333
28.2203389831
28.8666666667
27.4
27.8333333333
26.6166666667
27.3166666667
27.7
26.3728813559
27.0166666667
26.2333333333
25.7166666667
27.0166666667
26.0677966102
27.1833333333
27.5833333333
25.35
28.5833333333
28.5333333333
27.3389830508
27.2333333333
27.8
25.8666666667
27.3
28.8666666667
28.5254237288
27.3166666667
25.7
26.4833333333
26.9166666667
27.4333333333
26.1525423729
27.1333333333
25.8833333333
25.1833333333
28.0666666667
26.9
26.6440677966
27.4666666667
27.9666666667
25.35
28.1833333333
30.6166666667
27.593220339
26.1666666667
26.35
27.5333333333
28.2666666667
29.2372881356
27.3
28.0
27.4666666667
27.3620689655
--END OF 6--
3619.15
3602.65
3677.03389831
3712.8
3726.6
3847.3
3720.15
3604.05
3697.88135593
3715.2
3642.15
3757.1
3834.95
3760.7
3856.05
3634.62711864
3775.4
3721.45
3660.3
3588.3
3837.76271186
3777.75
3654.9
3634.2
3739.65
3699.15
3646.01694915
3667.4
3630.75
3423.85
3726.55
3793.15
3827.94915254
3628.1
3640.5
3532.15
3765.7
3742.2
3537.71186441
3702.75
3577.5
3518.3
3652.3
3557.85
3643.47457627
3642.55
3753.1
3474.4
3676.35
3687.85
3632.49152542
3750.4
3714.2
3872.1
3796.45
3759.15254237
3610.5
3792.3
3800.25
3766.5
--END OF 7--
1023.46666667
1011.88333333
1012.03389831
1027.4
1031.81666667
1057.23333333
1042.3
1025.55
1019.6779661
1041.78333333
1015.7
1057.01666667
1053.88333333
1045.35
1068.85
991.118644068
1060.21666667
1029.53333333
1013.53333333
994.3
1039.23728814
1049.55
1032.05
1003.4
1046.65
1013.2
1017.45762712
1035.95
1030.88333333
975.716666667
1051.8
1067.58333333
1060.38983051
1014.65
996.55
995.083333333
1063.8
1035.51666667
986.881355932
1024.65
1006.15
981.933333333
1036.98333333
989.1
1007.3559322
999.75
1025.73333333
960.683333333
1034.96666667
1048.45
1015.69491525
1050.43333333
1003.91666667
1076.76666667
1061.56666667
1041.30508475
1035.1
1035.55
1055.58333333
1052.22413793
--END OF 8--
148.7
131.316666667
138.237288136
136.25
150.833333333
159.933333333
146.15
145.05
154.542372881
169.983333333
155.966666667
147.0
152.283333333
156.466666667
142.933333333
134.457627119
155.033333333
133.116666667
142.183333333
151.5
130.406779661
141.35
140.75
117.85
148.5
163.85
144.220338983
143.4
151.833333333
137.95
146.333333333
166.65
168.728813559
151.416666667
120.35
139.15
130.2
139.183333333
141.661016949
146.4
134.3
130.216666667
159.666666667
153.15
141.305084746
162.516666667
162.566666667
138.383333333
153.616666667
164.333333333
151.322033898
140.833333333
147.433333333
151.45
151.133333333
161.355932203
144.55
152.45
157.783333333
138.120689655
--END OF 9--
3.95
3.45
2.50847457627
6.45
5.95
7.18333333333
7.85
4.35
6.45762711864
7.23333333333
5.9
5.51666666667
2.5
5.1
3.08333333333
6.61016949153
4.51666666667
5.76666666667
5.46666666667
4.76666666667
2.98305084746
2.95
4.4
3.45
6.1
5.3
6.40677966102
4.66666666667
4.8
6.73333333333
3.43333333333
7.43333333333
4.86440677966
8.1
5.71666666667
6.23333333333
3.95
5.45
3.71186440678
5.25
4.1
2.86666666667
5.35
7.3
5.81355932203
3.4
7.16666666667
4.95
6.46666666667
10.5666666667
4.45762711864
1.65
5.03333333333
3.7
7.11666666667
7.49152542373
4.8
7.25
4.35
4.62068965517
--END OF 10--
0.616666666667
1.38333333333
0.0508474576271
0.95
0.833333333333
0.25
0.95
0.0
1.76271186441
1.01666666667
0.616666666667
0.466666666667
0.0
0.3
1.2
1.38983050847
0.133333333333
1.0
0.266666666667
0.966666666667
0.0
1.0
0.85
0.75
3.55
2.1
1.27118644068
1.1
1.68333333333
1.01666666667
0.466666666667
1.36666666667
0.796610169492
1.55
1.6
0.5
0.233333333333
0.5
0.508474576271
1.15
0.35
1.13333333333
0.95
0.75
0.694915254237
0.75
1.41666666667
0.633333333333
1.48333333333
2.05
0.966101694915
0.0
1.16666666667
0.0
1.35
1.23728813559
0.25
0.75
0.0
0.0
--END OF 11--
0.5
0.0
0.0
0.0
0.0
0.0
0.5
0.0
0.0
0.0
0.0
0.0
0.0
0.0
0.816666666667
0.762711864407
0.133333333333
0.5
0.0
0.0
0.0
0.0
0.35
0.15
1.15
0.35
0.508474576271
0.0
0.283333333333
0.216666666667
0.283333333333
0.216666666667
0.118644067797
0.383333333333
0.0
0.266666666667
0.233333333333
0.5
0.0
0.4
0.1
0.3
0.0
0.0
0.0
0.0
0.816666666667
0.116666666667
0.0
0.883333333333
0.118644067797
0.0
0.5
0.0
0.433333333333
0.508474576271
0.0
0.0
0.0
0.0
--END OF 12--
