13.1694915254
12.3
11.65
11.6
11.6
11.2666666667
11.5254237288
12.0333333333
11.3
12.7
11.5333333333
12.0
11.6440677966
12.1
12.5666666667
12.1833333333
10.9833333333
11.0847457627
12.1833333333
10.4333333333
12.0333333333
12.3833333333
11.4915254237
11.85
13.2
11.4166666667
10.8833333333
11.9661016949
11.8
12.1666666667
12.2666666667
12.15
12.1666666667
11.9491525424
10.8666666667
11.9833333333
11.5333333333
10.75
12.1186440678
11.8
11.4333333333
11.5166666667
12.1
12.0508474576
12.4833333333
10.7666666667
11.1333333333
12.5
11.9166666667
12.9322033898
11.5333333333
12.3
11.65
12.2
12.7
11.7457627119
11.3333333333
12.5166666667
13.6666666667
11.5689655172
--END OF 1--
15.8644067797
15.85
14.6
14.1
14.6
14.1666666667
14.3220338983
14.9
13.5333333333
15.7
14.6333333333
14.85
14.7457627119
14.8666666667
16.0666666667
15.3166666667
13.6166666667
13.9491525424
14.8333333333
13.3833333333
13.8333333333
14.0833333333
14.1355932203
15.2833333333
15.6666666667
14.0666666667
13.7333333333
15.6440677966
14.7
15.7
15.1
15.2333333333
15.65
14.8474576271
14.3666666667
15.0833333333
14.2333333333
13.9
14.813559322
15.0333333333
14.3166666667
14.35
15.4833333333
15.1186440678
15.3666666667
13.7666666667
14.3166666667
15.15
13.7166666667
15.4237288136
14.0333333333
15.5
14.1
14.75
15.65
14.6610169492
14.35
15.9333333333
16.6333333333
14.6206896552
--END OF 2--
16.4237288136
16.25
15.65
14.7
14.9
15.2166666667
14.8644067797
15.4166666667
13.6833333333
16.3666666667
15.5666666667
14.9333333333
15.0677966102
15.3166666667
16.8833333333
15.5
13.9333333333
14.2372881356
14.8333333333
13.9333333333
14.1833333333
14.3833333333
14.3898305085
15.5666666667
16.2166666667
14.5833333333
13.7333333333
16.1525423729
15.5166666667
15.8833333333
15.7666666667
15.5166666667
15.7
14.8474576271
14.8666666667
15.0833333333
14.8333333333
14.7
15.4237288136
15.4166666667
14.8333333333
14.6
16.0833333333
15.1694915254
15.6166666667
14.0666666667
14.3333333333
15.7333333333
14.2333333333
15.813559322
14.8333333333
16.15
14.75
15.15
16.2
15.3728813559
14.5333333333
16.4
17.4833333333
14.6724137931
--END OF 3--
13.1694915254
12.3
11.65
11.6
11.6
11.2666666667
11.5254237288
12.0333333333
11.3
12.7
11.5333333333
12.0
11.6440677966
12.1
12.5666666667
12.1833333333
10.9833333333
11.0847457627
12.1833333333
10.4333333333
12.0333333333
12.3833333333
11.4915254237
11.85
13.2
11.4166666667
10.8833333333
11.9661016949
11.8
12.1666666667
12.2666666667
12.15
12.1666666667
11.9491525424
10.8666666667
11.9833333333
11.5333333333
10.75
12.1186440678
11.8
11.4333333333
11.5166666667
12.1
12.0508474576
12.4833333333
10.7666666667
11.1333333333
12.5
11.9166666667
12.9322033898
11.5333333333
12.3
11.65
12.2
12.7
11.7457627119
11.3333333333
12.5166666667
13.6666666667
11.5689655172
--END OF 4--
15.8644067797
15.85
14.6
14.1
14.6
14.1666666667
14.3220338983
14.9
13.5333333333
15.7
14.6333333333
14.85
14.7457627119
14.8666666667
16.0666666667
15.3166666667
13.6166666667
13.9491525424
14.8333333333
13.3833333333
13.8333333333
14.0833333333
14.1355932203
15.2833333333
15.6666666667
14.0666666667
13.7333333333
15.6440677966
14.7
15.7
15.1
15.2333333333
15.65
14.8474576271
14.3666666667
15.0833333333
14.2333333333
13.9
14.813559322
15.0333333333
14.3166666667
14.35
15.4833333333
15.1186440678
15.3666666667
13.7666666667
14.3166666667
15.15
13.7166666667
15.4237288136
14.0333333333
15.5
14.1
14.75
15.65
14.6610169492
14.35
15.9333333333
16.6333333333
14.6206896552
--END OF 5--
16.4237288136
16.25
15.65
14.7
14.9
15.2166666667
14.8644067797
15.4166666667
13.6833333333
16.3666666667
15.5666666667
14.9333333333
15.0677966102
15.3166666667
16.8833333333
15.5
13.9333333333
14.2372881356
14.8333333333
13.9333333333
14.1833333333
14.3833333333
14.3898305085
15.5666666667
16.2166666667
14.5833333333
13.7333333333
16.1525423729
15.5166666667
15.8833333333
15.7666666667
15.5166666667
15.7
14.8474576271
14.8666666667
15.0833333333
14.8333333333
14.7
15.4237288136
15.4166666667
14.8333333333
14.6
16.0833333333
15.1694915254
15.6166666667
14.0666666667
14.3333333333
15.7333333333
14.2333333333
15.813559322
14.8333333333
16.15
14.75
15.15
16.2
15.3728813559
14.5333333333
16.4
17.4833333333
14.6724137931
--END OF 6--
2536.77966102
2415.45
2334.9
2264.7
2256.0
2268.3
2243.79661017
2354.0
2214.35
2530.95
2244.05
2279.5
2310.0
2434.9
2412.85
2375.7
2226.95
2273.33898305
2421.3
2146.95
2344.05
2309.85
2172.30508475
2309.15
2480.85
2244.8
2185.75
2392.72881356
2321.7
2417.9
2419.85
2441.3
2420.0
2372.49152542
2362.35
2430.45
2220.0
2146.35
2419.57627119
2378.15
2237.2
2242.95
2381.15
2379.0
2447.9
2286.15
2226.85
2518.2
2210.45
2477.89830508
2373.3
2342.4
2308.95
2314.8
2459.55
2309.13559322
2304.95
2518.65
2535.1
2409.67241379
--END OF 7--
697.542372881
672.55
631.7
611.0
622.45
613.35
620.779661017
658.7
604.216666667
668.966666667
613.266666667
622.516666667
627.305084746
650.65
660.483333333
646.65
618.916666667
615.813559322
648.05
596.1
650.6
633.1
600.254237288
634.25
677.283333333
613.983333333
596.833333333
654.491525424
647.783333333
666.516666667
665.483333333
662.833333333
659.716666667
629.033898305
630.4
658.2
609.55
583.55
647.779661017
647.35
621.033333333
626.266666667
652.816666667
641.898305085
657.7
612.3
605.7
689.983333333
618.833333333
682.322033898
630.95
651.35
632.7
636.75
672.75
636.355932203
624.416666667
692.533333333
701.066666667
639.965517241
--END OF 8--
67.2881355932
70.25
70.25
63.15
71.3
72.7
59.5593220339
63.9333333333
53.5666666667
78.75
73.8166666667
70.75
68.1016949153
64.2666666667
72.95
72.8666666667
60.2
53.2033898305
56.85
62.0
54.3
56.6
66.6440677966
68.4333333333
70.4
69.3666666667
60.1333333333
69.3559322034
68.4666666667
67.9666666667
67.95
61.6
77.4833333333
73.593220339
67.9
69.2
60.5
67.85
68.8813559322
52.5
70.1333333333
76.6166666667
66.6833333333
68.4745762712
62.8333333333
63.1333333333
66.6666666667
68.7
59.6
57.2881355932
54.4
66.1
59.2
60.85
73.5
66.2203389831
64.4
69.4166666667
79.5666666667
69.9137931034
--END OF 9--
2.59322033898
3.25
2.45
3.4
3.85
3.25
2.91525423729
2.45
1.2
2.98333333333
3.68333333333
1.68333333333
1.42372881356
1.68333333333
5.68333333333
2.01666666667
1.21666666667
2.16949152542
1.3
2.35
1.4
0.9
2.47457627119
2.33333333333
1.81666666667
3.0
2.11666666667
3.16949152542
3.43333333333
3.36666666667
3.01666666667
2.48333333333
2.18333333333
1.49152542373
4.85
2.85
4.5
3.9
1.61016949153
2.93333333333
2.4
1.18333333333
4.9
2.96610169492
3.23333333333
2.38333333333
2.31666666667
1.41666666667
1.35
2.22033898305
1.8
4.05
2.3
2.25
0.9
3.03389830508
1.4
5.06666666667
4.15
1.81034482759
--END OF 10--
0.864406779661
0.25
0.95
0.95
0.5
1.1
0.694915254237
1.21666666667
0.5
0.9
2.03333333333
0.1
0.491525423729
0.483333333333
1.33333333333
0.166666666667
0.116666666667
0.389830508475
0.05
0.85
0.6
0.5
0.491525423729
0.55
0.966666666667
0.5
0.0
1.13559322034
1.36666666667
0.516666666667
0.983333333333
0.516666666667
0.0
0.0
0.5
0.0
0.65
0.85
1.0
1.21666666667
0.883333333333
0.416666666667
0.5
0.0
0.416666666667
0.5
0.1
0.983333333333
0.383333333333
0.728813559322
1.3
1.05
0.3
0.75
0.9
1.1186440678
0.0833333333333
0.9
1.51666666667
0.155172413793
--END OF 11--
0.508474576271
0.0
0.0
0.0
0.0
0.0
0.0
0.0
0.0
0.0
0.0
0.0333333333333
0.474576271186
0.0
0.5
0.0
0.0
0.0
0.05
0.45
0.0
0.5
0.0
0.0
0.0
0.0
0.0
0.0
0.0
0.0
0.166666666667
0.333333333333
0.0
0.0
0.0
0.0
0.25
0.25
0.0
0.0
0.0
0.0
0.5
0.0
0.0
0.0
0.0
0.0
0.0
0.0
0.35
0.6
0.05
0.5
0.3
0.71186440678
0.0
0.0
0.0
0.0
--END OF 12--
