19.8166666667
20.25
19.8813559322
20.3166666667
19.5166666667
18.6666666667
19.0833333333
18.7666666667
18.8666666667
19.3898305085
20.2666666667
20.4166666667
19.2
19.8166666667
19.9
20.7457627119
19.4666666667
20.0333333333
19.5833333333
19.4833333333
21.0166666667
19.0338983051
18.95
18.6666666667
20.55
19.2833333333
18.813559322
18.4833333333
19.4
20.6666666667
19.6666666667
20.8833333333
19.0338983051
19.1
19.8166666667
18.9666666667
18.7833333333
18.5
19.7966101695
20.1166666667
19.6333333333
19.5666666667
20.0
20.5593220339
19.35
19.3
19.5
20.7
19.6833333333
19.5254237288
19.7166666667
20.2666666667
19.8833333333
20.4833333333
21.55
19.8644067797
20.2166666667
19.6333333333
20.8333333333
19.2807017544
--END OF 1--
28.0166666667
28.3
27.7627118644
28.5166666667
26.35
26.1833333333
25.4333333333
26.9833333333
26.8333333333
27.1525423729
28.4833333333
29.4333333333
26.85
28.9166666667
29.75
30.3898305085
28.1
26.8
26.1833333333
26.1833333333
28.8166666667
26.5593220339
26.35
26.7
27.4166666667
26.6333333333
26.4745762712
26.8833333333
26.8
28.6333333333
27.4666666667
29.7833333333
26.7457627119
26.0666666667
27.2666666667
27.4333333333
26.7
26.45
29.1525423729
28.65
27.2
26.9833333333
27.7
28.2881355932
26.4
27.55
27.8
28.6
27.2333333333
27.3559322034
28.8666666667
27.7166666667
28.1333333333
27.85
29.35
29.2881355932
28.5833333333
26.9166666667
29.6666666667
28.2807017544
--END OF 2--
29.2
29.4166666667
29.406779661
29.1166666667
26.6833333333
26.2833333333
26.4
27.6166666667
27.75
29.4406779661
30.15
30.4166666667
27.75
29.7833333333
31.15
31.3898305085
29.05
27.1
26.9
26.2833333333
30.65
29.2881355932
26.9166666667
27.1
28.3
27.2166666667
28.5762711864
27.3333333333
27.95
28.9166666667
28.8333333333
31.3333333333
27.406779661
27.35
28.95
28.75
27.1166666667
27.0166666667
29.593220339
28.8666666667
27.75
28.7333333333
28.1
29.6440677966
27.3
29.1
28.7
29.35
27.3166666667
27.9491525424
32.0833333333
28.65
30.1333333333
30.7333333333
30.7166666667
30.1355932203
29.0833333333
27.2833333333
30.6
29.8771929825
--END OF 3--
19.6333333333
19.8
19.6101694915
19.9
19.4333333333
18.6666666667
18.9333333333
18.7666666667
18.85
19.2033898305
19.5833333333
19.7833333333
19.0
19.6
19.8
20.1525423729
19.45
19.9
19.4666666667
19.3833333333
20.15
19.0
18.7
18.5666666667
20.05
19.2833333333
18.7118644068
18.4833333333
19.35
20.0
19.2166666667
20.0833333333
18.9322033898
19.0666666667
19.35
18.9166666667
18.7833333333
18.5
19.5593220339
19.6166666667
19.5333333333
19.5
19.8
20.0508474576
19.35
19.3
19.25
20.0
19.4833333333
19.3559322034
19.1333333333
19.85
19.8333333333
19.95
20.55
19.5423728814
19.7666666667
19.5666666667
20.0833333333
19.2807017544
--END OF 4--
28.0166666667
28.15
27.7627118644
28.5166666667
26.35
26.1833333333
25.4333333333
26.85
26.8333333333
27.1525423729
28.3333333333
29.2333333333
26.85
28.8833333333
29.6
29.9830508475
28.1
26.8
26.1833333333
26.1833333333
28.7166666667
26.5593220339
26.35
26.7
27.4166666667
26.6333333333
26.4745762712
26.8833333333
26.8
28.6333333333
27.4666666667
29.4333333333
26.7457627119
26.0666666667
27.2666666667
27.4333333333
26.7
26.4333333333
28.8474576271
28.5
27.2
26.9666666667
27.7
28.2372881356
26.4
27.55
27.8
28.6
27.1833333333
27.3559322034
28.7666666667
27.7166666667
28.1333333333
27.85
29.2
29.1355932203
28.5833333333
26.9166666667
29.1833333333
28.2807017544
--END OF 5--
29.2
29.4166666667
29.406779661
29.1166666667
26.6833333333
26.2833333333
26.4
27.6166666667
27.75
29.4406779661
30.15
30.4166666667
27.75
29.7833333333
31.15
31.3898305085
29.05
27.1
26.9
26.2833333333
30.65
29.2881355932
26.9166666667
27.1
28.3
27.2166666667
28.5762711864
27.3333333333
27.95
28.9166666667
28.8333333333
31.3333333333
27.406779661
27.35
28.95
28.75
27.1166666667
27.0166666667
29.593220339
28.8666666667
27.75
28.7333333333
28.1
29.6440677966
27.3
29.1
28.7
29.35
27.3166666667
27.9491525424
32.0833333333
28.65
30.1333333333
30.7333333333
30.7166666667
30.1355932203
29.0833333333
27.2833333333
30.6
29.8771929825
--END OF 6--
3651.5
3792.05
3629.89830508
3647.95
3498.45
3579.8
3705.5
3583.3
3579.95
3716.79661017
3719.4
3769.4
3692.4
3804.0
3743.55
3915.45762712
3672.45
3720.6
3648.95
3635.45
3861.1
3556.62711864
3641.5
3623.2
3745.1
3589.2
3582.3559322
3616.45
3666.75
3938.5
3646.2
3872.4
3607.42372881
3726.35
3710.25
3711.15
3561.35
3581.45
3806.44067797
3874.65
3687.25
3589.8
3674.6
3812.84745763
3601.35
3712.8
3664.2
3790.95
3632.55
3729.20338983
3854.3
3822.6
3736.3
3803.15
4087.85
3855.10169492
3828.25
3693.75
3980.3
3629.0
--END OF 7--
1027.16666667
1045.28333333
1020.42372881
1011.7
976.75
988.933333333
1015.91666667
989.066666667
995.1
1024.86440678
1048.35
1046.48333333
1005.9
1042.61666667
1071.55
1107.06779661
1033.36666667
1022.5
1014.56666667
1000.45
1086.25
999.983050847
1018.36666667
1022.75
1050.43333333
995.4
995.118644068
1010.56666667
1014.7
1077.5
1023.35
1081.6
1003.6779661
1009.26666667
1025.68333333
1010.45
994.116666667
993.183333333
1054.44067797
1077.78333333
1019.21666667
995.05
1002.33333333
1063.81355932
985.45
1014.55
1014.7
1055.75
1031.43333333
1032.30508475
1071.08333333
1061.96666667
1033.83333333
1064.25
1120.03333333
1067.10169492
1069.0
1010.45
1110.98333333
1021.21052632
--END OF 8--
163.95
152.616666667
157.86440678
167.533333333
149.6
146.783333333
131.3
160.45
147.616666667
168.593220339
192.066666667
184.033333333
160.55
180.0
175.6
191.881355932
173.016666667
140.866666667
146.1
146.166666667
154.933333333
160.050847458
148.333333333
155.916666667
159.65
160.116666667
165.033898305
176.633333333
150.75
174.283333333
158.483333333
167.7
153.677966102
135.6
158.366666667
164.233333333
167.483333333
162.633333333
194.474576271
176.816666667
153.883333333
149.8
154.283333333
167.237288136
158.45
173.0
160.25
171.8
163.066666667
154.728813559
183.35
163.9
176.1
172.133333333
171.55
177.915254237
175.383333333
160.3
175.716666667
182.052631579
--END OF 9--
8.85
10.0
10.8813559322
11.3833333333
6.35
3.1
5.45
8.95
9.88333333333
9.59322033898
9.01666666667
11.3666666667
4.8
8.28333333333
11.2
7.93220338983
8.46666666667
5.48333333333
6.21666666667
3.55
11.45
9.71186440678
7.93333333333
5.36666666667
5.11666666667
5.13333333333
8.0
5.36666666667
7.7
4.13333333333
11.6666666667
12.55
6.57627118644
8.83333333333
7.36666666667
9.4
6.26666666667
5.25
4.52542372881
5.35
7.81666666667
7.86666666667
9.85
6.59322033898
5.1
7.35
8.9
9.05
3.75
6.45762711864
15.8666666667
5.68333333333
11.8833333333
8.9
5.83333333333
10.186440678
4.81666666667
5.31666666667
5.98333333333
9.59649122807
--END OF 10--
0.966666666667
1.61666666667
2.22033898305
0.8
0.233333333333
0.166666666667
1.5
0.316666666667
1.65
3.18644067797
2.48333333333
1.91666666667
0.9
1.13333333333
1.5
1.54237288136
1.41666666667
0.25
0.316666666667
0.0
2.36666666667
4.27118644068
1.23333333333
0.65
1.21666666667
0.583333333333
3.37288135593
0.3
1.9
0.1
2.0
2.5
0.542372881356
1.85
2.16666666667
1.96666666667
0.716666666667
0.866666666667
0.508474576271
0.433333333333
0.5
2.55
0.583333333333
1.37288135593
1.55
1.75
1.1
1.25
0.05
1.0
3.4
1.25
1.75
3.95
2.13333333333
1.54237288136
0.5
0.466666666667
0.566666666667
2.33333333333
--END OF 11--
0.266666666667
0.233333333333
0.71186440678
0.5
0.0
0.0
0.0
0.0
0.0
1.08474576271
0.5
0.0
0.0
0.0
0.5
0.0
0.5
0.0
0.0
0.0
0.0
0.474576271186
0.0
0.0
0.0
0.0
0.508474576271
0.0
0.5
0.0
0.0
0.0
0.0
0.0
0.833333333333
0.666666666667
0.0
0.233333333333
0.0338983050847
0.0
0.0
1.68333333333
0.0833333333333
0.762711864407
0.25
0.0
0.0
0.0
0.0
0.0
1.93333333333
0.566666666667
0.0
0.0
0.0
0.0
0.0
0.0
0.3
0.245614035088
--END OF 12--
