27.2666666667
27.3666666667
27.3
27.2333333333
26.6610169492
26.75
26.6333333333
26.6166666667
26.6333333333
26.8833333333
27.6833333333
26.6779661017
27.3333333333
27.7333333333
26.3166666667
27.8166666667
26.3333333333
26.8813559322
26.4
27.5
26.9
27.1
26.1694915254
26.4666666667
27.1666666667
26.2833333333
27.15
26.9333333333
27.2542372881
26.5166666667
26.35
27.0166666667
27.2166666667
25.8166666667
26.7627118644
26.5833333333
27.1833333333
25.2666666667
25.5833333333
27.406779661
26.8333333333
25.7666666667
26.0
27.4833333333
26.0166666667
25.9491525424
26.1333333333
25.0666666667
26.0
25.85
25.9152542373
26.3333333333
25.3
26.9
26.8666666667
25.9166666667
26.2372881356
25.5666666667
24.8
26.649122807
--END OF 1--
38.9166666667
39.5
39.1333333333
39.3333333333
37.0169491525
38.8333333333
39.2
38.6333333333
39.7166666667
37.3666666667
39.0333333333
39.1016949153
39.1833333333
39.6666666667
39.3833333333
40.1333333333
37.3166666667
40.6271186441
39.3833333333
38.4333333333
39.1666666667
39.15
37.8644067797
38.7166666667
38.15
38.6833333333
37.9333333333
37.4333333333
37.7796610169
38.0333333333
37.5666666667
36.9333333333
38.6
38.1166666667
36.6440677966
38.5166666667
39.2166666667
36.2333333333
37.7
38.7118644068
37.1666666667
38.2833333333
37.8
37.7333333333
36.75
37.1694915254
36.4833333333
35.3166666667
36.85
36.9
37.8813559322
38.9333333333
36.8166666667
38.0
39.0666666667
37.4333333333
36.9491525424
36.7
34.7833333333
38.1929824561
--END OF 2--
39.7333333333
40.5333333333
40.1166666667
42.0
37.7627118644
41.0
40.3
39.5333333333
40.35
37.9166666667
40.15
40.5762711864
40.1333333333
40.3
40.7333333333
41.8333333333
39.3333333333
42.4237288136
40.9666666667
40.1333333333
40.1
40.3833333333
39.1694915254
39.45
39.0
39.5666666667
39.15
39.0666666667
39.186440678
38.4833333333
39.5166666667
37.8
40.2166666667
39.45
37.8305084746
39.6333333333
39.9333333333
36.7666666667
39.0
39.3728813559
39.7166666667
40.1166666667
39.3833333333
38.85
38.1166666667
38.8305084746
37.1833333333
35.8166666667
38.75
38.1333333333
39.593220339
39.1666666667
38.6
40.3
39.8166666667
38.25
38.5593220339
38.1666666667
35.2166666667
39.0350877193
--END OF 3--
23.7166666667
23.95
23.9
23.9333333333
23.593220339
23.65
23.45
23.3833333333
23.4333333333
23.5833333333
24.0833333333
23.5593220339
23.9333333333
24.1833333333
23.35
24.2166666667
23.4833333333
23.5762711864
23.4
23.8333333333
23.6833333333
23.8333333333
23.3220338983
23.4333333333
23.7833333333
23.3
23.7166666667
23.75
23.7796610169
23.4666666667
23.4
23.6666666667
23.8
23.1
23.7118644068
23.6
23.8833333333
22.8
22.7
23.9322033898
23.7333333333
23.0833333333
23.1333333333
23.9666666667
23.2333333333
23.1016949153
23.2833333333
22.7666666667
23.15
22.8333333333
22.9661016949
23.3333333333
22.7833333333
23.6833333333
23.75
23.1166666667
23.3050847458
22.9833333333
22.55
23.6842105263
--END OF 4--
34.8666666667
35.4166666667
35.2833333333
35.35
34.0169491525
35.0833333333
35.2666666667
34.7333333333
35.4666666667
34.1
35.0
35.2881355932
35.2166666667
35.65
35.3333333333
35.9833333333
34.05
36.186440678
35.3666666667
34.8166666667
35.3
35.2666666667
34.5084745763
35.0666666667
34.5666666667
34.9666666667
34.4333333333
34.2
34.4406779661
34.7166666667
34.35
33.95
34.95
34.8166666667
33.6949152542
34.9666666667
35.3166666667
33.4333333333
34.2166666667
35.1186440678
34.1666666667
34.75
34.5166666667
34.6666666667
33.8166666667
34.0169491525
33.5333333333
32.7166666667
33.75
33.8
34.4406779661
35.0666666667
33.7666666667
34.5
35.25
34.2333333333
33.9491525424
33.7666666667
32.6
34.6315789474
--END OF 5--
39.7333333333
40.5333333333
40.1166666667
42.0
37.7627118644
41.0
40.3
39.5333333333
40.35
37.9166666667
40.15
40.5762711864
40.1333333333
40.3
40.7333333333
41.7833333333
39.3333333333
42.4237288136
40.9333333333
40.1166666667
40.1
40.3833333333
39.1694915254
39.45
39.0
39.5666666667
39.1
39.0666666667
39.186440678
38.4833333333
39.5166666667
37.8
40.2166666667
39.45
37.8305084746
39.6333333333
39.9333333333
36.7666666667
39.0
39.3728813559
39.7166666667
40.1166666667
39.3833333333
38.85
38.1166666667
38.8305084746
37.1833333333
35.8166666667
38.75
38.1333333333
39.593220339
39.1666666667
38.6
40.3
39.8166666667
38.25
38.5593220339
38.1666666667
35.2166666667
39.0350877193
--END OF 6--
5004.8
4913.0
5013.1
4934.7
4844.33898305
4786.05
4876.4
4870.0
4998.75
4881.25
4989.85
4828.52542373
5051.7
4980.3
4820.85
5095.25
4898.25
4962.50847458
4872.35
5023.35
4871.7
4896.6
4901.84745763
4906.9
4962.7
4815.4
4967.65
4717.65
4702.77966102
4832.9
4818.55
4947.05
5033.65
4802.65
4776.55932203
4834.95
5008.1
4738.95
4860.05
4892.23728814
4699.95
4818.25
4730.95
4822.55
4661.6
4822.11864407
4726.35
4642.95
4825.35
4780.35
4842.20338983
4937.45
4667.4
4851.6
4875.8
4726.05
4832.94915254
4626.55
4539.75
4807.0
--END OF 7--
1414.15
1401.96666667
1402.3
1395.26666667
1356.03389831
1362.2
1376.65
1406.43333333
1390.25
1359.71666667
1392.18333333
1385.94915254
1420.3
1408.16666667
1363.28333333
1434.91666667
1352.73333333
1402.6440678
1378.01666667
1404.91666667
1359.83333333
1373.91666667
1355.59322034
1381.23333333
1388.3
1350.56666667
1389.18333333
1367.25
1351.42372881
1356.0
1367.81666667
1379.55
1394.13333333
1355.48333333
1334.83050847
1360.26666667
1401.63333333
1327.5
1359.13333333
1386.3220339
1354.26666667
1359.33333333
1347.05
1365.36666667
1311.26666667
1327.98305085
1313.7
1300.4
1351.4
1349.3
1362.23728814
1375.6
1314.66666667
1367.41666667
1372.83333333
1330.2
1329.62711864
1291.68333333
1269.26666667
1357.87719298
--END OF 8--
245.966666667
238.266666667
243.616666667
251.35
220.254237288
254.416666667
255.866666667
239.2
260.4
228.916666667
241.183333333
240.169491525
239.183333333
233.466666667
253.6
240.4
223.216666667
261.355932203
231.683333333
232.016666667
245.233333333
245.316666667
239.508474576
251.616666667
223.6
244.533333333
224.3
229.3
227.355932203
244.483333333
236.633333333
219.483333333
230.25
249.283333333
216.93220339
243.35
239.65
218.9
237.2
245.440677966
221.45
237.133333333
242.5
229.516666667
223.516666667
218.254237288
223.5
225.9
213.85
212.15
240.033898305
253.65
234.033333333
238.183333333
236.333333333
231.566666667
219.983050847
228.316666667
211.033333333
251.877192982
--END OF 9--
7.0
9.71666666667
7.73333333333
9.31666666667
5.79661016949
13.1
10.1
8.95
11.05
7.05
10.15
13.9322033898
8.38333333333
9.88333333333
11.9
11.1666666667
10.6166666667
12.8644067797
15.9833333333
11.0166666667
13.0166666667
11.4333333333
7.35593220339
7.63333333333
9.78333333333
10.0
9.91666666667
9.78333333333
10.2033898305
6.63333333333
10.5666666667
4.4
11.2166666667
8.83333333333
9.06779661017
10.3666666667
10.7
7.16666666667
10.25
7.8813559322
10.4333333333
14.1666666667
11.1166666667
6.43333333333
10.0833333333
12.7966101695
7.5
4.85
12.3
10.5166666667
9.35593220339
8.66666666667
10.75
11.6833333333
9.4
10.6833333333
10.3050847458
13.4333333333
6.73333333333
7.78947368421
--END OF 10--
0.783333333333
1.1
1.45
4.7
0.966101694915
2.5
1.9
1.08333333333
0.833333333333
0.583333333333
1.18333333333
1.62711864407
1.26666666667
1.16666666667
0.95
2.56666666667
3.5
2.59322033898
1.75
2.46666666667
1.13333333333
1.86666666667
1.59322033898
0.933333333333
1.13333333333
1.55
1.36666666667
2.36666666667
1.27118644068
0.933333333333
2.2
0.95
2.05
1.1
1.32203389831
0.85
1.51666666667
0.05
2.11666666667
0.915254237288
3.6
1.98333333333
2.1
1.3
1.91666666667
1.76271186441
1.25
0.6
1.35
1.93333333333
2.08474576271
0.166666666667
1.9
3.1
0.983333333333
0.983333333333
1.49152542373
1.88333333333
0.533333333333
1.05263157895
--END OF 11--
0.133333333333
0.366666666667
0.0
0.5
0.0
0.0
0.533333333333
0.0
0.0
0.0
0.516666666667
0.491525423729
0.0
0.166666666667
0.0
0.0
0.3
0.0338983050847
0.166666666667
0.5
0.3
0.8
0.677966101695
0.166666666667
0.166666666667
0.0
0.333333333333
0.233333333333
0.406779661017
0.4
0.233333333333
0.25
0.0
0.233333333333
0.28813559322
0.216666666667
0.0
0.0
0.366666666667
0.338983050847
0.333333333333
1.36666666667
0.416666666667
0.183333333333
0.0
0.0
0.0
0.5
0.0
0.15
0.796610169492
0.166666666667
0.0833333333333
0.916666666667
0.0
0.0
0.0
0.266666666667
0.233333333333
0.122807017544
--END OF 12--
