10.4
10.15
10.6
10.3833333333
10.7666666667
10.8983050847
11.25
11.05
10.6166666667
9.88333333333
10.85
10.9661016949
10.8166666667
10.8
11.8833333333
10.0833333333
10.85
10.6610169492
10.4333333333
10.95
10.3333333333
10.8833333333
10.8983050847
10.9
10.2333333333
11.6333333333
11.05
10.7966101695
10.9333333333
10.4
10.7166666667
11.0833333333
10.3898305085
9.7
10.8
11.5833333333
11.0
10.3559322034
10.6833333333
10.7833333333
10.1
10.4333333333
11.0508474576
10.6166666667
10.4333333333
10.5666666667
11.7333333333
10.2166666667
11.0
11.15
10.3
10.2833333333
9.5
11.0169491525
10.4666666667
10.15
10.7166666667
10.6
10.0338983051
10.8421052632
--END OF 1--
13.75
12.7
13.85
13.5833333333
14.1166666667
14.2033898305
14.05
14.25
13.8666666667
12.1833333333
14.35
14.2203389831
13.65
13.9333333333
14.8833333333
14.0333333333
14.4333333333
14.2542372881
13.1333333333
13.85
12.9333333333
13.3333333333
14.1525423729
13.65
12.45
14.4166666667
15.3166666667
14.2711864407
14.0333333333
14.4333333333
14.5
14.7666666667
13.0338983051
12.7
13.75
14.8833333333
13.45
12.4406779661
13.95
13.8666666667
12.4666666667
13.4
13.8983050847
13.0833333333
13.4166666667
13.8833333333
14.7333333333
13.4166666667
14.5084745763
13.95
13.7
13.6833333333
11.95
13.9830508475
13.6
13.85
13.2333333333
13.2333333333
13.7966101695
14.0
--END OF 2--
13.75
13.35
13.85
13.6833333333
14.1166666667
15.0677966102
14.8166666667
14.8333333333
13.8666666667
12.4666666667
15.0166666667
14.5084745763
15.1666666667
15.6666666667
15.0666666667
14.5833333333
14.9
15.1016949153
14.7333333333
14.55
13.3333333333
13.4333333333
14.6610169492
13.8833333333
12.5666666667
14.7166666667
15.3166666667
14.593220339
14.5166666667
14.6333333333
14.85
14.7666666667
13.0338983051
13.65
14.8
15.2333333333
13.65
13.9491525424
14.3
14.5333333333
12.8166666667
13.55
14.1186440678
13.5666666667
13.4833333333
14.75
15.9166666667
14.3333333333
15.0847457627
14.15
13.7
15.7333333333
12.7
14.7627118644
14.9
14.7833333333
13.5333333333
13.6666666667
14.4406779661
15.0526315789
--END OF 3--
10.4
10.15
10.6
10.3833333333
10.7666666667
10.8983050847
11.25
11.05
10.6166666667
9.88333333333
10.85
10.9661016949
10.8166666667
10.8
11.8833333333
10.0833333333
10.85
10.6610169492
10.4333333333
10.95
10.3333333333
10.8833333333
10.8983050847
10.9
10.2333333333
11.6333333333
11.05
10.7966101695
10.9333333333
10.4
10.7166666667
11.0833333333
10.3898305085
9.7
10.8
11.5833333333
11.0
10.3559322034
10.6833333333
10.7833333333
10.1
10.4333333333
11.0508474576
10.6166666667
10.4333333333
10.5666666667
11.7333333333
10.2166666667
11.0
11.15
10.3
10.2833333333
9.5
11.0169491525
10.4666666667
10.15
10.7166666667
10.6
10.0338983051
10.8421052632
--END OF 4--
13.75
12.7
13.85
13.5833333333
14.1166666667
14.2033898305
14.05
14.25
13.8666666667
12.1833333333
14.35
14.2203389831
13.65
13.9333333333
14.8833333333
14.0333333333
14.4333333333
14.2542372881
13.1333333333
13.85
12.9333333333
13.3333333333
14.1525423729
13.65
12.45
14.4166666667
15.3166666667
14.2711864407
14.0333333333
14.4333333333
14.5
14.7666666667
13.0338983051
12.7
13.75
14.8833333333
13.45
12.4406779661
13.95
13.8666666667
12.4666666667
13.4
13.8983050847
13.0833333333
13.4166666667
13.8833333333
14.7333333333
13.4166666667
14.5084745763
13.95
13.7
13.6833333333
11.95
13.9830508475
13.6
13.85
13.2333333333
13.2333333333
13.7966101695
14.0
--END OF 5--
13.75
13.35
13.85
13.6833333333
14.1166666667
15.0677966102
14.8166666667
14.8333333333
13.8666666667
12.4666666667
15.0166666667
14.5084745763
15.1666666667
15.6666666667
15.0666666667
14.5833333333
14.9
15.1016949153
14.7333333333
14.55
13.3333333333
13.4333333333
14.6610169492
13.8833333333
12.5666666667
14.7166666667
15.3166666667
14.593220339
14.5166666667
14.6333333333
14.85
14.7666666667
13.0338983051
13.65
14.8
15.2333333333
13.65
13.9491525424
14.3
14.5333333333
12.8166666667
13.55
14.1186440678
13.5666666667
13.4833333333
14.75
15.9166666667
14.3333333333
15.0847457627
14.15
13.7
15.7333333333
12.7
14.7627118644
14.9
14.7833333333
13.5333333333
13.6666666667
14.4406779661
15.0526315789
--END OF 6--
2023.35
2025.3
1981.05
1975.95
2152.95
2230.77966102
2141.0
2105.5
2014.35
1957.3
2151.75
2095.06779661
2093.2
2039.65
2247.55
2006.65
2066.45
2065.42372881
2025.45
2037.9
1979.4
2090.85
2093.69491525
2069.15
2003.1
2189.75
2236.2
2084.54237288
2057.85
2046.55
2072.9
2170.85
2133.40677966
2047.5
2127.6
2198.4
2043.75
2016.81355932
2057.3
2151.25
2072.15
2085.15
2083.72881356
2041.85
2042.65
2076.85
2191.8
2009.45
2144.03389831
2149.35
2128.8
2103.0
1939.8
2180.59322034
2043.05
1966.6
2057.35
2084.65
2061.15254237
2130.78947368
--END OF 7--
562.6
544.9
561.6
553.7
594.7
613.559322034
588.066666667
582.116666667
565.766666667
538.533333333
589.35
572.661016949
578.5
573.516666667
623.45
542.133333333
579.066666667
574.305084746
553.3
574.25
546.35
574.9
586.389830508
571.483333333
536.816666667
591.35
609.233333333
569.627118644
576.033333333
569.933333333
583.083333333
605.333333333
577.93220339
563.1
586.35
622.4
571.4
550.406779661
563.116666667
593.383333333
564.983333333
593.133333333
597.406779661
581.85
559.266666667
578.166666667
613.166666667
563.083333333
582.118644068
595.05
594.05
589.45
532.2
609.186440678
560.283333333
546.1
554.35
571.35
573.13559322
590.736842105
--END OF 8--
77.65
62.15
65.9
68.65
76.35
74.3220338983
80.6333333333
72.35
71.9166666667
52.75
74.05
69.8474576271
70.5
70.8
63.7333333333
62.5166666667
74.7
70.9491525424
69.1
77.3
57.75
61.9
76.1694915254
69.5
57.8666666667
73.35
84.25
71.6949152542
70.45
76.0833333333
79.5666666667
83.9333333333
59.0508474576
73.0
77.05
74.7
66.85
54.2372881356
77.2333333333
67.2
63.55
70.1833333333
73.6101694915
64.45
60.0666666667
64.1833333333
64.6166666667
66.0666666667
70.4576271186
72.6
70.5
77.2
54.6
69.6949152542
75.1166666667
67.4666666667
62.25
64.6
78.4576271186
73.1052631579
--END OF 9--
0.4
2.1
1.9
2.7
1.3
3.33898305085
2.26666666667
3.36666666667
2.76666666667
0.933333333333
2.38333333333
2.66101694915
4.4
4.33333333333
1.13333333333
7.08333333333
4.38333333333
5.5593220339
5.15
2.6
1.65
0.95
1.32203389831
0.283333333333
0.433333333333
2.75
1.5
2.52542372881
3.53333333333
4.68333333333
2.31666666667
2.03333333333
1.71186440678
2.8
2.55
2.2
1.9
3.49152542373
3.65
3.48333333333
1.78333333333
1.45
3.62711864407
2.96666666667
3.73333333333
3.38333333333
3.1
2.76666666667
2.57627118644
3.0
2.55
7.4
2.05
2.16949152542
3.61666666667
4.88333333333
2.36666666667
1.46666666667
3.06779661017
3.84210526316
--END OF 10--
0.0
0.9
0.1
0.45
0.05
1.35593220339
1.08333333333
0.583333333333
0.0
0.616666666667
0.883333333333
0.440677966102
1.46666666667
2.88333333333
0.216666666667
0.5
0.566666666667
1.5593220339
1.85
0.65
0.4
0.0
0.508474576271
0.283333333333
0.216666666667
0.0
0.0
0.525423728814
0.483333333333
0.5
0.5
0.0
0.0
1.0
1.75
0.5
0.25
2.37288135593
0.483333333333
1.18333333333
0.5
0.0
0.118644067797
0.883333333333
0.216666666667
1.23333333333
2.13333333333
1.51666666667
0.915254237288
0.0
0.0
3.45
1.05
1.22033898305
2.05
1.25
0.0
0.283333333333
1.15254237288
2.05263157895
--END OF 11--
0.0
0.5
0.0
0.0
0.0
0.0
0.183333333333
0.316666666667
0.0
0.0
0.0
0.271186440678
0.233333333333
0.366666666667
0.133333333333
0.0
0.0
0.0
1.15
0.45
0.4
0.0
0.0
0.0
0.0
0.0
0.0
0.0169491525424
0.483333333333
0.0
0.0
0.0
0.0
0.0
0.0
0.0
0.0
0.508474576271
0.0
0.0
0.5
0.0
0.0
0.0
0.0
0.0
0.0
0.416666666667
0.0847457627119
0.0
0.0
0.5
0.0
0.0
0.133333333333
0.866666666667
0.0
0.283333333333
0.220338983051
0.526315789474
--END OF 12--
