17.45
15.9166666667
17.3
17.3
17.4833333333
17.0666666667
16.406779661
16.0833333333
16.1333333333
16.9333333333
15.0833333333
17.85
16.4745762712
16.7666666667
16.6
15.6166666667
17.5166666667
16.406779661
16.6666666667
15.9
15.9333333333
16.4
15.2881355932
16.0
15.4833333333
15.5666666667
16.25
16.3
16.8305084746
15.3166666667
14.8666666667
16.6333333333
15.9333333333
16.3220338983
16.4833333333
16.6666666667
16.7
16.6666666667
17.0847457627
16.1333333333
16.7
15.45
16.9166666667
15.406779661
16.4666666667
17.9166666667
15.7333333333
15.8666666667
17.8333333333
16.6271186441
15.1833333333
16.1833333333
16.4166666667
16.2333333333
16.5333333333
16.3389830508
17.1
16.8833333333
15.3
17.375
--END OF 1--
23.4166666667
20.9333333333
22.1666666667
22.5833333333
22.8666666667
21.5166666667
22.9152542373
21.2833333333
20.8833333333
22.1333333333
20.0833333333
23.25
21.6779661017
22.7166666667
21.5333333333
20.9666666667
22.9333333333
21.5762711864
21.5666666667
22.4166666667
21.1166666667
22.0166666667
22.5254237288
22.45
21.65
21.4166666667
21.4166666667
21.85
22.1186440678
21.1833333333
20.6333333333
23.6
21.8
21.0677966102
21.6166666667
21.65
22.1333333333
19.9333333333
21.4406779661
20.7833333333
21.6
20.4
21.1166666667
22.3559322034
23.0833333333
22.7833333333
20.8166666667
22.3166666667
22.3166666667
21.3559322034
19.9666666667
21.0333333333
21.4166666667
20.7
21.25
22.1186440678
22.15
22.3833333333
20.4
22.3571428571
--END OF 2--
24.1
21.3666666667
22.6333333333
22.5833333333
23.2166666667
22.0833333333
23.3559322034
21.4833333333
21.6833333333
22.2833333333
20.3333333333
23.8
21.813559322
22.95
22.2333333333
20.9666666667
23.7333333333
21.7457627119
21.8166666667
23.6333333333
21.65
22.9666666667
23.5762711864
22.6166666667
22.4333333333
21.7666666667
21.7666666667
22.8
22.4745762712
22.05
22.1
24.2
22.3833333333
22.0508474576
21.9833333333
22.3
22.2833333333
20.4
22.6949152542
21.2666666667
21.85
21.25
21.1666666667
22.813559322
23.6833333333
23.2333333333
21.0666666667
22.6333333333
22.7333333333
22.3898305085
20.7333333333
21.6
21.8166666667
21.4166666667
21.9
22.9152542373
22.45
22.8333333333
21.0
22.4642857143
--END OF 3--
17.45
15.9166666667
17.3
17.3
17.4833333333
17.0666666667
16.406779661
16.0833333333
16.1333333333
16.9333333333
15.0833333333
17.85
16.4745762712
16.7666666667
16.6
15.6166666667
17.5166666667
16.406779661
16.6666666667
15.9
15.9333333333
16.4
15.2881355932
16.0
15.4833333333
15.5666666667
16.25
16.3
16.8305084746
15.3166666667
14.8666666667
16.6333333333
15.9333333333
16.3220338983
16.4833333333
16.6666666667
16.7
16.6666666667
17.0847457627
16.1333333333
16.7
15.45
16.9166666667
15.406779661
16.4666666667
17.9166666667
15.7333333333
15.8666666667
17.8333333333
16.6271186441
15.1833333333
16.1833333333
16.4166666667
16.2333333333
16.5333333333
16.3389830508
17.1
16.8833333333
15.3
17.375
--END OF 4--
23.4166666667
20.9333333333
22.1666666667
22.5833333333
22.8666666667
21.5166666667
22.9152542373
21.2833333333
20.8833333333
22.1333333333
20.0833333333
23.25
21.6779661017
22.7166666667
21.5333333333
20.9666666667
22.9333333333
21.5762711864
21.5666666667
22.4166666667
21.1166666667
22.0166666667
22.5254237288
22.45
21.65
21.4166666667
21.4166666667
21.85
22.1186440678
21.1833333333
20.6333333333
23.6
21.8
21.0677966102
21.6166666667
21.65
22.1333333333
19.9333333333
21.4406779661
20.7833333333
21.6
20.4
21.1166666667
22.3559322034
23.0833333333
22.7833333333
20.8166666667
22.3166666667
22.3166666667
21.3559322034
19.9666666667
21.0333333333
21.4166666667
20.7
21.25
22.1186440678
22.15
22.3833333333
20.4
22.3571428571
--END OF 5--
24.1
21.3666666667
22.6333333333
22.5833333333
23.2166666667
22.0833333333
23.3559322034
21.4833333333
21.6833333333
22.2833333333
20.3333333333
23.8
21.813559322
22.95
22.2333333333
20.9666666667
23.7333333333
21.7457627119
21.8166666667
23.6333333333
21.65
22.9666666667
23.5762711864
22.6166666667
22.4333333333
21.7666666667
21.7666666667
22.8
22.4745762712
22.05
22.1
24.2
22.3833333333
22.0508474576
21.9833333333
22.3
22.2833333333
20.4
22.6949152542
21.2666666667
21.85
21.25
21.1666666667
22.813559322
23.6833333333
23.2333333333
21.0666666667
22.6333333333
22.7333333333
22.3898305085
20.7333333333
21.6
21.8166666667
21.4166666667
21.9
22.9152542373
22.45
22.8333333333
21.0
22.4642857143
--END OF 6--
3182.35
3065.7
3250.2
3187.2
3256.15
3163.6
3064.57627119
3145.5
3023.1
3165.3
2949.0
3226.95
3151.62711864
3132.85
3137.4
3046.85
3226.85
3103.62711864
3151.2
3116.8
3096.05
3125.95
3084.61016949
3132.15
3048.25
3103.95
3042.35
3045.35
3118.06779661
3054.25
3008.95
3343.05
3120.9
3107.79661017
3066.4
3030.95
3191.05
3107.95
3174.76271186
3077.75
3233.4
2976.0
3165.15
3061.3220339
3079.5
3232.75
3027.45
3038.45
3243.2
3176.84745763
3004.7
3066.3
3232.35
3168.3
3135.55
3028.06779661
3153.0
3148.8
2980.8
3151.07142857
--END OF 7--
887.583333333
831.85
897.566666667
889.3
904.416666667
869.283333333
859.220338983
853.4
832.2
880.65
812.35
911.5
850.016949153
879.7
876.883333333
852.333333333
881.683333333
868.949152542
882.366666667
877.333333333
857.616666667
866.916666667
858.033898305
874.35
862.75
855.35
847.366666667
852.633333333
867.898305085
838.55
824.733333333
926.266666667
851.333333333
859.084745763
860.1
874.05
888.383333333
840.633333333
879.06779661
865.1
905.25
834.7
868.0
855.372881356
870.816666667
927.966666667
814.183333333
834.783333333
907.266666667
884.796610169
826.65
856.616666667
887.816666667
885.966666667
876.016666667
853.93220339
878.55
898.6
834.0
878.089285714
--END OF 8--
131.366666667
111.683333333
116.433333333
128.5
125.616666667
105.516666667
130.525423729
109.6
112.5
116.95
106.1
127.85
105.101694915
123.9
101.85
133.7
135.483333333
126.694915254
111.0
149.933333333
116.116666667
125.733333333
144.118644068
126.066666667
132.9
121.75
110.666666667
124.2
114.711864407
125.233333333
112.533333333
135.066666667
129.816666667
111.86440678
109.816666667
99.65
121.766666667
86.0
109.949152542
115.833333333
114.55
105.15
116.9
128.322033898
132.633333333
107.166666667
108.7
134.75
104.833333333
111.033898305
103.416666667
122.766666667
114.833333333
108.816666667
121.866666667
113.898305085
105.65
124.0
115.4
119.5
--END OF 9--
5.43333333333
4.33333333333
2.23333333333
2.58333333333
3.7
5.15
7.13559322034
2.8
5.1
3.2
1.8
4.1
3.45762711864
3.65
4.03333333333
1.05
3.91666666667
2.03389830508
4.91666666667
6.68333333333
5.41666666667
6.71666666667
4.1186440678
2.45
3.9
3.35
3.16666666667
4.91666666667
4.69491525424
4.88333333333
5.0
3.75
3.96666666667
4.22033898305
4.33333333333
5.05
2.2
2.21666666667
3.5593220339
4.41666666667
2.95
5.95
2.45
4.93220338983
6.0
3.03333333333
3.25
3.1
4.23333333333
4.1186440678
4.93333333333
3.76666666667
2.45
2.21666666667
3.41666666667
7.08474576271
4.65
5.65
3.95
3.51785714286
--END OF 10--
0.9
1.15
0.85
0.0
0.216666666667
0.966666666667
0.525423728814
0.0
1.15
0.35
0.5
0.75
0.694915254237
0.85
1.2
0.0166666666667
0.583333333333
0.0169491525424
0.5
0.866666666667
0.633333333333
1.5
1.64406779661
0.316666666667
1.25
0.3
0.75
0.55
0.457627118644
1.26666666667
1.76666666667
0.766666666667
0.966666666667
1.59322033898
0.366666666667
1.0
0.0
0.616666666667
1.76271186441
0.15
0.05
0.95
0.0
0.508474576271
0.8
0.65
0.25
0.5
0.933333333333
1.4406779661
1.56666666667
1.05
0.5
1.21666666667
1.01666666667
0.779661016949
0.5
0.25
0.6
0.0
--END OF 11--
0.5
0.0
0.0
0.0
0.0
0.0
0.0
0.0
0.0
0.0
0.0
0.0
0.0
0.0
0.0
0.0
0.0
0.0
0.0
0.0
0.0
0.0
0.0
0.0
0.45
0.05
0.0
0.0
0.0
0.333333333333
1.55
0.483333333333
0.45
0.28813559322
0.0
0.5
0.0
0.0
0.457627118644
0.05
0.05
0.45
0.0
0.0
0.0
0.483333333333
0.25
0.266666666667
0.0
0.0
0.0
0.0
0.0
0.0
0.0
0.0
0.0
0.0
0.0
0.0
--END OF 12--
