7.6
7.56666666667
7.52542372881
8.66666666667
8.63333333333
8.58333333333
9.05
6.93333333333
8.27118644068
7.75
7.68333333333
7.78333333333
7.83333333333
7.13333333333
7.23728813559
6.88333333333
6.68333333333
6.8
6.43333333333
6.83050847458
6.38333333333
6.71666666667
6.13333333333
6.46666666667
7.05084745763
6.26666666667
7.05
7.08333333333
5.53333333333
7.54237288136
6.31666666667
5.45
6.56666666667
6.53333333333
6.10169491525
5.91666666667
5.6
6.83333333333
6.4
6.45762711864
6.4
6.35
6.63333333333
6.28333333333
5.84745762712
6.5
7.06666666667
6.03333333333
6.05084745763
5.78333333333
6.03333333333
6.7
6.75
6.54237288136
6.2
6.55
6.98333333333
6.01666666667
6.38333333333
8.55357142857
--END OF 1--
10.1666666667
11.65
11.3389830508
12.7
12.1
11.55
11.45
10.1166666667
12.3050847458
11.05
10.7833333333
10.9833333333
12.1333333333
9.88333333333
9.83050847458
10.0833333333
9.48333333333
10.3
8.85
9.1186440678
9.35
8.93333333333
9.41666666667
8.91666666667
8.89830508475
9.31666666667
10.85
9.78333333333
8.43333333333
9.8813559322
8.85
7.83333333333
9.75
9.78333333333
8.72881355932
7.75
8.71666666667
9.3
9.05
8.49152542373
9.0
8.45
9.08333333333
8.28333333333
7.94915254237
8.98333333333
9.96666666667
7.78333333333
8.67796610169
8.35
7.95
8.05
8.56666666667
8.33898305085
8.55
8.5
9.13333333333
8.56666666667
8.38333333333
11.8571428571
--END OF 2--
10.8333333333
12.4166666667
13.2542372881
15.1333333333
13.2333333333
12.1666666667
12.7
10.65
12.6271186441
11.25
11.8333333333
11.4833333333
13.7833333333
11.1333333333
11.5423728814
10.9833333333
10.4
11.75
9.73333333333
9.66101694915
10.4
9.26666666667
10.1666666667
9.28333333333
10.813559322
10.3666666667
12.7
10.9333333333
9.18333333333
10.9152542373
9.68333333333
8.18333333333
10.8333333333
11.8333333333
9.05084745763
7.85
9.33333333333
10.3833333333
10.2666666667
9.64406779661
9.7
9.05
11.1333333333
8.83333333333
8.71186440678
9.53333333333
10.95
8.53333333333
8.84745762712
9.36666666667
8.75
8.28333333333
9.68333333333
8.47457627119
9.25
8.95
10.2333333333
9.01666666667
8.43333333333
12.9464285714
--END OF 3--
7.6
7.56666666667
7.52542372881
8.66666666667
8.63333333333
8.58333333333
9.05
6.93333333333
8.27118644068
7.75
7.68333333333
7.78333333333
7.83333333333
7.13333333333
7.23728813559
6.88333333333
6.68333333333
6.8
6.43333333333
6.83050847458
6.38333333333
6.71666666667
6.13333333333
6.46666666667
7.05084745763
6.26666666667
7.05
7.08333333333
5.53333333333
7.54237288136
6.31666666667
5.45
6.56666666667
6.53333333333
6.10169491525
5.91666666667
5.6
6.83333333333
6.4
6.45762711864
6.4
6.35
6.63333333333
6.28333333333
5.84745762712
6.5
7.06666666667
6.03333333333
6.05084745763
5.78333333333
6.03333333333
6.7
6.75
6.54237288136
6.2
6.55
6.98333333333
6.01666666667
6.38333333333
8.55357142857
--END OF 4--
10.1666666667
11.65
11.3389830508
12.7
12.1
11.55
11.45
10.1166666667
12.3050847458
11.05
10.7833333333
10.9833333333
12.1333333333
9.88333333333
9.83050847458
10.0833333333
9.48333333333
10.3
8.85
9.1186440678
9.35
8.93333333333
9.41666666667
8.91666666667
8.89830508475
9.31666666667
10.85
9.78333333333
8.43333333333
9.8813559322
8.85
7.83333333333
9.75
9.78333333333
8.72881355932
7.75
8.71666666667
9.3
9.05
8.49152542373
9.0
8.45
9.08333333333
8.28333333333
7.94915254237
8.98333333333
9.96666666667
7.78333333333
8.67796610169
8.35
7.95
8.05
8.56666666667
8.33898305085
8.55
8.5
9.13333333333
8.56666666667
8.38333333333
11.8571428571
--END OF 5--
10.8333333333
12.4166666667
13.2542372881
15.1333333333
13.2333333333
12.1666666667
12.7
10.65
12.6271186441
11.25
11.8333333333
11.4833333333
13.7833333333
11.1333333333
11.5423728814
10.9833333333
10.4
11.75
9.73333333333
9.66101694915
10.4
9.26666666667
10.1666666667
9.28333333333
10.813559322
10.3666666667
12.7
10.9333333333
9.18333333333
10.9152542373
9.68333333333
8.18333333333
10.8333333333
11.8333333333
9.05084745763
7.85
9.33333333333
10.3833333333
10.2666666667
9.64406779661
9.7
9.05
11.1333333333
8.83333333333
8.71186440678
9.53333333333
10.95
8.53333333333
8.84745762712
9.36666666667
8.75
8.28333333333
9.68333333333
8.47457627119
9.25
8.95
10.2333333333
9.01666666667
8.43333333333
12.9464285714
--END OF 6--
1500.8
1589.45
1639.16949153
1806.8
1696.9
1637.3
1719.45
1428.65
1647.05084746
1574.4
1558.05
1576.05
1641.75
1396.2
1468.88135593
1398.05
1413.65
1454.75
1361.1
1394.94915254
1446.15
1429.2
1394.15
1397.0
1403.89830508
1394.7
1478.1
1374.15
1291.2
1545.71186441
1354.75
1194.75
1344.9
1336.4
1321.37288136
1297.75
1328.0
1462.3
1331.25
1299.50847458
1365.9
1402.5
1436.85
1365.9
1257.0
1322.1
1390.25
1261.5
1275.50847458
1224.9
1285.75
1296.95
1278.8
1286.59322034
1252.65
1278.9
1441.35
1276.2
1303.2
1660.76785714
--END OF 7--
411.55
450.133333333
455.881355932
500.55
473.5
457.816666667
477.433333333
399.933333333
468.06779661
432.5
431.65
437.9
453.8
400.05
411.728813559
396.766666667
386.583333333
420.8
374.4
390.525423729
382.233333333
399.383333333
377.283333333
373.1
393.118644068
382.35
406.9
394.25
349.8
423.694915254
365.916666667
323.533333333
370.2
384.466666667
364.203389831
344.316666667
356.466666667
389.283333333
365.633333333
360.372881356
378.95
379.4
397.8
373.1
351.525423729
370.5
408.166666667
345.783333333
362.372881356
345.383333333
364.383333333
367.45
366.766666667
358.898305085
346.7
357.85
390.75
355.85
373.85
470.767857143
--END OF 8--
50.8666666667
64.2
68.4406779661
77.75
66.8166666667
61.7166666667
60.8166666667
56.7166666667
64.3559322034
57.3
72.0
56.9
59.55
60.2
56.7118644068
75.3
48.4833333333
72.7333333333
50.8833333333
47.3050847458
50.5666666667
44.9833333333
58.0666666667
44.4666666667
50.7796610169
48.4
63.45
55.65
53.4
56.0
51.0666666667
40.2666666667
53.5333333333
57.7833333333
53.7966101695
36.5
42.6833333333
48.0666666667
54.0
50.2711864407
49.55
45.6
48.7
41.4
52.2542372881
43.6833333333
50.1666666667
42.5666666667
53.2881355932
52.4833333333
47.85
41.8833333333
45.75
41.8305084746
45.8
54.0
49.4
56.15
39.7
72.625
--END OF 9--
2.58333333333
4.51666666667
6.67796610169
8.75
6.8
4.48333333333
3.16666666667
4.85
6.61016949153
3.85
1.95
4.3
11.85
4.5
3.32203389831
1.93333333333
4.23333333333
3.26666666667
2.36666666667
2.16949152542
4.68333333333
3.11666666667
3.66666666667
2.98333333333
5.08474576271
5.0
9.6
4.55
4.1
3.33898305085
4.35
3.6
7.68333333333
9.81666666667
2.42372881356
1.8
8.41666666667
4.15
5.63333333333
3.28813559322
4.7
3.65
6.55
3.1
3.30508474576
3.78333333333
5.6
3.1
3.61016949153
4.7
1.4
1.86666666667
3.33333333333
0.932203389831
4.3
1.3
3.65
3.25
1.6
2.76785714286
--END OF 10--
1.05
1.1
3.08474576271
3.95
1.38333333333
1.2
1.88333333333
0.883333333333
0.576271186441
0.75
1.9
0.7
1.95
1.45
2.35593220339
1.15
1.58333333333
2.0
1.06666666667
0.71186440678
1.23333333333
0.0
1.0
0.216666666667
2.62711864407
1.2
2.0
1.7
0.7
1.25423728814
0.866666666667
0.633333333333
1.1
1.25
0.525423728814
0.116666666667
0.75
1.5
1.36666666667
1.64406779661
1.15
0.2
3.25
0.75
0.813559322034
0.633333333333
1.4
0.95
0.525423728814
1.71666666667
0.9
0.383333333333
1.86666666667
0.186440677966
1.45
0.85
1.65
0.0
0.0
1.58928571429
--END OF 11--
0.0166666666667
0.0
0.508474576271
1.11666666667
0.883333333333
0.0
0.916666666667
0.0833333333333
0.0
0.0
0.0
0.0
0.0
0.0
1.05084745763
0.8
0.166666666667
0.0
0.433333333333
0.0677966101695
0.0
0.0
0.0
0.0
0.101694915254
0.9
0.5
0.0
0.0
0.135593220339
0.366666666667
0.0
0.233333333333
1.25
0.0169491525424
0.0
0.0
0.5
0.566666666667
0.796610169492
0.15
0.0
0.95
0.05
0.0
0.0
0.533333333333
0.466666666667
0.0
0.216666666667
0.783333333333
0.0
0.366666666667
0.135593220339
0.0
0.7
0.8
0.0
0.0
0.839285714286
--END OF 12--
