10.3333333333
10.2542372881
10.4666666667
11.3
10.35
10.2
9.38333333333
9.91525423729
11.0
10.6666666667
11.05
11.7666666667
10.1833333333
13.1525423729
11.4
11.7666666667
10.8
11.15
11.0338983051
10.0
10.6
9.81666666667
10.3666666667
11.75
11.6101694915
11.9166666667
11.4333333333
11.8333333333
10.8166666667
10.5593220339
11.7666666667
11.4833333333
11.8
10.0666666667
10.3389830508
11.5666666667
10.6
10.7666666667
10.2333333333
10.0166666667
10.3050847458
10.1833333333
9.11666666667
9.7
9.15
9.54237288136
9.18333333333
9.3
9.85
8.7
9.25
7.96610169492
7.96666666667
9.3
8.4
7.51666666667
8.52542372881
8.2
7.68333333333
10.0701754386
--END OF 1--
13.5333333333
14.0508474576
14.5333333333
14.1333333333
14.6333333333
14.1666666667
12.8333333333
13.2203389831
15.7166666667
14.6833333333
14.8666666667
14.9333333333
12.95
18.5423728814
15.25
15.8166666667
14.25
15.1
14.0338983051
13.15
13.5166666667
14.05
15.6333333333
17.0833333333
15.6949152542
16.1833333333
14.9
15.9833333333
14.9833333333
15.0
15.0666666667
15.9833333333
15.5
14.25
15.3050847458
14.9833333333
14.55
13.8666666667
13.5166666667
13.8833333333
15.1186440678
14.05
12.7333333333
13.5166666667
13.0666666667
12.5423728814
11.8833333333
12.1
12.95
11.95
12.7
12.2033898305
11.3
12.55
11.6
10.6666666667
11.1525423729
11.0333333333
11.1666666667
14.0701754386
--END OF 2--
13.6333333333
15.2542372881
15.3
15.3333333333
15.5166666667
15.4166666667
14.7833333333
15.4745762712
18.3333333333
15.1166666667
15.7
15.9166666667
13.9333333333
19.593220339
15.85
16.6666666667
15.55
15.3
14.8305084746
14.4
14.4333333333
15.2
17.0333333333
18.4666666667
16.8305084746
17.1666666667
16.5333333333
16.8333333333
16.0166666667
16.7966101695
15.6666666667
17.2333333333
17.0
16.0333333333
16.7118644068
16.3
15.4333333333
15.55
14.4666666667
15.1833333333
17.0847457627
14.9666666667
13.4166666667
13.55
14.7
13.2881355932
11.9333333333
13.25
14.4
14.95
14.2
12.8474576271
12.25
13.7166666667
12.5333333333
11.9333333333
13.1016949153
12.4833333333
12.7833333333
15.3859649123
--END OF 3--
10.3333333333
10.2542372881
10.4666666667
11.3
10.35
10.2
9.38333333333
9.91525423729
11.0
10.6666666667
11.05
11.7666666667
10.1833333333
13.1525423729
11.4
11.7666666667
10.8
11.15
11.0338983051
10.0
10.6
9.81666666667
10.3666666667
11.75
11.6101694915
11.9166666667
11.4333333333
11.8333333333
10.8166666667
10.5593220339
11.7666666667
11.4833333333
11.8
10.0666666667
10.3389830508
11.5666666667
10.6
10.7666666667
10.2333333333
10.0166666667
10.3050847458
10.1833333333
9.11666666667
9.7
9.15
9.54237288136
9.18333333333
9.3
9.85
8.7
9.25
7.96610169492
7.96666666667
9.3
8.4
7.51666666667
8.52542372881
8.2
7.68333333333
10.0701754386
--END OF 4--
13.5333333333
14.0508474576
14.5333333333
14.1333333333
14.6333333333
14.1666666667
12.8333333333
13.2203389831
15.7166666667
14.6833333333
14.8666666667
14.9333333333
12.95
18.5423728814
15.25
15.8166666667
14.25
15.1
14.0338983051
13.15
13.5166666667
14.05
15.6333333333
17.0833333333
15.6949152542
16.1833333333
14.9
15.9833333333
14.9833333333
15.0
15.0666666667
15.9833333333
15.5
14.25
15.3050847458
14.9833333333
14.55
13.8666666667
13.5166666667
13.8833333333
15.1186440678
14.05
12.7333333333
13.5166666667
13.0666666667
12.5423728814
11.8833333333
12.1
12.95
11.95
12.7
12.2033898305
11.3
12.55
11.6
10.6666666667
11.1525423729
11.0333333333
11.1666666667
14.0701754386
--END OF 5--
13.6333333333
15.2542372881
15.3
15.3333333333
15.5166666667
15.4166666667
14.7833333333
15.4745762712
18.3333333333
15.1166666667
15.7
15.9166666667
13.9333333333
19.593220339
15.85
16.6666666667
15.55
15.3
14.8305084746
14.4
14.4333333333
15.2
17.0333333333
18.4666666667
16.8305084746
17.1666666667
16.5333333333
16.8333333333
16.0166666667
16.7966101695
15.6666666667
17.2333333333
17.0
16.0333333333
16.7118644068
16.3
15.4333333333
15.55
14.4666666667
15.1833333333
17.0847457627
14.9666666667
13.4166666667
13.55
14.7
13.2881355932
11.9333333333
13.25
14.4
14.95
14.2
12.8474576271
12.25
13.7166666667
12.5333333333
11.9333333333
13.1016949153
12.4833333333
12.7833333333
15.3859649123
--END OF 6--
2078.1
2074.42372881
2102.2
2238.2
2127.55
2073.85
1943.2
2060.79661017
2186.75
2109.7
2231.05
2281.75
2166.35
2511.0
2306.1
2317.65
2177.55
2321.55
2065.16949153
2023.45
2014.55
2163.25
2184.9
2379.6
2363.38983051
2337.25
2257.35
2438.2
2165.6
2200.42372881
2277.9
2246.4
2206.8
2143.1
2124.71186441
2264.65
2157.4
2059.2
2008.5
1948.5
2099.18644068
2060.6
1889.7
1975.25
1932.7
1905.91525424
1746.0
1810.2
1964.25
1780.8
1807.35
1721.44067797
1753.6
1804.05
1696.55
1600.1
1715.89830508
1691.0
1650.95
2099.21052632
--END OF 7--
558.2
567.169491525
570.333333333
604.833333333
571.6
570.4
538.216666667
549.915254237
600.3
587.7
611.0
623.616666667
583.233333333
704.254237288
628.4
637.85
606.2
605.8
574.728813559
566.466666667
556.683333333
585.216666667
596.15
651.35
642.847457627
640.1
618.466666667
655.866666667
596.783333333
591.966101695
634.0
626.55
609.55
587.433333333
584.559322034
626.816666667
599.583333333
582.333333333
563.8
539.933333333
568.86440678
563.5
517.883333333
537.866666667
538.333333333
511.830508475
487.1
487.85
535.25
477.25
499.65
464.389830508
471.416666667
498.95
465.583333333
431.583333333
465.813559322
461.816666667
450.9
563.368421053
--END OF 8--
76.25
79.8474576271
76.6833333333
66.3333333333
79.4166666667
77.3333333333
77.2
64.4406779661
99.2166666667
99.2166666667
93.5333333333
85.7
61.0333333333
111.084745763
89.1
87.7
76.55
81.4
74.8813559322
78.35
70.75
75.5666666667
86.5833333333
96.2
87.7796610169
90.0333333333
72.1
83.6666666667
80.8833333333
89.3559322034
77.6
96.8
81.0
82.15
84.9661016949
76.9
82.2333333333
67.6
68.6333333333
78.9833333333
84.3389830508
69.4166666667
58.5666666667
86.05
75.2666666667
68.7627118644
60.9
56.55
70.65
67.25
60.95
66.2033898305
64.7833333333
69.8166666667
74.4666666667
58.8666666667
54.6610169492
64.5
72.5333333333
82.0526315789
--END OF 9--
2.1
6.25423728814
4.75
3.55
6.36666666667
7.43333333333
4.15
9.86440677966
7.95
2.96666666667
3.05
2.95
3.55
5.93220338983
2.35
3.75
6.25
3.3
3.13559322034
3.23333333333
3.33333333333
4.7
9.7
7.4
4.86440677966
4.96666666667
4.8
4.7
5.8
7.91525423729
3.05
5.25
8.0
6.41666666667
9.8813559322
5.3
5.36666666667
6.2
3.23333333333
6.63333333333
8.81355932203
5.95
5.9
2.6
5.56666666667
4.74576271186
3.35
4.5
4.7
9.75
8.2
6.5593220339
3.68333333333
5.91666666667
4.45
5.6
7.69491525424
5.13333333333
4.86666666667
5.42105263158
--END OF 10--
0.15
1.52542372881
1.51666666667
1.81666666667
1.25
1.5
2.91666666667
2.89830508475
3.66666666667
0.816666666667
1.11666666667
1.5
1.61666666667
1.30508474576
1.0
1.0
1.2
0.5
1.77966101695
2.03333333333
0.9
1.11666666667
2.53333333333
2.33333333333
1.66101694915
1.48333333333
1.68333333333
1.26666666667
1.41666666667
2.50847457627
0.85
1.3
2.75
2.51666666667
1.42372881356
1.5
1.08333333333
2.61666666667
1.26666666667
1.43333333333
2.5593220339
1.3
1.25
0.116666666667
2.95
0.932203389831
0.05
1.8
2.0
4.0
2.2
0.949152542373
1.2
2.36666666667
1.26666666667
1.73333333333
3.03389830508
2.28333333333
1.85
2.05263157895
--END OF 11--
0.0
0.338983050847
0.0
0.0
0.0
1.0
1.03333333333
0.474576271186
0.533333333333
0.0
0.0
0.5
0.616666666667
1.10169491525
0.0
0.0
0.5
0.0
0.0
0.483333333333
0.3
0.216666666667
0.0
0.0
0.0
0.0
0.0
0.0
0.566666666667
0.593220338983
0.35
0.3
0.2
1.13333333333
0.508474576271
1.0
0.5
0.0
0.466666666667
0.866666666667
1.69491525424
0.5
0.0
0.0166666666667
0.483333333333
0.457627118644
0.05
0.35
0.65
1.5
0.5
0.508474576271
0.5
0.0
0.5
0.0
0.677966101695
0.333333333333
0.683333333333
0.526315789474
--END OF 12--
