13.1
13.2333333333
14.1666666667
13.2203389831
13.95
13.4833333333
12.4666666667
12.1833333333
12.6779661017
12.5333333333
12.9
12.2333333333
12.1
13.186440678
13.0
11.85
11.95
12.7
12.0508474576
11.2
12.1333333333
12.2666666667
12.6
11.7966101695
11.5
12.25
11.6
11.0666666667
10.9322033898
11.55
12.55
11.4
11.0833333333
11.6949152542
11.3666666667
10.5333333333
10.95
11.15
10.8474576271
11.2833333333
9.83333333333
10.2666666667
10.1666666667
9.71186440678
9.28333333333
10.05
10.2166666667
10.7166666667
9.45762711864
9.65
9.9
10.1166666667
11.0
9.28813559322
9.73333333333
9.5
9.88333333333
9.78333333333
9.96610169492
12.9666666667
--END OF 1--
18.9166666667
19.7166666667
20.5666666667
19.0169491525
18.7833333333
19.7
17.8833333333
17.5333333333
18.0169491525
17.4
18.8
18.3166666667
18.2833333333
18.5084745763
18.0833333333
19.2166666667
17.95
18.1
18.0508474576
16.4333333333
17.8833333333
17.7166666667
17.9166666667
17.8474576271
16.6833333333
17.0
15.2
16.6833333333
17.0847457627
17.15
17.95
16.5
16.4833333333
17.0508474576
16.4333333333
15.2
15.7333333333
14.7833333333
15.0677966102
16.2666666667
14.5833333333
16.35
14.3833333333
14.0677966102
14.05
14.65
14.3833333333
13.9166666667
13.4406779661
14.2333333333
14.2666666667
13.9666666667
16.4166666667
14.2033898305
13.55
13.3166666667
14.2166666667
13.2
14.3898305085
18.6666666667
--END OF 2--
20.1666666667
21.0333333333
21.6833333333
20.7288135593
19.05
20.35
18.4666666667
17.9833333333
19.3050847458
19.1666666667
19.0
19.4166666667
19.2333333333
19.0508474576
18.6666666667
21.2166666667
19.75
19.35
18.4576271186
17.35
18.5666666667
18.45
18.6166666667
18.8983050847
17.3166666667
18.6166666667
15.75
17.8333333333
18.4406779661
18.1
18.75
17.95
17.2333333333
17.7966101695
17.25
16.55
16.9833333333
15.3666666667
15.3559322034
16.3666666667
15.0333333333
16.8833333333
14.9833333333
15.0338983051
15.4
15.3
15.15
14.3166666667
14.2711864407
14.8666666667
14.6833333333
14.95
17.0166666667
14.7118644068
14.2166666667
14.1333333333
14.7666666667
14.0666666667
15.1694915254
18.6666666667
--END OF 3--
13.1
13.2333333333
14.1666666667
13.2203389831
13.95
13.4833333333
12.4666666667
12.1833333333
12.6779661017
12.5333333333
12.9
12.2333333333
12.1
13.186440678
13.0
11.85
11.95
12.7
12.0508474576
11.2
12.1333333333
12.2666666667
12.6
11.7966101695
11.5
12.25
11.6
11.0666666667
10.9322033898
11.55
12.55
11.4
11.0833333333
11.6949152542
11.3666666667
10.5333333333
10.95
11.15
10.8474576271
11.2833333333
9.83333333333
10.2666666667
10.1666666667
9.71186440678
9.28333333333
10.05
10.2166666667
10.7166666667
9.45762711864
9.65
9.9
10.1166666667
11.0
9.28813559322
9.73333333333
9.5
9.88333333333
9.78333333333
9.96610169492
12.9666666667
--END OF 4--
18.9166666667
19.7166666667
20.5666666667
19.0169491525
18.7833333333
19.7
17.8833333333
17.5333333333
18.0169491525
17.4
18.8
18.3166666667
18.2833333333
18.5084745763
18.0833333333
19.2166666667
17.95
18.1
18.0508474576
16.4333333333
17.8833333333
17.7166666667
17.9166666667
17.8474576271
16.6833333333
17.0
15.2
16.6833333333
17.0847457627
17.15
17.95
16.5
16.4833333333
17.0508474576
16.4333333333
15.2
15.7333333333
14.7833333333
15.0677966102
16.2666666667
14.5833333333
16.35
14.3833333333
14.0677966102
14.05
14.65
14.3833333333
13.9166666667
13.4406779661
14.2333333333
14.2666666667
13.9666666667
16.4166666667
14.2033898305
13.55
13.3166666667
14.2166666667
13.2
14.3898305085
18.6666666667
--END OF 5--
20.1666666667
21.0333333333
21.6833333333
20.7288135593
19.05
20.35
18.4666666667
17.9833333333
19.3050847458
19.1666666667
19.0
19.4166666667
19.2333333333
19.0508474576
18.6666666667
21.2166666667
19.75
19.35
18.4576271186
17.35
18.5666666667
18.45
18.6166666667
18.8983050847
17.3166666667
18.6166666667
15.75
17.8333333333
18.4406779661
18.1
18.75
17.95
17.2333333333
17.7966101695
17.25
16.55
16.9833333333
15.3666666667
15.3559322034
16.3666666667
15.0333333333
16.8833333333
14.9833333333
15.0338983051
15.4
15.3
15.15
14.3166666667
14.2711864407
14.8666666667
14.6833333333
14.95
17.0166666667
14.7118644068
14.2166666667
14.1333333333
14.7666666667
14.0666666667
15.1694915254
18.6666666667
--END OF 6--
2552.65
2675.75
2695.15
2469.40677966
2520.3
2483.55
2357.9
2361.9
2388.40677966
2434.6
2566.85
2488.15
2435.6
2516.89830508
2375.8
2346.5
2253.75
2407.05
2298.05084746
2191.95
2425.0
2253.8
2335.1
2261.74576271
2194.65
2371.8
2198.2
2252.25
2279.59322034
2251.35
2392.8
2170.2
2155.65
2288.33898305
2275.95
2057.25
2151.85
2076.2
1963.37288136
2110.1
1956.25
2058.35
2003.4
1912.57627119
1818.25
1988.45
1937.55
1987.7
1894.42372881
1865.2
1904.6
1913.25
2126.0
1836.61016949
1835.7
1808.7
1838.05
1809.15
1926.30508475
2544.0
--END OF 7--
717.433333333
756.416666667
760.283333333
691.796610169
703.116666667
702.8
667.033333333
650.033333333
670.881355932
668.166666667
711.716666667
692.8
690.05
689.0
675.866666667
650.883333333
633.5
673.55
640.186440678
611.166666667
675.716666667
645.283333333
660.966666667
639.06779661
617.9
655.95
618.666666667
626.016666667
627.762711864
632.95
659.2
602.0
610.15
640.86440678
621.0
585.033333333
604.15
574.433333333
565.86440678
605.066666667
545.166666667
584.433333333
563.783333333
528.389830508
516.183333333
546.25
548.55
553.616666667
529.796610169
525.366666667
532.216666667
541.133333333
593.85
517.474576271
516.983333333
510.183333333
517.883333333
515.033333333
553.745762712
711.2
--END OF 8--
124.183333333
121.116666667
133.3
122.745762712
110.566666667
135.166666667
110.933333333
119.85
109.440677966
111.783333333
119.666666667
110.966666667
120.75
111.711864407
115.033333333
135.5
117.95
110.05
116.016949153
104.483333333
117.233333333
113.666666667
106.5
117.423728814
107.316666667
112.45
85.9333333333
113.933333333
111.949152542
112.7
119.3
110.45
107.6
108.559322034
103.1
92.65
92.4
89.4833333333
87.0847457627
98.8
90.55
106.166666667
87.9666666667
83.0169491525
97.3833333333
99.6166666667
97.4333333333
81.75
80.7288135593
96.8333333333
83.2166666667
79.3166666667
95.65
87.8474576271
83.25
81.55
81.8166666667
79.4333333333
94.8644067797
119.85
--END OF 9--
6.56666666667
8.36666666667
8.33333333333
8.81355932203
4.86666666667
8.11666666667
3.21666666667
3.9
8.18644067797
6.21666666667
4.71666666667
7.51666666667
5.4
5.61016949153
4.01666666667
10.8
8.5
8.0
5.15254237288
5.11666666667
5.21666666667
6.66666666667
6.78333333333
6.72881355932
4.21666666667
3.06666666667
2.73333333333
5.58333333333
4.50847457627
6.55
4.5
6.8
3.65
6.50847457627
4.91666666667
5.8
6.08333333333
4.16666666667
3.52542372881
3.31666666667
5.58333333333
7.61666666667
2.7
5.54237288136
4.55
4.65
6.8
1.55
5.79661016949
4.35
4.5
5.21666666667
10.4333333333
5.94915254237
3.75
3.65
4.15
4.76666666667
2.27118644068
1.8
--END OF 10--
2.2
2.4
0.916666666667
2.20338983051
0.483333333333
0.5
0.683333333333
0.316666666667
1.33898305085
2.0
0.183333333333
1.03333333333
0.533333333333
0.559322033898
0.633333333333
2.83333333333
1.9
1.9
0.559322033898
0.616666666667
0.883333333333
0.5
1.0
1.10169491525
0.916666666667
2.58333333333
0.55
1.86666666667
2.13559322034
0.9
0.65
1.3
1.05
0.186440677966
1.31666666667
2.05
1.83333333333
0.95
0.440677966102
0.0666666666667
0.783333333333
0.95
0.7
1.42372881356
1.83333333333
0.916666666667
1.21666666667
0.3
1.10169491525
0.85
0.816666666667
0.866666666667
0.433333333333
0.881355932203
1.06666666667
1.41666666667
0.916666666667
0.816666666667
0.864406779661
0.0
--END OF 11--
0.15
0.35
0.0
1.0
0.0166666666667
0.0
0.183333333333
0.316666666667
0.0
0.0
0.0
0.0
0.0
0.0
0.0
0.05
0.45
0.0
0.0
0.383333333333
0.116666666667
0.0
0.0
0.0
0.0
0.583333333333
0.416666666667
0.0
0.0
0.0
0.0
0.15
0.35
0.186440677966
0.316666666667
0.433333333333
1.3
0.0
0.0
0.0666666666667
0.35
0.216666666667
0.7
0.220338983051
0.85
0.15
0.0
0.0
0.406779661017
0.466666666667
0.0
0.0
0.0
0.0
0.0
0.316666666667
0.116666666667
0.433333333333
0.0
0.0
--END OF 12--
