9.8
9.75
9.65
10.0666666667
10.1833333333
10.0677966102
9.55
9.8
9.65
10.1833333333
9.95
10.4915254237
10.3333333333
10.0666666667
10.6666666667
9.56666666667
9.95
10.4915254237
9.18333333333
9.58333333333
10.55
10.6
10.35
9.5593220339
10.0666666667
9.88333333333
10.1
10.2833333333
11.3559322034
10.35
10.5666666667
11.2333333333
10.1666666667
10.85
10.0169491525
10.1166666667
12.0833333333
11.0333333333
11.55
12.406779661
11.6166666667
11.7666666667
12.75
10.8666666667
11.7
11.5423728814
12.05
12.15
11.1833333333
11.5166666667
12.0
10.35
11.2666666667
12.1333333333
11.5
11.6440677966
11.5166666667
12.1833333333
12.1333333333
10.5
--END OF 1--
12.9
14.2
13.9
14.0166666667
14.1333333333
15.1525423729
12.9166666667
13.35
14.7833333333
12.9333333333
14.0166666667
14.2372881356
14.3833333333
13.4833333333
14.15
14.1
13.3333333333
14.9491525424
12.5833333333
13.5833333333
14.2
14.05
13.7
12.6949152542
13.4333333333
14.3833333333
14.45
13.85
15.5254237288
14.0833333333
14.75
15.4833333333
14.4833333333
15.1666666667
14.7288135593
14.0666666667
16.0833333333
15.7833333333
16.85
17.1016949153
16.9166666667
15.7833333333
17.9666666667
15.3833333333
16.1166666667
16.5084745763
16.6666666667
16.1666666667
16.4833333333
15.6333333333
16.0338983051
13.95
16.5166666667
16.4833333333
15.4
16.0508474576
15.6
17.7833333333
16.3666666667
14.6964285714
--END OF 2--
13.15
14.5
14.55
14.0166666667
14.4333333333
15.3898305085
13.4166666667
13.6166666667
14.8833333333
13.0833333333
14.0166666667
14.2372881356
15.1333333333
14.0666666667
14.5666666667
14.15
13.9333333333
15.1016949153
13.4833333333
14.5833333333
14.4
14.35
14.2
13.1525423729
13.4333333333
14.5833333333
14.75
13.9333333333
16.3220338983
14.6166666667
14.9666666667
15.7833333333
14.5833333333
16.1666666667
16.4406779661
14.1666666667
16.2833333333
15.8833333333
17.25
18.4237288136
18.55
16.8333333333
19.7833333333
15.8333333333
16.1166666667
16.5084745763
17.1666666667
16.6833333333
17.2166666667
15.7666666667
16.593220339
14.2
16.8666666667
17.3333333333
16.05
16.6101694915
15.6
17.8833333333
16.65
15.1607142857
--END OF 3--
9.8
9.75
9.65
10.0666666667
10.1833333333
10.0677966102
9.55
9.8
9.65
10.1833333333
9.95
10.4915254237
10.3333333333
10.0666666667
10.6666666667
9.56666666667
9.95
10.4915254237
9.18333333333
9.58333333333
10.55
10.6
10.35
9.5593220339
10.0666666667
9.88333333333
10.1
10.2833333333
11.3559322034
10.35
10.5666666667
11.2333333333
10.1666666667
10.85
10.0169491525
10.1166666667
12.0833333333
11.0333333333
11.55
12.406779661
11.6166666667
11.7666666667
12.75
10.8666666667
11.7
11.5423728814
12.05
12.15
11.1833333333
11.5166666667
12.0
10.35
11.2666666667
12.1333333333
11.5
11.6440677966
11.5166666667
12.1833333333
12.1333333333
10.5
--END OF 4--
12.9
14.2
13.9
14.0166666667
14.1333333333
15.1525423729
12.9166666667
13.35
14.7833333333
12.9333333333
14.0166666667
14.2372881356
14.3833333333
13.4833333333
14.15
14.1
13.3333333333
14.9491525424
12.5833333333
13.5833333333
14.2
14.05
13.7
12.6949152542
13.4333333333
14.3833333333
14.45
13.85
15.5254237288
14.0833333333
14.75
15.4833333333
14.4833333333
15.1666666667
14.7288135593
14.0666666667
16.0833333333
15.7833333333
16.85
17.1016949153
16.9166666667
15.7833333333
17.9666666667
15.3833333333
16.1166666667
16.5084745763
16.6666666667
16.1666666667
16.4833333333
15.6333333333
16.0338983051
13.95
16.5166666667
16.4833333333
15.4
16.0508474576
15.6
17.7833333333
16.3666666667
14.6964285714
--END OF 5--
13.15
14.5
14.55
14.0166666667
14.4333333333
15.3898305085
13.4166666667
13.6166666667
14.8833333333
13.0833333333
14.0166666667
14.2372881356
15.1333333333
14.0666666667
14.5666666667
14.15
13.9333333333
15.1016949153
13.4833333333
14.5833333333
14.4
14.35
14.2
13.1525423729
13.4333333333
14.5833333333
14.75
13.9333333333
16.3220338983
14.6166666667
14.9666666667
15.7833333333
14.5833333333
16.1666666667
16.4406779661
14.1666666667
16.2833333333
15.8833333333
17.25
18.4237288136
18.55
16.8333333333
19.7833333333
15.8333333333
16.1166666667
16.5084745763
17.1666666667
16.6833333333
17.2166666667
15.7666666667
16.593220339
14.2
16.8666666667
17.3333333333
16.05
16.6101694915
15.6
17.8833333333
16.65
15.1607142857
--END OF 6--
1905.6
1871.7
2019.0
2004.6
2008.8
2042.44067797
1878.25
1882.95
1985.55
1961.05
1928.35
1969.27118644
1994.35
1916.95
2035.25
1918.2
1957.05
2044.27118644
1872.0
1920.0
2097.9
2032.65
2013.6
1806.3559322
1868.05
1945.2
2031.85
1987.9
2257.57627119
2105.7
2092.3
2150.6
2051.85
2107.15
2033.69491525
2164.35
2272.8
2176.2
2201.1
2377.37288136
2187.15
2255.2
2458.55
2159.5
2193.05
2192.18644068
2157.0
2239.9
2279.2
2289.35
2260.06779661
2045.85
2227.8
2323.95
2175.6
2218.62711864
2211.8
2346.25
2272.35
2014.92857143
--END OF 7--
526.55
530.35
569.6
551.9
553.25
569.271186441
519.55
530.683333333
559.933333333
551.5
558.383333333
558.644067797
560.116666667
533.75
554.25
527.766666667
536.716666667
578.220338983
510.7
531.4
580.5
565.45
547.4
515.779661017
539.466666667
547.85
561.45
556.116666667
617.050847458
573.633333333
581.05
614.966666667
563.083333333
607.8
560.118644068
582.8
630.4
604.5
630.9
663.610169492
629.816666667
636.416666667
688.433333333
601.1
609.0
607.322033898
623.716666667
639.766666667
629.466666667
622.333333333
635.440677966
557.9
615.0
658.2
617.1
627.830508475
613.95
652.8
632.633333333
567.910714286
--END OF 8--
74.15
92.2
86.2
75.3
82.4
91.4406779661
65.4333333333
70.2
100.583333333
69.9166666667
85.05
78.2203389831
87.45
77.1166666667
82.3
92.7
78.05
80.0338983051
71.65
74.85
75.05
86.1
85.5
75.0847457627
74.1833333333
82.7
85.1
82.1333333333
82.3220338983
74.65
84.2666666667
93.3333333333
82.8833333333
84.8
102.474576271
79.6
82.65
97.9
105.1
98.2203389831
104.433333333
86.7833333333
103.85
93.5
92.9833333333
101.610169492
106.783333333
94.5833333333
99.9333333333
88.35
96.6101694915
85.25
106.55
87.25
85.4
96.593220339
91.15
113.55
96.9833333333
89.8392857143
--END OF 9--
2.8
3.5
3.65
4.0
4.35
5.69491525424
3.6
2.01666666667
3.7
1.15
2.46666666667
1.96610169492
5.45
3.11666666667
3.16666666667
3.68333333333
3.31666666667
3.69491525424
2.95
5.35
3.15
2.1
1.35
1.93220338983
2.31666666667
5.08333333333
3.81666666667
3.6
5.25423728814
4.93333333333
0.9
4.23333333333
4.86666666667
3.5
6.79661016949
1.5
2.25
3.4
6.65
5.66101694915
9.43333333333
2.5
5.18333333333
5.21666666667
4.16666666667
2.30508474576
3.93333333333
2.53333333333
6.65
3.3
1.89830508475
1.75
4.3
3.25
1.4
4.18644067797
4.03333333333
5.11666666667
2.11666666667
2.98214285714
--END OF 10--
0.4
0.75
1.25
0.0
0.8
0.389830508475
0.8
0.7
0.316666666667
0.0
0.0
0.0
0.916666666667
1.03333333333
0.55
0.0666666666667
0.933333333333
0.305084745763
1.1
1.45
0.15
0.5
0.9
0.610169491525
0.0
0.0
0.5
0.216666666667
0.796610169492
0.516666666667
0.55
0.433333333333
0.0166666666667
1.76666666667
2.76271186441
0.0
0.0
0.0
0.7
1.74576271186
2.08333333333
1.38333333333
2.11666666667
1.0
0.5
0.0
0.5
0.516666666667
0.983333333333
0.233333333333
0.508474576271
0.25
0.25
1.5
0.45
1.06779661017
0.0
0.0
0.483333333333
0.982142857143
--END OF 11--
0.0
0.0
0.0
0.0
0.0
0.0
0.0
0.0
0.0
0.0
0.0
0.0
0.0
0.0
0.0
0.0
0.5
0.305084745763
0.2
0.45
0.05
0.0
0.0
0.0
0.0
0.0
0.0
0.0833333333333
0.423728813559
0.0
0.0
0.0
0.0
0.0
0.0
0.0
0.0
0.0
0.0
0.338983050847
0.166666666667
0.883333333333
2.11666666667
0.5
0.0
0.0
0.0
0.0
0.5
0.0
0.0
0.25
0.25
0.5
0.1
0.406779661017
0.0
0.0
0.0
0.0
--END OF 12--
