9.48333333333
10.4166666667
10.9166666667
10.65
9.94915254237
9.78333333333
10.4666666667
9.46666666667
10.2
10.1
9.45
9.96610169492
9.65
11.05
9.85
9.33333333333
9.50847457627
9.45
8.78333333333
9.66666666667
9.96666666667
10.1
9.27118644068
9.36666666667
9.58333333333
9.45
9.78333333333
9.4
9.77966101695
9.8
9.65
8.95
9.05
9.0
9.79661016949
9.06666666667
8.56666666667
9.61666666667
10.0166666667
9.43333333333
9.72881355932
9.35
9.71666666667
8.65
9.08333333333
8.96666666667
8.79661016949
9.15
9.2
8.85
9.28333333333
8.86440677966
9.8
9.9
8.75
9.83333333333
8.8813559322
9.61666666667
9.5
9.14035087719
--END OF 1--
12.4333333333
12.9
13.9666666667
13.4333333333
12.7288135593
12.8166666667
13.7333333333
12.2
12.5
13.8666666667
12.2666666667
12.9322033898
12.15
14.45
12.3
12.0333333333
11.6610169492
12.1333333333
10.3333333333
12.1666666667
12.3166666667
12.8166666667
11.6440677966
12.0166666667
11.9666666667
12.2666666667
12.5833333333
12.1333333333
11.8813559322
12.5
12.7
11.25
12.1
12.4
12.0847457627
12.1666666667
12.1166666667
12.2333333333
12.6833333333
12.7666666667
12.0677966102
11.5666666667
12.55
11.1166666667
11.95
11.15
11.406779661
11.65
11.75
11.7
11.8833333333
10.9661016949
12.45
12.2666666667
11.4666666667
11.8
11.3559322034
12.8833333333
12.3833333333
11.7368421053
--END OF 2--
12.75
13.5333333333
14.4333333333
13.4333333333
12.8813559322
12.8666666667
13.7333333333
12.2
12.5
13.8666666667
12.6833333333
12.9661016949
12.25
15.15
12.6
12.0333333333
11.7118644068
12.5666666667
10.65
12.1666666667
12.7166666667
13.1666666667
11.6440677966
12.4833333333
12.6
12.2666666667
12.8333333333
12.15
12.5254237288
13.35
13.15
11.5
12.65
13.25
12.2711864407
12.3333333333
12.55
12.65
13.2666666667
13.4666666667
13.0508474576
12.3666666667
12.55
11.7833333333
12.1833333333
11.15
11.8644067797
11.95
11.75
12.65
13.1333333333
11.0677966102
12.5
12.6166666667
12.85
12.1666666667
11.9661016949
12.9
13.1833333333
11.8421052632
--END OF 3--
9.48333333333
10.4166666667
10.9166666667
10.65
9.94915254237
9.78333333333
10.4666666667
9.46666666667
10.2
10.1
9.45
9.96610169492
9.65
11.05
9.85
9.33333333333
9.50847457627
9.45
8.78333333333
9.66666666667
9.96666666667
10.1
9.27118644068
9.36666666667
9.58333333333
9.45
9.78333333333
9.4
9.77966101695
9.8
9.65
8.95
9.05
9.0
9.79661016949
9.06666666667
8.56666666667
9.61666666667
10.0166666667
9.43333333333
9.72881355932
9.35
9.71666666667
8.65
9.08333333333
8.96666666667
8.79661016949
9.15
9.2
8.85
9.28333333333
8.86440677966
9.8
9.9
8.75
9.83333333333
8.8813559322
9.61666666667
9.5
9.14035087719
--END OF 4--
12.4333333333
12.9
13.9666666667
13.4333333333
12.7288135593
12.8166666667
13.7333333333
12.2
12.5
13.8666666667
12.2666666667
12.9322033898
12.15
14.45
12.3
12.0333333333
11.6610169492
12.1333333333
10.3333333333
12.1666666667
12.3166666667
12.8166666667
11.6440677966
12.0166666667
11.9666666667
12.2666666667
12.5833333333
12.1333333333
11.8813559322
12.5
12.7
11.25
12.1
12.4
12.0847457627
12.1666666667
12.1166666667
12.2333333333
12.6833333333
12.7666666667
12.0677966102
11.5666666667
12.55
11.1166666667
11.95
11.15
11.406779661
11.65
11.75
11.7
11.8833333333
10.9661016949
12.45
12.2666666667
11.4666666667
11.8
11.3559322034
12.8833333333
12.3833333333
11.7368421053
--END OF 5--
12.75
13.5333333333
14.4333333333
13.4333333333
12.8813559322
12.8666666667
13.7333333333
12.2
12.5
13.8666666667
12.6833333333
12.9661016949
12.25
15.15
12.6
12.0333333333
11.7118644068
12.5666666667
10.65
12.1666666667
12.7166666667
13.1666666667
11.6440677966
12.4833333333
12.6
12.2666666667
12.8333333333
12.15
12.5254237288
13.35
13.15
11.5
12.65
13.25
12.2711864407
12.3333333333
12.55
12.65
13.2666666667
13.4666666667
13.0508474576
12.3666666667
12.55
11.7833333333
12.1833333333
11.15
11.8644067797
11.95
11.75
12.65
13.1333333333
11.0677966102
12.5
12.6166666667
12.85
12.1666666667
11.9661016949
12.9
13.1833333333
11.8421052632
--END OF 6--
1925.5
2034.5
2055.5
1990.35
1912.52542373
1985.45
2055.15
1894.45
1933.35
1990.6
1927.05
1965.20338983
1821.0
2087.55
1885.05
1854.75
1895.89830508
1887.5
1723.55
1858.0
1831.75
1918.85
1784.38983051
1809.65
1857.55
1929.55
1920.25
1800.8
1912.83050847
1860.0
1853.55
1777.65
1795.05
1841.55
1825.42372881
1812.95
1800.85
1858.35
1876.4
1830.15
1835.54237288
1808.0
1922.6
1734.15
1816.55
1778.85
1730.44067797
1832.55
1819.1
1737.6
1766.85
1768.27118644
1930.1
1934.7
1885.85
1930.65
1807.3220339
1894.7
1843.7
1801.68421053
--END OF 7--
544.8
560.383333333
577.25
555.733333333
527.152542373
547.25
573.2
519.85
547.2
548.15
536.1
545.559322034
497.95
578.85
520.85
520.2
506.542372881
509.65
466.366666667
526.316666667
534.733333333
543.55
494.677966102
509.0
518.933333333
517.55
522.033333333
505.45
534.542372881
521.8
526.7
484.1
488.85
508.6
510.033898305
491.05
504.233333333
529.266666667
530.85
511.566666667
509.762711864
500.95
532.933333333
477.983333333
502.75
480.1
482.406779661
503.25
499.116666667
485.95
502.1
496.813559322
539.983333333
512.1
516.283333333
527.183333333
508.796610169
531.983333333
513.383333333
497.01754386
--END OF 8--
60.1833333333
65.1666666667
77.4666666667
68.4166666667
69.186440678
67.65
65.1666666667
53.75
58.5166666667
81.3
61.6833333333
63.8983050847
60.4
87.25
58.95
66.4
52.0
64.1333333333
45.8
62.7
59.6333333333
55.8666666667
47.3559322034
59.85
67.4
70.3333333333
64.8333333333
67.5333333333
55.6440677966
65.2
66.9
51.65
66.5
57.7
54.1186440678
60.5833333333
67.35
55.7833333333
60.6333333333
70.5166666667
61.0847457627
53.25
59.0833333333
56.5333333333
63.1833333333
51.2833333333
58.593220339
56.65
59.5833333333
61.45
64.55
49.4576271186
58.8333333333
62.8166666667
55.2333333333
48.65
59.2542372881
68.7666666667
69.5666666667
58.4210526316
--END OF 9--
1.8
3.08333333333
1.56666666667
1.86666666667
2.5593220339
0.683333333333
2.95
2.08333333333
0.75
4.3
2.28333333333
1.91525423729
1.0
2.75
2.55
1.45
0.745762711864
3.18333333333
1.71666666667
0.95
2.1
1.56666666667
1.79661016949
3.26666666667
2.9
1.63333333333
2.88333333333
2.68333333333
1.94915254237
4.05
3.6
2.15
3.7
6.9
3.72881355932
2.63333333333
1.78333333333
2.1
2.93333333333
5.95
3.79661016949
3.36666666667
1.06666666667
4.26666666667
2.05
0.75
1.72881355932
1.3
0.433333333333
3.2
4.5
0.745762711864
3.03333333333
3.26666666667
5.23333333333
1.45
2.47457627119
2.0
2.38333333333
1.47368421053
--END OF 10--
0.7
0.716666666667
0.5
0.0
0.322033898305
0.183333333333
0.0
0.0
0.0
0.0
0.5
0.0
0.5
1.1
0.4
0.0
0.0
0.333333333333
0.166666666667
0.0
0.5
0.5
0.0
0.0666666666667
0.933333333333
0.0
0.5
0.0
0.101694915254
0.9
0.95
0.05
0.8
1.5
0.203389830508
0.0
0.433333333333
1.06666666667
0.633333333333
0.95
1.4406779661
1.0
0.0
0.883333333333
0.616666666667
0.0
0.71186440678
0.3
0.0
1.3
1.2
0.0
0.0833333333333
0.416666666667
1.38333333333
0.616666666667
0.983050847458
0.0333333333333
1.23333333333
0.175438596491
--END OF 11--
0.0
0.0
0.0
0.0
0.0
0.0
0.0
0.0
0.0
0.0
0.0
0.0
0.0
0.0
0.0
0.0
0.0
0.0
0.0
0.0
0.0
0.0
0.0
0.0
0.0
0.0
0.0
0.0
0.0
0.0
0.0
0.0
0.0
0.0
0.0
0.0
0.433333333333
0.0666666666667
0.633333333333
0.45
0.423728813559
0.5
0.0
0.0
0.0
0.0
0.203389830508
0.3
0.0
0.6
0.4
0.0
0.0
0.0
0.0
0.0
0.0
0.0
0.0
0.0
--END OF 12--
