9.81355932203
11.1166666667
10.3833333333
11.0
12.0333333333
11.9833333333
11.4406779661
12.6
12.4333333333
12.8833333333
13.45
13.3
13.0847457627
12.1
12.7666666667
13.2166666667
13.4
13.45
14.8644067797
14.9
13.3333333333
13.6666666667
14.35
14.4745762712
13.3333333333
12.8833333333
14.1833333333
13.2666666667
14.9
15.6271186441
14.6166666667
14.95
16.3166666667
15.0666666667
14.3050847458
14.25
16.15
14.6333333333
15.5333333333
15.9833333333
16.0169491525
16.4833333333
17.85
18.2333333333
17.7
17.0508474576
18.05
18.5833333333
18.9666666667
19.4666666667
19.7288135593
20.0833333333
20.7833333333
19.6
20.8166666667
20.7833333333
22.7118644068
22.2
21.8333333333
9.23214285714
--END OF 1--
13.406779661
15.0833333333
13.1
14.9333333333
16.6166666667
17.0333333333
16.1525423729
17.1
17.1
18.8666666667
17.9666666667
16.7166666667
17.0847457627
16.35
18.2333333333
19.2333333333
18.2
18.0
19.7796610169
20.3
19.45
18.8666666667
18.8333333333
19.7796610169
18.4833333333
17.4666666667
19.1333333333
18.1833333333
20.4333333333
20.9830508475
20.6333333333
20.3
20.9666666667
20.3666666667
22.7118644068
20.6666666667
21.1333333333
19.3666666667
22.55
22.8333333333
22.3389830508
22.9166666667
23.15
24.0833333333
23.0666666667
23.593220339
24.9
27.7833333333
26.2833333333
26.2833333333
26.2542372881
27.8666666667
27.6
28.2333333333
28.1166666667
28.3
31.3050847458
30.75
30.45
12.4285714286
--END OF 2--
14.3728813559
16.1166666667
13.7666666667
15.8333333333
17.45
18.1833333333
17.2542372881
18.2166666667
17.2
21.2166666667
18.3333333333
18.1166666667
19.4576271186
17.75
19.2666666667
20.0166666667
19.05
19.9
21.0847457627
22.4666666667
21.3666666667
19.8
20.25
22.6779661017
20.0
19.9833333333
20.3666666667
19.2666666667
21.6
22.3220338983
22.8833333333
22.05
23.3166666667
22.5166666667
23.9830508475
21.4333333333
23.7
20.35
24.0166666667
23.3
23.6271186441
24.1
23.95
26.15
24.05
25.2203389831
26.2
29.4
28.5166666667
28.0666666667
28.3220338983
29.6
28.6166666667
30.6333333333
28.6
29.7833333333
32.3898305085
32.7333333333
32.6666666667
14.8035714286
--END OF 3--
9.81355932203
11.1166666667
10.3833333333
11.0
12.0333333333
11.9833333333
11.4406779661
12.6
12.4333333333
12.8833333333
13.45
13.3
13.0847457627
12.1
12.7666666667
13.2166666667
13.4
13.45
14.8644067797
14.9
13.3333333333
13.6666666667
14.35
14.4745762712
13.3333333333
12.8833333333
14.1833333333
13.2666666667
14.9
15.6271186441
14.6166666667
14.95
16.3166666667
15.0666666667
14.3050847458
14.25
16.15
14.6333333333
15.5333333333
15.9833333333
16.0169491525
16.4833333333
17.85
18.2333333333
17.7
17.0508474576
18.05
18.5333333333
18.9166666667
19.1833333333
19.3898305085
19.7333333333
20.1666666667
19.2666666667
20.2333333333
20.1833333333
21.406779661
21.1166666667
20.7166666667
9.23214285714
--END OF 4--
13.406779661
15.0833333333
13.1
14.9333333333
16.6166666667
17.0333333333
16.1525423729
17.1
17.1
18.8666666667
17.9666666667
16.7166666667
17.0847457627
16.35
18.2333333333
19.2333333333
18.2
18.0
19.7796610169
20.3
19.45
18.8666666667
18.8333333333
19.7796610169
18.4833333333
17.4666666667
19.1333333333
18.1833333333
20.4333333333
20.9830508475
20.6333333333
20.3
20.9666666667
20.3666666667
22.7118644068
20.6666666667
21.1333333333
19.3666666667
22.55
22.8333333333
22.3389830508
22.9166666667
23.15
24.0833333333
23.0666666667
23.593220339
24.9
27.7666666667
26.2833333333
26.2833333333
26.2542372881
27.8666666667
27.6
28.15
28.0666666667
28.0166666667
30.4576271186
30.15
29.8333333333
12.4285714286
--END OF 5--
14.3728813559
16.1166666667
13.7666666667
15.8333333333
17.45
18.1833333333
17.2542372881
18.2166666667
17.2
21.2166666667
18.3333333333
18.1166666667
19.4576271186
17.75
19.2666666667
20.0166666667
19.05
19.9
21.0847457627
22.4666666667
21.3666666667
19.8
20.25
22.6779661017
20.0
19.9833333333
20.3666666667
19.2666666667
21.6
22.3220338983
22.8833333333
22.05
23.3166666667
22.5166666667
23.9830508475
21.4333333333
23.7
20.35
24.0166666667
23.3
23.6271186441
24.1
23.95
26.15
24.05
25.2203389831
26.2
29.4
28.5166666667
28.0666666667
28.3220338983
29.6
28.6166666667
30.6333333333
28.6
29.7833333333
32.3898305085
32.7333333333
32.6666666667
14.8035714286
--END OF 6--
1992.81355932
2129.65
2032.5
2195.4
2353.65
2334.0
2277.3559322
2477.1
2388.6
2523.75
2632.1
2445.4
2564.33898305
2356.05
2436.5
2582.9
2540.1
2575.5
2825.74576271
2825.85
2639.7
2681.0
2707.35
2722.98305085
2653.75
2559.6
2758.9
2640.65
2898.4
3082.37288136
2830.5
2903.1
3079.05
2952.75
2882.18644068
2872.05
3043.1
2842.4
3084.0
3100.6
3130.6779661
3169.8
3302.85
3395.5
3314.15
3281.69491525
3494.1
3661.35
3676.1
3664.95
3734.59322034
3808.3
3818.75
3782.45
3796.0
3902.4
4235.28813559
4169.25
4146.65
1853.94642857
--END OF 7--
537.338983051
600.633333333
574.083333333
602.9
652.75
642.75
618.830508475
674.283333333
653.6
694.633333333
711.883333333
678.933333333
699.372881356
653.25
685.55
717.1
710.75
706.6
770.355932203
783.05
728.85
747.616666667
745.133333333
752.372881356
727.0
716.283333333
763.566666667
727.416666667
783.9
837.779661017
773.566666667
814.65
854.75
803.1
796.508474576
778.15
834.916666667
779.316666667
851.683333333
861.233333333
856.559322034
874.683333333
926.516666667
952.116666667
920.05
894.016949153
957.566666667
1013.85
1007.3
1000.95
1037.16949153
1041.41666667
1057.61666667
1042.11666667
1067.4
1072.96666667
1176.89830508
1154.93333333
1156.58333333
497.785714286
--END OF 8--
79.4745762712
76.3333333333
68.75
80.25
86.4
103.866666667
88.813559322
84.3333333333
101.466666667
118.633333333
95.1
81.0666666667
90.9322033898
92.0
99.6666666667
102.883333333
98.45
88.35
101.508474576
97.6166666667
111.933333333
107.283333333
89.6
109.915254237
97.2833333333
106.25
113.783333333
101.333333333
112.65
103.745762712
117.65
115.45
115.95
106.65
150.016949153
120.55
114.016666667
102.416666667
128.9
134.45
120.86440678
127.95
124.3
125.15
118.983333333
137.322033898
145.366666667
159.0
144.65
147.683333333
141.288135593
146.183333333
144.516666667
161.8
168.233333333
156.266666667
168.101694915
177.633333333
174.866666667
74.6428571429
--END OF 9--
6.52542372881
8.68333333333
2.23333333333
4.21666666667
7.7
5.18333333333
6.18644067797
6.08333333333
4.8
10.8
5.26666666667
5.88333333333
7.81355932203
4.95
6.16666666667
7.9
5.95
9.6
8.38983050847
10.35
9.28333333333
7.78333333333
9.55
10.0677966102
6.16666666667
6.15
4.98333333333
4.43333333333
8.5
7.69491525424
10.9166666667
5.2
5.85
7.5
12.3220338983
6.93333333333
8.65
5.35
9.61666666667
5.36666666667
5.81355932203
8.51666666667
4.4
8.33333333333
4.96666666667
7.27118644068
6.8
14.0833333333
7.95
8.26666666667
5.66101694915
10.2
6.75
12.5666666667
4.88333333333
8.13333333333
7.93220338983
7.26666666667
11.6166666667
7.125
--END OF 10--
1.30508474576
0.983333333333
0.733333333333
1.73333333333
1.28333333333
1.56666666667
1.23728813559
1.23333333333
0.0
3.71666666667
0.716666666667
2.2
3.1186440678
1.65
1.63333333333
1.33333333333
1.35
2.75
1.49152542373
3.31666666667
2.66666666667
1.03333333333
2.06666666667
3.59322033898
1.83333333333
4.08333333333
1.85
1.8
1.1
1.79661016949
2.8
2.2
3.65
3.15
1.5593220339
1.15
3.71666666667
1.45
2.41666666667
0.366666666667
2.16949152542
2.13333333333
1.05
3.11666666667
1.2
1.77966101695
1.7
2.1
3.63333333333
2.48333333333
3.32203389831
2.73333333333
1.78333333333
3.33333333333
0.55
2.23333333333
1.66101694915
2.95
3.16666666667
3.85714285714
--END OF 11--
0.0
0.5
0.0
0.0
0.0
0.583333333333
0.898305084746
1.0
0.0
0.5
0.0
0.233333333333
0.779661016949
0.5
0.366666666667
0.0
0.0
0.5
0.0
0.0
0.5
0.0333333333333
0.466666666667
0.508474576271
0.5
1.05
0.15
0.433333333333
0.0
0.203389830508
0.8
0.55
0.45
0.0
0.508474576271
0.333333333333
0.6
0.566666666667
0.0
0.0
0.508474576271
0.366666666667
0.166666666667
0.5
0.333333333333
0.169491525424
0.0666666666667
0.65
0.75
0.333333333333
1.01694915254
0.0
0.0
0.3
0.166666666667
0.4
0.0
0.533333333333
0.0333333333333
0.410714285714
--END OF 12--
