17.55
18.9491525424
18.5333333333
18.6
18.1166666667
19.8
17.9666666667
18.0847457627
18.3
18.35
19.95
17.5
18.65
18.6610169492
19.55
17.2333333333
17.9666666667
18.5666666667
19.35
18.0169491525
17.8666666667
18.9833333333
17.2
18.4666666667
16.6666666667
18.593220339
18.8833333333
18.7166666667
20.0666666667
17.6833333333
17.1666666667
16.3389830508
18.4666666667
19.3833333333
18.8166666667
17.7333333333
19.6271186441
18.5
19.1166666667
17.75
19.1
18.8166666667
18.0677966102
19.05
18.0333333333
18.7333333333
18.4333333333
17.6
19.0847457627
18.1
17.7666666667
18.2333333333
19.2166666667
18.55
18.813559322
19.1333333333
17.8833333333
17.9666666667
19.5166666667
19.1379310345
--END OF 1--
28.2166666667
27.3389830508
28.1
28.95
27.3166666667
27.85
26.0166666667
27.4406779661
27.15
27.1
28.75
26.25
26.6
26.0677966102
27.85
26.3166666667
28.05
29.1166666667
26.9833333333
24.3728813559
27.85
27.2
26.0666666667
27.7166666667
27.7
27.0508474576
28.0333333333
27.9166666667
28.9
27.9166666667
26.9166666667
26.1525423729
27.9
29.8333333333
28.4
27.1166666667
28.8644067797
27.2166666667
28.3833333333
26.3333333333
28.0666666667
29.05
27.5254237288
28.3
26.7333333333
27.9333333333
27.1833333333
27.5666666667
26.5084745763
26.6833333333
25.3166666667
28.2833333333
28.9166666667
27.6333333333
26.2033898305
27.85
26.5833333333
25.7
26.45
28.3965517241
--END OF 2--
29.4833333333
29.3050847458
28.9333333333
30.3166666667
28.0333333333
29.4166666667
27.55
28.6271186441
29.55
29.45
30.8
27.6
26.8
27.6101694915
28.5833333333
26.8166666667
29.1333333333
30.0666666667
28.95
25.1355932203
28.6666666667
27.45
27.3
29.0833333333
28.9166666667
27.9661016949
29.9
28.1833333333
30.0
28.9833333333
27.5333333333
27.0847457627
29.1333333333
31.4333333333
29.3333333333
28.2666666667
30.2711864407
28.15
29.5666666667
27.2666666667
29.8833333333
31.8166666667
29.5762711864
29.55
28.0333333333
29.5833333333
28.0333333333
28.7
27.3389830508
27.1
25.65
29.7166666667
30.4
28.6
28.186440678
29.2
28.2833333333
26.5666666667
27.8833333333
30.7413793103
--END OF 3--
17.55
18.7966101695
18.5333333333
18.6
18.0
19.3333333333
17.9333333333
18.0847457627
18.3
18.35
19.8
17.5
18.65
18.6610169492
19.45
17.2333333333
17.9666666667
18.5666666667
19.1
18.0169491525
17.8666666667
18.9833333333
17.2
18.4666666667
16.6666666667
18.593220339
18.8833333333
18.6666666667
19.8166666667
17.6833333333
17.1666666667
16.3389830508
18.4666666667
19.3333333333
18.8166666667
17.7333333333
19.406779661
18.5
19.1166666667
17.75
19.1
18.8166666667
18.0677966102
19.05
18.0333333333
18.5833333333
18.4333333333
17.6
18.7796610169
18.1
17.7666666667
18.2333333333
19.0666666667
18.4666666667
18.7457627119
19.0333333333
17.8833333333
17.9666666667
19.5166666667
19.0344827586
--END OF 4--
28.2166666667
27.3389830508
27.85
28.95
27.3166666667
27.75
26.0166666667
27.4406779661
27.15
27.1
28.6
26.25
26.6
26.0677966102
27.7
26.3166666667
28.05
29.1166666667
26.9833333333
24.3728813559
27.8
27.2
26.0666666667
27.7166666667
27.7
27.0508474576
27.8
27.8666666667
28.75
27.9166666667
26.9166666667
26.1525423729
27.85
29.45
28.1833333333
27.1166666667
28.7796610169
27.2166666667
28.3833333333
26.3333333333
28.05
29.0
27.5254237288
28.3
26.7333333333
27.8333333333
27.1833333333
27.5666666667
26.5084745763
26.6833333333
25.3166666667
28.2666666667
28.85
27.6333333333
26.2033898305
27.85
26.5166666667
25.7
26.45
28.3965517241
--END OF 5--
29.4833333333
29.3050847458
28.9333333333
30.3166666667
28.0333333333
29.4166666667
27.55
28.6271186441
29.55
29.45
30.8
27.6
26.8
27.6101694915
28.5833333333
26.8166666667
29.1333333333
30.0666666667
28.95
25.1355932203
28.6666666667
27.45
27.3
29.0833333333
28.9166666667
27.9661016949
29.9
28.1833333333
30.0
28.9833333333
27.5333333333
27.0847457627
29.1333333333
31.4333333333
29.3333333333
28.2666666667
30.2711864407
28.15
29.5666666667
27.2666666667
29.8833333333
31.8166666667
29.5762711864
29.55
28.0333333333
29.5833333333
28.0333333333
28.7
27.3389830508
27.1
25.65
29.7166666667
30.4
28.6
28.186440678
29.2
28.2833333333
26.5666666667
27.8833333333
30.7413793103
--END OF 6--
3540.5
3639.05084746
3611.85
3545.85
3440.7
3582.5
3358.9
3331.98305085
3429.0
3396.0
3552.75
3246.9
3391.65
3473.89830508
3518.1
3284.4
3415.15
3426.8
3507.4
3336.50847458
3351.05
3460.65
3215.2
3452.7
3370.65
3535.72881356
3561.15
3516.35
3622.65
3267.75
3491.0
3205.01694915
3472.1
3635.3
3637.2
3382.0
3794.33898305
3455.9
3451.1
3244.9
3488.85
3513.2
3411.81355932
3482.1
3410.4
3537.45
3555.6
3515.9
3536.79661017
3402.7
3359.65
3491.05
3581.35
3453.75
3452.33898305
3542.7
3377.8
3299.7
3458.15
3599.63793103
--END OF 7--
972.6
1017.93220339
999.533333333
992.5
960.433333333
1024.08333333
943.95
951.016949153
959.65
952.7
1016.25
906.45
942.05
962.220338983
994.066666667
925.083333333
967.866666667
984.633333333
994.566666667
930.830508475
951.133333333
970.966666667
914.3
973.0
943.083333333
978.627118644
1008.38333333
982.416666667
1026.4
932.266666667
958.916666667
897.440677966
973.8
1025.23333333
1025.76666667
947.833333333
1052.86440678
968.383333333
987.65
922.716666667
996.566666667
997.633333333
957.457627119
977.05
970.35
1002.6
1001.6
969.1
989.813559322
942.183333333
939.233333333
975.683333333
1004.75
977.7
966.966101695
989.416666667
944.25
940.25
974.033333333
1000.56896552
--END OF 8--
191.266666667
170.796610169
185.666666667
195.116666667
161.016666667
182.933333333
163.95
186.13559322
177.4
185.25
183.9
163.4
177.6
151.610169492
177.616666667
177.683333333
191.033333333
195.55
173.416666667
146.694915254
197.083333333
169.216666667
174.716666667
179.383333333
194.966666667
177.881355932
190.216666667
190.166666667
190.933333333
188.816666667
182.083333333
184.406779661
193.85
203.45
188.95
185.3
183.237288136
175.866666667
181.4
159.483333333
178.833333333
186.166666667
182.13559322
179.95
173.9
185.05
166.2
181.516666667
145.898305085
160.416666667
148.083333333
196.083333333
179.316666667
187.183333333
157.033898305
178.616666667
178.833333333
166.116666667
149.233333333
194.75862069
--END OF 9--
10.5
10.5084745763
10.45
11.5
13.0666666667
8.35
8.9
8.18644067797
10.8
8.7
11.8
12.7
5.7
9.96610169492
8.05
6.78333333333
10.6833333333
10.4333333333
7.95
4.86440677966
9.63333333333
6.73333333333
9.33333333333
9.5
10.6333333333
7.69491525424
9.81666666667
6.48333333333
7.5
13.7333333333
7.96666666667
11.2542372881
7.3
12.15
8.15
7.26666666667
8.08474576271
7.71666666667
10.0333333333
8.81666666667
9.95
13.9166666667
10.5423728814
9.95
7.8
12.8
7.6
9.65
6.4406779661
8.75
7.23333333333
7.96666666667
11.3666666667
8.61666666667
9.22033898305
9.3
8.06666666667
7.33333333333
7.55
12.7068965517
--END OF 10--
1.6
2.32203389831
1.48333333333
2.26666666667
0.833333333333
2.33333333333
2.55
1.71186440678
2.65
2.5
3.15
2.05
0.45
2.59322033898
1.48333333333
1.0
1.28333333333
1.85
2.13333333333
0.508474576271
0.5
0.166666666667
1.0
2.03333333333
1.43333333333
1.27118644068
2.35
0.1
2.06666666667
0.633333333333
1.23333333333
0.881355932203
1.58333333333
2.76666666667
1.41666666667
1.73333333333
1.93220338983
0.8
2.0
1.76666666667
1.65
4.33333333333
3.1186440678
1.75
1.9
1.25
1.45
1.23333333333
1.05084745763
0.666666666667
0.583333333333
1.56666666667
2.05
1.41666666667
2.84745762712
2.26666666667
2.35
0.833333333333
2.3
3.05172413793
--END OF 11--
0.716666666667
0.576271186441
0.0
0.233333333333
0.0
0.0
0.166666666667
0.0
1.55
0.9
0.55
0.0
0.0
1.0
0.0166666666667
0.0
0.0
0.0
0.5
0.508474576271
0.0
0.0
0.0666666666667
0.266666666667
0.633333333333
0.830508474576
0.516666666667
0.1
0.0
0.0
0.0
0.237288135593
0.233333333333
0.0
0.533333333333
0.5
0.474576271186
0.0
0.0
0.0
0.483333333333
0.716666666667
0.508474576271
0.1
0.9
0.0
0.25
0.5
0.254237288136
0.233333333333
0.0
0.2
0.466666666667
0.433333333333
0.0677966101695
0.466666666667
0.866666666667
0.0
0.5
0.206896551724
--END OF 12--
