15.55
14.8166666667
14.6779661017
15.7166666667
14.75
14.9833333333
15.1166666667
14.5166666667
14.2542372881
13.4
14.25
14.4166666667
13.4666666667
15.0169491525
15.6833333333
13.4666666667
15.3333333333
14.7833333333
14.8333333333
15.3220338983
15.3666666667
14.25
15.0333333333
15.2333333333
15.5762711864
15.25
14.8166666667
14.1
14.6
14.3389830508
15.0833333333
14.45
14.2166666667
14.4333333333
15.7118644068
15.65
15.3
14.65
16.0666666667
15.3559322034
14.3
14.3833333333
14.7833333333
14.4833333333
15.0508474576
13.9833333333
15.3333333333
15.4333333333
15.6166666667
15.3728813559
15.2833333333
15.1
15.5333333333
15.7333333333
15.9666666667
16.5084745763
15.0333333333
14.8166666667
14.6833333333
14.4642857143
--END OF 1--
20.5333333333
21.1666666667
20.1186440678
22.3
20.1333333333
20.9166666667
20.6333333333
20.6333333333
19.7796610169
18.6
19.9
19.5666666667
18.9666666667
20.8474576271
20.8666666667
18.35
20.8333333333
21.0666666667
21.3333333333
22.3559322034
22.1833333333
20.0833333333
19.6333333333
20.8
20.9661016949
19.5
20.6666666667
18.8
20.3
20.0338983051
20.35
21.1833333333
19.6
20.1166666667
21.7288135593
20.95
20.6833333333
20.5166666667
22.3166666667
21.1525423729
20.0
20.7666666667
20.8333333333
21.6833333333
21.3728813559
19.55
21.0
21.4
22.1333333333
20.6440677966
21.5833333333
21.2666666667
20.1666666667
21.35
22.6666666667
21.7118644068
21.6833333333
22.0666666667
19.8833333333
19.75
--END OF 2--
21.35
22.1166666667
21.3389830508
24.4833333333
20.6166666667
21.2666666667
20.6333333333
20.95
20.1694915254
19.1
20.5
19.8666666667
19.0166666667
21.2881355932
21.7666666667
18.4
21.1833333333
22.0666666667
21.8833333333
23.9830508475
22.5333333333
20.9333333333
20.9166666667
22.1833333333
21.3898305085
19.6
21.5333333333
19.5
20.85
20.3898305085
21.0833333333
21.9333333333
20.3333333333
20.75
22.0508474576
21.45
21.3333333333
21.4166666667
23.9666666667
21.7118644068
21.0
21.9333333333
21.1333333333
22.8833333333
22.0338983051
21.1833333333
21.45
21.65
23.2333333333
22.3559322034
22.35
22.9833333333
20.7666666667
22.2166666667
23.4166666667
22.5084745763
21.8833333333
22.8166666667
20.6833333333
20.4107142857
--END OF 3--
15.55
14.8166666667
14.6779661017
15.7166666667
14.75
14.9833333333
15.1166666667
14.5166666667
14.2542372881
13.4
14.25
14.4166666667
13.4666666667
15.0169491525
15.6833333333
13.4666666667
15.3333333333
14.7833333333
14.8333333333
15.3220338983
15.3666666667
14.25
15.0333333333
15.2333333333
15.5762711864
15.25
14.8166666667
14.1
14.6
14.3389830508
15.0833333333
14.45
14.2166666667
14.4333333333
15.7118644068
15.65
15.3
14.65
16.0666666667
15.3559322034
14.3
14.3833333333
14.7833333333
14.4833333333
15.0508474576
13.9833333333
15.3333333333
15.4333333333
15.6166666667
15.3728813559
15.2833333333
15.1
15.5333333333
15.7333333333
15.9666666667
16.5084745763
15.0333333333
14.8166666667
14.6833333333
14.4642857143
--END OF 4--
20.5333333333
21.1666666667
20.1186440678
22.3
20.1333333333
20.9166666667
20.6333333333
20.6333333333
19.7796610169
18.6
19.9
19.5666666667
18.9666666667
20.8474576271
20.8666666667
18.35
20.8333333333
21.0666666667
21.3333333333
22.3559322034
22.1833333333
20.0833333333
19.6333333333
20.8
20.9661016949
19.5
20.6666666667
18.8
20.3
20.0338983051
20.35
21.1833333333
19.6
20.1166666667
21.7288135593
20.95
20.6833333333
20.5166666667
22.3166666667
21.1525423729
20.0
20.7666666667
20.8333333333
21.6833333333
21.3728813559
19.55
21.0
21.4
22.1333333333
20.6440677966
21.5833333333
21.2666666667
20.1666666667
21.35
22.6666666667
21.7118644068
21.6833333333
22.0666666667
19.8833333333
19.75
--END OF 5--
21.35
22.1166666667
21.3389830508
24.4833333333
20.6166666667
21.2666666667
20.6333333333
20.95
20.1694915254
19.1
20.5
19.8666666667
19.0166666667
21.2881355932
21.7666666667
18.4
21.1833333333
22.0666666667
21.8833333333
23.9830508475
22.5333333333
20.9333333333
20.9166666667
22.1833333333
21.3898305085
19.6
21.5333333333
19.5
20.85
20.3898305085
21.0833333333
21.9333333333
20.3333333333
20.75
22.0508474576
21.45
21.3333333333
21.4166666667
23.9666666667
21.7118644068
21.0
21.9333333333
21.1333333333
22.8833333333
22.0338983051
21.1833333333
21.45
21.65
23.2333333333
22.3559322034
22.35
22.9833333333
20.7666666667
22.2166666667
23.4166666667
22.5084745763
21.8833333333
22.8166666667
20.6833333333
20.4107142857
--END OF 6--
2793.75
2621.1
2715.81355932
2918.95
2822.35
2840.35
2822.2
2776.65
2789.84745763
2566.35
2791.5
2766.6
2607.9
2860.22033898
2845.5
2714.4
2760.95
2809.9
2873.2
2927.6440678
2892.85
2809.4
2757.85
2817.6
2774.18644068
2762.55
2841.25
2589.6
2613.15
2662.47457627
2730.7
2732.25
2735.1
2674.65
2870.84745763
2887.6
2863.15
2776.8
2995.1
2879.13559322
2742.3
2741.05
2792.85
2775.0
2894.13559322
2817.5
2899.8
2875.7
2882.1
2833.27118644
2876.0
2899.5
2887.55
2910.0
3017.6
2990.89830508
2888.7
2912.7
2890.35
2723.57142857
--END OF 7--
790.433333333
752.85
762.06779661
819.666666667
790.683333333
798.25
784.683333333
771.833333333
787.966101695
720.65
762.6
778.4
734.3
799.728813559
806.366666667
745.5
791.533333333
792.416666667
792.233333333
827.338983051
812.083333333
774.2
772.35
782.05
775.728813559
771.75
783.916666667
732.9
751.25
751.593220339
776.6
768.866666667
758.866666667
744.166666667
816.847457627
809.166666667
795.35
768.966666667
845.866666667
817.050847458
762.1
770.166666667
778.45
789.0
811.847457627
793.333333333
809.033333333
805.616666667
819.916666667
785.508474576
798.316666667
805.4
789.733333333
814.6
851.416666667
841.06779661
812.0
816.65
791.5
761.464285714
--END OF 8--
104.383333333
119.75
120.050847458
136.066666667
112.05
119.7
113.033333333
118.333333333
117.762711864
99.15
121.4
113.35
117.05
111.491525424
120.25
97.5
112.766666667
128.466666667
123.783333333
124.372881356
141.716666667
128.033333333
104.766666667
122.183333333
126.322033898
109.8
108.1
108.15
127.1
120.0
117.3
132.65
119.033333333
123.383333333
137.745762712
116.4
126.516666667
117.966666667
143.1
121.949152542
125.85
133.25
126.4
149.3
130.491525424
118.183333333
119.666666667
124.45
131.6
116.593220339
123.933333333
121.183333333
122.966666667
128.483333333
134.3
132.779661017
125.6
121.25
120.35
114.589285714
--END OF 9--
5.08333333333
8.66666666667
3.94915254237
7.91666666667
4.6
2.88333333333
2.86666666667
6.33333333333
5.23728813559
6.05
4.85
3.05
2.6
4.01694915254
4.48333333333
1.26666666667
5.55
4.55
6.55
8.71186440678
3.6
4.73333333333
5.11666666667
6.95
5.67796610169
1.9
6.45
3.1
3.3
4.59322033898
5.25
6.68333333333
5.13333333333
5.51666666667
2.84745762712
4.2
4.96666666667
7.9
7.01666666667
4.03389830508
6.85
4.7
4.0
5.0
4.72881355932
4.6
6.95
5.16666666667
6.88333333333
7.40677966102
6.3
5.88333333333
2.98333333333
3.31666666667
4.98333333333
5.08474576271
6.1
11.5
4.45
4.67857142857
--END OF 10--
1.15
1.61666666667
1.28813559322
2.65
0.516666666667
0.483333333333
0.0
0.166666666667
0.593220338983
0.75
0.9
0.6
0.05
0.694915254237
0.766666666667
0.0
0.416666666667
2.15
0.666666666667
2.03389830508
0.1
1.3
2.33333333333
1.63333333333
0.881355932203
0.0
1.25
1.25
0.85
0.338983050847
0.6
0.85
0.933333333333
0.433333333333
0.372881355932
0.75
0.5
1.25
0.8
0.796610169492
1.15
1.3
0.7
1.35
1.25423728814
2.03333333333
0.683333333333
0.183333333333
1.5
2.5593220339
1.56666666667
2.55
0.683333333333
1.0
0.883333333333
0.627118644068
0.0
0.5
0.75
0.875
--END OF 11--
0.683333333333
0.0833333333333
1.05084745763
0.883333333333
0.5
0.0
0.0
0.166666666667
0.338983050847
0.0
0.5
0.0
0.05
0.457627118644
0.0
0.0
0.0
0.0
0.0
1.1186440678
0.1
0.0
0.0
0.0
0.0
0.0
0.3
0.0
0.0
0.0
0.0
0.5
0.133333333333
0.366666666667
0.372881355932
0.133333333333
0.0
0.0
0.5
0.0
0.0
0.5
0.0
0.5
0.423728813559
0.583333333333
0.0
0.0
0.5
0.0
0.0
0.5
0.0
0.5
0.0
0.0
0.0
0.0
0.0
0.875
--END OF 12--
