16.4745762712
16.0166666667
16.9833333333
15.8
14.5166666667
14.8166666667
16.2033898305
16.25
16.05
14.1333333333
15.95
15.1
14.7
14.8305084746
15.0333333333
15.3666666667
16.4333333333
15.6101694915
14.5
15.95
15.1
15.1666666667
16.0847457627
15.2
15.1333333333
16.3
16.1833333333
16.4915254237
15.3833333333
16.1
16.4666666667
16.6333333333
15.0847457627
15.0
15.15
14.85
15.0
15.6101694915
15.7666666667
14.75
14.55
16.3833333333
16.8813559322
16.3
13.5666666667
17.3833333333
15.85
16.0508474576
15.05
15.3166666667
15.6
15.1333333333
17.2
16.0
16.45
15.6833333333
14.7666666667
15.8833333333
16.8644067797
15.3859649123
--END OF 1--
24.5423728814
22.2166666667
22.9166666667
22.75
20.0166666667
21.05
22.9152542373
21.9833333333
22.2833333333
19.6666666667
21.4833333333
20.2333333333
20.7833333333
21.0169491525
22.4
21.8
21.8166666667
20.7627118644
19.8
21.25
21.4833333333
20.9666666667
21.7288135593
22.4166666667
20.6166666667
23.5
22.7833333333
22.9322033898
22.2333333333
21.9166666667
21.5833333333
22.7666666667
22.5254237288
20.3
21.55
20.75
20.8
20.7118644068
21.4
20.8666666667
20.0
22.8666666667
22.593220339
22.4833333333
19.35
22.7333333333
21.5
22.4237288136
21.9666666667
22.0666666667
20.7
20.3833333333
23.9
21.4406779661
23.1333333333
21.4
21.3
22.05
22.9661016949
22.0350877193
--END OF 2--
25.2542372881
23.3166666667
24.0166666667
24.6333333333
20.4166666667
22.2333333333
23.9152542373
22.0166666667
23.1833333333
20.3666666667
21.9666666667
20.9166666667
21.1666666667
21.6779661017
23.15
23.0666666667
22.3166666667
21.2542372881
21.5
22.35
22.65
21.7166666667
22.7118644068
23.6333333333
20.7333333333
24.3166666667
24.3
24.4237288136
22.5833333333
22.5666666667
22.3333333333
23.3166666667
23.3220338983
20.7
22.4
21.5
21.3
21.6610169492
22.0666666667
21.0
20.3666666667
24.4666666667
22.9152542373
23.0166666667
20.1666666667
23.0
22.0333333333
22.6101694915
22.5833333333
22.6666666667
21.2
20.7833333333
25.2
22.2203389831
24.1666666667
22.9833333333
22.0666666667
23.0333333333
23.9322033898
23.0
--END OF 3--
16.4745762712
16.0166666667
16.9833333333
15.8
14.5166666667
14.8166666667
16.2033898305
16.25
16.05
14.1333333333
15.95
15.1
14.7
14.8305084746
15.0333333333
15.3666666667
16.4333333333
15.6101694915
14.5
15.95
15.1
15.1666666667
16.0847457627
15.2
15.1333333333
16.3
16.1833333333
16.4915254237
15.3833333333
16.1
16.4666666667
16.6333333333
15.0847457627
15.0
15.15
14.85
15.0
15.6101694915
15.7666666667
14.75
14.55
16.3833333333
16.8813559322
16.3
13.5666666667
17.3833333333
15.85
16.0508474576
15.05
15.3166666667
15.6
15.1333333333
17.2
16.0
16.45
15.6833333333
14.7666666667
15.8833333333
16.8644067797
15.3859649123
--END OF 4--
24.5423728814
22.2166666667
22.9166666667
22.75
20.0166666667
21.05
22.9152542373
21.9833333333
22.2833333333
19.6666666667
21.4833333333
20.2333333333
20.7833333333
21.0169491525
22.4
21.8
21.8166666667
20.7627118644
19.8
21.25
21.4833333333
20.9666666667
21.7288135593
22.4166666667
20.6166666667
23.5
22.7833333333
22.9322033898
22.2333333333
21.9166666667
21.5833333333
22.7666666667
22.5254237288
20.3
21.55
20.75
20.8
20.7118644068
21.4
20.8666666667
20.0
22.8666666667
22.593220339
22.4833333333
19.35
22.7333333333
21.5
22.4237288136
21.9666666667
22.0666666667
20.7
20.3833333333
23.9
21.4406779661
23.1333333333
21.4
21.3
22.05
22.9661016949
22.0350877193
--END OF 5--
25.2542372881
23.3166666667
24.0166666667
24.6333333333
20.4166666667
22.2333333333
23.9152542373
22.0166666667
23.1833333333
20.3666666667
21.9666666667
20.9166666667
21.1666666667
21.6779661017
23.15
23.0666666667
22.3166666667
21.2542372881
21.5
22.35
22.65
21.7166666667
22.7118644068
23.6333333333
20.7333333333
24.3166666667
24.3
24.4237288136
22.5833333333
22.5666666667
22.3333333333
23.3166666667
23.3220338983
20.7
22.4
21.5
21.3
21.6610169492
22.0666666667
21.0
20.3666666667
24.4666666667
22.9152542373
23.0166666667
20.1666666667
23.0
22.0333333333
22.6101694915
22.5833333333
22.6666666667
21.2
20.7833333333
25.2
22.2203389831
24.1666666667
22.9833333333
22.0666666667
23.0333333333
23.9322033898
23.0
--END OF 6--
3214.57627119
2994.45
3086.7
3033.75
2695.05
2811.75
2981.28813559
2971.95
2948.0
2752.15
3000.3
2825.4
2874.3
2864.69491525
2993.45
2944.25
3096.7
3002.44067797
2847.9
2835.6
2915.75
2804.7
2953.3220339
2854.8
2800.8
3110.35
3089.8
3075.30508475
2947.8
2927.75
2910.6
3065.4
2881.06779661
2843.85
2850.3
2821.35
2758.05
2937.0
2899.6
2838.1
2844.75
3067.15
3115.77966102
3033.5
2673.5
3145.0
2993.15
2970.30508475
2891.45
2885.55
2928.9
2878.05
3174.45
2986.77966102
3030.75
2957.8
2871.4
2912.8
3026.54237288
2920.94736842
--END OF 7--
894.372881356
832.15
872.166666667
841.666666667
759.7
787.216666667
847.186440678
838.8
828.65
759.75
833.55
797.466666667
787.65
799.881355932
833.316666667
823.033333333
848.733333333
837.06779661
786.65
816.6
812.533333333
801.0
831.525423729
804.316666667
786.716666667
878.633333333
857.433333333
854.779661017
811.183333333
820.783333333
830.883333333
854.75
803.813559322
776.95
796.6
777.65
769.75
801.254237288
807.516666667
797.533333333
791.05
848.5
876.186440678
850.533333333
744.816666667
888.4
818.9
831.169491525
800.05
810.45
803.65
800.05
886.85
834.830508475
859.133333333
810.45
791.783333333
817.8
859.440677966
816.754385965
--END OF 8--
168.440677966
136.15
135.266666667
132.416666667
114.15
128.55
130.355932203
125.383333333
136.5
115.483333333
116.8
109.8
120.0
124.169491525
144.133333333
134.066666667
113.85
106.050847458
112.9
115.5
134.633333333
122.85
133.915254237
136.216666667
117.316666667
134.75
138.533333333
135.0
136.333333333
136.516666667
127.433333333
135.266666667
135.559322034
119.5
131.55
113.85
122.95
115.915254237
129.35
135.116666667
122.866666667
141.1
130.152542373
124.85
118.9
126.233333333
121.233333333
134.372881356
134.683333333
142.3
123.0
119.85
138.0
112.101694915
136.6
121.85
128.1
141.783333333
135.949152542
132.421052632
--END OF 9--
5.37288135593
6.1
5.0
12.0333333333
3.9
6.68333333333
6.62711864407
1.85
6.36666666667
3.36666666667
4.0
5.28333333333
4.33333333333
4.38983050847
6.13333333333
6.95
4.03333333333
3.38983050847
6.1
6.1
5.6
5.7
5.01694915254
10.3666666667
4.15
7.15
11.0666666667
8.5593220339
7.38333333333
4.61666666667
4.71666666667
3.76666666667
9.03389830508
3.3
5.8
8.0
5.15
5.06779661017
4.53333333333
3.5
1.7
8.01666666667
3.0
4.35
5.2
1.85
5.58333333333
3.79661016949
7.18333333333
6.75
5.65
1.25
6.75
4.30508474576
3.9
7.86666666667
7.93333333333
5.03333333333
5.06779661017
7.22807017544
--END OF 10--
1.52542372881
2.0
1.25
2.15
0.4
1.7
1.25423728814
0.0333333333333
1.73333333333
1.2
0.533333333333
0.783333333333
0.5
0.457627118644
1.23333333333
0.883333333333
0.3
0.542372881356
1.75
1.1
1.6
0.7
1.52542372881
1.86666666667
0.133333333333
0.633333333333
1.18333333333
2.1186440678
0.5
0.766666666667
0.733333333333
1.0
1.4406779661
0.7
0.8
0.85
0.95
0.745762711864
0.816666666667
0.483333333333
0.45
2.06666666667
0.576271186441
0.933333333333
0.966666666667
0.416666666667
0.616666666667
0.0
1.4
0.6
0.4
0.7
2.25
1.37288135593
1.73333333333
1.7
1.05
1.93333333333
1.22033898305
1.0701754386
--END OF 11--
0.508474576271
0.0
0.0
0.866666666667
0.4
0.533333333333
0.237288135593
0.0
0.0
0.0
0.0
0.5
0.283333333333
0.0338983050847
0.483333333333
0.0
0.0
0.152542372881
0.35
0.0
0.5
0.0
0.186440677966
1.2
0.116666666667
0.3
0.5
0.508474576271
0.5
0.266666666667
0.233333333333
0.0
0.0
0.35
0.15
0.5
0.0
0.0
0.0
0.0
0.0
1.0
0.0
0.0
0.0
0.0
0.0
0.0
0.0
0.0
0.0
0.0
0.0
0.0
0.0333333333333
0.466666666667
0.0
0.216666666667
1.22033898305
0.0
--END OF 12--
