15.1333333333
15.2711864407
16.1166666667
15.5333333333
15.45
15.55
14.7166666667
15.3559322034
15.75
15.0166666667
15.1166666667
15.1166666667
15.55
16.1355932203
15.7666666667
15.4666666667
14.6833333333
14.85
14.8833333333
14.8983050847
14.25
15.9833333333
15.1166666667
13.8
14.6101694915
14.75
14.85
15.5
13.65
14.2542372881
14.2
14.15
13.8833333333
14.4
13.4666666667
13.5762711864
14.3333333333
14.8166666667
14.1833333333
14.9166666667
14.1666666667
13.2542372881
14.75
13.9333333333
13.75
12.65
13.6610169492
13.4333333333
13.8333333333
13.65
15.0833333333
13.8333333333
14.3389830508
14.95
12.8
13.4
13.5666666667
13.3
13.4237288136
15.8245614035
--END OF 1--
21.8833333333
22.2203389831
21.1833333333
19.6333333333
21.2166666667
19.6833333333
20.1666666667
22.1186440678
21.9
21.9666666667
19.6666666667
20.0166666667
21.15
21.3728813559
21.0166666667
21.2833333333
19.0
20.5166666667
20.35
19.186440678
19.8666666667
21.4833333333
20.4833333333
18.6833333333
20.2203389831
19.7
19.7
20.6
18.55
19.2542372881
18.8166666667
19.6
20.1333333333
19.8833333333
18.1333333333
18.7457627119
19.0666666667
19.8
19.7833333333
20.3166666667
19.0166666667
17.2881355932
20.05
19.2833333333
17.6
18.05
18.5084745763
17.6666666667
18.2
18.8
20.3166666667
18.0166666667
18.186440678
19.65
16.9333333333
17.15
17.8833333333
17.9666666667
19.0508474576
22.2456140351
--END OF 2--
22.5666666667
23.2881355932
21.5666666667
20.1
21.2833333333
19.9166666667
20.4666666667
22.6779661017
22.3
22.1666666667
20.3166666667
20.6666666667
22.4
21.4745762712
22.3166666667
21.9833333333
19.0
21.1166666667
20.9
19.9661016949
20.5666666667
21.9333333333
21.4833333333
19.3666666667
21.0
20.15
19.8
20.85
19.05
19.6949152542
19.6333333333
20.15
20.5166666667
20.35
18.5833333333
19.2711864407
19.3666666667
20.3833333333
20.0833333333
21.4833333333
19.2166666667
17.8305084746
21.0
19.7333333333
17.85
18.6
18.7118644068
17.7666666667
18.5333333333
19.5833333333
20.8333333333
18.4833333333
19.0338983051
20.35
17.1166666667
17.9166666667
18.5833333333
18.6
19.6101694915
23.0175438596
--END OF 3--
15.1333333333
15.2711864407
16.1166666667
15.5333333333
15.45
15.55
14.7166666667
15.3559322034
15.75
15.0166666667
15.1166666667
15.1166666667
15.55
16.1355932203
15.7666666667
15.4666666667
14.6833333333
14.85
14.8833333333
14.8983050847
14.25
15.9833333333
15.1166666667
13.8
14.6101694915
14.75
14.85
15.5
13.65
14.2542372881
14.2
14.15
13.8833333333
14.4
13.4666666667
13.5762711864
14.3333333333
14.8166666667
14.1833333333
14.9166666667
14.1666666667
13.2542372881
14.75
13.9333333333
13.75
12.65
13.6610169492
13.4333333333
13.8333333333
13.65
15.0833333333
13.8333333333
14.3389830508
14.95
12.8
13.4
13.5666666667
13.3
13.4237288136
15.8245614035
--END OF 4--
21.8833333333
22.2203389831
21.1833333333
19.6333333333
21.2166666667
19.6833333333
20.1666666667
22.1186440678
21.9
21.9666666667
19.6666666667
20.0166666667
21.15
21.3728813559
21.0166666667
21.2833333333
19.0
20.5166666667
20.35
19.186440678
19.8666666667
21.4833333333
20.4833333333
18.6833333333
20.2203389831
19.7
19.7
20.6
18.55
19.2542372881
18.8166666667
19.6
20.1333333333
19.8833333333
18.1333333333
18.7457627119
19.0666666667
19.8
19.7833333333
20.3166666667
19.0166666667
17.2881355932
20.05
19.2833333333
17.6
18.05
18.5084745763
17.6666666667
18.2
18.8
20.3166666667
18.0166666667
18.186440678
19.65
16.9333333333
17.15
17.8833333333
17.9666666667
19.0508474576
22.2456140351
--END OF 5--
22.5666666667
23.2881355932
21.5666666667
20.1
21.2833333333
19.9166666667
20.4666666667
22.6779661017
22.3
22.1666666667
20.3166666667
20.6666666667
22.4
21.4745762712
22.3166666667
21.9833333333
19.0
21.1166666667
20.9
19.9661016949
20.5666666667
21.9333333333
21.4833333333
19.3666666667
21.0
20.15
19.8
20.85
19.05
19.6949152542
19.6333333333
20.15
20.5166666667
20.35
18.5833333333
19.2711864407
19.3666666667
20.3833333333
20.0833333333
21.4833333333
19.2166666667
17.8305084746
21.0
19.7333333333
17.85
18.6
18.7118644068
17.7666666667
18.5333333333
19.5833333333
20.8333333333
18.4833333333
19.0338983051
20.35
17.1166666667
17.9166666667
18.5833333333
18.6
19.6101694915
23.0175438596
--END OF 6--
2890.05
2919.45762712
2950.3
2876.1
2854.35
2781.85
2817.35
2901.81355932
2957.55
2906.7
2867.1
2860.05
2851.8
2960.23728814
2838.45
2844.0
2828.35
2945.1
2883.7
2741.94915254
2771.85
3010.0
2922.85
2665.75
2779.06779661
2770.5
2743.65
2814.0
2669.1
2794.22033898
2763.65
2886.2
2833.55
2831.25
2645.0
2648.44067797
2771.25
2744.25
2757.3
2727.35
2683.25
2532.71186441
2805.0
2649.6
2748.0
2596.65
2661.81355932
2498.0
2613.8
2680.95
2843.45
2653.3
2588.6440678
2840.65
2493.05
2549.75
2684.85
2644.15
2633.23728814
2995.42105263
--END OF 7--
806.016666667
815.508474576
824.15
799.6
805.833333333
792.5
781.5
818.711864407
823.45
814.05
799.45
804.25
806.0
831.423728814
809.016666667
812.066666667
781.733333333
794.733333333
799.3
770.288135593
777.633333333
848.05
812.95
747.383333333
772.169491525
767.65
772.8
792.75
745.05
769.898305085
756.016666667
789.733333333
790.933333333
785.833333333
744.916666667
740.966101695
760.083333333
768.15
759.783333333
780.283333333
742.483333333
683.389830508
783.3
737.45
747.95
720.25
746.779661017
699.0
742.233333333
737.816666667
785.95
730.083333333
729.406779661
787.116666667
708.2
707.666666667
740.383333333
734.016666667
740.033898305
829.263157895
--END OF 8--
139.216666667
131.915254237
112.4
104.016666667
129.216666667
110.1
116.616666667
121.86440678
127.15
125.6
104.85
109.5
117.9
110.271186441
113.966666667
124.883333333
98.2
111.233333333
120.85
101.728813559
114.6
126.083333333
128.0
104.2
115.881355932
100.45
105.45
103.6
112.45
104.389830508
95.3166666667
103.75
113.733333333
115.5
104.516666667
97.1355932203
106.683333333
110.766666667
114.45
118.85
103.95
88.9491525424
111.3
111.1
97.3
109.05
102.169491525
96.5833333333
98.55
107.333333333
106.883333333
95.0
94.9661016949
105.683333333
94.7166666667
102.683333333
102.116666667
96.2
106.86440678
127.210526316
--END OF 9--
5.23333333333
7.27118644068
3.28333333333
2.05
4.45
2.21666666667
3.45
8.30508474576
3.7
4.7
4.2
3.6
4.95
3.27118644068
6.66666666667
5.96666666667
1.76666666667
6.26666666667
3.9
4.5593220339
3.58333333333
2.78333333333
3.25
5.76666666667
6.38983050847
4.55
1.65
4.55
3.35
3.72881355932
6.35
4.93333333333
6.35
6.25
4.98333333333
2.20338983051
2.7
3.71666666667
2.35
6.16666666667
2.43333333333
4.91525423729
5.95
5.3
2.15
5.05
2.0
2.26666666667
2.78333333333
2.8
5.31666666667
2.5
3.96610169492
2.73333333333
1.2
1.53333333333
2.28333333333
4.58333333333
3.18644067797
7.15789473684
--END OF 10--
0.966666666667
2.05084745763
0.483333333333
0.516666666667
0.0666666666667
0.45
0.483333333333
0.508474576271
0.5
0.05
0.95
1.0
2.0
0.186440677966
1.7
0.783333333333
0.0
1.0
0.5
1.10169491525
1.08333333333
0.6
1.65
1.2
1.1186440678
0.6
0.15
0.0
0.75
0.254237288136
0.533333333333
0.466666666667
0.333333333333
0.666666666667
0.483333333333
0.847457627119
0.2
0.483333333333
0.5
1.68333333333
0.316666666667
0.610169491525
1.4
0.5
0.3
0.5
0.203389830508
0.0
0.366666666667
1.18333333333
0.7
0.333333333333
1.13559322034
1.18333333333
0.383333333333
1.31666666667
0.9
0.783333333333
1.01694915254
1.24561403509
--END OF 11--
0.466666666667
0.0
0.166666666667
0.333333333333
0.0
0.0
0.0
0.0
0.5
0.0
0.0
0.5
0.0
0.0
0.5
0.0
0.0
0.5
0.0
0.508474576271
0.0
0.0
0.0
0.0
0.0
0.0
0.0
0.0
0.5
0.0
0.0
0.0
0.0
0.0
0.0
0.0
0.0166666666667
0.483333333333
0.0
0.5
0.0
0.0
0.0
0.0
0.0
0.3
0.203389830508
0.0
0.0833333333333
0.15
0.0
0.0
0.423728813559
0.583333333333
0.0
0.5
0.716666666667
0.283333333333
0.0
0.0350877192982
--END OF 12--
