13.75
12.7627118644
12.6666666667
12.8833333333
13.4
11.95
13.3166666667
12.6779661017
12.6833333333
12.1833333333
12.9666666667
13.2666666667
12.35
12.5423728814
11.2166666667
12.9833333333
12.6833333333
12.3833333333
12.8813559322
12.7833333333
12.2333333333
12.9166666667
12.9
12.7166666667
13.9491525424
12.3166666667
12.3833333333
13.2666666667
13.4833333333
13.8983050847
13.1833333333
14.0333333333
13.45
12.3666666667
12.5333333333
13.6610169492
11.9666666667
12.85
12.1333333333
12.55
13.5254237288
14.15
12.1
12.4833333333
13.6666666667
11.9491525424
12.6
13.4
12.8
12.9833333333
12.3220338983
12.2666666667
11.5833333333
11.9333333333
12.9333333333
13.1525423729
12.3166666667
11.9
12.8333333333
12.4310344828
--END OF 1--
18.15
17.0847457627
18.2166666667
17.7333333333
16.9666666667
18.0666666667
19.4833333333
17.8644067797
18.9166666667
17.6
17.6166666667
17.4666666667
17.0
17.0338983051
17.7666666667
18.8333333333
16.6333333333
16.7333333333
18.2881355932
17.5166666667
17.35
18.2333333333
18.3666666667
17.3166666667
18.7796610169
16.85
17.4166666667
17.0333333333
18.5166666667
19.8474576271
17.3333333333
19.6833333333
18.9666666667
17.5
16.8333333333
17.7627118644
16.8666666667
17.6166666667
19.6166666667
17.95
18.9152542373
18.9
16.6166666667
18.4333333333
18.35
16.9491525424
19.1
18.15
17.4
18.2833333333
17.3389830508
17.1166666667
16.5166666667
16.4
17.75
19.0338983051
17.5333333333
16.3833333333
18.55
16.1896551724
--END OF 2--
18.4
17.5762711864
18.5833333333
18.2833333333
18.2333333333
20.2333333333
19.65
17.9830508475
19.6833333333
18.05
18.6
17.5666666667
17.1
17.0338983051
18.3166666667
19.15
16.8333333333
17.5333333333
19.1186440678
18.6833333333
18.6666666667
18.85
18.9666666667
17.7666666667
19.3050847458
17.8833333333
19.6166666667
17.8666666667
18.7666666667
21.0508474576
17.8833333333
20.7333333333
19.5166666667
18.3833333333
17.4833333333
18.2711864407
17.15
18.5833333333
20.2833333333
17.95
19.5084745763
19.95
16.9
19.1166666667
18.9
17.3050847458
19.65
18.8
17.75
18.8333333333
17.8474576271
17.2666666667
16.5166666667
16.7
18.55
19.8983050847
18.5
17.2333333333
19.4166666667
16.4482758621
--END OF 3--
13.75
12.7627118644
12.6666666667
12.8833333333
13.4
11.95
13.3166666667
12.6779661017
12.6833333333
12.1833333333
12.9666666667
13.2666666667
12.35
12.5423728814
11.2166666667
12.9833333333
12.6833333333
12.3833333333
12.8813559322
12.7833333333
12.2333333333
12.9166666667
12.9
12.7166666667
13.9491525424
12.3166666667
12.3833333333
13.2666666667
13.4833333333
13.8983050847
13.1833333333
14.0333333333
13.45
12.3666666667
12.5333333333
13.6610169492
11.9666666667
12.85
12.1333333333
12.55
13.5254237288
14.15
12.1
12.4833333333
13.6666666667
11.9491525424
12.6
13.4
12.8
12.9833333333
12.3220338983
12.2666666667
11.5833333333
11.9333333333
12.9333333333
13.1525423729
12.3166666667
11.9
12.8333333333
12.4310344828
--END OF 4--
18.15
17.0847457627
18.2166666667
17.7333333333
16.9666666667
18.0666666667
19.4833333333
17.8644067797
18.9166666667
17.6
17.6166666667
17.4666666667
17.0
17.0338983051
17.7666666667
18.8333333333
16.6333333333
16.7333333333
18.2881355932
17.5166666667
17.35
18.2333333333
18.3666666667
17.3166666667
18.7796610169
16.85
17.4166666667
17.0333333333
18.5166666667
19.8474576271
17.3333333333
19.6833333333
18.9666666667
17.5
16.8333333333
17.7627118644
16.8666666667
17.6166666667
19.6166666667
17.95
18.9152542373
18.9
16.6166666667
18.4333333333
18.35
16.9491525424
19.1
18.15
17.4
18.2833333333
17.3389830508
17.1166666667
16.5166666667
16.4
17.75
19.0338983051
17.5333333333
16.3833333333
18.55
16.1896551724
--END OF 5--
18.4
17.5762711864
18.5833333333
18.2833333333
18.2333333333
20.2333333333
19.65
17.9830508475
19.6833333333
18.05
18.6
17.5666666667
17.1
17.0338983051
18.3166666667
19.15
16.8333333333
17.5333333333
19.1186440678
18.6833333333
18.6666666667
18.85
18.9666666667
17.7666666667
19.3050847458
17.8833333333
19.6166666667
17.8666666667
18.7666666667
21.0508474576
17.8833333333
20.7333333333
19.5166666667
18.3833333333
17.4833333333
18.2711864407
17.15
18.5833333333
20.2833333333
17.95
19.5084745763
19.95
16.9
19.1166666667
18.9
17.3050847458
19.65
18.8
17.75
18.8333333333
17.8474576271
17.2666666667
16.5166666667
16.7
18.55
19.8983050847
18.5
17.2333333333
19.4166666667
16.4482758621
--END OF 6--
2545.8
2344.16949153
2412.3
2467.55
2461.0
2344.2
2642.2
2480.08474576
2454.75
2279.25
2435.9
2507.45
2461.35
2350.11864407
2332.8
2507.15
2450.25
2369.85
2471.18644068
2418.3
2409.25
2518.75
2515.75
2285.55
2531.28813559
2338.5
2408.25
2400.5
2456.75
2696.18644068
2526.75
2643.3
2543.3
2477.1
2481.75
2554.93220339
2475.2
2536.05
2525.95
2525.95
2571.91525424
2624.4
2351.85
2525.7
2573.3
2254.47457627
2393.7
2520.45
2417.1
2439.9
2375.69491525
2332.1
2266.25
2336.25
2497.45
2546.08474576
2436.85
2221.45
2409.45
2283.56896552
--END OF 7--
713.0
663.779661017
685.533333333
685.583333333
699.683333333
655.55
742.383333333
684.423728814
689.483333333
649.5
668.583333333
691.083333333
679.716666667
655.033898305
651.3
698.4
685.25
644.2
697.271186441
667.083333333
675.583333333
718.25
689.783333333
653.816666667
718.915254237
669.75
670.1
679.433333333
702.166666667
752.728813559
700.85
741.55
704.1
671.9
679.25
706.813559322
674.0
699.216666667
694.8
687.65
718.610169492
726.583333333
654.133333333
695.716666667
720.966666667
625.610169492
666.4
688.25
674.8
694.05
657.949152542
660.833333333
623.85
651.483333333
702.133333333
714.118644068
674.866666667
635.966666667
680.35
634.24137931
--END OF 8--
110.1
96.8644067797
112.783333333
98.65
93.4833333333
118.7
118.466666667
99.4406779661
118.633333333
116.183333333
98.0666666667
104.75
101.3
99.7457627119
120.15
118.383333333
86.8
89.4
117.254237288
107.033333333
108.466666667
116.8
111.633333333
109.55
106.86440678
102.933333333
100.5
89.2666666667
108.316666667
122.966101695
104.9
113.8
120.366666667
104.216666667
83.95
97.6779661017
100.15
113.75
121.583333333
99.3166666667
113.389830508
105.8
100.35
107.183333333
110.25
104.457627119
126.65
112.15
98.45
104.9
98.9661016949
94.0166666667
101.35
99.0666666667
110.816666667
113.847457627
101.583333333
96.4666666667
119.016666667
88.9137931034
--END OF 9--
2.6
3.72881355932
4.01666666667
5.13333333333
3.8
8.01666666667
3.3
2.83050847458
7.26666666667
4.35
5.1
1.46666666667
1.85
2.61016949153
4.5
3.61666666667
3.05
8.0
4.13559322034
4.65
5.55
3.5
5.26666666667
3.3
4.45762711864
3.68333333333
7.45
1.88333333333
3.9
6.35593220339
4.25
6.15
2.88333333333
5.66666666667
2.85
2.57627118644
4.01666666667
5.0
6.95
4.7
5.5593220339
5.98333333333
4.4
5.11666666667
3.3
6.28813559322
6.95
2.95
3.25
4.45
3.23728813559
1.55
3.61666666667
4.25
3.93333333333
6.32203389831
7.8
4.48333333333
6.41666666667
2.1724137931
--END OF 10--
0.55
0.576271186441
0.733333333333
1.0
2.08333333333
3.41666666667
0.0
0.0
0.966666666667
0.483333333333
1.6
0.233333333333
0.0
0.0
0.35
0.483333333333
0.35
1.25
1.66101694915
2.23333333333
2.46666666667
0.966666666667
1.15
0.516666666667
0.372881355932
1.1
3.71666666667
1.5
0.3
1.96610169492
0.35
1.4
0.533333333333
1.51666666667
1.1
0.762711864407
0.283333333333
0.983333333333
1.35
0.0166666666667
1.23728813559
1.25
0.05
0.9
0.0833333333333
0.305084745763
1.05
1.0
0.65
0.65
0.694915254237
0.166666666667
0.0
0.683333333333
1.1
0.728813559322
1.01666666667
1.05
1.43333333333
0.534482758621
--END OF 11--
0.0
0.0
0.0
0.5
0.333333333333
0.666666666667
0.0
0.0
0.0
0.0
0.0
0.0
0.0
0.0
0.35
0.15
0.0
0.0
0.338983050847
0.166666666667
0.0
0.0
0.283333333333
0.216666666667
0.0
0.5
1.0
0.0
0.0
0.0
0.0
0.4
0.1
0.0
0.5
0.0
0.0
0.0
0.0
0.0
0.0
0.0
0.0
0.0
0.0
0.0
0.0
0.0
0.0
0.0
0.338983050847
0.166666666667
0.0
0.0
0.0
0.0
0.5
0.0
0.266666666667
0.0
--END OF 12--
