12.95
13.1
12.7627118644
11.9333333333
13.3333333333
12.5666666667
13.4833333333
13.0166666667
12.8644067797
12.6333333333
13.0
12.8166666667
13.4333333333
12.8666666667
13.2881355932
13.15
14.35
13.8666666667
13.6
13.6271186441
13.7333333333
14.3666666667
12.7
12.7
12.6779661017
13.0166666667
13.3166666667
14.0333333333
14.1333333333
12.85
14.0
14.9333333333
12.5
13.3666666667
14.1166666667
13.8474576271
12.9
12.7
13.75
13.6
12.186440678
12.0833333333
13.1166666667
13.2
13.8166666667
14.7118644068
13.3166666667
13.65
14.6333333333
14.7333333333
14.8474576271
13.7166666667
13.7833333333
13.3333333333
12.2333333333
12.0847457627
13.6166666667
14.0333333333
12.7166666667
13.9473684211
--END OF 1--
17.45
17.9
17.2542372881
17.1
17.9833333333
16.4166666667
18.55
18.2166666667
17.5254237288
19.1333333333
19.1333333333
18.75
18.5333333333
17.9833333333
17.7457627119
17.95
18.15
19.6166666667
18.5
18.593220339
20.05
20.6
17.6166666667
16.5166666667
18.1355932203
18.6333333333
19.55
18.8666666667
19.25
17.9666666667
19.6610169492
20.2333333333
18.6
18.2666666667
19.1666666667
19.1355932203
18.6833333333
19.1833333333
19.2166666667
18.9666666667
16.593220339
18.1833333333
18.3333333333
19.2333333333
20.05
20.0508474576
19.2666666667
17.9
19.7833333333
20.7333333333
19.3220338983
18.8833333333
19.75
18.9333333333
17.6
16.5593220339
20.0833333333
19.7833333333
17.4333333333
19.1578947368
--END OF 2--
18.15
18.25
17.2542372881
17.6833333333
18.7333333333
17.5166666667
19.4333333333
18.55
18.6271186441
19.6
20.05
19.3
19.2166666667
18.4833333333
18.2881355932
19.0
18.85
20.2166666667
19.5
19.6949152542
20.3333333333
20.7833333333
18.3666666667
16.7333333333
18.1525423729
19.0833333333
19.9333333333
19.4666666667
19.5
18.3166666667
20.4406779661
21.4833333333
18.75
18.6666666667
20.4666666667
20.0847457627
20.0333333333
19.75
20.2666666667
19.7
17.5254237288
19.2
18.7
19.85
21.0666666667
20.1016949153
20.0166666667
18.7
20.3333333333
20.9333333333
19.5762711864
20.1666666667
20.4166666667
19.4333333333
17.9
16.9152542373
20.3
20.2333333333
17.9166666667
19.4210526316
--END OF 3--
12.95
13.1
12.7627118644
11.9333333333
13.3333333333
12.5666666667
13.4833333333
13.0166666667
12.8644067797
12.6333333333
13.0
12.8166666667
13.4333333333
12.8666666667
13.2881355932
13.15
14.35
13.8666666667
13.6
13.6271186441
13.7333333333
14.3666666667
12.7
12.7
12.6779661017
13.0166666667
13.3166666667
14.0333333333
14.1333333333
12.85
14.0
14.9333333333
12.5
13.3666666667
14.1166666667
13.8474576271
12.9
12.7
13.75
13.6
12.186440678
12.0833333333
13.1166666667
13.2
13.8166666667
14.7118644068
13.3166666667
13.65
14.6333333333
14.7333333333
14.8474576271
13.7166666667
13.7833333333
13.3333333333
12.2333333333
12.0847457627
13.6166666667
14.0333333333
12.7166666667
13.9473684211
--END OF 4--
17.45
17.9
17.2542372881
17.1
17.9833333333
16.4166666667
18.55
18.2166666667
17.5254237288
19.1333333333
19.1333333333
18.75
18.5333333333
17.9833333333
17.7457627119
17.95
18.15
19.6166666667
18.5
18.593220339
20.05
20.6
17.6166666667
16.5166666667
18.1355932203
18.6333333333
19.55
18.8666666667
19.25
17.9666666667
19.6610169492
20.2333333333
18.6
18.2666666667
19.1666666667
19.1355932203
18.6833333333
19.1833333333
19.2166666667
18.9666666667
16.593220339
18.1833333333
18.3333333333
19.2333333333
20.05
20.0508474576
19.2666666667
17.9
19.7833333333
20.7333333333
19.3220338983
18.8833333333
19.75
18.9333333333
17.6
16.5593220339
20.0833333333
19.7833333333
17.4333333333
19.1578947368
--END OF 5--
18.15
18.25
17.2542372881
17.6833333333
18.7333333333
17.5166666667
19.4333333333
18.55
18.6271186441
19.6
20.05
19.3
19.2166666667
18.4833333333
18.2881355932
19.0
18.85
20.2166666667
19.5
19.6949152542
20.3333333333
20.7833333333
18.3666666667
16.7333333333
18.1525423729
19.0833333333
19.9333333333
19.4666666667
19.5
18.3166666667
20.4406779661
21.4833333333
18.75
18.6666666667
20.4666666667
20.0847457627
20.0333333333
19.75
20.2666666667
19.7
17.5254237288
19.2
18.7
19.85
21.0666666667
20.1016949153
20.0166666667
18.7
20.3333333333
20.9333333333
19.5762711864
20.1666666667
20.4166666667
19.4333333333
17.9
16.9152542373
20.3
20.2333333333
17.9166666667
19.4210526316
--END OF 6--
2429.25
2446.2
2478.30508475
2401.4
2537.1
2353.2
2499.8
2440.3
2435.33898305
2456.85
2517.2
2444.3
2554.7
2521.8
2423.38983051
2507.55
2559.75
2539.15
2582.7
2597.94915254
2637.85
2629.5
2508.95
2417.55
2398.42372881
2438.8
2582.95
2592.3
2485.6
2512.15
2653.93220339
2628.0
2490.6
2581.35
2663.55
2634.15254237
2464.8
2426.9
2565.25
2571.15
2348.33898305
2409.8
2451.4
2618.05
2622.1
2734.57627119
2644.05
2512.65
2738.1
2802.0
2719.62711864
2565.05
2531.05
2492.35
2449.3
2389.88135593
2590.1
2764.1
2466.75
2533.57894737
--END OF 7--
675.6
682.2
676.93220339
645.95
699.083333333
658.35
712.65
681.4
676.898305085
689.65
697.15
672.716666667
710.316666667
704.333333333
691.86440678
728.15
719.2
719.583333333
725.4
718.881355932
743.116666667
747.7
691.966666667
678.8
679.610169492
692.633333333
721.333333333
718.85
709.8
689.633333333
755.610169492
759.35
703.05
709.4
745.85
736.93220339
695.383333333
681.266666667
732.033333333
732.75
638.694915254
668.55
692.166666667
724.216666667
747.45
765.152542373
749.85
716.05
763.2
785.4
762.220338983
722.533333333
720.533333333
698.183333333
684.716666667
656.050847458
734.483333333
763.783333333
688.85
708.315789474
--END OF 8--
103.2
97.7
102.288135593
107.85
107.233333333
98.2166666667
113.15
104.483333333
96.7627118644
122.416666667
118.216666667
111.05
108.0
112.033333333
100.711864407
105.95
96.15
116.566666667
102.6
109.474576271
123.166666667
119.833333333
96.0166666667
103.816666667
112.949152542
106.0
128.883333333
112.666666667
117.55
113.65
125.389830508
131.35
131.95
109.65
110.1
118.983050847
112.416666667
112.783333333
117.083333333
113.166666667
105.0
115.65
115.433333333
117.233333333
119.15
124.050847458
105.65
92.5
110.25
120.4
105.305084746
126.3
126.533333333
117.416666667
103.166666667
96.6779661017
121.5
126.783333333
102.316666667
109.842105263
--END OF 9--
2.9
3.75
2.64406779661
5.16666666667
5.01666666667
2.5
3.73333333333
3.28333333333
5.89830508475
5.18333333333
8.76666666667
8.81666666667
3.56666666667
3.21666666667
3.50847457627
3.55
3.6
5.2
2.65
4.27118644068
6.53333333333
6.28333333333
6.58333333333
1.36666666667
5.13559322034
6.46666666667
4.75
3.93333333333
4.95
2.85
3.79661016949
4.85
3.7
3.9
6.05
5.01694915254
5.11666666667
8.16666666667
5.66666666667
4.95
3.54237288136
7.46666666667
3.2
5.96666666667
6.6
4.15254237288
5.6
4.2
3.95
2.35
3.67796610169
4.18333333333
5.11666666667
4.55
3.81666666667
2.40677966102
5.41666666667
2.6
4.5
6.73684210526
--END OF 10--
0.65
0.65
0.0
0.333333333333
1.28333333333
1.76666666667
1.71666666667
0.283333333333
1.16949152542
0.5
0.916666666667
0.583333333333
0.5
0.85
0.542372881356
1.7
0.95
1.08333333333
1.55
1.35593220339
0.483333333333
0.216666666667
0.783333333333
0.216666666667
0.0677966101695
0.5
0.433333333333
1.0
0.266666666667
0.733333333333
1.13559322034
2.25
0.25
0.75
2.25
1.49152542373
1.81666666667
1.16666666667
1.63333333333
0.95
0.932203389831
1.26666666667
0.4
1.13333333333
1.4
0.0
1.15
1.1
0.75
0.5
0.491525423729
2.43333333333
0.583333333333
0.783333333333
0.35
0.881355932203
0.0
0.783333333333
0.716666666667
0.210526315789
--END OF 11--
0.0
0.0
0.0
0.333333333333
0.166666666667
0.5
0.0
0.283333333333
0.220338983051
0.0
0.416666666667
0.0833333333333
0.5
0.0
0.0
0.0
0.0
0.0
0.0
0.508474576271
0.0
0.0
0.0
0.0
0.0
0.0
0.0
0.0
0.266666666667
0.233333333333
0.0
0.5
0.0
0.0
0.0
0.0
0.833333333333
0.166666666667
0.133333333333
0.45
0.932203389831
0.0
0.0
0.0
0.566666666667
0.0
0.65
0.35
0.5
0.0
0.0
0.0
0.0
0.0
0.0
0.0
0.0
0.0
0.0
0.0
--END OF 12--
