13.9666666667
12.8333333333
12.5084745763
13.2
13.0
13.25
14.1833333333
13.5
14.4333333333
13.1186440678
13.2833333333
13.3833333333
13.0833333333
13.8833333333
13.5666666667
13.4745762712
13.1833333333
13.3166666667
13.0333333333
12.5833333333
12.8474576271
12.85
14.0
13.35
13.0
13.5
14.2372881356
14.2166666667
14.3
12.3833333333
13.5833333333
13.2372881356
14.25
13.2333333333
13.7166666667
14.0833333333
13.186440678
14.6
13.3333333333
13.1666666667
12.8333333333
13.6440677966
13.4166666667
12.8666666667
12.9166666667
12.4666666667
14.1016949153
13.35
12.9833333333
13.6166666667
13.9
13.4833333333
13.2711864407
13.3333333333
12.5833333333
12.5666666667
13.1333333333
13.1016949153
13.4833333333
13.7735849057
--END OF 1--
17.7666666667
16.2166666667
16.2033898305
16.45
15.65
16.55
18.3333333333
16.35
17.7333333333
17.3728813559
16.85
16.1
15.9333333333
17.6666666667
16.6666666667
17.4406779661
16.8833333333
17.3166666667
17.5833333333
16.9833333333
15.8983050847
16.5
17.75
17.15
16.75
16.35
17.1355932203
16.9166666667
17.8333333333
16.5
16.9333333333
16.1186440678
16.1333333333
17.35
17.0166666667
17.2333333333
15.5762711864
18.65
17.9666666667
16.5666666667
15.8833333333
17.3389830508
17.25
15.95
16.6666666667
15.6166666667
17.406779661
16.4
16.0166666667
17.35
17.1833333333
17.2833333333
15.4576271186
16.6333333333
15.4833333333
15.8166666667
16.5833333333
16.3559322034
16.3833333333
16.2264150943
--END OF 2--
18.2833333333
16.5166666667
16.6101694915
17.0
16.7
17.0
18.4833333333
16.6
18.1333333333
17.4237288136
17.45
17.45
15.9333333333
17.7
17.1666666667
18.0677966102
17.3166666667
18.1
17.9833333333
16.9833333333
16.0
16.55
18.0
17.65
17.15
17.15
17.6271186441
17.1333333333
18.3666666667
17.4166666667
17.1333333333
16.1186440678
16.5833333333
17.35
17.0666666667
18.1333333333
16.1694915254
19.0
18.0666666667
16.7166666667
15.8833333333
18.7457627119
19.1666666667
16.1333333333
16.9333333333
16.1166666667
17.406779661
16.4666666667
16.3
18.0166666667
17.3666666667
17.7
15.6440677966
17.6333333333
16.6333333333
16.2166666667
16.8833333333
16.8474576271
16.55
16.9622641509
--END OF 3--
13.9666666667
12.8333333333
12.5084745763
13.2
13.0
13.25
14.1833333333
13.5
14.4333333333
13.1186440678
13.2833333333
13.3833333333
13.0833333333
13.8833333333
13.5666666667
13.4745762712
13.1833333333
13.3166666667
13.0333333333
12.5833333333
12.8474576271
12.85
14.0
13.35
13.0
13.5
14.2372881356
14.2166666667
14.3
12.3833333333
13.5833333333
13.2372881356
14.25
13.2333333333
13.7166666667
14.0833333333
13.186440678
14.6
13.3333333333
13.1666666667
12.8333333333
13.6440677966
13.4166666667
12.8666666667
12.9166666667
12.4666666667
14.1016949153
13.35
12.9833333333
13.6166666667
13.9
13.4833333333
13.2711864407
13.3333333333
12.5833333333
12.5666666667
13.1333333333
13.1016949153
13.4833333333
13.7735849057
--END OF 4--
17.7666666667
16.2166666667
16.2033898305
16.45
15.65
16.55
18.3333333333
16.35
17.7333333333
17.3728813559
16.85
16.1
15.9333333333
17.6666666667
16.6666666667
17.4406779661
16.8833333333
17.3166666667
17.5833333333
16.9833333333
15.8983050847
16.5
17.75
17.15
16.75
16.35
17.1355932203
16.9166666667
17.8333333333
16.5
16.9333333333
16.1186440678
16.1333333333
17.35
17.0166666667
17.2333333333
15.5762711864
18.65
17.9666666667
16.5666666667
15.8833333333
17.3389830508
17.25
15.95
16.6666666667
15.6166666667
17.406779661
16.4
16.0166666667
17.35
17.1833333333
17.2833333333
15.4576271186
16.6333333333
15.4833333333
15.8166666667
16.5833333333
16.3559322034
16.3833333333
16.2264150943
--END OF 5--
18.2833333333
16.5166666667
16.6101694915
17.0
16.7
17.0
18.4833333333
16.6
18.1333333333
17.4237288136
17.45
17.45
15.9333333333
17.7
17.1666666667
18.0677966102
17.3166666667
18.1
17.9833333333
16.9833333333
16.0
16.55
18.0
17.65
17.15
17.15
17.6271186441
17.1333333333
18.3666666667
17.4166666667
17.1333333333
16.1186440678
16.5833333333
17.35
17.0666666667
18.1333333333
16.1694915254
19.0
18.0666666667
16.7166666667
15.8833333333
18.7457627119
19.1666666667
16.1333333333
16.9333333333
16.1166666667
17.406779661
16.4666666667
16.3
18.0166666667
17.3666666667
17.7
15.6440677966
17.6333333333
16.6333333333
16.2166666667
16.8833333333
16.8474576271
16.55
16.9622641509
--END OF 6--
2770.25
2570.35
2493.0
2530.95
2537.85
2524.05
2745.6
2563.8
2813.25
2737.88135593
2623.95
2596.35
2574.2
2734.85
2597.9
2659.52542373
2614.9
2590.95
2501.7
2528.55
2527.22033898
2601.9
2620.65
2533.35
2579.55
2559.6
2611.3220339
2725.4
2777.55
2459.8
2517.75
2489.84745763
2618.4
2580.95
2596.0
2645.35
2526.20338983
2899.05
2568.75
2597.55
2549.55
2746.83050847
2615.25
2401.3
2450.45
2478.6
2664.91525424
2483.15
2532.95
2599.9
2686.95
2671.45
2527.16949153
2525.4
2461.2
2541.15
2607.15
2591.18644068
2563.75
2556.8490566
--END OF 7--
753.716666667
687.416666667
666.254237288
679.95
683.95
699.75
764.85
700.6
772.95
733.86440678
706.7
718.733333333
690.466666667
748.016666667
706.166666667
716.898305085
708.016666667
711.933333333
696.45
696.7
696.06779661
724.75
725.75
704.4
701.15
694.9
738.525423729
738.466666667
749.95
671.65
693.866666667
688.93220339
728.816666667
716.316666667
726.133333333
732.966666667
697.118644068
785.75
715.633333333
703.2
690.3
750.440677966
715.45
661.916666667
672.966666667
668.583333333
728.508474576
685.6
698.316666667
722.683333333
742.616666667
734.85
685.237288136
710.85
684.35
685.5
723.6
706.423728814
694.666666667
713.20754717
--END OF 8--
87.05
73.6666666667
78.1355932203
76.1
69.55
77.35
96.25
75.15
83.15
90.5423728814
80.9
72.9666666667
73.2166666667
83.1166666667
72.0
92.1186440678
68.25
92.4666666667
89.0
84.55
83.7966101695
80.45
95.7
89.75
85.25
72.7
65.2033898305
69.65
76.65
78.1
77.3833333333
69.6610169492
63.0
81.7666666667
67.7
81.6833333333
55.9152542373
92.9
98.9166666667
75.15
72.15
82.5254237288
88.35
79.0833333333
75.9333333333
70.0166666667
75.0338983051
69.7666666667
65.3
87.55
78.3333333333
89.8
67.9152542373
74.65
78.95
74.75
78.4
84.0847457627
76.5333333333
74.4716981132
--END OF 9--
2.18333333333
1.3
4.4406779661
4.1
2.85
3.7
2.7
1.15
2.7
4.20338983051
4.68333333333
3.7
2.23333333333
3.55
4.9
2.8813559322
2.9
4.03333333333
3.91666666667
1.36666666667
2.64406779661
1.8
1.25
3.1
1.9
4.35
2.23728813559
1.63333333333
3.63333333333
4.36666666667
2.26666666667
2.15254237288
1.63333333333
4.26666666667
2.5
3.78333333333
3.86440677966
3.35
3.96666666667
3.4
1.4
4.20338983051
6.33333333333
2.16666666667
3.85
3.18333333333
2.61016949153
2.81666666667
3.58333333333
3.16666666667
1.96666666667
3.98333333333
1.77966101695
3.35
5.35
2.15
1.6
1.94915254237
1.81666666667
2.98113207547
--END OF 10--
0.533333333333
0.733333333333
0.71186440678
0.85
1.35
1.0
0.1
0.0
0.65
0.35593220339
0.383333333333
2.11666666667
0.0
0.0
0.0833333333333
0.898305084746
0.566666666667
1.03333333333
0.7
0.0
0.0
0.1
0.4
0.65
0.5
1.0
0.491525423729
0.366666666667
0.966666666667
1.53333333333
0.5
0.0
0.5
0.0
0.0666666666667
1.41666666667
0.932203389831
0.0
0.0
0.0
0.0
2.52542372881
2.4
0.15
0.466666666667
1.0
0.0
0.316666666667
0.4
0.966666666667
0.316666666667
0.466666666667
0.0338983050847
1.8
1.2
0.35
0.45
0.389830508475
0.316666666667
0.962264150943
--END OF 11--
0.0833333333333
0.0
0.0
0.0
0.9
0.1
0.0
0.0
0.0
0.0
0.0
0.5
0.0
0.0
0.0
0.0
0.366666666667
0.133333333333
0.0
0.0
0.0
0.0
0.0
0.25
0.25
0.0
0.0
0.0
0.0
0.5
0.0
0.0
0.5
0.0
0.0666666666667
0.1
0.0
0.0
0.0
0.0
0.0
0.0
0.883333333333
0.116666666667
0.0
0.0
0.0
0.0
0.0
0.466666666667
0.0333333333333
0.0
0.0
0.0
0.0
0.0
0.0
0.186440677966
0.316666666667
0.603773584906
--END OF 12--
