16.6166666667
17.7627118644
17.15
18.1333333333
17.95
17.6333333333
19.3333333333
18.5423728814
16.8833333333
18.0166666667
18.4666666667
18.4
18.2833333333
17.4237288136
18.4333333333
17.9333333333
17.9333333333
18.45
18.0508474576
19.35
19.7833333333
19.3
18.0333333333
19.1186440678
18.4
18.4166666667
19.5166666667
20.2333333333
19.2203389831
17.65
19.75
17.5666666667
18.5
18.9830508475
19.2333333333
19.25
19.4333333333
19.55
18.4666666667
18.8983050847
18.95
19.7666666667
19.9666666667
18.5
19.0677966102
19.35
19.05
18.65
19.1333333333
18.9661016949
18.9
19.45
19.1
19.1833333333
18.186440678
18.3833333333
18.95
18.2833333333
18.2833333333
17.75
--END OF 1--
25.4833333333
26.5762711864
24.6166666667
26.0833333333
26.05
24.5333333333
26.2333333333
25.813559322
25.9333333333
25.9833333333
25.65
26.0666666667
26.5333333333
24.6101694915
26.8
26.6666666667
26.5333333333
28.15
27.4406779661
28.3333333333
27.7833333333
27.3333333333
27.6
26.8305084746
27.0666666667
26.5333333333
27.9
28.4333333333
28.5593220339
26.35
28.0333333333
24.2666666667
25.75
28.6271186441
28.5666666667
28.4666666667
28.7333333333
27.0333333333
26.3666666667
27.4745762712
27.5666666667
26.4666666667
29.2333333333
26.8333333333
25.6610169492
27.9
26.3
27.6
27.7
27.0338983051
26.8666666667
26.3166666667
26.3666666667
27.15
26.3898305085
26.5166666667
28.3333333333
27.8166666667
25.8333333333
26.25
--END OF 2--
27.0833333333
27.7796610169
25.3
27.0
26.5333333333
25.8666666667
27.8166666667
28.5762711864
27.0333333333
28.4166666667
26.6833333333
28.2
28.05
25.9322033898
27.85
27.8666666667
27.7333333333
31.2
28.0847457627
29.2666666667
28.3333333333
27.8333333333
28.1166666667
28.6949152542
28.7333333333
28.1
28.75
28.9166666667
29.8305084746
26.75
28.0333333333
25.3666666667
26.45
30.2542372881
30.9833333333
30.2166666667
29.8833333333
27.7
27.8166666667
29.0338983051
28.5666666667
27.6666666667
30.1166666667
27.1
26.0
29.15
27.3
27.95
28.2666666667
27.6440677966
27.8166666667
27.7166666667
27.8166666667
29.3833333333
26.9661016949
27.95
29.4
29.1666666667
26.7166666667
28.7166666667
--END OF 3--
16.6166666667
17.7627118644
17.15
18.1333333333
17.95
17.6333333333
19.0333333333
18.5423728814
16.8833333333
18.0166666667
18.4666666667
18.4
18.2833333333
17.4237288136
18.4166666667
17.9333333333
17.9333333333
18.45
18.0508474576
19.3
19.7333333333
19.3
18.0
19.0338983051
18.3
18.4166666667
19.4666666667
19.8833333333
19.1694915254
17.65
19.2833333333
17.5666666667
18.5
18.9830508475
19.1833333333
19.1833333333
19.3
19.4833333333
18.4666666667
18.8983050847
18.95
19.7166666667
19.7166666667
18.5
19.0677966102
19.25
19.05
18.65
19.1333333333
18.9152542373
18.8666666667
19.1833333333
19.1
18.9833333333
18.186440678
18.3166666667
18.7166666667
18.2833333333
18.2833333333
17.75
--END OF 4--
25.4833333333
26.5762711864
24.6166666667
26.0333333333
26.05
24.5333333333
26.2333333333
25.813559322
25.9333333333
25.9833333333
25.65
26.0666666667
26.5333333333
24.6101694915
26.7833333333
26.6666666667
26.5333333333
27.95
27.4406779661
28.3333333333
27.7833333333
27.3333333333
27.6
26.8305084746
27.0666666667
26.5333333333
27.75
28.4333333333
28.3728813559
26.35
27.8
24.2666666667
25.75
28.5762711864
28.4166666667
28.3666666667
28.5333333333
27.0333333333
26.3666666667
27.4576271186
27.5666666667
26.4666666667
28.9333333333
26.8333333333
25.6610169492
27.9
26.3
27.6
27.7
27.0338983051
26.8666666667
26.3166666667
26.3666666667
27.15
26.3898305085
26.4166666667
28.1
27.8166666667
25.8333333333
26.25
--END OF 5--
27.0833333333
27.7796610169
25.3
27.0
26.5333333333
25.8666666667
27.8166666667
28.5762711864
27.0333333333
28.4166666667
26.6833333333
28.2
28.05
25.9322033898
27.85
27.8666666667
27.7333333333
31.2
28.0847457627
29.2666666667
28.3333333333
27.8333333333
28.1166666667
28.6949152542
28.7333333333
28.1
28.75
28.9166666667
29.8305084746
26.75
28.0333333333
25.3666666667
26.45
30.2542372881
30.9833333333
30.2166666667
29.8833333333
27.7
27.8166666667
29.0338983051
28.5666666667
27.6666666667
30.1166666667
27.1
26.0
29.15
27.3
27.95
28.2666666667
27.6440677966
27.8166666667
27.7166666667
27.8166666667
29.3833333333
26.9661016949
27.95
29.4
29.1666666667
26.7166666667
28.7166666667
--END OF 6--
3253.0
3490.52542373
3347.7
3429.5
3338.35
3359.8
3537.05
3501.3559322
3313.45
3437.1
3451.1
3552.35
3439.85
3373.72881356
3573.05
3444.4
3495.75
3595.8
3581.84745763
3634.0
3563.6
3588.65
3465.55
3546.61016949
3626.65
3429.85
3545.1
3721.55
3631.52542373
3424.05
3695.55
3432.15
3584.1
3597.05084746
3641.9
3648.55
3623.75
3638.4
3563.7
3637.52542373
3600.7
3488.1
3744.6
3484.2
3539.44067797
3605.55
3518.4
3531.15
3577.3
3486.05084746
3562.65
3592.8
3509.45
3704.05
3535.16949153
3554.95
3609.4
3559.5
3448.35
3417.7
--END OF 7--
924.75
979.237288136
936.383333333
960.383333333
943.75
931.55
986.066666667
958.13559322
925.7
954.783333333
982.783333333
993.516666667
976.766666667
934.084745763
1000.96666667
972.283333333
981.35
1023.35
987.677966102
1014.73333333
1016.93333333
1000.86666667
957.466666667
988.711864407
995.1
962.966666667
1008.13333333
1040.61666667
1010.3559322
962.6
1032.7
934.05
987.85
1021.55932203
1023.86666667
1025.31666667
1029.13333333
1020.1
980.133333333
1013.86440678
991.033333333
985.183333333
1050.61666667
972.983333333
989.016949153
1026.7
992.05
988.75
1013.71666667
992.13559322
997.566666667
1002.78333333
996.1
1028.53333333
981.389830508
995.35
1020.56666667
1002.1
947.85
951.6
--END OF 8--
180.633333333
178.118644068
147.4
152.716666667
151.433333333
146.85
160.433333333
148.627118644
163.316666667
162.766666667
151.316666667
159.35
170.133333333
155.661016949
155.7
167.316666667
176.8
186.95
168.86440678
179.916666667
168.55
163.6
176.8
159.118644068
176.883333333
166.35
165.666666667
159.5
192.576271186
164.2
177.433333333
150.65
157.35
180.338983051
174.416666667
173.983333333
173.833333333
153.15
162.666666667
172.830508475
163.333333333
161.966666667
165.75
163.933333333
146.728813559
185.05
156.35
170.3
179.566666667
154.186440678
153.833333333
164.45
160.466666667
163.25
157.677966102
159.316666667
172.9
168.116666667
158.15
168.7
--END OF 9--
9.21666666667
6.91525423729
4.21666666667
7.26666666667
7.93333333333
8.01666666667
6.28333333333
12.2203389831
9.71666666667
9.86666666667
4.61666666667
9.53333333333
9.26666666667
7.91525423729
7.98333333333
9.33333333333
6.3
13.15
8.62711864407
8.16666666667
5.73333333333
6.4
8.01666666667
10.0169491525
5.75
9.01666666667
10.1333333333
7.36666666667
9.08474576271
2.95
4.5
5.9
6.65
11.3050847458
11.1833333333
11.65
12.2666666667
4.81666666667
7.65
8.71186440678
8.23333333333
4.15
10.1
7.26666666667
3.45762711864
5.1
6.0
7.7
5.36666666667
8.83050847458
8.03333333333
5.66666666667
6.85
6.31666666667
6.86440677966
7.68333333333
8.33333333333
9.58333333333
4.98333333333
12.45
--END OF 10--
2.06666666667
1.54237288136
1.25
1.01666666667
0.5
1.66666666667
2.61666666667
3.76271186441
1.51666666667
3.2
1.43333333333
2.85
2.3
2.50847457627
1.56666666667
2.0
1.2
4.85
0.847457627119
0.866666666667
0.533333333333
0.966666666667
0.233333333333
1.69491525424
2.26666666667
2.43333333333
1.11666666667
0.683333333333
1.22033898305
0.6
0.0
1.8
1.15
2.06779661017
3.68333333333
3.0
1.71666666667
0.916666666667
1.86666666667
1.69491525424
0.933333333333
1.86666666667
1.15
0.483333333333
0.0
1.5
1.0
0.45
0.516666666667
0.813559322034
1.2
2.0
1.73333333333
3.85
0.932203389831
1.93333333333
1.11666666667
1.56666666667
1.26666666667
2.96666666667
--END OF 11--
0.0
0.169491525424
0.0
0.0
0.5
0.0
0.0
1.45762711864
0.466666666667
1.03333333333
0.6
0.6
0.433333333333
0.0
0.0
0.2
0.2
0.5
0.338983050847
0.666666666667
0.5
0.0
0.0
0.508474576271
0.966666666667
0.45
0.0833333333333
0.0
0.542372881356
0.0
0.0
0.5
0.0
0.508474576271
0.0
0.0
0.0
0.0
0.0
0.745762711864
0.433333333333
0.0
0.0
0.0
0.0
1.5
0.5
0.45
0.05
0.338983050847
0.166666666667
0.5
0.5
0.5
0.0
0.2
0.0333333333333
0.466666666667
0.0333333333333
0.0
--END OF 12--
