19.9666666667
18.6833333333
18.6
18.7833333333
18.6333333333
18.6440677966
17.0
18.0333333333
18.9
18.15
17.6
17.3559322034
18.3
17.0166666667
17.3333333333
16.6333333333
17.4333333333
17.0
16.7333333333
15.9333333333
16.3666666667
15.7166666667
15.9333333333
16.0338983051
17.6166666667
16.15
16.2833333333
16.2333333333
16.3559322034
16.5
16.15
16.2833333333
15.3
15.6666666667
15.3898305085
15.1833333333
16.0333333333
15.3
15.2333333333
15.9166666667
15.7118644068
16.0666666667
14.4
14.1666666667
15.3
14.75
15.8644067797
15.3166666667
15.6
15.45
15.1
13.9833333333
13.813559322
15.0833333333
15.45
15.75
14.9333333333
14.6833333333
14.7457627119
19.7719298246
--END OF 1--
26.3166666667
23.4833333333
24.85
24.8833333333
25.0833333333
23.9830508475
23.2333333333
22.8166666667
25.65
24.4166666667
24.1
22.9661016949
23.4
23.6666666667
23.3833333333
21.7166666667
23.25
21.4576271186
22.2333333333
22.3333333333
21.7666666667
21.0166666667
21.4833333333
21.4576271186
22.9166666667
21.3833333333
22.0166666667
20.9833333333
23.2372881356
22.2833333333
21.95
22.05
19.9333333333
21.1
20.0847457627
19.3833333333
21.5833333333
20.3666666667
19.3333333333
21.6166666667
22.3389830508
20.7666666667
19.0
18.9833333333
20.0833333333
20.5333333333
21.7796610169
20.4
20.3833333333
21.05
20.9166666667
19.25
18.2711864407
20.1333333333
20.85
20.4
19.1833333333
20.0333333333
19.0508474576
25.4561403509
--END OF 2--
28.1666666667
24.6833333333
25.55
25.1333333333
26.2333333333
24.8305084746
23.5833333333
23.2833333333
25.65
25.5333333333
25.2333333333
23.4745762712
24.95
24.3166666667
23.9333333333
22.4166666667
23.9833333333
21.6610169492
22.4
23.3833333333
22.8166666667
21.4666666667
21.9333333333
24.0508474576
23.4666666667
22.1666666667
22.6
21.05
24.4406779661
23.15
23.3333333333
22.2333333333
20.5666666667
21.5
21.0508474576
20.9833333333
22.8333333333
20.8666666667
20.0833333333
22.4166666667
23.3050847458
21.5166666667
19.35
19.4166666667
20.7833333333
20.6166666667
22.9661016949
21.2833333333
20.5166666667
22.15
22.8833333333
20.4333333333
19.2203389831
21.0333333333
21.6
20.65
19.4333333333
20.9333333333
19.7457627119
26.0350877193
--END OF 3--
19.5166666667
18.6833333333
18.55
18.7833333333
18.6333333333
18.6440677966
17.0
18.0333333333
18.9
18.15
17.6
17.3559322034
18.3
17.0166666667
17.3333333333
16.6333333333
17.4333333333
17.0
16.7333333333
15.9333333333
16.3666666667
15.7166666667
15.9333333333
16.0338983051
17.6166666667
16.15
16.2833333333
16.2333333333
16.3559322034
16.5
16.15
16.2833333333
15.3
15.6666666667
15.3898305085
15.1833333333
16.0333333333
15.3
15.2333333333
15.9166666667
15.7118644068
16.0666666667
14.4
14.1666666667
15.3
14.75
15.8644067797
15.3166666667
15.6
15.45
15.1
13.9833333333
13.813559322
15.0833333333
15.45
15.75
14.9333333333
14.6833333333
14.7457627119
19.5087719298
--END OF 4--
26.3166666667
23.4833333333
24.85
24.8833333333
25.0833333333
23.9830508475
23.2333333333
22.8166666667
25.65
24.4166666667
24.1
22.9661016949
23.4
23.6666666667
23.3833333333
21.7166666667
23.25
21.4576271186
22.2333333333
22.3333333333
21.7666666667
21.0166666667
21.4833333333
21.4576271186
22.9166666667
21.3833333333
22.0166666667
20.9833333333
23.2372881356
22.2833333333
21.95
22.05
19.9333333333
21.1
20.0847457627
19.3833333333
21.5833333333
20.3666666667
19.3333333333
21.6166666667
22.3389830508
20.7666666667
19.0
18.9833333333
20.0833333333
20.5333333333
21.7796610169
20.4
20.3833333333
21.05
20.9166666667
19.25
18.2711864407
20.1333333333
20.85
20.4
19.1833333333
20.0333333333
19.0508474576
25.4561403509
--END OF 5--
28.1666666667
24.6833333333
25.55
25.1333333333
26.2333333333
24.8305084746
23.5833333333
23.2833333333
25.65
25.5333333333
25.2333333333
23.4745762712
24.95
24.3166666667
23.9333333333
22.4166666667
23.9833333333
21.6610169492
22.4
23.3833333333
22.8166666667
21.4666666667
21.9333333333
24.0508474576
23.4666666667
22.1666666667
22.6
21.05
24.4406779661
23.15
23.3333333333
22.2333333333
20.5666666667
21.5
21.0508474576
20.9833333333
22.8333333333
20.8666666667
20.0833333333
22.4166666667
23.3050847458
21.5166666667
19.35
19.4166666667
20.7833333333
20.6166666667
22.9661016949
21.2833333333
20.5166666667
22.15
22.8833333333
20.4333333333
19.2203389831
21.0333333333
21.6
20.65
19.4333333333
20.9333333333
19.7457627119
26.0350877193
--END OF 6--
3745.2
3455.1
3498.3
3477.3
3393.6
3403.01694915
3271.0
3461.95
3575.1
3381.0
3325.3
3215.89830508
3336.1
3243.55
3238.15
3098.7
3176.7
3142.42372881
3073.0
3032.4
2992.95
3009.9
3063.0
3092.69491525
3287.55
3046.8
3093.65
3167.55
3149.79661017
3098.7
2979.7
3054.2
2881.9
2920.0
2906.08474576
2855.7
2952.0
2847.6
2795.85
2926.05
2979.91525424
2859.1
2677.95
2753.3
2872.55
2825.05
2965.42372881
2952.1
2938.1
2901.25
2787.55
2715.25
2725.06779661
2908.5
2937.6
2882.55
2846.4
2790.0
2734.98305085
3601.26315789
--END OF 7--
1040.2
942.75
971.3
965.15
966.5
958.457627119
889.366666667
940.75
978.816666667
932.316666667
921.033333333
902.949152542
933.066666667
895.366666667
903.55
860.266666667
891.633333333
863.016949153
865.716666667
840.2
845.9
839.85
855.4
861.813559322
910.283333333
859.233333333
863.3
861.583333333
870.745762712
858.216666667
852.8
845.666666667
793.05
816.5
815.762711864
795.35
831.65
806.433333333
789.85
822.2
826.491525424
802.916666667
745.833333333
773.6
808.416666667
782.983333333
829.898305085
816.116666667
807.65
804.966666667
788.883333333
754.15
744.271186441
819.05
816.05
810.65
787.5
773.85
763.084745763
1011.36842105
--END OF 8--
137.8
122.0
128.15
136.8
151.1
139.152542373
137.533333333
115.116666667
152.066666667
143.166666667
147.616666667
116.86440678
118.616666667
128.15
128.6
117.2
124.633333333
109.101694915
122.516666667
130.55
126.0
124.6
122.35
118.186440678
135.85
128.8
120.133333333
107.35
135.491525424
115.233333333
116.666666667
125.05
113.966666667
113.983333333
110.06779661
107.4
137.1
117.483333333
97.45
134.883333333
130.169491525
107.35
111.716666667
111.45
118.383333333
120.283333333
130.576271186
122.066666667
114.65
123.616666667
117.633333333
96.7
96.1186440678
105.55
104.7
109.35
103.85
112.1
103.847457627
138.631578947
--END OF 9--
6.6
4.15
6.4
3.05
5.5
3.49152542373
2.6
4.4
3.26666666667
7.38333333333
6.76666666667
3.81355932203
5.7
8.96666666667
3.31666666667
5.61666666667
8.1
2.49152542373
2.93333333333
7.15
3.5
2.6
5.8
7.03389830508
2.9
2.35
4.11666666667
2.48333333333
6.18644067797
3.65
5.33333333333
4.56666666667
2.61666666667
4.53333333333
4.16949152542
3.7
5.0
3.1
3.2
3.28333333333
8.66101694915
5.75
4.13333333333
2.96666666667
3.71666666667
3.4
6.72881355932
3.18333333333
2.63333333333
5.95
8.63333333333
7.7
3.13559322034
3.7
5.6
3.55
1.55
4.45
3.10169491525
2.94736842105
--END OF 10--
3.2
1.95
1.15
0.35
1.7
1.30508474576
0.666666666667
0.5
0.0
1.36666666667
1.63333333333
0.64406779661
1.86666666667
1.21666666667
0.683333333333
0.933333333333
1.06666666667
0.0
0.216666666667
1.65
1.4
0.2
1.15
3.77966101695
0.233333333333
1.5
0.383333333333
0.05
1.72881355932
1.13333333333
2.13333333333
0.0
0.783333333333
0.65
1.45762711864
2.25
0.95
0.633333333333
1.45
0.85
1.50847457627
0.9
0.616666666667
0.216666666667
0.783333333333
0.0666666666667
1.79661016949
0.916666666667
0.0833333333333
1.58333333333
2.3
1.98333333333
1.61016949153
1.3
1.35
0.0
0.1
1.55
0.440677966102
0.210526315789
--END OF 11--
0.8
0.5
0.0
0.0
0.0
0.508474576271
0.0
0.0
0.0
0.866666666667
0.133333333333
0.0169491525424
0.483333333333
0.0
0.5
0.0
0.5
0.0
0.0
0.5
0.0
0.2
0.4
1.15254237288
0.0
0.0
0.0
0.0333333333333
0.949152542373
0.6
0.433333333333
0.0
0.316666666667
0.183333333333
0.508474576271
1.0
0.0
0.0
0.0
0.4
0.0
0.5
0.0
0.0
0.0
0.0666666666667
0.101694915254
0.5
0.0
0.683333333333
1.15
0.633333333333
0.508474576271
0.0
0.0
0.0
0.0
0.0
0.0847457627119
0.210526315789
--END OF 12--
