27.8833333333
29.8
29.2833333333
28.4166666667
28.4833333333
28.4406779661
30.7666666667
30.15
32.4666666667
32.9
32.4833333333
32.6166666667
32.0
31.1
31.3166666667
30.5333333333
29.7
28.9152542373
29.1166666667
28.9666666667
30.0833333333
27.6666666667
27.4666666667
29.3728813559
27.6
27.05
27.3
27.3166666667
26.95
26.9661016949
26.5666666667
27.2
27.1166666667
26.8333333333
27.4666666667
26.4915254237
28.6333333333
26.6166666667
26.7666666667
25.5166666667
26.6
25.7
26.2372881356
26.5333333333
26.4333333333
26.15
26.85
24.2166666667
26.25
25.7796610169
25.3333333333
25.75
27.1333333333
27.1
24.9833333333
27.6101694915
26.7166666667
27.45
26.8833333333
27.350877193
--END OF 1--
39.3666666667
41.4
41.0333333333
39.4166666667
39.0
39.8474576271
45.6666666667
45.2
48.8333333333
50.5333333333
48.3333333333
48.8833333333
48.1525423729
46.3666666667
46.0333333333
45.3333333333
42.3
43.0847457627
41.5166666667
41.8833333333
43.15
39.5166666667
41.1666666667
42.7457627119
39.75
39.2166666667
40.0333333333
41.05
38.5
39.5423728814
38.1166666667
36.5666666667
38.9666666667
39.6833333333
38.4333333333
36.186440678
40.1166666667
36.9333333333
39.5666666667
35.3166666667
39.1166666667
36.45
36.7627118644
37.9
37.8333333333
37.8166666667
36.55
33.3833333333
36.5333333333
37.6610169492
36.65
35.6833333333
37.2333333333
37.4833333333
35.6666666667
39.3728813559
37.3
38.1666666667
38.3666666667
39.0701754386
--END OF 2--
41.0833333333
42.35
42.7666666667
41.0666666667
40.8166666667
41.7796610169
48.2
50.75
53.5333333333
57.9833333333
54.45
54.6666666667
54.3898305085
50.65
50.05
49.5166666667
45.6666666667
45.3220338983
45.65
46.55
45.35
40.9166666667
43.55
46.4745762712
44.0
42.2666666667
41.4
43.6166666667
40.5666666667
42.6440677966
42.1333333333
38.3666666667
41.2333333333
42.8666666667
40.9333333333
39.4915254237
42.3
37.95
42.0833333333
36.8
41.7
38.5
39.4745762712
39.4833333333
42.0833333333
39.4833333333
38.6333333333
35.25
39.0166666667
39.2372881356
39.4166666667
37.7666666667
38.8333333333
38.9
37.75
40.6101694915
38.85
40.4333333333
40.95
40.7192982456
--END OF 3--
24.2833333333
25.6
25.1166666667
24.4666666667
24.5166666667
24.4406779661
25.9166666667
25.6833333333
26.95
27.1
26.5666666667
26.4833333333
26.593220339
26.3
26.45
26.0
25.45
25.0847457627
25.1333333333
25.05
25.7333333333
24.0833333333
23.85
25.3728813559
24.0
23.8666666667
23.9166666667
23.8333333333
23.65
23.6610169492
23.5833333333
23.65
23.6333333333
23.45
23.9333333333
23.3220338983
24.9
23.6333333333
23.6
23.0166666667
23.4666666667
22.8333333333
23.3728813559
23.55
23.4333333333
23.2333333333
23.7
22.2333333333
23.3166666667
22.9830508475
22.7333333333
22.9833333333
23.35
23.5166666667
22.3833333333
23.8983050847
23.5166666667
23.85
23.5333333333
24.1754385965
--END OF 4--
35.3166666667
36.4333333333
36.1333333333
35.0833333333
34.8833333333
35.7966101695
38.85
38.8166666667
40.6
41.5
39.9833333333
40.2
40.0847457627
39.45
39.3666666667
38.9166666667
37.1666666667
37.6101694915
36.7166666667
37.0166666667
37.7333333333
35.4333333333
36.4
37.5084745763
35.6
35.4166666667
35.7833333333
36.4166666667
34.8833333333
35.5423728814
34.6666666667
33.5666666667
35.0666666667
35.45
34.8833333333
33.4237288136
35.8166666667
33.9166666667
35.5166666667
32.95
35.2333333333
33.45
33.7627118644
34.6666666667
34.5333333333
34.4666666667
33.8
31.9166666667
33.7333333333
34.3559322034
33.6833333333
33.0666666667
33.9833333333
34.1666666667
33.0333333333
35.2542372881
34.0833333333
34.85
34.7
35.2631578947
--END OF 5--
41.0833333333
42.3
42.7333333333
41.0666666667
40.8166666667
41.7796610169
46.6166666667
48.3833333333
50.05
52.7
50.2833333333
50.4333333333
50.4745762712
48.4833333333
47.8833333333
47.55
44.7666666667
44.813559322
44.95
45.5
44.85
40.9166666667
43.4
45.5423728814
43.8
42.15
41.4
43.3166666667
40.5666666667
42.593220339
42.0
38.3666666667
41.2333333333
42.65
40.9333333333
39.4915254237
42.0833333333
37.95
42.0833333333
36.8
41.7
38.5
39.4745762712
39.4833333333
42.0833333333
39.4833333333
38.6333333333
35.25
39.0166666667
39.2372881356
39.4166666667
37.7666666667
38.8333333333
38.9
37.75
40.6101694915
38.85
40.4333333333
40.95
40.7192982456
--END OF 6--
5169.5
5365.9
5400.1
5309.3
5245.7
5247.50847458
5694.9
5551.9
5880.7
6075.1
6027.1
6113.25
5919.61016949
5684.8
5736.75
5702.55
5411.95
5324.03389831
5400.4
5192.55
5578.25
5178.8
5039.8
5266.98305085
5136.3
5087.6
5112.9
5009.3
5012.9
5028.55932203
4892.7
4952.4
5073.8
4916.25
4943.1
4822.3220339
5230.35
4964.35
4961.4
4564.65
4834.95
4739.8
4782.0
4853.65
4834.8
4781.85
4908.95
4440.5
4777.05
4838.74576271
4648.8
4806.85
5024.25
4909.2
4644.2
5096.33898305
4888.6
5069.35
4971.65
5149.52631579
--END OF 7--
1434.26666667
1502.26666667
1516.73333333
1480.8
1469.41666667
1459.69491525
1596.6
1561.18333333
1653.85
1717.06666667
1702.86666667
1723.83333333
1672.20338983
1617.51666667
1595.95
1587.96666667
1518.0
1491.84745763
1516.96666667
1472.23333333
1543.55
1438.61666667
1419.41666667
1494.55932203
1425.1
1421.2
1412.13333333
1423.81666667
1391.55
1421.74576271
1375.61666667
1384.75
1427.43333333
1393.25
1383.75
1357.79661017
1468.71666667
1367.53333333
1389.2
1290.38333333
1376.13333333
1323.9
1349.20338983
1374.86666667
1358.7
1340.48333333
1373.33333333
1260.38333333
1345.86666667
1356.79661017
1323.0
1342.4
1417.25
1397.3
1310.88333333
1422.98305085
1368.31666667
1416.48333333
1398.43333333
1423.52631579
--END OF 8--
241.25
227.0
234.966666667
234.7
231.466666667
237.508474576
282.166666667
278.133333333
315.583333333
342.966666667
313.85
310.133333333
311.338983051
278.666666667
273.033333333
270.433333333
252.8
256.813559322
268.683333333
252.433333333
258.583333333
229.15
265.783333333
269.983050847
238.25
234.3
239.6
248.3
221.2
236.915254237
235.5
216.45
231.883333333
244.333333333
232.466666667
206.542372881
234.933333333
213.766666667
254.2
224.083333333
245.233333333
222.533333333
216.915254237
205.733333333
241.9
220.233333333
210.566666667
192.583333333
223.183333333
226.084745763
212.033333333
210.183333333
214.216666667
212.783333333
203.316666667
228.288135593
209.116666667
226.7
218.25
231.438596491
--END OF 9--
8.2
11.15
12.35
8.95
9.21666666667
11.1016949153
18.85
26.6166666667
28.3333333333
30.45
27.0333333333
24.5666666667
27.5254237288
24.9666666667
25.8166666667
21.7333333333
16.0166666667
18.8474576271
13.3333333333
18.05
15.0
12.6166666667
18.6333333333
22.2203389831
19.7
13.5333333333
13.6166666667
18.1
13.75
14.7288135593
18.4
8.3
13.8833333333
19.7166666667
14.6833333333
15.186440678
13.5
6.01666666667
15.25
9.35
14.1166666667
10.4333333333
12.5254237288
13.2833333333
17.9
17.2
10.2166666667
8.68333333333
10.8166666667
11.2372881356
15.6666666667
9.31666666667
10.25
9.51666666667
11.75
13.1694915254
12.6
12.75
16.3666666667
12.4736842105
--END OF 10--
2.08333333333
0.7
2.25
1.85
2.06666666667
2.8813559322
2.8
8.53333333333
7.53333333333
8.8
7.93333333333
7.91666666667
8.33898305085
4.75
6.8
5.63333333333
4.93333333333
3.28813559322
5.46666666667
6.75
2.61666666667
2.35
3.81666666667
5.1186440678
5.35
4.31666666667
2.25
3.9
2.63333333333
3.4406779661
4.73333333333
2.4
3.38333333333
4.56666666667
3.43333333333
4.62711864407
2.71666666667
1.18333333333
3.28333333333
1.36666666667
3.71666666667
3.36666666667
3.27118644068
1.73333333333
5.05
2.13333333333
1.88333333333
2.75
3.96666666667
2.01694915254
4.93333333333
2.35
1.41666666667
1.58333333333
2.51666666667
2.20338983051
2.58333333333
3.06666666667
3.65
1.63157894737
--END OF 11--
0.65
0.0
0.25
0.5
1.16666666667
0.525423728814
0.516666666667
1.4
0.416666666667
2.28333333333
2.45
1.98333333333
1.47457627119
0.516666666667
1.01666666667
0.866666666667
1.53333333333
1.64406779661
1.65
1.53333333333
0.516666666667
0.983333333333
0.6
0.338983050847
1.55
1.18333333333
0.0
0.783333333333
0.5
2.0
0.816666666667
0.5
0.0
0.45
0.616666666667
0.186440677966
0.716666666667
1.0
0.15
0.0833333333333
1.0
0.566666666667
1.25423728814
0.933333333333
2.3
0.433333333333
0.366666666667
0.0
0.0
0.237288135593
0.433333333333
0.983333333333
0.916666666667
0.516666666667
1.25
0.0
0.5
0.4
1.25
0.859649122807
--END OF 12--
