13.4166666667
12.6333333333
12.8
12.5166666667
12.7627118644
13.2166666667
13.1
13.5
13.6333333333
12.7666666667
14.05
13.3898305085
12.9833333333
13.3833333333
13.5333333333
12.8833333333
12.4
13.2372881356
12.95
13.2833333333
13.5333333333
12.2166666667
13.05
13.0338983051
13.9166666667
13.2666666667
13.3166666667
13.25
13.7966101695
14.0833333333
13.25
12.3833333333
13.2833333333
14.0
13.2203389831
13.6333333333
13.1166666667
13.2
12.8833333333
14.3
14.813559322
14.4333333333
13.0833333333
13.7
13.15
12.6779661017
13.55
12.2166666667
12.8333333333
12.7333333333
14.1333333333
13.7627118644
13.7666666667
13.8833333333
14.5833333333
14.3833333333
13.9833333333
13.8305084746
13.3333333333
14.2678571429
--END OF 1--
18.15
18.7333333333
17.4666666667
16.7
17.9152542373
17.75
17.7833333333
18.3166666667
18.3833333333
18.2
18.7666666667
17.7457627119
18.7333333333
19.1833333333
17.3833333333
17.3833333333
17.25
19.0
17.3333333333
17.7166666667
18.2
17.4
17.8833333333
18.4576271186
18.4666666667
17.75
16.9666666667
18.05
17.4406779661
18.6833333333
18.0166666667
17.5333333333
17.6333333333
18.45
18.4406779661
18.15
16.7166666667
17.65
18.3833333333
19.35
19.4745762712
19.9833333333
17.5333333333
18.2
18.7166666667
17.3559322034
16.65
16.0166666667
18.1833333333
17.8333333333
18.9333333333
18.813559322
18.6166666667
19.2666666667
19.2833333333
18.8166666667
19.0
17.9661016949
18.7166666667
18.1964285714
--END OF 2--
20.0
19.7833333333
18.1
17.4333333333
18.1355932203
18.4
18.2666666667
18.3166666667
19.55
18.9333333333
19.4833333333
18.5423728814
19.1333333333
19.1833333333
18.5833333333
17.8833333333
17.95
20.2203389831
18.4333333333
17.8333333333
18.35
17.8
17.9333333333
18.813559322
18.85
18.0166666667
17.25
18.6166666667
17.8813559322
19.3333333333
18.65
18.0333333333
18.1833333333
19.55
19.0338983051
19.0833333333
16.95
19.2
18.8666666667
20.85
20.3559322034
20.7166666667
18.65
19.5166666667
18.9833333333
17.9322033898
16.85
16.7166666667
19.2333333333
18.4833333333
19.5833333333
19.6949152542
19.15
19.4166666667
19.8166666667
19.1166666667
19.6666666667
18.6271186441
19.0833333333
18.5535714286
--END OF 3--
13.4166666667
12.6333333333
12.8
12.5166666667
12.7627118644
13.2166666667
13.1
13.5
13.6333333333
12.7666666667
14.05
13.3898305085
12.9833333333
13.3833333333
13.5333333333
12.8833333333
12.4
13.2372881356
12.95
13.2833333333
13.5333333333
12.2166666667
13.05
13.0338983051
13.9166666667
13.2666666667
13.3166666667
13.25
13.7966101695
14.0833333333
13.25
12.3833333333
13.2833333333
14.0
13.2203389831
13.6333333333
13.1166666667
13.2
12.8833333333
14.3
14.813559322
14.4333333333
13.0833333333
13.7
13.15
12.6779661017
13.55
12.2166666667
12.8333333333
12.7333333333
14.1333333333
13.7627118644
13.7666666667
13.8833333333
14.5833333333
14.3833333333
13.9833333333
13.8305084746
13.3333333333
14.2678571429
--END OF 4--
18.15
18.7333333333
17.4666666667
16.7
17.9152542373
17.75
17.7833333333
18.3166666667
18.3833333333
18.2
18.7666666667
17.7457627119
18.7333333333
19.1833333333
17.3833333333
17.3833333333
17.25
19.0
17.3333333333
17.7166666667
18.2
17.4
17.8833333333
18.4576271186
18.4666666667
17.75
16.9666666667
18.05
17.4406779661
18.6833333333
18.0166666667
17.5333333333
17.6333333333
18.45
18.4406779661
18.15
16.7166666667
17.65
18.3833333333
19.35
19.4745762712
19.9833333333
17.5333333333
18.2
18.7166666667
17.3559322034
16.65
16.0166666667
18.1833333333
17.8333333333
18.9333333333
18.813559322
18.6166666667
19.2666666667
19.2833333333
18.8166666667
19.0
17.9661016949
18.7166666667
18.1964285714
--END OF 5--
20.0
19.7833333333
18.1
17.4333333333
18.1355932203
18.4
18.2666666667
18.3166666667
19.55
18.9333333333
19.4833333333
18.5423728814
19.1333333333
19.1833333333
18.5833333333
17.8833333333
17.95
20.2203389831
18.4333333333
17.8333333333
18.35
17.8
17.9333333333
18.813559322
18.85
18.0166666667
17.25
18.6166666667
17.8813559322
19.3333333333
18.65
18.0333333333
18.1833333333
19.55
19.0338983051
19.0833333333
16.95
19.2
18.8666666667
20.85
20.3559322034
20.7166666667
18.65
19.5166666667
18.9833333333
17.9322033898
16.85
16.7166666667
19.2333333333
18.4833333333
19.5833333333
19.6949152542
19.15
19.4166666667
19.8166666667
19.1166666667
19.6666666667
18.6271186441
19.0833333333
18.5535714286
--END OF 6--
2514.5
2391.6
2423.5
2402.85
2453.54237288
2511.15
2541.4
2603.2
2516.35
2452.55
2607.9
2600.33898305
2607.9
2581.35
2426.1
2491.5
2463.75
2547.76271186
2424.7
2461.7
2539.05
2472.75
2465.8
2572.72881356
2603.8
2482.95
2383.7
2459.8
2533.22033898
2625.75
2566.45
2498.4
2657.7
2632.5
2562.10169492
2622.3
2542.55
2488.55
2539.4
2628.65
2777.54237288
2659.7
2478.9
2609.0
2565.8
2586.40677966
2457.0
2423.85
2597.7
2637.6
2692.2
2712.61016949
2580.3
2538.95
2690.2
2748.5
2631.4
2568.91525424
2617.65
2545.76785714
--END OF 7--
705.933333333
672.25
688.1
665.45
669.627118644
691.683333333
700.566666667
730.85
707.283333333
697.95
724.3
701.338983051
710.95
725.8
681.6
678.0
673.55
713.983050847
689.266666667
688.733333333
695.75
670.266666667
697.516666667
695.881355932
707.633333333
683.95
674.433333333
700.566666667
710.186440678
732.95
729.066666667
697.15
740.95
727.2
718.288135593
712.316666667
686.783333333
700.25
707.133333333
744.9
762.118644068
754.75
685.566666667
714.666666667
717.733333333
711.220338983
689.1
683.35
719.2
723.35
761.65
742.525423729
726.916666667
727.55
752.75
746.833333333
724.15
708.152542373
725.016666667
723.232142857
--END OF 8--
104.916666667
120.2
102.066666667
72.7166666667
101.0
93.3
84.2333333333
106.016666667
108.533333333
106.766666667
108.816666667
88.3389830508
108.633333333
109.75
97.1
101.45
91.75
124.86440678
93.1666666667
87.1
106.866666667
106.616666667
94.75
113.711864407
110.366666667
97.6666666667
90.5333333333
102.916666667
92.6779661017
110.5
95.8666666667
106.8
97.3
92.95
100.271186441
108.716666667
91.7333333333
104.416666667
115.133333333
111.916666667
103.694915254
110.366666667
96.3166666667
110.55
116.45
92.9322033898
84.7
81.65
102.8
98.95
118.1
106.661016949
101.533333333
99.5833333333
99.3333333333
90.2333333333
111.716666667
100.101694915
110.433333333
94.9464285714
--END OF 9--
5.05
7.03333333333
3.16666666667
7.26666666667
6.25423728814
4.38333333333
5.46666666667
1.1
4.08333333333
4.68333333333
4.7
5.79661016949
4.8
2.5
4.2
3.55
4.4
3.76271186441
5.75
4.85
5.1
3.31666666667
3.06666666667
5.1186440678
3.66666666667
7.4
2.48333333333
4.36666666667
2.47457627119
6.8
4.83333333333
6.15
3.45
5.3
3.76271186441
3.2
1.13333333333
4.86666666667
4.5
5.63333333333
5.06779661017
5.8
4.18333333333
4.06666666667
3.46666666667
5.86440677966
1.3
2.6
5.5
5.15
4.0
5.32203389831
5.63333333333
5.68333333333
3.51666666667
4.36666666667
5.9
4.81355932203
2.93333333333
3.0
--END OF 10--
2.68333333333
1.31666666667
1.06666666667
0.85
0.118644067797
1.2
0.783333333333
0.0
1.21666666667
1.11666666667
1.16666666667
0.64406779661
0.433333333333
0.0
1.8
0.7
1.25
1.96610169492
1.9
0.116666666667
0.0
0.5
0.0833333333333
0.0847457627119
0.416666666667
0.4
0.183333333333
1.0
0.254237288136
0.7
0.816666666667
0.7
0.55
0.95
1.13559322034
1.4
0.483333333333
2.58333333333
0.416666666667
2.78333333333
1.5593220339
0.816666666667
1.86666666667
2.18333333333
0.616666666667
1.22033898305
0.35
0.8
1.2
1.25
1.1
0.64406779661
0.166666666667
0.0
1.01666666667
0.9
1.08333333333
0.593220338983
0.4
0.464285714286
--END OF 11--
0.5
0.0
0.383333333333
0.116666666667
0.0
0.0
0.0
0.0
1.0
0.5
0.666666666667
0.338983050847
0.233333333333
0.0
0.0
0.0
0.5
0.508474576271
0.0
0.0
0.0
0.0
0.0
0.0
0.0
0.0
0.0
0.0
0.254237288136
0.25
0.0
0.0
0.0
0.0
0.0
0.5
0.0
0.5
0.0
0.433333333333
0.0677966101695
0.0
0.0
0.0
0.0
0.0
0.0
0.0
0.35
0.15
0.2
0.305084745763
0.0
0.0
0.0
0.0
0.0
0.0
0.316666666667
0.375
--END OF 12--
