13.3333333333
11.65
12.3898305085
12.8833333333
13.6666666667
12.6166666667
14.1
12.85
12.8305084746
12.0333333333
12.4666666667
12.95
12.0166666667
12.4666666667
13.8644067797
13.15
13.3
12.05
11.75
12.1016949153
13.7
12.5333333333
12.75
12.7166666667
13.0508474576
12.9833333333
12.45
13.6833333333
13.3833333333
12.6440677966
13.0166666667
13.3833333333
12.5666666667
12.65
13.1833333333
13.1694915254
12.65
12.7666666667
12.1
13.2833333333
12.4237288136
12.8166666667
12.9833333333
13.3
12.6833333333
12.7118644068
12.2333333333
11.7666666667
12.45
12.6
13.3050847458
12.7833333333
12.3333333333
11.7833333333
13.3166666667
12.3220338983
12.1833333333
13.8666666667
14.3
12.1578947368
--END OF 1--
18.8333333333
16.75
17.406779661
18.4
19.4166666667
17.8333333333
19.1166666667
18.5
18.6101694915
16.4833333333
16.85
17.0166666667
16.8833333333
18.4333333333
18.4406779661
18.1
17.95
17.8833333333
17.2
17.186440678
19.45
17.4333333333
18.4833333333
18.5833333333
17.9491525424
17.3
18.4333333333
20.1833333333
18.15
18.6440677966
17.9666666667
19.7833333333
17.95
17.35
18.5333333333
18.1186440678
17.55
18.2333333333
17.05
19.65
17.2542372881
16.95
18.1166666667
18.1333333333
17.45
17.2372881356
16.5833333333
16.3666666667
17.45
17.45
17.9830508475
17.1666666667
17.0833333333
17.0
19.1666666667
17.5762711864
16.4666666667
19.6833333333
19.1666666667
17.8947368421
--END OF 2--
20.9833333333
18.0
17.406779661
19.3
19.6166666667
18.0333333333
20.0166666667
18.9333333333
20.186440678
17.35
17.0833333333
17.4333333333
17.1833333333
19.2166666667
18.7966101695
18.25
18.2
18.7166666667
17.6
17.9491525424
20.0166666667
18.5666666667
18.6833333333
19.0333333333
18.0338983051
18.3666666667
18.7833333333
20.6333333333
18.3166666667
19.6440677966
19.0166666667
21.3333333333
18.5166666667
18.95
19.6333333333
18.7288135593
18.2
19.1333333333
17.5333333333
19.9666666667
17.5254237288
18.0
18.8666666667
18.5666666667
18.0666666667
18.0
18.4333333333
17.2166666667
18.15
17.85
18.0338983051
17.8
17.7333333333
17.9
20.0833333333
18.813559322
16.9666666667
19.8333333333
19.8333333333
18.4736842105
--END OF 3--
13.3333333333
11.65
12.3898305085
12.8833333333
13.6666666667
12.6166666667
14.1
12.85
12.8305084746
12.0333333333
12.4666666667
12.95
12.0166666667
12.4666666667
13.8644067797
13.15
13.3
12.05
11.75
12.1016949153
13.7
12.5333333333
12.75
12.7166666667
13.0508474576
12.9833333333
12.45
13.6833333333
13.3833333333
12.6440677966
13.0166666667
13.3833333333
12.5666666667
12.65
13.1833333333
13.1694915254
12.65
12.7666666667
12.1
13.2833333333
12.4237288136
12.8166666667
12.9833333333
13.3
12.6833333333
12.7118644068
12.2333333333
11.7666666667
12.45
12.6
13.3050847458
12.7833333333
12.3333333333
11.7833333333
13.3166666667
12.3220338983
12.1833333333
13.8666666667
14.3
12.1578947368
--END OF 4--
18.8333333333
16.75
17.406779661
18.4
19.4166666667
17.8333333333
19.1166666667
18.5
18.6101694915
16.4833333333
16.85
17.0166666667
16.8833333333
18.4333333333
18.4406779661
18.1
17.95
17.8833333333
17.2
17.186440678
19.45
17.4333333333
18.4833333333
18.5833333333
17.9491525424
17.3
18.4333333333
20.1833333333
18.15
18.6440677966
17.9666666667
19.7833333333
17.95
17.35
18.5333333333
18.1186440678
17.55
18.2333333333
17.05
19.65
17.2542372881
16.95
18.1166666667
18.1333333333
17.45
17.2372881356
16.5833333333
16.3666666667
17.45
17.45
17.9830508475
17.1666666667
17.0833333333
17.0
19.1666666667
17.5762711864
16.4666666667
19.6833333333
19.1666666667
17.8947368421
--END OF 5--
20.9833333333
18.0
17.406779661
19.3
19.6166666667
18.0333333333
20.0166666667
18.9333333333
20.186440678
17.35
17.0833333333
17.4333333333
17.1833333333
19.2166666667
18.7966101695
18.25
18.2
18.7166666667
17.6
17.9491525424
20.0166666667
18.5666666667
18.6833333333
19.0333333333
18.0338983051
18.3666666667
18.7833333333
20.6333333333
18.3166666667
19.6440677966
19.0166666667
21.3333333333
18.5166666667
18.95
19.6333333333
18.7288135593
18.2
19.1333333333
17.5333333333
19.9666666667
17.5254237288
18.0
18.8666666667
18.5666666667
18.0666666667
18.0
18.4333333333
17.2166666667
18.15
17.85
18.0338983051
17.8
17.7333333333
17.9
20.0833333333
18.813559322
16.9666666667
19.8333333333
19.8333333333
18.4736842105
--END OF 6--
2474.55
2365.2
2414.03389831
2560.95
2535.6
2435.55
2610.45
2520.9
2515.72881356
2227.2
2332.5
2412.5
2348.55
2430.9
2578.06779661
2412.6
2533.95
2542.1
2238.45
2315.6440678
2492.25
2385.8
2416.55
2443.4
2518.52542373
2425.4
2388.05
2575.25
2479.5
2513.33898305
2439.9
2521.95
2452.5
2428.8
2483.7
2492.28813559
2471.0
2443.2
2393.75
2494.15
2378.74576271
2391.25
2453.95
2503.7
2376.2
2405.84745763
2390.85
2224.5
2336.85
2389.65
2502.15254237
2422.85
2431.65
2408.95
2540.45
2360.08474576
2300.65
2632.8
2613.1
2331.0
--END OF 7--
694.6
655.95
687.830508475
698.116666667
722.716666667
685.083333333
730.583333333
696.566666667
695.542372881
624.916666667
658.45
684.283333333
653.65
689.483333333
717.593220339
685.05
700.15
694.916666667
640.65
642.983050847
721.8
680.45
684.716666667
686.566666667
700.830508475
677.9
669.366666667
729.366666667
702.65
687.186440678
697.3
715.8
693.1
674.35
686.05
699.576271186
694.2
681.9
670.583333333
709.55
669.610169492
669.083333333
682.783333333
693.9
665.55
672.559322034
680.55
638.7
669.95
674.6
702.389830508
678.433333333
664.216666667
667.333333333
719.666666667
670.033898305
648.016666667
744.666666667
738.35
647.684210526
--END OF 8--
119.1
109.6
111.915254237
108.933333333
108.966666667
108.666666667
118.05
107.783333333
110.796610169
89.2
91.35
95.6
101.216666667
114.866666667
104.101694915
109.45
108.1
104.7
99.15
103.983050847
124.666666667
107.5
107.366666667
107.816666667
105.271186441
92.6166666667
114.766666667
138.983333333
98.9833333333
111.966101695
103.65
121.9
109.633333333
103.6
112.45
104.016949153
95.4333333333
109.9
108.983333333
130.116666667
104.762711864
87.4166666667
111.4
115.766666667
107.416666667
99.8474576271
110.6
94.2
96.75
107.35
101.016949153
86.75
103.95
110.733333333
122.2
109.406779661
92.5833333333
110.983333333
111.0
115.631578947
--END OF 9--
6.4
6.05
2.67796610169
6.51666666667
5.4
4.2
6.43333333333
5.81666666667
6.94915254237
7.7
4.11666666667
3.23333333333
4.26666666667
4.18333333333
3.18644067797
3.55
2.05
5.66666666667
6.55
4.74576271186
3.61666666667
4.2
5.65
6.23333333333
1.91525423729
5.55
4.31666666667
6.58333333333
6.03333333333
6.74576271186
6.0
10.0
2.83333333333
4.55
3.95
4.13559322034
5.1
6.0
4.73333333333
5.21666666667
2.23728813559
5.01666666667
4.91666666667
3.45
5.83333333333
4.66101694915
4.1
4.7
6.05
1.75
2.1186440678
2.91666666667
2.6
4.48333333333
6.51666666667
5.37288135593
4.9
6.31666666667
5.45
5.89473684211
--END OF 10--
3.4
1.8
0.0338983050847
1.46666666667
0.433333333333
0.566666666667
1.03333333333
0.666666666667
2.03389830508
1.03333333333
0.466666666667
0.416666666667
0.0833333333333
1.2
0.508474576271
0.4
0.1
1.13333333333
0.4
0.813559322034
0.233333333333
1.3
0.466666666667
0.466666666667
0.0677966101695
0.933333333333
0.5
0.5
0.333333333333
1.49152542373
1.7
2.0
0.983333333333
2.55
1.45
0.559322033898
1.0
1.48333333333
0.55
0.466666666667
0.372881355932
1.55
1.05
0.55
0.766666666667
1.45762711864
2.65
0.15
0.45
0.5
0.0
1.2
0.933333333333
0.866666666667
0.983333333333
1.96610169492
0.783333333333
0.0
0.666666666667
1.15789473684
--END OF 11--
0.7
0.3
0.0
0.0
0.0
0.0
0.466666666667
0.0
1.01694915254
0.0
0.0
0.0
0.0
0.2
0.0
0.0
0.0
0.0
0.0
0.0
0.233333333333
0.266666666667
0.0
0.0
0.0
0.0
0.0
0.5
0.0
0.305084745763
0.2
0.5
0.2
0.5
0.25
0.254237288136
0.333333333333
0.166666666667
0.5
0.0
0.0
0.5
0.0
0.0166666666667
0.483333333333
0.0508474576271
0.95
0.0
0.0
0.0
0.0
0.0833333333333
0.416666666667
0.0
0.616666666667
0.762711864407
0.5
0.0
0.0
0.0
--END OF 12--
