6.08333333333
6.06666666667
5.85
5.83333333333
6.15254237288
6.28333333333
5.46666666667
6.28333333333
5.56666666667
7.2
6.47457627119
5.68333333333
6.15
5.4
5.9
5.8813559322
6.08333333333
5.75
5.16666666667
5.88333333333
6.50847457627
5.43333333333
6.41666666667
6.56666666667
6.28333333333
5.77966101695
5.95
6.2
5.9
5.81666666667
5.4406779661
5.9
5.71666666667
5.3
6.48333333333
5.22033898305
6.33333333333
5.73333333333
5.46666666667
5.1
5.4406779661
6.45
6.18333333333
6.15
5.9
5.84745762712
6.66666666667
5.8
5.85
6.20338983051
6.1
5.23333333333
4.76666666667
5.26666666667
5.52542372881
4.85
5.46666666667
5.5
5.1
5.70175438596
--END OF 1--
7.41666666667
8.36666666667
7.8
7.88333333333
7.40677966102
9.01666666667
8.03333333333
8.26666666667
7.9
8.75
7.62711864407
7.83333333333
7.85
7.7
8.05
8.03389830508
7.98333333333
8.08333333333
7.33333333333
8.16666666667
8.67796610169
7.16666666667
7.76666666667
7.76666666667
8.38333333333
9.27118644068
8.1
7.85
7.45
8.16666666667
7.30508474576
7.63333333333
7.26666666667
6.96666666667
7.83333333333
7.20338983051
8.55
8.25
7.4
7.68333333333
7.47457627119
8.25
7.43333333333
7.75
7.45
7.77966101695
9.28333333333
7.75
8.45
8.66101694915
8.46666666667
7.38333333333
6.88333333333
6.73333333333
7.27118644068
6.3
6.76666666667
7.15
6.95
7.50877192982
--END OF 2--
7.75
8.9
7.91666666667
8.53333333333
7.71186440678
9.58333333333
9.33333333333
9.21666666667
8.58333333333
9.65
8.64406779661
8.58333333333
8.1
8.15
8.8
9.08474576271
8.1
8.63333333333
8.21666666667
8.86666666667
9.72881355932
8.0
7.86666666667
7.96666666667
8.53333333333
9.72881355932
9.15
9.35
8.05
8.66666666667
7.76271186441
8.91666666667
8.63333333333
7.35
8.5
7.45762711864
9.75
9.11666666667
7.95
8.28333333333
7.83050847458
9.2
8.28333333333
7.75
8.85
8.27118644068
10.15
9.3
9.5
9.03389830508
9.45
8.6
7.51666666667
7.75
7.66101694915
6.45
7.01666666667
8.0
7.2
8.10526315789
--END OF 3--
6.08333333333
6.06666666667
5.85
5.83333333333
6.15254237288
6.28333333333
5.46666666667
6.28333333333
5.56666666667
7.2
6.47457627119
5.68333333333
6.15
5.4
5.9
5.8813559322
6.08333333333
5.75
5.16666666667
5.88333333333
6.50847457627
5.43333333333
6.41666666667
6.56666666667
6.28333333333
5.77966101695
5.95
6.2
5.9
5.81666666667
5.4406779661
5.9
5.71666666667
5.3
6.48333333333
5.22033898305
6.33333333333
5.73333333333
5.46666666667
5.1
5.4406779661
6.45
6.18333333333
6.15
5.9
5.84745762712
6.66666666667
5.8
5.85
6.20338983051
6.1
5.23333333333
4.76666666667
5.26666666667
5.52542372881
4.85
5.46666666667
5.5
5.1
5.70175438596
--END OF 4--
7.41666666667
8.36666666667
7.8
7.88333333333
7.40677966102
9.01666666667
8.03333333333
8.26666666667
7.9
8.75
7.62711864407
7.83333333333
7.85
7.7
8.05
8.03389830508
7.98333333333
8.08333333333
7.33333333333
8.16666666667
8.67796610169
7.16666666667
7.76666666667
7.76666666667
8.38333333333
9.27118644068
8.1
7.85
7.45
8.16666666667
7.30508474576
7.63333333333
7.26666666667
6.96666666667
7.83333333333
7.20338983051
8.55
8.25
7.4
7.68333333333
7.47457627119
8.25
7.43333333333
7.75
7.45
7.77966101695
9.28333333333
7.75
8.45
8.66101694915
8.46666666667
7.38333333333
6.88333333333
6.73333333333
7.27118644068
6.3
6.76666666667
7.15
6.95
7.50877192982
--END OF 5--
7.75
8.9
7.91666666667
8.53333333333
7.71186440678
9.58333333333
9.33333333333
9.21666666667
8.58333333333
9.65
8.64406779661
8.58333333333
8.1
8.15
8.8
9.08474576271
8.1
8.63333333333
8.21666666667
8.86666666667
9.72881355932
8.0
7.86666666667
7.96666666667
8.53333333333
9.72881355932
9.15
9.35
8.05
8.66666666667
7.76271186441
8.91666666667
8.63333333333
7.35
8.5
7.45762711864
9.75
9.11666666667
7.95
8.28333333333
7.83050847458
9.2
8.28333333333
7.75
8.85
8.27118644068
10.15
9.3
9.5
9.03389830508
9.45
8.6
7.51666666667
7.75
7.66101694915
6.45
7.01666666667
8.0
7.2
8.10526315789
--END OF 6--
1176.75
1214.45
1304.1
1209.15
1264.93220339
1343.9
1234.8
1310.45
1149.4
1432.8
1312.01694915
1224.0
1272.75
1223.7
1159.5
1214.89830508
1245.95
1236.65
1219.3
1273.85
1362.40677966
1125.4
1347.75
1285.55
1288.2
1249.42372881
1245.3
1236.0
1223.1
1299.0
1289.6440678
1274.75
1236.6
1154.6
1290.9
1211.23728814
1355.05
1234.4
1336.05
1315.65
1260.50847458
1364.25
1240.65
1320.15
1246.95
1279.6779661
1399.45
1286.45
1274.3
1291.72881356
1286.9
1181.3
1178.2
1135.95
1169.28813559
1137.45
1254.15
1158.9
1157.7
1185.26315789
--END OF 7--
334.55
344.983333333
344.65
328.483333333
348.813559322
357.116666667
336.0
359.566666667
328.45
401.95
354.610169492
343.85
348.8
335.8
335.5
346.915254237
349.75
340.866666667
332.683333333
341.866666667
379.0
314.166666667
362.816666667
348.183333333
354.9
351.610169492
341.35
341.6
336.5
352.05
349.406779661
359.6
341.2
312.083333333
359.066666667
343.93220339
368.583333333
347.333333333
346.716666667
355.616666667
358.881355932
372.75
339.35
347.75
333.45
362.305084746
389.516666667
355.783333333
352.433333333
375.237288136
354.683333333
332.183333333
316.333333333
306.316666667
325.220338983
303.05
331.25
323.85
323.05
328.701754386
--END OF 8--
35.3333333333
46.6
45.7333333333
46.05
44.6779661017
50.6833333333
46.1166666667
35.25
42.6666666667
51.95
44.3559322034
43.1
36.95
40.35
55.5
43.593220339
45.1
52.1166666667
39.2833333333
37.8166666667
46.186440678
38.0666666667
34.4833333333
36.5333333333
39.5
53.2033898305
46.35
40.0
37.15
48.25
42.7288135593
36.65
35.3166666667
38.5166666667
41.5166666667
44.8305084746
44.35
47.6833333333
38.0833333333
49.5
46.7288135593
39.85
38.7
36.35
32.8
31.813559322
46.7
41.6833333333
43.55
52.3220338983
42.55
38.4
39.95
37.6166666667
39.0169491525
24.95
35.05
39.5
33.75
38.2105263158
--END OF 9--
1.38333333333
1.81666666667
0.983333333333
2.76666666667
0.322033898305
3.91666666667
5.36666666667
4.41666666667
5.3
2.5
2.13559322034
3.8
1.25
1.85
2.45
3.27118644068
1.08333333333
3.08333333333
3.13333333333
4.01666666667
3.28813559322
3.0
2.13333333333
1.9
1.9
6.35593220339
3.15
4.4
2.4
2.65
1.52542372881
3.95
3.13333333333
0.85
2.5
2.38983050847
3.43333333333
6.31666666667
3.4
2.95
1.66101694915
2.65
1.5
0.55
4.9
4.06779661017
4.55
4.4
3.1
2.74576271186
5.65
4.48333333333
3.03333333333
2.03333333333
1.16949152542
1.95
0.6
1.9
3.0
1.89473684211
--END OF 10--
0.683333333333
0.9
0.0666666666667
0.5
0.0
0.666666666667
1.81666666667
1.01666666667
1.0
1.5
1.47457627119
0.65
0.5
0.5
0.8
1.50847457627
0.116666666667
0.883333333333
1.5
1.23333333333
2.0
1.41666666667
0.0
0.5
0.466666666667
0.796610169492
1.8
2.65
0.8
0.3
0.71186440678
2.03333333333
2.05
0.85
1.56666666667
0.508474576271
2.0
0.0
0.733333333333
0.966666666667
0.203389830508
1.8
1.0
0.05
2.2
0.915254237288
1.35
2.5
1.5
0.728813559322
0.783333333333
1.83333333333
0.666666666667
1.36666666667
0.135593220339
0.0
0.1
1.4
0.5
0.894736842105
--END OF 11--
0.0
0.433333333333
0.0666666666667
0.5
0.0
0.0
0.0
0.5
0.0
0.0
0.457627118644
0.55
0.0
0.1
0.4
0.0
0.0
0.0
0.5
0.0
0.0
0.0
0.0
0.0
0.0
0.0
0.45
0.05
0.0
0.3
0.203389830508
0.533333333333
0.466666666667
0.0
0.0
0.0
0.5
0.0
0.0
0.0
0.0
0.5
1.0
0.0
1.5
0.0
0.5
0.5
1.5
0.0
0.5
0.966666666667
0.533333333333
0.866666666667
0.135593220339
0.0
0.1
0.4
0.0
0.0
--END OF 12--
