17.7333333333
17.7333333333
18.4915254237
16.2833333333
16.8833333333
17.9
16.7
16.8166666667
17.0847457627
17.0
17.1333333333
17.8333333333
18.8833333333
17.5666666667
16.9152542373
18.0333333333
17.05
18.6666666667
17.2666666667
16.6166666667
18.6440677966
15.9833333333
16.15
17.9666666667
15.6
17.0169491525
17.35
17.45
17.35
17.45
16.1
16.3728813559
14.9166666667
17.0666666667
16.4333333333
17.0
16.3559322034
17.4166666667
17.4166666667
17.3
17.2666666667
17.05
18.0
15.5166666667
15.6166666667
17.05
16.5166666667
17.3389830508
16.8833333333
17.2166666667
17.3666666667
17.3
16.9666666667
17.2033898305
16.3666666667
15.65
17.0333333333
16.4166666667
16.3050847458
18.6551724138
--END OF 1--
24.9833333333
24.5333333333
24.0677966102
22.0333333333
23.0833333333
23.1833333333
22.35
22.6666666667
23.9491525424
23.55
22.6333333333
23.8666666667
25.6333333333
23.7166666667
22.5423728814
24.95
23.15
24.3833333333
23.8333333333
23.0666666667
23.3220338983
21.4
22.1
25.55
20.9
22.5254237288
23.3
24.9
23.7
23.5166666667
22.65
23.7966101695
21.7666666667
21.5333333333
23.4833333333
22.25
22.3050847458
23.2
24.0166666667
23.3833333333
22.65
22.2166666667
24.0508474576
21.1166666667
22.2666666667
24.2
23.9
23.6440677966
23.4833333333
25.0
23.7666666667
25.5
24.1333333333
22.813559322
21.35
22.4333333333
23.1
22.0
22.3220338983
24.6034482759
--END OF 2--
26.0166666667
26.75
24.5084745763
22.5333333333
23.9333333333
23.25
23.0166666667
23.0333333333
24.7966101695
23.9
22.6833333333
24.45
25.9333333333
24.4333333333
23.0338983051
25.4166666667
23.15
24.5333333333
24.4166666667
24.8666666667
23.7457627119
21.65
22.2166666667
25.55
21.6666666667
23.1355932203
24.05
25.65
23.75
24.7666666667
24.0
24.7288135593
22.1333333333
21.9166666667
24.05
23.75
22.593220339
23.6333333333
24.6166666667
23.8333333333
24.1
23.9666666667
24.3559322034
21.9166666667
22.7666666667
25.1
24.4166666667
23.8983050847
24.5833333333
25.05
24.5833333333
26.05
24.2833333333
23.0847457627
21.5833333333
23.6333333333
24.5833333333
22.9833333333
22.5593220339
24.8275862069
--END OF 3--
17.7333333333
17.7333333333
18.4915254237
16.2833333333
16.8833333333
17.9
16.7
16.8166666667
17.0847457627
17.0
17.1333333333
17.8333333333
18.8833333333
17.5666666667
16.9152542373
18.0333333333
17.05
18.6666666667
17.2666666667
16.6166666667
18.6440677966
15.9833333333
16.15
17.9666666667
15.6
17.0169491525
17.35
17.45
17.35
17.45
16.1
16.3728813559
14.9166666667
17.0666666667
16.4333333333
17.0
16.3559322034
17.4166666667
17.4166666667
17.3
17.2666666667
17.05
18.0
15.5166666667
15.6166666667
17.05
16.5166666667
17.3389830508
16.8833333333
17.2166666667
17.3666666667
17.3
16.9666666667
17.2033898305
16.3666666667
15.65
17.0333333333
16.4166666667
16.3050847458
18.6551724138
--END OF 4--
24.9833333333
24.5333333333
24.0677966102
22.0333333333
23.0833333333
23.1833333333
22.35
22.6666666667
23.9491525424
23.55
22.6333333333
23.8666666667
25.6333333333
23.7166666667
22.5423728814
24.95
23.15
24.3833333333
23.8333333333
23.0666666667
23.3220338983
21.4
22.1
25.55
20.9
22.5254237288
23.3
24.9
23.7
23.5166666667
22.65
23.7966101695
21.7666666667
21.5333333333
23.4833333333
22.25
22.3050847458
23.2
24.0166666667
23.3833333333
22.65
22.2166666667
24.0508474576
21.1166666667
22.2666666667
24.2
23.9
23.6440677966
23.4833333333
25.0
23.7666666667
25.5
24.1333333333
22.813559322
21.35
22.4333333333
23.1
22.0
22.3220338983
24.6034482759
--END OF 5--
26.0166666667
26.75
24.5084745763
22.5333333333
23.9333333333
23.25
23.0166666667
23.0333333333
24.7966101695
23.9
22.6833333333
24.45
25.9333333333
24.4333333333
23.0338983051
25.4166666667
23.15
24.5333333333
24.4166666667
24.8666666667
23.7457627119
21.65
22.2166666667
25.55
21.6666666667
23.1355932203
24.05
25.65
23.75
24.7666666667
24.0
24.7288135593
22.1333333333
21.9166666667
24.05
23.75
22.593220339
23.6333333333
24.6166666667
23.8333333333
24.1
23.9666666667
24.3559322034
21.9166666667
22.7666666667
25.1
24.4166666667
23.8983050847
24.5833333333
25.05
24.5833333333
26.05
24.2833333333
23.0847457627
21.5833333333
23.6333333333
24.5833333333
22.9833333333
22.5593220339
24.8275862069
--END OF 6--
3353.35
3268.65
3327.81355932
3137.1
3149.55
3283.6
3228.1
3218.15
3342.86440678
3186.6
3169.8
3342.65
3438.15
3237.05
3151.77966102
3224.6
3106.7
3394.95
3300.2
3217.55
3365.84745763
2988.1
3165.6
3342.5
2965.2
3190.16949153
3310.05
3249.9
3202.8
3235.95
3100.05
3134.08474576
2929.1
3173.45
3161.6
3083.95
3156.66101695
3311.0
3259.95
3178.35
3182.35
3118.55
3281.03389831
2918.1
3000.45
3235.95
3142.35
3123.81355932
3166.7
3296.6
3194.25
3217.55
3206.55
3207.91525424
3030.05
3013.8
3192.3
3011.9
3042.86440678
3463.9137931
--END OF 7--
946.966666667
913.716666667
937.915254237
850.016666667
882.683333333
904.133333333
883.983333333
897.133333333
929.576271186
886.95
875.5
923.95
956.7
904.016666667
873.830508475
914.5
883.466666667
950.45
915.4
885.533333333
938.559322034
843.933333333
880.45
949.616666667
824.783333333
891.813559322
903.0
908.05
893.4
907.35
875.6
888.423728814
806.983333333
880.166666667
886.833333333
873.5
860.93220339
918.783333333
901.45
893.6
883.483333333
867.05
925.186440678
823.5
835.55
885.3
877.833333333
887.949152542
888.083333333
909.75
893.45
910.016666667
880.333333333
896.237288136
844.0
834.15
889.833333333
852.866666667
853.423728814
971.034482759
--END OF 8--
137.35
154.15
139.830508475
126.533333333
138.666666667
125.6
125.533333333
136.116666667
147.93220339
130.3
128.6
133.383333333
135.9
133.783333333
124.0
150.55
141.066666667
122.55
144.983333333
138.916666667
114.610169492
121.983333333
132.133333333
153.166666667
122.183333333
119.830508475
131.25
144.95
138.4
130.616666667
135.75
132.406779661
126.95
112.4
141.916666667
125.983333333
128.322033898
119.033333333
133.8
131.066666667
134.316666667
120.716666667
146.016949153
117.65
140.95
142.8
135.933333333
136.271186441
140.133333333
152.6
148.966666667
166.15
135.3
126.084745763
113.45
133.133333333
119.266666667
126.033333333
144.86440678
145.568965517
--END OF 9--
6.35
8.01666666667
4.33898305085
2.8
3.78333333333
2.75
4.43333333333
3.21666666667
8.22033898305
6.0
3.9
4.65
6.0
3.95
3.38983050847
5.7
3.5
5.85
4.38333333333
6.6
2.35593220339
2.48333333333
1.83333333333
7.31666666667
3.18333333333
4.10169491525
3.35
8.15
4.05
5.23333333333
6.65
7.23728813559
6.63333333333
1.86666666667
5.85
4.71666666667
4.37288135593
3.7
6.65
3.73333333333
4.13333333333
6.11666666667
2.98305084746
5.35
3.8
7.0
8.35
4.8813559322
4.61666666667
6.53333333333
5.85
5.21666666667
6.36666666667
3.64406779661
3.31666666667
6.58333333333
8.43333333333
3.76666666667
1.47457627119
3.27586206897
--END OF 10--
1.25
3.08333333333
0.0
0.883333333333
0.683333333333
0.183333333333
1.18333333333
0.5
1.30508474576
0.45
0.2
0.666666666667
0.5
0.733333333333
0.694915254237
0.316666666667
0.0
0.0
0.833333333333
2.98333333333
0.694915254237
0.0
0.2
0.0
1.21666666667
1.0
1.4
1.0
0.1
1.36666666667
1.8
1.37288135593
0.35
0.833333333333
0.9
2.18333333333
0.135593220339
0.383333333333
1.11666666667
0.883333333333
2.18333333333
2.31666666667
0.0
0.5
0.5
1.4
0.766666666667
0.389830508475
1.38333333333
0.0
0.9
0.5
0.166666666667
0.0
0.5
1.35
2.28333333333
1.23333333333
0.64406779661
0.0
--END OF 11--
0.55
1.31666666667
0.0
0.466666666667
0.0333333333333
0.0
0.0
0.0
0.0
0.0
0.0
0.166666666667
0.0
0.4
0.0
0.0
0.0
0.0
0.0
0.5
0.0
0.0
0.0
0.0
0.0
0.0
0.0
1.0
0.0
0.0
0.5
0.0
0.0
0.0
0.0
0.483333333333
0.0169491525424
0.0
0.0
0.0
0.766666666667
1.73333333333
0.0
0.0
0.0
0.15
0.216666666667
0.0
0.666666666667
0.0
0.0
0.0
0.166666666667
0.0
0.0
0.0
0.0
0.0
0.0
0.0
--END OF 12--
