12.3666666667
12.6949152542
12.1
11.8833333333
12.6166666667
11.5
11.5333333333
11.2203389831
13.2666666667
13.2
13.3166666667
12.6
11.9833333333
12.6610169492
12.4666666667
12.7333333333
11.7833333333
12.6779661017
12.8666666667
12.5
12.5
12.4
12.2203389831
13.0666666667
12.9166666667
12.5333333333
13.05
12.2
13.1525423729
12.3666666667
13.0
13.4166666667
12.7796610169
13.65
12.6333333333
12.2
12.75
12.55
13.5084745763
12.5666666667
12.9333333333
12.85
12.7833333333
13.2881355932
12.65
12.5833333333
13.35
12.9166666667
13.2881355932
12.8
13.5
13.3833333333
13.0
12.5762711864
12.7833333333
12.0
13.75
13.7833333333
13.0333333333
12.1403508772
--END OF 1--
15.9
16.3559322034
15.9
15.8333333333
17.5166666667
14.95
14.9833333333
15.1186440678
16.4333333333
16.9833333333
16.4833333333
16.8666666667
16.8833333333
16.3728813559
16.2666666667
16.3
15.8166666667
16.1186440678
16.9666666667
15.8
16.15
16.75
16.3728813559
17.05
16.4166666667
16.7333333333
17.5166666667
16.7666666667
17.186440678
16.7
17.3
17.4333333333
16.2203389831
17.6
16.7333333333
15.75
16.6
17.0
16.6101694915
16.85
16.7333333333
17.65
16.8333333333
17.6101694915
16.8333333333
16.7833333333
17.0333333333
16.7
17.7288135593
16.35
17.05
16.5833333333
18.15
15.4915254237
16.3166666667
16.2833333333
17.9833333333
18.2333333333
16.8666666667
17.3684210526
--END OF 2--
16.8333333333
16.593220339
16.6
16.5833333333
18.4666666667
16.35
15.1833333333
15.1186440678
16.9833333333
17.3833333333
16.8833333333
17.1166666667
17.3
18.0508474576
17.0833333333
17.05
16.8333333333
16.1186440678
17.8166666667
16.6
16.65
17.35
17.1016949153
17.9833333333
16.4166666667
16.9333333333
18.5333333333
18.3333333333
17.9152542373
17.7833333333
19.4666666667
17.8
16.9322033898
18.8
17.7333333333
16.1
17.5
17.3
17.4745762712
17.25
17.1166666667
18.4166666667
17.6166666667
17.8813559322
17.7833333333
18.0833333333
17.0833333333
17.8833333333
18.2542372881
16.6
17.95
17.1333333333
18.8
16.2033898305
16.4666666667
16.6666666667
18.5166666667
18.25
16.9666666667
19.8596491228
--END OF 3--
12.3666666667
12.6949152542
12.1
11.8833333333
12.6166666667
11.5
11.5333333333
11.2203389831
13.2666666667
13.2
13.3166666667
12.6
11.9833333333
12.6610169492
12.4666666667
12.7333333333
11.7833333333
12.6779661017
12.8666666667
12.5
12.5
12.4
12.2203389831
13.0666666667
12.9166666667
12.5333333333
13.05
12.2
13.1525423729
12.3666666667
13.0
13.4166666667
12.7796610169
13.65
12.6333333333
12.2
12.75
12.55
13.5084745763
12.5666666667
12.9333333333
12.85
12.7833333333
13.2881355932
12.65
12.5833333333
13.35
12.9166666667
13.2881355932
12.8
13.5
13.3833333333
13.0
12.5762711864
12.7833333333
12.0
13.75
13.7833333333
13.0333333333
12.1403508772
--END OF 4--
15.9
16.3559322034
15.9
15.8333333333
17.5166666667
14.95
14.9833333333
15.1186440678
16.4333333333
16.9833333333
16.4833333333
16.8666666667
16.8833333333
16.3728813559
16.2666666667
16.3
15.8166666667
16.1186440678
16.9666666667
15.8
16.15
16.75
16.3728813559
17.05
16.4166666667
16.7333333333
17.5166666667
16.7666666667
17.186440678
16.7
17.3
17.4333333333
16.2203389831
17.6
16.7333333333
15.75
16.6
17.0
16.6101694915
16.85
16.7333333333
17.65
16.8333333333
17.6101694915
16.8333333333
16.7833333333
17.0333333333
16.7
17.7288135593
16.35
17.05
16.5833333333
18.15
15.4915254237
16.3166666667
16.2833333333
17.9833333333
18.2333333333
16.8666666667
17.3684210526
--END OF 5--
16.8333333333
16.593220339
16.6
16.5833333333
18.4666666667
16.35
15.1833333333
15.1186440678
16.9833333333
17.3833333333
16.8833333333
17.1166666667
17.3
18.0508474576
17.0833333333
17.05
16.8333333333
16.1186440678
17.8166666667
16.6
16.65
17.35
17.1016949153
17.9833333333
16.4166666667
16.9333333333
18.5333333333
18.3333333333
17.9152542373
17.7833333333
19.4666666667
17.8
16.9322033898
18.8
17.7333333333
16.1
17.5
17.3
17.4745762712
17.25
17.1166666667
18.4166666667
17.6166666667
17.8813559322
17.7833333333
18.0833333333
17.0833333333
17.8833333333
18.2542372881
16.6
17.95
17.1333333333
18.8
16.2033898305
16.4666666667
16.6666666667
18.5166666667
18.25
16.9666666667
19.8596491228
--END OF 6--
2405.65
2443.72881356
2443.2
2371.35
2452.95
2329.05
2328.6
2225.69491525
2490.15
2398.7
2383.55
2414.85
2292.1
2425.98305085
2446.2
2523.9
2368.1
2490.25423729
2494.2
2378.85
2368.35
2350.8
2377.93220339
2450.9
2398.85
2344.5
2558.45
2476.7
2505.25423729
2394.85
2492.55
2508.85
2409.50847458
2579.85
2536.35
2346.75
2494.2
2440.35
2597.89830508
2392.1
2534.1
2544.25
2387.5
2533.83050847
2427.75
2480.0
2552.5
2478.9
2543.49152542
2441.55
2574.9
2608.05
2517.75
2365.88135593
2522.2
2438.25
2686.7
2622.45
2490.65
2376.31578947
--END OF 7--
654.7
680.169491525
647.7
642.4
692.45
626.8
639.65
613.254237288
676.683333333
673.483333333
666.633333333
666.916666667
639.35
663.525423729
680.033333333
707.366666667
676.583333333
680.237288136
702.05
661.35
657.6
651.95
663.610169492
694.7
673.783333333
658.883333333
707.716666667
664.266666667
689.593220339
658.266666667
707.033333333
704.533333333
671.0
715.85
694.45
660.5
674.75
661.3
709.06779661
659.066666667
677.866666667
705.266666667
675.15
704.627118644
685.2
690.066666667
700.866666667
676.533333333
706.474576271
670.55
708.8
717.3
695.9
671.186440678
701.566666667
663.933333333
742.816666667
740.15
703.9
653.649122807
--END OF 8--
81.3666666667
77.0677966102
90.05
85.75
96.0
88.35
79.8
90.0508474576
94.8333333333
88.95
83.4666666667
84.85
94.8333333333
88.1525423729
86.5833333333
90.7833333333
94.5166666667
90.9661016949
92.9
78.25
88.9
93.75
86.0677966102
89.1
84.7333333333
99.8666666667
100.4
100.333333333
94.5084745763
90.9666666667
103.2
87.8666666667
87.3050847458
89.1
85.9
80.4
92.55
92.4
75.8474576271
74.4833333333
85.0833333333
112.15
97.9833333333
93.9322033898
92.4333333333
96.8833333333
88.45
89.9833333333
97.7796610169
83.2
81.15
69.75
96.0
76.8983050847
84.3333333333
95.8833333333
95.1
102.0
93.9166666667
104.0
--END OF 9--
2.6
4.45762711864
3.15
2.85
5.65
3.95
1.9
0.677966101695
2.2
1.96666666667
1.41666666667
4.38333333333
6.8
6.71186440678
5.45
3.7
4.15
0.881355932203
3.05
3.2
2.75
5.3
4.33898305085
3.66666666667
1.6
3.01666666667
4.45
5.98333333333
3.38983050847
6.2
4.51666666667
1.86666666667
3.20338983051
6.1
6.3
2.05
2.75
4.45
3.01694915254
5.83333333333
2.9
4.55
3.9
4.35593220339
6.18333333333
4.76666666667
3.31666666667
5.81666666667
5.01694915254
1.2
2.9
3.75
7.75
1.79661016949
2.13333333333
3.6
4.73333333333
1.56666666667
3.08333333333
8.45614035088
--END OF 10--
1.03333333333
0.338983050847
1.3
0.75
0.75
1.8
0.2
0.0
0.5
0.0
0.5
0.0
0.833333333333
2.64406779661
0.833333333333
0.8
1.93333333333
0.0
1.3
1.1
0.6
0.5
0.64406779661
0.85
0.0166666666667
0.0
1.8
2.06666666667
1.32203389831
1.85
2.75
0.233333333333
1.01694915254
1.05
0.45
0.6
1.4
0.55
0.966101694915
0.533333333333
0.633333333333
1.16666666667
1.0
0.169491525424
1.0
1.81666666667
0.183333333333
1.8
0.762711864407
0.45
1.25
0.85
1.0
0.745762711864
0.166666666667
0.433333333333
0.0
0.0
0.0
3.14035087719
--END OF 11--
0.283333333333
0.0
0.0
0.25
0.25
0.8
0.2
0.0
0.0
0.0
0.5
0.0
0.0
0.508474576271
0.0
0.0
0.0
0.0
0.8
0.6
0.1
0.0
0.0
0.0
0.0
0.0
0.0333333333333
0.55
0.423728813559
0.0
0.266666666667
0.233333333333
0.508474576271
0.2
0.3
0.0
0.0
0.0
0.0
0.0
0.0333333333333
0.466666666667
0.0
0.0
1.0
0.5
0.0
0.5
0.0
0.0
0.25
0.25
0.4
0.440677966102
0.166666666667
0.0
0.0
0.0
0.0
1.10526315789
--END OF 12--
