11.5593220339
10.85
10.1333333333
10.25
10.0166666667
9.5593220339
9.78333333333
9.13333333333
9.4
9.76666666667
9.16666666667
9.1186440678
9.11666666667
8.25
8.36666666667
8.03333333333
9.56666666667
9.47457627119
8.36666666667
8.76666666667
8.6
9.4
8.32203389831
8.91666666667
9.28333333333
8.98333333333
8.9
9.23333333333
8.83050847458
9.15
8.63333333333
7.71666666667
7.75
7.83333333333
8.64406779661
8.11666666667
8.78333333333
9.45
7.61666666667
7.15254237288
8.0
8.41666666667
9.51666666667
9.25
8.50847457627
8.4
8.58333333333
9.75
8.98333333333
8.62711864407
8.98333333333
9.0
8.93333333333
9.41666666667
10.3333333333
8.52542372881
9.16666666667
9.46666666667
9.81666666667
10.5666666667
--END OF 1--
15.7118644068
14.35
13.75
14.3
13.75
12.6779661017
13.5
12.5666666667
12.65
12.6333333333
12.4666666667
12.7118644068
13.1666666667
11.05
11.1666666667
11.0833333333
12.5666666667
11.9661016949
10.9333333333
11.25
11.1666666667
12.9666666667
11.0847457627
12.1333333333
12.5666666667
12.4166666667
12.3
11.8833333333
11.3220338983
11.4
10.7333333333
9.66666666667
10.65
10.3833333333
12.1186440678
10.8833333333
11.8833333333
11.5833333333
10.1
9.67796610169
11.1
11.3166666667
12.0166666667
12.8166666667
11.6271186441
11.6166666667
12.3
12.4
10.9666666667
12.7966101695
12.0333333333
11.35
12.0333333333
12.1
13.55
11.8813559322
12.3333333333
12.8
12.9
15.75
--END OF 2--
16.2542372881
15.6666666667
15.15
16.2333333333
14.7
13.0338983051
14.3
13.4
12.8166666667
13.6166666667
13.6833333333
12.7457627119
13.5166666667
11.25
11.4666666667
11.8333333333
13.5166666667
12.2203389831
11.2333333333
11.8833333333
11.9666666667
13.4833333333
11.1355932203
12.5333333333
13.1333333333
13.0666666667
12.3
12.1333333333
11.3220338983
11.4
12.1833333333
9.91666666667
11.4
10.9333333333
12.8813559322
12.7166666667
12.5166666667
12.15
10.4166666667
10.5423728814
11.6333333333
12.5333333333
13.1833333333
13.8166666667
12.5254237288
13.1333333333
12.5833333333
12.7833333333
11.5
13.6949152542
12.9833333333
12.3666666667
12.4666666667
12.6666666667
14.0166666667
12.6271186441
12.3666666667
13.6
13.4666666667
17.0166666667
--END OF 3--
11.5593220339
10.85
10.1333333333
10.25
10.0166666667
9.5593220339
9.78333333333
9.13333333333
9.4
9.76666666667
9.16666666667
9.1186440678
9.11666666667
8.25
8.36666666667
8.03333333333
9.56666666667
9.47457627119
8.36666666667
8.76666666667
8.6
9.4
8.32203389831
8.91666666667
9.28333333333
8.98333333333
8.9
9.23333333333
8.83050847458
9.15
8.63333333333
7.71666666667
7.75
7.83333333333
8.64406779661
8.11666666667
8.78333333333
9.45
7.61666666667
7.15254237288
8.0
8.41666666667
9.51666666667
9.25
8.50847457627
8.4
8.58333333333
9.75
8.98333333333
8.62711864407
8.98333333333
9.0
8.93333333333
9.41666666667
10.3333333333
8.52542372881
9.16666666667
9.46666666667
9.81666666667
10.5666666667
--END OF 4--
15.7118644068
14.35
13.75
14.3
13.75
12.6779661017
13.5
12.5666666667
12.65
12.6333333333
12.4666666667
12.7118644068
13.1666666667
11.05
11.1666666667
11.0833333333
12.5666666667
11.9661016949
10.9333333333
11.25
11.1666666667
12.9666666667
11.0847457627
12.1333333333
12.5666666667
12.4166666667
12.3
11.8833333333
11.3220338983
11.4
10.7333333333
9.66666666667
10.65
10.3833333333
12.1186440678
10.8833333333
11.8833333333
11.5833333333
10.1
9.67796610169
11.1
11.3166666667
12.0166666667
12.8166666667
11.6271186441
11.6166666667
12.3
12.4
10.9666666667
12.7966101695
12.0333333333
11.35
12.0333333333
12.1
13.55
11.8813559322
12.3333333333
12.8
12.9
15.75
--END OF 5--
16.2542372881
15.6666666667
15.15
16.2333333333
14.7
13.0338983051
14.3
13.4
12.8166666667
13.6166666667
13.6833333333
12.7457627119
13.5166666667
11.25
11.4666666667
11.8333333333
13.5166666667
12.2203389831
11.2333333333
11.8833333333
11.9666666667
13.4833333333
11.1355932203
12.5333333333
13.1333333333
13.0666666667
12.3
12.1333333333
11.3220338983
11.4
12.1833333333
9.91666666667
11.4
10.9333333333
12.8813559322
12.7166666667
12.5166666667
12.15
10.4166666667
10.5423728814
11.6333333333
12.5333333333
13.1833333333
13.8166666667
12.5254237288
13.1333333333
12.5833333333
12.7833333333
11.5
13.6949152542
12.9833333333
12.3666666667
12.4666666667
12.6666666667
14.0166666667
12.6271186441
12.3666666667
13.6
13.4666666667
17.0166666667
--END OF 6--
2296.83050847
2247.3
2101.3
2130.25
2049.2
1984.37288136
2035.7
1959.85
1938.3
1989.0
1838.65
1886.54237288
1864.65
1733.1
1708.2
1694.25
1883.7
1867.22033898
1722.05
1713.8
1797.5
1924.8
1839.15254237
1784.8
1916.7
1886.2
1828.2
1893.2
1666.57627119
1687.05
1718.7
1598.7
1659.3
1602.45
1838.08474576
1670.9
1759.05
1757.6
1591.7
1515.50847458
1646.95
1733.7
1831.0
1880.05
1672.06779661
1681.75
1841.1
1878.95
1733.45
1779.96610169
1775.65
1823.05
1808.3
1900.0
2000.2
1865.13559322
1794.15
1890.7
2000.95
2251.3
--END OF 7--
644.627118644
619.683333333
594.366666667
603.783333333
574.833333333
539.406779661
561.466666667
539.083333333
517.4
538.433333333
518.0
528.559322034
531.0
479.2
462.35
472.75
519.9
506.86440678
476.766666667
479.05
504.466666667
530.416666667
484.372881356
496.7
532.133333333
527.733333333
503.816666667
517.45
468.694915254
473.65
474.45
440.0
460.95
445.25
502.508474576
460.0
485.633333333
496.95
440.2
405.830508475
445.516666667
479.45
505.816666667
510.95
463.593220339
465.7
502.3
537.033333333
482.933333333
490.93220339
494.983333333
498.116666667
483.783333333
511.9
556.383333333
497.118644068
502.45
519.633333333
539.516666667
629.416666667
--END OF 8--
96.5254237288
78.3333333333
77.3333333333
79.7666666667
75.3833333333
75.2203389831
78.9
68.1666666667
64.0833333333
71.55
73.45
72.8474576271
80.25
66.2
62.95
64.35
65.05
64.0508474576
56.5166666667
58.2
56.5666666667
73.0166666667
60.5084745763
57.1
68.9
67.1666666667
64.6333333333
55.5
56.5254237288
58.7
51.15
45.5
55.75
57.75
71.6440677966
61.3166666667
59.5
64.5666666667
51.7
51.7627118644
54.9666666667
63.8
61.5333333333
66.9833333333
70.9491525424
73.4333333333
75.9333333333
66.95
56.35
69.813559322
59.0833333333
56.0666666667
60.8833333333
55.35
69.0166666667
58.7118644068
66.8166666667
72.7833333333
68.75
92.0166666667
--END OF 9--
3.25423728814
4.56666666667
2.71666666667
7.18333333333
5.33333333333
2.8813559322
3.61666666667
3.51666666667
2.25
5.16666666667
4.5
2.81355932203
3.0
1.25
2.0
3.9
5.35
2.98305084746
2.35
2.96666666667
3.71666666667
3.31666666667
1.74576271186
3.96666666667
4.73333333333
3.21666666667
2.75
1.33333333333
1.52542372881
2.5
4.6
1.75
3.85
2.75
2.59322033898
4.86666666667
3.05
1.93333333333
1.95
3.1186440678
5.15
4.78333333333
3.76666666667
5.35
3.72881355932
3.5
3.05
2.48333333333
1.78333333333
7.06779661017
4.68333333333
3.55
4.8
3.71666666667
4.03333333333
4.98305084746
1.05
3.2
2.61666666667
7.31666666667
--END OF 10--
0.677966101695
1.95
1.51666666667
2.16666666667
1.61666666667
0.762711864407
0.633333333333
1.0
0.416666666667
1.08333333333
1.46666666667
0.0338983050847
0.5
0.0
0.35
1.5
1.4
0.254237288136
0.0
0.633333333333
0.85
0.516666666667
0.0
0.916666666667
1.01666666667
1.28333333333
0.0166666666667
0.5
0.0
0.0
2.3
0.45
0.8
0.5
1.42372881356
2.85
1.11666666667
0.433333333333
0.416666666667
1.49152542373
0.683333333333
1.63333333333
1.66666666667
1.23333333333
1.05084745763
1.93333333333
0.816666666667
0.283333333333
0.433333333333
1.35593220339
1.18333333333
1.05
0.616666666667
0.966666666667
0.716666666667
1.27118644068
0.133333333333
1.16666666667
0.866666666667
2.05
--END OF 11--
0.0847457627119
0.95
0.966666666667
0.383333333333
0.25
0.372881355932
0.5
0.5
0.0
0.0
0.0
0.0
0.5
0.0
0.0
0.35
0.4
0.254237288136
0.0
0.0
0.0
0.0
0.0
0.0
0.866666666667
0.133333333333
0.0
0.0
0.0
0.0
0.0
0.25
0.25
0.0
0.0
0.266666666667
0.166666666667
0.0
0.4
0.0338983050847
0.433333333333
0.233333333333
0.533333333333
0.35
0.169491525424
1.28333333333
0.0
0.0
0.0
0.406779661017
0.866666666667
0.0
0.383333333333
0.0
0.0
0.423728813559
0.0
0.433333333333
0.0
0.15
--END OF 12--
