9.66666666667
9.76271186441
9.88333333333
9.68333333333
10.5666666667
11.3333333333
10.0833333333
10.2881355932
10.8833333333
10.0833333333
10.6166666667
9.45
10.65
11.2542372881
10.9166666667
10.3
9.88333333333
10.7833333333
11.2203389831
10.2833333333
10.2666666667
10.3
10.8813559322
9.73333333333
10.25
10.3666666667
10.9666666667
10.0677966102
9.78333333333
10.25
9.6
9.7
10.3559322034
10.05
9.93333333333
9.81666666667
10.2
10.6101694915
10.0833333333
10.8
10.2
10.2666666667
10.0677966102
9.98333333333
9.63333333333
10.25
9.66666666667
10.8333333333
10.2881355932
10.9333333333
10.8833333333
9.75
9.93333333333
9.22033898305
9.93333333333
10.6833333333
10.45
10.6166666667
9.11666666667
9.87931034483
--END OF 1--
12.3166666667
13.5254237288
12.35
12.4666666667
13.9833333333
14.2166666667
13.3
13.9491525424
13.6833333333
12.95
13.7
13.1333333333
13.7166666667
13.7796610169
14.1166666667
12.75
13.5166666667
13.4833333333
14.0169491525
13.8
12.7
12.6666666667
13.5084745763
12.6
13.7833333333
13.2
13.1666666667
12.8305084746
13.1833333333
13.3
12.8
12.7
12.4576271186
12.7833333333
12.1666666667
12.1
13.1833333333
14.0169491525
12.3333333333
13.7833333333
13.3666666667
12.95
13.2881355932
12.4333333333
12.5333333333
13.7
13.1166666667
14.0333333333
12.9830508475
13.9
13.7166666667
12.95
13.0833333333
12.6779661017
12.7666666667
13.5833333333
13.5166666667
13.95
11.6333333333
12.9310344828
--END OF 2--
12.3166666667
14.186440678
12.65
12.8
14.3
14.4666666667
13.6
14.3389830508
14.3
13.0
14.85
13.9333333333
14.2333333333
14.7796610169
15.0166666667
13.1
14.3
14.2333333333
14.406779661
14.3666666667
12.75
12.75
13.6779661017
12.8166666667
14.1166666667
13.8666666667
13.55
13.186440678
13.4333333333
13.35
13.4
12.9
12.5593220339
13.3666666667
12.8333333333
12.1
13.8333333333
14.8305084746
12.3333333333
14.0333333333
13.8833333333
13.7833333333
13.2881355932
12.4833333333
12.5833333333
14.85
13.7666666667
15.0833333333
13.3728813559
15.0166666667
13.9
13.65
13.35
12.9322033898
12.9666666667
14.25
14.1833333333
14.6666666667
12.05
12.9310344828
--END OF 3--
9.66666666667
9.76271186441
9.88333333333
9.68333333333
10.5666666667
11.3333333333
10.0833333333
10.2881355932
10.8833333333
10.0833333333
10.6166666667
9.45
10.65
11.2542372881
10.9166666667
10.3
9.88333333333
10.7833333333
11.2203389831
10.2833333333
10.2666666667
10.3
10.8813559322
9.73333333333
10.25
10.3666666667
10.9666666667
10.0677966102
9.78333333333
10.25
9.6
9.7
10.3559322034
10.05
9.93333333333
9.81666666667
10.2
10.6101694915
10.0833333333
10.8
10.2
10.2666666667
10.0677966102
9.98333333333
9.63333333333
10.25
9.66666666667
10.8333333333
10.2881355932
10.9333333333
10.8833333333
9.75
9.93333333333
9.22033898305
9.93333333333
10.6833333333
10.45
10.6166666667
9.11666666667
9.87931034483
--END OF 4--
12.3166666667
13.5254237288
12.35
12.4666666667
13.9833333333
14.2166666667
13.3
13.9491525424
13.6833333333
12.95
13.7
13.1333333333
13.7166666667
13.7796610169
14.1166666667
12.75
13.5166666667
13.4833333333
14.0169491525
13.8
12.7
12.6666666667
13.5084745763
12.6
13.7833333333
13.2
13.1666666667
12.8305084746
13.1833333333
13.3
12.8
12.7
12.4576271186
12.7833333333
12.1666666667
12.1
13.1833333333
14.0169491525
12.3333333333
13.7833333333
13.3666666667
12.95
13.2881355932
12.4333333333
12.5333333333
13.7
13.1166666667
14.0333333333
12.9830508475
13.9
13.7166666667
12.95
13.0833333333
12.6779661017
12.7666666667
13.5833333333
13.5166666667
13.95
11.6333333333
12.9310344828
--END OF 5--
12.3166666667
14.186440678
12.65
12.8
14.3
14.4666666667
13.6
14.3389830508
14.3
13.0
14.85
13.9333333333
14.2333333333
14.7796610169
15.0166666667
13.1
14.3
14.2333333333
14.406779661
14.3666666667
12.75
12.75
13.6779661017
12.8166666667
14.1166666667
13.8666666667
13.55
13.186440678
13.4333333333
13.35
13.4
12.9
12.5593220339
13.3666666667
12.8333333333
12.1
13.8333333333
14.8305084746
12.3333333333
14.0333333333
13.8833333333
13.7833333333
13.2881355932
12.4833333333
12.5833333333
14.85
13.7666666667
15.0833333333
13.3728813559
15.0166666667
13.9
13.65
13.35
12.9322033898
12.9666666667
14.25
14.1833333333
14.6666666667
12.05
12.9310344828
--END OF 6--
2035.5
2051.69491525
2083.2
1997.0
2151.3
2097.2
2030.6
2066.08474576
2085.75
2048.4
2034.6
2032.4
2109.45
2168.38983051
2095.65
1999.05
1985.15
2037.45
2191.42372881
2035.8
2023.9
1979.25
2029.42372881
1916.7
1987.45
2107.9
2073.6
1923.55932203
1976.4
2022.6
1872.15
1879.5
1930.47457627
2007.8
1863.6
1865.15
1998.65
2064.91525424
1969.55
2116.55
2101.7
1961.2
2057.69491525
1959.75
1912.95
2031.0
1947.9
2099.85
2029.22033898
2054.3
2090.1
2024.85
2020.95
1991.03389831
1996.3
2023.75
2048.5
2138.65
1853.1
2024.32758621
--END OF 7--
549.3
570.86440678
563.466666667
546.383333333
573.066666667
581.15
550.966666667
564.627118644
579.3
553.866666667
573.05
566.45
583.266666667
599.254237288
587.55
551.55
548.9
577.45
598.983050847
562.9
550.3
549.316666667
571.13559322
530.95
552.133333333
582.9
575.733333333
542.847457627
544.9
560.7
510.6
517.6
532.13559322
554.85
522.466666667
530.25
545.916666667
577.661016949
543.7
583.083333333
562.15
543.533333333
553.372881356
543.35
531.4
565.35
548.7
581.85
543.372881356
571.066666667
573.466666667
544.866666667
559.116666667
540.949152542
539.733333333
566.266666667
575.783333333
592.45
525.4
555.517241379
--END OF 8--
65.15
78.3898305085
53.5
62.25
69.8666666667
71.4666666667
69.9666666667
77.6440677966
74.7833333333
62.6833333333
67.8
75.1333333333
70.6
62.2881355932
71.3
64.1
75.7833333333
65.15
72.8983050847
67.5333333333
56.2666666667
67.0166666667
71.6440677966
67.8166666667
71.35
67.5
55.2166666667
55.6949152542
69.2
61.45
67.5
64.6
56.9661016949
64.6
60.8666666667
59.8166666667
67.4
66.0338983051
57.95
62.7833333333
67.2666666667
69.1166666667
64.8813559322
52.2
57.65
64.2
73.65
66.95
62.3898305085
69.6
76.0833333333
65.0166666667
61.8
68.406779661
63.5166666667
68.1
68.1333333333
68.5666666667
64.3333333333
64.9827586207
--END OF 9--
1.2
4.4406779661
2.21666666667
1.66666666667
3.61666666667
1.95
2.15
2.35593220339
2.2
1.21666666667
4.7
3.91666666667
1.98333333333
3.22033898305
4.4
1.2
3.35
2.25
2.8813559322
3.96666666667
2.31666666667
0.833333333333
2.0
1.9
4.43333333333
2.75
2.03333333333
2.76271186441
2.0
3.25
4.85
2.7
3.27118644068
2.86666666667
2.71666666667
0.95
4.23333333333
4.94915254237
1.41666666667
2.08333333333
1.26666666667
3.13333333333
3.5593220339
0.35
1.45
4.3
3.3
4.95
3.61016949153
4.38333333333
0.75
2.48333333333
1.95
3.74576271186
4.2
4.13333333333
2.8
3.21666666667
1.13333333333
1.53448275862
--END OF 10--
0.0
1.0
0.516666666667
0.5
0.5
0.433333333333
0.55
0.71186440678
0.883333333333
0.0
2.0
1.0
0.583333333333
1.23728813559
1.2
0.9
1.38333333333
1.0
0.0508474576271
1.0
0.0
0.0
0.0
0.266666666667
0.25
0.8
0.183333333333
0.0508474576271
0.45
0.0
1.0
0.3
0.203389830508
0.683333333333
0.8
0.0166666666667
1.23333333333
1.28813559322
0.0
0.266666666667
0.6
1.13333333333
0.0
0.0
0.0
2.0
1.0
1.75
0.254237288136
1.0
0.0833333333333
0.8
0.616666666667
0.508474576271
0.0
0.483333333333
0.866666666667
1.15
0.5
0.0
--END OF 11--
0.0
0.0
0.0
0.0
0.0
0.0
0.0
0.271186440678
0.233333333333
0.0
0.5
0.5
0.0
0.0
0.0
0.25
0.25
0.0
0.0
0.0
0.0
0.0
0.0
0.0
0.0
0.0
0.0
0.0
0.0
0.0
0.0
0.3
0.203389830508
0.0
0.0
0.0
0.5
0.508474576271
0.0
0.0
0.366666666667
0.633333333333
0.0
0.0
0.0
0.5
0.0
0.75
0.254237288136
0.5
0.0
0.383333333333
0.116666666667
0.0
0.0
0.116666666667
0.4
0.483333333333
0.0
0.0
--END OF 12--
