18.1
18.3389830508
18.5333333333
18.7166666667
19.15
18.6666666667
18.95
18.5166666667
18.5593220339
19.1
17.4166666667
17.4666666667
18.15
18.6833333333
19.2881355932
18.2
18.4333333333
18.6
18.35
17.8983050847
17.2166666667
18.3333333333
17.6
17.75
17.85
18.1016949153
17.2666666667
18.7666666667
18.95
18.3833333333
19.4
19.4576271186
17.9833333333
17.2333333333
18.65
19.4166666667
19.5423728814
18.1833333333
16.8
18.6333333333
17.95
18.1
19.0169491525
19.3833333333
18.3833333333
19.15
18.65
17.9833333333
19.2711864407
18.1
18.6666666667
18.4833333333
20.2
18.5423728814
18.3833333333
19.15
18.7
18.0
19.05
18.5849056604
--END OF 1--
25.4333333333
26.186440678
26.6333333333
27.4333333333
26.35
25.7333333333
27.4
26.1333333333
25.813559322
27.1833333333
24.7666666667
25.6333333333
25.5833333333
26.1
26.8813559322
26.3333333333
26.0666666667
25.8333333333
27.2833333333
25.2711864407
26.25
26.5166666667
24.8333333333
25.1166666667
25.7
25.9152542373
24.4833333333
26.75
26.9666666667
26.8333333333
26.2833333333
28.2372881356
26.7166666667
25.2333333333
27.6666666667
28.2833333333
26.6440677966
25.5333333333
23.75
26.3333333333
26.1666666667
26.7833333333
26.8474576271
27.6166666667
26.5
25.7
27.35
24.4333333333
27.7627118644
26.3
26.8833333333
26.9333333333
28.4
25.813559322
27.1333333333
27.7
26.7
25.35
27.2
25.1132075472
--END OF 2--
26.0666666667
26.5254237288
27.5333333333
27.6
27.45
27.7666666667
29.15
28.2166666667
27.4406779661
27.7666666667
25.9166666667
26.05
26.5166666667
27.2833333333
27.3728813559
27.1166666667
27.35
26.1333333333
27.7833333333
25.5593220339
26.5833333333
27.7833333333
25.95
26.3
27.55
26.7118644068
25.1
27.9
28.3166666667
27.7333333333
26.7166666667
28.4915254237
27.55
26.1666666667
28.7
29.6
27.9322033898
26.6333333333
24.3
27.4333333333
27.55
28.05
27.5762711864
28.5333333333
26.8333333333
26.0333333333
27.8333333333
25.05
28.186440678
27.9833333333
28.9333333333
28.2333333333
30.1166666667
27.3898305085
28.75
28.85
27.55
26.6
28.15
26.5094339623
--END OF 3--
18.1
18.3389830508
18.5333333333
18.7166666667
19.0
18.6666666667
18.95
18.5166666667
18.5084745763
19.05
17.4166666667
17.4666666667
18.15
18.6833333333
19.2881355932
18.2
18.4333333333
18.6
18.0833333333
17.8644067797
17.2
18.3333333333
17.6
17.7
17.85
18.1016949153
17.2666666667
18.7666666667
18.95
18.3833333333
19.0
19.3728813559
17.9833333333
17.2333333333
18.65
19.3833333333
19.4745762712
18.1833333333
16.8
18.6333333333
17.9
18.1
19.0169491525
19.3833333333
18.3833333333
19.15
18.65
17.9833333333
19.2711864407
18.1
18.6166666667
18.4833333333
19.65
18.5423728814
18.3833333333
19.15
18.7
18.0
19.05
18.5849056604
--END OF 4--
25.4333333333
26.186440678
26.6333333333
27.4333333333
26.35
25.7333333333
27.4
26.1333333333
25.813559322
27.1833333333
24.7666666667
25.6333333333
25.5833333333
26.1
26.8813559322
26.3333333333
26.0666666667
25.8333333333
26.9666666667
25.2711864407
26.1833333333
26.5166666667
24.8333333333
25.1
25.7
25.8644067797
24.4833333333
26.75
26.9666666667
26.8333333333
26.2833333333
28.2372881356
26.7166666667
25.2333333333
27.6666666667
28.2833333333
26.6101694915
25.5333333333
23.75
26.3333333333
26.1666666667
26.7833333333
26.8474576271
27.6166666667
26.5
25.7
27.35
24.4333333333
27.7627118644
26.3
26.8833333333
26.9333333333
28.4
25.813559322
27.1166666667
27.7
26.7
25.35
27.2
25.1132075472
--END OF 5--
26.0666666667
26.5254237288
27.5333333333
27.6
27.45
27.7666666667
29.15
28.2166666667
27.4406779661
27.7666666667
25.9166666667
26.05
26.5166666667
27.2833333333
27.3728813559
27.1166666667
27.35
26.1333333333
27.7833333333
25.5593220339
26.5833333333
27.7833333333
25.95
26.3
27.55
26.7118644068
25.1
27.9
28.3166666667
27.7333333333
26.7166666667
28.4915254237
27.55
26.1666666667
28.7
29.6
27.9322033898
26.6333333333
24.3
27.4333333333
27.55
28.05
27.5762711864
28.5333333333
26.8333333333
26.0333333333
27.8333333333
25.05
28.186440678
27.9833333333
28.9333333333
28.2333333333
30.1166666667
27.3898305085
28.75
28.85
27.55
26.6
28.15
26.5094339623
--END OF 6--
3356.05
3379.62711864
3489.15
3602.1
3558.6
3527.55
3589.65
3508.35
3432.30508475
3594.95
3401.05
3362.75
3454.2
3503.95
3570.30508475
3464.3
3454.25
3523.85
3554.8
3430.37288136
3412.6
3586.45
3355.25
3384.45
3414.75
3523.93220339
3212.85
3567.15
3541.3
3562.15
3651.0
3630.40677966
3413.8
3323.85
3485.3
3632.8
3668.49152542
3484.95
3333.9
3462.75
3429.75
3476.15
3552.86440678
3625.85
3423.85
3478.0
3603.9
3435.9
3618.15254237
3545.85
3535.2
3574.05
3715.3
3507.25423729
3487.35
3462.9
3430.65
3393.9
3547.8
3431.32075472
--END OF 7--
928.583333333
945.06779661
968.45
1000.68333333
1001.2
964.6
987.35
972.916666667
965.305084746
1010.1
930.533333333
942.15
955.75
958.566666667
995.389830508
968.016666667
951.966666667
966.416666667
997.316666667
960.118644068
957.25
1002.51666667
936.333333333
938.4
940.0
987.237288136
895.816666667
971.916666667
985.216666667
990.566666667
1008.08333333
1018.57627119
953.983333333
922.833333333
976.783333333
1009.06666667
1007.91525424
952.9
907.25
969.65
955.8
977.083333333
992.101694915
1006.1
957.933333333
985.35
980.166666667
939.783333333
1016.93220339
992.35
984.366666667
977.05
1052.93333333
976.016949153
974.75
975.45
965.0
939.15
992.2
943.528301887
--END OF 8--
145.15
153.711864407
156.25
169.4
144.85
142.466666667
159.25
165.7
152.728813559
165.266666667
141.75
154.35
152.433333333
153.083333333
153.322033898
164.666666667
163.683333333
136.233333333
168.05
159.152542373
171.633333333
162.85
152.283333333
149.35
167.0
158.711864407
147.683333333
156.1
165.183333333
163.766666667
158.4
181.86440678
166.0
154.25
171.133333333
182.133333333
159.237288136
151.6
135.5
156.15
167.033333333
166.783333333
171.13559322
175.766666667
176.716666667
149.55
149.916666667
152.283333333
164.372881356
165.516666667
160.6
158.0
174.733333333
154.152542373
172.916666667
161.9
163.2
146.75
165.7
142.943396226
--END OF 9--
8.56666666667
8.22033898305
7.65
5.18333333333
8.45
8.98333333333
10.95
8.96666666667
10.6101694915
5.33333333333
8.08333333333
8.48333333333
9.4
8.15
7.13559322034
5.28333333333
7.25
6.08333333333
8.28333333333
4.05084745763
6.96666666667
7.93333333333
6.43333333333
7.96666666667
9.15
6.76271186441
5.36666666667
6.73333333333
7.61666666667
7.03333333333
3.16666666667
3.05084745763
10.8666666667
10.3666666667
9.6
8.3
6.71186440678
8.1
5.75
7.55
6.5
9.53333333333
6.49152542373
8.18333333333
7.66666666667
2.91666666667
10.2166666667
2.33333333333
6.81355932203
7.41666666667
12.4166666667
10.1666666667
10.1
9.05084745763
9.96666666667
11.8
8.1
9.3
10.3
5.18867924528
--END OF 10--
0.716666666667
0.203389830508
1.0
0.5
1.05
3.26666666667
2.95
2.78333333333
1.64406779661
0.816666666667
0.55
0.366666666667
1.18333333333
1.66666666667
0.406779661017
1.13333333333
1.91666666667
0.45
0.616666666667
0.237288135593
0.216666666667
2.2
1.1
2.2
2.95
1.0
1.03333333333
1.76666666667
1.51666666667
0.766666666667
0.933333333333
0.542372881356
0.483333333333
1.21666666667
0.783333333333
2.05
1.57627118644
1.9
0.35
1.25
1.83333333333
2.01666666667
0.813559322034
1.01666666667
0.416666666667
0.0833333333333
0.616666666667
1.05
0.576271186441
2.81666666667
3.38333333333
1.41666666667
1.95
2.42372881356
2.53333333333
1.7
1.8
1.6
1.65
2.32075471698
--END OF 11--
0.0
0.0
0.5
0.166666666667
0.35
0.516666666667
0.6
0.166666666667
0.0
0.0
0.0
0.0
0.0
0.383333333333
0.118644067797
0.416666666667
0.283333333333
0.416666666667
0.0833333333333
0.0
0.0
0.1
0.1
0.0
0.5
0.169491525424
0.0
0.0
0.5
0.0
0.0
0.0677966101695
0.433333333333
0.316666666667
0.683333333333
0.0
0.305084745763
0.0
0.0
0.0
0.0
0.166666666667
0.0
0.0
0.166666666667
0.0
0.0
0.666666666667
0.203389830508
0.5
0.266666666667
0.0
0.466666666667
0.491525423729
0.55
0.6
0.0
0.0
0.0
0.566037735849
--END OF 12--
