12.2
12.0666666667
11.6610169492
11.9833333333
12.55
11.6
12.2166666667
12.2166666667
11.0166666667
11.7966101695
11.8833333333
11.1166666667
10.3166666667
11.3
11.7966101695
11.4833333333
11.3833333333
10.7833333333
11.85
12.1666666667
11.4576271186
11.55
10.35
12.3833333333
12.0833333333
11.3389830508
13.15
11.75
13.3833333333
12.2166666667
11.7666666667
12.1694915254
11.6833333333
12.5333333333
11.9
12.4666666667
11.5333333333
12.9830508475
13.45
13.1666666667
13.5833333333
11.6666666667
12.2372881356
11.55
10.5833333333
11.3833333333
12.2333333333
12.4333333333
13.2372881356
12.3333333333
12.35
13.7
12.1833333333
13.3728813559
13.4
12.3666666667
12.6166666667
13.0833333333
11.75
12.3035714286
--END OF 1--
16.0666666667
16.0
15.7796610169
15.45
15.95
14.8333333333
14.9333333333
15.5666666667
14.4
14.9491525424
15.9833333333
14.0666666667
13.2166666667
15.4
15.1186440678
14.9166666667
15.35
15.7333333333
16.2833333333
16.5
15.6101694915
14.6666666667
13.0833333333
16.6833333333
16.4
15.1186440678
16.45
16.45
17.5333333333
16.0166666667
15.4666666667
15.7118644068
15.7666666667
16.8333333333
16.45
17.7666666667
17.1666666667
18.0677966102
19.1666666667
17.0166666667
18.1166666667
16.4
16.1694915254
14.95
13.8333333333
15.3833333333
15.5833333333
16.2333333333
17.0338983051
16.4
16.9166666667
18.3333333333
16.1333333333
17.1525423729
17.7166666667
16.9333333333
16.2833333333
16.9166666667
15.45
15.6785714286
--END OF 2--
16.5833333333
16.3
17.1186440678
16.2
17.35
15.1666666667
15.3
15.7666666667
15.1833333333
15.2542372881
15.9833333333
14.2166666667
13.5666666667
15.6
15.1186440678
15.0666666667
15.65
15.9333333333
16.7333333333
17.05
15.7288135593
14.9166666667
13.5833333333
17.2166666667
16.65
15.9830508475
16.65
16.45
17.6833333333
16.0166666667
15.6666666667
15.7118644068
15.7666666667
17.4333333333
16.8666666667
18.8333333333
18.8666666667
18.6101694915
19.9833333333
17.4833333333
18.3666666667
17.3666666667
17.3220338983
15.6
14.0333333333
15.4833333333
16.0833333333
16.5833333333
17.0847457627
16.5
17.1666666667
18.6833333333
16.5333333333
17.6101694915
18.1666666667
17.1666666667
16.2833333333
17.5333333333
16.0333333333
15.7142857143
--END OF 3--
12.2
12.0666666667
11.6610169492
11.9833333333
12.55
11.6
12.2166666667
12.2166666667
11.0166666667
11.7966101695
11.8833333333
11.1166666667
10.3166666667
11.3
11.7966101695
11.4833333333
11.3833333333
10.7833333333
11.85
12.1666666667
11.4576271186
11.55
10.35
12.3833333333
12.0833333333
11.3389830508
13.15
11.75
13.3833333333
12.2166666667
11.7666666667
12.1694915254
11.6833333333
12.5333333333
11.9
12.4666666667
11.5333333333
12.9830508475
13.45
13.1666666667
13.5833333333
11.6666666667
12.2372881356
11.55
10.5833333333
11.3833333333
12.2333333333
12.4333333333
13.2372881356
12.3333333333
12.35
13.7
12.1833333333
13.3728813559
13.4
12.3666666667
12.6166666667
13.0833333333
11.75
12.3035714286
--END OF 4--
16.0666666667
16.0
15.7796610169
15.45
15.95
14.8333333333
14.9333333333
15.5666666667
14.4
14.9491525424
15.9833333333
14.0666666667
13.2166666667
15.4
15.1186440678
14.9166666667
15.35
15.7333333333
16.2833333333
16.5
15.6101694915
14.6666666667
13.0833333333
16.6833333333
16.4
15.1186440678
16.45
16.45
17.5333333333
16.0166666667
15.4666666667
15.7118644068
15.7666666667
16.8333333333
16.45
17.7666666667
17.1666666667
18.0677966102
19.1666666667
17.0166666667
18.1166666667
16.4
16.1694915254
14.95
13.8333333333
15.3833333333
15.5833333333
16.2333333333
17.0338983051
16.4
16.9166666667
18.3333333333
16.1333333333
17.1525423729
17.7166666667
16.9333333333
16.2833333333
16.9166666667
15.45
15.6785714286
--END OF 5--
16.5833333333
16.3
17.1186440678
16.2
17.35
15.1666666667
15.3
15.7666666667
15.1833333333
15.2542372881
15.9833333333
14.2166666667
13.5666666667
15.6
15.1186440678
15.0666666667
15.65
15.9333333333
16.7333333333
17.05
15.7288135593
14.9166666667
13.5833333333
17.2166666667
16.65
15.9830508475
16.65
16.45
17.6833333333
16.0166666667
15.6666666667
15.7118644068
15.7666666667
17.4333333333
16.8666666667
18.8333333333
18.8666666667
18.6101694915
19.9833333333
17.4833333333
18.3666666667
17.3666666667
17.3220338983
15.6
14.0333333333
15.4833333333
16.0833333333
16.5833333333
17.0847457627
16.5
17.1666666667
18.6833333333
16.5333333333
17.6101694915
18.1666666667
17.1666666667
16.2833333333
17.5333333333
16.0333333333
15.7142857143
--END OF 6--
2296.35
2296.3
2356.37288136
2274.55
2345.35
2221.6
2224.05
2338.65
2159.35
2221.42372881
2239.5
2265.15
2107.95
2225.1
2223.91525424
2149.6
2184.3
2111.55
2283.75
2345.95
2214.25423729
2165.7
1981.3
2366.0
2354.15
2236.52542373
2452.05
2263.2
2439.15
2353.65
2297.1
2374.22033898
2342.75
2359.5
2304.05
2485.65
2361.65
2516.33898305
2519.6
2406.35
2507.55
2288.6
2308.98305085
2146.05
1943.85
2149.35
2260.5
2455.8
2502.91525424
2320.55
2331.9
2548.5
2358.0
2479.47457627
2497.55
2364.1
2304.3
2352.25
2242.45
2253.48214286
--END OF 7--
648.65
644.333333333
643.559322034
633.8
662.616666667
607.233333333
618.333333333
650.95
594.766666667
620.406779661
622.5
606.35
574.6
609.45
628.06779661
608.45
613.116666667
588.316666667
637.1
651.95
616.305084746
604.533333333
552.8
661.316666667
656.533333333
602.237288136
686.75
636.6
694.55
664.15
633.75
646.627118644
650.983333333
653.083333333
634.9
693.866666667
655.583333333
692.305084746
709.6
669.6
696.566666667
635.666666667
644.423728814
580.25
554.4
609.0
634.05
665.1
686.0
649.133333333
652.316666667
716.95
651.6
688.254237288
711.516666667
661.416666667
641.733333333
664.583333333
630.35
630.714285714
--END OF 8--
94.0833333333
90.1833333333
92.3898305085
79.2666666667
83.0666666667
78.4666666667
74.85
78.4
80.3666666667
75.5423728814
103.65
67.9
73.6
79.2
84.6271186441
84.45
86.7333333333
83.95
91.1833333333
90.3166666667
79.9661016949
87.65
61.95
90.5833333333
100.2
81.3389830508
75.85
101.6
87.4
97.55
84.25
82.2203389831
89.8666666667
99.0666666667
90.9666666667
101.7
98.2333333333
103.915254237
115.3
102.066666667
92.9833333333
101.183333333
94.9830508475
90.1
75.05
86.05
87.55
89.1
88.5423728814
106.3
101.95
100.15
87.2666666667
98.9322033898
101.45
98.4666666667
96.4166666667
99.4833333333
97.6666666667
79.1071428571
--END OF 9--
3.13333333333
2.76666666667
4.38983050847
3.85
5.36666666667
3.76666666667
2.0
1.26666666667
3.53333333333
2.32203389831
1.85
1.1
0.8
2.4
0.745762711864
2.26666666667
2.58333333333
3.61666666667
2.93333333333
4.6
4.05084745763
1.76666666667
1.9
3.71666666667
4.0
3.66101694915
0.5
2.6
3.2
0.45
3.15
2.86440677966
2.58333333333
4.68333333333
4.5
4.58333333333
6.63333333333
3.23728813559
6.1
2.9
4.4
4.86666666667
3.45762711864
2.6
1.35
2.65
1.9
2.2
2.5593220339
2.25
3.68333333333
3.88333333333
3.03333333333
2.89830508475
2.28333333333
2.26666666667
1.73333333333
3.88333333333
2.36666666667
2.53571428571
--END OF 10--
0.966666666667
0.783333333333
2.22033898305
1.0
1.56666666667
0.466666666667
0.0666666666667
0.45
0.483333333333
0.0
0.0
0.15
0.45
0.4
0.0
0.5
0.5
0.383333333333
0.616666666667
0.483333333333
0.491525423729
0.316666666667
0.783333333333
0.933333333333
0.0166666666667
1.50847457627
0.0
0.0
0.0
0.0
0.0
0.0
0.0
0.5
0.25
1.81666666667
2.65
0.864406779661
1.36666666667
0.833333333333
0.233333333333
1.06666666667
1.71186440678
0.6
0.15
0.5
0.5
0.5
0.0
0.0
0.633333333333
0.866666666667
0.5
0.508474576271
0.5
0.466666666667
0.0
0.966666666667
1.03333333333
0.0357142857143
--END OF 11--
0.0
0.0
0.0
0.0
0.5
0.0
0.0
0.0
0.0
0.0
0.0
0.15
0.35
0.0
0.0
0.0
0.0
0.0
0.0
0.0
0.0
0.0
0.0666666666667
0.433333333333
0.0
0.0
0.0
0.0
0.0
0.0
0.0
0.0
0.0
0.0
0.0833333333333
0.416666666667
1.0
0.0
0.5
0.0
0.0
0.0
0.0
0.0
0.0
0.0
0.0
0.0
0.0
0.0
0.0
0.0
0.5
0.0
0.0
0.0
0.0
0.0
0.0
0.0
--END OF 12--
