15.7288135593
14.2
15.8166666667
15.3833333333
15.5
15.15
14.75
14.8644067797
14.0166666667
14.4666666667
14.95
14.4833333333
14.1
14.3898305085
15.0166666667
15.3833333333
15.9833333333
15.2333333333
14.35
14.6779661017
14.4666666667
15.2833333333
17.0666666667
15.9833333333
15.4666666667
15.3898305085
16.6166666667
15.85
15.85
14.7666666667
15.9666666667
15.3220338983
14.1
15.3
14.4166666667
14.6666666667
14.45
15.1525423729
14.6833333333
15.4833333333
15.3166666667
14.6166666667
14.8166666667
16.4745762712
15.2333333333
14.7666666667
15.0
14.9
14.8983050847
14.7833333333
15.1666666667
15.4
16.2833333333
14.4166666667
15.3389830508
16.55
15.7
15.55
14.8
16.9107142857
--END OF 1--
22.1694915254
19.95
22.5333333333
22.4
23.3166666667
22.8833333333
20.4166666667
21.1186440678
20.0833333333
20.65
20.95
21.35
20.8833333333
22.6949152542
21.2666666667
22.1333333333
21.5833333333
21.6833333333
21.4
20.2881355932
21.0166666667
21.35
25.3833333333
24.5333333333
22.9666666667
21.7118644068
22.05
22.2666666667
21.3333333333
22.6166666667
20.9333333333
20.3728813559
21.0
21.75
21.8166666667
19.9166666667
22.5666666667
22.1016949153
21.3666666667
22.3166666667
21.95
21.6333333333
21.7
22.0169491525
21.9666666667
20.8333333333
21.7333333333
20.9666666667
20.7627118644
21.7333333333
21.3666666667
20.6
22.8833333333
21.1
22.3898305085
23.7833333333
21.85
23.25
21.0
23.8392857143
--END OF 2--
23.5084745763
20.5833333333
23.0
23.15
24.4666666667
23.15
22.0666666667
22.9152542373
21.3333333333
22.2333333333
21.2
22.0833333333
21.6
23.186440678
22.7166666667
23.4833333333
22.3833333333
22.4333333333
21.95
20.7288135593
22.3333333333
22.4
26.2166666667
26.0333333333
23.85
22.0677966102
22.8666666667
22.5666666667
21.9666666667
23.1166666667
22.2666666667
21.5593220339
22.2833333333
22.7666666667
22.4666666667
20.2166666667
22.8666666667
22.5423728814
22.2333333333
22.9
23.8666666667
22.7
22.6
22.6779661017
22.8666666667
20.9666666667
22.35
20.9833333333
22.3220338983
22.4333333333
21.4666666667
21.7
23.6833333333
21.2666666667
22.7457627119
25.65
22.6
23.7666666667
21.6
25.3392857143
--END OF 3--
15.7288135593
14.2
15.8166666667
15.3833333333
15.5
15.15
14.75
14.8644067797
14.0166666667
14.4666666667
14.95
14.4833333333
14.1
14.3898305085
15.0166666667
15.3833333333
15.9833333333
15.2333333333
14.35
14.6779661017
14.4666666667
15.2833333333
17.0666666667
15.9833333333
15.4666666667
15.3898305085
16.6166666667
15.85
15.85
14.7666666667
15.9666666667
15.3220338983
14.1
15.3
14.4166666667
14.6666666667
14.45
15.1525423729
14.6833333333
15.4833333333
15.3166666667
14.6166666667
14.8166666667
16.4745762712
15.2333333333
14.7666666667
15.0
14.9
14.8983050847
14.7833333333
15.1666666667
15.4
16.2833333333
14.4166666667
15.3389830508
16.55
15.7
15.55
14.8
16.9107142857
--END OF 4--
22.1694915254
19.95
22.5333333333
22.4
23.3166666667
22.8833333333
20.4166666667
21.1186440678
20.0833333333
20.65
20.95
21.35
20.8833333333
22.6949152542
21.2666666667
22.1333333333
21.5833333333
21.6833333333
21.4
20.2881355932
21.0166666667
21.35
25.3833333333
24.5333333333
22.9666666667
21.7118644068
22.05
22.2666666667
21.3333333333
22.6166666667
20.9333333333
20.3728813559
21.0
21.75
21.8166666667
19.9166666667
22.5666666667
22.1016949153
21.3666666667
22.3166666667
21.95
21.6333333333
21.7
22.0169491525
21.9666666667
20.8333333333
21.7333333333
20.9666666667
20.7627118644
21.7333333333
21.3666666667
20.6
22.8833333333
21.1
22.3898305085
23.7833333333
21.85
23.25
21.0
23.8392857143
--END OF 5--
23.5084745763
20.5833333333
23.0
23.15
24.4666666667
23.15
22.0666666667
22.9152542373
21.3333333333
22.2333333333
21.2
22.0833333333
21.6
23.186440678
22.7166666667
23.4833333333
22.3833333333
22.4333333333
21.95
20.7288135593
22.3333333333
22.4
26.2166666667
26.0333333333
23.85
22.0677966102
22.8666666667
22.5666666667
21.9666666667
23.1166666667
22.2666666667
21.5593220339
22.2833333333
22.7666666667
22.4666666667
20.2166666667
22.8666666667
22.5423728814
22.2333333333
22.9
23.8666666667
22.7
22.6
22.6779661017
22.8666666667
20.9666666667
22.35
20.9833333333
22.3220338983
22.4333333333
21.4666666667
21.7
23.6833333333
21.2666666667
22.7457627119
25.65
22.6
23.7666666667
21.6
25.3392857143
--END OF 6--
2876.59322034
2764.7
3100.85
2907.85
2993.65
2998.55
2924.75
2910.05084746
2918.7
2859.7
2914.1
2876.35
2724.95
2815.47457627
2839.95
2962.35
3010.2
2909.25
2802.0
2767.98305085
2851.1
2895.3
3101.9
3086.95
2989.15
2886.91525424
3066.95
3004.7
2834.7
2867.2
2971.8
2866.47457627
2776.9
2891.8
2818.2
2767.5
2874.95
2905.52542373
2833.0
2917.7
2873.05
2860.3
2883.2
2936.6440678
2830.55
2864.85
2861.05
2768.7
2835.96610169
2869.5
2827.65
2824.35
3075.0
2857.4
2919.40677966
2955.95
2850.65
2974.55
2725.55
2983.5
--END OF 7--
807.644067797
769.3
864.116666667
821.5
841.85
836.883333333
809.883333333
809.0
793.283333333
813.683333333
795.866666667
810.0
775.333333333
794.949152542
802.35
811.35
824.6
813.75
805.35
773.813559322
794.75
811.316666667
886.883333333
867.883333333
824.05
796.779661017
848.833333333
837.316666667
798.383333333
788.85
824.35
806.101694915
779.283333333
817.4
795.2
761.7
811.55
828.372881356
787.216666667
809.35
791.266666667
809.616666667
798.483333333
828.0
797.733333333
798.733333333
812.183333333
786.666666667
797.881355932
801.333333333
793.95
788.1
846.15
787.45
815.389830508
850.75
814.95
836.333333333
766.25
849.535714286
--END OF 8--
151.169491525
110.133333333
136.333333333
142.9
132.883333333
143.233333333
127.933333333
140.406779661
131.116666667
117.366666667
135.166666667
143.15
137.016666667
156.949152542
128.75
133.7
129.7
135.75
140.3
126.949152542
142.816666667
117.783333333
165.4
157.033333333
145.516666667
134.474576271
123.033333333
136.716666667
122.066666667
154.533333333
122.083333333
125.830508475
134.083333333
133.1
135.7
129.5
166.1
133.593220339
124.666666667
137.266666667
133.233333333
136.533333333
134.533333333
129.915254237
128.866666667
131.3
149.8
118.816666667
119.93220339
145.783333333
140.85
122.5
145.05
137.083333333
140.305084746
148.316666667
131.95
144.866666667
131.45
153.089285714
--END OF 9--
6.86440677966
6.65
2.7
6.23333333333
12.7666666667
8.16666666667
6.96666666667
6.20338983051
4.81666666667
6.48333333333
5.2
3.38333333333
5.96666666667
7.23728813559
8.15
9.0
4.1
6.15
4.95
2.64406779661
5.85
7.95
9.98333333333
8.13333333333
4.31666666667
5.98305084746
3.28333333333
2.96666666667
5.18333333333
5.01666666667
3.83333333333
4.28813559322
7.88333333333
7.41666666667
5.95
0.75
5.01666666667
6.35593220339
7.66666666667
5.83333333333
12.2
8.8
7.51666666667
2.71186440678
7.38333333333
3.08333333333
3.35
3.83333333333
6.18644067797
6.43333333333
3.8
5.55
6.75
4.8
4.76271186441
8.53333333333
5.05
5.46666666667
3.3
7.01785714286
--END OF 10--
1.57627118644
0.966666666667
0.533333333333
1.25
1.85
0.466666666667
2.18333333333
2.67796610169
1.4
1.78333333333
0.0
0.816666666667
1.16666666667
0.423728813559
2.5
2.5
1.4
0.95
0.75
0.64406779661
1.51666666667
1.75
0.916666666667
2.31666666667
1.1
0.0
1.36666666667
0.366666666667
0.766666666667
1.0
1.48333333333
1.54237288136
2.55
0.85
0.8
0.5
0.566666666667
0.813559322034
1.36666666667
1.16666666667
1.9
0.616666666667
1.6
0.745762711864
1.28333333333
0.4
0.5
0.0166666666667
2.37288135593
1.13333333333
0.15
1.65
0.5
0.366666666667
0.423728813559
2.85
1.15
0.4
0.633333333333
1.98214285714
--END OF 11--
0.559322033898
0.0
0.0
0.0833333333333
0.85
0.0
0.183333333333
0.830508474576
0.0
1.0
0.0
0.5
0.0
0.0
0.35
0.5
0.15
0.0
0.0
0.0
0.5
0.0
0.166666666667
0.466666666667
0.833333333333
0.0
0.0
0.166666666667
0.333333333333
0.5
0.0
0.406779661017
0.65
0.15
0.6
0.4
0.0
0.0
0.5
0.2
0.0833333333333
0.216666666667
0.0
0.0
0.5
0.0
0.0
0.0
0.508474576271
0.266666666667
0.0
0.0
0.0
0.0166666666667
0.423728813559
0.0
0.0
0.233333333333
0.0
0.910714285714
--END OF 12--
