16.7333333333
15.9
15.6666666667
16.0166666667
15.9322033898
14.2
16.6
16.4
15.85
15.85
16.186440678
16.9333333333
16.15
16.0166666667
14.45
16.4833333333
15.0338983051
15.6833333333
15.55
15.0666666667
16.5666666667
16.8474576271
17.4
16.15
15.8
15.95
17.1333333333
16.8474576271
16.45
15.3
16.9
14.8166666667
16.3833333333
16.4915254237
16.0666666667
16.1166666667
15.6333333333
16.5833333333
16.1333333333
16.4745762712
16.1333333333
16.6166666667
15.9166666667
15.8666666667
16.1694915254
16.3666666667
15.4833333333
15.95
15.2333333333
15.0
15.8813559322
15.95
16.2666666667
16.85
16.5166666667
16.0833333333
17.6271186441
16.9
17.05
15.3684210526
--END OF 1--
22.2333333333
20.7333333333
21.6166666667
21.0666666667
22.0
20.0
21.4
22.2
20.6
21.5
22.4915254237
22.7166666667
21.9
21.35
19.8166666667
21.7
20.4745762712
21.4166666667
20.05
21.1333333333
22.25
21.6440677966
23.9
21.5
20.7
22.0333333333
23.2833333333
22.7457627119
21.6333333333
19.6
21.8
20.7166666667
22.3666666667
22.1016949153
21.8833333333
21.5333333333
20.4
21.3666666667
21.35
22.6271186441
22.0833333333
22.4166666667
21.2166666667
22.2666666667
21.7118644068
21.9333333333
20.8666666667
22.1833333333
21.15
19.85
21.1355932203
21.9333333333
21.9
21.9833333333
21.2
20.2833333333
23.4406779661
23.2
22.4
20.350877193
--END OF 2--
22.7666666667
21.25
22.35
21.0666666667
22.9830508475
20.65
22.35
23.1
21.55
21.9
22.7457627119
23.2
22.1666666667
22.2
20.9666666667
22.2333333333
20.813559322
21.9833333333
21.05
22.45
22.25
22.8644067797
24.8
22.05
21.6
22.25
24.3833333333
22.8983050847
22.0833333333
20.15
22.0833333333
21.2166666667
23.4
22.8983050847
23.2333333333
22.1833333333
21.6666666667
22.0166666667
21.4166666667
23.4915254237
22.7333333333
22.9666666667
21.7666666667
23.0666666667
22.1694915254
22.4666666667
21.3166666667
23.1333333333
21.5333333333
20.1166666667
21.9152542373
23.6666666667
23.1666666667
22.4666666667
21.3166666667
20.65
24.0169491525
23.95
23.75
20.5789473684
--END OF 3--
16.7333333333
15.9
15.6666666667
16.0166666667
15.9322033898
14.2
16.6
16.4
15.85
15.85
16.186440678
16.9333333333
16.15
16.0166666667
14.45
16.4833333333
15.0338983051
15.6833333333
15.55
15.0666666667
16.5666666667
16.8474576271
17.4
16.15
15.8
15.95
17.1333333333
16.8474576271
16.45
15.3
16.9
14.8166666667
16.3833333333
16.4915254237
16.0666666667
16.1166666667
15.6333333333
16.5833333333
16.1333333333
16.4745762712
16.1333333333
16.6166666667
15.9166666667
15.8666666667
16.1694915254
16.3666666667
15.4833333333
15.95
15.2333333333
15.0
15.8813559322
15.95
16.2666666667
16.85
16.5166666667
16.0833333333
17.6271186441
16.9
17.05
15.3684210526
--END OF 4--
22.2333333333
20.7333333333
21.6166666667
21.0666666667
22.0
20.0
21.4
22.2
20.6
21.5
22.4915254237
22.7166666667
21.9
21.35
19.8166666667
21.7
20.4745762712
21.4166666667
20.05
21.1333333333
22.25
21.6440677966
23.9
21.5
20.7
22.0333333333
23.2833333333
22.7457627119
21.6333333333
19.6
21.8
20.7166666667
22.3666666667
22.1016949153
21.8833333333
21.5333333333
20.4
21.3666666667
21.35
22.6271186441
22.0833333333
22.4166666667
21.2166666667
22.2666666667
21.7118644068
21.9333333333
20.8666666667
22.1833333333
21.15
19.85
21.1355932203
21.9333333333
21.9
21.9833333333
21.2
20.2833333333
23.4406779661
23.2
22.4
20.350877193
--END OF 5--
22.7666666667
21.25
22.35
21.0666666667
22.9830508475
20.65
22.35
23.1
21.55
21.9
22.7457627119
23.2
22.1666666667
22.2
20.9666666667
22.2333333333
20.813559322
21.9833333333
21.05
22.45
22.25
22.8644067797
24.8
22.05
21.6
22.25
24.3833333333
22.8983050847
22.0833333333
20.15
22.0833333333
21.2166666667
23.4
22.8983050847
23.2333333333
22.1833333333
21.6666666667
22.0166666667
21.4166666667
23.4915254237
22.7333333333
22.9666666667
21.7666666667
23.0666666667
22.1694915254
22.4666666667
21.3166666667
23.1333333333
21.5333333333
20.1166666667
21.9152542373
23.6666666667
23.1666666667
22.4666666667
21.3166666667
20.65
24.0169491525
23.95
23.75
20.5789473684
--END OF 6--
3255.85
3129.05
3164.25
2935.9
3030.3559322
2857.95
3048.15
3039.6
3018.45
3094.5
3046.01694915
3249.8
3093.7
3106.9
2924.4
3152.55
2869.42372881
3013.4
2944.6
3008.25
3077.4
3107.94915254
3216.45
2956.5
2978.7
2992.4
3207.9
3115.11864407
3076.2
2841.9
3111.25
2967.4
3170.1
3203.33898305
3164.1
3045.45
3041.6
3189.25
3060.45
3117.66101695
3110.55
3170.85
3059.1
3012.9
3137.38983051
3123.1
2974.1
2985.2
2912.5
2859.4
2983.98305085
3064.2
3087.55
3190.25
3123.9
3084.6
3292.57627119
3153.45
3212.85
3024.21052632
--END OF 7--
890.283333333
866.0
873.833333333
828.366666667
850.355932203
765.55
846.95
843.35
830.7
842.35
851.762711864
888.366666667
857.766666667
854.533333333
795.5
882.15
797.457627119
841.6
807.433333333
812.85
864.133333333
865.661016949
901.2
833.3
804.8
827.133333333
892.1
871.847457627
856.25
807.0
882.233333333
812.383333333
877.516666667
881.06779661
857.75
839.516666667
825.933333333
883.983333333
832.466666667
864.576271186
863.45
878.2
838.7
830.3
861.13559322
865.6
818.166666667
830.2
806.333333333
783.35
829.762711864
839.033333333
843.583333333
876.216666667
859.75
840.316666667
910.084745763
874.2
891.2
825.736842105
--END OF 8--
129.85
108.45
129.55
113.316666667
129.457627119
122.35
130.6
128.25
112.05
125.2
133.186440678
115.633333333
114.75
125.116666667
107.966666667
122.233333333
123.389830508
125.55
110.633333333
120.483333333
121.816666667
115.491525424
130.1
121.05
103.75
122.4
125.9
123.033898305
114.383333333
107.316666667
110.433333333
117.183333333
125.516666667
120.220338983
119.333333333
128.233333333
119.816666667
112.0
104.916666667
127.355932203
119.05
113.8
113.8
133.0
117.084745763
129.316666667
103.733333333
123.166666667
124.25
116.383333333
114.93220339
124.716666667
122.783333333
115.383333333
102.533333333
99.35
131.694915254
130.65
109.25
109.385964912
--END OF 9--
1.61666666667
4.31666666667
4.66666666667
3.0
5.05084745763
5.7
3.3
5.55
4.35
4.2
5.69491525424
4.1
3.76666666667
3.31666666667
4.4
3.55
5.32203389831
4.58333333333
4.6
5.76666666667
3.68333333333
5.79661016949
7.95
4.9
4.95
5.11666666667
5.4
2.84745762712
4.91666666667
1.68333333333
2.18333333333
5.18333333333
3.86666666667
3.83050847458
6.41666666667
4.11666666667
3.81666666667
3.56666666667
4.85
5.64406779661
4.75
8.0
2.15
5.75
3.69491525424
3.21666666667
5.68333333333
9.23333333333
4.55
2.81666666667
4.54237288136
7.25
6.85
4.11666666667
2.71666666667
2.58333333333
4.98305084746
5.95
6.2
3.38596491228
--END OF 10--
0.95
0.666666666667
1.16666666667
0.0333333333333
1.76271186441
1.2
1.0
1.05
1.45
0.45
0.559322033898
0.866666666667
0.633333333333
1.0
1.98333333333
0.15
0.694915254237
1.01666666667
1.26666666667
2.31666666667
0.0833333333333
0.71186440678
0.8
0.5
1.65
0.666666666667
1.8
0.28813559322
0.866666666667
1.0
0.583333333333
0.5
1.25
1.10169491525
1.7
0.933333333333
1.21666666667
0.5
0.05
1.08474576271
1.05
0.4
1.0
1.2
0.389830508475
0.9
0.4
1.15
0.166666666667
0.633333333333
1.30508474576
2.71666666667
2.13333333333
0.7
0.0333333333333
0.633333333333
0.728813559322
1.15
2.4
0.438596491228
--END OF 11--
0.0
0.366666666667
0.133333333333
0.0
0.338983050847
0.0
0.0
0.5
0.0
0.0
0.0
0.0
0.0
0.0
0.983333333333
0.0166666666667
0.0
0.333333333333
0.683333333333
0.483333333333
0.0
0.508474576271
0.0
0.5
0.45
0.05
0.35
0.152542372881
0.0
0.0
0.0
0.0
0.666666666667
0.0169491525424
1.2
0.216666666667
0.933333333333
0.0
0.05
0.525423728814
0.0
0.0
0.0
0.7
0.305084745763
0.483333333333
0.0166666666667
0.533333333333
0.166666666667
0.0
0.0
0.0
0.0
0.0
0.0
0.0
0.0
0.0
0.4
0.0
--END OF 12--
