13.0333333333
13.6101694915
13.8
14.2166666667
14.15
14.6833333333
14.35
13.1525423729
13.5
12.9
12.8333333333
12.1833333333
12.55
13.2372881356
13.5
13.0
13.9666666667
13.6666666667
13.5
12.8813559322
12.5
13.1833333333
13.4333333333
12.8166666667
13.3220338983
13.1333333333
12.1
12.9
12.8
14.5
13.9491525424
12.65
13.2166666667
11.8166666667
12.1666666667
13.1
14.2372881356
13.8
14.2
13.3833333333
12.9666666667
11.9322033898
12.4333333333
13.2833333333
13.1166666667
13.1666666667
13.3166666667
12.5762711864
13.9166666667
13.7166666667
12.85
13.3166666667
13.3666666667
14.406779661
13.8833333333
14.4
14.0666666667
13.1166666667
12.9322033898
12.9056603774
--END OF 1--
17.25
17.5084745763
17.4333333333
18.7
19.0666666667
18.4333333333
18.7333333333
17.7796610169
18.4
17.2166666667
17.5333333333
16.2333333333
17.2
18.0338983051
17.4166666667
18.2
18.4
17.3166666667
17.9
17.5084745763
16.9333333333
16.95
17.0666666667
16.8166666667
18.6949152542
18.4833333333
16.1
17.45
17.15
19.05
18.3050847458
16.7166666667
17.4
15.5166666667
16.8833333333
18.0
18.5084745763
19.0833333333
19.0
18.6666666667
17.65
15.7966101695
16.9833333333
17.7333333333
18.2666666667
18.3166666667
17.95
17.8813559322
19.1
17.85
17.1166666667
17.35
17.6666666667
18.3559322034
17.85
18.0666666667
18.2833333333
16.55
16.4406779661
16.9622641509
--END OF 2--
17.5
17.9830508475
18.2833333333
20.25
19.3
18.5333333333
18.9833333333
18.2881355932
18.95
17.6
17.9833333333
16.7333333333
17.8
19.0847457627
18.0166666667
19.5166666667
18.4166666667
17.7
18.5166666667
17.8813559322
17.9666666667
17.2
17.3666666667
17.2166666667
19.5593220339
18.4833333333
16.85
17.7
17.9
20.05
19.3559322034
17.1166666667
17.4166666667
16.75
17.4666666667
18.9166666667
19.0677966102
19.5666666667
19.4833333333
19.6666666667
18.55
17.1694915254
17.8833333333
18.0833333333
18.3666666667
19.0166666667
18.9666666667
19.3389830508
20.05
18.9666666667
17.5666666667
17.75
18.6
20.4237288136
18.1333333333
18.3666666667
19.1
17.2333333333
16.7966101695
17.3018867925
--END OF 3--
13.0333333333
13.6101694915
13.8
14.2166666667
14.15
14.6833333333
14.35
13.1525423729
13.5
12.9
12.8333333333
12.1833333333
12.55
13.2372881356
13.5
13.0
13.9666666667
13.6666666667
13.5
12.8813559322
12.5
13.1833333333
13.4333333333
12.8166666667
13.3220338983
13.1333333333
12.1
12.9
12.8
14.5
13.9491525424
12.65
13.2166666667
11.8166666667
12.1666666667
13.1
14.2372881356
13.8
14.2
13.3833333333
12.9666666667
11.9322033898
12.4333333333
13.2833333333
13.1166666667
13.1666666667
13.3166666667
12.5762711864
13.9166666667
13.7166666667
12.85
13.3166666667
13.3666666667
14.406779661
13.8833333333
14.4
14.0666666667
13.1166666667
12.9322033898
12.9056603774
--END OF 4--
17.25
17.5084745763
17.4333333333
18.7
19.0666666667
18.4333333333
18.7333333333
17.7796610169
18.4
17.2166666667
17.5333333333
16.2333333333
17.2
18.0338983051
17.4166666667
18.2
18.4
17.3166666667
17.9
17.5084745763
16.9333333333
16.95
17.0666666667
16.8166666667
18.6949152542
18.4833333333
16.1
17.45
17.15
19.05
18.3050847458
16.7166666667
17.4
15.5166666667
16.8833333333
18.0
18.5084745763
19.0833333333
19.0
18.6666666667
17.65
15.7966101695
16.9833333333
17.7333333333
18.2666666667
18.3166666667
17.95
17.8813559322
19.1
17.85
17.1166666667
17.35
17.6666666667
18.3559322034
17.85
18.0666666667
18.2833333333
16.55
16.4406779661
16.9622641509
--END OF 5--
17.5
17.9830508475
18.2833333333
20.25
19.3
18.5333333333
18.9833333333
18.2881355932
18.95
17.6
17.9833333333
16.7333333333
17.8
19.0847457627
18.0166666667
19.5166666667
18.4166666667
17.7
18.5166666667
17.8813559322
17.9666666667
17.2
17.3666666667
17.2166666667
19.5593220339
18.4833333333
16.85
17.7
17.9
20.05
19.3559322034
17.1166666667
17.4166666667
16.75
17.4666666667
18.9166666667
19.0677966102
19.5666666667
19.4833333333
19.6666666667
18.55
17.1694915254
17.8833333333
18.0833333333
18.3666666667
19.0166666667
18.9666666667
19.3389830508
20.05
18.9666666667
17.5666666667
17.75
18.6
20.4237288136
18.1333333333
18.3666666667
19.1
17.2333333333
16.7966101695
17.3018867925
--END OF 6--
2455.3
2530.47457627
2462.35
2774.15
2689.75
2717.05
2585.65
2479.11864407
2638.8
2488.95
2412.75
2374.95
2457.75
2595.76271186
2523.95
2515.75
2546.7
2636.2
2648.35
2562.71186441
2485.2
2651.4
2645.0
2549.6
2614.27118644
2563.5
2388.9
2466.3
2484.6
2820.3
2616.45762712
2477.05
2614.05
2398.45
2552.05
2559.95
2668.88135593
2598.65
2673.05
2512.3
2535.25
2484.0
2589.45
2711.25
2640.6
2660.55
2569.05
2529.20338983
2723.95
2683.3
2488.95
2572.85
2541.0
2722.01694915
2606.0
2586.3
2659.2
2497.5
2580.91525424
2505.79245283
--END OF 7--
678.316666667
701.06779661
700.483333333
757.466666667
746.133333333
748.433333333
729.9
700.203389831
723.1
673.166666667
685.45
664.6
681.35
719.711864407
712.983333333
707.583333333
724.633333333
724.1
737.7
694.491525424
684.683333333
729.483333333
735.783333333
707.0
726.728813559
703.45
656.0
672.75
668.3
760.2
728.728813559
691.15
717.666666667
668.3
705.383333333
717.083333333
718.762711864
732.883333333
746.633333333
705.466666667
695.366666667
682.881355932
705.5
749.55
751.1
743.0
708.5
679.559322034
733.733333333
722.066666667
684.9
697.216666667
705.5
744.796610169
709.9
724.616666667
738.366666667
682.016666667
705.881355932
684.735849057
--END OF 8--
98.0
88.2033898305
96.1666666667
101.883333333
109.783333333
95.3666666667
96.0
103.016949153
90.85
92.7166666667
93.45
82.95
95.0
91.2203389831
97.4833333333
106.616666667
98.5333333333
89.4833333333
99.6833333333
97.8644067797
95.8333333333
86.0333333333
81.7333333333
95.55
102.661016949
102.95
84.85
93.7
95.8
100.7
95.6610169492
91.5333333333
84.3
77.1833333333
102.45
110.033333333
103.338983051
111.2
101.0
107.433333333
92.3666666667
79.3389830508
90.1
101.65
112.15
102.6
92.3166666667
111.508474576
108.383333333
89.75
93.9333333333
89.2
100.083333333
98.7796610169
92.05
89.85
90.0833333333
78.35
85.3050847458
96.4716981132
--END OF 9--
2.81666666667
5.16949152542
3.83333333333
6.18333333333
3.05
2.55
3.55
4.03389830508
4.25
3.3
5.15
3.9
3.05
6.79661016949
2.56666666667
5.6
2.1
1.86666666667
4.31666666667
4.57627118644
6.95
2.75
2.26666666667
2.45
7.08474576271
5.9
3.7
5.35
3.85
4.6
6.40677966102
2.1
3.66666666667
3.11666666667
1.55
3.36666666667
4.69491525424
5.16666666667
6.01666666667
7.13333333333
5.35
4.71186440678
5.65
3.9
4.05
4.2
4.9
5.13559322034
6.35
5.4
4.41666666667
3.76666666667
4.08333333333
6.35593220339
4.05
3.41666666667
5.53333333333
3.96666666667
1.4406779661
2.11320754717
--END OF 10--
0.466666666667
0.322033898305
0.8
1.38333333333
0.0
0.0
0.5
0.254237288136
0.75
0.4
0.7
0.8
1.35
1.50847457627
0.933333333333
1.73333333333
0.0
0.133333333333
0.866666666667
0.169491525424
1.5
0.333333333333
0.5
0.5
0.966101694915
0.05
1.5
0.5
1.05
1.4
1.50847457627
0.5
0.0666666666667
1.68333333333
0.583333333333
1.46666666667
0.372881355932
1.06666666667
0.233333333333
1.0
1.06666666667
1.91525423729
1.05
0.0
0.1
1.65
0.983333333333
1.91525423729
1.73333333333
1.58333333333
0.5
0.5
1.26666666667
2.27118644068
0.5
0.5
0.316666666667
1.18333333333
0.610169491525
0.716981132075
--END OF 11--
0.0
0.0
0.0
0.0
0.0
0.0
0.0
0.254237288136
0.75
0.4
0.25
0.75
0.0
0.0
0.5
0.0
0.0
0.0
0.0
0.0
0.5
0.0
0.0
0.0
0.508474576271
0.0
0.0
0.0
0.7
0.3
0.0
0.0
0.0
0.683333333333
0.316666666667
0.0
0.0
0.0
0.0
0.5
0.0
0.203389830508
0.3
0.0
0.0
0.0
0.8
1.40677966102
0.316666666667
0.0
0.5
0.0
0.5
1.01694915254
0.0
0.0
0.0
0.5
0.0
0.0
--END OF 12--
