13.35
14.5
13.55
12.5762711864
13.0
13.7833333333
13.1333333333
13.55
12.5333333333
13.15
13.4237288136
13.2166666667
13.55
14.3833333333
12.85
14.0677966102
13.0
14.15
13.65
13.65
14.2033898305
13.6166666667
13.55
13.8
13.1
13.1694915254
13.6666666667
13.4
13.25
12.5833333333
13.6610169492
12.8833333333
14.6833333333
13.75
12.2
13.0
12.6666666667
12.4833333333
13.75
12.4666666667
11.6779661017
11.9333333333
12.0333333333
12.3833333333
13.15
13.3050847458
13.05
11.3166666667
13.3166666667
13.0333333333
11.4406779661
10.7666666667
11.8166666667
11.6166666667
11.2666666667
12.2033898305
11.9666666667
12.0666666667
11.3833333333
13.6666666667
--END OF 1--
18.65
19.9
18.65
18.4406779661
17.7833333333
19.65
18.95
18.0166666667
18.1666666667
18.5833333333
19.5084745763
20.0166666667
19.1166666667
20.35
18.2333333333
20.5762711864
18.55
20.3666666667
19.25
18.3
20.406779661
19.2
19.5833333333
19.0833333333
18.0166666667
18.3050847458
19.2666666667
18.4833333333
19.0166666667
18.5166666667
20.0508474576
18.1333333333
20.9333333333
19.8
18.0833333333
19.8474576271
17.3166666667
17.3666666667
18.7666666667
17.3333333333
16.9152542373
17.4166666667
17.0
18.5
19.1
18.2033898305
17.7
17.2
19.35
18.5333333333
18.2033898305
15.3
17.9666666667
15.4333333333
16.8666666667
17.6779661017
17.8666666667
17.3666666667
16.4666666667
19.7192982456
--END OF 2--
19.4
21.15
18.9
19.5084745763
19.1166666667
20.6
19.8666666667
18.5666666667
18.4666666667
18.9833333333
20.1355932203
20.8
20.0833333333
22.3
18.4666666667
21.2881355932
18.75
21.15
20.35
18.45
21.0
20.0333333333
20.5333333333
19.6833333333
19.0666666667
18.7288135593
20.6166666667
18.5
20.3666666667
20.0166666667
21.0
18.4333333333
21.3833333333
20.25
19.5666666667
20.6610169492
19.1166666667
18.2833333333
19.1833333333
18.7
18.0677966102
17.95
18.2166666667
19.45
19.4333333333
18.3559322034
18.5
17.75
19.65
19.9333333333
19.4745762712
15.7
18.1666666667
15.5666666667
18.5333333333
18.3220338983
18.15
18.2666666667
16.4666666667
20.7719298246
--END OF 3--
13.35
14.5
13.55
12.5762711864
13.0
13.7833333333
13.1333333333
13.55
12.5333333333
13.15
13.4237288136
13.2166666667
13.55
14.3833333333
12.85
14.0677966102
13.0
14.15
13.65
13.65
14.2033898305
13.6166666667
13.55
13.8
13.1
13.1694915254
13.6666666667
13.4
13.25
12.5833333333
13.6610169492
12.8833333333
14.6833333333
13.75
12.2
13.0
12.6666666667
12.4833333333
13.75
12.4666666667
11.6779661017
11.9333333333
12.0333333333
12.3833333333
13.15
13.3050847458
13.05
11.3166666667
13.3166666667
13.0333333333
11.4406779661
10.7666666667
11.8166666667
11.6166666667
11.2666666667
12.2033898305
11.9666666667
12.0666666667
11.3833333333
13.6666666667
--END OF 4--
18.65
19.9
18.65
18.4406779661
17.7833333333
19.65
18.95
18.0166666667
18.1666666667
18.5833333333
19.5084745763
20.0166666667
19.1166666667
20.35
18.2333333333
20.5762711864
18.55
20.3666666667
19.25
18.3
20.406779661
19.2
19.5833333333
19.0833333333
18.0166666667
18.3050847458
19.2666666667
18.4833333333
19.0166666667
18.5166666667
20.0508474576
18.1333333333
20.9333333333
19.8
18.0833333333
19.8474576271
17.3166666667
17.3666666667
18.7666666667
17.3333333333
16.9152542373
17.4166666667
17.0
18.5
19.1
18.2033898305
17.7
17.2
19.35
18.5333333333
18.2033898305
15.3
17.9666666667
15.4333333333
16.8666666667
17.6779661017
17.8666666667
17.3666666667
16.4666666667
19.7192982456
--END OF 5--
19.4
21.15
18.9
19.5084745763
19.1166666667
20.6
19.8666666667
18.5666666667
18.4666666667
18.9833333333
20.1355932203
20.8
20.0833333333
22.3
18.4666666667
21.2881355932
18.75
21.15
20.35
18.45
21.0
20.0333333333
20.5333333333
19.6833333333
19.0666666667
18.7288135593
20.6166666667
18.5
20.3666666667
20.0166666667
21.0
18.4333333333
21.3833333333
20.25
19.5666666667
20.6610169492
19.1166666667
18.2833333333
19.1833333333
18.7
18.0677966102
17.95
18.2166666667
19.45
19.4333333333
18.3559322034
18.5
17.75
19.65
19.9333333333
19.4745762712
15.7
18.1666666667
15.5666666667
18.5333333333
18.3220338983
18.15
18.2666666667
16.4666666667
20.7719298246
--END OF 6--
2605.05
2648.1
2527.5
2461.98305085
2492.75
2602.05
2464.25
2527.7
2463.5
2460.65
2522.84745763
2596.2
2589.6
2695.0
2362.95
2720.94915254
2463.75
2709.45
2588.4
2518.65
2618.54237288
2528.65
2535.5
2631.75
2518.7
2409.40677966
2560.2
2550.4
2554.85
2479.3
2513.74576271
2455.05
2662.35
2567.1
2365.25
2532.96610169
2397.1
2345.75
2566.05
2440.8
2208.45762712
2161.15
2373.05
2495.35
2630.85
2472.40677966
2454.9
2256.55
2614.3
2484.9
2339.28813559
2162.2
2336.75
2226.35
2188.2
2373.81355932
2282.25
2337.05
2177.0
2565.05263158
--END OF 7--
726.75
757.9
712.45
678.06779661
694.833333333
735.833333333
688.266666667
706.533333333
699.433333333
697.416666667
717.271186441
722.733333333
730.233333333
757.066666667
671.383333333
748.593220339
698.15
760.033333333
728.15
707.45
740.254237288
712.05
721.466666667
724.45
699.016666667
694.186440678
729.033333333
712.5
710.5
678.7
705.237288136
688.1
750.15
724.1
663.25
716.745762712
662.083333333
656.916666667
718.866666667
679.1
616.372881356
626.75
651.283333333
691.266666667
720.333333333
698.457627119
690.0
641.016666667
738.066666667
686.95
652.254237288
609.666666667
652.583333333
618.55
614.0
666.711864407
649.766666667
649.383333333
611.383333333
730.964912281
--END OF 8--
111.6
116.1
111.7
122.033898305
101.6
121.833333333
118.366666667
110.65
106.75
112.583333333
124.305084746
129.783333333
123.033333333
123.85
114.183333333
135.06779661
120.4
116.616666667
113.95
100.25
127.576271186
121.7
117.25
116.333333333
94.6166666667
104.86440678
121.65
109.716666667
113.533333333
114.633333333
133.813559322
106.4
125.05
125.9
114.7
110.728813559
103.983333333
104.133333333
110.133333333
103.15
95.9830508475
112.783333333
104.133333333
112.183333333
111.533333333
110.966101695
102.35
116.083333333
122.283333333
116.35
115.237288136
98.5166666667
122.4
91.7833333333
111.333333333
101.220338983
114.383333333
97.6333333333
92.9833333333
116.807017544
--END OF 9--
4.75
6.05
2.9
4.57627118644
6.45
5.25
5.11666666667
2.13333333333
4.71666666667
6.53333333333
5.37288135593
5.36666666667
5.96666666667
7.08333333333
3.68333333333
6.69491525424
3.25
4.26666666667
3.9
2.25
6.91525423729
3.1
6.7
6.33333333333
7.03333333333
5.22033898305
6.26666666667
2.51666666667
10.2
6.11666666667
6.32203389831
2.35
6.6
6.65
7.18333333333
7.06779661017
7.08333333333
3.93333333333
5.03333333333
4.75
8.08474576271
6.26666666667
5.36666666667
7.86666666667
3.65
2.05084745763
4.15
5.33333333333
4.4
6.7
10.0169491525
3.11666666667
3.96666666667
2.41666666667
7.75
4.57627118644
6.7
5.36666666667
4.26666666667
6.84210526316
--END OF 10--
0.7
2.25
0.35
1.67796610169
2.45
0.8
1.31666666667
0.5
0.5
0.5
0.898305084746
0.85
1.58333333333
2.83333333333
0.0833333333333
1.16949152542
0.35
0.9
2.0
0.3
0.779661016949
1.31666666667
1.7
0.816666666667
1.43333333333
0.71186440678
1.93333333333
0.0
1.16666666667
2.1
1.61016949153
0.15
0.8
0.95
2.21666666667
1.23728813559
2.9
1.55
0.333333333333
2.03333333333
1.30508474576
0.3
1.6
1.3
0.5
0.593220338983
1.45
0.55
0.25
1.25
2.01694915254
0.516666666667
0.5
0.183333333333
2.81666666667
1.22033898305
0.566666666667
0.5
0.0
1.61403508772
--END OF 11--
0.0
0.0
0.35
0.0508474576271
0.433333333333
0.0
0.5
0.0
0.0
0.0
0.0508474576271
0.25
0.5
0.5
0.0
0.0
0.0
0.2
0.0
0.0
0.0
0.0
0.0
0.0
0.5
0.0
0.5
0.0
0.5
0.5
0.0
0.0
0.0
0.2
0.3
0.237288135593
0.0
0.0
0.0
0.966666666667
0.576271186441
0.0
0.5
0.0
0.0
0.0
0.0
0.5
0.25
0.25
0.508474576271
0.0
0.0
0.0
0.0
0.0338983050847
0.133333333333
0.0
0.0
0.456140350877
--END OF 12--
