14.95
15.1186440678
14.35
15.2333333333
16.5333333333
15.55
15.9
15.7288135593
15.15
15.4
15.9666666667
15.5666666667
15.4166666667
14.6101694915
15.8
15.1666666667
14.8666666667
15.25
15.3833333333
16.2033898305
15.1166666667
14.15
15.3
15.0
15.0
16.0338983051
16.7166666667
15.1833333333
15.2166666667
16.6333333333
15.4166666667
14.3898305085
15.35
16.0333333333
15.35
16.05
16.2166666667
15.0
15.9
15.55
15.5666666667
15.8166666667
14.9830508475
14.0666666667
15.4
15.6
15.45
14.8833333333
15.1355932203
15.2666666667
14.9333333333
14.2
15.2
15.3666666667
15.8983050847
15.3666666667
15.65
15.9333333333
14.9166666667
15.2586206897
--END OF 1--
20.1166666667
20.3728813559
18.3833333333
19.55
21.5666666667
20.4833333333
20.7
19.7627118644
19.45
20.65
20.1166666667
20.5666666667
20.1666666667
19.4915254237
21.7666666667
20.7833333333
18.7666666667
20.1833333333
20.0333333333
20.0677966102
19.5333333333
18.5333333333
19.65
19.6333333333
19.1833333333
19.8644067797
20.6666666667
19.0833333333
19.2166666667
21.1833333333
20.4666666667
19.8813559322
20.3333333333
19.7833333333
19.6333333333
20.2333333333
22.0166666667
19.8474576271
20.5666666667
20.5333333333
19.6666666667
18.95
18.6610169492
18.9
19.4
20.25
20.55
19.1833333333
20.0338983051
19.25
19.1166666667
18.8833333333
19.15
19.9
19.8305084746
19.6833333333
20.2833333333
20.3666666667
20.4666666667
19.7068965517
--END OF 2--
20.6333333333
20.7796610169
19.1333333333
19.6
21.7666666667
20.8333333333
20.95
20.1694915254
19.9
21.0
20.8666666667
21.7666666667
20.3666666667
19.4915254237
22.4166666667
21.4333333333
19.0166666667
20.6666666667
20.45
21.2542372881
20.6666666667
19.2833333333
20.2666666667
19.7166666667
19.7333333333
20.1186440678
21.9666666667
19.8333333333
19.2666666667
21.5333333333
21.4166666667
21.7118644068
20.65
20.7166666667
20.1166666667
20.85
22.6166666667
20.5084745763
20.5666666667
20.6333333333
20.1833333333
19.95
19.8983050847
19.0
19.55
20.95
21.0
19.3333333333
20.5423728814
20.6
20.9666666667
19.2166666667
19.7166666667
20.1
19.8305084746
20.5166666667
20.4666666667
21.65
21.1
21.6724137931
--END OF 3--
14.95
15.1186440678
14.35
15.2333333333
16.5333333333
15.55
15.9
15.7288135593
15.15
15.4
15.9666666667
15.5666666667
15.4166666667
14.6101694915
15.8
15.1666666667
14.8666666667
15.25
15.3833333333
16.2033898305
15.1166666667
14.15
15.3
15.0
15.0
16.0338983051
16.7166666667
15.1833333333
15.2166666667
16.6333333333
15.4166666667
14.3898305085
15.35
16.0333333333
15.35
16.05
16.2166666667
15.0
15.9
15.55
15.5666666667
15.8166666667
14.9830508475
14.0666666667
15.4
15.6
15.45
14.8833333333
15.1355932203
15.2666666667
14.9333333333
14.2
15.2
15.3666666667
15.8983050847
15.3666666667
15.65
15.9333333333
14.9166666667
15.2586206897
--END OF 4--
20.1166666667
20.3728813559
18.3833333333
19.55
21.5666666667
20.4833333333
20.7
19.7627118644
19.45
20.65
20.1166666667
20.5666666667
20.1666666667
19.4915254237
21.7666666667
20.7833333333
18.7666666667
20.1833333333
20.0333333333
20.0677966102
19.5333333333
18.5333333333
19.65
19.6333333333
19.1833333333
19.8644067797
20.6666666667
19.0833333333
19.2166666667
21.1833333333
20.4666666667
19.8813559322
20.3333333333
19.7833333333
19.6333333333
20.2333333333
22.0166666667
19.8474576271
20.5666666667
20.5333333333
19.6666666667
18.95
18.6610169492
18.9
19.4
20.25
20.55
19.1833333333
20.0338983051
19.25
19.1166666667
18.8833333333
19.15
19.9
19.8305084746
19.6833333333
20.2833333333
20.3666666667
20.4666666667
19.7068965517
--END OF 5--
20.6333333333
20.7796610169
19.1333333333
19.6
21.7666666667
20.8333333333
20.95
20.1694915254
19.9
21.0
20.8666666667
21.7666666667
20.3666666667
19.4915254237
22.4166666667
21.4333333333
19.0166666667
20.6666666667
20.45
21.2542372881
20.6666666667
19.2833333333
20.2666666667
19.7166666667
19.7333333333
20.1186440678
21.9666666667
19.8333333333
19.2666666667
21.5333333333
21.4166666667
21.7118644068
20.65
20.7166666667
20.1166666667
20.85
22.6166666667
20.5084745763
20.5666666667
20.6333333333
20.1833333333
19.95
19.8983050847
19.0
19.55
20.95
21.0
19.3333333333
20.5423728814
20.6
20.9666666667
19.2166666667
19.7166666667
20.1
19.8305084746
20.5166666667
20.4666666667
21.65
21.1
21.6724137931
--END OF 6--
2776.5
2974.83050847
2719.95
2849.3
3109.25
2951.25
2863.9
2927.6440678
2884.65
2871.3
2956.35
2903.85
2857.05
2812.01694915
2978.05
2947.2
2823.55
2855.6
2893.35
2958.61016949
2877.8
2745.6
2832.6
2853.7
2809.95
2975.13559322
3078.0
2910.15
2861.55
3069.75
2884.5
2866.52542373
2814.4
2920.8
2866.75
2973.2
3039.3
2819.74576271
3012.1
2874.15
2854.7
2964.75
2794.6779661
2842.0
2770.2
2857.65
2967.45
2988.3
2902.01694915
2849.45
2848.5
2805.3
2801.7
2848.7
2870.44067797
2875.55
2898.35
2874.55
2866.2
2828.22413793
--END OF 7--
793.9
814.237288136
755.533333333
786.016666667
866.783333333
813.45
810.883333333
828.627118644
803.15
799.0
831.0
814.05
809.55
775.372881356
830.0
796.283333333
779.883333333
784.95
808.933333333
812.610169492
804.25
760.633333333
782.066666667
780.1
779.4
817.508474576
862.3
807.25
796.65
858.55
804.8
779.525423729
794.016666667
818.55
793.116666667
829.633333333
836.116666667
781.677966102
838.766666667
804.433333333
802.683333333
818.333333333
799.949152542
783.983333333
783.6
793.55
828.3
814.0
807.779661017
780.833333333
783.05
781.566666667
784.25
793.7
802.644067797
803.016666667
805.166666667
816.266666667
790.983333333
798.689655172
--END OF 8--
97.4
121.406779661
92.8833333333
100.516666667
115.883333333
113.75
119.666666667
101.966101695
90.75
114.35
94.2
109.55
105.9
99.5593220339
114.05
113.55
90.6333333333
106.966666667
105.4
103.711864407
98.3666666667
98.5166666667
99.1666666667
88.8
107.7
97.8983050847
93.25
95.05
88.8
115.5
105.5
111.796610169
108.016666667
94.4666666667
103.783333333
94.1333333333
113.233333333
99.9152542373
95.7
114.283333333
102.816666667
86.15
95.9152542373
101.75
97.95
98.7
103.75
101.3
102.796610169
96.9666666667
99.75
91.0833333333
97.1666666667
108.083333333
95.7966101695
99.35
116.416666667
107.583333333
119.933333333
93.275862069
--END OF 9--
5.76666666667
2.25423728814
2.75
1.5
1.36666666667
2.0
2.35
1.16949152542
4.8
4.25
4.45
6.5
3.0
2.66101694915
7.76666666667
5.25
2.93333333333
4.35
3.65
4.06779661017
3.9
2.51666666667
2.36666666667
5.45
2.76666666667
1.45762711864
5.15
3.45
2.2
3.35
5.65
6.52542372881
4.78333333333
3.0
3.71666666667
4.33333333333
6.5
4.89830508475
4.86666666667
2.35
2.16666666667
2.6
4.01694915254
3.08333333333
2.35
4.3
4.45
2.4
4.05084745763
4.03333333333
5.2
4.61666666667
3.05
3.1
1.54237288136
2.95
2.03333333333
5.26666666667
4.65
5.72413793103
--END OF 10--
0.566666666667
0.508474576271
1.5
0.0
0.0
0.5
0.5
0.661016949153
0.55
0.75
1.35
2.2
0.0
0.0
1.0
0.5
0.5
1.2
0.8
1.33898305085
1.68333333333
0.5
1.0
0.0
0.5
0.559322033898
1.65
1.3
0.15
0.35
1.45
3.10169491525
0.0833333333333
0.916666666667
0.583333333333
0.416666666667
1.23333333333
0.779661016949
0.0
0.0
0.916666666667
1.2
1.49152542373
0.15
0.25
1.4
0.85
0.0
0.0
2.33333333333
3.16666666667
0.483333333333
0.516666666667
0.483333333333
0.0169491525424
1.25
0.466666666667
1.28333333333
0.8
3.05172413793
--END OF 11--
0.0
0.508474576271
0.0
0.0
0.0
0.0
0.0
0.0
0.0
0.0
0.0
0.0
0.0
0.0
0.5
0.5
0.0
0.0
0.0
0.508474576271
0.5
0.5
0.0
0.0
0.0
0.0
0.0
0.0
0.0
0.0
0.85
0.661016949153
0.0833333333333
0.416666666667
0.0
0.0
0.0
0.0
0.0
0.0
0.0
0.616666666667
0.898305084746
0.0
0.0
0.0
0.0
0.0
0.0
0.0
0.5
0.0
0.0
0.0
0.0
0.416666666667
0.0833333333333
0.5
0.0
1.03448275862
--END OF 12--
