13.3666666667
13.8666666667
14.1333333333
13.9661016949
14.7333333333
15.45
14.6666666667
13.5
14.2666666667
14.1
15.5762711864
14.1
14.4
15.0
14.1
13.4915254237
13.7166666667
13.6666666667
13.7666666667
14.0
13.813559322
14.35
15.3666666667
14.3333333333
14.4833333333
14.5
15.1355932203
14.3
14.6
13.9
14.5
16.2881355932
15.6
15.5833333333
15.2666666667
14.2833333333
15.186440678
14.8833333333
13.7333333333
15.0666666667
14.4666666667
15.0169491525
14.45
15.4666666667
15.1
14.95
14.3389830508
14.5166666667
14.5
14.5333333333
14.4333333333
14.2833333333
14.593220339
14.75
14.1166666667
14.7
14.4666666667
14.55
14.4576271186
13.0175438596
--END OF 1--
17.4166666667
18.05
19.0833333333
18.3220338983
18.7
19.8166666667
19.2
18.4833333333
18.6166666667
18.7166666667
19.6440677966
18.9
19.4
20.25
19.1
18.4576271186
17.15
18.3166666667
17.8333333333
18.0333333333
18.0338983051
18.5666666667
20.1333333333
18.8
19.7666666667
18.5666666667
19.7118644068
19.15
18.9
18.85
19.25
21.2372881356
19.0
19.5333333333
19.3666666667
19.0
19.1016949153
19.1166666667
18.55
20.1166666667
20.3
21.0508474576
19.1
19.2666666667
20.85
20.3666666667
18.3898305085
19.5666666667
19.3833333333
18.4
19.3833333333
19.2
18.4576271186
18.4333333333
18.2
19.8166666667
18.15
18.1666666667
18.6271186441
16.7368421053
--END OF 2--
18.0
18.45
19.7166666667
19.406779661
19.05
20.3833333333
19.7333333333
18.6833333333
19.0666666667
19.2333333333
20.186440678
18.9
19.5
21.25
19.95
18.813559322
17.2
18.6166666667
18.5833333333
18.2166666667
18.9152542373
19.65
21.3
19.0833333333
20.9833333333
19.2166666667
19.7118644068
20.25
20.45
19.7833333333
19.85
21.9322033898
19.4166666667
19.8333333333
20.0
19.7166666667
19.1016949153
19.6166666667
19.7166666667
20.8333333333
20.5833333333
21.3050847458
20.55
20.2666666667
21.3
20.9
18.3898305085
19.9
20.1
19.05
19.75
19.2666666667
19.0508474576
18.9
18.45
21.6166666667
18.3666666667
19.6
19.0508474576
17.350877193
--END OF 3--
13.3666666667
13.8666666667
14.1333333333
13.9661016949
14.7333333333
15.45
14.6666666667
13.5
14.2666666667
14.1
15.5762711864
14.1
14.4
15.0
14.1
13.4915254237
13.7166666667
13.6666666667
13.7666666667
14.0
13.813559322
14.35
15.3666666667
14.3333333333
14.4833333333
14.5
15.1355932203
14.3
14.6
13.9
14.5
16.2881355932
15.6
15.5833333333
15.2666666667
14.2833333333
15.186440678
14.8833333333
13.7333333333
15.0666666667
14.4666666667
15.0169491525
14.45
15.4666666667
15.1
14.95
14.3389830508
14.5166666667
14.5
14.5333333333
14.4333333333
14.2833333333
14.593220339
14.75
14.1166666667
14.7
14.4666666667
14.55
14.4576271186
13.0175438596
--END OF 4--
17.4166666667
18.05
19.0833333333
18.3220338983
18.7
19.8166666667
19.2
18.4833333333
18.6166666667
18.7166666667
19.6440677966
18.9
19.4
20.25
19.1
18.4576271186
17.15
18.3166666667
17.8333333333
18.0333333333
18.0338983051
18.5666666667
20.1333333333
18.8
19.7666666667
18.5666666667
19.7118644068
19.15
18.9
18.85
19.25
21.2372881356
19.0
19.5333333333
19.3666666667
19.0
19.1016949153
19.1166666667
18.55
20.1166666667
20.3
21.0508474576
19.1
19.2666666667
20.85
20.3666666667
18.3898305085
19.5666666667
19.3833333333
18.4
19.3833333333
19.2
18.4576271186
18.4333333333
18.2
19.8166666667
18.15
18.1666666667
18.6271186441
16.7368421053
--END OF 5--
18.0
18.45
19.7166666667
19.406779661
19.05
20.3833333333
19.7333333333
18.6833333333
19.0666666667
19.2333333333
20.186440678
18.9
19.5
21.25
19.95
18.813559322
17.2
18.6166666667
18.5833333333
18.2166666667
18.9152542373
19.65
21.3
19.0833333333
20.9833333333
19.2166666667
19.7118644068
20.25
20.45
19.7833333333
19.85
21.9322033898
19.4166666667
19.8333333333
20.0
19.7166666667
19.1016949153
19.6166666667
19.7166666667
20.8333333333
20.5833333333
21.3050847458
20.55
20.2666666667
21.3
20.9
18.3898305085
19.9
20.1
19.05
19.75
19.2666666667
19.0508474576
18.9
18.45
21.6166666667
18.3666666667
19.6
19.0508474576
17.350877193
--END OF 6--
2563.1
2692.6
2714.75
2797.06779661
2723.15
2750.4
2689.6
2626.7
2702.85
2646.6
2812.42372881
2659.05
2679.45
2883.0
2654.1
2619.50847458
2744.9
2668.4
2586.2
2634.05
2684.94915254
2659.35
2809.85
2695.25
2742.35
2742.0
2803.62711864
2643.9
2695.35
2640.85
2666.7
2890.01694915
2773.25
2794.9
2792.8
2746.05
2808.91525424
2794.95
2693.5
2783.65
2710.2
2816.94915254
2733.3
2908.8
2854.5
2899.1
2637.0
2756.55
2809.2
2849.45
2798.3
2818.9
2757.91525424
2751.5
2706.7
2830.5
2679.8
2695.2
2702.94915254
2629.05263158
--END OF 7--
710.216666667
747.7
760.8
779.694915254
755.55
778.633333333
765.383333333
707.133333333
752.1
738.05
795.033898305
742.7
755.9
794.25
747.15
730.186440678
742.016666667
737.766666667
733.766666667
737.916666667
742.06779661
755.616666667
781.016666667
746.65
776.4
757.6
792.779661017
759.1
755.05
742.216666667
752.7
822.016949153
783.483333333
784.233333333
791.866666667
759.016666667
779.06779661
773.766666667
741.583333333
774.566666667
768.166666667
800.86440678
757.25
798.45
811.05
805.266666667
752.237288136
765.983333333
779.616666667
789.016666667
788.116666667
800.833333333
770.745762712
775.066666667
758.233333333
797.416666667
748.416666667
751.516666667
760.084745763
723.438596491
--END OF 8--
85.6833333333
97.6
111.183333333
91.3559322034
94.2
105.75
106.3
108.066666667
97.4833333333
106.05
103.677966102
107.3
106.2
121.65
110.3
103.728813559
77.9666666667
95.9666666667
89.1833333333
91.6833333333
99.3220338983
85.8833333333
116.066666667
104.933333333
109.866666667
96.3166666667
111.508474576
96.65
97.85
115.683333333
108.95
97.593220339
89.2
99.0666666667
97.6666666667
97.4666666667
99.9661016949
97.6333333333
101.55
112.316666667
122.983333333
123.288135593
95.4
100.1
116.25
116.233333333
103.169491525
113.133333333
103.883333333
87.8166666667
96.35
104.716666667
101.525423729
95.1
91.85
115.75
89.4
94.1833333333
90.6440677966
93.0175438596
--END OF 9--
5.5
4.4
2.46666666667
6.38983050847
3.98333333333
4.36666666667
3.15
4.26666666667
3.51666666667
2.35
3.08474576271
2.55
2.65
3.7
6.35
4.76271186441
1.88333333333
2.71666666667
2.75
2.65
2.47457627119
3.75
3.26666666667
2.8
6.18333333333
4.51666666667
1.96610169492
4.5
5.5
3.0
4.3
5.67796610169
2.26666666667
1.8
3.56666666667
3.63333333333
1.59322033898
3.58333333333
5.71666666667
5.15
4.05
4.32203389831
4.9
3.9
6.1
6.56666666667
2.18644067797
3.31666666667
4.85
2.86666666667
5.21666666667
1.9
3.16949152542
2.16666666667
2.0
8.75
3.85
3.18333333333
3.50847457627
2.82456140351
--END OF 10--
0.933333333333
0.566666666667
1.03333333333
1.08474576271
0.216666666667
0.716666666667
1.06666666667
0.5
0.716666666667
0.65
1.15254237288
0.0
0.1
1.4
1.4
0.610169491525
0.0333333333333
0.466666666667
1.0
0.6
1.42372881356
1.71666666667
1.78333333333
0.333333333333
1.66666666667
1.0
0.0
1.65
2.1
1.35
1.0
0.898305084746
0.75
0.666666666667
1.11666666667
0.883333333333
0.0
0.533333333333
1.63333333333
0.866666666667
0.133333333333
0.35593220339
2.0
1.65
0.7
0.4
0.0
0.233333333333
1.26666666667
1.0
0.416666666667
0.116666666667
0.864406779661
0.65
0.5
1.0
0.0166666666667
1.98333333333
0.203389830508
0.385964912281
--END OF 11--
0.0
0.0
0.133333333333
0.0677966101695
0.0
0.0
0.0
0.0
0.716666666667
0.283333333333
0.0
0.0
0.1
0.9
0.0
0.0
0.0
0.0
0.5
0.0
0.0
0.183333333333
0.816666666667
0.0
0.5
0.0
0.0
0.5
1.5
0.0
0.0
0.508474576271
0.0
0.0
0.283333333333
0.716666666667
0.0
0.0
0.0
0.366666666667
0.133333333333
0.35593220339
0.65
0.0
0.0
0.0
0.0
0.233333333333
0.266666666667
0.0
0.166666666667
0.0
0.0
0.0
0.0
0.0
0.0
0.0
0.0
0.0701754385965
--END OF 12--
