12.1694915254
12.7666666667
12.6333333333
12.0833333333
12.5
13.8333333333
13.1355932203
13.2
12.6333333333
11.4833333333
12.1833333333
12.0
13.593220339
13.75
12.65
12.1666666667
12.8166666667
13.4745762712
13.7333333333
11.6666666667
13.0166666667
11.2333333333
13.7118644068
12.85
12.7666666667
12.9166666667
14.0166666667
13.0508474576
13.65
13.1666666667
13.8833333333
13.5254237288
13.1833333333
13.8833333333
13.3166666667
12.2333333333
12.2666666667
13.2033898305
13.2333333333
13.6166666667
12.9666666667
12.2333333333
13.6101694915
13.3
13.2333333333
12.3666666667
13.2833333333
12.7118644068
12.7166666667
12.8
14.1666666667
13.25
13.4237288136
13.35
13.2833333333
12.7666666667
13.6
13.1186440678
13.9833333333
12.1403508772
--END OF 1--
17.0508474576
17.8
16.85
17.3166666667
17.4
17.45
16.186440678
17.35
17.5
17.2
17.8333333333
18.1
17.8644067797
18.4
17.2
17.1666666667
17.8166666667
19.1186440678
19.5
15.6333333333
17.1666666667
16.6166666667
17.8305084746
16.6833333333
17.45
18.4833333333
18.3666666667
18.1525423729
18.55
19.2666666667
19.0833333333
18.5593220339
17.6166666667
19.0333333333
18.1666666667
17.0
17.1666666667
19.9830508475
18.2333333333
18.3166666667
17.1
18.4166666667
19.7966101695
17.6
17.9833333333
17.4166666667
18.4333333333
17.0169491525
17.2333333333
17.35
18.1
17.85
18.8813559322
19.1166666667
18.1833333333
17.95
17.8333333333
18.5423728814
19.75
17.2456140351
--END OF 2--
17.4406779661
18.1666666667
17.3
17.3166666667
17.9
17.8333333333
16.2033898305
17.6166666667
17.8
18.35
18.35
18.5166666667
18.4237288136
18.6
17.45
17.3166666667
18.6666666667
20.0677966102
19.9166666667
15.6333333333
17.75
17.8166666667
18.4745762712
16.8666666667
17.9
19.3166666667
18.85
18.5593220339
18.7
19.6833333333
19.7833333333
19.6271186441
18.3666666667
19.8666666667
18.9333333333
17.2166666667
18.3166666667
21.2711864407
18.5666666667
19.0166666667
17.5
19.0333333333
20.186440678
18.1
18.3833333333
18.3666666667
18.8333333333
17.4576271186
17.7666666667
17.75
19.7666666667
19.2833333333
19.0847457627
20.7666666667
18.7833333333
18.0333333333
18.5166666667
19.7288135593
19.8
17.4561403509
--END OF 3--
12.1694915254
12.7666666667
12.6333333333
12.0833333333
12.5
13.8333333333
13.1355932203
13.2
12.6333333333
11.4833333333
12.1833333333
12.0
13.593220339
13.75
12.65
12.1666666667
12.8166666667
13.4745762712
13.7333333333
11.6666666667
13.0166666667
11.2333333333
13.7118644068
12.85
12.7666666667
12.9166666667
14.0166666667
13.0508474576
13.65
13.1666666667
13.8833333333
13.5254237288
13.1833333333
13.8833333333
13.3166666667
12.2333333333
12.2666666667
13.2033898305
13.2333333333
13.6166666667
12.9666666667
12.2333333333
13.6101694915
13.3
13.2333333333
12.3666666667
13.2833333333
12.7118644068
12.7166666667
12.8
14.1666666667
13.25
13.4237288136
13.35
13.2833333333
12.7666666667
13.6
13.1186440678
13.9833333333
12.1403508772
--END OF 4--
17.0508474576
17.8
16.85
17.3166666667
17.4
17.45
16.186440678
17.35
17.5
17.2
17.8333333333
18.1
17.8644067797
18.4
17.2
17.1666666667
17.8166666667
19.1186440678
19.5
15.6333333333
17.1666666667
16.6166666667
17.8305084746
16.6833333333
17.45
18.4833333333
18.3666666667
18.1525423729
18.55
19.2666666667
19.0833333333
18.5593220339
17.6166666667
19.0333333333
18.1666666667
17.0
17.1666666667
19.9830508475
18.2333333333
18.3166666667
17.1
18.4166666667
19.7966101695
17.6
17.9833333333
17.4166666667
18.4333333333
17.0169491525
17.2333333333
17.35
18.1
17.85
18.8813559322
19.1166666667
18.1833333333
17.95
17.8333333333
18.5423728814
19.75
17.2456140351
--END OF 5--
17.4406779661
18.1666666667
17.3
17.3166666667
17.9
17.8333333333
16.2033898305
17.6166666667
17.8
18.35
18.35
18.5166666667
18.4237288136
18.6
17.45
17.3166666667
18.6666666667
20.0677966102
19.9166666667
15.6333333333
17.75
17.8166666667
18.4745762712
16.8666666667
17.9
19.3166666667
18.85
18.5593220339
18.7
19.6833333333
19.7833333333
19.6271186441
18.3666666667
19.8666666667
18.9333333333
17.2166666667
18.3166666667
21.2711864407
18.5666666667
19.0166666667
17.5
19.0333333333
20.186440678
18.1
18.3833333333
18.3666666667
18.8333333333
17.4576271186
17.7666666667
17.75
19.7666666667
19.2833333333
19.0847457627
20.7666666667
18.7833333333
18.0333333333
18.5166666667
19.7288135593
19.8
17.4561403509
--END OF 6--
2403.40677966
2422.2
2388.8
2304.65
2357.65
2559.15
2459.44067797
2453.55
2427.45
2452.75
2415.45
2471.2
2531.18644068
2572.95
2483.7
2359.95
2452.2
2637.30508475
2619.05
2369.95
2403.75
2186.35
2522.6440678
2460.2
2455.75
2476.2
2607.1
2485.83050847
2590.8
2516.95
2502.85
2443.22033898
2509.8
2693.4
2525.55
2371.1
2437.8
2646.30508475
2569.7
2488.7
2350.8
2441.85
2614.6779661
2545.05
2429.25
2394.45
2657.1
2421.3559322
2462.3
2489.55
2620.0
2580.65
2599.47457627
2596.9
2584.15
2418.35
2534.8
2573.03389831
2615.35
2354.21052632
--END OF 7--
676.491525424
682.233333333
664.85
651.133333333
678.366666667
722.233333333
671.559322034
678.466666667
664.216666667
670.233333333
676.766666667
694.25
696.118644068
713.9
682.35
668.25
680.5
734.118644068
730.166666667
651.183333333
681.266666667
611.6
701.084745763
676.766666667
687.583333333
696.466666667
726.166666667
690.474576271
709.2
714.333333333
714.5
700.661016949
692.0
749.433333333
710.883333333
663.566666667
685.35
742.016949153
722.05
707.466666667
678.583333333
685.383333333
738.169491525
725.9
695.45
673.9
716.7
661.661016949
688.566666667
692.516666667
740.45
705.033333333
727.542372881
731.583333333
728.533333333
674.95
703.55
701.830508475
744.333333333
648.631578947
--END OF 8--
98.7457627119
108.516666667
96.55
95.1833333333
101.533333333
90.7833333333
89.7288135593
102.133333333
99.1
111.466666667
112.083333333
118.25
105.338983051
93.85
94.25
98.2
105.75
126.13559322
102.183333333
95.1666666667
101.3
100.583333333
95.186440678
89.45
102.7
106.866666667
92.8666666667
102.338983051
110.45
112.1
99.0
113.898305085
107.133333333
119.933333333
117.883333333
105.35
105.433333333
117.271186441
106.633333333
108.9
91.15
116.466666667
121.322033898
91.6
101.7
106.55
95.25
108.830508475
102.983333333
101.716666667
99.2666666667
120.683333333
119.423728814
111.516666667
108.416666667
101.55
95.9666666667
105.13559322
119.85
101.789473684
--END OF 9--
4.27118644068
2.5
4.41666666667
3.08333333333
1.55
2.21666666667
1.16949152542
3.55
5.61666666667
6.98333333333
4.81666666667
5.51666666667
4.42372881356
4.35
2.5
5.0
4.9
4.83050847458
6.83333333333
1.2
1.23333333333
7.5
4.28813559322
1.95
4.73333333333
7.65
3.65
2.30508474576
2.5
8.31666666667
5.38333333333
5.77966101695
4.66666666667
2.28333333333
3.21666666667
2.1
4.38333333333
6.69491525424
3.2
3.56666666667
3.16666666667
4.13333333333
4.8813559322
3.3
3.85
6.75
7.0
3.27118644068
3.3
2.53333333333
4.61666666667
6.38333333333
3.05084745763
9.16666666667
3.33333333333
4.08333333333
4.43333333333
5.89830508475
3.5
4.21052631579
--END OF 10--
0.237288135593
0.266666666667
0.0
0.0
0.5
0.0
0.0
0.466666666667
0.4
1.6
0.366666666667
0.666666666667
0.813559322034
0.3
0.4
0.4
1.65
1.45762711864
0.516666666667
0.0
0.933333333333
1.78333333333
0.28813559322
0.0
0.5
1.01666666667
0.733333333333
0.694915254237
0.0
0.516666666667
1.0
1.67796610169
0.633333333333
1.05
0.816666666667
0.216666666667
1.51666666667
1.62711864407
0.266666666667
1.0
0.166666666667
0.916666666667
0.593220338983
0.5
0.5
1.5
0.1
0.64406779661
0.65
0.55
2.2
1.85
0.0677966101695
2.53333333333
1.06666666667
0.216666666667
0.983333333333
1.54237288136
0.2
0.263157894737
--END OF 11--
0.237288135593
0.266666666667
0.0
0.0
0.0
0.0
0.0
0.0
0.0
0.0
0.0
0.0
0.0
0.0
0.0
0.0
0.0
0.0
0.0
0.0
0.5
0.0
0.0
0.0
0.0
0.416666666667
0.0833333333333
0.0
0.0
0.0
0.0
0.508474576271
0.0
0.0
0.0
0.133333333333
0.6
0.847457627119
0.166666666667
0.0
0.0
0.0
0.0
0.0
0.0
0.5
0.1
0.406779661017
0.0
0.0
0.666666666667
0.333333333333
0.0
0.583333333333
0.283333333333
0.0
0.0
0.0
0.0
0.263157894737
--END OF 12--
