9.46666666667
9.68333333333
10.1355932203
9.93333333333
9.35
8.93333333333
9.15
9.81666666667
9.10169491525
9.08333333333
8.55
8.65
9.18333333333
8.0
8.66101694915
8.26666666667
8.93333333333
8.03333333333
8.93333333333
9.76666666667
8.54237288136
9.71666666667
8.91666666667
8.16666666667
8.96666666667
8.89830508475
9.01666666667
8.93333333333
8.23333333333
8.36666666667
8.53333333333
7.5593220339
8.33333333333
8.8
8.71666666667
8.45
8.16949152542
8.18333333333
7.95
8.56666666667
8.71666666667
9.33333333333
8.71186440678
9.51666666667
8.63333333333
9.45
8.28333333333
8.23333333333
8.64406779661
7.93333333333
8.48333333333
8.91666666667
9.0
9.13333333333
9.18644067797
9.13333333333
8.31666666667
7.93333333333
8.8
8.96551724138
--END OF 1--
12.7
12.4
13.5423728814
13.2333333333
12.25
12.7833333333
12.2166666667
13.7666666667
12.7457627119
12.1833333333
11.5
12.25
12.65
11.95
12.3898305085
11.5333333333
12.3166666667
10.9666666667
12.1333333333
12.65
11.9661016949
12.7333333333
12.2333333333
10.95
12.7666666667
11.7288135593
11.3166666667
11.1833333333
11.7333333333
11.9666666667
11.3833333333
10.4406779661
11.9833333333
12.6666666667
11.5166666667
11.4
11.1525423729
11.3
11.0
12.0166666667
11.1666666667
13.1333333333
12.0677966102
12.8166666667
11.7833333333
12.1
10.95
11.2333333333
10.8305084746
11.2333333333
12.0333333333
11.1666666667
12.3833333333
13.7833333333
12.4915254237
12.0333333333
10.9
10.8666666667
12.55
11.8965517241
--END OF 2--
12.8166666667
12.4666666667
15.0508474576
14.1333333333
13.1166666667
13.6666666667
12.6166666667
14.5666666667
13.1016949153
12.4833333333
11.7
12.3
12.8
12.35
12.3898305085
11.8333333333
12.7
11.6166666667
12.7333333333
13.2666666667
12.1186440678
13.05
12.9666666667
11.75
13.0
12.8983050847
11.6166666667
11.4833333333
12.2333333333
12.6166666667
11.5333333333
11.0338983051
12.5333333333
13.4333333333
11.7666666667
11.4
11.1525423729
11.7666666667
11.9
12.65
11.5666666667
13.4
12.3559322034
13.0166666667
12.2333333333
12.1
10.95
11.3333333333
11.7966101695
11.2333333333
12.1666666667
11.5833333333
12.6166666667
14.0833333333
12.9661016949
12.35
11.0833333333
11.0833333333
13.1333333333
12.2413793103
--END OF 3--
9.46666666667
9.68333333333
10.1355932203
9.93333333333
9.35
8.93333333333
9.15
9.81666666667
9.10169491525
9.08333333333
8.55
8.65
9.18333333333
8.0
8.66101694915
8.26666666667
8.93333333333
8.03333333333
8.93333333333
9.76666666667
8.54237288136
9.71666666667
8.91666666667
8.16666666667
8.96666666667
8.89830508475
9.01666666667
8.93333333333
8.23333333333
8.36666666667
8.53333333333
7.5593220339
8.33333333333
8.8
8.71666666667
8.45
8.16949152542
8.18333333333
7.95
8.56666666667
8.71666666667
9.33333333333
8.71186440678
9.51666666667
8.63333333333
9.45
8.28333333333
8.23333333333
8.64406779661
7.93333333333
8.48333333333
8.91666666667
9.0
9.13333333333
9.18644067797
9.13333333333
8.31666666667
7.93333333333
8.8
8.96551724138
--END OF 4--
12.7
12.4
13.5423728814
13.2333333333
12.25
12.7833333333
12.2166666667
13.7666666667
12.7457627119
12.1833333333
11.5
12.25
12.65
11.95
12.3898305085
11.5333333333
12.3166666667
10.9666666667
12.1333333333
12.65
11.9661016949
12.7333333333
12.2333333333
10.95
12.7666666667
11.7288135593
11.3166666667
11.1833333333
11.7333333333
11.9666666667
11.3833333333
10.4406779661
11.9833333333
12.6666666667
11.5166666667
11.4
11.1525423729
11.3
11.0
12.0166666667
11.1666666667
13.1333333333
12.0677966102
12.8166666667
11.7833333333
12.1
10.95
11.2333333333
10.8305084746
11.2333333333
12.0333333333
11.1666666667
12.3833333333
13.7833333333
12.4915254237
12.0333333333
10.9
10.8666666667
12.55
11.8965517241
--END OF 5--
12.8166666667
12.4666666667
15.0508474576
14.1333333333
13.1166666667
13.6666666667
12.6166666667
14.5666666667
13.1016949153
12.4833333333
11.7
12.3
12.8
12.35
12.3898305085
11.8333333333
12.7
11.6166666667
12.7333333333
13.2666666667
12.1186440678
13.05
12.9666666667
11.75
13.0
12.8983050847
11.6166666667
11.4833333333
12.2333333333
12.6166666667
11.5333333333
11.0338983051
12.5333333333
13.4333333333
11.7666666667
11.4
11.1525423729
11.7666666667
11.9
12.65
11.5666666667
13.4
12.3559322034
13.0166666667
12.2333333333
12.1
10.95
11.3333333333
11.7966101695
11.2333333333
12.1666666667
11.5833333333
12.6166666667
14.0833333333
12.9661016949
12.35
11.0833333333
11.0833333333
13.1333333333
12.2413793103
--END OF 6--
1842.55
1937.85
1987.11864407
1965.3
1905.9
1949.75
1906.1
1933.65
1838.74576271
1850.85
1693.95
1883.55
1839.7
1718.4
1731.15254237
1761.8
1823.8
1669.2
1797.3
1943.35
1748.74576271
1911.95
1843.5
1670.4
1828.4
1813.27118644
1807.05
1699.2
1646.55
1778.25
1751.25
1523.33898305
1624.35
1764.75
1689.7
1698.2
1599.05084746
1652.1
1637.65
1677.4
1663.55
1850.5
1774.01694915
1877.55
1712.1
1813.05
1664.5
1674.45
1699.16949153
1661.1
1779.0
1728.6
1782.05
1914.45
1836.66101695
1769.05
1668.1
1615.8
1864.3
1752.93103448
--END OF 7--
522.916666667
531.433333333
553.474576271
552.416666667
529.6
517.883333333
509.116666667
544.75
513.13559322
513.8
447.6
502.6
487.533333333
468.45
479.322033898
483.916666667
508.983333333
461.416666667
491.366666667
525.55
476.254237288
531.416666667
510.95
460.366666667
495.583333333
492.050847458
502.6
471.05
469.55
478.45
477.3
421.830508475
459.183333333
490.633333333
473.183333333
467.716666667
449.305084746
458.066666667
453.1
463.416666667
461.8
513.466666667
489.779661017
523.35
475.3
496.8
452.95
461.0
466.813559322
449.75
483.8
467.883333333
488.583333333
526.2
507.593220339
492.983333333
458.016666667
453.25
505.2
504.620689655
--END OF 8--
72.6833333333
63.95
79.1525423729
71.0833333333
66.4666666667
70.5833333333
69.2833333333
78.6
81.0169491525
73.1
64.5
68.7
70.1833333333
74.3833333333
70.813559322
74.5166666667
75.3166666667
62.4333333333
74.4833333333
70.3666666667
63.813559322
70.6
67.3333333333
66.0166666667
67.9333333333
62.2372881356
55.6
62.4
77.1
67.4
57.05
64.2711864407
85.85
85.1166666667
62.1833333333
66.9
68.7627118644
63.1166666667
64.7333333333
60.5
57.2666666667
83.2833333333
67.406779661
70.1
72.25
65.1
60.0666666667
63.55
62.6610169492
70.3666666667
73.9333333333
54.4
65.7333333333
87.2166666667
76.1016949153
66.2
58.4833333333
55.5333333333
76.0333333333
70.8793103448
--END OF 9--
1.45
1.35
4.22033898305
2.5
2.98333333333
4.11666666667
1.51666666667
5.58333333333
2.54237288136
2.35
3.55
1.55
3.76666666667
2.6
4.59322033898
1.65
2.28333333333
2.71666666667
2.9
3.11666666667
3.20338983051
3.88333333333
5.4
1.6
3.21666666667
4.40677966102
2.95
0.95
2.15
3.95
1.9
2.18644067797
1.73333333333
3.93333333333
2.43333333333
1.68333333333
1.0
4.1
3.88333333333
4.71666666667
2.15
2.25
2.52542372881
2.8
2.9
1.85
2.06666666667
2.2
2.06779661017
0.966666666667
1.38333333333
1.6
2.81666666667
3.61666666667
1.83050847458
2.83333333333
0.616666666667
1.85
5.65
2.15517241379
--END OF 10--
0.166666666667
0.1
1.93220338983
1.0
1.48333333333
1.43333333333
0.583333333333
0.5
0.457627118644
0.15
0.4
0.15
0.35
0.5
0.0
0.5
0.333333333333
0.95
1.0
0.45
0.271186440678
0.35
0.383333333333
0.866666666667
0.133333333333
1.52542372881
0.5
0.45
1.05
1.0
0.45
0.559322033898
0.333333333333
1.25
0.416666666667
0.0
0.0
0.816666666667
0.683333333333
0.5
0.5
0.466666666667
0.491525423729
0.35
0.7
0.0
0.0
0.0
0.508474576271
0.0
0.266666666667
0.733333333333
0.566666666667
0.466666666667
0.474576271186
0.266666666667
0.233333333333
0.383333333333
1.11666666667
0.344827586207
--END OF 11--
0.166666666667
0.1
1.42372881356
0.0
0.0
0.0
0.0
0.0
0.457627118644
0.05
0.0
0.0
0.0
0.5
0.0
0.0
0.0
0.283333333333
0.216666666667
0.0
0.0
0.0
0.0
0.0
0.0
0.0
0.0
0.0
0.0
0.0
0.0
0.508474576271
0.333333333333
0.166666666667
0.0
0.0
0.0
0.316666666667
0.683333333333
0.0
0.5
0.0
0.0
0.0
0.0
0.0
0.0
0.0
0.508474576271
0.0
0.0
0.0
0.0
0.0333333333333
0.474576271186
0.266666666667
0.233333333333
0.0666666666667
0.433333333333
0.344827586207
--END OF 12--
