8.55
7.63333333333
7.98333333333
8.9
7.66101694915
7.73333333333
9.15
7.68333333333
8.81666666667
8.51666666667
8.86440677966
9.55
8.7
9.11666666667
7.78333333333
8.84745762712
8.8
8.73333333333
7.78333333333
8.15
8.06779661017
9.18333333333
9.33333333333
8.43333333333
8.25
8.69491525424
8.48333333333
7.7
9.2
8.78333333333
8.83050847458
9.65
9.13333333333
9.03333333333
7.91666666667
8.46666666667
9.20338983051
8.75
8.73333333333
9.0
8.78333333333
7.35593220339
9.58333333333
9.7
9.28333333333
9.01666666667
9.42372881356
10.9166666667
9.91666666667
10.9333333333
8.56666666667
9.7
9.86440677966
8.9
9.25
9.65
8.93333333333
10.25
9.61016949153
9.28070175439
--END OF 1--
10.9666666667
10.6166666667
11.1166666667
11.1333333333
9.96610169492
10.1833333333
12.1
9.83333333333
11.2666666667
11.2166666667
11.3220338983
12.0
11.7
12.8833333333
11.0333333333
11.8983050847
11.3166666667
10.9666666667
10.75
10.9333333333
10.7288135593
12.0333333333
11.5833333333
11.2333333333
11.4
11.8305084746
10.6833333333
10.3833333333
11.25
11.3833333333
12.2711864407
11.7833333333
11.6
11.2666666667
9.91666666667
10.4666666667
11.4576271186
11.15
11.0333333333
12.0
11.5833333333
9.76271186441
11.7
12.1166666667
11.6666666667
11.55
12.1016949153
15.1
13.0
13.9666666667
11.5
13.2
12.9491525424
11.65
11.95
13.55
11.9333333333
12.65
12.3728813559
12.5438596491
--END OF 2--
11.2333333333
11.5
12.2166666667
11.6
10.3050847458
10.2333333333
13.1
10.3833333333
12.4166666667
12.3166666667
11.7288135593
12.65
13.1
13.7666666667
12.1
12.406779661
12.3333333333
11.65
12.2333333333
12.1
11.186440678
12.3333333333
12.5833333333
11.4333333333
11.9
12.8474576271
11.7166666667
11.4166666667
11.4833333333
11.7666666667
12.5593220339
13.7666666667
13.3166666667
11.9666666667
10.4666666667
10.95
12.0169491525
11.6
11.5833333333
12.8
12.3833333333
10.1186440678
11.7
12.9
12.5
13.3166666667
12.5762711864
16.3166666667
14.0
14.85
12.7166666667
14.1666666667
14.8983050847
12.15
12.25
13.7
12.5833333333
13.15
12.3728813559
12.8596491228
--END OF 3--
8.55
7.63333333333
7.98333333333
8.9
7.66101694915
7.73333333333
9.15
7.68333333333
8.81666666667
8.51666666667
8.86440677966
9.55
8.7
9.11666666667
7.78333333333
8.84745762712
8.8
8.73333333333
7.78333333333
8.15
8.06779661017
9.18333333333
9.33333333333
8.43333333333
8.25
8.69491525424
8.48333333333
7.7
9.2
8.78333333333
8.83050847458
9.65
9.13333333333
9.03333333333
7.91666666667
8.46666666667
9.20338983051
8.75
8.73333333333
9.0
8.78333333333
7.35593220339
9.58333333333
9.7
9.28333333333
9.01666666667
9.42372881356
10.9166666667
9.91666666667
10.9333333333
8.56666666667
9.7
9.86440677966
8.9
9.25
9.65
8.93333333333
10.25
9.61016949153
9.28070175439
--END OF 4--
10.9666666667
10.6166666667
11.1166666667
11.1333333333
9.96610169492
10.1833333333
12.1
9.83333333333
11.2666666667
11.2166666667
11.3220338983
12.0
11.7
12.8833333333
11.0333333333
11.8983050847
11.3166666667
10.9666666667
10.75
10.9333333333
10.7288135593
12.0333333333
11.5833333333
11.2333333333
11.4
11.8305084746
10.6833333333
10.3833333333
11.25
11.3833333333
12.2711864407
11.7833333333
11.6
11.2666666667
9.91666666667
10.4666666667
11.4576271186
11.15
11.0333333333
12.0
11.5833333333
9.76271186441
11.7
12.1166666667
11.6666666667
11.55
12.1016949153
15.1
13.0
13.9666666667
11.5
13.2
12.9491525424
11.65
11.95
13.55
11.9333333333
12.65
12.3728813559
12.5438596491
--END OF 5--
11.2333333333
11.5
12.2166666667
11.6
10.3050847458
10.2333333333
13.1
10.3833333333
12.4166666667
12.3166666667
11.7288135593
12.65
13.1
13.7666666667
12.1
12.406779661
12.3333333333
11.65
12.2333333333
12.1
11.186440678
12.3333333333
12.5833333333
11.4333333333
11.9
12.8474576271
11.7166666667
11.4166666667
11.4833333333
11.7666666667
12.5593220339
13.7666666667
13.3166666667
11.9666666667
10.4666666667
10.95
12.0169491525
11.6
11.5833333333
12.8
12.3833333333
10.1186440678
11.7
12.9
12.5
13.3166666667
12.5762711864
16.3166666667
14.0
14.85
12.7166666667
14.1666666667
14.8983050847
12.15
12.25
13.7
12.5833333333
13.15
12.3728813559
12.8596491228
--END OF 6--
1652.7
1598.4
1653.9
1732.65
1598.79661017
1624.35
1856.4
1667.25
1718.7
1797.75
1801.77966102
1843.1
1748.0
1832.5
1678.95
1781.6440678
1736.55
1711.1
1565.1
1662.95
1693.01694915
1763.25
1803.0
1809.15
1692.3
1766.69491525
1682.9
1672.0
1875.25
1838.15
1829.79661017
1877.2
1830.65
1769.3
1589.15
1711.0
1871.79661017
1809.45
1741.05
1836.3
1854.0
1604.03389831
1788.9
1827.9
1818.1
1888.9
1845.05084746
2083.5
1952.95
2033.55
1803.8
2041.3
1989.30508475
1809.0
1832.85
1985.55
1937.55
1863.15
1816.27118644
1809.57894737
--END OF 7--
454.983333333
437.133333333
461.133333333
480.15
431.152542373
440.35
499.5
443.4
479.35
498.5
493.0
509.633333333
489.3
516.75
466.9
487.13559322
470.616666667
465.566666667
433.3
464.883333333
457.881355932
484.4
503.5
493.2
477.45
487.949152542
466.666666667
464.483333333
518.766666667
516.316666667
501.0
512.716666667
498.783333333
487.1
435.166666667
459.866666667
514.237288136
494.5
468.8
498.45
485.85
437.06779661
496.65
513.533333333
504.05
516.466666667
506.86440678
582.766666667
549.133333333
570.066666667
495.066666667
558.333333333
547.915254237
489.55
500.65
536.6
522.15
529.15
510.016949153
497.473684211
--END OF 8--
50.2333333333
58.4
54.2
52.9
43.1355932203
50.3
60.55
50.65
56.35
51.45
56.0169491525
54.9166666667
62.2333333333
73.6833333333
65.2166666667
61.1355932203
57.1166666667
56.75
61.8333333333
59.9833333333
50.7627118644
60.35
53.05
53.7
70.15
62.2881355932
46.7
54.2
48.55
53.9
64.7966101695
58.9
55.1333333333
51.1333333333
45.4833333333
51.3
56.1694915254
64.85
56.55
64.85
57.6
64.2033898305
62.0166666667
64.65
57.0333333333
64.8166666667
62.2033898305
87.45
71.8166666667
73.15
56.85
71.85
72.1355932203
54.25
52.15
67.55
58.3
59.6
65.6101694915
68.8947368421
--END OF 9--
2.63333333333
4.75
6.5
2.4
3.32203389831
1.6
3.45
1.65
3.1
4.5
1.59322033898
3.31666666667
4.81666666667
4.06666666667
4.68333333333
2.69491525424
4.0
2.35
8.1
4.06666666667
3.38983050847
3.1
3.4
3.25
2.45
3.42372881356
3.3
6.56666666667
1.7
1.08333333333
2.40677966102
4.08333333333
5.48333333333
2.43333333333
1.85
1.51666666667
2.18644067797
1.35
2.65
4.6
3.3
2.1186440678
0.3
2.61666666667
3.36666666667
4.18333333333
2.06779661017
4.45
4.1
3.78333333333
4.23333333333
4.71666666667
5.94915254237
3.35
3.25
3.4
4.05
1.65
0.983050847458
3.82456140351
--END OF 10--
0.516666666667
1.65
1.33333333333
0.416666666667
0.542372881356
0.05
1.0
0.6
1.6
2.15
0.661016949153
0.65
1.85
1.36666666667
1.71666666667
0.932203389831
1.41666666667
0.583333333333
2.13333333333
0.866666666667
0.508474576271
0.5
1.15
0.35
0.5
1.40677966102
1.61666666667
0.883333333333
0.116666666667
0.533333333333
0.71186440678
2.58333333333
1.68333333333
0.766666666667
0.816666666667
0.416666666667
0.762711864407
0.75
0.85
0.9
0.75
0.508474576271
0.0
0.933333333333
0.85
2.41666666667
0.813559322034
1.23333333333
1.91666666667
1.45
2.23333333333
1.58333333333
2.72881355932
1.05
0.45
0.2
1.35
0.95
0.0
0.526315789474
--END OF 11--
0.0166666666667
0.483333333333
0.5
0.0
0.0
0.0
0.5
0.1
0.4
0.0
0.0
0.65
0.85
0.5
0.0
0.0
0.0
0.5
0.0
0.5
0.0
0.0
0.5
0.0
0.5
0.0
0.0
0.0
0.0
0.0
0.0
0.5
0.0
0.766666666667
0.5
0.233333333333
0.254237288136
0.25
0.0
0.25
0.25
0.508474576271
0.0
0.433333333333
0.85
0.716666666667
0.0
0.0
0.5
0.0
0.5
0.0
0.0
0.0
0.0
0.0
0.0
0.0
0.0
0.0
--END OF 12--
