15.75
15.9152542373
16.0666666667
17.05
15.6666666667
16.5666666667
15.7333333333
16.2542372881
15.75
16.45
15.85
15.0
16.75
15.7288135593
15.7333333333
14.8
15.15
14.9666666667
16.0666666667
15.3389830508
15.25
15.8
15.15
16.5
15.4745762712
15.0
14.8333333333
15.2
15.5666666667
14.5666666667
15.8813559322
16.45
15.7
14.85
15.2
15.5
14.9830508475
15.5833333333
14.7166666667
15.0333333333
16.5166666667
14.55
15.6101694915
15.05
14.9833333333
15.2833333333
16.1666666667
15.3050847458
15.75
15.5333333333
15.3
13.9333333333
15.3
14.3898305085
13.8833333333
14.6166666667
15.5
15.0333333333
15.05
16.1896551724
--END OF 1--
21.3833333333
19.8474576271
20.8833333333
20.9166666667
20.75
20.5333333333
20.8666666667
21.9661016949
20.25
21.3
20.35
19.25
21.45
20.3559322034
21.0666666667
19.7833333333
18.75
18.3833333333
21.5333333333
20.0169491525
20.0166666667
20.4166666667
20.0666666667
20.6
19.6440677966
19.55
18.9833333333
20.15
19.8666666667
18.9166666667
21.1016949153
20.7166666667
18.9166666667
19.2333333333
19.0166666667
21.0833333333
19.3559322034
20.1
18.8666666667
19.2333333333
21.6666666667
18.4833333333
20.9322033898
19.75
19.5333333333
18.8833333333
19.5666666667
19.7627118644
19.7333333333
18.8333333333
19.75
17.3666666667
19.0666666667
17.0677966102
17.7166666667
19.6333333333
18.8833333333
18.9166666667
20.5833333333
20.775862069
--END OF 2--
22.1
20.1016949153
21.4333333333
21.1666666667
20.95
21.1
21.7
22.9322033898
21.35
21.85
20.4
19.75
21.9
20.7966101695
21.8333333333
20.3
20.0333333333
19.2333333333
21.8166666667
21.6779661017
20.65
20.5833333333
20.8666666667
20.8333333333
19.7457627119
19.85
20.4833333333
20.7
20.1666666667
19.4166666667
21.3389830508
20.9666666667
19.7833333333
20.2
19.35
21.8166666667
20.0
21.0333333333
20.0333333333
20.1166666667
22.25
18.7333333333
21.4406779661
20.3
20.3333333333
18.9833333333
20.0166666667
20.3050847458
19.9333333333
20.2
20.0833333333
18.3
19.5833333333
18.5254237288
17.85
19.7833333333
19.1666666667
19.6166666667
21.4166666667
21.4310344828
--END OF 3--
15.75
15.9152542373
16.0666666667
17.05
15.6666666667
16.5666666667
15.7333333333
16.2542372881
15.75
16.45
15.85
15.0
16.75
15.7288135593
15.7333333333
14.8
15.15
14.9666666667
16.0666666667
15.3389830508
15.25
15.8
15.15
16.5
15.4745762712
15.0
14.8333333333
15.2
15.5666666667
14.5666666667
15.8813559322
16.45
15.7
14.85
15.2
15.5
14.9830508475
15.5833333333
14.7166666667
15.0333333333
16.5166666667
14.55
15.6101694915
15.05
14.9833333333
15.2833333333
16.1666666667
15.3050847458
15.75
15.5333333333
15.3
13.9333333333
15.3
14.3898305085
13.8833333333
14.6166666667
15.5
15.0333333333
15.05
16.1896551724
--END OF 4--
21.3833333333
19.8474576271
20.8833333333
20.9166666667
20.75
20.5333333333
20.8666666667
21.9661016949
20.25
21.3
20.35
19.25
21.45
20.3559322034
21.0666666667
19.7833333333
18.75
18.3833333333
21.5333333333
20.0169491525
20.0166666667
20.4166666667
20.0666666667
20.6
19.6440677966
19.55
18.9833333333
20.15
19.8666666667
18.9166666667
21.1016949153
20.7166666667
18.9166666667
19.2333333333
19.0166666667
21.0833333333
19.3559322034
20.1
18.8666666667
19.2333333333
21.6666666667
18.4833333333
20.9322033898
19.75
19.5333333333
18.8833333333
19.5666666667
19.7627118644
19.7333333333
18.8333333333
19.75
17.3666666667
19.0666666667
17.0677966102
17.7166666667
19.6333333333
18.8833333333
18.9166666667
20.5833333333
20.775862069
--END OF 5--
22.1
20.1016949153
21.4333333333
21.1666666667
20.95
21.1
21.7
22.9322033898
21.35
21.85
20.4
19.75
21.9
20.7966101695
21.8333333333
20.3
20.0333333333
19.2333333333
21.8166666667
21.6779661017
20.65
20.5833333333
20.8666666667
20.8333333333
19.7457627119
19.85
20.4833333333
20.7
20.1666666667
19.4166666667
21.3389830508
20.9666666667
19.7833333333
20.2
19.35
21.8166666667
20.0
21.0333333333
20.0333333333
20.1166666667
22.25
18.7333333333
21.4406779661
20.3
20.3333333333
18.9833333333
20.0166666667
20.3050847458
19.9333333333
20.2
20.0833333333
18.3
19.5833333333
18.5254237288
17.85
19.7833333333
19.1666666667
19.6166666667
21.4166666667
21.4310344828
--END OF 6--
3066.6
3026.69491525
3060.25
3102.9
2983.2
3053.15
3079.35
3114.55932203
2931.6
3002.4
2913.75
2869.2
3042.6
2994.81355932
3067.3
2860.65
2855.55
2807.75
3161.1
2897.33898305
2937.95
3017.45
2886.95
3092.2
2947.11864407
2920.95
2847.6
2933.55
2895.15
2806.35
3018.3559322
2977.05
2916.0
2883.9
2853.4
2982.15
2840.94915254
3039.0
2766.6
2856.1
3121.25
2845.3
2957.6440678
2890.65
2883.15
2861.85
2898.6
2838.81355932
2845.45
2824.75
2916.5
2661.7
2855.9
2718.30508475
2777.2
2843.1
2859.9
2897.8
2872.9
3054.10344828
--END OF 7--
844.2
838.016949153
869.266666667
859.533333333
804.8
848.766666667
832.333333333
857.220338983
821.5
837.85
817.6
774.45
845.9
826.559322034
838.466666667
780.7
782.933333333
777.583333333
854.583333333
808.288135593
804.583333333
822.966666667
793.366666667
850.816666667
816.711864407
825.9
794.3
813.35
811.8
776.4
835.610169492
830.533333333
798.066666667
763.183333333
790.916666667
821.116666667
780.966101695
835.866666667
767.833333333
792.45
863.85
781.75
844.93220339
793.9
787.2
800.65
815.1
797.813559322
795.2
787.85
799.4
730.766666667
786.1
738.677966102
760.0
800.883333333
802.1
787.15
800.183333333
832.534482759
--END OF 8--
111.183333333
96.0
105.016666667
101.283333333
106.583333333
95.9833333333
92.7333333333
106.610169492
105.75
107.4
95.35
101.35
117.0
100.93220339
113.0
105.183333333
95.1
100.3
120.6
114.830508475
104.266666667
99.25
100.666666667
93.55
92.2542372881
100.45
100.05
114.4
105.85
95.5
121.559322034
99.0666666667
86.1
96.7333333333
85.0
116.333333333
97.4745762712
102.433333333
96.2833333333
94.6333333333
122.6
81.1166666667
108.406779661
108.35
91.25
88.25
90.15
106.93220339
87.2333333333
86.8
98.05
84.4333333333
94.2166666667
83.4745762712
89.0666666667
107.35
86.65
96.8
107.85
103.206896552
--END OF 9--
5.21666666667
3.8813559322
5.6
2.85
4.25
3.81666666667
5.8
5.71186440678
3.2
5.75
3.1
3.55
5.0
4.76271186441
5.06666666667
6.7
4.95
1.76666666667
4.13333333333
6.08474576271
7.0
3.31666666667
6.86666666667
2.93333333333
1.93220338983
2.0
6.5
2.35
2.95
2.35
2.38983050847
5.9
3.36666666667
5.4
3.93333333333
5.83333333333
2.83050847458
5.03333333333
3.43333333333
5.66666666667
6.18333333333
3.93333333333
4.1186440678
2.85
7.05
1.25
2.55
3.4406779661
3.05
4.6
3.76666666667
3.01666666667
1.55
3.33898305085
1.88333333333
2.2
1.65
3.36666666667
6.45
4.29310344828
--END OF 10--
1.11666666667
0.508474576271
1.0
0.516666666667
0.483333333333
0.866666666667
1.2
1.45762711864
1.7
0.8
0.05
0.8
0.9
0.949152542373
1.31666666667
0.766666666667
1.73333333333
1.5
0.0333333333333
2.89830508475
0.616666666667
0.216666666667
0.65
0.133333333333
0.0
0.4
2.65
0.95
0.5
0.9
0.271186440678
0.5
1.26666666667
1.21666666667
0.2
0.85
0.949152542373
1.06666666667
1.35
1.63333333333
0.933333333333
0.0833333333333
0.915254237288
0.85
1.25
0.15
0.75
0.932203389831
0.183333333333
2.28333333333
0.483333333333
1.6
0.816666666667
2.03389830508
0.316666666667
0.3
0.35
1.28333333333
0.966666666667
0.913793103448
--END OF 11--
0.5
0.0
0.0
0.0
0.0
0.0
0.5
0.0
0.0
0.0
0.0
0.0
0.0
0.186440677966
0.316666666667
0.0
0.0
0.0
0.0
0.0
0.0
0.0
0.0
0.0
0.0
0.0
0.05
0.45
0.0
0.0
0.0
0.0
0.783333333333
0.716666666667
0.0
0.466666666667
0.0
0.5
0.5
0.0
0.416666666667
0.0833333333333
0.0
0.25
0.25
0.15
0.35
0.0
0.0
0.5
0.0
0.0
0.183333333333
0.830508474576
0.0
0.3
0.133333333333
0.0
0.0
0.0
--END OF 12--
