7.23333333333
7.15254237288
8.05
8.13333333333
7.9
7.36666666667
7.73333333333
7.83333333333
7.33898305085
7.33333333333
7.5
7.13333333333
7.05
7.5
7.05084745763
7.15
6.58333333333
7.63333333333
6.73333333333
7.15254237288
7.0
8.35
8.35
8.75
8.41666666667
8.27118644068
7.23333333333
7.21666666667
7.46666666667
7.6
8.66101694915
7.96666666667
7.43333333333
7.75
8.23333333333
7.46666666667
6.98305084746
7.71666666667
7.86666666667
7.6
7.65
7.69491525424
7.7
7.5
7.58333333333
8.46666666667
6.93220338983
7.95
7.8
7.73333333333
8.63333333333
7.3
8.05084745763
8.2
8.51666666667
8.1
7.75
8.13333333333
7.37288135593
7.44827586207
--END OF 1--
8.86666666667
9.71186440678
10.25
10.9166666667
9.75
9.91666666667
9.81666666667
10.2166666667
10.0338983051
9.48333333333
10.15
9.88333333333
9.4
9.45
9.96610169492
9.06666666667
8.31666666667
9.58333333333
8.83333333333
9.20338983051
9.35
10.5166666667
10.5166666667
10.4166666667
11.3
10.7966101695
9.08333333333
9.51666666667
9.81666666667
9.85
11.1016949153
10.4333333333
9.73333333333
9.98333333333
10.25
10.0
9.76271186441
9.33333333333
10.5333333333
8.73333333333
9.45
10.186440678
10.0
9.7
9.48333333333
10.3166666667
9.23728813559
11.0166666667
10.2833333333
9.96666666667
11.1
9.8
10.2033898305
10.7166666667
11.1166666667
10.5833333333
10.75
11.0333333333
9.98305084746
9.58620689655
--END OF 2--
8.86666666667
9.71186440678
10.25
10.9166666667
9.9
10.2166666667
9.81666666667
10.8333333333
10.9830508475
9.53333333333
10.7
10.0333333333
9.4
9.45
10.2203389831
9.16666666667
9.1
9.65
9.33333333333
10.7457627119
9.56666666667
11.0833333333
10.9166666667
10.4166666667
11.95
11.0508474576
9.58333333333
9.71666666667
10.3666666667
10.5
11.3559322034
10.7833333333
9.86666666667
10.35
10.45
10.25
10.2203389831
9.53333333333
10.5333333333
8.73333333333
9.45
10.186440678
10.0
9.7
9.88333333333
10.8166666667
9.42372881356
11.0833333333
10.7833333333
10.2166666667
11.3
10.0333333333
10.5762711864
11.4833333333
11.3666666667
10.7833333333
10.9333333333
11.4333333333
9.98305084746
9.58620689655
--END OF 3--
7.23333333333
7.15254237288
8.05
8.13333333333
7.9
7.36666666667
7.73333333333
7.83333333333
7.33898305085
7.33333333333
7.5
7.13333333333
7.05
7.5
7.05084745763
7.15
6.58333333333
7.63333333333
6.73333333333
7.15254237288
7.0
8.35
8.35
8.75
8.41666666667
8.27118644068
7.23333333333
7.21666666667
7.46666666667
7.6
8.66101694915
7.96666666667
7.43333333333
7.75
8.23333333333
7.46666666667
6.98305084746
7.71666666667
7.86666666667
7.6
7.65
7.69491525424
7.7
7.5
7.58333333333
8.46666666667
6.93220338983
7.95
7.8
7.73333333333
8.63333333333
7.3
8.05084745763
8.2
8.51666666667
8.1
7.75
8.13333333333
7.37288135593
7.44827586207
--END OF 4--
8.86666666667
9.71186440678
10.25
10.9166666667
9.75
9.91666666667
9.81666666667
10.2166666667
10.0338983051
9.48333333333
10.15
9.88333333333
9.4
9.45
9.96610169492
9.06666666667
8.31666666667
9.58333333333
8.83333333333
9.20338983051
9.35
10.5166666667
10.5166666667
10.4166666667
11.3
10.7966101695
9.08333333333
9.51666666667
9.81666666667
9.85
11.1016949153
10.4333333333
9.73333333333
9.98333333333
10.25
10.0
9.76271186441
9.33333333333
10.5333333333
8.73333333333
9.45
10.186440678
10.0
9.7
9.48333333333
10.3166666667
9.23728813559
11.0166666667
10.2833333333
9.96666666667
11.1
9.8
10.2033898305
10.7166666667
11.1166666667
10.5833333333
10.75
11.0333333333
9.98305084746
9.58620689655
--END OF 5--
8.86666666667
9.71186440678
10.25
10.9166666667
9.9
10.2166666667
9.81666666667
10.8333333333
10.9830508475
9.53333333333
10.7
10.0333333333
9.4
9.45
10.2203389831
9.16666666667
9.1
9.65
9.33333333333
10.7457627119
9.56666666667
11.0833333333
10.9166666667
10.4166666667
11.95
11.0508474576
9.58333333333
9.71666666667
10.3666666667
10.5
11.3559322034
10.7833333333
9.86666666667
10.35
10.45
10.25
10.2203389831
9.53333333333
10.5333333333
8.73333333333
9.45
10.186440678
10.0
9.7
9.88333333333
10.8166666667
9.42372881356
11.0833333333
10.7833333333
10.2166666667
11.3
10.0333333333
10.5762711864
11.4833333333
11.3666666667
10.7833333333
10.9333333333
11.4333333333
9.98305084746
9.58620689655
--END OF 6--
1461.8
1535.28813559
1557.65
1640.15
1538.35
1583.2
1480.0
1539.2
1503.61016949
1421.55
1514.55
1470.0
1524.45
1400.25
1497.91525424
1474.8
1392.9
1459.1
1406.65
1476.91525424
1479.0
1624.85
1664.4
1652.5
1646.05
1729.62711864
1558.8
1543.35
1576.5
1447.05
1634.94915254
1610.9
1528.2
1489.7
1583.05
1519.4
1465.01694915
1513.5
1495.75
1484.5
1513.5
1566.76271186
1509.3
1535.4
1440.9
1580.7
1455.81355932
1581.65
1553.05
1529.35
1630.85
1517.1
1579.27118644
1555.95
1623.1
1563.3
1524.35
1627.0
1499.89830508
1442.53448276
--END OF 7--
400.883333333
414.288135593
438.933333333
451.8
419.516666667
427.45
413.883333333
431.15
418.186440678
413.65
417.7
407.1
410.4
388.85
412.0
395.183333333
383.116666667
409.55
392.133333333
410.203389831
407.1
455.866666667
451.95
456.933333333
467.9
464.508474576
421.8
429.05
442.65
405.15
455.627118644
435.316666667
419.433333333
425.366666667
454.5
423.75
394.983050847
414.716666667
423.016666667
396.516666667
420.75
433.677966102
427.75
428.55
420.65
437.85
397.423728814
444.183333333
432.716666667
417.866666667
465.7
421.083333333
442.186440678
441.5
457.133333333
447.9
422.25
449.366666667
426.186440678
416.844827586
--END OF 8--
48.8333333333
50.7457627119
56.7166666667
61.8833333333
52.6
50.6833333333
44.2833333333
55.1666666667
63.3898305085
56.45
64.45
54.25
50.65
51.9
58.2372881356
44.0
43.5
53.2833333333
61.3
50.1694915254
51.6333333333
50.05
48.05
54.05
55.9833333333
54.813559322
52.1
47.4
54.55
56.7
52.9830508475
55.9333333333
55.1833333333
53.5
47.0
51.85
56.5423728814
50.5333333333
67.3666666667
38.8666666667
52.95
52.2881355932
58.55
53.4
48.85
55.3
54.2033898305
66.0666666667
59.15
56.8333333333
59.2666666667
58.3166666667
53.0847457627
56.7166666667
53.3
57.6833333333
70.0166666667
62.05
49.6779661017
50.1379310345
--END OF 9--
0.683333333333
1.91525423729
1.1
1.11666666667
1.4
1.23333333333
0.933333333333
3.2
3.4406779661
1.0
2.0
0.9
1.35
0.5
2.03389830508
1.5
3.2
1.81666666667
3.11666666667
3.69491525424
2.7
2.01666666667
2.51666666667
0.0
2.31666666667
1.20338983051
1.85
1.5
2.45
3.35
3.96610169492
1.93333333333
0.683333333333
1.06666666667
1.13333333333
1.88333333333
4.74576271186
0.75
0.833333333333
0.5
0.866666666667
2.77966101695
1.4
0.0
1.2
1.45
2.32203389831
3.61666666667
2.28333333333
1.25
1.6
0.55
1.71186440678
1.66666666667
2.88333333333
1.75
1.9
2.38333333333
1.1186440678
0.844827586207
--END OF 10--
0.0
0.0
0.0
0.0
0.5
0.5
0.0
0.95
1.52542372881
0.05
0.35
0.15
0.0
0.0
0.508474576271
0.0
0.866666666667
0.133333333333
0.5
2.76271186441
0.4
0.383333333333
0.5
0.0
1.0
0.508474576271
0.45
0.25
0.8
0.7
0.491525423729
0.8
0.0166666666667
0.5
0.0
0.283333333333
0.728813559322
0.0
0.0
0.0
0.0
0.0
0.0
0.0
0.75
0.75
0.440677966102
0.0666666666667
0.5
0.5
0.5
0.0
0.508474576271
1.08333333333
0.833333333333
0.3
0.283333333333
0.5
0.0
0.0
--END OF 11--
0.0
0.0
0.0
0.0
0.0
0.0
0.0
0.0
0.457627118644
0.05
0.0
0.0
0.0
0.0
0.508474576271
0.0
0.383333333333
0.116666666667
0.0
0.0
0.116666666667
0.383333333333
0.0
0.0
0.0
0.0
0.0
0.2
0.3
0.0
0.0
0.0
0.0
0.0
0.0
0.0
0.0
0.0
0.0
0.0
0.0
0.0
0.0
0.0
0.0
0.5
0.0
0.0
0.5
0.0
0.0
0.0
0.0
0.5
0.416666666667
0.0833333333333
0.0
0.0
0.0
0.0
--END OF 12--
