19.7333333333
19.0
19.25
19.05
19.5423728814
18.9333333333
18.9833333333
19.7666666667
18.2833333333
19.2666666667
19.1525423729
20.5333333333
19.1333333333
17.7833333333
19.8333333333
20.75
19.3050847458
20.5666666667
20.0666666667
18.3333333333
19.4333333333
20.1016949153
20.7
20.1333333333
19.3166666667
18.6333333333
19.85
19.8644067797
19.8
19.7
19.4166666667
20.0333333333
19.7966101695
19.55
19.2
19.45
20.0333333333
19.7833333333
19.6
18.6271186441
19.5333333333
19.2666666667
19.5833333333
20.5
19.65
20.2033898305
19.85
21.0
20.7333333333
21.1833333333
20.2372881356
21.2833333333
20.85
21.1
22.0
20.1833333333
18.7627118644
19.8333333333
19.8333333333
18.9649122807
--END OF 1--
26.75
24.7
26.4333333333
24.9833333333
26.2881355932
26.45
26.3833333333
27.2666666667
24.2
25.6333333333
25.1355932203
27.8333333333
26.0833333333
24.5833333333
25.75
26.4
25.6271186441
27.0833333333
27.8833333333
24.3833333333
27.1166666667
27.1355932203
26.9833333333
26.7666666667
26.75
27.5666666667
27.0666666667
25.5762711864
25.3
26.9
27.5166666667
27.0333333333
26.6610169492
27.1
26.4833333333
26.6666666667
27.65
26.9
27.0333333333
25.9661016949
25.3833333333
27.2
25.5
26.5333333333
26.8666666667
27.3389830508
28.3
27.9166666667
27.5833333333
28.8333333333
27.6271186441
29.3166666667
27.1666666667
28.2666666667
28.9166666667
26.8333333333
26.4576271186
27.4666666667
26.4833333333
26.4035087719
--END OF 2--
27.9666666667
25.95
27.35
25.85
26.6440677966
27.4166666667
27.05
28.4333333333
25.3833333333
26.8166666667
25.5084745763
28.2333333333
26.5333333333
26.0166666667
26.65
27.85
26.406779661
28.4666666667
28.4333333333
25.3833333333
28.1666666667
27.5423728814
27.2
27.5666666667
27.45
28.6333333333
27.8333333333
26.0338983051
25.9
28.0
28.9166666667
28.3333333333
28.3898305085
27.9166666667
27.2666666667
29.55
29.3166666667
27.8166666667
27.3333333333
26.2542372881
26.1333333333
28.85
25.8333333333
27.4333333333
27.6
28.813559322
29.3833333333
28.25
28.25
29.6833333333
29.4237288136
29.65
28.1
28.7333333333
29.95
28.4833333333
27.3389830508
28.2833333333
27.2833333333
26.7368421053
--END OF 3--
19.55
18.9833333333
19.2
18.9666666667
19.3728813559
18.9333333333
18.9333333333
19.3333333333
18.2833333333
19.1166666667
19.0
19.9333333333
19.1333333333
17.7833333333
19.6833333333
20.2
19.1016949153
19.8833333333
19.7
18.3333333333
19.4333333333
19.8813559322
19.95
19.7166666667
19.3
18.6333333333
19.5833333333
19.6271186441
19.35
19.3
19.2666666667
19.5833333333
19.2372881356
19.3666666667
19.1833333333
19.45
19.4833333333
19.2166666667
19.05
18.6271186441
19.1333333333
19.0166666667
19.5833333333
19.95
19.25
19.7457627119
19.6
20.3166666667
20.1
20.4333333333
19.7627118644
20.4
20.3333333333
20.3
21.1166666667
19.95
18.6101694915
19.6166666667
19.55
18.9298245614
--END OF 4--
26.75
24.7
26.4333333333
24.9833333333
26.2881355932
26.45
26.3833333333
27.25
24.2
25.6333333333
25.1355932203
27.8333333333
26.0833333333
24.5833333333
25.75
26.4
25.6271186441
27.0833333333
27.8333333333
24.3833333333
27.0833333333
27.1355932203
26.9833333333
26.75
26.7166666667
27.5666666667
27.0666666667
25.5762711864
25.3
26.9
27.5166666667
27.0333333333
26.6610169492
27.1
26.4833333333
26.6666666667
27.65
26.9
27.0333333333
25.9661016949
25.3833333333
27.2
25.5
26.5333333333
26.8666666667
27.3389830508
28.3
27.8666666667
27.5833333333
28.8333333333
27.6101694915
29.2
27.1666666667
28.2666666667
28.8166666667
26.8333333333
26.4576271186
27.4666666667
26.4833333333
26.4035087719
--END OF 5--
27.9666666667
25.95
27.35
25.85
26.6440677966
27.4166666667
27.05
28.4333333333
25.3833333333
26.8166666667
25.5084745763
28.2333333333
26.5333333333
26.0166666667
26.65
27.85
26.406779661
28.4666666667
28.4333333333
25.3833333333
28.1666666667
27.5423728814
27.2
27.5666666667
27.45
28.6333333333
27.8333333333
26.0338983051
25.9
28.0
28.9166666667
28.3333333333
28.3898305085
27.9166666667
27.2666666667
29.55
29.3166666667
27.8166666667
27.3333333333
26.2542372881
26.1333333333
28.85
25.8333333333
27.4333333333
27.6
28.813559322
29.3833333333
28.25
28.25
29.6833333333
29.4237288136
29.65
28.1
28.7333333333
29.95
28.4833333333
27.3389830508
28.2833333333
27.2833333333
26.7368421053
--END OF 6--
3625.95
3500.55
3615.85
3566.2
3629.84745763
3543.55
3642.45
3684.5
3483.1
3585.1
3565.3220339
3745.05
3607.95
3415.4
3677.2
3717.9
3529.27118644
3810.95
3803.75
3413.5
3655.95
3704.13559322
3696.85
3692.8
3699.1
3632.1
3648.0
3651.91525424
3534.75
3641.4
3742.65
3597.75
3717.05084746
3663.65
3701.4
3682.15
3889.35
3769.7
3657.2
3622.77966102
3643.35
3701.6
3608.55
3664.6
3743.35
3674.69491525
3811.55
3851.45
3772.65
3831.15
3713.08474576
3871.9
3742.0
3878.4
4015.1
3695.6
3590.23728814
3698.3
3614.1
3583.21052632
--END OF 7--
1030.9
985.15
1021.41666667
987.083333333
1017.3559322
992.6
1002.75
1022.65
969.866666667
1004.95
1003.91525424
1056.85
997.3
942.983333333
1013.01666667
1044.3
980.016949153
1049.85
1061.31666667
959.25
1020.46666667
1032.57627119
1054.18333333
1032.43333333
1018.61666667
1006.86666667
1025.81666667
1018.66101695
989.3
1031.05
1045.95
1026.55
1047.37288136
1019.33333333
1021.68333333
1021.8
1069.45
1059.11666667
1036.08333333
1023.16949153
1014.3
1038.83333333
1009.71666667
1012.41666667
1038.43333333
1028.06779661
1052.33333333
1077.81666667
1070.56666667
1089.75
1059.0
1071.81666667
1052.0
1082.78333333
1108.93333333
1015.71666667
991.169491525
1026.56666667
1020.55
988.456140351
--END OF 8--
142.5
135.066666667
156.833333333
139.583333333
152.474576271
160.616666667
147.133333333
164.233333333
151.7
147.85
141.169491525
153.2
153.2
143.55
139.116666667
143.05
133.813559322
147.233333333
155.8
131.55
159.783333333
147.661016949
139.833333333
144.5
150.783333333
162.066666667
148.883333333
136.118644068
133.9
151.85
161.6
162.25
151.966101695
157.216666667
161.466666667
156.15
169.9
160.9
154.183333333
151.338983051
135.716666667
163.533333333
125.666666667
146.066666667
152.583333333
159.694915254
167.466666667
151.25
152.183333333
168.9
169.694915254
178.166666667
163.35
149.7
152.9
159.9
154.186440678
159.633333333
149.516666667
150.789473684
--END OF 9--
6.95
5.86666666667
4.95
4.75
5.38983050847
4.63333333333
5.96666666667
5.81666666667
3.7
5.01666666667
2.83050847458
5.0
3.4
6.11666666667
4.26666666667
5.9
6.67796610169
5.05
5.13333333333
6.61666666667
6.63333333333
4.83050847458
2.11666666667
4.9
4.93333333333
8.65
4.13333333333
3.69491525424
2.9
6.95
5.95
7.1
8.13559322034
6.45
6.61666666667
12.4833333333
8.46666666667
4.71666666667
6.96666666667
3.76271186441
6.45
7.45
4.83333333333
6.63333333333
6.43333333333
6.94915254237
8.1
6.08333333333
5.88333333333
7.4
7.08474576271
5.45
2.7
4.83333333333
6.4
5.6
6.76271186441
7.91666666667
4.8
6.91228070175
--END OF 10--
1.86666666667
1.65
1.7
1.78333333333
0.0
1.91666666667
0.816666666667
1.68333333333
1.61666666667
1.45
0.559322033898
0.0
0.55
2.23333333333
0.966666666667
1.55
0.966101694915
2.45
1.0
0.466666666667
0.866666666667
0.508474576271
0.5
0.566666666667
1.11666666667
1.11666666667
0.933333333333
0.745762711864
1.25
1.15
1.9
1.65
2.1186440678
1.13333333333
1.23333333333
5.01666666667
2.26666666667
1.65
0.5
0.542372881356
0.85
2.25
0.383333333333
1.0
0.75
2.01694915254
1.45
0.0666666666667
0.766666666667
1.5
2.06779661017
0.616666666667
1.4
0.466666666667
1.41666666667
1.96666666667
1.35593220339
0.883333333333
1.13333333333
0.666666666667
--END OF 11--
0.0
0.5
0.0
0.0
0.0
0.166666666667
0.0
0.316666666667
0.183333333333
0.816666666667
0.186440677966
0.0
0.0
0.45
0.25
0.0
0.0
0.0
0.0
0.0
0.0
0.0
0.0
0.566666666667
0.0333333333333
0.333333333333
0.366666666667
0.135593220339
0.0
1.0
0.5
0.0
0.525423728814
0.333333333333
0.316666666667
0.5
0.433333333333
0.0
0.0
0.423728813559
0.0833333333333
0.633333333333
0.366666666667
0.5
0.0
0.508474576271
0.366666666667
0.0
0.0
0.5
0.508474576271
0.0
0.0
0.0
0.5
0.5
0.169491525424
0.516666666667
0.383333333333
0.0
--END OF 12--
