8.45
8.83333333333
7.94915254237
7.3
8.06666666667
7.66666666667
8.33333333333
8.1
7.47457627119
8.13333333333
7.26666666667
8.0
8.41666666667
9.06666666667
8.30508474576
8.0
8.15
8.25
7.73333333333
8.32203389831
8.83333333333
8.45
8.0
8.86666666667
8.35593220339
8.35
8.13333333333
8.53333333333
8.76666666667
7.62711864407
7.63333333333
7.15
7.6
8.26666666667
7.28333333333
7.93220338983
8.5
8.38333333333
8.13333333333
9.01666666667
8.0
8.98305084746
7.76666666667
8.78333333333
8.68333333333
9.03333333333
8.62711864407
7.7
8.6
9.1
7.81666666667
8.45
8.5593220339
9.28333333333
9.48333333333
8.05
7.6
8.62711864407
8.75
8.47368421053
--END OF 1--
10.6
11.1333333333
9.94915254237
9.23333333333
11.25
9.4
10.6833333333
10.5833333333
10.6610169492
11.0
9.91666666667
10.1166666667
9.95
11.7166666667
11.2542372881
10.9
10.95
10.15
10.5333333333
11.2033898305
11.9166666667
10.9333333333
11.4166666667
11.6166666667
10.6610169492
10.4666666667
11.5333333333
11.2666666667
10.4333333333
10.2203389831
9.58333333333
9.35
9.9
10.5666666667
10.1833333333
9.64406779661
9.93333333333
10.6333333333
10.5833333333
11.8166666667
10.15
12.0
10.3333333333
11.0333333333
12.2333333333
11.7666666667
10.7796610169
10.25
12.2
12.5
11.1166666667
10.9
10.813559322
12.2166666667
11.9
10.6833333333
10.5666666667
11.0338983051
11.5166666667
11.1578947368
--END OF 2--
11.55
11.1833333333
10.4576271186
9.58333333333
11.7
9.53333333333
10.85
10.8833333333
10.6610169492
11.0
9.91666666667
10.4666666667
10.8666666667
12.4166666667
11.7966101695
10.9
11.35
10.2
11.5333333333
11.8474576271
12.1333333333
10.9333333333
12.4166666667
11.6166666667
11.2711864407
10.9166666667
11.6333333333
11.7666666667
10.5833333333
10.2203389831
9.58333333333
9.85
10.4
10.5666666667
10.4333333333
9.94915254237
10.6166666667
11.3
10.8333333333
11.8166666667
10.15
12.0
10.3333333333
11.0333333333
12.2333333333
12.2666666667
10.8305084746
11.35
12.45
12.8
11.7666666667
10.9
10.8474576271
12.9666666667
12.95
10.75
10.5666666667
12.1525423729
11.6166666667
11.1578947368
--END OF 3--
8.45
8.83333333333
7.94915254237
7.3
8.06666666667
7.66666666667
8.33333333333
8.1
7.47457627119
8.13333333333
7.26666666667
8.0
8.41666666667
9.06666666667
8.30508474576
8.0
8.15
8.25
7.73333333333
8.32203389831
8.83333333333
8.45
8.0
8.86666666667
8.35593220339
8.35
8.13333333333
8.53333333333
8.76666666667
7.62711864407
7.63333333333
7.15
7.6
8.26666666667
7.28333333333
7.93220338983
8.5
8.38333333333
8.13333333333
9.01666666667
8.0
8.98305084746
7.76666666667
8.78333333333
8.68333333333
9.03333333333
8.62711864407
7.7
8.6
9.1
7.81666666667
8.45
8.5593220339
9.28333333333
9.48333333333
8.05
7.6
8.62711864407
8.75
8.47368421053
--END OF 4--
10.6
11.1333333333
9.94915254237
9.23333333333
11.25
9.4
10.6833333333
10.5833333333
10.6610169492
11.0
9.91666666667
10.1166666667
9.95
11.7166666667
11.2542372881
10.9
10.95
10.15
10.5333333333
11.2033898305
11.9166666667
10.9333333333
11.4166666667
11.6166666667
10.6610169492
10.4666666667
11.5333333333
11.2666666667
10.4333333333
10.2203389831
9.58333333333
9.35
9.9
10.5666666667
10.1833333333
9.64406779661
9.93333333333
10.6333333333
10.5833333333
11.8166666667
10.15
12.0
10.3333333333
11.0333333333
12.2333333333
11.7666666667
10.7796610169
10.25
12.2
12.5
11.1166666667
10.9
10.813559322
12.2166666667
11.9
10.6833333333
10.5666666667
11.0338983051
11.5166666667
11.1578947368
--END OF 5--
11.55
11.1833333333
10.4576271186
9.58333333333
11.7
9.53333333333
10.85
10.8833333333
10.6610169492
11.0
9.91666666667
10.4666666667
10.8666666667
12.4166666667
11.7966101695
10.9
11.35
10.2
11.5333333333
11.8474576271
12.1333333333
10.9333333333
12.4166666667
11.6166666667
11.2711864407
10.9166666667
11.6333333333
11.7666666667
10.5833333333
10.2203389831
9.58333333333
9.85
10.4
10.5666666667
10.4333333333
9.94915254237
10.6166666667
11.3
10.8333333333
11.8166666667
10.15
12.0
10.3333333333
11.0333333333
12.2333333333
12.2666666667
10.8305084746
11.35
12.45
12.8
11.7666666667
10.9
10.8474576271
12.9666666667
12.95
10.75
10.5666666667
12.1525423729
11.6166666667
11.1578947368
--END OF 6--
1642.2
1704.15
1610.94915254
1521.45
1674.1
1478.7
1631.6
1526.75
1499.74576271
1664.7
1587.65
1587.25
1603.5
1750.2
1611.3559322
1575.0
1662.6
1688.25
1585.05
1617.81355932
1622.65
1672.0
1590.1
1687.2
1603.52542373
1638.7
1615.05
1722.35
1629.3
1568.79661017
1568.55
1573.2
1536.3
1642.95
1641.6
1645.62711864
1658.05
1603.55
1531.1
1656.0
1625.4
1722.10169492
1535.05
1677.15
1728.2
1679.0
1667.89830508
1571.7
1726.05
1733.1
1604.1
1698.75
1701.3559322
1760.3
1782.95
1573.7
1515.4
1663.93220339
1699.0
1575.47368421
--END OF 7--
462.7
483.1
453.966101695
420.866666667
462.816666667
412.166666667
454.383333333
437.7
426.050847458
461.383333333
438.683333333
448.3
442.933333333
490.983333333
454.813559322
439.0
454.45
452.3
444.1
454.372881356
473.483333333
465.733333333
452.633333333
474.516666667
440.186440678
454.333333333
463.55
485.433333333
454.216666667
436.06779661
434.75
430.45
430.9
454.7
454.15
459.186440678
463.166666667
455.316666667
426.066666667
466.516666667
440.0
485.949152542
436.233333333
462.45
491.233333333
480.8
461.576271186
433.4
483.3
495.45
447.15
473.5
469.355932203
498.25
485.883333333
431.216666667
415.616666667
464.559322034
481.3
459.631578947
--END OF 8--
54.45
56.5
58.6440677966
55.1
68.9666666667
46.9833333333
49.3
57.0
61.4915254237
71.5
61.7333333333
59.7666666667
54.5166666667
61.8833333333
56.406779661
60.8
63.4
54.25
66.6
58.2203389831
77.5333333333
61.8166666667
72.5666666667
53.8666666667
55.3898305085
54.2666666667
77.7333333333
66.7333333333
49.5166666667
63.0508474576
53.0
53.25
51.95
55.4
68.15
45.8813559322
42.7666666667
55.4166666667
57.6333333333
73.3
52.3666666667
74.9661016949
55.3333333333
58.6333333333
72.0833333333
70.9
48.3389830508
60.8
63.35
72.1
77.95
55.0
57.8644067797
71.0166666667
63.7
52.2666666667
58.8166666667
60.2881355932
61.7
57.2631578947
--END OF 9--
3.25
0.85
1.50847457627
1.01666666667
3.58333333333
1.53333333333
3.35
1.75
0.966101694915
2.4
1.16666666667
1.18333333333
2.6
3.41666666667
3.42372881356
2.9
2.45
0.15
3.15
3.86440677966
2.08333333333
0.65
3.33333333333
2.33333333333
1.91525423729
1.18333333333
2.18333333333
1.86666666667
1.93333333333
2.49152542373
0.5
1.9
2.05
0.85
1.7
1.33898305085
1.86666666667
2.43333333333
1.91666666667
1.46666666667
1.21666666667
2.32203389831
1.38333333333
0.683333333333
2.1
2.61666666667
1.49152542373
1.65
4.7
2.9
1.95
1.6
1.0
2.21666666667
2.6
1.65
0.5
3.05084745763
1.88333333333
2.73684210526
--END OF 10--
0.95
0.05
1.01694915254
0.733333333333
0.266666666667
0.283333333333
0.216666666667
0.0
0.0
0.0
0.0
0.5
1.18333333333
0.5
0.830508474576
0.0
0.5
0.0
1.5
0.508474576271
0.0
0.0
1.38333333333
0.116666666667
1.01694915254
0.5
0.0
0.0
0.0
0.0
0.0
0.6
0.4
0.0
0.5
0.508474576271
0.683333333333
1.31666666667
0.5
0.0
0.0
0.0
0.0
0.0
0.0
0.5
0.254237288136
1.65
0.1
0.5
1.0
0.0
0.0338983050847
1.08333333333
1.16666666667
0.216666666667
0.0
1.01694915254
0.5
0.0
--END OF 11--
0.0
0.0
0.0
0.0
0.0
0.0
0.0
0.0
0.0
0.0
0.0
0.0
0.716666666667
0.283333333333
0.0
0.0
0.0
0.0
0.0
0.0
0.0
0.0
0.5
0.0
0.0
0.0
0.0
0.0
0.0
0.0
0.0
0.5
0.0
0.0
0.0
0.0
0.183333333333
0.316666666667
0.0
0.0
0.0
0.0
0.0
0.0
0.0
0.5
0.0
0.5
0.0
0.0
0.5
0.0
0.0338983050847
0.7
0.266666666667
0.0
0.0
0.508474576271
0.0
0.0
--END OF 12--
