22.6833333333
23.25
25.75
23.3
22.2833333333
24.2372881356
23.4833333333
23.1166666667
22.9666666667
24.2666666667
23.0666666667
23.6333333333
24.4237288136
24.7333333333
23.1666666667
22.9
23.2333333333
23.0169491525
23.1
23.3166666667
23.6
23.8333333333
21.8
24.0847457627
24.0166666667
24.5333333333
23.7166666667
22.9833333333
24.7833333333
22.7966101695
23.0666666667
23.7666666667
23.5166666667
23.1666666667
23.9661016949
24.5666666667
22.15
22.8333333333
22.8333333333
24.2
23.9322033898
24.0
23.55
23.3
22.8166666667
22.9152542373
23.2
22.4166666667
23.15
23.35
25.4333333333
22.6271186441
25.0333333333
23.4
21.9833333333
23.7166666667
22.8474576271
23.6833333333
23.1166666667
23.8076923077
--END OF 1--
32.3
34.05
34.55
34.1166666667
31.7
34.3898305085
33.3833333333
31.9
32.4
33.2666666667
33.95
34.2666666667
34.5593220339
34.0
30.9166666667
30.85
32.6666666667
30.6610169492
32.5
33.4666666667
32.4833333333
33.9666666667
30.8
33.8983050847
34.3833333333
33.8833333333
34.7
30.8166666667
33.8666666667
32.6440677966
32.6
33.6666666667
32.0833333333
31.7166666667
33.1694915254
34.1166666667
31.4
33.8666666667
33.3333333333
33.9166666667
34.8813559322
33.5666666667
33.15
32.6166666667
32.85
31.1186440678
33.5833333333
32.8333333333
33.4833333333
31.5166666667
33.6333333333
32.1355932203
34.9833333333
34.25
32.1
32.6333333333
31.5593220339
32.9
33.35
33.2115384615
--END OF 2--
33.6
36.0166666667
35.65
34.6333333333
31.9166666667
36.4745762712
34.6
32.6666666667
33.8666666667
34.45
35.3
35.7166666667
35.813559322
34.3833333333
31.9
31.85
34.2833333333
30.9491525424
33.55
34.15
33.2833333333
35.3333333333
31.35
34.8813559322
36.1166666667
34.8666666667
36.3
34.2833333333
33.9166666667
33.4237288136
34.0333333333
34.8833333333
33.0666666667
34.3
36.0169491525
34.8666666667
32.3
34.65
34.0833333333
35.0666666667
36.186440678
34.55
33.6166666667
33.0666666667
33.7166666667
31.3220338983
33.8833333333
33.3833333333
34.1833333333
32.0666666667
35.1166666667
33.5254237288
35.9333333333
35.45
34.6
32.8333333333
32.0338983051
33.7166666667
33.85
34.3846153846
--END OF 3--
21.3833333333
21.8333333333
23.0
21.8
21.1166666667
22.3728813559
21.9333333333
21.8333333333
21.7166666667
22.35
21.5333333333
21.9833333333
22.4406779661
22.6
21.75
21.7333333333
21.6833333333
21.5762711864
21.75
21.85
21.9
22.0333333333
20.8
22.186440678
22.2
22.55
21.95
21.4833333333
22.3333333333
21.4237288136
21.5666666667
22.1833333333
21.9833333333
21.7166666667
22.0338983051
22.3666666667
21.1
21.4833333333
21.6833333333
22.3166666667
22.1355932203
22.2
22.0666666667
21.8833333333
21.6666666667
21.5084745763
21.65
21.3
21.7666666667
21.85
22.9333333333
21.2711864407
22.7333333333
21.9
20.8333333333
21.8166666667
21.3898305085
21.9
21.45
22.1730769231
--END OF 4--
31.1
32.15
32.55
32.0833333333
30.6
32.4745762712
31.9166666667
31.0166666667
31.1666666667
31.7666666667
32.0
32.2666666667
32.4915254237
32.3
30.1333333333
30.1333333333
31.5166666667
29.9661016949
31.5
31.7666666667
31.5
32.1166666667
30.2
32.1525423729
32.4166666667
32.1166666667
32.6333333333
30.05
32.0166666667
31.2881355932
31.2666666667
32.1166666667
31.1333333333
30.7333333333
31.4406779661
32.0666666667
30.45
32.0333333333
31.7833333333
32.1333333333
32.6949152542
32.0
31.6333333333
31.4333333333
31.4333333333
30.2203389831
31.8333333333
31.4666666667
31.8
30.7833333333
32.0833333333
30.9491525424
32.7333333333
32.4
30.8833333333
31.1666666667
30.4576271186
31.3166666667
31.5333333333
31.8076923077
--END OF 5--
33.6
36.0166666667
35.65
34.6333333333
31.9166666667
36.4745762712
34.6
32.6666666667
33.8666666667
34.45
35.3
35.7166666667
35.813559322
34.3833333333
31.9
31.85
34.2833333333
30.9491525424
33.55
34.15
33.2833333333
35.3333333333
31.35
34.8813559322
36.1166666667
34.8666666667
36.3
34.2833333333
33.9166666667
33.4237288136
34.0333333333
34.8833333333
33.0666666667
34.3
36.0169491525
34.8666666667
32.3
34.65
34.0833333333
35.0666666667
36.186440678
34.55
33.6166666667
33.0666666667
33.7166666667
31.3220338983
33.8833333333
33.3833333333
34.1833333333
32.0666666667
35.1166666667
33.5254237288
35.9333333333
35.45
34.6
32.8333333333
32.0338983051
33.7166666667
33.85
34.3846153846
--END OF 6--
4053.9
4343.45
4558.05
4299.75
4175.05
4323.05084746
4190.2
4110.1
4306.7
4276.55
4321.75
4246.25
4413.50847458
4310.8
4211.65
4203.2
4204.1
4064.23728814
4134.15
4340.5
4268.2
4298.2
4029.6
4443.96610169
4392.95
4435.7
4362.05
4191.35
4520.5
4219.42372881
4250.05
4322.35
4307.1
4116.55
4443.71186441
4501.5
4180.8
4325.55
4251.75
4426.15
4426.83050847
4327.9
4357.1
4309.35
4249.35
4229.23728814
4249.65
4230.2
4212.5
4250.75
4502.0
4123.62711864
4396.8
4288.65
4176.95
4375.35
4319.18644068
4405.05
4389.25
4317.46153846
--END OF 7--
1169.21666667
1223.96666667
1277.9
1216.15
1172.05
1212.6779661
1181.76666667
1165.76666667
1207.66666667
1213.2
1217.96666667
1208.13333333
1251.37288136
1226.08333333
1169.11666667
1179.08333333
1197.86666667
1158.27118644
1158.4
1210.43333333
1199.21666667
1219.96666667
1128.15
1226.66101695
1241.1
1248.08333333
1226.3
1188.85
1275.83333333
1176.20338983
1181.43333333
1219.88333333
1204.5
1162.26666667
1235.83050847
1257.9
1165.35
1218.63333333
1188.15
1235.38333333
1235.38983051
1222.03333333
1198.96666667
1191.48333333
1176.23333333
1167.13559322
1212.58333333
1174.43333333
1184.26666667
1184.46666667
1266.61666667
1170.71186441
1255.15
1196.6
1167.5
1244.21666667
1203.47457627
1226.05
1235.43333333
1219.11538462
--END OF 8--
202.6
215.45
202.65
217.166666667
188.983333333
207.881355932
197.483333333
199.466666667
204.416666667
182.016666667
213.883333333
222.933333333
206.152542373
196.65
180.15
191.7
211.566666667
179.779661017
203.25
197.416666667
189.583333333
206.083333333
195.65
199.372881356
224.0
204.033333333
213.616666667
188.433333333
199.383333333
207.13559322
200.2
190.75
193.716666667
202.016666667
216.847457627
212.1
207.8
210.233333333
214.9
201.35
228.966101695
193.116666667
198.466666667
212.25
189.783333333
182.101694915
203.8
209.5
209.35
188.716666667
199.0
193.305084746
208.95
209.65
199.35
201.233333333
200.203389831
193.35
211.983333333
194.019230769
--END OF 9--
6.51666666667
10.6833333333
7.75
7.83333333333
6.56666666667
11.3898305085
12.6833333333
7.68333333333
7.26666666667
10.0833333333
12.3166666667
10.3333333333
8.72881355932
10.1
3.31666666667
4.81666666667
9.16666666667
5.13559322034
7.05
7.76666666667
7.0
10.45
4.45
9.54237288136
7.95
8.1
11.0833333333
9.36666666667
3.56666666667
8.01694915254
9.4
11.3666666667
8.4
10.1166666667
10.6271186441
6.5
5.55
8.95
7.95
9.73333333333
7.18644067797
6.75
8.16666666667
3.28333333333
7.91666666667
4.08474576271
6.41666666667
10.2833333333
7.26666666667
2.56666666667
6.23333333333
9.64406779661
10.9
11.8
10.9333333333
5.25
5.10169491525
6.8
5.08333333333
7.55769230769
--END OF 10--
2.16666666667
3.63333333333
1.75
0.583333333333
0.4
2.28813559322
1.4
1.43333333333
2.23333333333
1.91666666667
2.15
1.9
1.52542372881
0.5
1.23333333333
0.85
2.15
0.508474576271
0.45
0.7
0.95
1.78333333333
0.8
1.59322033898
1.81666666667
0.833333333333
2.15
5.01666666667
0.0
0.966101694915
2.23333333333
1.45
1.0
2.76666666667
3.69491525424
0.9
1.4
1.26666666667
1.1
1.06666666667
1.8813559322
0.9
0.766666666667
0.666666666667
1.55
0.271186440678
0.366666666667
0.633333333333
0.633333333333
0.55
2.25
1.40677966102
1.05
1.45
3.68333333333
0.416666666667
0.898305084746
1.33333333333
0.533333333333
1.46153846154
--END OF 11--
0.166666666667
0.333333333333
0.0
0.0
0.0
0.0
0.0
0.5
0.0
0.0
0.466666666667
0.133333333333
0.372881355932
0.0
0.633333333333
0.483333333333
1.01666666667
0.0
0.45
0.05
0.0
0.65
0.15
0.0338983050847
0.2
0.0
0.616666666667
1.51666666667
0.0
0.0
0.3
0.8
0.0166666666667
0.483333333333
0.0
0.1
0.4
0.266666666667
0.0
0.4
1.13559322034
0.316666666667
0.0
0.0
0.0
0.0
0.366666666667
0.133333333333
0.0
0.516666666667
0.483333333333
0.813559322034
0.2
0.65
0.283333333333
0.0
0.0
0.0
0.2
0.0
--END OF 12--
