15.7333333333
16.7666666667
16.55
16.7333333333
17.2833333333
17.1333333333
16.6779661017
16.2333333333
16.25
14.8333333333
14.2
16.6
16.7288135593
16.5333333333
15.6
16.35
15.8833333333
14.1666666667
14.9152542373
14.85
16.25
15.1833333333
14.9166666667
15.6833333333
15.5423728814
15.2
15.7333333333
15.7
16.05
16.5762711864
17.5666666667
15.9
16.3666666667
16.3833333333
16.5833333333
16.3898305085
17.6666666667
16.5833333333
16.4
17.05
16.4333333333
15.8474576271
15.6166666667
15.4666666667
15.9
18.05
16.1186440678
15.1166666667
15.15
16.1333333333
16.35
16.0333333333
16.186440678
16.5
15.75
15.9833333333
16.0333333333
16.7666666667
16.8813559322
16.3157894737
--END OF 1--
21.35
22.5166666667
21.9333333333
22.1666666667
23.7666666667
23.2
22.2033898305
21.8833333333
23.1
20.7333333333
19.15
22.8
23.4915254237
22.4666666667
22.2166666667
21.9
21.7333333333
21.3166666667
20.6101694915
20.15
23.1333333333
21.6166666667
20.8666666667
20.15
20.7627118644
20.75
21.4333333333
21.65
21.75
21.7796610169
23.1333333333
22.4
22.1
22.9833333333
22.8333333333
21.0169491525
24.4333333333
23.7
21.95
23.3333333333
22.7166666667
21.4237288136
22.7666666667
22.0666666667
22.4
25.15
21.4237288136
20.5
21.1
21.5833333333
22.5
23.2166666667
22.1525423729
22.4
23.3
22.5833333333
22.5833333333
24.4833333333
23.4745762712
23.2280701754
--END OF 2--
22.8333333333
23.2
22.1833333333
23.0
24.1333333333
23.8166666667
23.6949152542
25.1333333333
24.2
22.4333333333
20.55
23.3
23.9322033898
23.1666666667
25.15
22.7166666667
23.05
22.0166666667
22.9830508475
20.8166666667
23.6666666667
22.15
21.9
21.4333333333
21.2542372881
21.8
22.55
22.1
22.4
22.2542372881
23.9166666667
23.0333333333
22.95
24.3666666667
23.5666666667
21.7288135593
24.7833333333
26.1
24.7
24.2166666667
23.9333333333
22.0677966102
23.6166666667
22.6666666667
23.65
26.25
21.5593220339
22.05
21.8
23.1666666667
24.2833333333
24.55
23.8813559322
23.35
24.9166666667
23.6166666667
23.65
25.6166666667
24.5084745763
24.0
--END OF 3--
15.7333333333
16.7666666667
16.55
16.7333333333
17.2833333333
17.1333333333
16.6779661017
16.2333333333
16.25
14.8333333333
14.2
16.6
16.7288135593
16.5333333333
15.6
16.35
15.8833333333
14.1666666667
14.9152542373
14.85
16.25
15.1833333333
14.9166666667
15.6833333333
15.5423728814
15.2
15.7333333333
15.7
16.05
16.5762711864
17.5666666667
15.9
16.3666666667
16.3833333333
16.5833333333
16.3898305085
17.6666666667
16.5833333333
16.4
17.05
16.4333333333
15.8474576271
15.6166666667
15.4666666667
15.9
18.05
16.1186440678
15.1166666667
15.15
16.1333333333
16.35
16.0333333333
16.186440678
16.5
15.75
15.9833333333
16.0333333333
16.7666666667
16.8813559322
16.3157894737
--END OF 4--
21.35
22.5166666667
21.9333333333
22.1666666667
23.7666666667
23.2
22.2033898305
21.8833333333
23.1
20.7333333333
19.15
22.8
23.4915254237
22.4666666667
22.2166666667
21.9
21.7333333333
21.3166666667
20.6101694915
20.15
23.1333333333
21.6166666667
20.8666666667
20.15
20.7627118644
20.75
21.4333333333
21.65
21.75
21.7796610169
23.1333333333
22.4
22.1
22.9833333333
22.8333333333
21.0169491525
24.4333333333
23.7
21.95
23.3333333333
22.7166666667
21.4237288136
22.7666666667
22.0666666667
22.4
25.15
21.4237288136
20.5
21.1
21.5833333333
22.5
23.2166666667
22.1525423729
22.4
23.3
22.5833333333
22.5833333333
24.4833333333
23.4745762712
23.2280701754
--END OF 5--
22.8333333333
23.2
22.1833333333
23.0
24.1333333333
23.8166666667
23.6949152542
25.1333333333
24.2
22.4333333333
20.55
23.3
23.9322033898
23.1666666667
25.15
22.7166666667
23.05
22.0166666667
22.9830508475
20.8166666667
23.6666666667
22.15
21.9
21.4333333333
21.2542372881
21.8
22.55
22.1
22.4
22.2542372881
23.9166666667
23.0333333333
22.95
24.3666666667
23.5666666667
21.7288135593
24.7833333333
26.1
24.7
24.2166666667
23.9333333333
22.0677966102
23.6166666667
22.6666666667
23.65
26.25
21.5593220339
22.05
21.8
23.1666666667
24.2833333333
24.55
23.8813559322
23.35
24.9166666667
23.6166666667
23.65
25.6166666667
24.5084745763
24.0
--END OF 6--
2935.1
3178.8
3088.5
3149.2
3146.3
3161.85
3131.49152542
3105.9
3066.45
3050.1
2827.5
3080.55
3047.54237288
3059.15
2981.0
3080.7
3069.1
2844.05
2928.66101695
2928.6
3117.45
3009.85
2821.8
2992.8
2913.10169492
2893.8
2961.4
2953.5
3042.9
3068.49152542
3263.7
3082.4
3230.95
3090.25
3124.8
3069.45762712
3273.8
3185.6
3072.5
3221.5
3100.7
2972.38983051
3084.9
3082.8
3067.05
3294.0
3027.20338983
2883.55
2903.2
2988.15
3192.95
3047.3
3047.13559322
3094.5
3128.3
3051.65
3073.35
3156.0
3136.93220339
3090.31578947
--END OF 7--
827.25
889.25
871.383333333
879.8
879.416666667
900.366666667
868.033898305
864.6
880.75
834.45
777.8
865.2
853.542372881
856.966666667
827.85
846.85
849.666666667
790.566666667
817.033898305
795.65
869.966666667
825.416666667
779.2
808.783333333
809.033898305
802.4
822.383333333
822.2
841.1
853.525423729
899.85
843.616666667
874.5
869.233333333
861.666666667
837.372881356
904.183333333
907.5
846.133333333
896.316666667
870.0
820.169491525
861.2
836.9
849.95
937.7
837.762711864
794.483333333
817.35
843.216666667
868.233333333
845.983333333
846.745762712
860.083333333
871.916666667
849.816666667
853.916666667
881.766666667
877.644067797
863.684210526
--END OF 8--
123.233333333
132.633333333
106.9
118.833333333
139.083333333
130.233333333
113.847457627
126.65
139.55
121.6
110.55
128.0
133.525423729
120.383333333
126.35
128.966666667
121.85
129.55
126.06779661
109.033333333
130.1
119.416666667
117.716666667
111.783333333
110.983050847
109.65
121.366666667
120.3
117.6
119.762711864
135.416666667
128.666666667
128.8
143.033333333
135.633333333
111.983050847
144.216666667
144.383333333
123.183333333
121.283333333
121.45
118.474576271
115.9
125.35
130.35
146.45
122.610169492
127.733333333
127.333333333
118.183333333
125.283333333
132.35
136.372881356
125.166666667
161.316666667
146.383333333
130.366666667
140.8
132.338983051
128.719298246
--END OF 9--
5.33333333333
2.38333333333
4.28333333333
5.26666666667
5.16666666667
5.28333333333
7.96610169492
8.8
4.55
4.2
6.1
7.25
5.10169491525
6.5
10.95
3.31666666667
5.71666666667
5.65
9.64406779661
5.03333333333
7.03333333333
5.63333333333
8.4
5.58333333333
4.49152542373
6.85
4.35
4.4
8.65
4.22033898305
5.8
8.98333333333
4.03333333333
4.6
6.05
4.61016949153
4.71666666667
10.2833333333
9.38333333333
6.35
5.65
4.84745762712
5.5
6.1
6.7
9.1
4.49152542373
5.71666666667
4.96666666667
6.85
9.41666666667
9.01666666667
6.18644067797
6.21666666667
8.7
5.31666666667
7.45
12.7666666667
6.23728813559
5.33333333333
--END OF 10--
2.48333333333
1.28333333333
0.3
0.933333333333
0.216666666667
0.516666666667
1.74576271186
5.05
1.15
2.95
1.8
1.15
0.847457627119
1.0
4.63333333333
0.9
2.08333333333
0.5
2.74576271186
1.3
0.983333333333
0.816666666667
0.916666666667
0.583333333333
0.406779661017
1.1
1.75
0.55
0.5
0.423728813559
0.816666666667
0.6
1.18333333333
2.26666666667
1.06666666667
1.45762711864
0.883333333333
3.25
4.75
1.2
2.15
1.0
1.7
1.1
2.2
2.0
0.338983050847
2.2
1.15
2.31666666667
2.53333333333
1.43333333333
2.23728813559
1.43333333333
2.2
1.13333333333
0.866666666667
1.3
1.49152542373
0.771929824561
--END OF 11--
0.5
0.0
0.0
0.0
0.0
0.166666666667
0.338983050847
0.5
0.6
0.7
0.2
0.0
0.0
0.0
0.983333333333
0.15
0.866666666667
0.5
0.0
0.0
0.0
0.433333333333
0.0
0.0
0.0
0.35
0.15
0.0
0.0
0.0
0.0
0.0
0.533333333333
0.833333333333
0.0
0.0169491525424
0.483333333333
0.333333333333
1.16666666667
0.0
0.0
0.0
0.0
0.0
0.0
0.0
0.0
0.0
0.0
0.483333333333
0.516666666667
0.383333333333
1.0
0.566666666667
0.533333333333
0.333333333333
0.266666666667
0.733333333333
0.0
0.0
--END OF 12--
