22.5666666667
23.15
21.6333333333
22.8833333333
23.55
24.0508474576
23.1333333333
22.7666666667
23.9166666667
21.9833333333
23.0166666667
21.9322033898
23.7166666667
21.6833333333
21.9333333333
22.2
22.6333333333
21.7833333333
21.1525423729
21.4166666667
22.15
20.55
21.6
21.3833333333
21.3333333333
20.9322033898
22.0166666667
21.7666666667
21.85
20.4666666667
21.2372881356
22.2333333333
21.4833333333
20.5833333333
21.5
21.1166666667
21.6440677966
22.15
21.3
21.25
20.2
20.1333333333
19.7966101695
21.0833333333
21.1
21.0666666667
21.15
21.0666666667
22.1525423729
20.9833333333
21.5833333333
20.35
20.7
20.4576271186
19.55
20.55
20.45
20.3
19.2333333333
22.9298245614
--END OF 1--
30.9833333333
30.65
31.1833333333
31.1833333333
32.45
33.8305084746
31.5166666667
29.7333333333
33.3833333333
30.7666666667
31.7833333333
28.9830508475
31.6166666667
28.3833333333
30.0333333333
28.45
30.6833333333
29.7333333333
28.6610169492
28.75
30.45
28.0666666667
29.1333333333
28.9166666667
29.2166666667
28.6271186441
29.8833333333
28.8833333333
29.9166666667
28.2333333333
27.593220339
28.0333333333
28.5333333333
28.2666666667
30.1
29.7166666667
30.8474576271
29.2666666667
28.4666666667
26.7833333333
27.2833333333
27.3333333333
27.6271186441
28.7833333333
26.9333333333
28.2
27.9333333333
28.8333333333
28.5084745763
29.6666666667
29.05
26.8
26.6
27.2203389831
26.2833333333
28.4333333333
27.05
27.2
26.6333333333
33.1228070175
--END OF 2--
32.6833333333
32.7666666667
34.0333333333
33.4333333333
34.4333333333
35.406779661
33.2333333333
31.15
34.95
33.2666666667
33.45
31.6101694915
33.0666666667
31.3833333333
30.7833333333
30.05
33.8333333333
31.5833333333
29.406779661
30.15
32.3833333333
29.0833333333
30.3666666667
30.5833333333
31.25
30.2033898305
31.0166666667
29.7333333333
30.8666666667
29.8833333333
28.593220339
28.5333333333
28.7333333333
30.4666666667
31.75
31.5333333333
31.813559322
30.3333333333
30.1
27.8833333333
28.3166666667
29.3666666667
28.1525423729
29.3666666667
28.5666666667
29.5833333333
28.5666666667
29.8666666667
28.9322033898
30.75
29.25
29.0
27.7
27.8813559322
26.85
30.4
28.9
27.7
27.8833333333
35.3859649123
--END OF 3--
21.25
21.7166666667
20.6666666667
21.4833333333
22.0166666667
22.2372881356
21.9
21.65
22.15
20.9833333333
21.7666666667
20.9322033898
22.0166666667
20.6833333333
20.9333333333
21.2
21.4833333333
20.7833333333
20.1525423729
20.4666666667
21.05
19.8833333333
20.8166666667
20.3833333333
20.3833333333
19.9830508475
20.9666666667
20.7666666667
20.85
19.7666666667
20.2881355932
21.2333333333
20.4833333333
20.05
20.5
20.1666666667
20.6440677966
21.15
20.3
20.3833333333
19.8833333333
19.8833333333
19.6271186441
20.1166666667
20.3
20.1333333333
20.3
20.2166666667
21.0
20.25
20.6833333333
19.9
20.05
20.0508474576
19.5
20.05
19.95
20.0
19.15
21.701754386
--END OF 4--
30.05
30.0833333333
30.3333333333
30.5666666667
31.3
32.2033898305
30.6
29.6833333333
31.7833333333
30.1333333333
30.9
28.8813559322
30.6666666667
28.2833333333
29.4333333333
28.35
30.0333333333
29.6333333333
28.6101694915
28.7166666667
29.8833333333
28.0666666667
28.8
28.9
29.1666666667
28.6101694915
29.3333333333
28.7333333333
29.5666666667
28.2333333333
27.593220339
28.0333333333
28.4833333333
28.15
29.7
29.3666666667
30.0847457627
29.1833333333
28.45
26.7833333333
27.2833333333
27.3333333333
27.6271186441
28.7333333333
26.9333333333
28.2
27.9333333333
28.8333333333
28.406779661
29.3833333333
28.95
26.8
26.6
27.2203389831
26.2833333333
28.3833333333
27.05
27.2
26.6333333333
31.7894736842
--END OF 5--
32.6833333333
32.7666666667
34.0333333333
33.4333333333
34.4333333333
35.406779661
33.2333333333
31.15
34.95
33.2666666667
33.45
31.6101694915
33.0666666667
31.3833333333
30.7833333333
30.05
33.8333333333
31.5833333333
29.406779661
30.15
32.3833333333
29.0833333333
30.3666666667
30.5833333333
31.25
30.2033898305
31.0166666667
29.7333333333
30.8666666667
29.8833333333
28.593220339
28.5333333333
28.7333333333
30.4666666667
31.75
31.5333333333
31.813559322
30.3333333333
30.1
27.8833333333
28.3166666667
29.3666666667
28.1525423729
29.3666666667
28.5666666667
29.5833333333
28.5666666667
29.8666666667
28.9322033898
30.75
29.25
29.0
27.7
27.8813559322
26.85
30.4
28.9
27.7
27.8833333333
35.3859649123
--END OF 6--
4302.65
4352.3
4030.45
4232.45
4310.5
4399.88135593
4307.0
4138.1
4309.5
4139.1
4214.9
4009.11864407
4286.25
3947.4
4076.85
4002.0
4173.15
4072.5
4048.22033898
3978.9
4063.5
3896.6
4045.5
3913.5
4085.3
3920.33898305
4108.45
3981.8
4017.1
3923.9
3875.03389831
3890.4
3898.95
3787.15
4114.35
3907.2
4130.18644068
4151.3
3977.05
3857.85
3844.05
3796.35
3709.42372881
3867.15
3788.8
3949.75
3869.5
3861.95
3949.88135593
3962.35
3928.35
3637.35
3649.95
3785.84745763
3584.25
3837.0
3687.15
3748.05
3663.9
4355.26315789
--END OF 7--
1184.71666667
1174.4
1124.9
1176.43333333
1223.25
1235.47457627
1191.5
1156.31666667
1226.65
1156.31666667
1185.13333333
1118.62711864
1199.4
1101.6
1146.55
1113.65
1163.4
1145.2
1118.30508475
1106.01666667
1128.3
1082.1
1113.9
1097.85
1107.91666667
1073.40677966
1147.55
1121.91666667
1121.11666667
1072.36666667
1077.61016949
1088.2
1106.55
1075.4
1142.6
1090.85
1133.03389831
1143.98333333
1098.65
1069.43333333
1046.3
1057.08333333
1039.18644068
1086.21666667
1048.61666667
1087.53333333
1088.41666667
1074.98333333
1103.3220339
1084.58333333
1090.41666667
1015.55
1032.65
1038.38983051
992.833333333
1062.31666667
1038.25
1043.75
1004.45
1212.29824561
--END OF 8--
168.0
159.833333333
178.433333333
165.05
175.633333333
197.559322034
184.216666667
162.016666667
196.033333333
162.333333333
184.416666667
150.508474576
167.35
156.7
174.1
152.95
178.65
162.5
142.677966102
163.416666667
178.883333333
149.35
150.866666667
177.183333333
150.666666667
160.305084746
167.2
151.35
178.566666667
162.216666667
159.593220339
154.85
155.2
167.516666667
172.4
176.4
173.644067797
163.683333333
163.616666667
127.966666667
143.333333333
147.05
159.644067797
168.583333333
138.416666667
155.383333333
159.233333333
170.666666667
160.169491525
175.283333333
170.266666667
162.05
151.35
148.711864407
146.1
161.35
148.366666667
144.966666667
142.133333333
204.578947368
--END OF 9--
9.48333333333
9.26666666667
16.9
10.0666666667
9.28333333333
9.45762711864
6.98333333333
6.16666666667
11.2333333333
11.0833333333
8.96666666667
8.94915254237
9.65
10.9
6.7
5.45
11.4
9.6
7.52542372881
8.35
10.05
8.21666666667
10.5
7.48333333333
13.0166666667
9.37288135593
7.31666666667
6.58333333333
8.16666666667
11.3166666667
4.4406779661
4.95
5.3
8.71666666667
5.8
9.93333333333
11.7627118644
4.85
5.81666666667
4.78333333333
7.55
7.33333333333
7.06779661017
3.96666666667
10.7666666667
6.53333333333
2.43333333333
6.38333333333
3.76271186441
9.45
3.76666666667
5.8
5.9
7.35593220339
4.63333333333
11.3166666667
6.46666666667
4.46666666667
10.7666666667
11.2280701754
--END OF 10--
2.31666666667
3.28333333333
3.65
3.05
2.28333333333
2.01694915254
2.98333333333
2.56666666667
2.35
4.15
3.08333333333
3.52542372881
2.55
4.8
0.9
2.0
4.5
2.35
0.491525423729
2.23333333333
3.01666666667
1.23333333333
1.7
1.7
2.45
2.67796610169
1.4
1.05
1.5
1.83333333333
1.91525423729
0.35
0.15
3.43333333333
2.3
2.1
1.32203389831
1.38333333333
2.11666666667
1.5
1.75
3.16666666667
0.949152542373
1.08333333333
1.68333333333
2.0
0.883333333333
0.816666666667
0.186440677966
1.85
0.45
3.75
1.65
1.01694915254
1.05
3.1
2.98333333333
0.8
1.36666666667
3.28070175439
--END OF 11--
1.06666666667
0.0166666666667
1.28333333333
0.683333333333
0.95
0.542372881356
0.0
0.0
0.766666666667
1.05
0.2
1.30508474576
0.1
0.7
0.3
0.5
0.0
0.0
0.338983050847
0.166666666667
0.483333333333
0.0166666666667
0.516666666667
0.9
0.583333333333
0.508474576271
0.0
0.0
0.0
0.0
0.0
0.0
0.0
1.5
0.65
0.283333333333
0.0
0.416666666667
1.58333333333
0.5
0.133333333333
0.866666666667
0.0
0.0
0.5
0.5
0.0
0.316666666667
0.186440677966
0.0
0.0
0.5
0.0
0.0
0.183333333333
0.816666666667
0.433333333333
0.0666666666667
0.566666666667
0.40350877193
--END OF 12--
