22.7166666667
22.75
21.9666666667
20.7166666667
22.4333333333
21.1355932203
20.45
21.8
23.45
21.9
21.6833333333
20.4333333333
22.2203389831
22.05
21.4666666667
22.35
20.3833333333
21.0
21.6833333333
22.5833333333
20.9666666667
20.6
20.0
20.2033898305
20.6666666667
21.95
22.0833333333
20.65
21.1525423729
21.05
22.05
20.75
21.8
20.1166666667
20.4
21.8305084746
21.3333333333
20.0
20.85
21.3833333333
21.7966101695
21.1166666667
21.0
21.1
22.15
21.35
20.4237288136
21.4166666667
20.3
21.9
21.45
21.3389830508
20.45
21.5833333333
21.3833333333
20.9333333333
21.6666666667
20.5593220339
20.5
22.4035087719
--END OF 1--
31.0166666667
30.2333333333
29.85
29.7
31.4833333333
30.6779661017
28.1166666667
30.55
31.6666666667
29.9333333333
29.2666666667
28.7333333333
30.2372881356
30.3166666667
29.8166666667
30.55
29.2166666667
28.2033898305
29.5166666667
31.7833333333
29.7833333333
29.2166666667
28.65
27.2711864407
28.8333333333
30.4833333333
29.4666666667
30.4
30.0508474576
29.1333333333
29.85
28.2166666667
28.5833333333
28.0833333333
28.7833333333
29.6101694915
28.9166666667
27.1333333333
27.9
28.9
28.4745762712
27.9
30.25
28.85
30.9
28.7166666667
29.4745762712
29.1666666667
27.85
30.1833333333
28.7666666667
30.2033898305
26.5166666667
29.3666666667
29.0166666667
28.0666666667
29.55
28.4237288136
28.6
29.8947368421
--END OF 2--
32.9
31.2166666667
30.85
31.4833333333
33.0166666667
32.2542372881
29.3833333333
31.4
32.3666666667
31.0666666667
29.65
29.9333333333
31.1525423729
31.8
30.1166666667
31.1833333333
30.1833333333
29.3559322034
30.8333333333
32.75
31.5666666667
29.95
29.4833333333
28.8305084746
29.4833333333
31.3
31.0166666667
31.1
30.7966101695
30.2333333333
31.3833333333
30.2666666667
29.3
28.9333333333
30.5166666667
30.9322033898
29.9
27.9333333333
29.65
29.95
30.2372881356
29.45
31.95
29.9
33.2666666667
30.1333333333
30.4237288136
29.8666666667
29.6166666667
31.6
31.3333333333
30.7966101695
27.5833333333
30.8666666667
30.1833333333
29.8
30.6666666667
31.0338983051
29.9
31.3333333333
--END OF 3--
21.3666666667
21.3166666667
20.7333333333
20.1
21.35
20.2542372881
20.05
20.8
22.0333333333
20.8833333333
20.5833333333
19.8833333333
21.2203389831
20.9333333333
20.5
21.2
19.8833333333
20.0508474576
20.9
21.5333333333
20.0166666667
19.9666666667
19.7
19.6949152542
19.8166666667
20.95
20.9
19.8833333333
20.4576271186
20.15
21.05
20.05
20.8
19.7
19.9166666667
20.7627118644
20.3333333333
19.3666666667
20.2333333333
20.3833333333
20.7457627119
20.1166666667
20.15
20.2
21.15
20.4
19.9322033898
20.4166666667
19.8666666667
20.9
20.7333333333
20.5593220339
19.85
20.5833333333
20.5833333333
20.3833333333
20.7333333333
19.8983050847
19.95
21.2807017544
--END OF 4--
30.3
29.6333333333
29.2666666667
29.2833333333
30.6833333333
29.9491525424
27.9333333333
30.0
30.7333333333
29.65
28.7833333333
28.5333333333
29.6779661017
29.85
29.5166666667
29.8666666667
28.85
28.1186440678
29.1666666667
30.95
29.45
29.0166666667
28.65
27.2711864407
28.8166666667
29.7666666667
29.1666666667
29.7666666667
29.5593220339
28.9666666667
29.5166666667
27.75
28.5833333333
28.0833333333
28.7
29.3898305085
28.65
27.0833333333
27.9
28.9
28.4745762712
27.8
29.9
28.7
30.2333333333
28.5666666667
29.2372881356
29.1666666667
27.85
29.8
28.7666666667
29.813559322
26.5166666667
29.25
28.8833333333
28.0666666667
29.1
28.2711864407
28.3
29.6666666667
--END OF 5--
32.9
31.2166666667
30.85
31.4833333333
33.0166666667
32.2542372881
29.3833333333
31.4
32.3666666667
31.0666666667
29.65
29.9333333333
31.1525423729
31.8
30.1166666667
31.1833333333
30.1833333333
29.3559322034
30.8333333333
32.75
31.5666666667
29.95
29.4833333333
28.8305084746
29.4833333333
31.3
31.0166666667
31.1
30.7966101695
30.2333333333
31.3833333333
30.2666666667
29.3
28.9333333333
30.5166666667
30.9322033898
29.9
27.9333333333
29.65
29.95
30.2372881356
29.45
31.95
29.9
33.2666666667
30.1333333333
30.4237288136
29.8666666667
29.6166666667
31.6
31.3333333333
30.7966101695
27.5833333333
30.8666666667
30.1833333333
29.8
30.6666666667
31.0338983051
29.9
31.3333333333
--END OF 6--
4120.15
4142.65
4168.6
3953.25
4177.75
4039.52542373
3835.85
4004.25
4251.0
4123.3
4158.85
3822.15
3957.76271186
4060.95
3997.8
4092.7
3937.8
3952.42372881
4042.4
4176.95
4109.95
3768.5
3862.95
3781.88135593
3830.35
4079.35
4192.65
3944.2
3943.72881356
3895.3
4014.0
3940.65
3885.7
3852.95
3811.4
3961.57627119
3847.35
3836.25
3782.35
3978.45
3944.33898305
3882.4
3924.15
3879.0
4034.75
4020.7
3797.69491525
3932.9
3744.65
3957.15
3930.45
3990.50847458
3747.35
4052.0
3947.05
3856.4
3918.75
3741.91525424
3855.0
4055.52631579
--END OF 7--
1176.23333333
1164.35
1174.88333333
1101.21666667
1167.11666667
1125.96610169
1062.7
1119.75
1181.43333333
1140.35
1147.86666667
1056.9
1126.25423729
1132.68333333
1115.76666667
1147.31666667
1086.9
1110.76271186
1122.61666667
1168.23333333
1143.86666667
1066.91666667
1072.66666667
1056.86440678
1077.91666667
1137.45
1159.55
1104.53333333
1097.49152542
1093.63333333
1108.63333333
1092.61666667
1097.43333333
1056.16666667
1054.15
1111.71186441
1078.08333333
1057.15
1062.41666667
1097.96666667
1105.38983051
1072.16666667
1100.55
1080.5
1129.26666667
1127.61666667
1066.15254237
1106.85
1054.4
1128.1
1097.8
1118.79661017
1045.2
1132.5
1117.73333333
1063.61666667
1115.95
1061.59322034
1078.7
1144.05263158
--END OF 8--
179.816666667
161.133333333
159.85
174.816666667
191.833333333
201.491525424
160.316666667
173.0
174.8
176.15
169.5
166.2
181.728813559
184.966666667
165.383333333
182.45
172.583333333
164.203389831
176.416666667
174.8
174.266666667
171.35
170.0
156.016949153
177.616666667
175.433333333
175.933333333
185.466666667
176.728813559
175.566666667
171.016666667
156.55
157.816666667
161.033333333
182.533333333
176.457627119
175.866666667
170.883333333
168.516666667
159.4
167.322033898
175.883333333
183.65
169.7
186.6
154.933333333
180.271186441
167.05
169.666666667
173.95
171.9
179.966101695
147.533333333
160.766666667
162.333333333
165.6
162.6
163.033898305
176.0
166.50877193
--END OF 9--
6.9
6.08333333333
6.15
12.0166666667
8.31666666667
8.01694915254
5.91666666667
8.7
6.86666666667
5.43333333333
3.9
8.35
5.67796610169
7.16666666667
5.5
7.21666666667
7.21666666667
4.22033898305
5.66666666667
8.68333333333
9.01666666667
6.76666666667
4.48333333333
6.42372881356
6.21666666667
9.1
6.46666666667
8.55
9.61016949153
6.25
7.45
9.96666666667
6.98333333333
7.75
7.5
8.05084745763
8.43333333333
4.13333333333
7.63333333333
8.43333333333
5.59322033898
5.06666666667
10.4
7.55
10.4
6.2
7.84745762712
5.95
7.31666666667
8.28333333333
7.7
5.05084745763
6.13333333333
5.4
5.98333333333
6.5
7.71666666667
8.81355932203
5.65
5.45614035088
--END OF 10--
2.6
1.88333333333
1.38333333333
2.76666666667
1.46666666667
1.64406779661
1.85
1.35
0.433333333333
0.933333333333
0.55
1.3
1.06779661017
2.46666666667
0.366666666667
1.2
1.55
2.10169491525
2.06666666667
1.15
2.93333333333
1.3
0.966666666667
2.22033898305
0.6
1.11666666667
2.16666666667
1.13333333333
0.338983050847
1.46666666667
1.85
2.2
0.716666666667
1.73333333333
2.2
2.16949152542
0.9
1.35
2.63333333333
1.58333333333
2.38983050847
1.96666666667
2.65
1.2
3.76666666667
2.58333333333
1.30508474576
0.3
2.5
2.56666666667
4.15
1.15254237288
1.0
2.5
1.23333333333
2.48333333333
1.33333333333
3.0
2.1
2.31578947368
--END OF 11--
0.933333333333
0.0
0.0
0.5
0.0
0.0
0.233333333333
0.0
0.233333333333
0.0
0.0
0.5
0.0
0.233333333333
0.0
0.0
0.5
0.0169491525424
0.383333333333
0.35
0.5
0.0
0.0
0.508474576271
0.0
0.0
0.5
0.0
0.0
0.0
0.5
1.25
0.216666666667
0.0833333333333
0.616666666667
0.203389830508
0.0
0.0
0.0
0.0
0.0
0.266666666667
0.2
0.5
0.5
0.0
0.237288135593
0.3
0.466666666667
0.0833333333333
0.416666666667
0.0
0.0
0.5
0.733333333333
0.266666666667
0.05
1.47457627119
0.5
0.456140350877
--END OF 12--
