12.0666666667
12.1166666667
13.5333333333
12.7666666667
11.406779661
12.4
12.7
13.5333333333
12.9333333333
12.7666666667
11.4745762712
12.8333333333
12.3666666667
11.8333333333
11.9
13.15
12.6271186441
11.3
10.9166666667
12.0
12.0
12.1166666667
11.8813559322
11.4333333333
11.65
13.3666666667
13.3
12.45
12.4237288136
12.2166666667
13.1833333333
12.7166666667
11.4166666667
12.5084745763
11.9
12.55
11.7666666667
12.0166666667
12.85
11.813559322
11.6
12.55
12.6333333333
12.4333333333
12.5254237288
12.1
13.2166666667
13.0333333333
11.9166666667
12.3898305085
11.8
12.1833333333
11.7666666667
12.5
12.55
12.4406779661
12.5
12.1
11.1333333333
11.7894736842
--END OF 1--
17.7666666667
16.6666666667
18.5833333333
17.1666666667
16.3050847458
17.9333333333
19.1166666667
18.5166666667
18.5833333333
17.4666666667
17.3728813559
19.05
18.55
18.5
16.1666666667
18.0666666667
17.593220339
18.15
16.85
17.75
16.0
17.1666666667
17.5762711864
16.4166666667
16.35
17.8666666667
18.6666666667
17.6166666667
16.7966101695
17.3
18.5333333333
17.2166666667
16.5833333333
17.2372881356
17.1
17.1
17.1
16.4166666667
17.75
16.9152542373
16.2666666667
16.3833333333
17.05
17.3333333333
18.3559322034
18.6
18.5666666667
17.6333333333
17.15
16.8983050847
16.05
17.0333333333
16.4833333333
16.8
17.15
16.9491525424
16.7833333333
17.3
16.1333333333
17.3684210526
--END OF 2--
18.7166666667
17.1166666667
19.0333333333
18.3166666667
16.9491525424
18.7
19.1333333333
18.55
19.25
18.1666666667
18.7627118644
20.25
19.3833333333
18.8666666667
16.45
18.2833333333
18.1525423729
18.85
17.95
19.25
17.05
17.4666666667
18.0338983051
17.1833333333
16.8333333333
18.7666666667
18.6666666667
17.7166666667
18.5084745763
17.3666666667
19.6
18.2
16.8
17.3389830508
17.65
17.45
17.85
17.6166666667
18.6
17.4745762712
16.5666666667
16.6333333333
18.2166666667
18.0166666667
19.0338983051
18.9333333333
19.4666666667
18.3166666667
17.9
17.4406779661
17.7
17.4333333333
17.1333333333
16.8
17.55
17.0
17.0166666667
18.0833333333
16.8166666667
18.3157894737
--END OF 3--
12.0666666667
12.1166666667
13.5333333333
12.7666666667
11.406779661
12.4
12.7
13.5333333333
12.9333333333
12.7666666667
11.4745762712
12.8333333333
12.3666666667
11.8333333333
11.9
13.15
12.6271186441
11.3
10.9166666667
12.0
12.0
12.1166666667
11.8813559322
11.4333333333
11.65
13.3666666667
13.3
12.45
12.4237288136
12.2166666667
13.1833333333
12.7166666667
11.4166666667
12.5084745763
11.9
12.55
11.7666666667
12.0166666667
12.85
11.813559322
11.6
12.55
12.6333333333
12.4333333333
12.5254237288
12.1
13.2166666667
13.0333333333
11.9166666667
12.3898305085
11.8
12.1833333333
11.7666666667
12.5
12.55
12.4406779661
12.5
12.1
11.1333333333
11.7894736842
--END OF 4--
17.7666666667
16.6666666667
18.5833333333
17.1666666667
16.3050847458
17.9333333333
19.1166666667
18.5166666667
18.5833333333
17.4666666667
17.3728813559
19.05
18.55
18.5
16.1666666667
18.0666666667
17.593220339
18.15
16.85
17.75
16.0
17.1666666667
17.5762711864
16.4166666667
16.35
17.8666666667
18.6666666667
17.6166666667
16.7966101695
17.3
18.5333333333
17.2166666667
16.5833333333
17.2372881356
17.1
17.1
17.1
16.4166666667
17.75
16.9152542373
16.2666666667
16.3833333333
17.05
17.3333333333
18.3559322034
18.6
18.5666666667
17.6333333333
17.15
16.8983050847
16.05
17.0333333333
16.4833333333
16.8
17.15
16.9491525424
16.7833333333
17.3
16.1333333333
17.3684210526
--END OF 5--
18.7166666667
17.1166666667
19.0333333333
18.3166666667
16.9491525424
18.7
19.1333333333
18.55
19.25
18.1666666667
18.7627118644
20.25
19.3833333333
18.8666666667
16.45
18.2833333333
18.1525423729
18.85
17.95
19.25
17.05
17.4666666667
18.0338983051
17.1833333333
16.8333333333
18.7666666667
18.6666666667
17.7166666667
18.5084745763
17.3666666667
19.6
18.2
16.8
17.3389830508
17.65
17.45
17.85
17.6166666667
18.6
17.4745762712
16.5666666667
16.6333333333
18.2166666667
18.0166666667
19.0338983051
18.9333333333
19.4666666667
18.3166666667
17.9
17.4406779661
17.7
17.4333333333
17.1333333333
16.8
17.55
17.0
17.0166666667
18.0833333333
16.8166666667
18.3157894737
--END OF 6--
2385.3
2355.15
2591.4
2438.4
2397.20338983
2452.8
2480.4
2554.45
2395.45
2448.4
2357.49152542
2498.2
2406.25
2309.45
2314.75
2432.0
2366.54237288
2319.55
2317.75
2298.15
2214.75
2417.7
2356.11864407
2225.6
2381.05
2461.95
2477.3
2368.2
2367.50847458
2274.2
2496.95
2359.55
2243.95
2376.50847458
2296.2
2404.35
2279.7
2363.25
2453.85
2302.83050847
2232.05
2446.85
2430.05
2378.25
2465.38983051
2384.4
2495.3
2433.35
2378.4
2376.45762712
2287.35
2425.8
2304.2
2326.05
2331.15
2344.06779661
2257.3
2351.85
2216.95
2276.26315789
--END OF 7--
659.65
644.55
717.35
681.4
649.322033898
672.533333333
686.966666667
705.483333333
686.433333333
686.583333333
644.694915254
695.383333333
680.766666667
658.633333333
632.666666667
686.266666667
676.915254237
641.983333333
642.55
644.15
631.2
669.7
661.474576271
623.633333333
652.483333333
700.8
683.75
663.333333333
664.491525424
647.85
703.466666667
666.283333333
610.7
662.508474576
647.05
670.6
635.25
651.2
700.55
642.288135593
623.633333333
662.133333333
677.833333333
659.833333333
688.93220339
652.366666667
691.933333333
674.066666667
645.75
654.610169492
643.4
669.75
633.8
657.1
663.55
651.830508475
651.583333333
657.5
613.5
644.438596491
--END OF 8--
124.9
104.5
99.25
107.75
107.084745763
119.2
121.433333333
100.95
109.033333333
104.033333333
103.542372881
117.7
103.483333333
119.933333333
92.8666666667
110.266666667
96.7457627119
117.966666667
105.95
101.05
92.05
99.75
103.152542373
95.5
101.016666667
104.483333333
115.533333333
103.75
99.2542372881
98.0166666667
115.45
101.633333333
110.233333333
104.288135593
104.05
103.35
102.466666667
94.05
108.7
104.813559322
97.55
87.7
103.883333333
102.733333333
109.033898305
117.766666667
119.666666667
108.9
116.466666667
89.1186440678
91.1
103.8
98.5
97.75
97.55
90.1525423729
106.1
104.783333333
96.9833333333
113.263157895
--END OF 9--
4.05
4.35
4.3
3.65
6.22033898305
5.03333333333
4.56666666667
2.86666666667
4.83333333333
2.23333333333
8.69491525424
7.33333333333
7.2
7.93333333333
1.98333333333
3.13333333333
5.15254237288
9.66666666667
5.58333333333
10.45
3.5
4.2
6.15254237288
7.3
2.98333333333
4.26666666667
4.45
3.9
6.15254237288
4.53333333333
5.71666666667
2.83333333333
2.51666666667
1.28813559322
7.1
3.95
5.58333333333
4.2
3.9
4.33898305085
4.96666666667
2.06666666667
3.7
4.26666666667
5.27118644068
4.65
4.36666666667
3.85
5.78333333333
5.47457627119
4.95
4.85
3.1
1.5
3.65
2.38983050847
3.6
3.83333333333
2.3
4.84210526316
--END OF 10--
1.6
0.9
0.5
1.0
1.0
1.35
0.0666666666667
0.0
0.633333333333
1.0
2.54237288136
1.73333333333
1.23333333333
0.366666666667
0.633333333333
0.266666666667
0.559322033898
1.16666666667
1.06666666667
1.8
1.9
0.35
1.0
1.53333333333
0.983333333333
1.48333333333
0.0166666666667
0.5
1.86440677966
0.166666666667
1.7
1.8
0.266666666667
0.237288135593
0.4
0.1
1.01666666667
2.2
0.75
0.203389830508
0.5
0.433333333333
1.53333333333
0.616666666667
0.694915254237
0.75
1.4
1.0
1.13333333333
0.796610169492
2.35
0.55
0.8
0.1
0.5
0.237288135593
0.35
1.36666666667
1.05
1.0701754386
--END OF 11--
0.0
0.0
0.0
0.5
0.0
0.5
0.0
0.0
0.633333333333
0.866666666667
0.0
1.0
0.5
0.0
0.0
0.0
0.0
0.0
0.0
1.5
0.15
0.35
0.0
0.183333333333
0.316666666667
0.0
0.0
0.0
0.474576271186
0.0333333333333
0.0
0.0
0.0
0.0
0.4
0.1
0.4
0.1
0.0
0.0
0.0
0.0
0.0
0.0
0.271186440678
0.233333333333
0.0
0.0
0.0
0.0
0.55
0.45
0.0
0.0
0.0
0.0
0.0
0.0
0.0
0.59649122807
--END OF 12--
