19.5833333333
20.35
20.1666666667
20.4333333333
20.4745762712
20.0333333333
20.0
20.4333333333
20.3
20.5666666667
20.8305084746
20.2166666667
21.2
19.4333333333
19.6833333333
19.3666666667
19.813559322
20.3833333333
20.7833333333
20.4166666667
19.5833333333
19.7666666667
19.7627118644
20.5833333333
20.8666666667
20.0333333333
19.1666666667
19.7
19.3220338983
20.65
19.3833333333
20.1166666667
19.05
18.8833333333
18.6101694915
19.3166666667
20.6666666667
19.5833333333
19.6
19.9333333333
21.7118644068
20.9
20.1833333333
19.0333333333
19.5833333333
20.9166666667
19.8813559322
19.2833333333
19.4666666667
18.3166666667
20.05
20.4237288136
20.55
20.05
20.6833333333
19.9
19.25
19.813559322
19.4
18.6315789474
--END OF 1--
25.7833333333
27.6166666667
27.0166666667
26.2333333333
26.6440677966
26.4333333333
25.9
27.1333333333
27.15
26.8333333333
29.5254237288
27.1166666667
27.35
27.3833333333
25.6833333333
25.45
26.8474576271
27.15
26.9333333333
28.9833333333
25.3166666667
27.0333333333
26.2711864407
26.7666666667
27.75
28.5666666667
25.6666666667
27.0333333333
26.2203389831
27.7166666667
26.8
27.4333333333
26.4333333333
25.2833333333
24.9830508475
27.1833333333
28.2
26.3833333333
24.6833333333
26.0333333333
27.4745762712
27.4666666667
26.4333333333
25.6333333333
25.3833333333
27.8833333333
25.4237288136
27.0166666667
24.95
24.7333333333
26.7666666667
26.0508474576
27.35
26.5833333333
26.8666666667
26.5833333333
26.0166666667
27.1355932203
27.45
25.4210526316
--END OF 2--
26.9833333333
28.55
28.4666666667
27.05
28.0
27.3833333333
26.1
27.4333333333
27.7
28.1666666667
30.7796610169
27.6833333333
27.8833333333
27.8
26.3166666667
25.8166666667
26.8474576271
27.4333333333
27.35
29.6666666667
25.9666666667
27.5333333333
26.6779661017
27.4
28.1333333333
29.0166666667
26.1166666667
27.9
27.2881355932
29.0333333333
26.8333333333
27.9833333333
28.3
25.3666666667
25.4745762712
28.25
29.0833333333
26.7833333333
25.6666666667
26.8
28.1694915254
28.0333333333
26.4333333333
26.1333333333
26.9333333333
28.9666666667
25.8983050847
27.7166666667
26.1
25.8166666667
27.5
26.5593220339
28.9833333333
28.8333333333
27.6166666667
27.6166666667
27.2
27.7627118644
28.35
27.1929824561
--END OF 3--
19.5666666667
19.8333333333
19.8166666667
19.7833333333
19.9491525424
19.7333333333
19.65
19.9
19.85
20.0
20.2203389831
19.7666666667
20.4833333333
19.1333333333
19.2833333333
19.1833333333
19.6949152542
19.9333333333
20.2666666667
19.9333333333
19.2833333333
19.5666666667
19.5593220339
19.8833333333
20.0666666667
19.6833333333
19.1166666667
19.55
19.2711864407
19.9666666667
19.1166666667
19.6
18.85
18.8833333333
18.6101694915
19.0833333333
20.0166666667
19.5833333333
19.4
19.7666666667
20.7118644068
20.1
19.9333333333
19.0333333333
19.5833333333
20.2666666667
19.6779661017
19.2833333333
19.2666666667
18.3166666667
19.6
19.9491525424
20.0166666667
19.8333333333
20.05
19.6
19.25
19.4576271186
19.25
18.6315789474
--END OF 4--
25.7833333333
27.6166666667
27.0166666667
26.2333333333
26.6440677966
26.4333333333
25.9
27.1333333333
27.15
26.8333333333
29.2033898305
26.95
27.35
27.3833333333
25.6833333333
25.45
26.8474576271
27.15
26.9333333333
28.8833333333
25.3166666667
27.0333333333
26.2711864407
26.7666666667
27.75
28.4
25.6666666667
27.0333333333
26.2203389831
27.7166666667
26.8
27.4333333333
26.4333333333
25.2833333333
24.9830508475
27.1833333333
28.2
26.3833333333
24.6833333333
26.0333333333
27.4745762712
27.4666666667
26.4333333333
25.6333333333
25.3833333333
27.8833333333
25.4237288136
27.0166666667
24.95
24.7333333333
26.7666666667
26.0508474576
27.35
26.5833333333
26.8666666667
26.5833333333
26.0166666667
27.1355932203
27.45
25.4210526316
--END OF 5--
26.9833333333
28.55
28.4666666667
27.05
28.0
27.3833333333
26.1
27.4333333333
27.7
28.1666666667
30.7796610169
27.6833333333
27.8833333333
27.8
26.3166666667
25.8166666667
26.8474576271
27.4333333333
27.35
29.6666666667
25.9666666667
27.5333333333
26.6779661017
27.4
28.1333333333
29.0166666667
26.1166666667
27.9
27.2881355932
29.0333333333
26.8333333333
27.9833333333
28.3
25.3666666667
25.4745762712
28.25
29.0833333333
26.7833333333
25.6666666667
26.8
28.1694915254
28.0333333333
26.4333333333
26.1333333333
26.9333333333
28.9666666667
25.8983050847
27.7166666667
26.1
25.8166666667
27.5
26.5593220339
28.9833333333
28.8333333333
27.6166666667
27.6166666667
27.2
27.7627118644
28.35
27.1929824561
--END OF 6--
3583.15
3675.55
3689.95
3711.0
3781.77966102
3601.95
3651.6
3695.0
3666.3
3650.75
3852.55932203
3772.15
3875.45
3637.05
3636.25
3646.05
3753.76271186
3734.5
3785.8
3735.2
3642.9
3651.45
3619.27118644
3689.05
3825.1
3702.2
3561.9
3672.4
3642.50847458
3802.55
3649.05
3814.45
3615.5
3580.0
3605.84745763
3858.65
3696.6
3530.8
3471.25
3634.25
3851.54237288
3812.25
3650.25
3608.55
3567.0
3800.7
3588.86440678
3598.55
3538.25
3449.05
3728.25
3653.13559322
3718.65
3717.55
3734.2
3622.9
3619.15
3710.03389831
3570.9
3550.36842105
--END OF 7--
995.966666667
1028.23333333
1033.7
1042.85
1041.94915254
1021.0
1029.25
1040.16666667
1017.85
1017.91666667
1089.50847458
1052.48333333
1076.95
1044.1
1010.9
1014.41666667
1035.96610169
1043.75
1033.93333333
1052.6
1016.46666667
1030.13333333
1015.72881356
1031.66666667
1062.23333333
1041.18333333
1003.25
1015.4
1007.91525424
1062.35
1026.45
1070.51666667
1030.26666667
1010.61666667
985.440677966
1058.36666667
1053.11666667
1003.16666667
984.483333333
1021.23333333
1094.45762712
1060.1
1014.0
994.2
1008.1
1068.9
996.677966102
1022.15
987.716666667
955.95
1042.51666667
1024.3559322
1050.51666667
1022.78333333
1050.51666667
1031.4
1006.83333333
1031.0
1010.35
985.649122807
--END OF 8--
139.183333333
167.85
152.233333333
136.733333333
149.271186441
143.25
136.05
145.966666667
147.3
149.216666667
187.237288136
150.866666667
145.633333333
147.283333333
151.366666667
134.683333333
145.796610169
159.466666667
145.4
161.6
139.083333333
153.316666667
142.271186441
151.05
158.95
175.733333333
137.55
152.033333333
150.576271186
158.366666667
150.183333333
148.6
152.516666667
135.533333333
147.186440678
158.783333333
162.05
149.933333333
138.083333333
149.733333333
135.06779661
132.65
137.5
144.9
133.25
140.166666667
130.254237288
160.016666667
128.8
140.216666667
144.816666667
128.355932203
163.866666667
163.666666667
145.1
145.833333333
153.216666667
156.677966102
153.6
147.543859649
--END OF 9--
8.21666666667
8.31666666667
6.58333333333
2.45
4.59322033898
4.5
3.3
4.71666666667
6.05
6.91666666667
8.28813559322
3.68333333333
3.4
6.05
3.3
4.06666666667
3.30508474576
3.56666666667
3.86666666667
11.65
3.96666666667
5.43333333333
3.96610169492
5.0
2.51666666667
10.5333333333
4.2
5.51666666667
5.50847457627
8.65
3.43333333333
6.65
8.58333333333
3.8
2.71186440678
4.58333333333
7.28333333333
4.56666666667
2.78333333333
3.43333333333
4.15254237288
6.78333333333
3.55
4.55
7.05
8.91666666667
4.52542372881
4.56666666667
4.51666666667
5.11666666667
4.5
4.38983050847
6.43333333333
6.78333333333
2.56666666667
2.91666666667
4.88333333333
4.61016949153
10.35
7.0701754386
--END OF 10--
2.06666666667
1.18333333333
1.95
1.63333333333
2.05084745763
1.65
0.3
0.0
0.0
1.78333333333
1.71186440678
1.03333333333
0.733333333333
0.266666666667
0.566666666667
0.433333333333
0.0169491525424
0.866666666667
1.01666666667
0.533333333333
1.23333333333
0.166666666667
0.338983050847
1.08333333333
0.65
0.4
0.85
1.11666666667
1.10169491525
0.616666666667
0.0
0.75
2.98333333333
0.0
1.16949152542
1.31666666667
0.916666666667
0.75
1.33333333333
1.08333333333
1.03389830508
1.16666666667
0.0
0.4
2.15
1.63333333333
0.491525423729
1.18333333333
2.26666666667
1.81666666667
0.833333333333
0.677966101695
2.28333333333
3.05
1.23333333333
1.93333333333
1.56666666667
0.593220338983
1.25
2.85964912281
--END OF 11--
0.183333333333
0.416666666667
0.583333333333
0.166666666667
0.847457627119
0.0
0.0
0.0
0.0
1.75
0.0169491525424
0.0
0.0
0.0
0.133333333333
0.366666666667
0.0
0.0
0.0
0.0
0.5
0.0
0.0
0.3
0.333333333333
0.0
0.0
0.0
0.0
0.0
0.0
0.0
0.5
0.0
0.0677966101695
0.433333333333
0.5
0.0
0.0
0.766666666667
0.237288135593
0.266666666667
0.0
0.0
0.0
0.0
0.0
0.0
0.0
0.3
0.0
0.0677966101695
0.933333333333
1.0
0.5
0.0
0.2
0.0
1.0
0.736842105263
--END OF 12--
