13.4237288136
14.55
13.55
13.5166666667
14.8833333333
14.1
13.406779661
12.0333333333
13.5666666667
13.8666666667
14.1333333333
12.1666666667
13.3050847458
13.6
13.65
13.2
12.8166666667
13.6779661017
13.6
13.3166666667
14.3166666667
13.65
13.4406779661
13.9
13.65
13.2666666667
13.35
13.3050847458
13.4
13.3666666667
13.1666666667
13.9833333333
13.4406779661
12.8
13.0
13.0
11.9833333333
12.5593220339
12.2166666667
13.7333333333
12.2833333333
12.6833333333
12.5833333333
13.3389830508
13.8833333333
13.5
12.0833333333
14.0333333333
12.8813559322
13.3
12.2666666667
12.6
12.6333333333
12.5254237288
12.8
11.55
12.95
12.8833333333
12.7627118644
14.224137931
--END OF 1--
17.1186440678
18.8333333333
18.2
17.5833333333
19.5666666667
18.3
18.186440678
16.3333333333
16.7
17.5666666667
18.45
17.1666666667
18.2203389831
17.9
17.75
17.6666666667
15.9666666667
16.3728813559
17.7833333333
17.6166666667
18.3333333333
17.9833333333
17.5423728814
18.2666666667
17.5833333333
18.7166666667
18.0666666667
17.5762711864
18.3
16.0666666667
16.5833333333
18.2833333333
17.2881355932
16.6666666667
16.7166666667
17.1666666667
14.3666666667
14.9830508475
15.2
18.55
16.5666666667
16.6166666667
16.3166666667
16.6440677966
18.1333333333
16.5
15.6333333333
16.9333333333
16.2881355932
16.4333333333
15.9333333333
16.6666666667
15.75
17.3898305085
16.2333333333
14.9666666667
16.2166666667
17.55
17.2372881356
17.0
--END OF 2--
17.3898305085
20.3
18.7
17.85
20.6666666667
18.85
18.4406779661
16.95
16.9333333333
19.1
18.8166666667
17.1833333333
19.4237288136
18.2
18.2
17.9166666667
15.9666666667
17.3389830508
17.7833333333
18.3666666667
19.25
19.15
17.9152542373
19.3833333333
18.4833333333
19.2666666667
18.8333333333
17.5762711864
18.3
16.0666666667
16.95
18.7333333333
17.4237288136
17.2666666667
17.6333333333
17.4166666667
14.3666666667
15.5084745763
15.5333333333
19.1166666667
16.9666666667
17.3666666667
17.1
16.7457627119
19.1
17.45
16.0333333333
17.2833333333
17.0338983051
16.85
16.1333333333
17.0166666667
15.75
17.5084745763
16.4666666667
15.4833333333
16.5666666667
18.2833333333
18.4576271186
17.2586206897
--END OF 3--
13.4237288136
14.55
13.55
13.5166666667
14.8833333333
14.1
13.406779661
12.0333333333
13.5666666667
13.8666666667
14.1333333333
12.1666666667
13.3050847458
13.6
13.65
13.2
12.8166666667
13.6779661017
13.6
13.3166666667
14.3166666667
13.65
13.4406779661
13.9
13.65
13.2666666667
13.35
13.3050847458
13.4
13.3666666667
13.1666666667
13.9833333333
13.4406779661
12.8
13.0
13.0
11.9833333333
12.5593220339
12.2166666667
13.7333333333
12.2833333333
12.6833333333
12.5833333333
13.3389830508
13.8833333333
13.5
12.0833333333
14.0333333333
12.8813559322
13.3
12.2666666667
12.6
12.6333333333
12.5254237288
12.8
11.55
12.95
12.8833333333
12.7627118644
14.224137931
--END OF 4--
17.1186440678
18.8333333333
18.2
17.5833333333
19.5666666667
18.3
18.186440678
16.3333333333
16.7
17.5666666667
18.45
17.1666666667
18.2203389831
17.9
17.75
17.6666666667
15.9666666667
16.3728813559
17.7833333333
17.6166666667
18.3333333333
17.9833333333
17.5423728814
18.2666666667
17.5833333333
18.7166666667
18.0666666667
17.5762711864
18.3
16.0666666667
16.5833333333
18.2833333333
17.2881355932
16.6666666667
16.7166666667
17.1666666667
14.3666666667
14.9830508475
15.2
18.55
16.5666666667
16.6166666667
16.3166666667
16.6440677966
18.1333333333
16.5
15.6333333333
16.9333333333
16.2881355932
16.4333333333
15.9333333333
16.6666666667
15.75
17.3898305085
16.2333333333
14.9666666667
16.2166666667
17.55
17.2372881356
17.0
--END OF 5--
17.3898305085
20.3
18.7
17.85
20.6666666667
18.85
18.4406779661
16.95
16.9333333333
19.1
18.8166666667
17.1833333333
19.4237288136
18.2
18.2
17.9166666667
15.9666666667
17.3389830508
17.7833333333
18.3666666667
19.25
19.15
17.9152542373
19.3833333333
18.4833333333
19.2666666667
18.8333333333
17.5762711864
18.3
16.0666666667
16.95
18.7333333333
17.4237288136
17.2666666667
17.6333333333
17.4166666667
14.3666666667
15.5084745763
15.5333333333
19.1166666667
16.9666666667
17.3666666667
17.1
16.7457627119
19.1
17.45
16.0333333333
17.2833333333
17.0338983051
16.85
16.1333333333
17.0166666667
15.75
17.5084745763
16.4666666667
15.4833333333
16.5666666667
18.2833333333
18.4576271186
17.2586206897
--END OF 6--
2576.84745763
2694.7
2593.4
2629.35
2879.4
2642.8
2618.89830508
2485.75
2643.05
2710.9
2743.4
2554.95
2705.03389831
2564.25
2511.45
2515.5
2453.7
2601.55932203
2583.8
2597.75
2653.6
2623.15
2617.42372881
2648.75
2538.5
2580.05
2581.7
2515.77966102
2554.8
2484.3
2531.65
2600.25
2523.61016949
2498.45
2406.5
2494.65
2293.7
2403.20338983
2334.5
2646.8
2411.75
2419.3
2433.75
2572.11864407
2493.95
2499.45
2356.05
2607.45
2472.30508475
2467.8
2392.35
2418.5
2402.1
2416.3220339
2398.25
2213.15
2447.95
2463.85
2430.15254237
2646.0
--END OF 7--
722.372881356
750.633333333
720.55
731.816666667
788.833333333
731.316666667
723.203389831
671.616666667
719.416666667
723.966666667
750.916666667
687.283333333
734.101694915
718.9
700.15
705.983333333
682.45
716.322033898
709.3
708.466666667
745.766666667
719.416666667
723.355932203
731.533333333
700.533333333
715.733333333
715.733333333
684.542372881
715.4
690.15
686.816666667
717.05
699.169491525
687.616666667
668.3
702.333333333
625.416666667
661.271186441
633.183333333
730.716666667
662.666666667
674.8
662.633333333
696.644067797
715.883333333
697.85
650.7
725.9
683.627118644
679.95
657.9
667.6
661.783333333
675.084745763
660.716666667
606.5
668.266666667
684.316666667
698.745762712
726.137931034
--END OF 8--
80.9661016949
87.8833333333
97.1166666667
86.4166666667
98.7166666667
90.9833333333
101.525423729
93.4666666667
79.25
87.2
91.0
88.1333333333
102.152542373
89.75
91.5
93.6
77.15
71.2203389831
88.1
90.2333333333
96.45
98.9
83.2203389831
91.2333333333
97.8666666667
102.133333333
99.9333333333
99.8983050847
90.5
69.0
84.8833333333
91.65
94.5084745763
100.9
87.2833333333
88.9333333333
62.3833333333
66.9830508475
63.0666666667
97.95
80.7166666667
85.6166666667
87.6833333333
74.5762711864
94.4333333333
73.7
71.35
91.0
80.406779661
85.1
83.5333333333
93.9666666667
85.4833333333
97.0677966102
83.6666666667
74.3
75.9333333333
95.3
93.1525423729
72.7586206897
--END OF 9--
2.1186440678
8.33333333333
3.91666666667
3.43333333333
4.71666666667
4.46666666667
3.77966101695
3.65
1.46666666667
4.78333333333
3.9
2.96666666667
4.06779661017
4.05
3.55
3.55
0.5
2.03389830508
2.31666666667
3.75
3.48333333333
5.23333333333
2.25423728814
5.53333333333
4.31666666667
4.9
4.53333333333
3.28813559322
6.7
0.7
2.95
3.8
1.79661016949
1.4
4.28333333333
3.0
0.95
2.01694915254
3.05
6.15
3.83333333333
4.6
3.91666666667
2.32203389831
4.53333333333
2.95
3.95
0.6
2.23728813559
2.48333333333
3.13333333333
4.3
1.36666666667
2.71186440678
1.76666666667
3.2
2.05
6.66666666667
5.86440677966
1.72413793103
--END OF 10--
0.254237288136
2.61666666667
0.766666666667
0.366666666667
1.0
0.5
0.0
1.01666666667
0.483333333333
2.03333333333
0.466666666667
0.0166666666667
1.96610169492
0.05
0.95
0.75
0.0
1.52542372881
0.0
1.03333333333
1.33333333333
1.4
0.745762711864
0.566666666667
1.41666666667
1.15
1.1
0.0
0.0
0.0
0.466666666667
0.5
0.237288135593
1.0
1.26666666667
0.333333333333
0.0
0.830508474576
0.45
1.1
0.566666666667
1.08333333333
0.983333333333
0.0
1.23333333333
1.5
0.5
0.0
0.932203389831
0.583333333333
0.333333333333
0.666666666667
0.0
0.118644067797
0.383333333333
0.816666666667
0.5
1.18333333333
1.93220338983
0.51724137931
--END OF 11--
0.0
0.0
0.0
0.0
0.5
0.5
0.0
0.0
0.0
0.466666666667
0.0333333333333
0.0
0.508474576271
0.0
0.0
0.0
0.0
0.0
0.0
0.333333333333
0.166666666667
0.0
0.0
0.0
0.316666666667
0.35
0.566666666667
0.0
0.0
0.0
0.0
0.0
0.0
0.0
0.0
0.0
0.0
0.0
0.0
0.5
0.316666666667
0.183333333333
0.5
0.0
0.233333333333
0.5
0.0
0.0
0.508474576271
0.0
0.0
0.0
0.0
0.0
0.0
0.0
0.0
0.0
0.406779661017
0.0
--END OF 12--
