16.8
15.0847457627
15.1666666667
15.9833333333
16.4166666667
16.25
15.7666666667
15.5254237288
15.3166666667
15.3666666667
16.1666666667
15.75
16.1
15.3389830508
17.05
16.6833333333
15.4333333333
15.85
15.8983050847
15.75
14.9666666667
15.2
15.2333333333
15.5423728814
15.75
16.4166666667
15.9333333333
16.4
16.3220338983
15.7166666667
17.3833333333
17.1
16.35
15.1016949153
16.3
15.8833333333
15.4666666667
15.4
15.8813559322
16.4
15.3833333333
15.4333333333
15.6166666667
14.6101694915
15.25
16.75
15.9
15.5333333333
16.2372881356
15.2666666667
16.0
15.5
15.9166666667
16.1016949153
15.1666666667
15.1833333333
13.5833333333
15.4333333333
15.1186440678
15.8103448276
--END OF 1--
24.0
22.406779661
23.4166666667
24.3333333333
24.3833333333
22.5833333333
23.6333333333
23.3898305085
23.0333333333
22.8666666667
23.9
24.2333333333
23.6
22.7966101695
23.45
25.0833333333
25.2833333333
22.45
24.0338983051
23.8
24.2
22.5333333333
22.25
23.2203389831
22.4833333333
24.85
23.9
23.65
24.4237288136
23.85
23.7833333333
24.3
24.4
22.4915254237
26.2333333333
23.65
22.7666666667
23.75
23.3559322034
22.7
22.7
23.75
21.8166666667
21.406779661
21.95
25.0
24.2333333333
23.15
23.1355932203
22.9666666667
24.9833333333
22.1833333333
22.8333333333
23.2033898305
22.65
22.1
21.9833333333
23.0666666667
24.5593220339
24.0517241379
--END OF 2--
24.5
23.3898305085
24.1333333333
25.1
25.0666666667
23.9333333333
26.0333333333
23.8474576271
23.2833333333
23.9166666667
25.25
25.9666666667
25.3666666667
23.1525423729
23.75
26.5333333333
27.4833333333
22.95
25.6440677966
24.5166666667
25.75
24.2333333333
24.9
26.3389830508
24.5833333333
26.1
25.4333333333
25.9833333333
25.1016949153
24.5
24.7333333333
25.1
25.4666666667
24.5593220339
27.3833333333
24.55
24.05
25.55
24.7457627119
23.6833333333
24.0
24.7833333333
24.3166666667
22.7627118644
22.55
26.4
25.25
24.5333333333
23.6779661017
24.4833333333
26.4166666667
25.1166666667
24.4
25.0847457627
24.5666666667
24.7333333333
23.7333333333
24.5833333333
25.2372881356
25.7413793103
--END OF 3--
16.8
15.0847457627
15.1666666667
15.9833333333
16.4166666667
16.25
15.7666666667
15.5254237288
15.3166666667
15.3666666667
16.1666666667
15.75
16.1
15.3389830508
17.05
16.6833333333
15.4333333333
15.85
15.8983050847
15.75
14.9666666667
15.2
15.2333333333
15.5423728814
15.75
16.4166666667
15.9333333333
16.4
16.3220338983
15.7166666667
17.3833333333
17.1
16.35
15.1016949153
16.3
15.8833333333
15.4666666667
15.4
15.8813559322
16.4
15.3833333333
15.4333333333
15.6166666667
14.6101694915
15.25
16.75
15.9
15.5333333333
16.2372881356
15.2666666667
16.0
15.5
15.9166666667
16.1016949153
15.1666666667
15.1833333333
13.5833333333
15.4333333333
15.1186440678
15.8103448276
--END OF 4--
24.0
22.406779661
23.4166666667
24.3333333333
24.3833333333
22.5833333333
23.6333333333
23.3898305085
23.0333333333
22.8666666667
23.9
24.2333333333
23.6
22.7966101695
23.45
25.0833333333
25.2833333333
22.45
24.0338983051
23.8
24.2
22.5333333333
22.25
23.2203389831
22.4833333333
24.85
23.9
23.65
24.4237288136
23.85
23.7833333333
24.3
24.4
22.4915254237
26.2333333333
23.65
22.7666666667
23.75
23.3559322034
22.7
22.7
23.75
21.8166666667
21.406779661
21.95
25.0
24.2333333333
23.15
23.1355932203
22.9666666667
24.9833333333
22.1833333333
22.8333333333
23.2033898305
22.65
22.1
21.9833333333
23.0666666667
24.5593220339
24.0517241379
--END OF 5--
24.5
23.3898305085
24.1333333333
25.1
25.0666666667
23.9333333333
26.0333333333
23.8474576271
23.2833333333
23.9166666667
25.25
25.9666666667
25.3666666667
23.1525423729
23.75
26.5333333333
27.4833333333
22.95
25.6440677966
24.5166666667
25.75
24.2333333333
24.9
26.3389830508
24.5833333333
26.1
25.4333333333
25.9833333333
25.1016949153
24.5
24.7333333333
25.1
25.4666666667
24.5593220339
27.3833333333
24.55
24.05
25.55
24.7457627119
23.6833333333
24.0
24.7833333333
24.3166666667
22.7627118644
22.55
26.4
25.25
24.5333333333
23.6779661017
24.4833333333
26.4166666667
25.1166666667
24.4
25.0847457627
24.5666666667
24.7333333333
23.7333333333
24.5833333333
25.2372881356
25.7413793103
--END OF 6--
3117.75
2998.16949153
3020.85
3076.75
3176.65
2973.35
3015.85
2950.52542373
3010.4
2973.3
3082.05
3030.95
2945.6
2909.89830508
3116.25
3184.8
3077.55
3081.15
3078.15254237
2931.2
2989.8
2965.15
2976.25
2972.69491525
2940.15
3102.9
3030.3
3079.55
3067.11864407
3091.6
3174.15
3136.95
3092.4
2968.83050847
3123.1
3079.75
2889.9
2899.15
3004.77966102
2999.95
2939.85
3006.2
2870.9
2880.86440678
2892.9
3089.7
3039.2
3111.3
3055.3220339
2935.1
3190.6
2950.65
3046.0
2937.15254237
2836.75
2909.7
2798.5
3032.55
2937.76271186
3012.93103448
--END OF 7--
883.35
831.711864407
843.716666667
853.85
887.883333333
838.45
844.833333333
819.355932203
844.183333333
825.883333333
855.65
850.516666667
831.95
811.355932203
868.7
888.8
863.8
857.45
853.084745763
828.7
831.716666667
825.833333333
829.616666667
828.474576271
816.616666667
858.883333333
841.7
856.7
861.610169492
869.65
902.3
880.55
860.2
817.220338983
895.65
865.833333333
826.966666667
830.116666667
844.610169492
845.366666667
825.933333333
830.8
807.0
780.881355932
815.05
875.2
846.6
852.266666667
848.644067797
816.133333333
868.116666667
811.95
837.7
839.338983051
791.033333333
812.233333333
776.55
837.733333333
820.677966102
851.0
--END OF 8--
153.0
140.06779661
152.783333333
164.816666667
152.45
138.366666667
140.916666667
160.542372881
144.516666667
137.85
143.566666667
158.1
140.583333333
148.847457627
137.6
159.05
171.4
138.7
145.644067797
149.266666667
169.15
137.816666667
144.983333333
148.0
149.016666667
157.333333333
139.483333333
145.683333333
161.220338983
162.55
136.7
139.1
147.3
137.525423729
167.566666667
142.866666667
144.766666667
147.35
143.016949153
132.633333333
131.166666667
154.9
137.433333333
132.830508475
127.55
162.75
162.083333333
148.4
142.084745763
142.666666667
169.066666667
140.483333333
134.983333333
145.474576271
150.35
141.266666667
158.433333333
145.0
158.0
160.068965517
--END OF 9--
5.25
6.01694915254
6.58333333333
6.81666666667
6.83333333333
9.15
15.7833333333
5.74576271186
7.98333333333
8.35
13.65
11.6666666667
8.31666666667
7.32203389831
3.9
11.65
15.65
4.95
13.5254237288
9.18333333333
11.2666666667
9.86666666667
6.8
12.0338983051
6.48333333333
10.2666666667
11.3833333333
11.0166666667
8.05084745763
7.11666666667
7.4
8.05
10.0166666667
11.3220338983
14.2166666667
9.38333333333
6.25
10.8
6.16949152542
5.23333333333
11.0333333333
7.55
8.2
5.01694915254
5.35
10.35
6.75
8.83333333333
5.23728813559
10.1666666667
11.4166666667
12.4
8.15
9.28813559322
11.4666666667
10.65
11.5333333333
9.13333333333
13.3898305085
9.03448275862
--END OF 10--
1.1
1.28813559322
1.15
1.13333333333
0.933333333333
1.81666666667
3.01666666667
0.593220338983
0.483333333333
1.9
1.6
2.35
2.78333333333
0.508474576271
0.35
2.45
3.35
1.05
2.83050847458
0.666666666667
2.35
2.08333333333
4.36666666667
4.81355932203
3.66666666667
1.45
2.03333333333
2.83333333333
1.01694915254
1.08333333333
1.5
1.4
1.21666666667
1.86440677966
1.06666666667
1.01666666667
2.05
2.85
2.20338983051
1.66666666667
2.21666666667
1.36666666667
4.01666666667
2.01694915254
0.4
1.45
1.78333333333
0.783333333333
0.796610169492
1.8
1.53333333333
2.98333333333
1.78333333333
2.49152542373
1.85
3.86666666667
1.85
2.06666666667
0.525423728814
2.46551724138
--END OF 11--
0.0
0.0
0.0
0.0
0.0
0.0
0.0
0.338983050847
0.0
0.3
0.0
0.0
0.0
0.0
0.0
0.45
0.05
0.0
0.491525423729
0.0166666666667
0.0
0.0
0.0833333333333
0.508474576271
0.383333333333
0.0
0.583333333333
0.916666666667
0.0
0.0
0.0
0.0
0.1
0.915254237288
0.5
0.0
0.0
0.483333333333
0.423728813559
0.0
0.0
0.0166666666667
1.31666666667
0.0
0.2
0.3
0.0
0.5
0.0
0.216666666667
0.783333333333
1.0
0.2
0.525423728814
0.283333333333
0.5
0.816666666667
0.483333333333
0.101694915254
0.379310344828
--END OF 12--
