19.7333333333
19.55
18.5084745763
19.5333333333
19.8833333333
20.0666666667
20.6833333333
18.8833333333
19.2372881356
19.8833333333
18.7166666667
20.1
19.6666666667
18.9333333333
18.7288135593
18.3333333333
19.3333333333
19.0333333333
20.2333333333
18.6333333333
18.1016949153
20.0166666667
20.4166666667
18.9333333333
18.7
17.5593220339
19.35
19.15
19.4
19.55
20.2
18.5084745763
20.1666666667
19.0333333333
19.5
18.9166666667
18.4237288136
18.6166666667
19.4166666667
18.7666666667
18.4666666667
17.8166666667
19.6440677966
18.0
18.1
18.5
18.9166666667
18.8813559322
17.3833333333
18.3333333333
18.5833333333
17.9666666667
18.5084745763
17.95
18.65
19.2666666667
19.5166666667
18.1333333333
19.6440677966
17.6896551724
--END OF 1--
26.7166666667
26.0
25.2372881356
26.25
26.6
27.4833333333
26.95
25.8666666667
25.2372881356
27.0833333333
24.6666666667
26.7
26.2166666667
25.1833333333
25.2711864407
25.1166666667
25.7166666667
25.5833333333
27.7666666667
24.85
24.2711864407
26.3
27.6
24.4833333333
23.8833333333
24.4576271186
25.4
23.9
25.35
25.55
27.1
24.1355932203
26.8833333333
25.9166666667
25.6333333333
24.7833333333
25.8644067797
26.2
26.5833333333
25.5
24.3166666667
24.9333333333
25.3220338983
23.8
24.5
24.0
25.5833333333
24.7966101695
24.1333333333
25.1
24.5666666667
23.95
25.1355932203
24.3
25.1833333333
24.6666666667
26.3333333333
23.4
25.406779661
25.3103448276
--END OF 2--
26.7833333333
26.4333333333
25.9322033898
26.7
28.0166666667
27.9166666667
27.9666666667
25.9666666667
25.3050847458
27.75
25.6666666667
27.7
27.2166666667
27.0333333333
26.186440678
25.45
26.8333333333
26.4833333333
28.35
25.55
24.8474576271
26.4
28.6333333333
25.1666666667
24.8
25.4576271186
26.05
24.65
26.5
26.0
27.8
24.3898305085
27.2666666667
26.65
27.2833333333
26.25
26.7966101695
26.9
27.0333333333
25.7333333333
25.6
25.7
26.2372881356
24.45
25.55
24.4
26.1
26.0
26.1
26.2
25.75
24.7
25.9322033898
24.8666666667
26.45
24.8666666667
26.8333333333
23.75
25.9661016949
26.3620689655
--END OF 3--
19.45
19.4333333333
18.5084745763
19.5
19.5666666667
19.4
19.8
18.7833333333
18.9322033898
19.4333333333
18.7166666667
19.4
19.4666666667
18.6333333333
18.7288135593
18.3333333333
19.3333333333
18.8333333333
19.6166666667
18.6333333333
18.1016949153
19.7166666667
19.95
18.85
18.7
17.5593220339
19.15
19.05
19.4
19.55
19.85
18.4745762712
19.8166666667
19.0333333333
19.5
18.8833333333
18.3728813559
18.6166666667
19.4166666667
18.7166666667
18.4666666667
17.8166666667
19.4915254237
18.0
18.1
18.5
18.9166666667
18.8813559322
17.3833333333
18.1333333333
18.5333333333
17.9666666667
18.5084745763
17.95
18.65
19.2666666667
19.4166666667
18.1333333333
19.3389830508
17.6724137931
--END OF 4--
26.7166666667
26.0
25.2372881356
26.25
26.6
27.3833333333
26.95
25.8666666667
25.2372881356
27.0833333333
24.6666666667
26.7
26.2166666667
25.1833333333
25.2711864407
25.1166666667
25.7166666667
25.5833333333
27.7166666667
24.85
24.2711864407
26.3
27.55
24.4833333333
23.8833333333
24.4576271186
25.4
23.9
25.35
25.55
27.1
24.1355932203
26.8833333333
25.9166666667
25.6333333333
24.7833333333
25.8305084746
26.2
26.5833333333
25.5
24.3166666667
24.9333333333
25.3220338983
23.8
24.5
24.0
25.5833333333
24.7966101695
24.1333333333
25.1
24.5666666667
23.95
25.1355932203
24.3
25.1833333333
24.6666666667
26.3333333333
23.4
25.406779661
25.3103448276
--END OF 5--
26.7833333333
26.4333333333
25.9322033898
26.7
28.0166666667
27.9166666667
27.9666666667
25.9666666667
25.3050847458
27.75
25.6666666667
27.7
27.2166666667
27.0333333333
26.186440678
25.45
26.8333333333
26.4833333333
28.35
25.55
24.8474576271
26.4
28.6333333333
25.1666666667
24.8
25.4576271186
26.05
24.65
26.5
26.0
27.8
24.3898305085
27.2666666667
26.65
27.2833333333
26.25
26.7966101695
26.9
27.0333333333
25.7333333333
25.6
25.7
26.2372881356
24.45
25.55
24.4
26.1
26.0
26.1
26.2
25.75
24.7
25.9322033898
24.8666666667
26.45
24.8666666667
26.8333333333
23.75
25.9661016949
26.3620689655
--END OF 6--
3736.15
3621.3
3445.27118644
3603.5
3682.6
3767.15
3748.45
3572.55
3629.44067797
3713.25
3497.4
3703.65
3622.1
3534.1
3542.89830508
3462.05
3510.35
3563.05
3809.95
3548.15
3536.6440678
3663.5
3748.8
3484.25
3444.0
3395.84745763
3488.4
3496.65
3572.25
3529.05
3706.2
3413.79661017
3661.7
3517.6
3547.55
3456.05
3548.23728814
3492.15
3630.75
3513.25
3512.95
3495.6
3599.03389831
3340.2
3434.1
3502.65
3468.2
3466.3220339
3380.9
3534.65
3513.75
3399.4
3368.49152542
3415.65
3557.85
3473.95
3630.1
3362.7
3539.18644068
3430.70689655
--END OF 7--
1034.78333333
1022.06666667
967.779661017
1010.4
1030.03333333
1053.06666667
1061.15
1005.71666667
1006.62711864
1042.65
964.15
1037.2
1006.73333333
994.3
968.491525424
954.266666667
966.4
986.866666667
1075.41666667
986.483333333
962.796610169
1011.46666667
1054.43333333
971.75
973.7
942.542372881
960.45
961.0
1001.9
989.7
1031.95
946.86440678
1028.38333333
979.65
1008.05
955.15
982.06779661
988.483333333
1014.18333333
971.616666667
958.933333333
964.533333333
994.271186441
933.05
946.8
964.55
960.383333333
966.389830508
940.4
981.683333333
975.85
935.666666667
941.033898305
938.916666667
982.5
975.766666667
1019.91666667
926.883333333
997.559322034
952.913793103
--END OF 8--
148.316666667
139.85
145.288135593
152.0
152.283333333
161.716666667
144.5
144.95
131.711864407
159.75
154.55
149.85
143.516666667
148.733333333
135.016949153
145.083333333
158.7
139.416666667
160.383333333
139.733333333
135.915254237
139.766666667
144.7
133.683333333
125.566666667
143.813559322
139.5
120.9
141.4
134.6
152.55
125.288135593
154.85
152.216666667
143.033333333
149.25
153.372881356
148.883333333
142.083333333
146.333333333
147.866666667
138.15
133.254237288
132.85
135.3
126.3
151.583333333
129.593220339
140.583333333
157.266666667
132.966666667
131.516666667
145.593220339
131.0
125.016666667
120.8
142.133333333
119.083333333
129.033898305
149.172413793
--END OF 9--
3.75
3.7
4.35593220339
2.21666666667
5.41666666667
4.83333333333
5.91666666667
5.48333333333
5.74576271186
7.1
5.05
5.45
7.13333333333
8.18333333333
6.98305084746
4.61666666667
7.21666666667
6.46666666667
6.16666666667
4.96666666667
5.25423728814
5.98333333333
5.15
2.78333333333
4.53333333333
6.71186440678
6.05
3.05
4.7
4.05
5.95
4.52542372881
4.53333333333
6.4
5.9
5.7
8.0
7.81666666667
6.85
4.46666666667
5.13333333333
3.61666666667
6.61016949153
2.3
5.0
1.1
5.11666666667
6.0
8.8
6.85
5.45
5.08333333333
8.33898305085
5.15
6.65
4.1
4.26666666667
4.33333333333
3.83050847458
7.84482758621
--END OF 10--
0.316666666667
0.883333333333
1.01694915254
0.816666666667
2.01666666667
0.666666666667
1.31666666667
0.0
0.0847457627119
0.95
1.15
1.35
1.33333333333
2.53333333333
1.05084745763
0.983333333333
1.51666666667
1.53333333333
0.5
0.766666666667
0.745762711864
0.0
1.73333333333
0.933333333333
1.45
1.23728813559
0.9
1.25
1.75
0.0
1.1
0.406779661017
0.0
1.03333333333
2.51666666667
1.95
1.49152542373
0.8
0.5
0.433333333333
1.81666666667
1.18333333333
0.508474576271
1.25
1.65
0.6
0.216666666667
1.23728813559
3.0
1.73333333333
1.86666666667
0.633333333333
0.830508474576
1.03333333333
1.65
0.0
1.0
0.5
0.559322033898
0.98275862069
--END OF 11--
0.0
0.0
0.423728813559
0.45
0.3
0.116666666667
0.383333333333
0.0
0.0
0.0
0.5
0.0
0.0
0.233333333333
0.508474576271
0.133333333333
0.366666666667
0.0
0.0
0.0
0.508474576271
0.0
0.316666666667
0.35
0.333333333333
0.101694915254
0.4
0.25
0.25
0.0
0.5
0.0
0.0
0.0
1.23333333333
1.26666666667
0.508474576271
0.0
0.0
0.0
0.416666666667
0.0833333333333
0.0
0.0
0.5
0.0
0.0
0.0
0.5
0.0
0.0
0.0
0.0
0.0
0.5
0.0
0.0
0.0
0.0
0.51724137931
--END OF 12--
