12.4833333333
12.05
13.6779661017
12.4833333333
10.35
12.0166666667
11.7833333333
11.9166666667
11.813559322
10.7166666667
12.3833333333
12.2833333333
11.8333333333
12.3833333333
13.7288135593
12.0166666667
11.95
11.25
12.7666666667
11.0666666667
10.5254237288
10.2333333333
11.9333333333
11.65
11.3166666667
12.2203389831
12.3
12.3166666667
11.3833333333
12.3666666667
13.05
11.7288135593
12.4833333333
11.8833333333
12.65
11.75
13.3389830508
12.45
13.4333333333
11.9
12.9833333333
12.5423728814
12.0666666667
11.4666666667
12.5666666667
12.7666666667
12.3166666667
12.0
13.4
12.65
11.9
12.45
11.8305084746
13.4666666667
12.4
11.8333333333
11.9166666667
11.9333333333
12.2372881356
11.1818181818
--END OF 1--
16.7833333333
16.7
17.2372881356
16.4666666667
14.0
15.3166666667
16.2833333333
15.5166666667
15.9152542373
15.1
16.1166666667
17.0333333333
15.9166666667
16.9166666667
18.0169491525
15.8666666667
15.95
14.8
16.9166666667
14.9666666667
14.7457627119
14.0333333333
14.8666666667
15.6166666667
15.2
16.3389830508
15.3666666667
16.5333333333
14.8333333333
16.25
17.3166666667
16.4406779661
16.65
16.4333333333
17.15
16.35
17.2033898305
17.2
17.8833333333
16.7166666667
17.3166666667
16.4406779661
15.8166666667
15.85
17.5
17.15
15.8666666667
17.1694915254
18.05
16.35
16.0
16.55
15.5084745763
17.1833333333
16.7333333333
16.6666666667
15.9333333333
15.0666666667
15.3220338983
14.5636363636
--END OF 2--
16.9333333333
17.3
17.3728813559
16.6833333333
14.4
15.8
16.8833333333
15.6666666667
16.5762711864
15.4833333333
16.1166666667
17.4
16.35
16.9166666667
18.8813559322
16.3166666667
16.95
14.9
16.9666666667
15.6166666667
15.2542372881
14.1
15.1166666667
15.75
15.8166666667
16.9322033898
15.9
16.8333333333
15.0833333333
17.6
17.8
16.5423728814
16.65
16.5166666667
17.55
17.1
18.2711864407
17.6833333333
18.5333333333
17.1666666667
17.4333333333
17.0677966102
16.25
16.75
17.7166666667
17.4333333333
16.1166666667
17.6779661017
18.05
16.35
16.2
16.9
16.0
17.75
17.5833333333
16.9666666667
16.7
15.1166666667
15.4915254237
14.8909090909
--END OF 3--
12.4833333333
12.05
13.6779661017
12.4833333333
10.35
12.0166666667
11.7833333333
11.9166666667
11.813559322
10.7166666667
12.3833333333
12.2833333333
11.8333333333
12.3833333333
13.7288135593
12.0166666667
11.95
11.25
12.7666666667
11.0666666667
10.5254237288
10.2333333333
11.9333333333
11.65
11.3166666667
12.2203389831
12.3
12.3166666667
11.3833333333
12.3666666667
13.05
11.7288135593
12.4833333333
11.8833333333
12.65
11.75
13.3389830508
12.45
13.4333333333
11.9
12.9833333333
12.5423728814
12.0666666667
11.4666666667
12.5666666667
12.7666666667
12.3166666667
12.0
13.4
12.65
11.9
12.45
11.8305084746
13.4666666667
12.4
11.8333333333
11.9166666667
11.9333333333
12.2372881356
11.1818181818
--END OF 4--
16.7833333333
16.7
17.2372881356
16.4666666667
14.0
15.3166666667
16.2833333333
15.5166666667
15.9152542373
15.1
16.1166666667
17.0333333333
15.9166666667
16.9166666667
18.0169491525
15.8666666667
15.95
14.8
16.9166666667
14.9666666667
14.7457627119
14.0333333333
14.8666666667
15.6166666667
15.2
16.3389830508
15.3666666667
16.5333333333
14.8333333333
16.25
17.3166666667
16.4406779661
16.65
16.4333333333
17.15
16.35
17.2033898305
17.2
17.8833333333
16.7166666667
17.3166666667
16.4406779661
15.8166666667
15.85
17.5
17.15
15.8666666667
17.1694915254
18.05
16.35
16.0
16.55
15.5084745763
17.1833333333
16.7333333333
16.6666666667
15.9333333333
15.0666666667
15.3220338983
14.5636363636
--END OF 5--
16.9333333333
17.3
17.3728813559
16.6833333333
14.4
15.8
16.8833333333
15.6666666667
16.5762711864
15.4833333333
16.1166666667
17.4
16.35
16.9166666667
18.8813559322
16.3166666667
16.95
14.9
16.9666666667
15.6166666667
15.2542372881
14.1
15.1166666667
15.75
15.8166666667
16.9322033898
15.9
16.8333333333
15.0833333333
17.6
17.8
16.5423728814
16.65
16.5166666667
17.55
17.1
18.2711864407
17.6833333333
18.5333333333
17.1666666667
17.4333333333
17.0677966102
16.25
16.75
17.7166666667
17.4333333333
16.1166666667
17.6779661017
18.05
16.35
16.2
16.9
16.0
17.75
17.5833333333
16.9666666667
16.7
15.1166666667
15.4915254237
14.8909090909
--END OF 6--
2385.3
2315.1
2493.20338983
2333.0
2079.35
2261.5
2304.45
2210.0
2256.50847458
2146.2
2372.05
2313.95
2231.95
2426.15
2594.59322034
2401.2
2340.45
2255.25
2497.05
2265.9
2180.33898305
2119.05
2190.15
2176.15
2184.9
2267.13559322
2305.3
2303.15
2188.75
2348.9
2402.45
2241.20338983
2370.3
2264.6
2348.25
2298.0
2458.6779661
2518.9
2442.5
2346.7
2463.15
2361.50847458
2325.65
2368.3
2443.05
2462.05
2238.8
2343.10169492
2424.75
2407.2
2377.65
2356.95
2241.40677966
2449.55
2448.25
2393.75
2372.75
2225.05
2234.13559322
2133.76363636
--END OF 7--
658.3
642.1
693.728813559
651.2
566.966666667
615.866666667
648.1
612.033333333
620.220338983
593.316666667
657.95
668.816666667
623.266666667
677.333333333
728.796610169
656.0
660.45
620.5
690.95
625.45
610.152542373
583.766666667
626.416666667
618.916666667
600.45
633.627118644
633.783333333
639.816666667
613.1
648.85
682.566666667
628.220338983
670.966666667
632.4
660.85
635.4
692.406779661
699.516666667
694.733333333
654.883333333
668.183333333
665.644067797
648.033333333
635.016666667
686.35
687.766666667
639.833333333
648.203389831
694.95
665.35
654.55
649.25
627.372881356
696.25
694.6
660.216666667
666.85
634.45
627.491525424
595.472727273
--END OF 8--
90.6
94.7
101.881355932
96.75
82.5333333333
87.2
94.05
93.6666666667
91.5423728814
87.5166666667
83.1
103.05
81.45
99.2666666667
99.4406779661
92.65
88.25
80.95
83.2
87.6
94.8305084746
74.8833333333
74.65
83.7666666667
95.0666666667
93.3559322034
79.1666666667
103.783333333
70.7333333333
94.85
107.366666667
97.6779661017
101.183333333
93.8833333333
92.2
95.75
100.322033898
99.5666666667
101.816666667
91.95
104.8
90.8644067797
85.0166666667
96.15
102.516666667
87.1833333333
80.9333333333
102.423728814
101.5
88.15
88.65
99.65
80.2372881356
92.9
90.2666666667
95.1833333333
96.2
79.75
83.3559322034
67.4545454545
--END OF 9--
3.85
5.95
1.84745762712
1.65
2.08333333333
1.0
1.83333333333
0.583333333333
4.10169491525
3.31666666667
0.85
1.9
3.9
2.4
3.94915254237
3.4
3.7
1.6
1.75
3.85
3.33898305085
2.71666666667
1.61666666667
2.56666666667
5.03333333333
4.38983050847
3.16666666667
3.61666666667
2.06666666667
3.01666666667
1.83333333333
3.38983050847
2.56666666667
1.33333333333
4.55
4.35
4.4406779661
3.1
1.85
6.36666666667
2.05
1.81355932203
1.58333333333
3.05
3.78333333333
2.56666666667
1.88333333333
4.98305084746
2.9
0.85
2.9
2.7
2.25423728814
2.46666666667
5.28333333333
2.18333333333
3.3
1.28333333333
1.16949152542
2.16363636364
--END OF 10--
0.15
0.45
0.186440677966
0.316666666667
0.5
0.783333333333
0.55
0.2
0.694915254237
0.483333333333
0.0
0.566666666667
0.433333333333
0.0166666666667
1.50847457627
0.5
1.5
0.0
0.0
0.6
0.915254237288
0.266666666667
0.5
0.0
0.5
0.847457627119
0.666666666667
0.316666666667
0.5
2.01666666667
0.666666666667
0.508474576271
0.0166666666667
0.15
1.0
1.25
1.83050847458
0.283333333333
1.15
0.833333333333
0.283333333333
0.677966101695
0.333333333333
0.5
0.0
0.0
0.0
0.508474576271
0.0
0.0
0.4
0.4
0.796610169492
0.916666666667
1.5
0.3
1.16666666667
0.0
0.440677966102
0.509090909091
--END OF 11--
0.0
0.0
0.0
0.0
0.5
0.0
0.333333333333
0.166666666667
0.203389830508
0.0
0.0
0.0
0.0
0.0
0.0
0.0
0.0
0.0
0.0
0.0
0.0
0.0
0.0
0.0
0.0
0.0
0.0
0.316666666667
0.183333333333
1.0
0.0
0.0
0.0
0.0
0.0
0.0
0.0
0.0
0.0
0.0
0.0
0.677966101695
0.333333333333
0.5
0.0
0.0
0.0
0.0
0.0
0.0
0.0
0.0
0.0
0.0
0.0
0.0
0.0
0.0
0.0
0.0
--END OF 12--
