14.3166666667
14.1694915254
14.5333333333
14.6
13.85
14.0166666667
14.2833333333
13.6949152542
13.9333333333
14.6833333333
14.1333333333
15.1833333333
14.7166666667
14.1016949153
14.2333333333
14.2833333333
14.3
13.55
15.6666666667
15.0508474576
14.9333333333
14.0833333333
14.0833333333
13.3833333333
13.5666666667
13.7457627119
13.8833333333
14.8
14.2333333333
14.5
14.2666666667
14.1016949153
13.0166666667
13.8
14.7833333333
13.8166666667
14.3559322034
13.9833333333
14.1833333333
14.7833333333
14.95
14.3833333333
13.6949152542
13.25
13.7833333333
13.5333333333
14.5833333333
13.1694915254
13.7833333333
13.15
14.9
13.7666666667
14.5
14.0677966102
13.4
14.6333333333
13.3833333333
14.0833333333
13.7
14.0344827586
--END OF 1--
18.0
17.7966101695
17.7166666667
18.5166666667
18.3666666667
17.5666666667
18.2833333333
18.5084745763
17.9333333333
19.0333333333
18.5833333333
18.1333333333
17.1166666667
17.1525423729
17.7833333333
18.5166666667
18.6666666667
17.3833333333
19.0833333333
18.7966101695
19.0666666667
17.7833333333
17.7333333333
17.65
16.7833333333
17.8474576271
17.3833333333
17.7
17.0333333333
18.15
18.3666666667
17.8813559322
16.2
17.5333333333
17.95
17.6166666667
17.8813559322
17.6166666667
17.9
17.6333333333
19.15
18.0666666667
16.4406779661
17.8
17.6333333333
17.5333333333
18.4333333333
17.7288135593
17.35
16.95
19.1333333333
18.3833333333
19.1833333333
18.4406779661
18.3833333333
18.9
17.5166666667
17.8166666667
17.5166666667
18.4827586207
--END OF 2--
18.3666666667
18.6271186441
18.1166666667
18.9
18.8
18.1
18.9833333333
19.0338983051
18.1833333333
20.2833333333
19.2333333333
18.3333333333
17.5666666667
17.1525423729
17.7833333333
19.0
19.4666666667
17.85
19.9833333333
18.8474576271
19.5833333333
18.1333333333
18.2166666667
17.9666666667
17.9333333333
18.186440678
18.2333333333
18.2
17.0333333333
18.8
19.1833333333
18.6779661017
16.4666666667
18.3166666667
18.55
18.3333333333
18.1355932203
17.6833333333
18.1333333333
18.7666666667
19.8166666667
18.5
17.2203389831
18.0
17.6333333333
18.0833333333
18.4333333333
17.7288135593
17.65
17.1833333333
19.4
18.8666666667
19.6
18.6949152542
18.6666666667
19.4166666667
18.1166666667
18.25
18.0833333333
19.3275862069
--END OF 3--
14.3166666667
14.1694915254
14.5333333333
14.6
13.85
14.0166666667
14.2833333333
13.6949152542
13.9333333333
14.6833333333
14.1333333333
15.1833333333
14.7166666667
14.1016949153
14.2333333333
14.2833333333
14.3
13.55
15.6666666667
15.0508474576
14.9333333333
14.0833333333
14.0833333333
13.3833333333
13.5666666667
13.7457627119
13.8833333333
14.8
14.2333333333
14.5
14.2666666667
14.1016949153
13.0166666667
13.8
14.7833333333
13.8166666667
14.3559322034
13.9833333333
14.1833333333
14.7833333333
14.95
14.3833333333
13.6949152542
13.25
13.7833333333
13.5333333333
14.5833333333
13.1694915254
13.7833333333
13.15
14.9
13.7666666667
14.5
14.0677966102
13.4
14.6333333333
13.3833333333
14.0833333333
13.7
14.0344827586
--END OF 4--
18.0
17.7966101695
17.7166666667
18.5166666667
18.3666666667
17.5666666667
18.2833333333
18.5084745763
17.9333333333
19.0333333333
18.5833333333
18.1333333333
17.1166666667
17.1525423729
17.7833333333
18.5166666667
18.6666666667
17.3833333333
19.0833333333
18.7966101695
19.0666666667
17.7833333333
17.7333333333
17.65
16.7833333333
17.8474576271
17.3833333333
17.7
17.0333333333
18.15
18.3666666667
17.8813559322
16.2
17.5333333333
17.95
17.6166666667
17.8813559322
17.6166666667
17.9
17.6333333333
19.15
18.0666666667
16.4406779661
17.8
17.6333333333
17.5333333333
18.4333333333
17.7288135593
17.35
16.95
19.1333333333
18.3833333333
19.1833333333
18.4406779661
18.3833333333
18.9
17.5166666667
17.8166666667
17.5166666667
18.4827586207
--END OF 5--
18.3666666667
18.6271186441
18.1166666667
18.9
18.8
18.1
18.9833333333
19.0338983051
18.1833333333
20.2833333333
19.2333333333
18.3333333333
17.5666666667
17.1525423729
17.7833333333
19.0
19.4666666667
17.85
19.9833333333
18.8474576271
19.5833333333
18.1333333333
18.2166666667
17.9666666667
17.9333333333
18.186440678
18.2333333333
18.2
17.0333333333
18.8
19.1833333333
18.6779661017
16.4666666667
18.3166666667
18.55
18.3333333333
18.1355932203
17.6833333333
18.1333333333
18.7666666667
19.8166666667
18.5
17.2203389831
18.0
17.6333333333
18.0833333333
18.4333333333
17.7288135593
17.65
17.1833333333
19.4
18.8666666667
19.6
18.6949152542
18.6666666667
19.4166666667
18.1166666667
18.25
18.0833333333
19.3275862069
--END OF 6--
2673.35
2711.84745763
2733.55
2703.65
2656.5
2661.9
2768.6
2749.93220339
2777.4
2867.7
2743.95
2904.9
2816.85
2769.76271186
2690.0
2724.75
2757.55
2748.65
2917.1
2810.79661017
2865.6
2688.55
2649.1
2663.75
2626.9
2721.0
2718.15
2755.5
2688.45
2800.05
2718.2
2818.57627119
2666.95
2689.7
2848.4
2648.5
2749.06779661
2719.0
2625.1
2732.3
2860.75
2758.5
2594.69491525
2656.8
2686.2
2660.25
2713.2
2647.37288136
2595.0
2622.1
2762.45
2682.2
2847.85
2719.98305085
2592.25
2816.05
2684.1
2741.6
2743.15
2698.9137931
--END OF 7--
732.966666667
740.237288136
751.766666667
769.383333333
739.083333333
728.666666667
755.983333333
764.627118644
738.95
778.75
753.2
777.45
772.2
740.796610169
734.566666667
753.733333333
755.516666667
744.1
807.766666667
771.186440678
784.7
743.266666667
724.033333333
724.816666667
723.533333333
735.457627119
748.7
757.85
738.55
756.4
753.283333333
774.152542373
711.033333333
745.85
779.716666667
738.283333333
760.372881356
735.216666667
726.783333333
744.833333333
783.6
752.733333333
701.644067797
718.0
734.55
723.9
762.8
719.847457627
729.433333333
703.6
764.25
726.716666667
764.066666667
748.661016949
722.45
774.216666667
729.633333333
745.783333333
743.666666667
726.224137931
--END OF 8--
87.9666666667
90.1694915254
77.7666666667
88.7166666667
95.8166666667
84.5666666667
89.2
99.5254237288
89.4
92.0
99.6
78.95
75.1
72.4745762712
92.6333333333
90.4
101.833333333
76.9666666667
82.9666666667
90.186440678
88.6
82.7333333333
79.5
90.0166666667
82.2333333333
83.8644067797
77.5
82.9
81.5
89.95
87.0333333333
81.6779661017
67.6833333333
89.4333333333
90.7333333333
97.6333333333
80.7627118644
76.8833333333
87.2166666667
80.6833333333
92.4333333333
81.0
83.7627118644
94.25
78.9
88.25
94.5
87.7796610169
87.5166666667
83.8166666667
95.8833333333
90.2833333333
100.166666667
94.4406779661
105.183333333
94.8666666667
82.6
87.7666666667
96.0
99.7413793103
--END OF 9--
4.76666666667
4.13559322034
3.66666666667
1.93333333333
2.66666666667
3.35
3.71666666667
3.1186440678
2.1
5.75
3.95
2.55
1.95
0.881355932203
2.16666666667
4.1
3.05
3.23333333333
3.2
3.49152542373
5.23333333333
1.91666666667
5.9
3.3
2.23333333333
3.69491525424
4.55
2.7
0.2
3.7
5.13333333333
3.08474576271
1.96666666667
3.8
2.51666666667
3.31666666667
3.01694915254
3.6
2.5
3.4
4.61666666667
3.56666666667
2.50847457627
4.45
1.85
3.1
1.15
5.4406779661
2.05
2.28333333333
2.96666666667
5.48333333333
5.16666666667
2.93220338983
4.8
2.33333333333
4.08333333333
4.03333333333
2.3
6.65517241379
--END OF 10--
0.216666666667
0.508474576271
0.816666666667
0.683333333333
0.633333333333
0.683333333333
0.966666666667
0.864406779661
0.55
1.6
0.6
0.4
0.85
0.0
0.0
0.766666666667
1.26666666667
0.666666666667
1.0
0.0
0.666666666667
0.666666666667
0.733333333333
0.55
1.38333333333
0.0
0.75
0.25
0.0
0.85
1.0
0.966101694915
0.0
0.916666666667
1.15
0.933333333333
0.0
0.166666666667
0.333333333333
1.78333333333
1.21666666667
0.483333333333
1.03389830508
0.5
0.0
0.95
0.05
0.0
0.5
0.283333333333
0.45
0.55
0.216666666667
0.508474576271
0.3
0.6
1.13333333333
0.283333333333
0.716666666667
0.48275862069
--END OF 11--
0.0
0.508474576271
0.0
0.366666666667
0.133333333333
0.0
0.533333333333
0.474576271186
0.0
0.5
0.0
0.0
0.0
0.0
0.0
0.233333333333
0.5
0.0
1.0
0.0
0.0
0.0
0.0
0.0
0.5
0.0
0.25
0.25
0.0
0.0
0.0
0.0
0.0
0.383333333333
0.116666666667
0.0
0.0
0.0
0.0
0.366666666667
0.133333333333
0.416666666667
0.0847457627119
0.0
0.0
0.0
0.0
0.0
0.0
0.0
0.0
0.0
0.0
0.0
0.133333333333
0.233333333333
0.0
0.0
0.0
0.0
--END OF 12--
