18.6
18.1666666667
17.7833333333
17.5762711864
17.8333333333
18.5166666667
16.6833333333
16.6333333333
17.5333333333
17.3898305085
17.5166666667
16.2833333333
16.9
16.6833333333
16.2333333333
17.0677966102
18.0666666667
18.55
18.1333333333
18.6
17.5166666667
18.8305084746
17.7666666667
17.0333333333
16.65
17.05
17.2542372881
17.4833333333
17.4166666667
16.9833333333
16.7833333333
17.05
17.7627118644
18.7166666667
17.4333333333
18.0
16.65
17.0333333333
15.3559322034
17.5
17.5333333333
18.9833333333
18.15
17.3389830508
18.4
17.4166666667
17.2333333333
17.25
18.0833333333
17.0338983051
17.6333333333
16.25
16.5666666667
16.25
15.8
16.3220338983
17.2333333333
17.1166666667
17.4
17.2631578947
--END OF 1--
26.2333333333
25.7666666667
25.25
25.2542372881
24.9666666667
25.75
24.6333333333
23.7833333333
24.4666666667
25.7288135593
25.4333333333
23.25
24.05
23.7833333333
23.1833333333
25.1016949153
24.6666666667
25.35
24.75
25.4333333333
24.55
26.9830508475
25.9166666667
24.6333333333
24.65
23.0
24.8644067797
24.9333333333
25.2833333333
25.1
22.0833333333
24.95
24.8644067797
25.35
24.65
25.0166666667
23.0833333333
24.0333333333
21.6949152542
22.6
23.9666666667
27.75
25.15
25.1186440678
26.4333333333
24.15
25.8333333333
25.2
25.3333333333
24.3559322034
24.1
22.6833333333
24.45
23.7666666667
21.7
24.1186440678
25.3333333333
24.9833333333
24.9
24.4385964912
--END OF 2--
26.8
26.35
25.55
25.5593220339
26.6333333333
26.15
26.2833333333
25.2833333333
25.5
26.8813559322
26.3666666667
24.1666666667
24.95
24.0
23.4833333333
26.3050847458
27.9166666667
28.5333333333
25.8833333333
26.1166666667
25.4333333333
28.2542372881
27.7666666667
25.3333333333
25.75
24.8
26.2881355932
25.4666666667
25.9333333333
25.95
23.3333333333
26.6833333333
26.0169491525
25.8833333333
25.0166666667
25.1166666667
24.1166666667
25.1
21.8983050847
23.95
24.9333333333
29.55
26.85
26.1186440678
27.5
25.1666666667
28.8333333333
26.4166666667
26.65
25.3898305085
25.5
23.2166666667
25.1666666667
25.1833333333
22.2333333333
25.0169491525
26.35
26.1833333333
25.2
25.2456140351
--END OF 3--
18.6
18.1666666667
17.7833333333
17.5762711864
17.8333333333
18.5166666667
16.6833333333
16.6333333333
17.5166666667
17.3898305085
17.5166666667
16.2833333333
16.9
16.6833333333
16.2333333333
17.0677966102
18.0666666667
18.55
18.1333333333
18.6
17.5166666667
18.8305084746
17.7666666667
17.0333333333
16.65
17.05
17.2542372881
17.4833333333
17.4166666667
16.9833333333
16.7833333333
17.05
17.7627118644
18.7166666667
17.4333333333
18.0
16.65
17.0333333333
15.3559322034
17.5
17.5333333333
18.9833333333
18.15
17.3389830508
18.3833333333
17.4166666667
17.2333333333
17.25
18.0833333333
17.0338983051
17.6333333333
16.25
16.5666666667
16.25
15.8
16.3220338983
17.2333333333
17.1166666667
17.4
17.2631578947
--END OF 4--
26.2333333333
25.7666666667
25.25
25.2542372881
24.9666666667
25.75
24.6333333333
23.7833333333
24.4666666667
25.7288135593
25.4333333333
23.25
24.05
23.7833333333
23.1833333333
25.1016949153
24.6666666667
25.35
24.75
25.4333333333
24.55
26.9830508475
25.9166666667
24.6333333333
24.65
23.0
24.8644067797
24.9333333333
25.2833333333
25.1
22.0833333333
24.95
24.8644067797
25.35
24.65
25.0166666667
23.0833333333
24.0333333333
21.6949152542
22.6
23.9666666667
27.6833333333
25.15
25.1186440678
26.4333333333
24.15
25.8333333333
25.2
25.3333333333
24.3559322034
24.1
22.6833333333
24.45
23.7666666667
21.7
24.1186440678
25.3333333333
24.9833333333
24.9
24.4385964912
--END OF 5--
26.8
26.35
25.55
25.5593220339
26.6333333333
26.15
26.2833333333
25.2833333333
25.5
26.8813559322
26.3666666667
24.1666666667
24.95
24.0
23.4833333333
26.3050847458
27.9166666667
28.5333333333
25.8833333333
26.1166666667
25.4333333333
28.2542372881
27.7666666667
25.3333333333
25.75
24.8
26.2881355932
25.4666666667
25.9333333333
25.95
23.3333333333
26.6833333333
26.0169491525
25.8833333333
25.0166666667
25.1166666667
24.1166666667
25.1
21.8983050847
23.95
24.9333333333
29.55
26.85
26.1186440678
27.5
25.1666666667
28.8333333333
26.4166666667
26.65
25.3898305085
25.5
23.2166666667
25.1666666667
25.1833333333
22.2333333333
25.0169491525
26.35
26.1833333333
25.2
25.2456140351
--END OF 6--
3406.05
3375.1
3323.05
3330.10169492
3398.95
3410.95
3183.15
3238.95
3330.2
3301.42372881
3299.8
3134.75
3338.4
3164.4
3125.15
3344.23728814
3364.95
3411.65
3369.75
3431.3
3243.95
3388.83050847
3289.65
3226.2
3208.5
3279.75
3314.54237288
3261.85
3344.85
3251.85
3178.7
3302.25
3266.89830508
3401.95
3221.8
3275.95
3218.7
3264.5
2989.06779661
3204.15
3269.35
3589.25
3259.2
3293.18644068
3500.45
3307.4
3191.45
3242.85
3394.65
3324.45762712
3387.65
3074.35
3294.95
3161.9
3052.15
3229.11864407
3365.0
3230.5
3202.35
3270.05263158
--END OF 7--
955.35
950.916666667
933.1
926.525423729
954.783333333
955.433333333
885.7
889.75
924.383333333
932.86440678
914.883333333
880.466666667
921.833333333
888.8
864.883333333
907.457627119
934.716666667
970.5
929.766666667
968.116666667
914.366666667
967.016949153
934.05
902.65
914.4
935.4
946.491525424
915.816666667
921.483333333
898.233333333
877.866666667
915.1
917.389830508
951.0
908.833333333
925.9
884.283333333
900.733333333
816.203389831
899.25
919.65
999.783333333
930.5
927.661016949
971.116666667
909.4
911.2
909.4
950.5
924.627118644
935.283333333
862.85
895.2
870.85
843.35
881.86440678
940.366666667
906.366666667
910.95
903.473684211
--END OF 8--
153.85
154.816666667
155.666666667
142.796610169
147.466666667
138.616666667
148.75
135.1
145.133333333
165.847457627
154.55
139.1
145.066666667
142.383333333
135.183333333
159.203389831
143.066666667
154.233333333
148.25
141.6
135.2
161.847457627
170.45
152.1
149.5
131.8
151.152542373
147.283333333
153.25
147.7
119.05
148.25
146.033898305
131.4
144.55
147.016666667
145.683333333
146.516666667
125.288135593
124.45
128.583333333
167.116666667
151.6
149.423728814
154.583333333
128.65
160.283333333
154.066666667
143.066666667
146.542372881
138.916666667
130.366666667
158.933333333
151.183333333
126.833333333
146.203389831
144.383333333
155.1
148.85
145.070175439
--END OF 9--
8.18333333333
5.36666666667
4.48333333333
8.66101694915
6.45
6.46666666667
8.45
9.0
5.58333333333
8.38983050847
7.91666666667
6.01666666667
5.81666666667
5.5
4.85
8.91525423729
12.4666666667
9.93333333333
9.45
4.61666666667
9.26666666667
8.40677966102
10.2
7.25
6.0
5.25
9.64406779661
7.25
7.6
11.5666666667
5.06666666667
8.23333333333
9.76271186441
7.9
7.96666666667
4.18333333333
6.03333333333
8.03333333333
4.86440677966
4.0
5.15
11.9833333333
6.95
8.76271186441
7.31666666667
9.5
14.9166666667
7.95
8.8
5.25423728814
4.7
4.01666666667
6.75
8.08333333333
2.93333333333
8.5593220339
8.48333333333
7.36666666667
6.65
6.54385964912
--END OF 10--
0.666666666667
0.866666666667
0.5
0.508474576271
2.33333333333
0.5
2.0
1.65
1.45
1.72881355932
1.41666666667
1.33333333333
1.11666666667
0.333333333333
0.583333333333
2.05084745763
3.95
4.28333333333
1.58333333333
1.06666666667
1.35
2.22033898305
2.1
0.9
1.5
2.45
1.96610169492
0.566666666667
0.683333333333
0.8
0.933333333333
2.93333333333
0.796610169492
0.7
0.8
0.166666666667
1.43333333333
1.53333333333
0.0338983050847
1.1
1.31666666667
2.48333333333
2.55
1.45762711864
1.73333333333
1.81666666667
4.18333333333
1.78333333333
2.46666666667
1.66101694915
1.6
0.716666666667
1.28333333333
1.51666666667
0.866666666667
1.50847457627
1.23333333333
1.35
0.25
1.17543859649
--END OF 11--
0.0
0.0
0.0
0.0
0.3
0.2
0.8
0.0
0.0
0.169491525424
0.0
0.0
0.0
0.0
0.0
0.0
0.516666666667
0.983333333333
0.0
0.466666666667
0.0333333333333
0.322033898305
1.15
0.0
0.15
0.95
0.406779661017
0.166666666667
0.0
0.0
0.5
0.6
0.474576271186
0.0
0.0
0.0
0.0
0.0
0.0
0.0
0.0166666666667
0.65
0.8
0.0
0.616666666667
0.383333333333
0.0
0.0
0.0
0.0
0.466666666667
0.0333333333333
0.0
1.23333333333
0.266666666667
0.0
0.166666666667
0.733333333333
0.0
0.210526315789
--END OF 12--
