12.4
12.3666666667
12.2542372881
13.0666666667
12.4666666667
13.8
12.0333333333
12.3666666667
12.3898305085
12.15
12.65
12.3833333333
12.2833333333
12.75
11.6779661017
12.55
11.8833333333
12.9333333333
12.8666666667
12.2372881356
12.9833333333
13.6
12.8166666667
12.8833333333
13.3728813559
13.2166666667
13.0333333333
13.8333333333
12.9
13.186440678
13.8
12.1333333333
13.0833333333
13.55
12.6
12.4576271186
12.2833333333
12.2
12.7333333333
12.7166666667
12.7966101695
13.5
12.15
11.5333333333
10.95
12.2666666667
12.593220339
12.7833333333
12.0666666667
12.0166666667
11.2166666667
12.6101694915
13.0833333333
12.0333333333
12.5166666667
13.45
13.0338983051
13.35
13.4666666667
12.224137931
--END OF 1--
14.85
14.6333333333
14.8644067797
15.6333333333
15.2666666667
16.35
14.3166666667
15.3333333333
15.0338983051
15.6
15.3
15.0333333333
14.5833333333
14.85
14.186440678
15.3666666667
15.1
15.9833333333
16.3666666667
14.6779661017
15.4333333333
17.5333333333
16.15
15.3166666667
17.4915254237
16.3666666667
15.5833333333
16.3833333333
16.3
16.2372881356
16.75
14.8333333333
16.4166666667
16.6166666667
15.9
15.7627118644
15.5833333333
14.95
15.5166666667
15.4333333333
15.7966101695
16.7
14.35
14.5333333333
14.3
15.3666666667
15.5593220339
15.0833333333
14.9666666667
15.4
14.55
16.0
16.5833333333
15.2333333333
14.95
16.15
15.9830508475
16.35
16.6666666667
15.0689655172
--END OF 2--
14.85
15.3166666667
15.2033898305
15.8333333333
15.9666666667
17.2
15.2666666667
15.8166666667
15.186440678
16.2
15.65
15.3333333333
14.6333333333
15.55
14.2881355932
16.4
16.0333333333
16.3
16.4166666667
15.3389830508
15.7833333333
18.4333333333
16.65
16.05
18.0338983051
16.6166666667
15.6833333333
17.1833333333
17.1
16.4406779661
17.3833333333
15.8
16.6166666667
17.35
17.05
16.1355932203
15.5833333333
15.0
15.5166666667
15.85
16.4406779661
17.75
14.5
15.1333333333
14.9
15.8666666667
15.8474576271
15.55
15.3
16.1166666667
15.1833333333
16.186440678
17.2833333333
15.2333333333
15.4666666667
16.3833333333
15.9830508475
16.9
16.9666666667
15.7931034483
--END OF 3--
12.4
12.3666666667
12.2542372881
13.0666666667
12.4666666667
13.8
12.0333333333
12.3666666667
12.3898305085
12.15
12.65
12.3833333333
12.2833333333
12.75
11.6779661017
12.55
11.8833333333
12.9333333333
12.8666666667
12.2372881356
12.9833333333
13.6
12.8166666667
12.8833333333
13.3728813559
13.2166666667
13.0333333333
13.8333333333
12.9
13.186440678
13.8
12.1333333333
13.0833333333
13.55
12.6
12.4576271186
12.2833333333
12.2
12.7333333333
12.7166666667
12.7966101695
13.5
12.15
11.5333333333
10.95
12.2666666667
12.593220339
12.7833333333
12.0666666667
12.0166666667
11.2166666667
12.6101694915
13.0833333333
12.0333333333
12.5166666667
13.45
13.0338983051
13.35
13.4666666667
12.224137931
--END OF 4--
14.85
14.6333333333
14.8644067797
15.6333333333
15.2666666667
16.35
14.3166666667
15.3333333333
15.0338983051
15.6
15.3
15.0333333333
14.5833333333
14.85
14.186440678
15.3666666667
15.1
15.9833333333
16.3666666667
14.6779661017
15.4333333333
17.5333333333
16.15
15.3166666667
17.4915254237
16.3666666667
15.5833333333
16.3833333333
16.3
16.2372881356
16.75
14.8333333333
16.4166666667
16.6166666667
15.9
15.7627118644
15.5833333333
14.95
15.5166666667
15.4333333333
15.7966101695
16.7
14.35
14.5333333333
14.3
15.3666666667
15.5593220339
15.0833333333
14.9666666667
15.4
14.55
16.0
16.5833333333
15.2333333333
14.95
16.15
15.9830508475
16.35
16.6666666667
15.0689655172
--END OF 5--
14.85
15.3166666667
15.2033898305
15.8333333333
15.9666666667
17.2
15.2666666667
15.8166666667
15.186440678
16.2
15.65
15.3333333333
14.6333333333
15.55
14.2881355932
16.4
16.0333333333
16.3
16.4166666667
15.3389830508
15.7833333333
18.4333333333
16.65
16.05
18.0338983051
16.6166666667
15.6833333333
17.1833333333
17.1
16.4406779661
17.3833333333
15.8
16.6166666667
17.35
17.05
16.1355932203
15.5833333333
15.0
15.5166666667
15.85
16.4406779661
17.75
14.5
15.1333333333
14.9
15.8666666667
15.8474576271
15.55
15.3
16.1166666667
15.1833333333
16.186440678
17.2833333333
15.2333333333
15.4666666667
16.3833333333
15.9830508475
16.9
16.9666666667
15.7931034483
--END OF 6--
2453.0
2399.3
2527.98305085
2517.0
2414.45
2513.4
2285.25
2450.5
2385.45762712
2491.5
2469.3
2482.95
2459.25
2416.35
2370.05084746
2441.05
2351.2
2522.6
2544.6
2407.83050847
2439.75
2568.35
2536.45
2440.15
2630.49152542
2550.9
2515.8
2597.85
2468.4
2612.74576271
2612.4
2399.45
2603.2
2607.4
2473.9
2441.74576271
2344.45
2381.25
2489.35
2412.45
2477.03389831
2541.45
2369.55
2262.75
2243.4
2471.1
2438.28813559
2471.55
2469.15
2504.25
2314.35
2529.81355932
2561.5
2368.05
2441.85
2460.45
2424.55932203
2478.3
2594.25
2393.43103448
--END OF 7--
673.983333333
670.95
686.779661017
694.316666667
659.066666667
697.533333333
630.95
668.783333333
666.677966102
666.45
672.0
687.6
666.65
661.2
637.271186441
651.6
644.4
679.6
698.933333333
659.728813559
665.633333333
718.416666667
697.3
672.7
714.237288136
693.25
688.05
727.0
670.8
696.830508475
706.55
657.1
702.783333333
726.416666667
684.183333333
672.203389831
648.05
660.9
685.616666667
666.3
675.898305085
699.1
624.4
621.7
601.6
684.15
672.711864407
665.733333333
661.766666667
683.716666667
635.316666667
690.118644068
691.616666667
650.183333333
652.75
693.05
672.898305085
690.35
728.05
661.620689655
--END OF 8--
71.1
62.5166666667
61.0
58.9333333333
69.1666666667
69.7
62.0666666667
66.6333333333
68.6949152542
65.6
71.75
62.4
73.3
60.45
58.3559322034
68.0833333333
66.6333333333
75.45
77.8
60.2033898305
63.0333333333
80.9833333333
75.3
64.95
97.3389830508
72.05
65.5
59.7
71.1
72.2033898305
69.3833333333
64.7
66.2
72.2833333333
67.9333333333
76.7118644068
75.8333333333
63.2833333333
73.75
71.1166666667
69.2881355932
79.65
58.05
73.2
68.8
74.95
69.2033898305
59.1166666667
71.5
68.4166666667
64.2166666667
79.6101694915
82.4
75.4666666667
61.4333333333
63.6666666667
66.3898305085
70.5
73.5
64.7931034483
--END OF 9--
1.16666666667
2.01666666667
2.94915254237
2.53333333333
3.11666666667
4.28333333333
3.23333333333
2.01666666667
2.32203389831
3.4
2.15
1.55
1.0
2.0
1.83050847458
3.85
3.98333333333
2.05
2.0
1.93220338983
2.83333333333
4.18333333333
2.61666666667
2.55
3.22033898305
3.05
2.3
1.75
3.2
1.57627118644
3.81666666667
3.56666666667
2.01666666667
3.03333333333
4.23333333333
2.96610169492
1.98333333333
0.833333333333
0.0
2.48333333333
3.47457627119
1.95
1.1
4.3
6.55
3.25
2.16949152542
2.51666666667
1.91666666667
3.08333333333
2.26666666667
1.20338983051
4.56666666667
1.41666666667
1.96666666667
3.03333333333
1.77966101695
3.35
2.65
2.31034482759
--END OF 10--
0.0166666666667
0.883333333333
0.542372881356
0.15
0.45
1.25
0.55
0.65
0.28813559322
0.9
0.35
0.35
0.15
0.85
0.152542372881
1.41666666667
0.733333333333
0.583333333333
0.0
0.508474576271
0.5
0.883333333333
0.616666666667
0.566666666667
0.271186440678
0.0
0.1
1.1
0.8
0.0
0.583333333333
1.41666666667
0.5
1.03333333333
1.78333333333
0.694915254237
0.0
0.0
0.0
0.733333333333
0.830508474576
1.7
0.4
0.8
1.2
0.85
0.440677966102
0.566666666667
0.683333333333
1.15
0.666666666667
0.169491525424
1.41666666667
0.0833333333333
0.983333333333
0.516666666667
0.0
0.95
0.55
1.25862068966
--END OF 11--
0.0
0.383333333333
0.118644067797
0.0
0.0
0.0
0.0
0.0
0.0
0.15
0.35
0.0
0.0
0.35
0.152542372881
0.0
0.0
0.0
0.0
0.0
0.0
0.0833333333333
0.183333333333
0.0
0.0
0.0
0.0
0.5
0.5
0.0
0.0
0.5
0.0
0.0
1.0
0.0
0.0
0.0
0.0
0.0
0.0
0.5
0.0
0.0
0.0
0.0
0.0
0.0
0.0
0.0
0.5
0.169491525424
0.0
0.0
0.0
0.0
0.0
0.0
0.0
0.0
--END OF 12--
