15.0
15.406779661
15.7833333333
16.2666666667
15.2666666667
15.0666666667
16.2333333333
14.8166666667
16.0169491525
15.2333333333
15.4833333333
13.6666666667
15.15
16.35
15.5254237288
15.1166666667
15.5
15.1166666667
15.2333333333
15.4406779661
15.95
15.1833333333
15.5833333333
16.1666666667
15.5833333333
15.9152542373
14.3666666667
16.1
14.4333333333
14.1666666667
16.1166666667
17.1355932203
14.8
15.85
16.0333333333
15.35
16.4237288136
15.55
15.1833333333
15.4333333333
16.3833333333
15.8983050847
16.45
16.3666666667
15.2666666667
15.9166666667
16.1833333333
15.8474576271
15.9
15.55
14.75
16.05
15.5593220339
15.25
15.1833333333
15.6166666667
15.8166666667
15.6
14.8983050847
14.5283018868
--END OF 1--
20.5833333333
20.9322033898
20.55
22.6
20.9166666667
21.6
22.6333333333
20.3
20.9152542373
21.2833333333
20.1166666667
18.0166666667
20.4833333333
21.2833333333
21.3050847458
20.5666666667
20.7
20.1166666667
19.4333333333
20.6779661017
20.5166666667
20.1833333333
21.0
20.4333333333
21.2
21.5254237288
19.8333333333
21.45
20.5333333333
19.75
21.7833333333
23.3728813559
20.9666666667
20.95
22.15
21.2
22.7796610169
21.8833333333
20.7833333333
21.1
22.4666666667
21.9491525424
21.4666666667
22.0666666667
20.2666666667
21.0666666667
20.55
22.0169491525
21.0
21.9
19.9
20.85
20.6610169492
21.5166666667
20.6666666667
20.3833333333
21.4333333333
20.7
20.4576271186
19.7169811321
--END OF 2--
20.8166666667
21.8305084746
21.45
23.1666666667
21.2833333333
22.9
23.0333333333
20.7166666667
21.8305084746
21.8166666667
20.2333333333
18.35
20.55
22.3833333333
21.7627118644
21.2666666667
21.25
21.0166666667
19.6833333333
21.3220338983
20.5833333333
20.55
22.0833333333
20.6833333333
21.9833333333
22.1016949153
20.1666666667
21.45
21.1
21.0833333333
23.5
23.9322033898
21.2833333333
21.55
23.3
21.9
22.8813559322
22.0833333333
21.3666666667
21.5
23.4666666667
22.8983050847
22.1166666667
22.4666666667
21.8833333333
22.3833333333
20.9166666667
22.6101694915
21.15
22.65
19.9
21.25
20.7627118644
22.3
21.6166666667
21.0
21.9833333333
21.5
20.4576271186
20.0188679245
--END OF 3--
15.0
15.406779661
15.7833333333
16.2666666667
15.2666666667
15.0666666667
16.2333333333
14.8166666667
16.0169491525
15.2333333333
15.4833333333
13.6666666667
15.15
16.35
15.5254237288
15.1166666667
15.5
15.1166666667
15.2333333333
15.4406779661
15.95
15.1833333333
15.5833333333
16.1666666667
15.5833333333
15.9152542373
14.3666666667
16.1
14.4333333333
14.1666666667
16.1166666667
17.1355932203
14.8
15.85
16.0333333333
15.35
16.4237288136
15.55
15.1833333333
15.4333333333
16.3833333333
15.8983050847
16.45
16.3666666667
15.2666666667
15.9166666667
16.1833333333
15.8474576271
15.9
15.55
14.75
16.05
15.5593220339
15.25
15.1833333333
15.6166666667
15.8166666667
15.6
14.8983050847
14.5283018868
--END OF 4--
20.5833333333
20.9322033898
20.55
22.6
20.9166666667
21.6
22.6333333333
20.3
20.9152542373
21.2833333333
20.1166666667
18.0166666667
20.4833333333
21.2833333333
21.3050847458
20.5666666667
20.7
20.1166666667
19.4333333333
20.6779661017
20.5166666667
20.1833333333
21.0
20.4333333333
21.2
21.5254237288
19.8333333333
21.45
20.5333333333
19.75
21.7833333333
23.3728813559
20.9666666667
20.95
22.15
21.2
22.7796610169
21.8833333333
20.7833333333
21.1
22.4666666667
21.9491525424
21.4666666667
22.0666666667
20.2666666667
21.0666666667
20.55
22.0169491525
21.0
21.9
19.9
20.85
20.6610169492
21.5166666667
20.6666666667
20.3833333333
21.4333333333
20.7
20.4576271186
19.7169811321
--END OF 5--
20.8166666667
21.8305084746
21.45
23.1666666667
21.2833333333
22.9
23.0333333333
20.7166666667
21.8305084746
21.8166666667
20.2333333333
18.35
20.55
22.3833333333
21.7627118644
21.2666666667
21.25
21.0166666667
19.6833333333
21.3220338983
20.5833333333
20.55
22.0833333333
20.6833333333
21.9833333333
22.1016949153
20.1666666667
21.45
21.1
21.0833333333
23.5
23.9322033898
21.2833333333
21.55
23.3
21.9
22.8813559322
22.0833333333
21.3666666667
21.5
23.4666666667
22.8983050847
22.1166666667
22.4666666667
21.8833333333
22.3833333333
20.9166666667
22.6101694915
21.15
22.65
19.9
21.25
20.7627118644
22.3
21.6166666667
21.0
21.9833333333
21.5
20.4576271186
20.0188679245
--END OF 6--
2861.3
2971.22033898
2923.0
3013.5
2850.2
2853.4
3088.9
2852.05
2959.22033898
2894.2
2822.1
2734.75
2827.95
2988.1
3023.89830508
3007.65
2919.0
2905.8
2854.65
2856.61016949
3028.65
2813.75
2868.85
2959.5
2918.35
2998.93220339
2799.8
3052.85
2796.0
2793.95
2989.85
3154.6779661
2778.35
2943.3
2962.0
2959.35
3055.6779661
2997.95
2846.1
2947.05
3031.8
2961.86440678
3076.95
3039.5
2926.1
2959.95
2914.7
2976.3559322
2928.75
2960.4
2760.6
3039.9
2863.52542373
2916.55
2893.9
2877.85
2964.65
2851.3
2759.08474576
2768.60377358
--END OF 7--
794.233333333
818.694915254
811.166666667
839.816666667
800.233333333
805.183333333
858.983333333
793.816666667
819.203389831
809.766666667
795.983333333
749.066666667
804.566666667
840.85
838.033898305
826.45
829.4
814.65
814.3
807.355932203
834.3
787.783333333
809.05
808.983333333
813.083333333
836.237288136
793.316666667
848.0
781.566666667
766.216666667
839.683333333
889.627118644
786.15
824.55
843.916666667
825.55
860.694915254
828.416666667
778.316666667
820.783333333
862.5
834.677966102
849.4
844.583333333
809.716666667
816.5
814.733333333
830.796610169
816.35
820.9
781.8
835.55
807.508474576
836.866666667
814.6
813.583333333
829.3
810.7
781.13559322
785.113207547
--END OF 8--
113.866666667
117.016949153
113.866666667
128.516666667
114.533333333
137.0
127.3
108.216666667
118.915254237
122.016666667
111.616666667
90.7166666667
114.7
113.95
123.661016949
110.9
122.3
112.15
102.8
124.779661017
96.6166666667
103.366666667
123.366666667
108.133333333
116.233333333
126.406779661
111.133333333
126.55
124.733333333
118.233333333
135.766666667
132.338983051
126.066666667
109.8
125.85
112.85
128.881355932
119.716666667
121.333333333
126.6
123.516666667
128.118644068
125.133333333
129.516666667
120.616666667
120.016666667
104.483333333
122.966101695
122.6
128.75
107.65
113.95
118.203389831
137.033333333
120.633333333
117.733333333
118.4
118.266666667
120.830508475
103.018867925
--END OF 9--
4.15
3.86440677966
4.05
5.3
5.18333333333
6.35
5.2
3.83333333333
4.30508474576
7.18333333333
2.75
3.33333333333
2.8
4.2
4.23728813559
6.0
2.9
4.6
0.55
2.0
2.36666666667
3.9
5.03333333333
3.15
5.6
2.52542372881
4.13333333333
4.48333333333
4.7
6.68333333333
6.18333333333
6.76271186441
4.56666666667
4.0
7.11666666667
6.5
4.15254237288
7.65
4.45
2.36666666667
6.06666666667
8.54237288136
2.91666666667
4.11666666667
3.83333333333
7.33333333333
5.73333333333
6.66101694915
1.8
6.0
1.75
3.25
3.0
3.3
6.93333333333
3.96666666667
4.75
2.76666666667
3.89830508475
3.50943396226
--END OF 10--
0.1
1.27118644068
1.45
0.933333333333
0.55
1.8
0.416666666667
0.416666666667
1.61016949153
0.666666666667
0.216666666667
0.283333333333
0.0833333333333
1.88333333333
0.508474576271
1.0
0.65
1.35
0.4
0.542372881356
0.0666666666667
0.65
1.65
0.0
0.5
0.593220338983
0.416666666667
0.0
0.666666666667
2.15
2.41666666667
1.0
0.516666666667
1.0
1.5
1.4
0.237288135593
0.266666666667
0.933333333333
0.416666666667
1.41666666667
1.32203389831
0.816666666667
0.75
2.48333333333
1.05
0.3
0.847457627119
0.25
1.25
0.0
0.5
0.0847457627119
0.95
1.45
1.01666666667
0.766666666667
0.983333333333
0.0847457627119
0.566037735849
--END OF 11--
0.0
0.0
0.5
0.0
0.0
0.266666666667
0.0
0.0833333333333
0.423728813559
0.0
0.0
0.0
0.0
0.0
0.0
0.0
0.45
0.05
0.0
0.440677966102
0.0666666666667
0.0
0.0
0.0
0.0
0.0
0.0
0.0
0.166666666667
0.333333333333
0.5
0.0
0.0
0.0
0.0
0.0
0.0
0.0
0.0
0.116666666667
0.316666666667
0.0
0.216666666667
0.5
0.283333333333
0.0
0.0
0.508474576271
0.0
0.0
0.0
0.0
0.0
0.0
0.0
0.0
0.3
0.5
0.0
0.0
--END OF 12--
