20.5254237288
21.4166666667
21.2
21.7
21.7
22.0
20.2542372881
20.7666666667
20.3333333333
19.2666666667
19.9333333333
19.45
20.4833333333
20.3050847458
20.7833333333
20.2166666667
19.8166666667
21.1666666667
19.6440677966
21.35
20.1
19.35
19.9333333333
18.0666666667
18.2542372881
20.55
20.3666666667
20.4
20.2333333333
19.6440677966
20.1666666667
19.5833333333
19.65
19.9
20.4833333333
20.5762711864
20.6666666667
19.0
19.3
20.5666666667
20.3728813559
19.85
19.1
18.2166666667
19.45
18.4576271186
18.0833333333
17.9333333333
18.55
16.9333333333
17.7333333333
18.3898305085
19.1333333333
20.8
20.15
19.4333333333
18.3728813559
18.8166666667
18.3833333333
20.6034482759
--END OF 1--
26.3220338983
27.6333333333
27.05
27.6
27.75
26.9
25.186440678
25.9666666667
26.9
25.05
26.7666666667
25.0166666667
26.0
25.4237288136
26.4833333333
25.3666666667
24.5166666667
26.1833333333
23.8474576271
27.65
25.95
26.7
25.6333333333
23.2666666667
23.2372881356
25.9666666667
25.95
26.4
26.6166666667
24.813559322
27.7666666667
25.2833333333
26.0666666667
26.0833333333
26.7333333333
25.4237288136
25.6166666667
25.35
25.1166666667
27.1666666667
26.0169491525
26.1333333333
24.9333333333
24.0833333333
25.55
24.3389830508
23.75
22.05
23.9333333333
23.0833333333
22.55
23.4237288136
24.9833333333
26.75
26.1
24.7833333333
23.8813559322
23.2
24.0833333333
26.3448275862
--END OF 2--
27.3389830508
27.8666666667
27.2
27.95
28.65
27.45
25.5423728814
27.4
27.7
25.3
28.7166666667
25.5833333333
26.4333333333
25.7966101695
26.6333333333
25.7166666667
24.9666666667
27.0833333333
24.2542372881
28.05
26.5
26.9
25.6333333333
24.3166666667
23.2372881356
26.4666666667
26.6333333333
27.1
27.5
25.0338983051
28.15
25.55
26.75
27.0166666667
27.4333333333
26.5423728814
26.4166666667
25.75
26.1
27.6166666667
26.7627118644
26.45
26.0166666667
24.6166666667
26.7166666667
25.5423728814
24.95
23.45
25.05
24.65
22.6
24.0847457627
25.0333333333
27.45
27.0166666667
26.0833333333
24.3220338983
24.0
24.75
26.7068965517
--END OF 3--
19.7796610169
20.5166666667
20.4
20.7
20.7
21.0
20.0
20.1833333333
19.5166666667
18.9333333333
19.4666666667
19.15
19.9166666667
20.0169491525
20.0166666667
19.7333333333
19.8166666667
20.3
19.3050847458
20.7
19.8
19.35
19.6833333333
17.9666666667
18.2542372881
19.8166666667
19.9
19.8166666667
19.6666666667
19.2711864407
19.4166666667
19.4
19.5
19.6666666667
19.95
20.0338983051
20.0166666667
18.85
19.0166666667
19.8666666667
19.8813559322
19.45
19.0333333333
18.2166666667
19.45
18.406779661
18.0833333333
17.9333333333
18.3333333333
16.9
17.7333333333
18.3898305085
18.9833333333
20.1
19.65
19.4333333333
18.3728813559
18.75
18.3833333333
19.9137931034
--END OF 4--
26.3220338983
27.6333333333
27.05
27.6
27.75
26.9
25.186440678
25.9666666667
26.9
25.05
26.7666666667
25.0166666667
26.0
25.4237288136
26.4833333333
25.3666666667
24.5166666667
26.1833333333
23.8474576271
27.65
25.95
26.7
25.6333333333
23.2666666667
23.2372881356
25.9666666667
25.95
26.4
26.6166666667
24.813559322
27.7666666667
25.2833333333
26.0666666667
26.0833333333
26.7333333333
25.4237288136
25.6166666667
25.35
25.1166666667
27.1666666667
26.0169491525
26.1333333333
24.9333333333
24.0833333333
25.55
24.3389830508
23.75
22.05
23.9333333333
23.0833333333
22.55
23.4237288136
24.9833333333
26.75
26.1
24.7833333333
23.8813559322
23.2
24.0833333333
26.3448275862
--END OF 5--
27.3389830508
27.8666666667
27.2
27.95
28.65
27.45
25.5423728814
27.4
27.7
25.3
28.7166666667
25.5833333333
26.4333333333
25.7966101695
26.6333333333
25.7166666667
24.9666666667
27.0833333333
24.2542372881
28.05
26.5
26.9
25.6333333333
24.3166666667
23.2372881356
26.4666666667
26.6333333333
27.1
27.5
25.0338983051
28.15
25.55
26.75
27.0166666667
27.4333333333
26.5423728814
26.4166666667
25.75
26.1
27.6166666667
26.7627118644
26.45
26.0166666667
24.6166666667
26.7166666667
25.5423728814
24.95
23.45
25.05
24.65
22.6
24.0847457627
25.0333333333
27.45
27.0166666667
26.0833333333
24.3220338983
24.0
24.75
26.7068965517
--END OF 6--
3721.16949153
3929.5
3956.4
3932.4
3911.85
3937.5
3771.81355932
3848.25
3907.45
3684.6
3775.45
3694.2
3796.1
3815.54237288
3768.45
3730.25
3704.6
3762.4
3643.42372881
3943.8
3756.0
3644.85
3654.45
3379.35
3616.88135593
3761.2
3814.05
3816.95
3802.4
3652.98305085
3880.85
3705.2
3658.85
3675.05
3836.1
3765.76271186
3719.85
3649.05
3628.5
3801.0
3794.13559322
3667.15
3626.95
3496.3
3577.2
3421.52542373
3452.6
3377.65
3437.35
3197.65
3307.35
3425.84745763
3583.8
3856.8
3871.0
3625.2
3450.50847458
3491.65
3384.15
3839.37931034
--END OF 7--
1057.96610169
1104.13333333
1093.35
1085.6
1083.65
1100.45
1028.22033898
1062.15
1071.01666667
1011.28333333
1050.68333333
1011.36666667
1060.48333333
1048.08474576
1056.1
1041.05
1026.86666667
1051.93333333
1002.22033898
1088.35
1032.55
1004.25
1017.9
943.95
967.610169492
1060.46666667
1061.18333333
1064.93333333
1036.33333333
1022.03389831
1085.18333333
1012.18333333
1007.35
1020.85
1056.86666667
1030.72881356
1036.3
1006.9
1017.43333333
1048.5
1038.66101695
1022.96666667
991.3
942.85
994.65
956.915254237
947.016666667
933.65
970.183333333
899.283333333
913.15
953.813559322
992.7
1073.5
1059.5
994.05
954.220338983
960.65
939.2
1067.5
--END OF 8--
133.033898305
143.983333333
130.7
131.3
143.05
124.7
124.830508475
132.75
141.05
134.633333333
147.65
123.516666667
133.216666667
113.050847458
141.783333333
123.166666667
94.8
131.45
104.661016949
146.45
130.9
149.4
134.2
113.75
119.728813559
132.6
127.083333333
132.05
138.65
125.322033898
144.683333333
129.1
130.466666667
137.5
135.533333333
128.389830508
115.85
126.95
135.666666667
155.95
134.966101695
137.966666667
138.916666667
125.45
130.183333333
129.762711864
124.65
100.35
121.85
121.483333333
122.616666667
114.186440678
128.4
142.35
140.45
141.1
123.93220339
98.9
125.433333333
127.948275862
--END OF 9--
3.42372881356
4.93333333333
2.0
6.7
7.5
3.5
2.47457627119
5.91666666667
6.43333333333
3.21666666667
7.36666666667
5.08333333333
4.08333333333
4.86440677966
4.21666666667
2.75
2.51666666667
3.01666666667
2.32203389831
3.35
5.25
7.0
3.05
5.4
2.86440677966
3.1
5.1
5.9
5.96666666667
2.1186440678
6.43333333333
3.78333333333
5.6
5.63333333333
4.38333333333
4.54237288136
4.8
6.7
5.01666666667
6.1
4.28813559322
5.31666666667
4.11666666667
6.05
6.46666666667
5.18644067797
7.01666666667
4.56666666667
4.98333333333
8.33333333333
1.73333333333
3.61016949153
4.0
3.45
4.5
5.15
2.1186440678
4.95
4.18333333333
6.13793103448
--END OF 10--
1.01694915254
0.2
0.15
0.85
1.55
0.45
0.0
2.61666666667
1.26666666667
0.433333333333
3.98333333333
1.13333333333
0.6
0.474576271186
0.0
0.5
0.5
1.5
1.01694915254
0.65
1.05
0.3
0.0
1.0
0.0
0.383333333333
1.3
1.2
1.41666666667
0.0169491525424
0.483333333333
0.0
0.316666666667
1.11666666667
0.766666666667
1.77966101695
1.25
0.55
1.43333333333
0.6
1.23728813559
0.233333333333
1.35
1.1
2.11666666667
1.83050847458
1.51666666667
1.68333333333
0.883333333333
2.11666666667
0.0
0.508474576271
0.0
0.45
0.783333333333
1.65
0.677966101695
1.66666666667
1.36666666667
0.51724137931
--END OF 11--
0.0
0.0
0.0
0.0
0.05
0.45
0.0
0.0
0.383333333333
0.116666666667
0.0
0.0
0.0
0.0
0.0
0.0
0.0
0.0
0.0
0.0
0.0
0.0
0.0
0.5
0.0
0.0
0.0
0.0
0.0
0.0
0.0
0.0
0.0
0.366666666667
0.533333333333
0.0
0.0
0.0
0.166666666667
0.05
0.457627118644
0.0
0.5
0.0
0.0
0.271186440678
0.433333333333
1.3
0.383333333333
0.616666666667
0.0
0.0
0.0
0.0
0.0
0.0
0.0
0.0
0.0
0.0
--END OF 12--
