23.2033898305
21.3833333333
22.85
23.5666666667
23.1833333333
22.8333333333
23.5593220339
23.6666666667
24.6833333333
23.9833333333
23.25
23.9833333333
23.1186440678
23.25
23.8333333333
22.8666666667
22.8833333333
22.3666666667
23.6949152542
23.2
24.2833333333
23.7833333333
23.6833333333
23.1186440678
24.2666666667
24.8333333333
23.9333333333
23.3666666667
23.5084745763
24.0
22.8333333333
22.7
22.4833333333
23.35
24.4406779661
23.6833333333
23.3666666667
22.9666666667
23.15
22.95
21.1694915254
22.9666666667
23.5
23.2
23.9666666667
23.3050847458
23.0
22.6
24.0
23.6833333333
22.7166666667
23.593220339
23.3
22.35
23.1666666667
23.7
23.186440678
22.4
24.5333333333
23.5689655172
--END OF 1--
31.8983050847
31.25
33.5333333333
33.8833333333
32.75
30.9333333333
32.9491525424
32.3
33.8333333333
32.25
32.7
33.6666666667
33.186440678
32.4666666667
33.1333333333
31.2833333333
31.8333333333
32.65
32.8983050847
32.4833333333
33.9833333333
33.4
33.0
33.3898305085
33.6666666667
33.6333333333
34.45
32.7666666667
31.0847457627
32.85
31.1
31.5666666667
31.7166666667
32.4666666667
33.7796610169
34.1666666667
32.7166666667
31.6
32.65
31.5166666667
29.8813559322
32.35
33.0833333333
32.95
33.7166666667
33.8983050847
32.4333333333
31.5
34.2333333333
33.0333333333
32.1166666667
34.7796610169
32.8
31.5
33.8833333333
33.5833333333
33.8983050847
31.2333333333
34.9833333333
34.1206896552
--END OF 2--
32.7966101695
32.3666666667
36.1833333333
35.5166666667
34.05
32.0333333333
33.7457627119
33.8166666667
35.0666666667
33.0666666667
33.9833333333
34.0833333333
34.0847457627
33.0166666667
33.8333333333
32.8666666667
32.8
34.7833333333
33.9322033898
32.75
34.5833333333
34.1333333333
33.5
34.593220339
34.8166666667
34.2333333333
35.95
34.1833333333
33.0
34.0833333333
32.45
32.2833333333
32.3833333333
33.4333333333
35.0169491525
35.8
33.2666666667
32.4333333333
33.2833333333
32.7666666667
30.5762711864
33.5333333333
33.9666666667
33.8166666667
35.0166666667
36.1525423729
33.2833333333
32.65
35.0333333333
34.1666666667
32.9
35.5254237288
33.9666666667
33.2833333333
35.0333333333
35.35
35.1525423729
32.2333333333
36.7333333333
35.5344827586
--END OF 3--
21.7288135593
20.3166666667
21.4
21.8166666667
21.4
21.2166666667
21.7288135593
22.0166666667
22.6666666667
22.2
21.7833333333
22.0166666667
21.2711864407
21.6333333333
22.1
21.3166666667
21.3666666667
21.2
21.813559322
21.8
22.3833333333
22.0333333333
21.95
21.8305084746
22.3166666667
22.5833333333
22.1333333333
21.7833333333
21.9152542373
22.05
21.3666666667
21.2
21.25
21.55
22.2372881356
21.8833333333
21.5833333333
21.45
21.2666666667
21.45
20.1694915254
21.6166666667
21.85
21.85
22.0166666667
21.6440677966
21.5666666667
21.4166666667
22.25
22.05
21.25
21.9152542373
21.9333333333
21.15
21.2833333333
21.9
21.6271186441
21.2166666667
22.2833333333
21.9655172414
--END OF 4--
30.9322033898
30.3166666667
31.6666666667
31.8833333333
31.2
29.95
31.5423728814
31.15
32.2
31.3333333333
31.3833333333
31.9166666667
31.2711864407
31.2666666667
31.6833333333
30.2833333333
30.6833333333
31.4833333333
31.5254237288
31.4
32.2166666667
31.9333333333
31.6
31.8644067797
32.1666666667
31.9833333333
32.3
31.3833333333
30.2372881356
31.45
30.1166666667
30.55
30.65
31.15
31.7796610169
32.2333333333
31.2666666667
30.4833333333
31.2
30.7
29.2542372881
31.25
31.6333333333
31.5
31.9166666667
31.9491525424
31.15
30.6166666667
32.35
31.6833333333
30.8333333333
32.4406779661
31.5833333333
30.55
31.8333333333
31.85
32.0338983051
30.2
32.6333333333
32.2068965517
--END OF 5--
32.7966101695
32.3666666667
36.1833333333
35.5166666667
34.05
32.0333333333
33.7457627119
33.8166666667
35.0666666667
33.0666666667
33.9833333333
34.0833333333
34.0847457627
33.0166666667
33.8333333333
32.8666666667
32.8
34.7833333333
33.9322033898
32.75
34.5833333333
34.1333333333
33.5
34.593220339
34.8166666667
34.2333333333
35.95
34.1833333333
33.0
34.0833333333
32.45
32.2833333333
32.3833333333
33.4333333333
35.0169491525
35.8
33.2666666667
32.4333333333
33.2833333333
32.7666666667
30.5762711864
33.5333333333
33.9666666667
33.8166666667
35.0166666667
36.1525423729
33.2833333333
32.65
35.0333333333
34.1666666667
32.9
35.5254237288
33.9666666667
33.2833333333
35.0333333333
35.35
35.1525423729
32.2333333333
36.7333333333
35.5344827586
--END OF 6--
4202.18644068
4107.75
4333.6
4385.0
4336.5
4241.85
4276.72881356
4379.8
4430.6
4260.55
4272.1
4446.25
4352.03389831
4184.9
4260.55
4308.35
4375.15
4216.35
4330.77966102
4274.85
4389.25
4325.75
4398.1
4322.89830508
4399.9
4453.35
4411.85
4231.6
4201.93220339
4324.2
4286.0
4337.75
4232.4
4433.05
4534.27118644
4344.5
4366.3
4276.25
4394.85
4291.9
4143.05084746
4250.15
4289.15
4305.2
4242.45
4218.81355932
4323.9
4161.75
4313.4
4259.25
4239.3
4433.08474576
4200.35
4209.95
4383.15
4445.15
4513.47457627
4225.15
4563.45
4265.89655172
--END OF 7--
1180.42372881
1150.01666667
1219.13333333
1235.45
1227.03333333
1177.38333333
1223.74576271
1221.08333333
1253.8
1198.41666667
1186.61666667
1240.6
1218.15254237
1173.88333333
1203.35
1208.88333333
1222.38333333
1175.36666667
1216.0
1182.51666667
1243.6
1204.6
1223.95
1201.93220339
1235.46666667
1249.95
1240.2
1194.8
1172.57627119
1222.01666667
1200.58333333
1206.25
1181.65
1212.78333333
1266.11864407
1226.85
1211.2
1192.55
1224.91666667
1180.06666667
1134.3559322
1175.71666667
1210.08333333
1211.2
1218.0
1197.69491525
1198.23333333
1167.6
1236.95
1208.06666667
1199.33333333
1231.25423729
1195.91666667
1177.45
1234.48333333
1237.76666667
1239.59322034
1185.45
1285.5
1220.32758621
--END OF 8--
197.06779661
188.533333333
212.716666667
220.483333333
198.95
187.583333333
190.915254237
199.0
206.55
187.85
203.033333333
197.95
196.305084746
199.333333333
196.0
190.35
190.083333333
200.333333333
186.406779661
189.4
209.7
190.283333333
201.283333333
211.915254237
203.283333333
195.05
215.95
200.75
173.016949153
204.65
182.933333333
184.416666667
184.9
195.4
192.644067797
205.616666667
206.65
175.0
203.416666667
190.516666667
185.322033898
201.55
205.816666667
199.966666667
203.45
208.830508475
197.366666667
187.983333333
206.15
216.0
213.866666667
210.542372881
189.966666667
211.316666667
211.983333333
194.25
210.711864407
194.783333333
218.3
202.793103448
--END OF 9--
7.52542372881
8.43333333333
11.0166666667
6.7
8.0
4.1
6.81355932203
7.68333333333
8.58333333333
6.65
8.28333333333
7.75
13.5254237288
8.51666666667
7.58333333333
6.75
5.36666666667
11.5
7.23728813559
10.3666666667
4.38333333333
7.83333333333
5.2
6.98305084746
6.36666666667
4.5
9.66666666667
6.35
8.13559322034
6.28333333333
8.08333333333
7.0
6.91666666667
7.63333333333
8.25423728814
12.7833333333
4.28333333333
7.38333333333
7.8
8.88333333333
4.05084745763
6.31666666667
7.33333333333
7.06666666667
8.2
14.3220338983
6.35
6.16666666667
9.98333333333
6.65
5.71666666667
13.0508474576
11.0166666667
6.43333333333
10.0
6.76666666667
9.79661016949
6.36666666667
12.15
13.3793103448
--END OF 10--
0.966101694915
1.98333333333
3.41666666667
2.63333333333
1.83333333333
1.4
1.35593220339
2.13333333333
1.7
1.11666666667
2.35
0.35
1.23728813559
0.716666666667
1.23333333333
2.71666666667
1.75
2.83333333333
1.23728813559
0.266666666667
0.666666666667
1.13333333333
0.0
1.52542372881
1.91666666667
0.9
2.15
2.16666666667
2.5593220339
1.55
1.68333333333
1.23333333333
0.95
1.41666666667
0.983050847458
1.88333333333
0.5
1.16666666667
0.966666666667
2.1
1.25423728814
1.68333333333
0.95
1.38333333333
2.25
3.91525423729
1.45
2.01666666667
1.31666666667
1.51666666667
1.08333333333
0.932203389831
1.61666666667
2.3
1.33333333333
2.81666666667
1.15254237288
1.25
2.55
1.74137931034
--END OF 11--
0.271186440678
0.5
0.433333333333
0.166666666667
0.2
0.0
0.508474576271
0.0
0.5
0.0
0.0
0.0
0.0
0.0
0.0
0.0
0.0
0.333333333333
0.0
0.0
0.0
0.5
0.0
0.0
0.75
0.25
0.0333333333333
0.4
0.0
0.0
0.333333333333
0.45
0.216666666667
0.383333333333
0.237288135593
0.383333333333
0.0
0.166666666667
0.333333333333
0.366666666667
0.186440677966
0.35
0.233333333333
0.0
0.0
0.0
0.133333333333
0.366666666667
0.233333333333
0.0
0.0
0.0
0.0
0.366666666667
0.4
0.5
0.406779661017
0.1
0.0
0.0
--END OF 12--
