24.2166666667
22.0
21.2542372881
23.2833333333
23.4666666667
22.6
22.8833333333
22.1333333333
22.0338983051
22.6666666667
23.5166666667
24.15
22.0166666667
23.4666666667
23.1525423729
23.2
22.95
23.3833333333
22.2333333333
23.1333333333
22.0
22.7666666667
22.6166666667
21.2333333333
21.6333333333
22.1166666667
21.6610169492
23.2333333333
22.4833333333
21.7166666667
23.0
22.2
22.2711864407
21.95
21.9166666667
22.6666666667
23.1166666667
23.4576271186
22.8666666667
22.4666666667
21.7
22.2333333333
23.6
23.2203389831
22.2
22.2
22.6833333333
22.2
23.0666666667
21.9152542373
22.7333333333
22.9833333333
22.3166666667
22.1
22.4576271186
22.4833333333
22.15
23.45
22.6166666667
23.1754385965
--END OF 1--
34.95
30.75
31.6949152542
31.8666666667
33.1
30.8166666667
31.75
31.15
31.1355932203
30.2
31.3666666667
33.1
30.1666666667
31.0666666667
33.0677966102
32.8333333333
31.9166666667
31.3166666667
31.5833333333
32.0666666667
31.186440678
31.8833333333
31.55
29.9666666667
31.5
31.3333333333
30.4406779661
31.6333333333
30.25
31.0333333333
31.35
31.2
29.9322033898
31.6
32.1833333333
33.9333333333
31.0166666667
31.1694915254
31.8333333333
30.7
30.35
31.7166666667
32.0833333333
31.4745762712
29.4
31.95
31.4333333333
31.3333333333
32.3
30.7457627119
32.1833333333
31.7666666667
31.3666666667
31.55
32.3898305085
30.4833333333
31.1166666667
31.6166666667
28.8833333333
33.1929824561
--END OF 2--
36.4166666667
31.7666666667
33.7966101695
33.0666666667
34.1166666667
31.1666666667
32.6333333333
32.0833333333
32.0169491525
31.1666666667
32.6666666667
34.25
31.2666666667
32.6166666667
33.7118644068
33.45
32.8666666667
33.3333333333
32.4833333333
33.9666666667
32.2372881356
32.3833333333
33.1
30.75
32.6666666667
32.0166666667
32.1016949153
33.3666666667
31.3166666667
31.9666666667
31.9
33.3
31.5423728814
33.2333333333
32.65
34.8
32.4666666667
32.2203389831
32.0333333333
31.45
32.2666666667
33.0666666667
33.1833333333
32.5762711864
30.3
33.4
32.3333333333
32.0333333333
32.8666666667
31.4745762712
33.1
32.2166666667
32.0166666667
32.4333333333
33.4915254237
30.95
31.6
33.05
30.4666666667
33.8771929825
--END OF 3--
22.3833333333
20.9333333333
20.2542372881
21.7833333333
21.9166666667
21.35
21.5333333333
21.1333333333
21.1355932203
21.2333333333
21.5666666667
22.25
20.6666666667
21.8666666667
21.7118644068
21.8833333333
21.7333333333
21.7833333333
21.1833333333
21.5166666667
20.7118644068
21.3166666667
21.1
20.2833333333
20.6333333333
21.0333333333
20.406779661
21.8833333333
21.4833333333
20.75
21.9
21.2
21.2711864407
20.95
20.9166666667
21.3
21.7833333333
21.7966101695
21.55
20.8833333333
20.7
21.0833333333
21.9333333333
21.8305084746
21.2
21.2
21.2166666667
21.0333333333
21.6666666667
20.8983050847
21.3333333333
21.35
21.2333333333
21.0833333333
21.4576271186
21.2333333333
21.15
21.9
21.6
21.8245614035
--END OF 4--
32.7
30.1666666667
30.813559322
30.9166666667
31.7166666667
30.1166666667
30.7666666667
30.3166666667
30.3898305085
29.75
30.3166666667
31.65
29.5666666667
30.2666666667
31.6101694915
31.55
30.8666666667
30.5
30.75
31.05
30.2711864407
30.6
30.5166666667
29.4333333333
30.4166666667
30.4
29.6949152542
30.7
29.85
30.3666666667
30.6
30.6
29.6949152542
30.7333333333
31.1333333333
32.0666666667
30.2833333333
30.4576271186
30.8333333333
29.7166666667
29.8333333333
30.7833333333
31.1666666667
30.6949152542
29.2
30.85
30.5333333333
30.3833333333
31.1
30.3050847458
30.9166666667
30.6666666667
30.4166666667
30.5333333333
31.1016949153
29.9333333333
30.2166666667
30.7333333333
28.8833333333
31.7543859649
--END OF 5--
36.4166666667
31.7666666667
33.7966101695
33.0666666667
34.1166666667
31.1666666667
32.6333333333
32.0833333333
32.0169491525
31.1666666667
32.6666666667
34.25
31.2666666667
32.6166666667
33.7118644068
33.45
32.8666666667
33.3333333333
32.4833333333
33.9666666667
32.2372881356
32.3833333333
33.1
30.75
32.6666666667
32.0166666667
32.1016949153
33.3666666667
31.3166666667
31.9666666667
31.9
33.3
31.5423728814
33.2333333333
32.65
34.8
32.4666666667
32.2203389831
32.0333333333
31.45
32.2666666667
33.0666666667
33.1833333333
32.5762711864
30.3
33.4
32.3333333333
32.0333333333
32.8666666667
31.4745762712
33.1
32.2166666667
32.0166666667
32.4333333333
33.4915254237
30.95
31.6
33.05
30.4666666667
33.8771929825
--END OF 6--
4433.25
4207.5
4150.27118644
4309.3
4356.8
4198.25
4164.8
4128.5
4136.33898305
4129.05
4248.9
4314.75
4107.45
4357.95
4304.23728814
4326.9
4303.75
4263.5
4159.8
4213.25
4248.25423729
4432.1
4249.75
4031.1
4025.7
4122.1
4201.62711864
4184.75
4050.75
3938.7
4148.1
4166.4
4125.91525424
4148.8
4078.35
4310.4
4262.65
4219.72881356
4222.5
4065.7
4156.35
4117.35
4239.0
4202.44067797
4134.3
4064.7
4217.1
4221.45
4281.7
4052.79661017
4295.8
4253.45
4219.95
4135.45
4168.47457627
4187.8
4133.0
4173.35
3968.0
4307.15789474
--END OF 7--
1257.71666667
1159.35
1129.93220339
1189.13333333
1228.25
1173.03333333
1171.23333333
1146.43333333
1157.62711864
1147.6
1205.9
1212.95
1145.6
1202.35
1203.45762712
1204.11666667
1200.31666667
1190.68333333
1167.41666667
1183.4
1183.89830508
1242.48333333
1205.23333333
1115.66666667
1127.15
1167.83333333
1165.18644068
1187.86666667
1151.71666667
1131.43333333
1170.9
1159.85
1137.83050847
1158.28333333
1152.06666667
1196.55
1186.05
1191.03389831
1163.43333333
1158.96666667
1148.53333333
1156.38333333
1190.08333333
1177.84745763
1140.3
1147.85
1176.55
1188.96666667
1190.41666667
1123.54237288
1206.18333333
1186.0
1173.33333333
1154.03333333
1170.81355932
1166.43333333
1157.73333333
1180.35
1118.91666667
1206.01754386
--END OF 8--
206.083333333
166.116666667
192.525423729
181.466666667
199.333333333
175.033333333
179.816666667
188.683333333
189.610169492
175.166666667
180.65
194.25
170.2
180.65
199.271186441
193.1
183.083333333
190.45
191.9
191.066666667
191.508474576
177.333333333
183.566666667
183.983333333
197.1
188.833333333
181.118644068
194.816666667
166.7
194.566666667
181.35
198.7
165.627118644
189.85
199.0
202.833333333
167.066666667
175.152542373
178.35
181.216666667
182.95
186.95
187.883333333
182.050847458
153.05
200.3
185.433333333
178.25
187.983333333
174.440677966
194.216666667
185.866666667
174.133333333
184.416666667
197.457627119
181.966666667
188.166666667
193.233333333
172.0
184.98245614
--END OF 9--
10.2333333333
8.28333333333
16.6440677966
7.43333333333
8.11666666667
4.08333333333
7.61666666667
7.66666666667
6.22033898305
5.35
9.85
11.3
6.4
7.1
5.91525423729
6.31666666667
5.61666666667
6.91666666667
7.38333333333
11.5666666667
6.05084745763
7.05
6.23333333333
8.78333333333
12.3
7.5
9.27118644068
7.03333333333
6.9
7.31666666667
5.1
7.4
7.10169491525
9.66666666667
9.05
12.15
8.91666666667
6.22033898305
9.33333333333
8.48333333333
8.18333333333
9.11666666667
7.06666666667
6.79661016949
5.7
10.8
8.16666666667
8.73333333333
7.9
6.49152542373
6.6
7.5
7.01666666667
9.1
9.69491525424
3.88333333333
6.76666666667
7.4
5.11666666667
9.85964912281
--END OF 10--
2.51666666667
1.08333333333
1.4406779661
1.68333333333
1.66666666667
0.333333333333
1.38333333333
0.75
1.05084745763
1.11666666667
2.05
0.85
1.55
1.7
0.542372881356
0.6
0.85
3.05
1.5
3.66666666667
0.966101694915
0.6
1.9
1.2
1.35
0.7
2.71186440678
1.96666666667
1.65
1.33333333333
0.6
3.65
2.69491525424
2.65
0.65
1.13333333333
2.11666666667
1.93220338983
0.0
0.5
2.81666666667
2.18333333333
1.61666666667
1.84745762712
1.0
1.45
1.6
1.0
0.783333333333
1.06779661017
1.38333333333
0.366666666667
0.466666666667
0.9
1.22033898305
0.766666666667
0.416666666667
2.05
1.95
0.894736842105
--END OF 11--
0.4
0.0
0.0
0.5
0.0
0.0
0.333333333333
0.0
0.508474576271
0.0
0.5
0.85
0.6
0.55
0.338983050847
0.133333333333
0.0
0.0
0.0
0.0
0.0
0.0
1.0
0.0
0.0
0.0
0.474576271186
0.966666666667
0.0
0.0
0.05
0.45
0.508474576271
0.2
0.0
0.0
0.5
0.0
0.0
0.0
0.0
0.0
0.0
0.0
0.0
1.15
0.35
0.0
0.433333333333
0.118644067797
0.316666666667
0.0
0.433333333333
0.0333333333333
0.305084745763
0.0
0.0
0.0
0.0
0.0
--END OF 12--
