15.1333333333
15.5
14.8833333333
13.5333333333
14.8833333333
14.7796610169
14.3166666667
14.8666666667
14.4166666667
13.6333333333
12.9833333333
14.4406779661
13.2333333333
14.0833333333
14.5
14.2166666667
14.5666666667
13.6779661017
14.55
13.9
14.1166666667
14.1
14.7627118644
13.3833333333
13.55
12.5833333333
13.7333333333
13.8813559322
13.6666666667
13.75
14.3166666667
14.6666666667
14.0666666667
14.1186440678
14.2
14.8833333333
14.3
14.6833333333
12.3559322034
11.9833333333
13.5666666667
13.6
13.3
13.1355932203
13.0666666667
12.1666666667
13.3
13.5833333333
13.3833333333
13.6610169492
12.35
12.4833333333
13.3166666667
13.0833333333
12.8813559322
13.0166666667
13.75
13.35
13.1666666667
15.4528301887
--END OF 1--
21.0333333333
21.8
21.5333333333
17.6333333333
19.5833333333
19.9661016949
20.85
20.4333333333
21.4666666667
19.7
18.75
19.9830508475
18.2
18.75
19.3
20.4333333333
19.25
19.0847457627
19.35
19.75
19.5166666667
18.75
19.3050847458
18.25
19.55
18.1666666667
19.2333333333
18.6101694915
19.6166666667
18.9
19.1333333333
20.2166666667
19.25
18.9152542373
19.3
19.1333333333
18.45
20.0333333333
17.5593220339
16.2
17.8666666667
18.0
17.6666666667
19.3728813559
18.2666666667
16.3166666667
17.75
17.8166666667
19.0666666667
17.5084745763
16.7
15.9333333333
17.8666666667
19.3833333333
18.593220339
17.5666666667
18.25
18.5
17.1333333333
21.4905660377
--END OF 2--
21.5833333333
22.75
22.3333333333
18.1833333333
20.0833333333
21.3220338983
21.8666666667
21.2666666667
22.8
20.5333333333
19.65
20.7966101695
18.5333333333
19.2833333333
20.45
21.0333333333
20.1833333333
19.8983050847
19.95
20.7666666667
20.2666666667
19.2
20.9830508475
18.4333333333
19.8333333333
19.3833333333
19.4166666667
19.2711864407
20.3333333333
19.55
19.7666666667
22.0166666667
20.5
20.1355932203
20.7
19.1833333333
18.5
20.3333333333
17.9661016949
16.9333333333
17.9833333333
18.7166666667
18.45
20.0847457627
18.4833333333
16.7
19.1166666667
18.2333333333
20.2833333333
18.3898305085
17.15
15.9333333333
18.4666666667
19.7333333333
19.9491525424
18.1666666667
19.1166666667
19.6666666667
17.7833333333
21.9433962264
--END OF 3--
15.1333333333
15.5
14.8833333333
13.5333333333
14.8833333333
14.7796610169
14.3166666667
14.8666666667
14.4166666667
13.6333333333
12.9833333333
14.4406779661
13.2333333333
14.0833333333
14.5
14.2166666667
14.5666666667
13.6779661017
14.55
13.9
14.1166666667
14.1
14.7627118644
13.3833333333
13.55
12.5833333333
13.7333333333
13.8813559322
13.6666666667
13.75
14.3166666667
14.6666666667
14.0666666667
14.1186440678
14.2
14.8833333333
14.3
14.6833333333
12.3559322034
11.9833333333
13.5666666667
13.6
13.3
13.1355932203
13.0666666667
12.1666666667
13.3
13.5833333333
13.3833333333
13.6610169492
12.35
12.4833333333
13.3166666667
13.0833333333
12.8813559322
13.0166666667
13.75
13.35
13.1666666667
15.4528301887
--END OF 4--
21.0333333333
21.8
21.5333333333
17.6333333333
19.5833333333
19.9661016949
20.85
20.4333333333
21.4666666667
19.7
18.75
19.9830508475
18.2
18.75
19.3
20.4333333333
19.25
19.0847457627
19.35
19.75
19.5166666667
18.75
19.3050847458
18.25
19.55
18.1666666667
19.2333333333
18.6101694915
19.6166666667
18.9
19.1333333333
20.2166666667
19.25
18.9152542373
19.3
19.1333333333
18.45
20.0333333333
17.5593220339
16.2
17.8666666667
18.0
17.6666666667
19.3728813559
18.2666666667
16.3166666667
17.75
17.8166666667
19.0666666667
17.5084745763
16.7
15.9333333333
17.8666666667
19.3833333333
18.593220339
17.5666666667
18.25
18.5
17.1333333333
21.4905660377
--END OF 5--
21.5833333333
22.75
22.3333333333
18.1833333333
20.0833333333
21.3220338983
21.8666666667
21.2666666667
22.8
20.5333333333
19.65
20.7966101695
18.5333333333
19.2833333333
20.45
21.0333333333
20.1833333333
19.8983050847
19.95
20.7666666667
20.2666666667
19.2
20.9830508475
18.4333333333
19.8333333333
19.3833333333
19.4166666667
19.2711864407
20.3333333333
19.55
19.7666666667
22.0166666667
20.5
20.1355932203
20.7
19.1833333333
18.5
20.3333333333
17.9661016949
16.9333333333
17.9833333333
18.7166666667
18.45
20.0847457627
18.4833333333
16.7
19.1166666667
18.2333333333
20.2833333333
18.3898305085
17.15
15.9333333333
18.4666666667
19.7333333333
19.9491525424
18.1666666667
19.1166666667
19.6666666667
17.7833333333
21.9433962264
--END OF 6--
2861.7
2963.4
2908.05
2668.95
2794.35
2864.84745763
2881.9
2794.05
2860.15
2827.35
2683.75
2864.08474576
2659.65
2857.35
2804.2
2769.1
2727.05
2689.52542373
2728.95
2769.2
2827.05
2700.15
2770.62711864
2741.6
2798.15
2677.2
2717.95
2700.15254237
2720.1
2687.9
2721.55
2723.95
2741.45
2662.37288136
2736.45
2849.4
2663.85
2743.8
2594.38983051
2522.5
2657.7
2701.9
2651.8
2648.23728814
2585.45
2532.1
2572.2
2565.25
2672.75
2705.94915254
2461.2
2408.85
2638.2
2606.55
2552.59322034
2545.9
2624.65
2634.6
2514.95
3020.83018868
--END OF 7--
794.15
824.2
808.6
724.05
785.4
795.440677966
792.133333333
789.116666667
792.15
770.7
725.666666667
782.423728814
726.45
773.983333333
784.716666667
767.85
747.183333333
741.152542373
767.6
770.75
777.0
748.95
791.423728814
748.55
783.05
726.25
752.3
728.711864407
749.766666667
744.95
759.166666667
766.516666667
762.566666667
743.966101695
747.65
773.4
739.15
785.35
697.966101695
681.833333333
740.85
753.466666667
718.95
720.220338983
711.166666667
694.866666667
706.533333333
710.95
720.233333333
732.576271186
683.7
664.6
731.95
726.45
711.542372881
696.5
720.316666667
714.583333333
707.766666667
840.924528302
--END OF 8--
116.25
130.15
130.95
94.15
97.7
99.2542372881
116.516666667
109.166666667
129.05
114.75
119.133333333
114.86440678
102.116666667
97.75
104.95
121.416666667
121.0
106.627118644
103.4
124.166666667
109.65
105.4
99.593220339
103.25
103.6
106.8
120.666666667
101.389830508
113.733333333
103.366666667
98.45
118.916666667
109.866666667
113.423728814
117.65
93.75
94.45
110.0
104.694915254
89.8166666667
96.9333333333
99.7
88.8
109.559322034
103.866666667
92.3666666667
92.65
99.35
106.333333333
76.813559322
83.25
80.0
90.7
123.05
109.542372881
98.2666666667
110.383333333
97.15
84.85
116.094339623
--END OF 9--
8.95
9.3
6.25
3.55
4.55
6.64406779661
7.85
7.5
8.88333333333
6.18333333333
7.48333333333
4.18644067797
2.16666666667
2.66666666667
5.0
7.45
3.88333333333
7.13559322034
6.05
5.16666666667
7.95
2.25
6.57627118644
2.63333333333
6.85
7.28333333333
2.0
3.22033898305
5.23333333333
5.15
4.55
6.68333333333
4.3
4.10169491525
5.9
1.45
3.3
5.85
3.84745762712
5.05
3.51666666667
2.9
5.01666666667
8.10169491525
4.35
2.81666666667
5.41666666667
4.5
6.55
5.20338983051
2.55
0.55
2.55
6.0
6.89830508475
2.28333333333
3.26666666667
7.96666666667
3.55
6.77358490566
--END OF 10--
1.0
0.5
0.95
1.0
0.6
1.61016949153
1.36666666667
0.383333333333
1.18333333333
1.08333333333
1.18333333333
1.59322033898
0.45
0.383333333333
0.5
0.85
1.05
0.508474576271
0.35
1.4
1.1
0.8
1.77966101695
0.0
0.0
1.13333333333
0.0333333333333
1.01694915254
0.983333333333
0.633333333333
0.9
3.28333333333
1.43333333333
1.49152542373
1.75
0.05
0.0
0.5
0.508474576271
0.433333333333
0.0666666666667
0.916666666667
1.08333333333
0.508474576271
0.433333333333
0.333333333333
1.41666666667
0.433333333333
2.15
1.01694915254
0.5
0.0
0.95
0.65
1.81355932203
0.45
1.3
1.88333333333
0.316666666667
0.566037735849
--END OF 11--
0.5
0.0
0.0
0.0
0.0
0.135593220339
0.366666666667
0.0
1.0
0.0833333333333
0.416666666667
0.0
0.0
0.0
0.0
0.0
0.4
0.0
0.0
0.266666666667
0.0
0.0
0.508474576271
0.0
0.0
1.13333333333
0.0333333333333
0.508474576271
0.0
0.0
0.0
0.0
0.316666666667
0.186440677966
0.0
0.0
0.0
0.0
0.508474576271
0.0
0.0
0.5
0.0
0.0
0.0
0.0
1.15
0.183333333333
0.666666666667
0.338983050847
0.0
0.0
0.3
0.2
0.0
0.0
0.0
0.0
0.0
0.566037735849
--END OF 12--
