13.5
13.95
12.9830508475
12.8666666667
12.6333333333
12.4
13.7833333333
14.0
13.8666666667
14.1355932203
13.2333333333
12.55
13.35
13.0833333333
14.1166666667
13.5254237288
12.7666666667
12.9166666667
13.0666666667
13.5833333333
13.8644067797
14.2166666667
14.2833333333
13.2833333333
13.3
13.1833333333
13.4576271186
13.9833333333
12.6666666667
13.6333333333
13.8
12.593220339
13.2833333333
14.05
13.2166666667
13.2333333333
12.8333333333
14.1694915254
13.05
14.4333333333
13.5
12.3
13.9166666667
13.4745762712
14.1166666667
13.25
12.7666666667
13.1833333333
14.0169491525
12.7
13.5166666667
13.0333333333
13.2166666667
14.1333333333
15.3220338983
13.15
12.9166666667
14.2666666667
13.6833333333
12.8448275862
--END OF 1--
17.05
17.3
16.3898305085
16.3833333333
15.3333333333
17.25
17.9166666667
17.65
17.6
19.1525423729
16.5333333333
16.3833333333
17.4333333333
16.8333333333
17.35
17.6779661017
16.6666666667
16.3666666667
15.9166666667
17.1833333333
17.8813559322
17.8666666667
18.1
18.0833333333
16.9666666667
17.2833333333
17.0338983051
17.3333333333
16.5666666667
16.5833333333
17.8333333333
16.6271186441
17.8833333333
17.95
17.5666666667
17.0833333333
16.4833333333
18.2203389831
17.05
18.2666666667
16.6
16.1
17.75
17.8474576271
18.3
16.75
16.5
17.4666666667
18.1016949153
16.85
17.9166666667
16.9333333333
16.6666666667
17.1833333333
18.813559322
16.9333333333
16.65
18.3166666667
17.5
17.9482758621
--END OF 2--
17.6
17.45
17.1355932203
16.5833333333
15.7
17.7833333333
19.0833333333
18.95
18.15
20.0847457627
16.6166666667
16.45
18.2666666667
17.0833333333
17.65
17.8305084746
17.2666666667
17.3166666667
15.9166666667
17.5833333333
18.7288135593
18.7333333333
18.1
18.3333333333
17.65
17.3666666667
17.2711864407
17.8166666667
16.6333333333
16.9833333333
18.3166666667
17.6440677966
17.9833333333
17.95
17.5666666667
17.5833333333
16.9166666667
18.7796610169
17.15
18.4666666667
16.9833333333
16.2666666667
18.3333333333
18.5423728814
18.9
17.55
17.0833333333
17.65
18.9830508475
17.65
18.2166666667
17.2833333333
16.7666666667
17.6833333333
19.0
17.4
17.9
18.5666666667
17.6833333333
18.2586206897
--END OF 3--
13.5
13.95
12.9830508475
12.8666666667
12.6333333333
12.4
13.7833333333
14.0
13.8666666667
14.1355932203
13.2333333333
12.55
13.35
13.0833333333
14.1166666667
13.5254237288
12.7666666667
12.9166666667
13.0666666667
13.5833333333
13.8644067797
14.2166666667
14.2833333333
13.2833333333
13.3
13.1833333333
13.4576271186
13.9833333333
12.6666666667
13.6333333333
13.8
12.593220339
13.2833333333
14.05
13.2166666667
13.2333333333
12.8333333333
14.1694915254
13.05
14.4333333333
13.5
12.3
13.9166666667
13.4745762712
14.1166666667
13.25
12.7666666667
13.1833333333
14.0169491525
12.7
13.5166666667
13.0333333333
13.2166666667
14.1333333333
15.3220338983
13.15
12.9166666667
14.2666666667
13.6833333333
12.8448275862
--END OF 4--
17.05
17.3
16.3898305085
16.3833333333
15.3333333333
17.25
17.9166666667
17.65
17.6
19.1525423729
16.5333333333
16.3833333333
17.4333333333
16.8333333333
17.35
17.6779661017
16.6666666667
16.3666666667
15.9166666667
17.1833333333
17.8813559322
17.8666666667
18.1
18.0833333333
16.9666666667
17.2833333333
17.0338983051
17.3333333333
16.5666666667
16.5833333333
17.8333333333
16.6271186441
17.8833333333
17.95
17.5666666667
17.0833333333
16.4833333333
18.2203389831
17.05
18.2666666667
16.6
16.1
17.75
17.8474576271
18.3
16.75
16.5
17.4666666667
18.1016949153
16.85
17.9166666667
16.9333333333
16.6666666667
17.1833333333
18.813559322
16.9333333333
16.65
18.3166666667
17.5
17.9482758621
--END OF 5--
17.6
17.45
17.1355932203
16.5833333333
15.7
17.7833333333
19.0833333333
18.95
18.15
20.0847457627
16.6166666667
16.45
18.2666666667
17.0833333333
17.65
17.8305084746
17.2666666667
17.3166666667
15.9166666667
17.5833333333
18.7288135593
18.7333333333
18.1
18.3333333333
17.65
17.3666666667
17.2711864407
17.8166666667
16.6333333333
16.9833333333
18.3166666667
17.6440677966
17.9833333333
17.95
17.5666666667
17.5833333333
16.9166666667
18.7796610169
17.15
18.4666666667
16.9833333333
16.2666666667
18.3333333333
18.5423728814
18.9
17.55
17.0833333333
17.65
18.9830508475
17.65
18.2166666667
17.2833333333
16.7666666667
17.6833333333
19.0
17.4
17.9
18.5666666667
17.6833333333
18.2586206897
--END OF 6--
2649.0
2519.1
2500.93220339
2521.2
2452.25
2559.1
2676.8
2590.9
2628.8
2668.37288136
2483.05
2400.95
2530.0
2540.05
2636.85
2589.05084746
2491.95
2556.75
2520.9
2541.75
2627.23728814
2663.95
2702.05
2574.65
2482.05
2481.75
2510.74576271
2566.05
2458.7
2443.9
2620.4
2447.33898305
2503.35
2705.7
2623.2
2580.3
2452.05
2641.52542373
2526.6
2703.6
2575.25
2381.25
2562.9
2638.62711864
2652.4
2461.2
2459.6
2587.65
2677.3220339
2431.8
2580.75
2538.15
2555.55
2668.35
2913.25423729
2558.4
2506.9
2717.3
2587.25
2516.48275862
--END OF 7--
726.5
699.4
687.355932203
694.916666667
652.133333333
708.25
736.466666667
725.366666667
729.433333333
742.016949153
686.25
661.116666667
713.0
694.083333333
724.166666667
712.694915254
689.95
700.8
695.95
706.45
721.288135593
736.033333333
739.833333333
708.083333333
691.183333333
676.6
700.423728814
714.6
680.483333333
693.45
720.733333333
681.203389831
694.2
740.55
731.95
702.8
668.6
722.593220339
692.116666667
736.683333333
700.583333333
658.233333333
721.666666667
725.169491525
737.233333333
693.2
683.666666667
699.65
737.101694915
672.35
707.35
702.9
697.0
728.6
808.305084746
723.2
683.416666667
736.35
704.25
698.172413793
--END OF 8--
88.25
85.15
83.7796610169
75.1333333333
77.5333333333
95.85
95.9166666667
82.4333333333
88.5333333333
98.2711864407
81.0166666667
88.25
88.65
76.0333333333
80.7
95.0169491525
83.05
79.0
69.0
79.75
85.8983050847
85.7333333333
85.8333333333
92.0166666667
88.6833333333
84.35
95.2711864407
92.3
83.0333333333
78.25
85.4
77.0
95.95
84.95
87.85
81.2
78.95
93.7457627119
82.0
90.1666666667
78.7666666667
79.8333333333
85.8666666667
93.5254237288
102.366666667
89.1833333333
82.15
85.6333333333
92.1694915254
88.85
88.65
88.35
81.25
73.6
85.6610169492
99.6166666667
93.3
94.4166666667
96.25
95.8448275862
--END OF 9--
3.1
1.7
4.28813559322
1.81666666667
2.18333333333
4.93333333333
5.51666666667
3.76666666667
2.71666666667
4.32203389831
1.4
2.2
5.28333333333
2.01666666667
2.65
2.49152542373
2.45
3.9
1.3
3.4
4.28813559322
3.58333333333
1.31666666667
3.28333333333
2.16666666667
4.28333333333
1.38983050847
1.93333333333
3.13333333333
2.83333333333
3.43333333333
6.4406779661
4.5
1.8
1.35
2.85
3.61666666667
3.72881355932
2.1
3.01666666667
1.6
2.85
4.11666666667
3.42372881356
3.21666666667
1.61666666667
2.81666666667
2.13333333333
4.1186440678
5.5
4.55
2.0
1.35
2.95
1.38983050847
0.85
2.68333333333
3.98333333333
3.58333333333
4.6724137931
--END OF 10--
0.65
0.15
0.898305084746
0.4
0.716666666667
1.01666666667
2.06666666667
2.1
0.75
1.47457627119
0.116666666667
0.216666666667
1.35
0.433333333333
0.0
0.508474576271
0.95
1.55
0.0
0.75
1.18644067797
1.08333333333
0.0
0.3
0.933333333333
0.0
0.186440677966
0.816666666667
0.0666666666667
0.516666666667
0.983333333333
1.35593220339
0.1
0.0
0.0
0.5
0.766666666667
0.915254237288
0.5
0.483333333333
0.633333333333
0.383333333333
0.366666666667
1.13559322034
0.916666666667
1.31666666667
1.01666666667
0.166666666667
0.847457627119
0.75
0.45
0.3
0.25
0.65
0.186440677966
0.7
1.71666666667
0.5
0.0833333333333
0.724137931034
--END OF 11--
0.3
0.0
0.0
0.0
0.0
0.0
0.0
0.483333333333
0.45
0.491525423729
0.0833333333333
0.0
0.566666666667
0.433333333333
0.0
0.0
0.0
0.5
0.0
0.0
0.508474576271
0.5
0.0
0.3
0.433333333333
0.0
0.118644067797
0.383333333333
0.0666666666667
0.433333333333
0.0
0.0
0.0
0.0
0.0
0.0
0.0
0.0
0.0
0.0
0.0
0.0
0.233333333333
0.271186440678
0.0
0.366666666667
0.133333333333
0.0
0.0
0.0
0.2
0.3
0.0
0.0
0.0
0.0
1.5
0.0
0.0
0.206896551724
--END OF 12--
