19.3
18.3833333333
17.9333333333
18.4666666667
18.6166666667
20.186440678
17.6666666667
18.2666666667
17.9666666667
19.8666666667
19.95
18.85
19.406779661
18.1
19.5833333333
19.3833333333
19.9
19.2542372881
20.4166666667
20.1333333333
19.1833333333
18.1166666667
19.8
19.1694915254
18.7333333333
19.3666666667
18.7
18.2666666667
19.2833333333
19.1186440678
18.7333333333
19.0833333333
18.8333333333
18.5666666667
18.8474576271
19.6666666667
18.9
18.95
19.7666666667
18.6833333333
17.3559322034
19.4333333333
18.8833333333
18.9666666667
19.15
19.35
19.0508474576
18.7166666667
18.9
18.7833333333
18.4166666667
19.2833333333
19.8474576271
18.8
18.7
19.1666666667
18.8
19.6779661017
19.65
19.5438596491
--END OF 1--
25.55
25.2833333333
24.4333333333
24.9666666667
25.9166666667
26.9322033898
24.5166666667
25.0666666667
24.5833333333
26.1666666667
27.0333333333
26.5166666667
26.2711864407
24.85
25.55
25.9666666667
26.0
25.7796610169
26.8166666667
25.8333333333
25.4833333333
23.3666666667
28.25
25.8644067797
25.4833333333
24.9833333333
25.5166666667
25.7333333333
26.8
26.9491525424
24.6166666667
25.9666666667
24.8333333333
24.6166666667
24.6440677966
26.35
25.35
25.8833333333
26.6333333333
25.3833333333
23.3220338983
26.2166666667
25.3333333333
26.2
26.4666666667
26.6666666667
26.1016949153
25.75
26.0
25.35
26.5333333333
27.0166666667
26.6949152542
24.4
25.5
26.3166666667
25.0333333333
26.4915254237
26.65
26.0526315789
--END OF 2--
27.2
25.7833333333
24.6833333333
25.7666666667
26.6166666667
27.2881355932
24.5166666667
25.25
26.15
27.0166666667
28.2166666667
26.85
27.0847457627
25.5666666667
26.55
26.5666666667
27.05
26.3220338983
27.9166666667
26.7833333333
25.4833333333
23.3666666667
30.0666666667
26.5762711864
25.8833333333
26.1666666667
25.9833333333
26.5166666667
27.6
29.3389830508
25.4166666667
28.2
25.6
25.1
25.6610169492
26.5666666667
25.9
26.5
27.1
26.0333333333
24.4576271186
27.0666666667
26.15
26.9
26.9166666667
27.3833333333
26.4576271186
25.9
26.5666666667
26.15
27.3833333333
27.9833333333
27.5254237288
24.8
25.9
26.7666666667
25.4333333333
27.4406779661
27.3166666667
26.5964912281
--END OF 3--
19.15
18.3833333333
17.9333333333
18.4666666667
18.5666666667
19.8305084746
17.6666666667
18.2666666667
17.9666666667
19.8166666667
19.55
18.75
19.2542372881
18.1
19.4333333333
19.2333333333
19.5833333333
19.2203389831
19.8166666667
19.6833333333
19.1833333333
18.1166666667
19.5333333333
19.1186440678
18.7333333333
19.2666666667
18.7
18.2666666667
19.1333333333
19.0677966102
18.7333333333
18.7333333333
18.8333333333
18.5666666667
18.8474576271
19.35
18.9
18.95
19.75
18.6833333333
17.3559322034
19.2333333333
18.8833333333
18.9
19.15
19.25
19.0338983051
18.6833333333
18.75
18.7833333333
18.3666666667
19.2833333333
19.6440677966
18.7
18.7
19.1166666667
18.75
19.2542372881
19.4833333333
19.2807017544
--END OF 4--
25.55
25.2833333333
24.4333333333
24.9666666667
25.9166666667
26.9322033898
24.5166666667
25.0666666667
24.5833333333
26.1666666667
27.0333333333
26.5166666667
26.2711864407
24.85
25.55
25.9666666667
26.0
25.7796610169
26.8166666667
25.8333333333
25.4833333333
23.3666666667
28.1833333333
25.8644067797
25.4833333333
24.9833333333
25.5166666667
25.7333333333
26.8
26.9491525424
24.6166666667
25.9666666667
24.8333333333
24.6166666667
24.6440677966
26.35
25.35
25.8833333333
26.6333333333
25.3833333333
23.3220338983
26.2166666667
25.3333333333
26.2
26.4666666667
26.6666666667
26.1016949153
25.75
26.0
25.35
26.5333333333
27.0166666667
26.6949152542
24.4
25.5
26.3166666667
25.0333333333
26.4915254237
26.4666666667
26.0526315789
--END OF 5--
27.2
25.7833333333
24.6833333333
25.7666666667
26.6166666667
27.2881355932
24.5166666667
25.25
26.15
27.0166666667
28.2166666667
26.85
27.0847457627
25.5666666667
26.55
26.5666666667
27.05
26.3220338983
27.9166666667
26.7833333333
25.4833333333
23.3666666667
30.0666666667
26.5762711864
25.8833333333
26.1666666667
25.9833333333
26.5166666667
27.6
29.3389830508
25.4166666667
28.2
25.6
25.1
25.6610169492
26.5666666667
25.9
26.5
27.1
26.0333333333
24.4576271186
27.0666666667
26.15
26.9
26.9166666667
27.3833333333
26.4576271186
25.9
26.5666666667
26.15
27.3833333333
27.9833333333
27.5254237288
24.8
25.9
26.7666666667
25.4333333333
27.4406779661
27.3166666667
26.5964912281
--END OF 6--
3450.9
3375.75
3287.4
3486.6
3600.15
3663.45762712
3312.6
3410.85
3420.05
3511.55
3536.8
3516.3
3578.13559322
3389.35
3533.75
3503.3
3672.65
3612.25423729
3625.8
3683.25
3438.0
3308.85
3771.1
3497.18644068
3470.55
3583.4
3533.3
3358.5
3524.5
3598.83050847
3439.9
3709.75
3401.6
3436.15
3488.84745763
3666.9
3471.6
3564.3
3661.85
3565.05
3372.61016949
3627.65
3485.25
3552.1
3594.0
3547.5
3572.94915254
3553.7
3490.4
3481.65
3402.95
3639.3
3615.66101695
3468.75
3572.1
3559.2
3423.6
3612.50847458
3651.45
3509.21052632
--END OF 7--
975.7
942.1
930.15
973.25
984.0
1033.40677966
916.666666667
956.933333333
930.816666667
1002.15
1004.2
985.866666667
985.271186441
947.533333333
991.016666667
992.516666667
1015.81666667
979.813559322
1015.2
1024.6
969.15
904.2
1038.36666667
978.694915254
981.683333333
997.05
984.883333333
953.533333333
999.183333333
1006.96610169
972.816666667
1034.13333333
961.55
954.433333333
984.762711864
1028.58333333
972.5
984.066666667
1009.4
973.45
929.220338983
995.816666667
977.916666667
980.6
1005.91666667
1015.7
1002.3220339
981.133333333
986.216666667
959.95
966.45
1012.96666667
1005.15254237
966.75
978.0
1003.4
962.683333333
1009.08474576
1004.03333333
995.947368421
--END OF 8--
138.2
142.95
146.1
153.35
148.75
159.050847458
159.283333333
130.383333333
142.066666667
158.1
163.5
154.183333333
152.677966102
151.883333333
165.55
142.483333333
126.766666667
140.355932203
151.6
141.35
144.95
131.5
174.816666667
153.322033898
143.8
131.2
145.416666667
145.866666667
157.95
176.694915254
132.266666667
153.75
137.333333333
132.916666667
136.966101695
151.65
141.2
148.75
143.2
146.25
133.542372881
153.583333333
145.116666667
155.166666667
156.8
164.65
142.847457627
151.316666667
141.033333333
150.15
164.033333333
159.833333333
140.372881356
132.1
147.35
144.8
144.616666667
160.779661017
147.5
141.947368421
--END OF 9--
8.35
5.7
2.6
3.8
7.45
3.93220338983
3.98333333333
4.63333333333
8.08333333333
3.11666666667
7.46666666667
4.9
5.77966101695
5.73333333333
5.95
4.01666666667
6.33333333333
6.79661016949
8.55
4.2
2.5
1.45
9.53333333333
6.37288135593
3.13333333333
5.73333333333
4.46666666667
8.3
6.06666666667
8.54237288136
4.78333333333
8.53333333333
4.06666666667
3.96666666667
4.40677966102
2.85
4.6
4.83333333333
8.01666666667
6.25
6.76271186441
5.31666666667
5.16666666667
7.51666666667
3.98333333333
4.33333333333
6.4406779661
3.6
6.1
8.15
8.45
5.4
6.47457627119
3.7
6.75
5.6
4.65
6.50847457627
7.08333333333
6.29824561404
--END OF 10--
2.25
0.6
0.5
1.2
1.15
0.152542372881
0.0
0.183333333333
2.3
1.15
1.73333333333
0.566666666667
1.52542372881
1.1
1.08333333333
0.816666666667
1.18333333333
0.983050847458
1.8
1.55
0.0
0.0
2.35
1.0
0.6
1.46666666667
0.3
1.0
1.11666666667
3.91525423729
0.566666666667
2.6
1.4
0.8
1.66101694915
0.0
0.5
1.0
0.15
0.9
1.13559322034
1.25
1.18333333333
0.766666666667
0.383333333333
1.11666666667
0.508474576271
0.0
0.966666666667
0.3
1.0
1.63333333333
1.66101694915
0.65
0.45
0.5
0.566666666667
0.915254237288
0.483333333333
0.438596491228
--END OF 11--
0.5
0.0
0.0
0.0
0.0
0.0
0.0
0.0
0.783333333333
0.116666666667
0.5
0.0
0.0
0.0
0.5
0.0
0.0
0.508474576271
0.2
0.3
0.0
0.0
1.0
0.0
0.233333333333
1.03333333333
0.233333333333
0.5
0.266666666667
0.372881355932
0.133333333333
0.266666666667
0.233333333333
0.0
0.508474576271
0.0
0.5
0.0
0.0
0.3
0.203389830508
0.0
0.0
0.766666666667
0.383333333333
0.616666666667
0.0
0.0
0.0
0.0
0.166666666667
0.0333333333333
0.0
0.0
0.0
0.0
0.0666666666667
0.728813559322
0.0666666666667
0.280701754386
--END OF 12--
