12.7627118644
12.8333333333
13.0333333333
13.1833333333
12.1666666667
12.6333333333
12.7666666667
12.8644067797
12.25
12.5
13.35
12.95
12.2833333333
12.2881355932
12.7833333333
12.5666666667
13.1666666667
12.9166666667
12.8474576271
12.95
13.15
12.8666666667
13.1333333333
12.7666666667
13.8983050847
12.9
12.6
12.1166666667
12.85
13.2372881356
13.3666666667
13.1166666667
11.55
13.4666666667
13.5166666667
13.6949152542
12.95
13.7333333333
13.7166666667
12.2333333333
12.813559322
12.5166666667
12.45
13.1
13.2833333333
11.5254237288
12.5666666667
12.7833333333
13.6333333333
13.5166666667
13.4333333333
12.9830508475
13.6666666667
13.2166666667
12.6166666667
13.2166666667
13.2033898305
12.7166666667
13.2
12.0344827586
--END OF 1--
15.5423728814
15.1166666667
15.25
16.1666666667
14.4333333333
15.35
15.7166666667
16.0677966102
15.55
15.6
15.5
16.3
14.6833333333
15.7288135593
15.85
15.6666666667
15.6666666667
15.6666666667
16.0847457627
15.6166666667
16.0833333333
15.05
16.5166666667
17.2
16.8983050847
16.1
16.15
14.9666666667
16.15
15.6271186441
15.1333333333
16.2
15.0333333333
17.0833333333
17.0666666667
16.3220338983
15.2
16.6
16.2
14.5166666667
15.3389830508
14.3666666667
15.2
16.0
16.2833333333
15.2372881356
15.5
15.8833333333
15.95
15.9333333333
16.2666666667
15.8305084746
16.1333333333
16.0833333333
14.5333333333
17.4333333333
17.2542372881
15.2666666667
15.7
15.0517241379
--END OF 2--
15.9491525424
15.3166666667
15.9666666667
16.8166666667
14.7166666667
15.35
16.1666666667
16.3220338983
16.5
16.55
16.0
16.75
15.3333333333
15.9830508475
15.95
15.8166666667
16.1
16.7833333333
16.186440678
16.5
16.7
15.0666666667
17.4
17.5166666667
17.0508474576
16.1
16.15
15.3666666667
16.15
16.2711864407
15.95
16.45
15.2666666667
17.45
17.95
17.1016949153
15.4666666667
17.0833333333
16.35
14.5666666667
15.5423728814
14.5666666667
15.4
16.6
17.2833333333
16.1016949153
15.7
15.8833333333
16.3333333333
16.6666666667
17.0333333333
16.1525423729
16.25
16.4666666667
15.5
18.3333333333
17.8474576271
15.8666666667
16.2
15.0517241379
--END OF 3--
12.7627118644
12.8333333333
13.0333333333
13.1833333333
12.1666666667
12.6333333333
12.7666666667
12.8644067797
12.25
12.5
13.35
12.95
12.2833333333
12.2881355932
12.7833333333
12.5666666667
13.1666666667
12.9166666667
12.8474576271
12.95
13.15
12.8666666667
13.1333333333
12.7666666667
13.8983050847
12.9
12.6
12.1166666667
12.85
13.2372881356
13.3666666667
13.1166666667
11.55
13.4666666667
13.5166666667
13.6949152542
12.95
13.7333333333
13.7166666667
12.2333333333
12.813559322
12.5166666667
12.45
13.1
13.2833333333
11.5254237288
12.5666666667
12.7833333333
13.6333333333
13.5166666667
13.4333333333
12.9830508475
13.6666666667
13.2166666667
12.6166666667
13.2166666667
13.2033898305
12.7166666667
13.2
12.0344827586
--END OF 4--
15.5423728814
15.1166666667
15.25
16.1666666667
14.4333333333
15.35
15.7166666667
16.0677966102
15.55
15.6
15.5
16.3
14.6833333333
15.7288135593
15.85
15.6666666667
15.6666666667
15.6666666667
16.0847457627
15.6166666667
16.0833333333
15.05
16.5166666667
17.2
16.8983050847
16.1
16.15
14.9666666667
16.15
15.6271186441
15.1333333333
16.2
15.0333333333
17.0833333333
17.0666666667
16.3220338983
15.2
16.6
16.2
14.5166666667
15.3389830508
14.3666666667
15.2
16.0
16.2833333333
15.2372881356
15.5
15.8833333333
15.95
15.9333333333
16.2666666667
15.8305084746
16.1333333333
16.0833333333
14.5333333333
17.4333333333
17.2542372881
15.2666666667
15.7
15.0517241379
--END OF 5--
15.9491525424
15.3166666667
15.9666666667
16.8166666667
14.7166666667
15.35
16.1666666667
16.3220338983
16.5
16.55
16.0
16.75
15.3333333333
15.9830508475
15.95
15.8166666667
16.1
16.7833333333
16.186440678
16.5
16.7
15.0666666667
17.4
17.5166666667
17.0508474576
16.1
16.15
15.3666666667
16.15
16.2711864407
15.95
16.45
15.2666666667
17.45
17.95
17.1016949153
15.4666666667
17.0833333333
16.35
14.5666666667
15.5423728814
14.5666666667
15.4
16.6
17.2833333333
16.1016949153
15.7
15.8833333333
16.3333333333
16.6666666667
17.0333333333
16.1525423729
16.25
16.4666666667
15.5
18.3333333333
17.8474576271
15.8666666667
16.2
15.0517241379
--END OF 6--
2487.71186441
2465.4
2494.7
2565.55
2468.55
2423.05
2460.55
2458.57627119
2362.35
2448.0
2584.8
2486.25
2383.65
2436.10169492
2476.35
2537.1
2496.85
2483.4
2430.76271186
2447.15
2509.3
2422.65
2547.05
2594.65
2620.42372881
2465.4
2507.55
2555.4
2555.55
2581.93220339
2641.15
2550.0
2363.05
2638.85
2611.9
2592.05084746
2504.15
2544.6
2536.85
2351.35
2490.55932203
2461.65
2528.85
2446.8
2648.55
2401.06779661
2433.45
2517.15
2580.0
2511.55
2577.35
2563.83050847
2545.3
2530.0
2418.45
2594.55
2586.20338983
2480.7
2562.3
2394.20689655
--END OF 7--
665.406779661
669.216666667
691.966666667
702.583333333
654.85
667.366666667
669.316666667
683.813559322
654.8
660.45
685.6
681.1
652.3
678.423728814
687.166666667
685.833333333
691.616666667
680.433333333
663.338983051
684.166666667
698.466666667
660.366666667
691.15
705.316666667
731.898305085
688.25
686.55
663.6
692.6
708.915254237
722.916666667
696.483333333
650.566666667
709.083333333
715.516666667
716.186440678
690.15
703.483333333
709.966666667
641.583333333
677.593220339
674.25
676.25
679.2
728.65
654.355932203
663.916666667
689.616666667
708.183333333
703.333333333
706.333333333
709.322033898
704.3
693.316666667
652.483333333
727.183333333
715.305084746
683.95
697.0
630.672413793
--END OF 8--
70.8305084746
56.9666666667
60.2666666667
78.4166666667
67.3166666667
63.9833333333
78.2666666667
78.7627118644
77.95
77.05
71.2
80.65
67.0
62.2711864407
61.3333333333
70.2
62.2833333333
71.0166666667
73.6610169492
72.8833333333
72.4666666667
63.3666666667
71.9666666667
91.95
74.0508474576
80.45
66.05
61.0
74.85
66.8644067797
64.1
74.4833333333
70.5833333333
83.6
80.5
66.7627118644
67.5833333333
75.9666666667
64.8333333333
52.3166666667
61.9152542373
56.15
64.2
66.45
69.95
64.593220339
64.7333333333
86.9333333333
68.4166666667
66.2
64.1833333333
67.4915254237
66.65
66.9
54.6333333333
83.9166666667
93.1525423729
57.2
58.2
76.2068965517
--END OF 9--
2.98305084746
2.15
4.3
3.56666666667
1.98333333333
4.08333333333
2.1
1.91525423729
2.75
2.1
1.65
2.2
2.05
3.22033898305
2.26666666667
1.11666666667
3.6
2.93333333333
2.27118644068
2.7
1.48333333333
1.66666666667
4.01666666667
3.3
1.61016949153
1.0
2.65
3.2
2.05
2.25423728814
1.65
2.16666666667
1.81666666667
5.03333333333
4.05
2.20338983051
0.933333333333
1.28333333333
1.75
2.93333333333
3.30508474576
1.9
2.55
3.15
3.4
5.72881355932
1.53333333333
1.18333333333
0.8
2.76666666667
4.06666666667
3.28813559322
2.2
2.46666666667
2.56666666667
5.35
2.33898305085
2.4
3.75
0.775862068966
--END OF 10--
0.508474576271
0.266666666667
1.15
1.03333333333
0.55
0.0
0.5
0.203389830508
0.8
1.8
0.8
0.4
0.5
0.508474576271
0.0
0.333333333333
0.433333333333
1.71666666667
0.186440677966
1.43333333333
0.9
0.0833333333333
1.41666666667
0.3
0.0
0.0
0.05
0.45
0.0
0.898305084746
0.616666666667
0.5
0.333333333333
0.666666666667
1.48333333333
1.54237288136
0.116666666667
0.6
0.283333333333
0.0666666666667
0.440677966102
0.0
0.2
0.8
1.35
1.16949152542
0.0
0.0
0.566666666667
1.33333333333
0.6
0.508474576271
0.0
0.316666666667
1.56666666667
1.33333333333
0.847457627119
0.95
0.5
0.0
--END OF 11--
0.0
0.0
0.0
0.0
0.0
0.0
0.0
0.0
0.0
0.0
0.0
0.0
0.0
0.0
0.0
0.0
0.266666666667
0.733333333333
0.0
0.0
0.0
0.0166666666667
0.483333333333
0.0
0.0
0.0
0.0
0.0
0.0
0.0
0.5
0.0
0.333333333333
0.166666666667
0.0
0.0
0.116666666667
0.383333333333
0.0
0.0
0.0
0.0
0.0
0.0
0.0
0.0
0.0
0.0
0.0
0.0
0.0
0.0
0.0
0.0
0.5
0.216666666667
0.28813559322
0.0
0.5
0.0
--END OF 12--
