8.3
8.31666666667
9.13559322034
8.11666666667
7.9
7.85
7.68333333333
8.36666666667
8.33898305085
8.5
7.96666666667
8.6
8.38333333333
8.83333333333
8.62711864407
8.16666666667
7.75
8.68333333333
8.28333333333
8.56666666667
7.8813559322
8.55
9.01666666667
8.38333333333
8.85
7.93220338983
8.3
9.0
9.15
8.75
8.55
7.47457627119
8.36666666667
9.06666666667
8.63333333333
9.06666666667
8.66666666667
8.30508474576
7.96666666667
8.41666666667
8.66666666667
8.56666666667
8.37288135593
9.45
9.35
8.26666666667
8.15
7.6
8.20338983051
8.4
8.7
9.53333333333
8.85
8.5593220339
8.81666666667
8.53333333333
9.16666666667
8.33333333333
8.61666666667
8.83018867925
--END OF 1--
10.8666666667
10.55
11.7966101695
11.2333333333
10.2166666667
10.0833333333
10.5
11.1166666667
10.4237288136
10.9
10.6666666667
10.4
11.4333333333
10.2333333333
12.0
10.4
10.1666666667
11.3666666667
11.25
10.8666666667
9.45762711864
10.3166666667
11.7
12.0166666667
11.7333333333
9.93220338983
10.2
11.7
11.15
11.15
11.6
9.83050847458
11.5333333333
11.85
10.9333333333
10.9833333333
10.85
10.1016949153
9.83333333333
10.4666666667
11.1
10.3833333333
10.4576271186
11.9
11.5
9.86666666667
11.1
10.15
10.7288135593
10.4
10.35
11.35
11.3333333333
11.8813559322
11.1
12.1333333333
11.9666666667
10.7333333333
11.5166666667
11.2075471698
--END OF 2--
10.9
11.15
12.4237288136
11.2333333333
10.7666666667
10.0833333333
10.5
11.1166666667
10.9830508475
11.45
10.6666666667
10.4
11.5333333333
10.9833333333
12.0
10.6
10.45
11.6333333333
11.6833333333
10.9333333333
9.91525423729
10.4833333333
12.2
12.2
11.95
10.5762711864
10.2
11.7
11.3
11.4
12.0
10.3220338983
12.4333333333
12.2666666667
11.2333333333
10.9833333333
11.1833333333
10.6779661017
9.93333333333
10.7166666667
11.1666666667
10.7166666667
10.7118644068
12.5
11.5
10.0166666667
11.5
10.3
11.7966101695
10.9
10.35
11.5
11.4333333333
12.1525423729
12.4
12.5166666667
12.3166666667
10.75
12.0
11.3773584906
--END OF 3--
8.3
8.31666666667
9.13559322034
8.11666666667
7.9
7.85
7.68333333333
8.36666666667
8.33898305085
8.5
7.96666666667
8.6
8.38333333333
8.83333333333
8.62711864407
8.16666666667
7.75
8.68333333333
8.28333333333
8.56666666667
7.8813559322
8.55
9.01666666667
8.38333333333
8.85
7.93220338983
8.3
9.0
9.15
8.75
8.55
7.47457627119
8.36666666667
9.06666666667
8.63333333333
9.06666666667
8.66666666667
8.30508474576
7.96666666667
8.41666666667
8.66666666667
8.56666666667
8.37288135593
9.45
9.35
8.26666666667
8.15
7.6
8.20338983051
8.4
8.7
9.53333333333
8.85
8.5593220339
8.81666666667
8.53333333333
9.16666666667
8.33333333333
8.61666666667
8.83018867925
--END OF 4--
10.8666666667
10.55
11.7966101695
11.2333333333
10.2166666667
10.0833333333
10.5
11.1166666667
10.4237288136
10.9
10.6666666667
10.4
11.4333333333
10.2333333333
12.0
10.4
10.1666666667
11.3666666667
11.25
10.8666666667
9.45762711864
10.3166666667
11.7
12.0166666667
11.7333333333
9.93220338983
10.2
11.7
11.15
11.15
11.6
9.83050847458
11.5333333333
11.85
10.9333333333
10.9833333333
10.85
10.1016949153
9.83333333333
10.4666666667
11.1
10.3833333333
10.4576271186
11.9
11.5
9.86666666667
11.1
10.15
10.7288135593
10.4
10.35
11.35
11.3333333333
11.8813559322
11.1
12.1333333333
11.9666666667
10.7333333333
11.5166666667
11.2075471698
--END OF 5--
10.9
11.15
12.4237288136
11.2333333333
10.7666666667
10.0833333333
10.5
11.1166666667
10.9830508475
11.45
10.6666666667
10.4
11.5333333333
10.9833333333
12.0
10.6
10.45
11.6333333333
11.6833333333
10.9333333333
9.91525423729
10.4833333333
12.2
12.2
11.95
10.5762711864
10.2
11.7
11.3
11.4
12.0
10.3220338983
12.4333333333
12.2666666667
11.2333333333
10.9833333333
11.1833333333
10.6779661017
9.93333333333
10.7166666667
11.1666666667
10.7166666667
10.7118644068
12.5
11.5
10.0166666667
11.5
10.3
11.7966101695
10.9
10.35
11.5
11.4333333333
12.1525423729
12.4
12.5166666667
12.3166666667
10.75
12.0
11.3773584906
--END OF 6--
1585.4
1563.25
1801.72881356
1691.4
1644.9
1676.9
1664.4
1623.6
1659.15254237
1630.05
1759.5
1685.25
1665.9
1624.05
1717.52542373
1658.3
1568.55
1767.7
1701.3
1690.05
1562.08474576
1683.05
1805.7
1730.45
1760.55
1582.72881356
1623.3
1772.85
1738.35
1779.0
1750.65
1665.45762712
1698.55
1716.65
1643.9
1705.0
1724.3
1634.59322034
1600.5
1573.85
1756.25
1681.35
1669.77966102
1822.65
1782.0
1585.95
1612.65
1664.25
1742.54237288
1739.05
1709.3
1833.9
1692.8
1737.71186441
1801.55
1739.9
1793.2
1653.5
1753.3
1669.18867925
--END OF 7--
449.85
443.016666667
498.728813559
471.583333333
457.466666667
465.166666667
446.366666667
451.283333333
461.016949153
464.6
468.4
456.75
455.8
452.05
476.0
438.583333333
435.466666667
478.416666667
468.683333333
467.283333333
427.169491525
458.25
501.183333333
477.966666667
476.066666667
438.559322034
453.55
486.55
484.9
475.6
487.75
451.338983051
476.85
491.933333333
459.816666667
472.133333333
466.466666667
444.101694915
441.75
447.216666667
468.633333333
451.733333333
455.949152542
502.05
487.65
445.85
457.1
458.55
480.423728814
485.516666667
478.183333333
507.483333333
483.716666667
481.542372881
492.616666667
487.466666667
495.9
467.633333333
478.8
469.547169811
--END OF 8--
52.05
52.7666666667
55.7796610169
62.2833333333
65.6666666667
50.8333333333
60.2666666667
56.4
53.593220339
60.3
57.2
55.75
62.85
48.1
62.6779661017
50.8333333333
51.9166666667
57.4
65.0
51.3
39.7966101695
47.0833333333
57.65
65.0333333333
59.4
53.1355932203
40.4
56.2
51.8
50.1
69.3
67.3389830508
66.7166666667
55.05
49.6
55.2
57.75
51.4915254237
51.8
53.6833333333
50.8833333333
44.35
53.3559322034
61.35
57.25
47.8
67.65
59.1
59.4745762712
53.5
49.9666666667
48.7
52.7166666667
71.0169491525
60.0166666667
69.3333333333
66.1666666667
55.2333333333
53.0666666667
53.0754716981
--END OF 9--
2.33333333333
2.11666666667
4.03389830508
2.23333333333
2.45
1.38333333333
1.68333333333
3.83333333333
1.33898305085
1.85
1.75
0.35
4.65
2.5
3.76271186441
1.88333333333
1.26666666667
3.2
2.26666666667
1.7
1.42372881356
1.58333333333
3.53333333333
4.66666666667
2.01666666667
2.06779661017
0.65
1.9
0.95
1.75
2.8
1.91525423729
4.11666666667
3.25
3.46666666667
1.21666666667
1.33333333333
1.94915254237
0.333333333333
0.883333333333
1.7
2.46666666667
1.40677966102
2.45
1.0
0.6
2.05
3.05
3.77966101695
2.08333333333
0.5
0.283333333333
1.26666666667
2.16949152542
3.1
2.41666666667
2.08333333333
1.75
4.23333333333
1.28301886792
--END OF 10--
0.0333333333333
0.7
0.779661016949
0.0
0.5
0.0
0.0
0.0
0.71186440678
0.8
0.0
0.0
0.2
1.3
0.0
0.0
0.283333333333
0.216666666667
0.633333333333
0.366666666667
0.508474576271
0.0
0.466666666667
0.366666666667
0.516666666667
1.0
0.0
0.0
0.0
0.5
0.5
0.525423728814
1.01666666667
0.466666666667
0.0
0.0
0.333333333333
0.677966101695
0.116666666667
0.383333333333
0.383333333333
0.616666666667
0.0
0.5
0.0
0.0
0.35
0.15
1.94915254237
1.08333333333
0.0
0.283333333333
0.25
0.745762711864
1.51666666667
0.716666666667
0.0
0.0166666666667
0.983333333333
0.169811320755
--END OF 11--
0.0
0.0
0.508474576271
0.0
0.0
0.0
0.0
0.0
0.203389830508
0.3
0.0
0.0
0.0
0.5
0.0
0.0
0.283333333333
0.216666666667
0.0
0.0
0.508474576271
0.0
0.0
0.333333333333
0.0
0.0
0.0
0.0
0.0
0.0
0.0
0.0
0.0
0.0
0.0
0.0
0.333333333333
0.169491525424
0.0
0.0
0.0166666666667
0.483333333333
0.0
0.5
0.0
0.0
0.35
0.15
0.338983050847
0.166666666667
0.0
0.0
0.0
0.0
0.5
0.0
0.0
0.0
0.0
0.0
--END OF 12--
