9.91666666667
9.91525423729
10.45
10.1
10.3166666667
9.48333333333
10.0
9.1186440678
9.85
10.05
10.3166666667
9.8
10.0
9.71186440678
9.45
9.88333333333
9.51666666667
9.56666666667
9.76271186441
9.35
10.45
10.1333333333
11.1166666667
9.8813559322
10.85
9.4
9.68333333333
10.2833333333
10.4333333333
10.2881355932
9.95
10.7
9.41666666667
10.0666666667
9.91525423729
10.0666666667
9.85
10.25
10.5833333333
9.83050847458
9.8
10.1
9.73333333333
10.7
9.13559322034
9.1
9.66666666667
10.6666666667
9.76666666667
9.95
10.9661016949
11.1833333333
10.0
9.95
11.8
8.84745762712
10.5833333333
10.6333333333
9.08333333333
9.84482758621
--END OF 1--
14.3666666667
12.4745762712
14.3833333333
14.4333333333
13.5833333333
12.4666666667
12.9833333333
12.1355932203
13.3
13.15
13.75
13.9
13.8
14.0
13.1666666667
13.6
13.9
14.4833333333
13.1186440678
12.8166666667
14.3166666667
14.7333333333
15.1833333333
13.6271186441
15.3
13.15
13.7833333333
15.4833333333
15.4833333333
16.0338983051
14.4833333333
14.2833333333
13.0833333333
13.5333333333
14.5593220339
15.15
13.8833333333
14.0333333333
15.3
14.3389830508
13.1
13.35
12.3833333333
13.75
13.1355932203
12.7166666667
13.95
14.4166666667
12.9833333333
14.4666666667
14.8813559322
16.0666666667
13.9
13.1833333333
14.55
12.6610169492
13.5333333333
14.4833333333
13.5833333333
14.1724137931
--END OF 2--
15.2333333333
13.6271186441
14.7
15.55
14.3666666667
14.0
13.9333333333
13.2372881356
13.5
13.65
13.9
16.05
15.55
15.3728813559
14.5333333333
14.1333333333
13.9
15.9
14.2542372881
13.6166666667
16.2166666667
16.5333333333
16.5833333333
17.4745762712
15.8
14.15
14.7333333333
16.4333333333
17.9833333333
18.0508474576
15.5833333333
16.75
14.9666666667
13.9
16.0
17.6166666667
14.6166666667
14.65
16.1666666667
15.9322033898
15.05
14.1
12.6333333333
13.95
14.8983050847
13.9166666667
14.8
14.9333333333
13.8833333333
16.2166666667
15.3220338983
18.0
15.2166666667
13.5666666667
15.75
14.4745762712
13.8333333333
15.5333333333
14.1333333333
15.1724137931
--END OF 3--
9.91666666667
9.91525423729
10.45
10.1
10.3166666667
9.48333333333
10.0
9.1186440678
9.85
10.05
10.3166666667
9.8
10.0
9.71186440678
9.45
9.88333333333
9.51666666667
9.56666666667
9.76271186441
9.35
10.45
10.1333333333
11.1166666667
9.8813559322
10.85
9.4
9.68333333333
10.2833333333
10.4333333333
10.2881355932
9.95
10.7
9.41666666667
10.0666666667
9.91525423729
10.0666666667
9.85
10.25
10.5833333333
9.83050847458
9.8
10.1
9.73333333333
10.7
9.13559322034
9.1
9.66666666667
10.6666666667
9.76666666667
9.95
10.9661016949
11.1833333333
10.0
9.95
11.8
8.84745762712
10.5833333333
10.6333333333
9.08333333333
9.84482758621
--END OF 4--
14.3666666667
12.4745762712
14.3833333333
14.4333333333
13.5833333333
12.4666666667
12.9833333333
12.1355932203
13.3
13.15
13.75
13.9
13.8
14.0
13.1666666667
13.6
13.9
14.4833333333
13.1186440678
12.8166666667
14.3166666667
14.7333333333
15.1833333333
13.6271186441
15.3
13.15
13.7833333333
15.4833333333
15.4833333333
16.0338983051
14.4833333333
14.2833333333
13.0833333333
13.5333333333
14.5593220339
15.15
13.8833333333
14.0333333333
15.3
14.3389830508
13.1
13.35
12.3833333333
13.75
13.1355932203
12.7166666667
13.95
14.4166666667
12.9833333333
14.4666666667
14.8813559322
16.0666666667
13.9
13.1833333333
14.55
12.6610169492
13.5333333333
14.4833333333
13.5833333333
14.1724137931
--END OF 5--
15.2333333333
13.6271186441
14.7
15.55
14.3666666667
14.0
13.9333333333
13.2372881356
13.5
13.65
13.9
16.05
15.55
15.3728813559
14.5333333333
14.1333333333
13.9
15.9
14.2542372881
13.6166666667
16.2166666667
16.5333333333
16.5833333333
17.4745762712
15.8
14.15
14.7333333333
16.4333333333
17.9833333333
18.0508474576
15.5833333333
16.75
14.9666666667
13.9
16.0
17.6166666667
14.6166666667
14.65
16.1666666667
15.9322033898
15.05
14.1
12.6333333333
13.95
14.8983050847
13.9166666667
14.8
14.9333333333
13.8833333333
16.2166666667
15.3220338983
18.0
15.2166666667
13.5666666667
15.75
14.4745762712
13.8333333333
15.5333333333
14.1333333333
15.1724137931
--END OF 6--
1966.2
2017.93220339
2053.25
1995.7
2070.65
1875.45
2004.1
1883.6440678
1922.1
2011.95
1981.35
1952.1
2177.7
1956.10169492
2002.7
1948.95
1940.2
1972.8
1958.84745763
1863.5
2017.35
1982.8
2158.3
1976.18644068
2191.5
1995.15
2044.95
2155.35
2169.15
2126.94915254
1989.45
2122.2
1977.75
1989.95
2045.28813559
2150.3
2066.85
1983.0
2068.85
1961.54237288
2026.95
2010.6
1878.6
2126.1
1976.33898305
1902.75
2011.7
2068.05
1979.05
2037.05
2136.76271186
2147.1
1885.15
1979.85
2217.55
1858.47457627
2052.9
2083.05
1962.3
1931.12068966
--END OF 7--
550.466666667
551.593220339
572.6
561.0
564.35
514.3
542.2
500.474576271
534.35
549.15
552.75
538.0
575.8
540.050847458
533.083333333
542.216666667
528.0
554.8
545.220338983
516.8
563.966666667
550.766666667
586.466666667
549.542372881
594.1
530.25
555.0
587.15
596.35
595.898305085
559.3
580.066666667
544.483333333
539.25
556.627118644
591.9
563.483333333
551.916666667
576.733333333
546.220338983
537.55
551.95
516.15
577.1
551.389830508
526.216666667
554.933333333
566.283333333
544.866666667
560.4
579.474576271
600.65
539.45
539.666666667
611.033333333
505.694915254
563.6
576.8
546.1
531.913793103
--END OF 8--
77.8
54.0338983051
74.2833333333
84.9
75.6333333333
60.8666666667
65.4833333333
67.186440678
69.25
61.95
75.3666666667
79.25
77.25
79.6779661017
81.9666666667
76.0666666667
82.5
87.25
66.2711864407
66.2
71.0833333333
80.8833333333
84.4833333333
77.0508474576
81.5
69.85
72.55
90.3
85.15
98.0338983051
83.95
77.75
68.5333333333
73.6166666667
83.3050847458
98.9166666667
85.15
72.0
89.5833333333
86.1525423729
69.7
73.85
61.9
73.85
69.1355932203
75.5
80.35
87.8
60.85
85.05
81.0169491525
91.3
82.7
65.7333333333
74.4666666667
68.4406779661
63.35
72.5
78.2
84.224137931
--END OF 9--
5.66666666667
4.22033898305
4.55
4.93333333333
3.2
5.58333333333
5.06666666667
4.30508474576
4.2
3.35
2.28333333333
7.7
5.85
8.4406779661
5.23333333333
2.58333333333
4.5
7.4
4.93220338983
3.93333333333
9.85
8.36666666667
5.51666666667
8.66101694915
4.3
5.5
6.65
6.55
11.5
11.2203389831
6.23333333333
8.01666666667
7.45
3.7
7.47457627119
8.2
3.41666666667
6.93333333333
6.46666666667
5.32203389831
5.8
3.65
2.3
3.1
6.23728813559
6.0
4.13333333333
3.86666666667
5.35
7.48333333333
4.27118644068
7.1
5.51666666667
2.93333333333
5.28333333333
8.72881355932
3.95
6.05
6.45
6.89655172414
--END OF 10--
0.566666666667
1.81355932203
0.5
0.983333333333
0.816666666667
1.65
1.41666666667
1.64406779661
0.4
0.6
0.0
3.0
2.95
2.08474576271
2.28333333333
0.716666666667
0.0
2.26666666667
1.16949152542
1.58333333333
3.26666666667
2.78333333333
2.45
6.57627118644
0.7
1.65
1.6
1.5
3.6
2.57627118644
1.0
2.86666666667
2.61666666667
0.233333333333
1.59322033898
3.98333333333
1.23333333333
1.06666666667
1.76666666667
1.8813559322
3.3
1.55
0.45
0.3
3.27118644068
1.66666666667
1.21666666667
0.483333333333
1.41666666667
2.2
0.64406779661
2.65
1.7
0.533333333333
1.11666666667
2.40677966102
0.5
2.0
0.75
1.27586206897
--END OF 11--
0.0
0.508474576271
0.166666666667
0.6
0.0
0.0
0.383333333333
0.627118644068
0.0
0.0
0.0
0.5
0.0
1.01694915254
0.516666666667
0.483333333333
0.0
0.0
0.0
0.516666666667
0.483333333333
0.0
0.0
0.457627118644
0.05
0.1
0.4
0.5
0.75
1.27118644068
0.283333333333
0.25
0.75
0.216666666667
0.64406779661
0.233333333333
0.0
0.0
0.0166666666667
0.491525423729
0.5
0.0
0.0
0.0
0.949152542373
0.566666666667
0.0
0.0
0.5
0.6
0.0
0.666666666667
0.333333333333
0.0
0.0
0.0
0.0
0.0
0.5
0.0
--END OF 12--
