19.5333333333
20.25
19.25
20.15
20.6166666667
20.85
19.1186440678
20.3333333333
19.8833333333
19.2166666667
19.7333333333
19.6833333333
18.8474576271
19.85
19.0333333333
18.95
20.85
19.9491525424
19.1166666667
19.2
19.15
19.2833333333
18.6166666667
19.3050847458
17.7666666667
19.2
19.7666666667
19.8166666667
19.6440677966
19.9666666667
19.4166666667
19.2666666667
20.8666666667
19.8
19.593220339
17.9833333333
18.2
17.7
19.15
18.6440677966
19.2666666667
19.0833333333
19.0166666667
19.25
19.0833333333
19.1694915254
18.75
19.0333333333
19.9
19.35
19.6779661017
19.5833333333
19.2833333333
19.8
20.2166666667
19.7833333333
18.9322033898
18.8
18.9666666667
19.4423076923
--END OF 1--
26.8333333333
27.8
28.45
27.4166666667
28.7
28.2166666667
27.5084745763
28.5833333333
26.9666666667
27.8666666667
26.2333333333
27.2166666667
26.2372881356
27.8666666667
24.9666666667
25.0666666667
27.0333333333
26.0508474576
25.0
26.2
26.8833333333
26.4
26.0666666667
28.0169491525
25.1833333333
25.4666666667
27.5333333333
26.7833333333
27.3050847458
28.65
27.3
26.9
27.6833333333
27.3833333333
27.2881355932
24.4833333333
26.45
25.15
26.9833333333
26.1355932203
25.5333333333
26.15
26.9333333333
27.2
26.6833333333
26.1016949153
25.25
26.2666666667
27.6166666667
26.55
26.1525423729
25.3333333333
25.5333333333
26.75
26.0166666667
26.2333333333
26.4406779661
24.7333333333
26.0166666667
28.6730769231
--END OF 2--
27.7833333333
28.5
30.15
29.9166666667
29.75
29.9333333333
28.2711864407
29.6
29.2666666667
29.0166666667
26.8833333333
29.0666666667
27.4576271186
30.1
26.4333333333
25.3833333333
28.6
28.1186440678
25.95
27.45
28.9166666667
28.4666666667
27.2666666667
28.8644067797
27.8666666667
28.4166666667
28.55
27.9333333333
28.1016949153
29.5833333333
28.1
27.7166666667
28.3333333333
27.9166666667
29.1694915254
24.6333333333
27.65
27.1
28.2833333333
27.0847457627
26.8166666667
27.1166666667
28.5
28.1166666667
27.8666666667
26.1694915254
26.0333333333
26.75
28.25
27.1666666667
27.2033898305
26.1333333333
26.6833333333
28.5
26.5166666667
26.4833333333
27.0847457627
25.35
27.2833333333
31.9038461538
--END OF 3--
19.0833333333
19.65
19.2
19.75
19.9833333333
20.1166666667
18.8474576271
19.7166666667
19.8333333333
19.0166666667
19.6833333333
19.6333333333
18.8474576271
19.7
18.9333333333
18.7833333333
19.85
19.6101694915
19.0
19.2
18.9
18.8833333333
18.5666666667
18.9661016949
17.7666666667
19.2
19.7666666667
19.6
19.1016949153
19.5833333333
19.1666666667
19.2
20.0833333333
19.6166666667
19.593220339
17.9833333333
18.1
17.7
19.0666666667
18.5423728814
19.1166666667
19.0833333333
18.9166666667
19.25
18.8333333333
19.0677966102
18.7
18.8666666667
19.6833333333
19.3
19.6779661017
19.3333333333
19.2833333333
19.5
19.6166666667
19.4833333333
18.9322033898
18.8
18.9666666667
19.3269230769
--END OF 4--
26.8333333333
27.8
28.15
27.4166666667
28.5833333333
28.0
27.5084745763
28.5666666667
26.9666666667
27.7166666667
26.2333333333
27.2166666667
26.2372881356
27.7666666667
24.9666666667
25.0666666667
27.0333333333
26.0508474576
25.0
26.2
26.8833333333
26.3833333333
26.0666666667
27.9491525424
25.1333333333
25.4666666667
27.4333333333
26.7833333333
27.3050847458
28.6333333333
27.3
26.9
27.6833333333
27.3833333333
27.2881355932
24.4833333333
26.45
25.15
26.9833333333
26.1355932203
25.5333333333
26.15
26.9333333333
27.2
26.6833333333
26.1016949153
25.25
26.2666666667
27.6166666667
26.55
26.1525423729
25.3333333333
25.5333333333
26.75
26.0166666667
26.2333333333
26.4406779661
24.7333333333
26.0166666667
28.5576923077
--END OF 5--
27.7833333333
28.5
30.15
29.9166666667
29.75
29.9333333333
28.2711864407
29.6
29.2666666667
29.0166666667
26.8833333333
29.0666666667
27.4576271186
30.1
26.4333333333
25.3833333333
28.6
28.1186440678
25.95
27.45
28.9166666667
28.4666666667
27.2666666667
28.8644067797
27.8666666667
28.4166666667
28.55
27.9333333333
28.1016949153
29.5833333333
28.1
27.7166666667
28.3333333333
27.9166666667
29.1694915254
24.6333333333
27.65
27.1
28.2833333333
27.0847457627
26.8166666667
27.1166666667
28.5
28.1166666667
27.8666666667
26.1694915254
26.0333333333
26.75
28.25
27.1666666667
27.2033898305
26.1333333333
26.6833333333
28.5
26.5166666667
26.4833333333
27.0847457627
25.35
27.2833333333
31.9038461538
--END OF 6--
3786.2
3730.05
3843.0
3721.7
3776.8
3813.45
3593.18644068
3851.85
3644.1
3551.5
3625.95
3636.95
3508.57627119
3743.2
3586.8
3467.05
3748.4
3631.27118644
3699.95
3562.2
3709.4
3690.55
3674.1
3730.27118644
3529.15
3547.75
3724.05
3661.3
3708.0
3703.2
3697.15
3604.45
3806.3
3672.6
3649.27118644
3437.1
3637.8
3501.6
3728.6
3616.06779661
3625.65
3679.45
3628.0
3648.15
3633.65
3674.74576271
3654.55
3535.4
3669.55
3657.9
3547.01694915
3574.35
3541.65
3645.45
3719.85
3713.85
3611.54237288
3656.95
3596.35
3766.55769231
--END OF 7--
1054.63333333
1058.95
1053.3
1037.35
1068.48333333
1055.66666667
1013.69491525
1073.61666667
1015.68333333
992.683333333
1020.56666667
1026.55
992.86440678
1047.63333333
1019.2
986.25
1059.06666667
1029.06779661
999.6
994.0
1019.66666667
1022.93333333
1014.1
1047.79661017
971.166666667
983.633333333
1043.63333333
1021.46666667
1036.50847458
1040.41666667
999.95
1004.36666667
1056.33333333
1014.23333333
1009.20338983
947.05
994.4
966.1
1030.86666667
1013.86440678
1004.7
1017.15
1002.83333333
1000.45
1014.2
1014.23728814
976.083333333
988.933333333
1021.33333333
1014.75
989.711864407
987.05
976.05
1035.05
1049.8
1034.35
1003.23728814
1005.06666667
997.3
1042.51923077
--END OF 8--
154.85
171.85
174.85
164.8
164.05
164.25
163.322033898
164.316666667
159.833333333
176.9
142.866666667
147.75
145.474576271
152.433333333
132.25
130.016666667
145.083333333
145.779661017
130.516666667
164.05
167.45
165.983333333
149.3
165.169491525
145.0
149.033333333
159.45
149.3
165.203389831
177.533333333
157.75
149.116666667
149.566666667
155.333333333
163.406779661
143.15
169.4
147.1
158.083333333
149.440677966
140.1
153.05
169.783333333
148.316666667
157.15
141.576271186
141.133333333
136.483333333
166.816666667
147.7
153.237288136
149.6
137.7
150.25
146.05
133.85
148.508474576
133.016666667
152.3
167.980769231
--END OF 9--
6.36666666667
4.0
10.7
9.18333333333
7.16666666667
9.45
9.57627118644
7.9
8.56666666667
11.3833333333
4.73333333333
6.66666666667
9.76271186441
13.3
6.55
6.95
7.6
6.45762711864
6.6
4.8
8.46666666667
6.9
7.9
8.4406779661
9.88333333333
7.43333333333
4.85
7.06666666667
7.84745762712
5.73333333333
8.88333333333
7.21666666667
5.45
6.35
9.22033898305
5.8
7.0
10.8
9.75
7.22033898305
7.41666666667
5.58333333333
9.43333333333
7.75
7.73333333333
6.62711864407
5.23333333333
5.78333333333
4.61666666667
6.23333333333
4.4406779661
1.85
4.95
7.65
3.1
4.65
5.23728813559
5.35
7.55
15.5192307692
--END OF 10--
1.48333333333
1.0
2.5
3.45
1.81666666667
1.66666666667
0.881355932203
1.35
3.31666666667
1.51666666667
0.45
2.11666666667
2.23728813559
2.61666666667
1.9
0.75
2.48333333333
2.89830508475
1.4
1.65
3.3
2.13333333333
2.2
1.49152542373
3.58333333333
3.71666666667
1.53333333333
1.21666666667
0.779661016949
1.75
1.33333333333
0.983333333333
0.666666666667
1.01666666667
2.8813559322
0.25
1.9
2.85
1.75
1.25423728814
1.63333333333
0.916666666667
2.71666666667
1.1
1.81666666667
0.118644067797
0.9
1.11666666667
1.36666666667
1.01666666667
1.52542372881
0.95
1.35
1.95
0.9
0.4
0.491525423729
0.466666666667
1.48333333333
5.05769230769
--END OF 11--
0.483333333333
0.5
0.25
0.583333333333
0.0
0.5
0.0
0.0
0.433333333333
0.333333333333
0.0
0.933333333333
0.0677966101695
0.866666666667
0.133333333333
0.0
0.266666666667
0.593220338983
0.15
0.6
1.3
1.3
0.5
0.135593220339
0.65
1.21666666667
0.3
0.4
0.271186440678
0.3
0.0
0.0
0.0
0.0
0.508474576271
0.0
0.15
0.85
0.233333333333
0.0
0.383333333333
0.9
0.216666666667
0.0
0.333333333333
0.0
0.0
0.0
0.166666666667
0.0
0.0
0.95
0.05
1.5
0.0
0.0
0.0
0.0
0.383333333333
0.403846153846
--END OF 12--
