13.7
13.2711864407
14.8166666667
13.6166666667
13.4666666667
13.1
13.1
13.9661016949
14.1166666667
13.9
13.1833333333
14.2833333333
12.9333333333
13.6101694915
14.5
14.55
13.55
14.6333333333
13.8474576271
13.5166666667
13.35
13.9666666667
14.1833333333
13.7457627119
13.9333333333
13.8333333333
13.5666666667
13.7166666667
14.2833333333
13.2881355932
13.75
13.0
13.9666666667
13.65
12.6779661017
13.15
15.1833333333
14.15
14.3333333333
13.5593220339
13.6333333333
14.4166666667
14.6333333333
14.2166666667
15.4915254237
14.05
14.1666666667
14.0666666667
13.4166666667
14.3559322034
14.1
14.5
13.9833333333
13.85
14.0166666667
13.2881355932
12.9333333333
14.7833333333
14.9
13.649122807
--END OF 1--
18.1
19.4406779661
19.9166666667
18.4
18.85
17.5
19.5666666667
18.6440677966
20.3833333333
20.1
19.7333333333
18.4833333333
17.1833333333
18.5254237288
20.0166666667
19.7333333333
19.3833333333
20.65
19.1694915254
18.8666666667
18.7833333333
20.2166666667
18.9833333333
18.4915254237
19.8333333333
19.4333333333
19.0166666667
20.5166666667
20.1166666667
19.3559322034
20.0
18.6666666667
18.7833333333
18.5333333333
17.5254237288
18.5166666667
21.1166666667
19.2166666667
20.2
18.4576271186
19.4333333333
21.9666666667
20.4333333333
18.9166666667
21.0847457627
20.1
20.1333333333
19.7
18.2166666667
18.0338983051
20.1833333333
20.2166666667
20.4166666667
18.2666666667
19.45
18.4745762712
18.5833333333
19.6833333333
20.85
19.5964912281
--END OF 2--
18.7
20.0847457627
20.9333333333
19.3666666667
19.0833333333
17.9666666667
20.4
18.9491525424
21.0333333333
20.35
21.0333333333
18.7333333333
18.6333333333
18.7118644068
20.5833333333
19.7833333333
19.6166666667
20.9166666667
19.5762711864
19.2333333333
19.2666666667
20.6166666667
19.6333333333
19.4576271186
21.0333333333
21.5333333333
20.6666666667
21.2666666667
20.6333333333
20.0
20.15
20.25
19.0833333333
19.9166666667
18.7457627119
18.85
21.7833333333
20.2166666667
21.1833333333
19.0
19.8833333333
22.75
21.2333333333
19.3166666667
21.5254237288
21.1
20.9
20.2833333333
18.7333333333
18.5593220339
21.0666666667
20.3333333333
20.55
19.8166666667
21.0166666667
19.1694915254
19.0333333333
20.4833333333
22.25
19.9122807018
--END OF 3--
13.7
13.2711864407
14.8166666667
13.6166666667
13.4666666667
13.1
13.1
13.9661016949
14.1166666667
13.9
13.1833333333
14.2833333333
12.9333333333
13.6101694915
14.5
14.55
13.55
14.6333333333
13.8474576271
13.5166666667
13.35
13.9666666667
14.1833333333
13.7457627119
13.9333333333
13.8333333333
13.5666666667
13.7166666667
14.2833333333
13.2881355932
13.75
13.0
13.9666666667
13.65
12.6779661017
13.15
15.1833333333
14.15
14.3333333333
13.5593220339
13.6333333333
14.4166666667
14.6333333333
14.2166666667
15.4915254237
14.05
14.1666666667
14.0666666667
13.4166666667
14.3559322034
14.1
14.5
13.9833333333
13.85
14.0166666667
13.2881355932
12.9333333333
14.7833333333
14.9
13.649122807
--END OF 4--
18.1
19.4406779661
19.9166666667
18.4
18.85
17.5
19.5666666667
18.6440677966
20.3833333333
20.1
19.7333333333
18.4833333333
17.1833333333
18.5254237288
20.0166666667
19.7333333333
19.3833333333
20.65
19.1694915254
18.8666666667
18.7833333333
20.2166666667
18.9833333333
18.4915254237
19.8333333333
19.4333333333
19.0166666667
20.5166666667
20.1166666667
19.3559322034
20.0
18.6666666667
18.7833333333
18.5333333333
17.5254237288
18.5166666667
21.1166666667
19.2166666667
20.2
18.4576271186
19.4333333333
21.9666666667
20.4333333333
18.9166666667
21.0847457627
20.1
20.1333333333
19.7
18.2166666667
18.0338983051
20.1833333333
20.2166666667
20.4166666667
18.2666666667
19.45
18.4745762712
18.5833333333
19.6833333333
20.85
19.5964912281
--END OF 5--
18.7
20.0847457627
20.9333333333
19.3666666667
19.0833333333
17.9666666667
20.4
18.9491525424
21.0333333333
20.35
21.0333333333
18.7333333333
18.6333333333
18.7118644068
20.5833333333
19.7833333333
19.6166666667
20.9166666667
19.5762711864
19.2333333333
19.2666666667
20.6166666667
19.6333333333
19.4576271186
21.0333333333
21.5333333333
20.6666666667
21.2666666667
20.6333333333
20.0
20.15
20.25
19.0833333333
19.9166666667
18.7457627119
18.85
21.7833333333
20.2166666667
21.1833333333
19.0
19.8833333333
22.75
21.2333333333
19.3166666667
21.5254237288
21.1
20.9
20.2833333333
18.7333333333
18.5593220339
21.0666666667
20.3333333333
20.55
19.8166666667
21.0166666667
19.1694915254
19.0333333333
20.4833333333
22.25
19.9122807018
--END OF 6--
2582.9
2520.3559322
2732.2
2501.35
2577.7
2476.15
2581.15
2618.54237288
2642.15
2670.0
2611.8
2722.2
2531.25
2698.37288136
2701.85
2707.9
2633.75
2739.8
2570.33898305
2576.25
2653.7
2708.75
2604.4
2604.55932203
2637.75
2659.95
2538.3
2638.35
2573.4
2598.3559322
2535.85
2554.95
2639.05
2543.3
2435.18644068
2534.35
2783.65
2604.5
2819.45
2569.27118644
2636.85
2825.95
2746.5
2730.9
2943.76271186
2665.6
2685.8
2595.15
2515.2
2654.13559322
2714.85
2743.2
2720.15
2567.2
2721.7
2545.62711864
2562.45
2662.5
2836.5
2633.78947368
--END OF 7--
713.666666667
721.152542373
765.616666667
708.4
729.016666667
697.3
724.7
727.694915254
747.016666667
743.1
728.8
751.5
701.1
749.728813559
765.433333333
760.3
725.533333333
763.1
721.694915254
713.833333333
728.45
758.133333333
735.133333333
721.644067797
727.55
754.8
710.5
749.9
736.233333333
735.254237288
714.95
717.166666667
737.833333333
721.516666667
692.86440678
713.0
788.6
732.466666667
772.75
702.322033898
721.65
786.033333333
770.05
747.75
822.423728814
749.983333333
761.483333333
726.15
705.833333333
734.016949153
765.383333333
776.2
766.983333333
709.333333333
747.766666667
714.745762712
706.35
767.45
781.15
750.49122807
--END OF 8--
105.116666667
117.847457627
116.4
111.166666667
110.233333333
104.75
113.65
112.796610169
120.883333333
115.5
118.85
103.0
101.55
111.542372881
128.016666667
121.3
116.816666667
123.25
109.593220339
110.383333333
106.266666667
107.833333333
104.266666667
87.4237288136
115.05
118.95
120.75
125.0
125.066666667
112.728813559
131.4
124.083333333
108.133333333
108.866666667
98.3389830508
100.366666667
114.7
98.2833333333
122.233333333
115.847457627
107.05
133.616666667
129.75
102.45
120.203389831
118.583333333
123.416666667
111.133333333
100.633333333
101.0
125.883333333
116.183333333
118.166666667
102.966666667
112.433333333
109.050847458
113.55
115.15
135.45
118.368421053
--END OF 9--
2.18333333333
4.69491525424
4.7
4.3
3.16666666667
3.3
7.05
3.32203389831
6.45
4.8
9.95
1.9
6.25
2.72881355932
4.21666666667
3.25
4.31666666667
6.75
5.52542372881
3.58333333333
5.3
6.21666666667
3.78333333333
6.01694915254
9.5
6.5
5.55
8.0
6.08333333333
6.49152542373
4.56666666667
6.63333333333
2.23333333333
5.75
7.5593220339
4.33333333333
4.08333333333
5.96666666667
4.11666666667
4.74576271186
6.75
8.28333333333
5.0
4.1
5.15254237288
6.93333333333
5.3
7.23333333333
5.2
2.18644067797
4.5
3.85
7.65
8.28333333333
8.33333333333
2.69491525424
2.45
4.3
5.6
5.85964912281
--END OF 10--
0.5
0.745762711864
1.76666666667
1.18333333333
0.316666666667
0.116666666667
0.883333333333
0.559322033898
0.933333333333
0.35
1.9
0.5
2.4
0.186440677966
0.75
0.166666666667
0.366666666667
0.633333333333
0.0677966101695
0.5
0.433333333333
0.5
1.0
1.32203389831
1.7
1.95
2.85
0.7
0.966666666667
1.08474576271
0.0
1.73333333333
0.383333333333
2.36666666667
1.16949152542
0.533333333333
0.95
1.15
1.06666666667
0.542372881356
0.9
1.26666666667
1.1
0.7
0.71186440678
1.91666666667
1.08333333333
0.733333333333
0.766666666667
0.881355932203
1.13333333333
0.0
0.0166666666667
2.03333333333
2.41666666667
1.05084745763
0.9
1.1
1.75
0.491228070175
--END OF 11--
0.0
0.423728813559
0.0833333333333
0.0
0.0
0.0
0.5
0.0
0.0
0.1
0.4
0.0
0.0
0.0
0.0
0.0
0.0
0.0
0.0
0.0
0.0
0.0
0.5
0.508474576271
0.5
1.45
0.05
0.0
0.0
0.0
0.0
1.0
0.0
0.0
0.0
0.0
0.116666666667
0.883333333333
0.0
0.0
0.0
0.0
0.0
0.0
0.0
0.0
0.0
0.5
0.0
0.508474576271
0.0
0.0
0.0
0.5
0.466666666667
0.0338983050847
0.0
0.0
0.5
0.0
--END OF 12--
