21.65
22.7833333333
21.8833333333
22.5666666667
22.3050847458
24.1666666667
22.0
22.3333333333
22.1166666667
23.8166666667
22.5762711864
20.95
22.9333333333
22.25
23.5333333333
22.6333333333
22.4406779661
22.85
23.6666666667
23.6833333333
22.4
23.3833333333
21.7627118644
22.2
22.6833333333
21.9166666667
22.0833333333
23.2203389831
22.9333333333
22.6833333333
22.2666666667
21.95
22.7166666667
22.5254237288
22.3166666667
22.8333333333
22.45
23.45
22.5423728814
23.15
22.5166666667
22.95
22.2166666667
21.5333333333
23.8474576271
23.15
22.7833333333
24.0
23.3833333333
21.3898305085
22.4166666667
23.0333333333
23.05
24.1
22.3166666667
22.593220339
23.0166666667
22.6666666667
22.5833333333
21.5263157895
--END OF 1--
29.5
29.65
30.75
30.4333333333
31.4915254237
31.5833333333
31.7166666667
31.55
30.9666666667
31.7666666667
31.0847457627
30.0
31.95
30.9
31.8333333333
30.25
32.9830508475
32.8166666667
33.1166666667
32.8166666667
31.1166666667
32.7
31.4237288136
31.8
31.2333333333
30.95
30.6333333333
32.5423728814
32.15
31.1833333333
31.1
31.6833333333
31.3166666667
31.5254237288
31.5666666667
32.0333333333
31.05
30.45
30.6610169492
32.6
30.8166666667
30.5166666667
30.7833333333
32.6333333333
32.813559322
32.25
32.3333333333
33.25
32.1333333333
29.4406779661
31.7833333333
33.9666666667
34.1833333333
34.0833333333
30.9
31.0169491525
32.1666666667
32.6333333333
32.6666666667
29.8596491228
--END OF 2--
30.9333333333
30.5333333333
33.0833333333
31.4666666667
32.4745762712
33.0833333333
31.9666666667
32.35
32.4333333333
33.25
31.2372881356
31.0
34.0
31.35
32.5833333333
31.2166666667
33.8474576271
34.1166666667
34.3833333333
34.05
32.0
35.85
32.4745762712
32.5
32.7333333333
31.9166666667
31.6333333333
33.5423728814
33.35
31.5833333333
32.05
33.0666666667
32.6666666667
32.5084745763
33.1333333333
33.3166666667
31.9833333333
31.1666666667
31.813559322
33.95
31.8333333333
31.55
32.0666666667
33.5666666667
33.3389830508
32.6166666667
33.65
35.5166666667
32.2833333333
30.186440678
32.8166666667
35.35
34.8333333333
35.45
32.2833333333
31.6779661017
33.3666666667
34.3166666667
33.9333333333
30.8245614035
--END OF 3--
20.8166666667
21.5666666667
20.8666666667
21.5666666667
21.3050847458
22.3166666667
21.0
21.3333333333
21.0833333333
22.15
21.3898305085
20.35
21.6166666667
21.05
21.9333333333
21.3833333333
21.2542372881
21.75
22.0166666667
22.05
21.3333333333
21.9333333333
20.813559322
20.9833333333
21.2333333333
20.6833333333
20.9166666667
21.5084745763
21.3333333333
21.6833333333
21.2666666667
20.95
21.2166666667
21.2372881356
21.1166666667
21.6333333333
21.35
21.95
21.2711864407
21.6666666667
21.35
21.3666666667
20.8666666667
20.4666666667
22.0338983051
21.65
21.1333333333
22.25
21.9333333333
20.593220339
21.3333333333
21.7333333333
21.8666666667
22.25
21.05
21.2372881356
21.6166666667
21.45
21.4833333333
20.6666666667
--END OF 4--
29.35
29.35
30.2166666667
29.9166666667
30.6101694915
30.6833333333
30.6833333333
30.5666666667
30.25
30.9166666667
30.3389830508
29.5
30.9166666667
30.2
30.8833333333
29.8166666667
31.5254237288
31.5333333333
31.7166666667
31.45
30.3666666667
31.3
30.5254237288
30.6166666667
30.2
30.0
29.8833333333
31.1525423729
30.8833333333
30.3833333333
30.3
30.6666666667
30.3666666667
30.5254237288
30.4166666667
30.95
30.25
29.85
30.1186440678
31.3
30.1666666667
29.9333333333
30.1166666667
31.1833333333
31.3898305085
30.9666666667
30.85
31.6333333333
31.1833333333
29.2033898305
30.8166666667
32.1833333333
32.2833333333
32.0666666667
30.0666666667
30.2203389831
30.8666666667
31.2333333333
31.2166666667
29.5438596491
--END OF 5--
30.9333333333
30.5333333333
33.0833333333
31.4666666667
32.4745762712
33.0833333333
31.9666666667
32.35
32.4333333333
33.25
31.2372881356
31.0
34.0
31.35
32.5833333333
31.2166666667
33.8474576271
34.1166666667
34.3833333333
34.05
32.0
35.85
32.4745762712
32.5
32.7333333333
31.9166666667
31.6333333333
33.5423728814
33.35
31.5833333333
32.05
33.0666666667
32.6666666667
32.5084745763
33.1333333333
33.3166666667
31.9833333333
31.1666666667
31.813559322
33.95
31.8333333333
31.55
32.0666666667
33.5666666667
33.3389830508
32.6166666667
33.65
35.5166666667
32.2833333333
30.186440678
32.8166666667
35.35
34.8333333333
35.45
32.2833333333
31.6779661017
33.3666666667
34.3166666667
33.9333333333
30.8245614035
--END OF 6--
4099.95
4149.75
3988.95
3975.45
4105.57627119
4397.6
4053.5
4108.1
4081.45
4249.45
4080.86440678
4027.65
4194.3
4118.55
4331.85
4089.1
4198.88135593
4162.55
4396.2
4342.8
4096.35
4262.0
3978.45762712
4300.3
4290.4
4198.9
4216.1
4359.50847458
4309.85
4271.4
4144.1
4171.6
4269.3
4179.86440678
4209.2
4291.45
4099.25
4177.75
4098.20338983
4343.95
4162.95
4176.6
4100.0
4139.8
4346.79661017
4344.85
4312.95
4398.55
4499.85
3971.89830508
4098.8
4303.1
4336.75
4529.75
4268.9
4284.05084746
4281.5
4204.25
4245.8
4008.78947368
--END OF 7--
1138.6
1154.36666667
1122.26666667
1131.23333333
1144.61016949
1206.11666667
1133.8
1144.91666667
1133.28333333
1193.8
1163.22033898
1105.7
1172.58333333
1155.95
1210.35
1140.46666667
1176.05084746
1174.38333333
1235.11666667
1215.81666667
1153.61666667
1186.56666667
1117.47457627
1197.1
1190.8
1173.56666667
1156.13333333
1214.52542373
1205.45
1179.65
1146.5
1165.85
1203.75
1192.77966102
1187.16666667
1190.21666667
1161.53333333
1181.9
1147.27118644
1197.7
1167.26666667
1191.3
1154.43333333
1159.05
1207.49152542
1209.65
1209.71666667
1211.63333333
1205.95
1098.69491525
1154.26666667
1208.93333333
1210.5
1259.13333333
1170.75
1185.89830508
1196.98333333
1189.5
1195.81666667
1119.10526316
--END OF 8--
165.416666667
158.85
197.133333333
173.85
180.050847458
176.45
200.583333333
186.466666667
181.466666667
179.916666667
175.644067797
175.5
192.616666667
186.35
189.8
185.416666667
207.016949153
206.083333333
201.5
202.2
196.95
202.383333333
199.745762712
201.1
173.516666667
180.416666667
193.233333333
209.86440678
197.333333333
175.35
178.616666667
189.0
177.1
190.915254237
195.783333333
191.35
177.75
177.233333333
179.677966102
210.483333333
169.8
175.35
183.983333333
206.283333333
202.084745763
176.366666667
201.033333333
208.083333333
188.6
172.644067797
197.6
207.033333333
213.833333333
190.7
184.45
172.694915254
197.416666667
209.5
202.683333333
170.947368421
--END OF 9--
8.55
3.83333333333
9.86666666667
7.26666666667
10.2542372881
5.63333333333
7.9
6.68333333333
9.46666666667
9.33333333333
6.05084745763
8.4
9.31666666667
3.95
4.15
5.16666666667
9.94915254237
9.66666666667
6.76666666667
8.45
4.25
12.4333333333
8.16949152542
8.26666666667
10.9833333333
5.88333333333
7.21666666667
6.96610169492
7.73333333333
4.25
8.13333333333
10.7666666667
7.5
5.5593220339
8.48333333333
7.95
7.06666666667
2.76666666667
7.23728813559
9.41666666667
6.7
3.66666666667
9.83333333333
11.2333333333
6.25423728814
9.08333333333
7.6
9.71666666667
5.85
6.86440677966
6.26666666667
11.0
8.01666666667
10.65
5.18333333333
8.47457627119
7.81666666667
8.73333333333
8.25
7.26315789474
--END OF 10--
2.15
1.36666666667
3.23333333333
1.65
1.61016949153
1.0
0.366666666667
0.983333333333
2.2
2.63333333333
0.28813559322
1.45
2.36666666667
0.95
1.05
1.7
0.949152542373
2.05
1.53333333333
2.01666666667
0.783333333333
3.98333333333
1.32203389831
1.03333333333
2.16666666667
1.51666666667
1.13333333333
1.54237288136
1.45
0.85
1.53333333333
1.85
2.0
1.45762711864
2.46666666667
1.91666666667
1.45
0.633333333333
1.01694915254
0.466666666667
1.61666666667
1.58333333333
1.43333333333
1.23333333333
0.745762711864
0.5
1.55
2.86666666667
0.25
1.03389830508
1.05
1.85
1.1
0.9
1.86666666667
0.593220338983
1.73333333333
2.26666666667
1.56666666667
0.964912280702
--END OF 11--
0.0
1.0
0.366666666667
0.0333333333333
0.474576271186
0.5
0.0
0.6
0.5
0.233333333333
0.0
0.0
0.983333333333
0.25
0.0
0.35
0.0169491525424
0.283333333333
0.116666666667
0.0
0.0
0.0
0.0
0.0
0.466666666667
0.533333333333
0.0
0.0
0.0
0.0
0.316666666667
0.15
0.5
0.508474576271
0.4
0.0
0.5
0.0
0.508474576271
0.466666666667
0.25
0.283333333333
0.0
0.0
0.0338983050847
0.2
0.15
1.61666666667
0.0
0.0
0.0
0.85
0.533333333333
0.05
0.466666666667
0.0
0.416666666667
0.366666666667
0.1
0.0
--END OF 12--
