23.9666666667
22.55
24.0
23.3166666667
23.3389830508
23.7166666667
21.7833333333
23.8
23.1833333333
24.0
24.4406779661
22.9
22.8333333333
24.0166666667
23.15
24.75
23.5593220339
22.9
22.8166666667
22.9333333333
22.1833333333
21.5
22.6610169492
22.2
22.7833333333
22.65
21.95
22.65
23.7966101695
23.9
23.0
22.5
22.3333333333
23.0
20.9166666667
21.8833333333
22.4
21.7833333333
22.8333333333
22.7118644068
22.65
22.3666666667
22.1833333333
22.1333333333
22.7
21.2542372881
21.9166666667
23.7666666667
23.6833333333
24.6166666667
23.0677966102
22.0666666667
22.2333333333
23.6666666667
22.6333333333
22.5
22.6779661017
21.65
21.9166666667
23.8421052632
--END OF 1--
33.1333333333
31.4333333333
32.2333333333
33.4
34.406779661
32.8
31.9666666667
32.6666666667
30.9166666667
33.2333333333
33.4237288136
33.3
32.55
33.85
33.0666666667
33.6333333333
32.813559322
32.7666666667
32.4166666667
31.7833333333
31.2166666667
30.2833333333
30.7457627119
30.2166666667
32.4
31.3166666667
30.3833333333
30.95
33.3559322034
31.5
31.85
32.3
30.6
32.5084745763
30.75
31.45
32.0333333333
30.4666666667
32.0
31.3728813559
32.5
32.1
30.25
31.15
32.4
30.2711864407
31.5333333333
33.4833333333
32.3833333333
33.0666666667
31.0847457627
30.9833333333
31.3166666667
31.8833333333
32.8166666667
32.5666666667
33.8813559322
30.2166666667
31.0333333333
34.2456140351
--END OF 2--
33.35
31.6833333333
33.7833333333
34.3
35.8983050847
33.2166666667
33.15
33.65
31.4833333333
33.9833333333
34.4745762712
34.2166666667
34.4333333333
34.9333333333
34.85
34.8166666667
34.0508474576
34.0333333333
34.0666666667
32.1
32.2333333333
31.4
31.5762711864
30.8666666667
32.9666666667
32.2666666667
31.6833333333
31.5166666667
34.3728813559
33.5
32.35
33.45
31.3166666667
33.3050847458
31.9333333333
32.1666666667
32.8666666667
31.4333333333
33.2
32.3559322034
33.45
33.55
30.75
31.7666666667
33.9
31.0
31.9833333333
34.4
33.8333333333
34.15
31.593220339
31.5166666667
31.6666666667
33.4333333333
33.0
33.5333333333
35.0
31.5
31.95
34.7719298246
--END OF 3--
22.15
21.55
22.1833333333
21.9166666667
21.9152542373
22.0166666667
20.85
22.1166666667
21.8833333333
22.1166666667
22.4406779661
21.5333333333
21.3833333333
22.3166666667
21.6666666667
22.5666666667
22.1525423729
21.55
21.8166666667
21.5833333333
21.1833333333
20.5
21.2881355932
21.1
21.3666666667
21.1833333333
20.8833333333
21.3833333333
22.1525423729
22.35
21.7
21.4333333333
21.2833333333
21.593220339
19.9333333333
20.8333333333
21.2
20.7
21.5166666667
21.5593220339
21.3666666667
21.15
20.85
20.9666666667
21.55
20.3050847458
20.95
22.15
22.0833333333
22.4833333333
21.813559322
20.95
21.2333333333
22.0166666667
21.5
21.45
21.1525423729
20.65
20.75
22.1052631579
--END OF 4--
31.8166666667
30.6166666667
31.2
31.6666666667
32.4576271186
31.6666666667
31.05
31.4333333333
30.2833333333
31.6333333333
31.9830508475
31.7
30.9666666667
32.05
31.55
32.0
31.5084745763
31.3833333333
31.2166666667
30.85
30.3333333333
29.5833333333
29.9830508475
29.6833333333
31.1666666667
30.2
29.7833333333
30.3166666667
31.9491525424
30.75
30.85
31.0666666667
30.15
31.2542372881
29.9833333333
30.45
31.0333333333
30.0166666667
31.0
30.4745762712
31.1
30.7166666667
29.6833333333
30.1
31.0166666667
29.9322033898
30.7666666667
31.9166666667
31.1333333333
31.6833333333
30.2881355932
30.35
30.5666666667
30.8333333333
31.4166666667
31.4
31.8474576271
29.6333333333
30.0166666667
32.2280701754
--END OF 5--
33.35
31.6833333333
33.7833333333
34.3
35.8983050847
33.2166666667
33.15
33.65
31.4833333333
33.9833333333
34.4745762712
34.2166666667
34.4333333333
34.9333333333
34.85
34.8166666667
34.0508474576
34.0333333333
34.0666666667
32.1
32.2333333333
31.4
31.5762711864
30.8666666667
32.9666666667
32.2666666667
31.6833333333
31.5166666667
34.3728813559
33.5
32.35
33.45
31.3166666667
33.3050847458
31.9333333333
32.1666666667
32.8666666667
31.4333333333
33.2
32.3559322034
33.45
33.55
30.75
31.7666666667
33.9
31.0
31.9833333333
34.4
33.8333333333
34.15
31.593220339
31.5166666667
31.6666666667
33.4333333333
33.0
33.5333333333
35.0
31.5
31.95
34.7719298246
--END OF 6--
4321.9
4236.2
4286.1
4267.25
4283.89830508
4248.9
4132.35
4250.0
4190.85
4419.1
4434.86440678
4248.2
4386.7
4413.3
4396.3
4421.5
4373.54237288
4292.65
4117.25
4314.5
4160.25
4025.75
4179.05084746
4071.4
4157.25
4208.55
4129.35
4139.25
4252.6779661
4314.45
4196.7
4224.4
4128.85
4255.06779661
4047.95
4105.3
4145.1
4089.3
4348.15
4316.59322034
4267.15
4354.6
4091.7
4201.6
4199.75
4068.20338983
4187.15
4333.85
4408.05
4437.45
4168.77966102
4225.35
4039.4
4188.2
4207.4
4181.0
4345.6779661
4162.7
4175.4
4374.10526316
--END OF 7--
1217.15
1170.68333333
1213.41666667
1192.3
1202.76271186
1198.41666667
1137.11666667
1199.76666667
1159.28333333
1233.78333333
1238.74576271
1201.96666667
1205.91666667
1222.18333333
1205.76666667
1240.31666667
1214.91525424
1186.6
1156.56666667
1186.36666667
1157.55
1137.25
1174.98305085
1148.9
1167.83333333
1184.4
1156.73333333
1152.81666667
1195.81355932
1199.2
1186.15
1165.8
1146.75
1188.94915254
1117.4
1145.15
1175.78333333
1150.18333333
1192.06666667
1174.88135593
1184.1
1203.41666667
1156.18333333
1190.96666667
1185.56666667
1113.40677966
1152.41666667
1228.71666667
1217.5
1247.35
1169.50847458
1150.5
1133.4
1187.48333333
1179.1
1185.55
1216.76271186
1141.8
1155.3
1225.0877193
--END OF 8--
185.4
188.383333333
174.583333333
213.966666667
216.661016949
195.716666667
197.166666667
192.233333333
181.85
192.866666667
198.915254237
200.566666667
206.133333333
209.516666667
203.816666667
207.3
187.610169492
207.316666667
194.283333333
181.583333333
180.533333333
182.2
183.796610169
169.383333333
198.516666667
187.083333333
193.5
194.583333333
209.898305085
168.25
174.15
189.016666667
172.35
200.508474576
193.716666667
182.35
192.05
189.866666667
195.733333333
190.050847458
202.216666667
189.9
171.866666667
176.033333333
206.55
203.525423729
194.783333333
200.683333333
192.8
189.866666667
173.694915254
181.9
178.816666667
187.633333333
210.666666667
193.383333333
207.644067797
199.5
195.95
226.947368421
--END OF 9--
6.56666666667
6.45
5.75
6.08333333333
12.3559322034
6.68333333333
9.56666666667
6.6
5.2
5.6
6.57627118644
8.41666666667
8.01666666667
8.05
9.08333333333
6.15
10.2033898305
7.5
9.33333333333
8.18333333333
9.26666666667
9.08333333333
6.06779661017
5.16666666667
7.61666666667
7.18333333333
4.55
3.48333333333
6.1186440678
6.6
6.4
12.5666666667
5.2
8.81355932203
5.26666666667
9.58333333333
6.81666666667
4.61666666667
7.18333333333
7.59322033898
7.96666666667
9.93333333333
6.46666666667
4.93333333333
7.41666666667
5.05084745763
7.0
6.26666666667
7.8
5.65
6.40677966102
6.91666666667
9.2
8.41666666667
5.76666666667
6.63333333333
12.186440678
7.63333333333
5.51666666667
5.57894736842
--END OF 10--
0.266666666667
0.0
1.45
1.33333333333
1.67796610169
0.766666666667
1.86666666667
1.36666666667
0.5
0.783333333333
1.64406779661
1.26666666667
2.8
1.3
2.48333333333
1.81666666667
1.4406779661
1.9
2.31666666667
0.766666666667
1.43333333333
1.18333333333
1.0
0.816666666667
0.916666666667
1.03333333333
1.73333333333
0.933333333333
1.45762711864
2.8
1.35
1.78333333333
0.483333333333
1.01694915254
1.83333333333
0.616666666667
1.11666666667
1.88333333333
1.28333333333
1.98305084746
1.81666666667
1.98333333333
0.133333333333
0.716666666667
2.56666666667
1.27118644068
0.916666666667
0.883333333333
2.4
1.25
0.762711864407
0.383333333333
0.8
2.21666666667
0.166666666667
1.2
1.50847457627
2.51666666667
1.41666666667
0.701754385965
--END OF 11--
0.0
0.0
0.533333333333
0.0
0.0
0.0
0.166666666667
0.166666666667
0.0
0.166666666667
0.508474576271
0.3
0.8
0.2
0.2
0.183333333333
0.593220338983
0.266666666667
0.5
0.0
0.483333333333
0.0166666666667
0.0
0.0
0.2
0.0
0.2
0.0
0.813559322034
0.7
0.0
0.75
0.0166666666667
0.457627118644
0.55
0.0
0.5
0.0
0.0
0.0
0.233333333333
0.0
0.0
0.0
0.0
0.254237288136
0.25
0.0
0.0
0.416666666667
0.508474576271
0.183333333333
0.3
0.716666666667
0.0
0.5
0.0
0.0
0.3
0.210526315789
--END OF 12--
