22.1833333333
21.8
20.55
21.15
20.8166666667
21.3050847458
22.4
20.3833333333
20.3833333333
20.3666666667
20.8666666667
21.7796610169
21.5833333333
20.2166666667
20.9333333333
22.0
22.45
21.3050847458
21.5833333333
21.7833333333
21.0
20.8666666667
22.7288135593
20.3166666667
21.7
22.0166666667
21.35
22.0333333333
19.0338983051
21.1333333333
20.4666666667
20.5666666667
21.0666666667
20.7966101695
20.5833333333
20.7666666667
20.5333333333
20.4333333333
20.8833333333
21.9152542373
22.7833333333
20.9166666667
20.1
20.6166666667
21.0338983051
22.5
21.3166666667
21.0666666667
21.85
20.9333333333
22.7288135593
21.7
21.7333333333
20.6166666667
21.4666666667
22.2542372881
21.2833333333
22.4333333333
19.8333333333
21.875
--END OF 1--
33.9166666667
32.5833333333
31.0
31.45
32.0666666667
31.4237288136
35.3333333333
30.9
31.3833333333
30.9166666667
30.7833333333
34.0338983051
33.05
30.8333333333
30.65
32.6
32.8166666667
30.7457627119
31.7833333333
32.7
31.2
32.5
33.186440678
31.6333333333
33.7666666667
32.1
33.0666666667
33.9833333333
31.0677966102
31.5666666667
31.4
30.75
31.0666666667
31.2711864407
31.7166666667
29.8666666667
31.05
29.0833333333
30.6166666667
31.5593220339
31.9
31.2333333333
29.75
30.2
31.2711864407
31.0666666667
32.2
30.9166666667
32.7666666667
30.9666666667
32.9322033898
31.0833333333
32.7666666667
30.7666666667
32.7833333333
31.3898305085
32.4166666667
31.05
28.7166666667
33.5
--END OF 2--
35.9166666667
34.4333333333
32.55
32.2
33.9333333333
33.2372881356
37.7666666667
32.45
32.6166666667
32.9333333333
31.7833333333
35.8813559322
35.35
32.2166666667
31.9333333333
34.0333333333
34.2333333333
32.0
33.0833333333
34.0333333333
33.4
33.4666666667
34.0169491525
32.35
35.0833333333
33.1
34.5666666667
36.1333333333
31.7457627119
32.1
32.7833333333
32.25
33.15
32.186440678
32.4333333333
31.2166666667
31.9166666667
30.7333333333
32.15
33.2881355932
33.8666666667
32.5166666667
30.45
31.2333333333
32.1355932203
31.9333333333
33.6666666667
32.55
33.6166666667
32.9166666667
35.5593220339
32.5333333333
33.65
30.8166666667
33.2666666667
32.4745762712
33.4333333333
32.6166666667
30.7666666667
35.4107142857
--END OF 3--
21.1
20.7333333333
20.05
20.45
20.1
20.3728813559
21.2166666667
19.8833333333
19.8333333333
19.8166666667
19.9833333333
20.6271186441
20.5833333333
19.85
20.2166666667
20.9833333333
21.3666666667
20.4915254237
20.6333333333
20.7833333333
20.0
20.0333333333
21.5593220339
19.65
20.7666666667
21.0166666667
20.2333333333
21.0333333333
18.9152542373
20.35
20.0166666667
19.7833333333
20.2666666667
20.2033898305
19.75
19.8166666667
19.7833333333
19.9333333333
20.1333333333
20.9830508475
21.4666666667
20.3333333333
19.6
20.0166666667
20.0508474576
21.45
20.5
20.1
20.85
20.2833333333
21.3898305085
20.7
20.5166666667
20.0166666667
20.5833333333
21.0169491525
20.35
21.2833333333
19.4166666667
20.7857142857
--END OF 4--
31.95
31.2833333333
30.3
30.65
31.05
30.593220339
32.9833333333
30.0666666667
30.55
30.0333333333
30.1666666667
32.0338983051
31.5333333333
30.1166666667
29.9666666667
31.3333333333
31.45
30.1186440678
30.7666666667
31.4166666667
30.3
31.05
31.5593220339
30.6166666667
32.1
31.0666666667
31.4166666667
32.0666666667
30.3389830508
30.6166666667
30.5833333333
30.0166666667
30.4
30.4406779661
30.3833333333
29.2166666667
30.25
28.9833333333
30.0166666667
30.6101694915
30.95
30.45
29.3833333333
29.5833333333
30.3389830508
30.2833333333
31.1
30.1
31.4
30.2666666667
31.5084745763
30.2333333333
31.0333333333
29.9666666667
31.4333333333
30.5762711864
30.8666666667
30.25
28.3333333333
31.6071428571
--END OF 5--
35.9166666667
34.4333333333
32.55
32.2
33.9333333333
33.2372881356
37.7666666667
32.45
32.6166666667
32.9333333333
31.7833333333
35.8813559322
35.35
32.2166666667
31.9333333333
34.0333333333
34.2333333333
32.0
33.0833333333
34.0333333333
33.4
33.4666666667
34.0169491525
32.35
35.0833333333
33.1
34.5666666667
36.1333333333
31.7457627119
32.1
32.7833333333
32.25
33.15
32.186440678
32.4333333333
31.2166666667
31.9166666667
30.7333333333
32.15
33.2881355932
33.8666666667
32.5166666667
30.45
31.2333333333
32.1355932203
31.9333333333
33.6666666667
32.55
33.6166666667
32.9166666667
35.5593220339
32.5333333333
33.65
30.8166666667
33.2666666667
32.4745762712
33.4333333333
32.6166666667
30.7666666667
35.4107142857
--END OF 6--
4109.2
4100.2
3961.95
3964.05
3901.55
3897.66101695
4217.2
3914.25
3938.85
3902.0
3806.05
4214.84745763
4093.75
3836.1
3840.6
4090.15
4106.4
3869.38983051
3966.1
4056.8
3983.85
4043.35
4197.71186441
3978.2
4014.05
4123.1
4141.0
4095.95
3711.30508475
3947.15
3836.65
3922.5
3873.3
3941.94915254
3931.0
3861.75
3842.4
3756.0
3913.1
4083.15254237
4196.65
3912.1
3782.05
3770.1
3910.93220339
4159.75
4058.65
4013.55
3963.45
3901.25
4119.15254237
4071.8
4125.0
3815.55
3944.75
4130.54237288
4076.95
4105.6
3608.0
4163.19642857
--END OF 7--
1159.8
1157.95
1089.55
1108.8
1108.2
1101.23728814
1172.36666667
1104.98333333
1100.63333333
1101.5
1086.7
1191.42372881
1149.46666667
1073.81666667
1086.35
1166.45
1164.8
1100.0
1112.81666667
1148.48333333
1122.4
1130.58333333
1176.30508475
1116.41666667
1152.46666667
1146.18333333
1160.51666667
1171.53333333
1045.86440678
1113.81666667
1074.26666667
1107.5
1099.0
1111.81355932
1121.9
1091.15
1084.16666667
1034.45
1098.76666667
1143.86440678
1169.2
1104.51666667
1057.75
1077.26666667
1118.15254237
1148.81666667
1135.73333333
1121.95
1125.41666667
1101.9
1170.61016949
1131.01666667
1162.36666667
1079.7
1123.36666667
1160.71186441
1137.63333333
1127.03333333
1008.38333333
1175.30357143
--END OF 8--
222.766666667
210.216666667
187.95
203.65
218.45
223.542372881
228.1
217.783333333
202.233333333
205.066666667
211.016666667
224.186440678
211.333333333
189.616666667
203.75
208.216666667
216.883333333
192.457627119
201.566666667
216.966666667
193.6
214.033333333
210.084745763
218.583333333
222.066666667
199.35
211.083333333
215.7
205.457627119
200.066666667
204.0
202.25
197.283333333
197.406779661
218.616666667
183.1
212.233333333
185.85
191.983333333
191.593220339
191.366666667
209.933333333
193.916666667
183.183333333
209.847457627
197.566666667
220.966666667
193.766666667
214.183333333
192.15
214.254237288
207.933333333
210.35
198.9
217.816666667
197.389830508
225.383333333
188.533333333
184.283333333
235.714285714
--END OF 9--
16.25
11.3
13.8
7.85
11.4166666667
8.71186440678
16.1333333333
7.25
10.6833333333
12.4833333333
9.63333333333
12.8644067797
13.7666666667
12.1833333333
7.78333333333
9.06666666667
10.05
8.47457627119
10.45
9.7
9.65
9.73333333333
9.59322033898
7.15
9.85
8.06666666667
11.9166666667
12.75
13.5423728814
7.81666666667
9.0
8.35
9.05
8.8813559322
7.06666666667
6.8
8.0
6.65
9.86666666667
9.47457627119
10.9166666667
8.91666666667
7.38333333333
7.45
7.03389830508
5.23333333333
7.56666666667
9.1
11.4333333333
13.65
11.5423728814
6.03333333333
10.5333333333
6.55
9.1
6.1186440678
7.0
7.53333333333
13.6
11.9642857143
--END OF 10--
2.31666666667
1.93333333333
1.25
0.9
2.25
2.61016949153
4.0
2.3
1.71666666667
2.35
1.76666666667
2.66101694915
3.51666666667
2.26666666667
2.03333333333
1.71666666667
2.08333333333
2.03389830508
2.25
1.81666666667
3.0
1.63333333333
1.10169491525
1.06666666667
1.56666666667
1.48333333333
1.38333333333
2.88333333333
0.847457627119
0.9
2.05
2.51666666667
3.16666666667
1.0
1.1
1.95
1.26666666667
2.55
1.26666666667
2.22033898305
3.55
1.4
1.06666666667
1.6
1.03389830508
1.2
1.73333333333
2.3
1.7
2.61666666667
3.54237288136
1.5
1.33333333333
0.0
0.633333333333
1.52542372881
1.35
1.0
2.63333333333
1.96428571429
--END OF 11--
0.266666666667
0.633333333333
0.25
0.25
0.233333333333
0.440677966102
0.466666666667
0.0
0.416666666667
0.216666666667
0.0
0.0
0.416666666667
0.116666666667
0.433333333333
0.0
0.0
0.0
0.0
0.4
0.6
0.0
0.0
0.0
0.183333333333
0.116666666667
0.633333333333
1.23333333333
0.71186440678
0.0
0.5
0.533333333333
1.06666666667
0.593220338983
0.516666666667
0.35
0.116666666667
0.0
0.0
0.0
0.0
0.0
0.0
0.366666666667
0.169491525424
0.0
0.8
0.233333333333
0.0
0.383333333333
1.05084745763
0.7
0.55
0.0
0.0
0.305084745763
0.2
0.0
0.716666666667
0.892857142857
--END OF 12--
