10.35
10.0166666667
10.5166666667
10.8813559322
10.4833333333
11.25
10.0666666667
9.38333333333
10.5
10.4333333333
9.86440677966
9.71666666667
10.45
9.58333333333
9.51666666667
10.406779661
10.3
10.4166666667
10.3666666667
10.1166666667
10.3666666667
10.3220338983
10.0
9.8
10.4833333333
10.6333333333
10.7288135593
10.6166666667
10.2833333333
10.3666666667
10.3333333333
10.3166666667
10.6779661017
10.2833333333
9.68333333333
11.7166666667
10.7666666667
10.406779661
10.45
11.0
10.7
10.7
10.0
10.2033898305
11.15
9.93333333333
10.3166666667
10.2333333333
10.8305084746
10.8333333333
10.2333333333
9.8
10.0166666667
10.9333333333
11.9152542373
11.1
12.05
11.65
11.1333333333
10.5438596491
--END OF 1--
13.2166666667
14.1666666667
13.1
15.2033898305
13.1333333333
14.85
13.4666666667
12.5333333333
14.7
14.0833333333
13.0338983051
12.7833333333
12.3333333333
13.2333333333
12.9833333333
13.3389830508
13.2833333333
13.7166666667
13.7833333333
13.5166666667
13.7666666667
14.0169491525
13.35
13.3
13.1333333333
13.5333333333
14.9661016949
12.8
13.2833333333
13.4166666667
13.6333333333
13.3666666667
14.1016949153
13.0833333333
12.9
15.3833333333
13.8833333333
13.7457627119
15.0
15.05
14.2
14.2
13.55
13.7118644068
15.1166666667
13.2833333333
13.6666666667
14.1666666667
13.1355932203
15.0166666667
14.2
13.1
13.0
14.3166666667
15.3050847458
14.75
15.55
14.65
14.2333333333
13.8596491228
--END OF 2--
13.2833333333
16.05
13.9
16.9830508475
13.4333333333
14.9166666667
13.9666666667
13.5833333333
15.55
14.5333333333
14.6949152542
13.35
13.1166666667
13.4833333333
14.0666666667
14.4576271186
13.8166666667
14.2333333333
15.3666666667
13.7333333333
14.1
14.0169491525
13.6
14.8
13.7333333333
14.2333333333
15.2711864407
13.2
14.0666666667
13.9333333333
13.9666666667
14.5833333333
14.813559322
13.3333333333
13.3166666667
16.0166666667
14.75
14.0847457627
15.15
15.6
14.3
15.25
13.9
14.593220339
16.6166666667
13.7
15.6166666667
14.4166666667
14.0169491525
15.7166666667
15.3666666667
14.0666666667
13.0
14.3666666667
15.4576271186
15.0
16.0
14.85
14.9333333333
14.1754385965
--END OF 3--
10.35
10.0166666667
10.5166666667
10.8813559322
10.4833333333
11.25
10.0666666667
9.38333333333
10.5
10.4333333333
9.86440677966
9.71666666667
10.45
9.58333333333
9.51666666667
10.406779661
10.3
10.4166666667
10.3666666667
10.1166666667
10.3666666667
10.3220338983
10.0
9.8
10.4833333333
10.6333333333
10.7288135593
10.6166666667
10.2833333333
10.3666666667
10.3333333333
10.3166666667
10.6779661017
10.2833333333
9.68333333333
11.7166666667
10.7666666667
10.406779661
10.45
11.0
10.7
10.7
10.0
10.2033898305
11.15
9.93333333333
10.3166666667
10.2333333333
10.8305084746
10.8333333333
10.2333333333
9.8
10.0166666667
10.9333333333
11.9152542373
11.1
12.05
11.65
11.1333333333
10.5438596491
--END OF 4--
13.2166666667
14.1666666667
13.1
15.2033898305
13.1333333333
14.85
13.4666666667
12.5333333333
14.7
14.0833333333
13.0338983051
12.7833333333
12.3333333333
13.2333333333
12.9833333333
13.3389830508
13.2833333333
13.7166666667
13.7833333333
13.5166666667
13.7666666667
14.0169491525
13.35
13.3
13.1333333333
13.5333333333
14.9661016949
12.8
13.2833333333
13.4166666667
13.6333333333
13.3666666667
14.1016949153
13.0833333333
12.9
15.3833333333
13.8833333333
13.7457627119
15.0
15.05
14.2
14.2
13.55
13.7118644068
15.1166666667
13.2833333333
13.6666666667
14.1666666667
13.1355932203
15.0166666667
14.2
13.1
13.0
14.3166666667
15.3050847458
14.75
15.55
14.65
14.2333333333
13.8596491228
--END OF 5--
13.2833333333
16.05
13.9
16.9830508475
13.4333333333
14.9166666667
13.9666666667
13.5833333333
15.55
14.5333333333
14.6949152542
13.35
13.1166666667
13.4833333333
14.0666666667
14.4576271186
13.8166666667
14.2333333333
15.3666666667
13.7333333333
14.1
14.0169491525
13.6
14.8
13.7333333333
14.2333333333
15.2711864407
13.2
14.0666666667
13.9333333333
13.9666666667
14.5833333333
14.813559322
13.3333333333
13.3166666667
16.0166666667
14.75
14.0847457627
15.15
15.6
14.3
15.25
13.9
14.593220339
16.6166666667
13.7
15.6166666667
14.4166666667
14.0169491525
15.7166666667
15.3666666667
14.0666666667
13.0
14.3666666667
15.4576271186
15.0
16.0
14.85
14.9333333333
14.1754385965
--END OF 6--
2101.65
2074.45
2090.8
2140.6779661
2070.45
2209.0
2012.1
1968.75
2151.0
2094.15
1985.44067797
2014.8
2005.2
1930.4
1953.7
2089.37288136
2105.8
1983.55
2041.6
2109.4
2097.45
2051.18644068
1917.75
1994.7
1977.45
2083.05
2059.47457627
1997.0
2011.2
1943.8
2003.6
2036.4
2135.74576271
1996.35
1933.25
2283.55
2131.05
2059.57627119
2104.05
2203.75
2056.8
2076.9
1992.75
1946.44067797
2236.75
1990.05
2076.2
1998.8
2073.66101695
2213.3
2035.0
1967.45
2022.15
2059.15
2254.62711864
2169.3
2267.7
2169.45
2181.3
2110.21052632
--END OF 7--
586.35
594.983333333
585.016666667
597.186440678
585.85
606.716666667
557.783333333
535.4
592.95
579.25
544.93220339
570.183333333
558.95
531.283333333
543.366666667
569.677966102
588.05
551.383333333
562.416666667
585.5
579.15
572.372881356
541.55
546.8
541.05
570.45
576.728813559
551.566666667
544.616666667
543.1
555.483333333
564.983333333
583.525423729
555.133333333
531.566666667
628.766666667
587.65
557.661016949
575.0
585.633333333
576.65
579.0
542.35
548.711864407
616.266666667
546.366666667
574.85
559.85
574.898305085
609.5
559.5
548.233333333
549.633333333
565.283333333
621.491525424
594.5
636.3
598.7
603.0
579.105263158
--END OF 8--
65.65
73.75
71.25
84.6271186441
56.95
72.9666666667
71.9
62.55
86.95
70.2
82.3559322034
68.8166666667
47.1166666667
65.5833333333
77.55
64.8305084746
56.5166666667
59.9
80.8833333333
67.6333333333
64.9
80.5084745763
70.85
69.6
77.45
77.15
88.4406779661
60.35
74.2333333333
73.5
71.2
71.3
68.0338983051
65.6333333333
68.7166666667
82.7166666667
74.4333333333
74.6440677966
78.85
70.1166666667
66.4
71.65
65.95
83.0
74.2333333333
73.5666666667
75.65
80.2
61.7288135593
75.6166666667
72.5166666667
61.7833333333
66.9333333333
73.4833333333
74.1525423729
71.75
76.8
76.15
76.7
63.649122807
--END OF 9--
1.93333333333
6.95
2.06666666667
9.47457627119
1.45
2.48333333333
2.61666666667
4.2
4.6
2.9
4.71186440678
2.4
2.66666666667
4.43333333333
4.35
3.86440677966
3.9
5.95
3.53333333333
3.6
4.71666666667
4.4406779661
2.15
6.75
2.25
2.95
6.01694915254
1.86666666667
3.81666666667
3.13333333333
3.01666666667
3.13333333333
3.69491525424
2.35
2.93333333333
3.31666666667
2.1
1.71186440678
2.8
4.85
1.5
5.65
5.55
3.59322033898
4.35
2.53333333333
4.98333333333
3.75
3.20338983051
5.81666666667
5.81666666667
6.03333333333
1.7
3.23333333333
2.47457627119
3.3
3.75
2.45
2.5
3.80701754386
--END OF 10--
0.0833333333333
2.91666666667
1.33333333333
2.71186440678
0.5
0.116666666667
0.95
1.4
1.4
0.65
2.08474576271
0.5
1.26666666667
0.75
1.35
1.72881355932
0.433333333333
0.0166666666667
2.48333333333
0.416666666667
0.583333333333
0.0
0.5
1.65
0.85
0.7
0.389830508475
0.416666666667
1.23333333333
0.266666666667
0.633333333333
1.83333333333
1.05084745763
0.0
0.5
0.5
0.866666666667
0.64406779661
0.0
0.85
0.15
1.0
0.5
1.28813559322
2.45
0.483333333333
2.5
0.5
1.38983050847
0.2
1.68333333333
1.25
0.0
0.216666666667
0.440677966102
0.35
0.65
0.35
0.85
0.526315789474
--END OF 11--
0.0
1.0
0.216666666667
0.28813559322
0.0
0.0166666666667
0.35
0.0
0.3
0.2
0.508474576271
0.0
0.0
0.483333333333
0.1
0.423728813559
0.0
0.0166666666667
0.483333333333
0.0
0.0
0.0
0.0
1.0
0.0
0.0
0.0
0.0
0.0
0.0
0.0
0.516666666667
0.491525423729
0.0
0.0
0.0
0.5
0.508474576271
0.0
0.0
0.0
0.5
0.5
0.0
0.683333333333
0.316666666667
0.5
0.0
0.0
0.0
0.5
0.0
0.0
0.0
0.0
0.0
0.5
0.0
0.35
0.0
--END OF 12--
