16.8
16.65
17.1166666667
16.6333333333
15.6
15.7796610169
14.95
15.6666666667
16.5833333333
16.3166666667
17.3833333333
17.1355932203
17.2666666667
16.1833333333
16.0
16.95
17.0833333333
16.9491525424
15.3
15.8833333333
16.7333333333
16.6166666667
16.7288135593
16.6166666667
16.5333333333
16.7833333333
17.2666666667
15.9833333333
16.5084745763
17.0333333333
16.1166666667
16.2666666667
15.5
15.8474576271
16.8166666667
17.3833333333
16.3666666667
16.7833333333
16.8666666667
16.9830508475
16.8333333333
16.6333333333
16.9333333333
16.8166666667
16.3220338983
15.9166666667
15.8333333333
16.0
16.15
16.186440678
17.0333333333
16.1166666667
15.5
16.4666666667
16.5333333333
16.4745762712
16.6666666667
16.3666666667
16.2833333333
16.7192982456
--END OF 1--
19.4166666667
21.0166666667
20.9833333333
20.6666666667
20.4833333333
19.2033898305
18.3
19.6333333333
19.3333333333
19.9833333333
22.3
21.593220339
21.0666666667
19.8333333333
19.7
20.1
21.4833333333
20.3389830508
19.1
19.3
19.9333333333
20.7166666667
21.0169491525
20.75
19.65
20.9166666667
20.9
19.35
20.1016949153
20.6833333333
20.4666666667
19.5333333333
18.95
19.1355932203
20.35
21.4
21.1666666667
20.6333333333
21.2833333333
20.3898305085
19.6333333333
20.25
20.5666666667
19.3666666667
19.6271186441
20.7166666667
19.3333333333
19.35
19.85
18.8813559322
20.0333333333
18.6333333333
18.8833333333
20.75
22.1333333333
20.186440678
19.8833333333
20.3333333333
19.9333333333
19.7719298246
--END OF 2--
20.0833333333
21.6333333333
21.9
20.6666666667
20.4833333333
19.2033898305
18.7
19.8333333333
19.5
20.9333333333
22.7833333333
22.406779661
21.2666666667
20.1333333333
19.7
21.3
22.6
20.8983050847
19.65
19.45
20.8333333333
21.1666666667
21.4915254237
21.4
19.65
21.0666666667
21.55
19.45
20.8644067797
20.6833333333
20.8166666667
20.9166666667
19.55
19.9322033898
21.25
21.65
21.4333333333
20.7833333333
21.8833333333
20.5423728814
20.2666666667
21.0666666667
21.2166666667
20.1833333333
20.3220338983
21.1166666667
19.9333333333
19.9
20.3
19.0169491525
20.7833333333
18.8833333333
19.35
21.4166666667
22.8
20.3728813559
20.2833333333
21.3833333333
20.2166666667
20.4210526316
--END OF 3--
16.8
16.65
17.1166666667
16.6333333333
15.6
15.7796610169
14.95
15.6666666667
16.5833333333
16.3166666667
17.3833333333
17.1355932203
17.2666666667
16.1833333333
16.0
16.95
17.0833333333
16.9491525424
15.3
15.8833333333
16.7333333333
16.6166666667
16.7288135593
16.6166666667
16.5333333333
16.7833333333
17.2666666667
15.9833333333
16.5084745763
17.0333333333
16.1166666667
16.2666666667
15.5
15.8474576271
16.8166666667
17.3833333333
16.3666666667
16.7833333333
16.8666666667
16.9830508475
16.8333333333
16.6333333333
16.9333333333
16.8166666667
16.3220338983
15.9166666667
15.8333333333
16.0
16.15
16.186440678
17.0333333333
16.1166666667
15.5
16.4666666667
16.5333333333
16.4745762712
16.6666666667
16.3666666667
16.2833333333
16.7192982456
--END OF 4--
19.4166666667
21.0166666667
20.9833333333
20.6666666667
20.4833333333
19.2033898305
18.3
19.6333333333
19.3333333333
19.9833333333
22.3
21.593220339
21.0666666667
19.8333333333
19.7
20.1
21.4833333333
20.3389830508
19.1
19.3
19.9333333333
20.7166666667
21.0169491525
20.75
19.65
20.9166666667
20.9
19.35
20.1016949153
20.6833333333
20.4666666667
19.5333333333
18.95
19.1355932203
20.35
21.4
21.1666666667
20.6333333333
21.2833333333
20.3898305085
19.6333333333
20.25
20.5666666667
19.3666666667
19.6271186441
20.7166666667
19.3333333333
19.35
19.85
18.8813559322
20.0333333333
18.6333333333
18.8833333333
20.75
22.1333333333
20.186440678
19.8833333333
20.3333333333
19.9333333333
19.7719298246
--END OF 5--
20.0833333333
21.6333333333
21.9
20.6666666667
20.4833333333
19.2033898305
18.7
19.8333333333
19.5
20.9333333333
22.7833333333
22.406779661
21.2666666667
20.1333333333
19.7
21.3
22.6
20.8983050847
19.65
19.45
20.8333333333
21.1666666667
21.4915254237
21.4
19.65
21.0666666667
21.55
19.45
20.8644067797
20.6833333333
20.8166666667
20.9166666667
19.55
19.9322033898
21.25
21.65
21.4333333333
20.7833333333
21.8833333333
20.5423728814
20.2666666667
21.0666666667
21.2166666667
20.1833333333
20.3220338983
21.1166666667
19.9333333333
19.9
20.3
19.0169491525
20.7833333333
18.8833333333
19.35
21.4166666667
22.8
20.3728813559
20.2833333333
21.3833333333
20.2166666667
20.4210526316
--END OF 6--
3104.2
3233.25
3221.65
3207.75
3110.5
3058.27118644
2952.4
3100.75
3124.3
3125.45
3258.5
3309.66101695
3252.15
3133.5
3008.25
3175.65
3275.2
3260.13559322
2976.2
3119.65
3075.9
3134.05
3197.08474576
3170.95
3225.3
3181.75
3258.15
2991.0
3149.59322034
3217.35
3220.65
3076.9
3049.95
3069.25423729
3126.6
3340.1
3134.25
3066.05
3094.3
3195.71186441
3111.95
3134.45
3211.85
3124.5
3084.45762712
3173.55
3067.35
3099.15
3138.45
3083.18644068
3220.2
3150.45
2993.2
3174.85
3227.5
3190.16949153
3116.45
3171.05
3042.6
3029.57894737
--END OF 7--
855.3
873.333333333
880.666666667
884.6
858.583333333
847.288135593
805.433333333
836.933333333
837.2
848.883333333
884.0
908.949152542
901.35
856.85
821.6
861.9
893.7
888.169491525
816.633333333
850.6
858.283333333
859.7
869.593220339
871.233333333
866.066666667
885.45
885.483333333
826.166666667
862.762711864
880.7
866.15
844.05
816.9
836.118644068
858.4
903.233333333
862.6
865.433333333
864.933333333
866.084745763
852.533333333
865.533333333
887.916666667
874.283333333
851.084745763
873.85
837.5
850.25
854.7
854.813559322
875.65
847.283333333
810.666666667
853.616666667
866.933333333
851.593220339
851.933333333
855.2
846.016666667
842.438596491
--END OF 8--
76.2
101.466666667
95.3333333333
96.7333333333
94.9666666667
79.9152542373
86.7
94.3333333333
79.0166666667
83.4333333333
112.1
104.338983051
101.85
83.65
88.25
95.4
101.483333333
83.7627118644
76.7666666667
83.3333333333
84.85
90.3
95.3559322034
92.65
80.7666666667
98.9
93.15
90.6333333333
88.7288135593
94.4
87.75
78.1166666667
86.55
81.1525423729
94.3333333333
91.75
97.15
94.9833333333
97.9
89.3898305085
78.7
85.7333333333
82.5333333333
69.8333333333
87.2372881356
102.45
81.5
77.7
95.0
72.9322033898
90.3833333333
71.6
84.9
99.9333333333
114.216666667
87.3728813559
82.8333333333
84.8
94.05
82.8947368421
--END OF 9--
2.11666666667
3.33333333333
3.5
1.9
3.31666666667
2.8813559322
1.66666666667
2.61666666667
0.516666666667
4.11666666667
5.4
4.83050847458
2.25
1.65
1.95
3.8
5.83333333333
3.45762711864
3.58333333333
1.43333333333
3.85
2.71666666667
2.67796610169
3.25
0.683333333333
2.5
3.08333333333
3.16666666667
2.4406779661
0.9
1.95
5.53333333333
3.85
2.13559322034
3.21666666667
2.33333333333
4.75
0.966666666667
4.48333333333
2.30508474576
1.86666666667
3.9
2.1
2.75
3.22033898305
2.7
3.95
3.6
1.8
2.03389830508
3.45
0.916666666667
2.71666666667
4.8
5.08333333333
5.45762711864
2.85
4.9
2.08333333333
2.45614035088
--END OF 10--
0.633333333333
0.883333333333
1.48333333333
0.0
0.0
0.0
0.5
0.333333333333
0.266666666667
1.63333333333
0.6
0.864406779661
0.35
0.3
0.0
1.5
1.81666666667
0.898305084746
0.966666666667
0.0
1.23333333333
0.65
1.05084745763
0.383333333333
0.0
0.0
1.0
0.0
1.52542372881
0.0
0.5
1.95
0.8
1.52542372881
1.08333333333
0.266666666667
0.0
0.333333333333
0.666666666667
0.169491525424
0.9
1.43333333333
1.0
0.5
1.01694915254
0.7
1.05
0.75
1.0
0.0
1.0
0.283333333333
0.8
1.36666666667
0.983333333333
0.28813559322
0.3
2.06666666667
0.783333333333
0.929824561404
--END OF 11--
0.0
0.0
0.0
0.0
0.0
0.0
0.0
0.0
0.0
0.466666666667
0.233333333333
0.508474576271
0.2
0.3
0.0
0.5
0.0
0.0
0.0
0.0
0.5
0.0
0.0
0.0
0.0
0.0
0.0
0.0
0.0
0.0
0.0
0.0
0.0
0.0
0.233333333333
0.266666666667
0.0
0.0
0.0
0.169491525424
0.333333333333
0.0
0.5
0.0
0.508474576271
0.0
0.0
0.0
0.0
0.0
0.0
0.0
0.0
0.0833333333333
0.416666666667
0.0
0.0
0.0
0.0
0.175438596491
--END OF 12--
