15.65
15.95
15.5593220339
15.1
15.1
15.9166666667
16.0
15.1833333333
17.1355932203
16.2333333333
16.1166666667
15.7
15.6666666667
15.35
14.5166666667
14.4576271186
15.5333333333
16.05
15.55
15.65
15.2372881356
14.85
14.1166666667
14.8833333333
14.4833333333
14.85
15.3389830508
16.9833333333
16.1
15.8833333333
14.7
15.8305084746
14.7833333333
15.95
16.8
16.5
15.2166666667
15.0
15.2833333333
16.1166666667
14.35
17.8166666667
15.8813559322
16.7166666667
16.75
15.0166666667
16.8666666667
16.186440678
15.9166666667
15.9
16.0333333333
16.7
16.35
16.5423728814
14.85
15.8833333333
15.5666666667
15.65
15.3559322034
15.8421052632
--END OF 1--
21.05
22.15
22.5254237288
21.7333333333
20.45
21.9
22.0166666667
20.3166666667
23.186440678
22.5333333333
21.2833333333
22.2
21.1
21.1166666667
19.8
19.9152542373
20.8833333333
21.0
21.9
21.95
20.2881355932
20.6333333333
18.9333333333
21.2333333333
20.3666666667
20.0166666667
20.8644067797
22.7666666667
21.3166666667
22.6166666667
19.9666666667
21.3728813559
21.3833333333
21.7
21.7
21.3
21.9666666667
22.1186440678
20.1
22.4833333333
21.0333333333
23.5833333333
20.9152542373
23.45
22.7166666667
19.8666666667
22.4833333333
21.0508474576
22.5666666667
21.8
22.5333333333
23.4166666667
22.55
22.9322033898
20.7
23.0833333333
21.55
21.7333333333
20.6779661017
21.2807017544
--END OF 2--
21.7
22.6166666667
22.6779661017
22.5833333333
20.6833333333
22.4666666667
22.5
20.8333333333
23.4745762712
23.2333333333
22.0333333333
23.5666666667
22.6166666667
22.0666666667
20.15
20.4576271186
22.0333333333
22.2
22.65
23.15
21.3898305085
21.0
19.4666666667
21.5
21.2
20.8666666667
21.5593220339
23.9166666667
21.9166666667
24.1166666667
20.8666666667
21.813559322
21.9833333333
22.95
22.25
21.65
22.6
23.0677966102
21.1
23.35
21.8
24.9666666667
22.2881355932
24.8833333333
23.45
20.85
24.5333333333
22.6949152542
23.7666666667
23.15
23.9333333333
24.5333333333
23.05
22.9661016949
21.75
24.7166666667
22.1166666667
22.6666666667
21.1694915254
22.9473684211
--END OF 3--
15.65
15.95
15.5593220339
15.1
15.1
15.9166666667
16.0
15.1833333333
17.1355932203
16.2333333333
16.1166666667
15.7
15.6666666667
15.35
14.5166666667
14.4576271186
15.5333333333
16.05
15.55
15.65
15.2372881356
14.85
14.1166666667
14.8833333333
14.4833333333
14.85
15.3389830508
16.9833333333
16.1
15.8833333333
14.7
15.8305084746
14.7833333333
15.95
16.8
16.5
15.2166666667
15.0
15.2833333333
16.1166666667
14.35
17.8166666667
15.8813559322
16.7166666667
16.75
15.0166666667
16.8666666667
16.186440678
15.9166666667
15.9
16.0333333333
16.7
16.35
16.5423728814
14.85
15.8833333333
15.5666666667
15.65
15.3559322034
15.8421052632
--END OF 4--
21.05
22.15
22.5254237288
21.7333333333
20.45
21.9
22.0166666667
20.3166666667
23.186440678
22.5333333333
21.2833333333
22.2
21.1
21.1166666667
19.8
19.9152542373
20.8833333333
21.0
21.9
21.95
20.2881355932
20.6333333333
18.9333333333
21.2333333333
20.3666666667
20.0166666667
20.8644067797
22.7666666667
21.3166666667
22.6166666667
19.9666666667
21.3728813559
21.3833333333
21.7
21.7
21.3
21.9666666667
22.1186440678
20.1
22.4833333333
21.0333333333
23.5833333333
20.9152542373
23.45
22.7166666667
19.8666666667
22.4833333333
21.0508474576
22.5666666667
21.8
22.5333333333
23.4166666667
22.55
22.9322033898
20.7
23.0833333333
21.55
21.7333333333
20.6779661017
21.2807017544
--END OF 5--
21.7
22.6166666667
22.6779661017
22.5833333333
20.6833333333
22.4666666667
22.5
20.8333333333
23.4745762712
23.2333333333
22.0333333333
23.5666666667
22.6166666667
22.0666666667
20.15
20.4576271186
22.0333333333
22.2
22.65
23.15
21.3898305085
21.0
19.4666666667
21.5
21.2
20.8666666667
21.5593220339
23.9166666667
21.9166666667
24.1166666667
20.8666666667
21.813559322
21.9833333333
22.95
22.25
21.65
22.6
23.0677966102
21.1
23.35
21.8
24.9666666667
22.2881355932
24.8833333333
23.45
20.85
24.5333333333
22.6949152542
23.7666666667
23.15
23.9333333333
24.5333333333
23.05
22.9661016949
21.75
24.7166666667
22.1166666667
22.6666666667
21.1694915254
22.9473684211
--END OF 6--
2950.95
3005.15
2987.18644068
2966.2
2886.15
3061.6
3007.45
2857.35
3187.83050847
3146.65
3000.9
3002.9
2913.2
2896.3
2879.6
2836.98305085
2943.75
2976.45
2904.45
2976.15
2902.3220339
2923.3
2865.55
2927.15
2777.25
2858.25
2966.74576271
3088.7
3050.65
3027.85
2858.9
3062.84745763
2793.3
2969.85
3010.65
3025.8
2949.35
2909.74576271
2923.05
3016.3
2887.2
3249.2
2963.59322034
3137.8
3151.75
2914.45
3121.8
3041.08474576
3101.0
3007.5
3083.1
3208.1
3123.6
3045.45762712
2855.55
2957.35
3057.0
2942.1
2897.13559322
3035.42105263
--END OF 7--
817.25
830.533333333
826.661016949
821.766666667
811.75
864.083333333
838.75
802.733333333
886.372881356
852.2
837.866666667
842.883333333
825.966666667
806.716666667
771.716666667
794.525423729
829.8
827.35
813.1
827.45
822.762711864
811.033333333
776.55
805.333333333
763.15
796.85
811.440677966
877.233333333
821.566666667
847.7
787.733333333
831.203389831
785.1
817.85
855.95
841.65
807.75
816.0
810.7
844.95
784.416666667
906.216666667
827.338983051
867.05
882.333333333
800.566666667
878.15
835.661016949
854.8
835.5
866.7
908.216666667
855.15
863.118644068
788.566666667
824.083333333
836.883333333
819.483333333
796.474576271
850.315789474
--END OF 8--
124.55
125.2
125.745762712
122.066666667
107.983333333
112.8
120.45
111.183333333
132.322033898
118.866666667
109.25
126.7
111.383333333
108.933333333
108.25
110.440677966
122.4
115.2
124.4
128.5
103.13559322
121.616666667
114.583333333
128.916666667
118.75
114.733333333
127.796610169
125.5
125.883333333
129.033333333
111.5
118.813559322
122.7
114.7
114.95
113.6
130.333333333
151.186440678
117.433333333
132.9
119.583333333
131.383333333
114.305084746
134.966666667
112.15
117.35
129.766666667
117.796610169
135.233333333
133.5
125.7
142.216666667
138.0
130.305084746
117.0
143.683333333
108.55
129.383333333
116.152542373
128.403508772
--END OF 9--
3.9
5.75
8.35593220339
7.68333333333
4.25
6.25
5.65
3.28333333333
5.37288135593
7.56666666667
5.43333333333
8.86666666667
5.48333333333
8.2
4.75
5.42372881356
4.5
3.45
8.8
6.65
4.25423728814
3.53333333333
1.45
4.6
7.58333333333
5.81666666667
7.52542372881
5.21666666667
3.18333333333
10.1
5.65
3.94915254237
6.2
8.9
4.5
3.3
7.58333333333
5.50847457627
3.2
6.96666666667
8.35
6.5
7.03389830508
9.21666666667
6.41666666667
3.2
6.05
4.59322033898
7.16666666667
5.55
7.35
4.43333333333
5.95
3.57627118644
7.68333333333
11.1
6.2
6.43333333333
5.38983050847
4.94736842105
--END OF 10--
1.1
0.866666666667
0.508474576271
0.966666666667
0.433333333333
1.06666666667
0.883333333333
0.616666666667
0.271186440678
0.5
0.5
1.5
2.11666666667
1.3
0.55
0.389830508475
1.0
2.0
1.15
1.3
1.50847457627
0.3
0.55
0.466666666667
0.666666666667
0.733333333333
1.06779661017
1.53333333333
0.95
1.85
1.3
0.237288135593
0.35
1.75
0.8
0.65
0.766666666667
1.89830508475
1.25
1.23333333333
0.95
1.66666666667
1.76271186441
2.28333333333
1.5
1.9
3.11666666667
2.71186440678
1.41666666667
1.25
1.3
1.33333333333
0.5
0.186440677966
1.43333333333
2.76666666667
0.95
1.08333333333
0.457627118644
2.33333333333
--END OF 11--
0.0
0.0
0.0
0.233333333333
0.0
0.0
0.0
0.0
0.0
0.0
0.5
0.5
1.5
0.0
0.0
0.35593220339
0.25
0.4
0.0
0.0
0.28813559322
0.3
0.416666666667
0.0
0.0
0.5
0.220338983051
0.283333333333
0.266666666667
1.73333333333
0.416666666667
0.0847457627119
0.0
0.0
0.0
0.0
0.0
0.0847457627119
0.9
0.0166666666667
0.133333333333
0.366666666667
0.0
0.416666666667
0.0833333333333
0.0
1.0
0.0
0.166666666667
0.0
0.75
0.25
0.0
0.0
0.0
0.0
0.333333333333
0.166666666667
0.0
0.491228070175
--END OF 12--
