18.3
18.9166666667
17.2166666667
17.2833333333
17.7333333333
19.6610169492
18.3
19.9666666667
19.4833333333
18.7166666667
19.0666666667
18.0169491525
18.3333333333
17.8333333333
18.3
17.95
18.5
18.8983050847
19.2333333333
18.2666666667
17.1166666667
18.8666666667
19.6610169492
18.3666666667
17.1333333333
17.8833333333
18.15
17.2666666667
18.2203389831
17.3833333333
18.8666666667
19.0
18.6333333333
18.3833333333
18.1694915254
18.65
17.6
18.1833333333
17.9166666667
18.35
18.9661016949
17.8666666667
17.4166666667
19.1333333333
19.5
19.3559322034
18.65
19.1333333333
18.6
18.4333333333
17.9333333333
17.0847457627
17.9833333333
17.1
18.0333333333
18.8166666667
18.4237288136
18.1
17.8
19.1578947368
--END OF 1--
24.55
24.7833333333
25.5
24.4
24.4166666667
26.2881355932
26.0333333333
26.95
27.1333333333
24.9333333333
25.0166666667
25.406779661
25.3333333333
23.9333333333
25.75
24.8
24.45
24.7966101695
25.8333333333
24.8166666667
23.8166666667
25.5333333333
26.0847457627
24.8333333333
24.2833333333
24.9
24.6166666667
24.3
25.2542372881
24.0833333333
26.1166666667
26.9
25.0833333333
26.1666666667
25.1694915254
26.05
25.3666666667
24.75
25.0666666667
25.3166666667
25.1016949153
25.0666666667
24.4666666667
25.3833333333
26.3833333333
25.5084745763
24.95
26.5166666667
24.9
24.6
23.6333333333
23.0338983051
24.0333333333
23.7833333333
25.6
24.6833333333
24.8983050847
24.7333333333
24.4166666667
25.298245614
--END OF 2--
25.2333333333
25.5333333333
26.5666666667
25.7833333333
25.9833333333
26.6440677966
27.2166666667
28.7833333333
27.9833333333
25.05
25.7666666667
25.9322033898
26.2833333333
24.8833333333
27.9333333333
26.15
24.8
25.7627118644
26.0833333333
25.6166666667
25.7833333333
26.5166666667
27.0847457627
25.55
25.45
25.8666666667
25.6
24.8
25.6949152542
25.2833333333
27.1166666667
27.2
26.2333333333
27.8166666667
26.1016949153
26.7666666667
26.2
25.6333333333
25.3166666667
26.3833333333
26.2881355932
27.0333333333
25.2
25.9333333333
26.9666666667
27.2542372881
26.85
27.3166666667
25.3
25.05
23.6333333333
23.2203389831
24.55
24.1166666667
27.6833333333
26.3166666667
26.6610169492
25.3333333333
24.9
25.5614035088
--END OF 3--
18.3
18.8666666667
17.2166666667
17.2833333333
17.7333333333
19.3559322034
18.3
19.6666666667
19.4833333333
18.65
18.9333333333
18.0169491525
18.3333333333
17.8333333333
18.3
17.95
18.5
18.8983050847
19.2333333333
18.2666666667
17.1166666667
18.8666666667
19.6610169492
18.3666666667
17.1333333333
17.8833333333
18.15
17.2666666667
18.2203389831
17.3833333333
18.85
19.0
18.6333333333
18.35
18.1694915254
18.65
17.6
18.1833333333
17.9166666667
18.35
18.9661016949
17.8666666667
17.4166666667
19.1333333333
19.35
19.3559322034
18.65
19.1166666667
18.45
18.4333333333
17.9333333333
17.0847457627
17.9833333333
17.1
18.0333333333
18.8166666667
18.4237288136
18.1
17.8
18.8947368421
--END OF 4--
24.55
24.7833333333
25.5
24.4
24.4166666667
26.2881355932
26.0333333333
26.95
27.1333333333
24.9333333333
25.0166666667
25.406779661
25.3333333333
23.9333333333
25.75
24.8
24.45
24.7966101695
25.8333333333
24.8166666667
23.8166666667
25.5333333333
26.0847457627
24.8333333333
24.2833333333
24.9
24.6166666667
24.3
25.2542372881
24.0833333333
26.1166666667
26.9
25.0833333333
26.15
25.1694915254
26.05
25.3666666667
24.75
25.0666666667
25.3166666667
25.1016949153
25.0666666667
24.4666666667
25.3833333333
26.3833333333
25.5084745763
24.95
26.5166666667
24.9
24.6
23.6333333333
23.0338983051
24.0333333333
23.7833333333
25.6
24.6833333333
24.8983050847
24.7333333333
24.4166666667
25.298245614
--END OF 5--
25.2333333333
25.5333333333
26.5666666667
25.7833333333
25.9833333333
26.6440677966
27.2166666667
28.7833333333
27.9833333333
25.05
25.7666666667
25.9322033898
26.2833333333
24.8833333333
27.9333333333
26.15
24.8
25.7627118644
26.0833333333
25.6166666667
25.7833333333
26.5166666667
27.0847457627
25.55
25.45
25.8666666667
25.6
24.8
25.6949152542
25.2833333333
27.1166666667
27.2
26.2333333333
27.8166666667
26.1016949153
26.7666666667
26.2
25.6333333333
25.3166666667
26.3833333333
26.2881355932
27.0333333333
25.2
25.9333333333
26.9666666667
27.2542372881
26.85
27.3166666667
25.3
25.05
23.6333333333
23.2203389831
24.55
24.1166666667
27.6833333333
26.3166666667
26.6610169492
25.3333333333
24.9
25.5614035088
--END OF 6--
3349.1
3608.7
3416.3
3411.65
3464.6
3573.05084746
3489.6
3676.05
3590.45
3531.8
3497.55
3400.62711864
3424.95
3388.5
3419.95
3348.0
3438.3
3545.33898305
3560.9
3512.7
3312.95
3482.9
3537.61016949
3501.15
3391.4
3425.35
3439.4
3388.05
3428.49152542
3366.3
3526.25
3655.8
3511.35
3476.8
3536.74576271
3589.05
3582.75
3466.15
3400.4
3513.85
3531.61016949
3431.5
3390.65
3494.25
3578.8
3434.79661017
3357.0
3572.9
3369.3
3361.6
3243.6
3297.81355932
3376.3
3167.35
3381.05
3404.65
3382.72881356
3389.15
3303.0
3501.84210526
--END OF 7--
946.716666667
978.7
931.516666667
953.033333333
968.15
1006.91525424
981.666666667
1022.4
1002.18333333
983.816666667
962.733333333
945.627118644
957.95
934.9
968.683333333
939.05
948.55
974.627118644
981.316666667
968.816666667
910.95
977.566666667
994.915254237
958.966666667
927.633333333
950.65
946.133333333
941.7
963.338983051
926.6
970.666666667
995.5
968.1
979.433333333
959.745762712
984.3
969.45
965.183333333
945.3
950.316666667
977.508474576
952.766666667
947.116666667
980.933333333
988.716666667
961.271186441
949.05
975.866666667
945.95
926.466666667
904.35
890.745762712
940.233333333
897.35
952.333333333
973.983333333
952.305084746
936.366666667
920.033333333
964.315789474
--END OF 8--
147.783333333
128.483333333
161.65
158.766666667
161.533333333
167.237288136
157.766666667
155.716666667
151.0
149.7
133.166666667
152.745762712
148.1
133.0
153.183333333
135.8
140.1
143.254237288
144.583333333
147.366666667
135.633333333
133.65
141.13559322
121.6
150.8
152.7
134.116666667
135.233333333
132.169491525
135.9
154.2
168.55
140.55
160.866666667
138.93220339
147.0
145.983333333
149.283333333
140.216666667
134.183333333
132.101694915
147.033333333
144.983333333
146.816666667
147.383333333
153.288135593
139.7
153.233333333
136.85
138.566666667
127.1
127.508474576
127.933333333
130.783333333
144.666666667
138.816666667
147.237288136
142.316666667
132.266666667
157.719298246
--END OF 9--
2.68333333333
4.48333333333
5.71666666667
5.43333333333
4.91666666667
4.23728813559
5.96666666667
7.65
6.8
2.83333333333
4.03333333333
4.69491525424
6.2
4.35
8.6
8.75
3.85
4.50847457627
5.03333333333
7.48333333333
9.0
6.95
7.33898305085
5.58333333333
4.56666666667
4.75
6.01666666667
7.73333333333
6.27118644068
5.75
6.23333333333
8.4
6.95
7.63333333333
6.33898305085
5.51666666667
5.81666666667
3.03333333333
4.63333333333
6.56666666667
7.5593220339
7.13333333333
8.83333333333
4.66666666667
5.98333333333
6.30508474576
8.0
6.25
4.0
5.65
7.1
4.37288135593
4.35
6.18333333333
9.28333333333
4.25
5.1186440678
5.55
7.4
2.22807017544
--END OF 10--
1.13333333333
0.866666666667
1.66666666667
1.56666666667
1.73333333333
0.474576271186
1.13333333333
2.01666666667
0.75
0.133333333333
1.11666666667
0.813559322034
1.45
1.55
3.65
1.45
0.55
1.52542372881
0.5
1.5
2.66666666667
1.33333333333
1.93220338983
1.21666666667
2.1
1.28333333333
1.75
1.05
0.576271186441
1.75
2.13333333333
0.45
1.5
2.56666666667
1.57627118644
0.65
1.45
1.0
0.316666666667
0.466666666667
1.96610169492
2.63333333333
1.25
0.483333333333
0.433333333333
2.5593220339
2.6
0.683333333333
0.6
0.6
0.0
0.186440677966
0.816666666667
0.466666666667
3.45
2.26666666667
2.57627118644
0.85
0.75
0.526315789474
--END OF 11--
0.5
0.0
0.0
0.0
0.0
0.0
0.8
0.816666666667
0.0833333333333
0.0
0.266666666667
0.406779661017
0.5
0.0
0.433333333333
0.0
0.0
0.0
0.0
0.0
0.433333333333
0.0666666666667
0.0
0.0
0.5
0.266666666667
0.0333333333333
0.166666666667
0.338983050847
0.5
0.0
0.0
0.05
0.616666666667
0.28813559322
0.216666666667
0.0
0.0
0.0333333333333
0.466666666667
0.0
1.06666666667
0.233333333333
0.0
0.0
0.0
0.8
0.433333333333
0.6
0.166666666667
0.0
0.0
0.5
0.133333333333
0.866666666667
0.283333333333
0.220338983051
0.0
0.116666666667
0.0
--END OF 12--
