14.45
13.1666666667
13.6
13.6440677966
14.3166666667
13.6666666667
13.0833333333
14.0166666667
14.0666666667
12.8474576271
13.8166666667
13.8333333333
13.55
13.55
14.1
13.9152542373
14.3666666667
13.8333333333
13.25
14.4
15.0
14.0677966102
14.9
13.5333333333
14.1
13.7166666667
14.75
13.8813559322
13.2166666667
15.5333333333
14.2333333333
14.4
14.1355932203
14.7166666667
14.9333333333
13.9833333333
14.6
13.8333333333
14.2033898305
13.7166666667
14.7
13.4333333333
15.2
15.0338983051
13.2833333333
14.9333333333
15.4
14.6333333333
14.0166666667
14.8474576271
13.6333333333
14.25
16.25
15.0333333333
14.2033898305
14.85
16.0333333333
15.3333333333
13.95
13.7169811321
--END OF 1--
17.7
17.15
17.1666666667
18.2881355932
18.65
18.2333333333
16.6666666667
17.5
18.15
17.5084745763
17.7166666667
17.1333333333
17.4
17.05
18.3
17.0847457627
18.9333333333
17.8
16.8333333333
17.2166666667
19.0
18.2203389831
19.4
17.9333333333
17.55
19.1666666667
19.25
17.813559322
17.3666666667
19.1833333333
17.0333333333
18.1
17.9322033898
19.0666666667
19.55
18.1833333333
19.1833333333
17.2333333333
18.3559322034
17.6833333333
19.25
18.9333333333
19.9333333333
19.0338983051
18.2333333333
18.6333333333
19.35
18.3833333333
18.0166666667
19.1525423729
17.3166666667
18.1166666667
20.1
18.85
17.1525423729
18.8833333333
19.5333333333
19.3333333333
19.1333333333
17.6226415094
--END OF 2--
18.25
17.7
17.1666666667
18.2881355932
18.85
18.2333333333
17.45
17.5666666667
18.15
17.7627118644
18.0666666667
17.2833333333
17.85
17.6
18.4
18.0677966102
19.3833333333
18.05
16.8333333333
18.5666666667
19.2
18.593220339
20.0333333333
18.3833333333
18.8833333333
19.9833333333
19.6
17.9661016949
17.4166666667
20.0333333333
17.3333333333
18.6
18.4915254237
19.6
20.1166666667
18.6666666667
19.4
17.2666666667
18.7796610169
18.1333333333
19.7333333333
19.3666666667
21.5833333333
19.9322033898
18.7833333333
19.5333333333
19.65
18.6666666667
18.6
20.3559322034
17.6833333333
18.9833333333
20.5166666667
19.2666666667
17.7796610169
18.9666666667
19.9
20.3333333333
19.5166666667
17.9056603774
--END OF 3--
14.45
13.1666666667
13.6
13.6440677966
14.3166666667
13.6666666667
13.0833333333
14.0166666667
14.0666666667
12.8474576271
13.8166666667
13.8333333333
13.55
13.55
14.1
13.9152542373
14.3666666667
13.8333333333
13.25
14.4
15.0
14.0677966102
14.9
13.5333333333
14.1
13.7166666667
14.75
13.8813559322
13.2166666667
15.5333333333
14.2333333333
14.4
14.1355932203
14.7166666667
14.9333333333
13.9833333333
14.6
13.8333333333
14.2033898305
13.7166666667
14.7
13.4333333333
15.2
15.0338983051
13.2833333333
14.9333333333
15.4
14.6333333333
14.0166666667
14.8474576271
13.6333333333
14.25
16.25
15.0333333333
14.2033898305
14.85
16.0333333333
15.3333333333
13.95
13.7169811321
--END OF 4--
17.7
17.15
17.1666666667
18.2881355932
18.65
18.2333333333
16.6666666667
17.5
18.15
17.5084745763
17.7166666667
17.1333333333
17.4
17.05
18.3
17.0847457627
18.9333333333
17.8
16.8333333333
17.2166666667
19.0
18.2203389831
19.4
17.9333333333
17.55
19.1666666667
19.25
17.813559322
17.3666666667
19.1833333333
17.0333333333
18.1
17.9322033898
19.0666666667
19.55
18.1833333333
19.1833333333
17.2333333333
18.3559322034
17.6833333333
19.25
18.9333333333
19.9333333333
19.0338983051
18.2333333333
18.6333333333
19.35
18.3833333333
18.0166666667
19.1525423729
17.3166666667
18.1166666667
20.1
18.85
17.1525423729
18.8833333333
19.5333333333
19.3333333333
19.1333333333
17.6226415094
--END OF 5--
18.25
17.7
17.1666666667
18.2881355932
18.85
18.2333333333
17.45
17.5666666667
18.15
17.7627118644
18.0666666667
17.2833333333
17.85
17.6
18.4
18.0677966102
19.3833333333
18.05
16.8333333333
18.5666666667
19.2
18.593220339
20.0333333333
18.3833333333
18.8833333333
19.9833333333
19.6
17.9661016949
17.4166666667
20.0333333333
17.3333333333
18.6
18.4915254237
19.6
20.1166666667
18.6666666667
19.4
17.2666666667
18.7796610169
18.1333333333
19.7333333333
19.3666666667
21.5833333333
19.9322033898
18.7833333333
19.5333333333
19.65
18.6666666667
18.6
20.3559322034
17.6833333333
18.9833333333
20.5166666667
19.2666666667
17.7796610169
18.9666666667
19.9
20.3333333333
19.5166666667
17.9056603774
--END OF 6--
2643.15
2556.8
2597.5
2634.20338983
2753.7
2609.85
2470.4
2671.1
2625.45
2547.25423729
2600.55
2574.6
2608.5
2521.05
2708.25
2636.94915254
2777.55
2623.3
2570.1
2625.2
2649.75
2561.18644068
2839.95
2655.5
2645.4
2586.7
2833.1
2629.42372881
2605.35
2814.6
2627.55
2749.65
2736.86440678
2750.3
2838.9
2657.1
2758.1
2594.7
2723.18644068
2732.9
2763.3
2717.0
2861.95
2853.3559322
2667.6
2743.5
2783.55
2738.1
2607.4
2743.27118644
2719.65
2678.5
2988.35
2804.05
2594.6440678
2807.05
2934.55
2877.1
2673.8
2586.73584906
--END OF 7--
737.316666667
702.416666667
727.266666667
734.186440678
769.2
720.283333333
685.15
742.116666667
745.466666667
705.93220339
719.4
718.7
718.6
696.0
749.25
718.389830508
757.516666667
722.166666667
696.533333333
728.166666667
757.533333333
720.745762712
785.483333333
733.083333333
743.866666667
731.2
795.733333333
709.915254237
715.45
787.2
718.95
760.65
758.728813559
759.55
776.7
734.4
752.35
716.45
755.13559322
757.8
778.116666667
759.216666667
807.616666667
783.881355932
726.75
754.45
785.35
759.0
731.633333333
785.06779661
745.883333333
749.916666667
825.366666667
774.133333333
715.966101695
763.316666667
816.7
808.85
743.35
725.396226415
--END OF 8--
85.2333333333
84.25
87.0
93.1016949153
96.8833333333
99.5333333333
80.5166666667
92.2
85.1333333333
86.1525423729
83.55
80.9
83.7
91.05
96.6
85.7627118644
100.8
92.8
80.6333333333
82.9666666667
93.9333333333
88.813559322
92.3166666667
98.7833333333
83.7
106.066666667
101.783333333
100.474576271
93.35
100.55
80.2
98.8
95.593220339
94.1
97.3666666667
96.1333333333
110.116666667
77.4666666667
94.9830508475
90.4833333333
99.2166666667
98.8
103.8
92.2033898305
88.05
88.3
103.5
83.8333333333
93.0
121.0
88.65
94.65
99.4333333333
98.5833333333
73.5762711864
93.2166666667
89.4833333333
93.8166666667
107.133333333
97.4528301887
--END OF 9--
3.1
4.1
0.833333333333
2.52542372881
3.01666666667
3.06666666667
3.3
2.13333333333
3.18333333333
5.50847457627
2.9
1.85
1.8
1.85
0.4
3.4406779661
2.7
2.6
2.33333333333
4.01666666667
2.43333333333
4.50847457627
4.43333333333
1.66666666667
3.5
5.65
2.56666666667
1.98305084746
1.85
4.3
2.6
3.75
2.13559322034
5.1
4.91666666667
2.95
3.0
1.43333333333
2.79661016949
2.53333333333
4.06666666667
4.83333333333
5.31666666667
4.06779661017
5.75
4.1
2.05
3.01666666667
3.1
3.28813559322
2.56666666667
3.86666666667
2.3
4.08333333333
3.89830508475
1.83333333333
3.06666666667
3.51666666667
5.0
2.33962264151
--END OF 10--
1.0
1.0
0.0
0.0
0.0
0.0
1.38333333333
0.116666666667
0.0
0.203389830508
0.8
0.15
0.9
0.95
0.2
1.20338983051
0.516666666667
0.5
0.0333333333333
2.46666666667
0.5
0.779661016949
1.23333333333
0.5
2.03333333333
0.966666666667
0.316666666667
0.186440677966
0.1
1.45
0.45
0.5
0.508474576271
0.983333333333
0.516666666667
0.783333333333
0.216666666667
0.0333333333333
0.474576271186
0.5
0.983333333333
0.583333333333
2.15
1.05084745763
0.75
1.65
0.45
0.4
0.75
1.25423728814
0.45
1.28333333333
0.316666666667
0.6
1.35593220339
0.0333333333333
0.5
0.616666666667
0.383333333333
0.283018867925
--END OF 11--
0.0
0.0
0.0
0.0
0.0
0.0
0.466666666667
0.0333333333333
0.0
0.0
0.0
0.0
0.0
0.0
0.0
0.389830508475
0.116666666667
0.0
0.0
0.0
0.0
0.0
0.0
0.5
0.5
0.0
0.0
0.0
0.0
0.0
0.0
0.0
0.0
0.0
0.0
0.0
0.0
0.0333333333333
0.474576271186
0.5
0.366666666667
0.133333333333
1.5
0.0
0.0
0.0
0.0
0.0
0.25
0.762711864407
0.0
0.933333333333
0.0666666666667
0.0
0.0
0.0
0.0
0.0
0.0
0.0
--END OF 12--
