18.15
18.0333333333
17.0833333333
17.8833333333
17.0666666667
17.5254237288
16.6333333333
18.25
19.35
18.3
17.2166666667
17.7966101695
18.5
17.4333333333
18.1833333333
17.55
19.4666666667
18.0169491525
18.55
19.1166666667
18.0166666667
17.9833333333
17.1186440678
17.5333333333
18.0
18.3833333333
18.5333333333
19.3898305085
18.95
17.8333333333
17.45
17.2166666667
17.6101694915
18.6833333333
19.5166666667
19.2833333333
19.1166666667
18.9833333333
20.3220338983
18.15
18.8833333333
18.8666666667
17.25
19.4915254237
17.8333333333
18.1
18.0666666667
18.6833333333
17.8
19.3050847458
18.7333333333
19.0
18.55
20.0666666667
19.4745762712
17.45
19.2
19.6833333333
18.95
16.8596491228
--END OF 1--
23.8666666667
23.8333333333
25.2333333333
24.2833333333
22.8166666667
23.7118644068
22.5166666667
24.1333333333
25.4
24.0
24.15
23.3389830508
24.35
24.3333333333
24.9333333333
23.9333333333
25.9333333333
24.7118644068
24.4833333333
24.4
24.9333333333
23.6666666667
22.7966101695
22.3666666667
22.75
24.1166666667
24.7166666667
25.7796610169
25.15
23.1833333333
23.45
22.7166666667
23.2203389831
25.4166666667
25.85
25.5166666667
25.4166666667
26.45
27.1694915254
24.0666666667
24.85
24.75
24.2666666667
26.5593220339
24.0333333333
25.0833333333
24.8333333333
24.2
25.0
25.0677966102
23.3833333333
24.7333333333
25.0
26.4
26.3220338983
23.8833333333
25.1833333333
26.8833333333
25.6166666667
23.5263157895
--END OF 2--
24.6166666667
24.1333333333
26.5833333333
24.4333333333
23.65
24.406779661
23.45
25.0
26.3
25.0666666667
25.8666666667
23.7966101695
24.75
25.9833333333
26.0333333333
24.8833333333
26.0
24.7118644068
25.9833333333
25.65
25.0333333333
23.9666666667
23.3220338983
22.4
22.8
24.6333333333
24.9166666667
26.6101694915
25.35
24.0333333333
24.45
23.5166666667
24.6949152542
26.1166666667
26.7833333333
26.0333333333
25.8166666667
28.25
28.6101694915
25.4833333333
25.3666666667
25.6
24.4666666667
27.9661016949
25.1833333333
25.4333333333
24.9166666667
25.0333333333
25.3
25.8305084746
23.9833333333
24.9333333333
25.6333333333
27.4833333333
26.4237288136
24.1333333333
25.3333333333
28.2833333333
27.0166666667
24.3684210526
--END OF 3--
18.15
18.0333333333
17.0833333333
17.8833333333
17.0666666667
17.5254237288
16.6333333333
18.25
19.15
18.3
17.2166666667
17.7966101695
18.5
17.4333333333
18.1833333333
17.55
19.3666666667
18.0169491525
18.55
19.0666666667
18.0166666667
17.9833333333
17.1186440678
17.5333333333
18.0
18.3833333333
18.5333333333
19.2881355932
18.95
17.8333333333
17.45
17.2166666667
17.6101694915
18.6833333333
19.5166666667
19.2833333333
19.1166666667
18.75
19.6440677966
18.1
18.8833333333
18.8666666667
17.2333333333
19.2881355932
17.8333333333
18.1
18.0666666667
18.6833333333
17.8
19.3050847458
18.7333333333
19.0
18.5
19.6333333333
19.3559322034
17.45
19.2
19.6833333333
18.95
16.8596491228
--END OF 4--
23.8666666667
23.8333333333
25.2333333333
24.2833333333
22.8166666667
23.7118644068
22.5166666667
24.1333333333
25.4
24.0
24.15
23.3389830508
24.35
24.3333333333
24.9333333333
23.9333333333
25.9333333333
24.7118644068
24.4833333333
24.4
24.9333333333
23.6666666667
22.7966101695
22.3666666667
22.75
24.1166666667
24.7166666667
25.7796610169
25.15
23.1833333333
23.45
22.7166666667
23.2203389831
25.4166666667
25.85
25.5166666667
25.4166666667
26.45
27.1694915254
24.0666666667
24.85
24.75
24.2666666667
26.5593220339
24.0333333333
25.0833333333
24.8333333333
24.2
25.0
25.0677966102
23.3833333333
24.7333333333
25.0
26.4
26.3220338983
23.8833333333
25.1833333333
26.8833333333
25.6166666667
23.5263157895
--END OF 5--
24.6166666667
24.1333333333
26.5833333333
24.4333333333
23.65
24.406779661
23.45
25.0
26.3
25.0666666667
25.8666666667
23.7966101695
24.75
25.9833333333
26.0333333333
24.8833333333
26.0
24.7118644068
25.9833333333
25.65
25.0333333333
23.9666666667
23.3220338983
22.4
22.8
24.6333333333
24.9166666667
26.6101694915
25.35
24.0333333333
24.45
23.5166666667
24.6949152542
26.1166666667
26.7833333333
26.0333333333
25.8166666667
28.25
28.6101694915
25.4833333333
25.3666666667
25.6
24.4666666667
27.9661016949
25.1833333333
25.4333333333
24.9166666667
25.0333333333
25.3
25.8305084746
23.9833333333
24.9333333333
25.6333333333
27.4833333333
26.4237288136
24.1333333333
25.3333333333
28.2833333333
27.0166666667
24.3684210526
--END OF 6--
3339.6
3246.4
3257.1
3279.1
3256.25
3299.69491525
3250.65
3414.1
3484.05
3336.1
3332.0
3420.10169492
3416.7
3297.75
3462.6
3302.8
3519.25
3309.0
3287.55
3482.3
3347.45
3238.15
3108.30508475
3298.9
3364.4
3457.3
3513.6
3582.0
3420.6
3286.05
3308.7
3293.55
3331.83050847
3468.4
3550.75
3571.25
3478.6
3540.2
3793.22033898
3404.4
3537.85
3502.8
3404.85
3611.6440678
3326.85
3395.0
3443.5
3422.8
3387.75
3479.23728814
3421.65
3369.5
3434.65
3744.65
3587.38983051
3270.05
3534.55
3608.45
3511.25
3344.57894737
--END OF 7--
922.2
913.616666667
914.366666667
919.35
899.5
925.745762712
889.316666667
936.316666667
965.666666667
932.966666667
919.0
957.254237288
957.6
916.8
955.2
907.433333333
1004.13333333
927.288135593
924.0
977.816666667
938.55
911.25
874.220338983
899.033333333
928.8
951.0
972.7
985.220338983
967.8
904.6
918.4
903.65
902.338983051
970.5
997.466666667
988.7
989.433333333
980.933333333
1070.84745763
944.033333333
979.933333333
973.416666667
928.883333333
1018.28813559
919.35
950.1
948.733333333
953.466666667
935.3
967.559322034
959.55
954.7
964.4
1035.51666667
1005.10169492
919.433333333
983.516666667
1009.16666667
975.6
934.631578947
--END OF 8--
121.033333333
135.833333333
146.716666667
135.766666667
140.416666667
132.338983051
126.533333333
144.966666667
140.916666667
126.916666667
149.466666667
136.694915254
136.2
146.55
146.15
133.733333333
145.366666667
140.186440678
152.5
125.233333333
131.866666667
121.666666667
133.118644068
123.4
110.65
119.383333333
134.033333333
144.728813559
136.45
128.0
123.15
124.35
120.525423729
133.7
133.3
138.716666667
142.45
154.566666667
161.389830508
142.066666667
139.066666667
136.916666667
137.633333333
161.033898305
133.95
140.233333333
136.483333333
129.733333333
146.5
125.0
106.883333333
139.35
134.066666667
143.466666667
137.322033898
126.433333333
134.033333333
148.783333333
143.75
127.719298246
--END OF 9--
3.71666666667
3.01666666667
10.1166666667
4.06666666667
3.56666666667
4.27118644068
3.43333333333
4.38333333333
7.26666666667
5.46666666667
6.7
3.5593220339
4.25
6.3
4.8
9.46666666667
1.38333333333
3.5593220339
5.53333333333
4.58333333333
5.61666666667
4.13333333333
5.45762711864
1.66666666667
2.7
5.13333333333
3.01666666667
6.35593220339
3.8
6.0
6.1
4.75
6.59322033898
4.91666666667
6.98333333333
3.88333333333
4.35
10.6666666667
4.23728813559
6.85
4.56666666667
7.71666666667
5.81666666667
5.37288135593
7.3
5.31666666667
2.41666666667
5.03333333333
4.95
6.67796610169
3.3
3.73333333333
4.96666666667
3.81666666667
6.94915254237
2.8
3.11666666667
7.78333333333
7.75
5.91228070175
--END OF 10--
1.0
0.3
1.76666666667
0.0
1.16666666667
0.864406779661
0.983333333333
1.68333333333
1.38333333333
1.78333333333
2.96666666667
0.186440677966
0.5
2.75
1.65
1.8
0.133333333333
0.0
2.58333333333
1.91666666667
0.0
0.5
0.983050847458
0.1
0.433333333333
0.783333333333
0.4
1.33898305085
0.3
1.2
1.25
1.15
2.13559322034
0.733333333333
1.58333333333
0.716666666667
0.5
3.1
2.16949152542
1.75
0.783333333333
0.933333333333
0.133333333333
2.03389830508
2.2
0.75
0.15
1.1
0.2
0.440677966102
0.8
0.566666666667
0.633333333333
1.6
0.0
0.0
0.366666666667
2.3
0.866666666667
1.57894736842
--END OF 11--
0.0
0.233333333333
0.0
0.0
0.483333333333
0.0169491525424
0.5
0.0
0.5
0.116666666667
0.883333333333
0.0
0.5
0.5
0.5
0.0
0.0
0.0
0.5
0.5
0.0
0.0
0.0
0.0
0.0
0.0
0.0
0.338983050847
0.0
0.0
0.9
0.65
0.457627118644
0.0
0.0
0.0
0.0
0.0
0.0
0.75
0.0833333333333
0.0
0.0
0.0
0.0
0.0
0.0
0.5
0.0
0.0
0.0
0.0
0.633333333333
0.6
0.0
0.0
0.0
0.5
0.0
0.0
--END OF 12--
