10.1166666667
10.6779661017
10.4833333333
9.8
10.0166666667
11.1
11.0666666667
9.52542372881
10.6333333333
11.2166666667
10.6166666667
10.0833333333
9.31666666667
10.5593220339
10.15
10.0
10.25
10.35
11.1666666667
10.2711864407
10.7
10.8833333333
8.7
9.18333333333
9.93220338983
10.4333333333
10.0666666667
11.45
10.5
10.05
9.69491525424
10.4
10.1833333333
10.4833333333
11.75
10.1186440678
10.5333333333
10.2333333333
9.9
9.61666666667
9.66666666667
9.89830508475
10.05
10.6
10.4666666667
10.8666666667
9.47457627119
10.5333333333
10.0
10.2166666667
9.8
10.25
11.1016949153
10.4
10.55
11.4333333333
10.1166666667
10.5762711864
10.9333333333
11.0350877193
--END OF 1--
13.1666666667
14.6271186441
13.8666666667
12.8333333333
13.1
14.9333333333
14.6333333333
13.6101694915
13.9666666667
15.95
14.05
13.6166666667
12.1833333333
14.4745762712
13.1
13.55
13.9
13.8
15.2166666667
14.1186440678
14.85
14.3666666667
12.1
12.0166666667
14.0169491525
13.95
13.9666666667
15.8333333333
13.7333333333
12.9333333333
13.2711864407
15.3
13.5333333333
14.3833333333
16.85
13.7288135593
13.3333333333
13.8833333333
13.9
14.1
13.1833333333
13.406779661
13.9666666667
14.95
15.0
14.65
13.8305084746
14.3833333333
14.3
14.1333333333
13.75
13.3
14.6440677966
14.2333333333
14.9833333333
15.4833333333
13.7666666667
14.7118644068
14.25
14.9824561404
--END OF 2--
13.6166666667
15.9491525424
13.8666666667
13.0166666667
13.5166666667
15.1333333333
16.0333333333
14.7966101695
14.6
16.9333333333
14.4333333333
14.55
12.45
14.7118644068
14.3
14.35
14.65
14.45
15.8166666667
14.5254237288
14.9
15.45
12.6
13.5666666667
14.7118644068
14.7666666667
14.8833333333
16.5666666667
14.65
13.4333333333
13.6779661017
15.45
14.0333333333
15.8833333333
17.5
13.8813559322
14.3333333333
14.3833333333
14.6
14.7833333333
14.3
13.7627118644
14.1166666667
15.7166666667
15.2
14.8166666667
14.8813559322
14.7833333333
14.3
15.2666666667
14.0166666667
13.4
15.1016949153
14.5166666667
15.7833333333
15.6833333333
14.0
15.7966101695
14.8666666667
16.0350877193
--END OF 3--
10.1166666667
10.6779661017
10.4833333333
9.8
10.0166666667
11.1
11.0666666667
9.52542372881
10.6333333333
11.2166666667
10.6166666667
10.0833333333
9.31666666667
10.5593220339
10.15
10.0
10.25
10.35
11.1666666667
10.2711864407
10.7
10.8833333333
8.7
9.18333333333
9.93220338983
10.4333333333
10.0666666667
11.45
10.5
10.05
9.69491525424
10.4
10.1833333333
10.4833333333
11.75
10.1186440678
10.5333333333
10.2333333333
9.9
9.61666666667
9.66666666667
9.89830508475
10.05
10.6
10.4666666667
10.8666666667
9.47457627119
10.5333333333
10.0
10.2166666667
9.8
10.25
11.1016949153
10.4
10.55
11.4333333333
10.1166666667
10.5762711864
10.9333333333
11.0350877193
--END OF 4--
13.1666666667
14.6271186441
13.8666666667
12.8333333333
13.1
14.9333333333
14.6333333333
13.6101694915
13.9666666667
15.95
14.05
13.6166666667
12.1833333333
14.4745762712
13.1
13.55
13.9
13.8
15.2166666667
14.1186440678
14.85
14.3666666667
12.1
12.0166666667
14.0169491525
13.95
13.9666666667
15.8333333333
13.7333333333
12.9333333333
13.2711864407
15.3
13.5333333333
14.3833333333
16.85
13.7288135593
13.3333333333
13.8833333333
13.9
14.1
13.1833333333
13.406779661
13.9666666667
14.95
15.0
14.65
13.8305084746
14.3833333333
14.3
14.1333333333
13.75
13.3
14.6440677966
14.2333333333
14.9833333333
15.4833333333
13.7666666667
14.7118644068
14.25
14.9824561404
--END OF 5--
13.6166666667
15.9491525424
13.8666666667
13.0166666667
13.5166666667
15.1333333333
16.0333333333
14.7966101695
14.6
16.9333333333
14.4333333333
14.55
12.45
14.7118644068
14.3
14.35
14.65
14.45
15.8166666667
14.5254237288
14.9
15.45
12.6
13.5666666667
14.7118644068
14.7666666667
14.8833333333
16.5666666667
14.65
13.4333333333
13.6779661017
15.45
14.0333333333
15.8833333333
17.5
13.8813559322
14.3333333333
14.3833333333
14.6
14.7833333333
14.3
13.7627118644
14.1166666667
15.7166666667
15.2
14.8166666667
14.8813559322
14.7833333333
14.3
15.2666666667
14.0166666667
13.4
15.1016949153
14.5166666667
15.7833333333
15.6833333333
14.0
15.7966101695
14.8666666667
16.0350877193
--END OF 6--
2014.2
2148.40677966
2122.15
2013.7
2073.95
2228.0
2154.7
2027.33898305
2055.7
2163.25
2057.9
2114.35
1917.6
2044.77966102
2058.3
2004.45
2034.45
1980.3
2131.65
1999.6779661
2009.75
2125.1
1974.95
1922.8
2028.3559322
1933.15
1985.15
2164.4
2056.65
1970.65
1998.05084746
2067.75
2028.9
2060.7
2223.75
1985.38983051
2010.5
1967.7
2012.9
2004.5
1982.2
1963.62711864
2134.35
2149.0
2133.8
2125.8
1987.27118644
2084.7
1988.55
1993.75
1999.4
2031.15
2079.40677966
2032.1
2056.85
2178.85
1972.45
2010.96610169
2047.65
2115.63157895
--END OF 7--
554.45
593.949152542
570.633333333
549.516666667
554.85
624.966666667
598.566666667
558.440677966
576.966666667
618.35
573.416666667
584.75
525.783333333
579.576271186
560.25
541.55
551.45
554.8
595.2
560.423728814
562.85
579.116666667
524.0
524.85
563.762711864
548.783333333
552.566666667
606.966666667
568.45
552.85
558.474576271
585.9
572.2
565.05
630.75
541.694915254
549.85
545.183333333
561.466666667
558.533333333
553.366666667
545.372881356
592.05
586.516666667
588.85
589.466666667
548.254237288
576.6
529.35
557.616666667
542.916666667
564.7
579.237288136
556.216666667
585.85
599.266666667
549.316666667
564.254237288
583.283333333
581.473684211
--END OF 8--
66.05
85.6949152542
78.4666666667
66.4666666667
67.2166666667
76.7333333333
87.8833333333
77.2203389831
77.9333333333
87.3
78.2333333333
77.1666666667
74.7666666667
87.4406779661
79.2
74.55
88.45
80.25
79.35
85.7966101695
82.2
70.8333333333
71.05
67.3666666667
76.8983050847
82.75
80.4666666667
80.8833333333
75.6666666667
64.6333333333
76.3898305085
88.25
79.8
90.7
108.15
71.8474576271
70.3833333333
75.45
75.3333333333
81.5
73.7666666667
81.0169491525
85.55
82.9666666667
89.4666666667
83.65
79.0508474576
81.7
82.25
81.2
81.5166666667
64.25
90.2033898305
87.8666666667
96.3
89.9333333333
72.9166666667
93.5084745763
76.3666666667
88.7368421053
--END OF 9--
0.9
5.79661016949
2.2
2.36666666667
4.46666666667
2.2
7.38333333333
6.96610169492
4.11666666667
6.71666666667
1.53333333333
5.2
2.08333333333
2.62711864407
4.4
4.75
3.3
3.05
6.15
3.40677966102
3.86666666667
6.38333333333
2.26666666667
4.6
4.64406779661
3.21666666667
4.45
6.98333333333
3.45
2.5
3.01694915254
3.85
2.5
3.55
5.55
2.47457627119
3.33333333333
4.78333333333
5.21666666667
4.9
4.35
3.42372881356
1.58333333333
4.3
1.93333333333
2.45
5.4406779661
1.9
4.45
4.43333333333
3.1
1.8
2.89830508475
2.36666666667
5.11666666667
3.48333333333
3.7
4.81355932203
2.58333333333
4.15789473684
--END OF 10--
0.65
1.86440677966
0.0666666666667
0.283333333333
0.7
0.516666666667
0.5
1.40677966102
1.11666666667
1.66666666667
0.966666666667
1.28333333333
0.7
0.389830508475
1.5
1.2
1.05
0.75
0.4
0.610169491525
0.0
1.36666666667
0.816666666667
1.81666666667
0.932203389831
1.48333333333
1.1
1.3
0.766666666667
0.85
0.745762711864
0.35
0.1
1.5
0.4
0.135593220339
1.36666666667
0.583333333333
1.41666666667
1.03333333333
0.966666666667
0.508474576271
0.5
0.766666666667
0.333333333333
0.266666666667
1.76271186441
0.5
0.1
1.81666666667
0.283333333333
0.0
1.0
0.4
1.3
0.316666666667
0.0166666666667
1.91525423729
0.716666666667
1.63157894737
--END OF 11--
0.5
0.949152542373
0.0666666666667
0.0
0.0
0.0
0.5
0.0
0.0
0.0
0.0
0.0
0.0
0.0
0.0
0.2
0.3
0.0
0.4
0.101694915254
0.0
0.0
0.0
0.5
0.0
0.0
0.5
0.0
0.0
0.416666666667
0.0847457627119
0.0
0.0
1.0
0.0
0.0
0.0
0.0
0.0
0.0
0.5
0.508474576271
0.0
0.0
0.0
0.0
0.508474576271
0.5
0.0
0.6
0.1
0.0
0.0
0.0
0.0
0.0
0.0
0.0
0.216666666667
0.947368421053
--END OF 12--
