12.7333333333
12.4166666667
13.7166666667
12.9152542373
11.3333333333
12.7
12.4333333333
12.15
12.2833333333
12.8305084746
12.75
12.3333333333
13.9833333333
13.1333333333
12.4833333333
12.1525423729
12.6
12.3333333333
12.5833333333
13.3833333333
12.0508474576
11.3333333333
12.3333333333
11.9666666667
13.0666666667
13.186440678
14.1
13.85
13.1
13.0833333333
12.6666666667
13.3728813559
13.9333333333
12.5166666667
11.9833333333
13.2833333333
13.2881355932
13.3
12.8833333333
11.8166666667
11.85
13.2033898305
11.8
11.9833333333
12.7166666667
12.55
12.8
13.406779661
13.1
12.7833333333
12.4
11.65
12.9152542373
13.55
12.4
13.8666666667
13.05
13.7288135593
12.65
13.0877192982
--END OF 1--
17.9666666667
17.2333333333
17.9666666667
18.0169491525
16.3333333333
17.9
17.7
16.8666666667
17.65
17.2203389831
16.4
19.2833333333
18.6833333333
18.0166666667
17.6333333333
16.3389830508
18.8666666667
17.5333333333
16.4166666667
18.6166666667
16.1525423729
16.6833333333
17.7333333333
16.55
17.9166666667
18.2033898305
18.75
17.85
18.65
16.9333333333
17.4
19.1525423729
19.5666666667
17.2
17.2666666667
18.35
18.6271186441
17.85
19.2666666667
16.8333333333
17.05
17.4237288136
17.25
17.8333333333
17.7
19.1666666667
19.2
18.9491525424
18.0833333333
17.0833333333
17.3166666667
16.8
18.1186440678
18.8833333333
18.2666666667
20.1
18.6666666667
19.0
19.1
17.1228070175
--END OF 2--
18.3666666667
17.8666666667
20.0666666667
18.9830508475
16.55
17.9
18.4666666667
17.3666666667
18.1
18.5762711864
17.65
20.8333333333
19.8833333333
18.6166666667
18.65
17.7796610169
19.5833333333
19.2666666667
17.15
19.1666666667
16.3220338983
16.9833333333
18.65
17.0833333333
18.8333333333
18.8813559322
19.5
19.5
19.7
18.4333333333
17.8333333333
19.5762711864
20.2666666667
17.8166666667
17.8166666667
18.9
19.4915254237
18.0166666667
20.0166666667
17.0166666667
17.05
17.8474576271
17.75
19.7333333333
18.6
19.6166666667
20.0
19.406779661
19.7166666667
17.75
17.8
17.5
18.2881355932
19.8
20.9833333333
21.1166666667
18.9833333333
19.6949152542
20.55
17.7719298246
--END OF 3--
12.7333333333
12.4166666667
13.7166666667
12.9152542373
11.3333333333
12.7
12.4333333333
12.15
12.2833333333
12.8305084746
12.75
12.3333333333
13.9833333333
13.1333333333
12.4833333333
12.1525423729
12.6
12.3333333333
12.5833333333
13.3833333333
12.0508474576
11.3333333333
12.3333333333
11.9666666667
13.0666666667
13.186440678
14.1
13.85
13.1
13.0833333333
12.6666666667
13.3728813559
13.9333333333
12.5166666667
11.9833333333
13.2833333333
13.2881355932
13.3
12.8833333333
11.8166666667
11.85
13.2033898305
11.8
11.9833333333
12.7166666667
12.55
12.8
13.406779661
13.1
12.7833333333
12.4
11.65
12.9152542373
13.55
12.4
13.8666666667
13.05
13.7288135593
12.65
13.0877192982
--END OF 4--
17.9666666667
17.2333333333
17.9666666667
18.0169491525
16.3333333333
17.9
17.7
16.8666666667
17.65
17.2203389831
16.4
19.2833333333
18.6833333333
18.0166666667
17.6333333333
16.3389830508
18.8666666667
17.5333333333
16.4166666667
18.6166666667
16.1525423729
16.6833333333
17.7333333333
16.55
17.9166666667
18.2033898305
18.75
17.85
18.65
16.9333333333
17.4
19.1525423729
19.5666666667
17.2
17.2666666667
18.35
18.6271186441
17.85
19.2666666667
16.8333333333
17.05
17.4237288136
17.25
17.8333333333
17.7
19.1666666667
19.2
18.9491525424
18.0833333333
17.0833333333
17.3166666667
16.8
18.1186440678
18.8833333333
18.2666666667
20.1
18.6666666667
19.0
19.1
17.1228070175
--END OF 5--
18.3666666667
17.8666666667
20.0666666667
18.9830508475
16.55
17.9
18.4666666667
17.3666666667
18.1
18.5762711864
17.65
20.8333333333
19.8833333333
18.6166666667
18.65
17.7796610169
19.5833333333
19.2666666667
17.15
19.1666666667
16.3220338983
16.9833333333
18.65
17.0833333333
18.8333333333
18.8813559322
19.5
19.5
19.7
18.4333333333
17.8333333333
19.5762711864
20.2666666667
17.8166666667
17.8166666667
18.9
19.4915254237
18.0166666667
20.0166666667
17.0166666667
17.05
17.8474576271
17.75
19.7333333333
18.6
19.6166666667
20.0
19.406779661
19.7166666667
17.75
17.8
17.5
18.2881355932
19.8
20.9833333333
21.1166666667
18.9833333333
19.6949152542
20.55
17.7719298246
--END OF 6--
2423.85
2394.25
2554.2
2469.45762712
2346.6
2428.0
2385.7
2381.85
2423.7
2504.69491525
2384.85
2419.65
2572.65
2453.2
2406.3
2282.18644068
2381.1
2348.65
2421.5
2655.7
2382.05084746
2367.05
2442.35
2366.35
2445.6
2467.88135593
2614.65
2516.1
2426.25
2457.45
2420.9
2557.77966102
2541.6
2333.8
2312.45
2494.3
2542.77966102
2480.15
2521.65
2368.65
2381.05
2476.62711864
2385.0
2389.5
2522.2
2519.3
2445.6
2537.38983051
2407.2
2423.95
2428.95
2399.6
2478.66101695
2528.4
2409.8
2586.85
2523.7
2564.28813559
2523.75
2447.15789474
--END OF 7--
675.183333333
660.7
711.75
687.457627119
649.516666667
689.4
670.083333333
653.716666667
672.55
682.203389831
671.8
693.55
726.5
687.05
670.95
644.644067797
667.6
653.666666667
668.666666667
729.333333333
666.13559322
660.583333333
673.1
666.233333333
681.983333333
709.271186441
728.15
706.8
683.65
682.183333333
672.366666667
703.355932203
731.766666667
660.183333333
655.3
686.2
708.847457627
700.166666667
701.433333333
661.966666667
671.95
702.271186441
663.95
668.8
695.883333333
706.766666667
697.05
705.796610169
697.9
683.2
671.566666667
661.966666667
699.711864407
720.533333333
678.6
726.65
697.516666667
718.813559322
701.75
685.456140351
--END OF 8--
103.35
103.25
95.65
114.271186441
88.6166666667
101.466666667
105.283333333
92.4
106.383333333
101.796610169
90.9
108.6
108.65
119.633333333
101.883333333
101.694915254
119.533333333
104.083333333
81.4666666667
111.416666667
89.3050847458
93.4166666667
105.833333333
100.316666667
110.0
98.813559322
110.5
104.55
98.95
98.15
100.1
114.13559322
110.766666667
102.466666667
104.25
112.383333333
108.271186441
98.0166666667
119.216666667
104.766666667
99.8666666667
103.610169492
109.3
108.6
108.65
130.866666667
130.25
108.271186441
100.916666667
99.9666666667
101.583333333
109.166666667
109.203389831
120.383333333
116.983333333
117.266666667
102.45
106.101694915
127.45
95.3684210526
--END OF 9--
6.38333333333
2.51666666667
9.68333333333
4.64406779661
2.78333333333
2.93333333333
5.26666666667
5.2
4.81666666667
5.01694915254
4.35
13.05
3.75
3.63333333333
5.45
4.57627118644
7.11666666667
6.81666666667
3.9
1.98333333333
3.35593220339
6.26666666667
4.63333333333
5.08333333333
5.1
4.93220338983
4.8
6.05
6.55
4.61666666667
3.28333333333
3.72881355932
5.56666666667
4.55
6.73333333333
5.23333333333
4.91525423729
3.83333333333
4.98333333333
2.45
3.73333333333
2.25423728814
4.3
9.75
4.93333333333
7.08333333333
5.75
7.20338983051
7.26666666667
3.46666666667
5.86666666667
5.81666666667
4.25423728814
3.61666666667
8.86666666667
9.41666666667
6.2
4.38983050847
6.4
2.85964912281
--END OF 10--
0.416666666667
0.883333333333
2.61666666667
2.08474576271
0.45
0.0
1.18333333333
0.816666666667
0.316666666667
1.71186440678
2.1
2.45
2.25
0.766666666667
1.85
1.94915254237
1.38333333333
2.9
1.08333333333
0.95
0.220338983051
0.0166666666667
1.4
0.466666666667
0.933333333333
0.28813559322
1.15
1.65
1.7
2.35
0.75
0.305084745763
1.16666666667
1.33333333333
0.5
0.783333333333
1.23728813559
0.0
1.13333333333
0.366666666667
0.0
0.440677966102
0.35
2.85
1.3
0.7
1.3
0.64406779661
2.43333333333
0.933333333333
0.266666666667
1.41666666667
0.322033898305
0.916666666667
4.0
1.08333333333
0.116666666667
0.898305084746
2.0
1.0
--END OF 11--
0.0
0.0
0.5
0.0
0.0
0.0
0.266666666667
0.233333333333
0.0
1.01694915254
0.1
0.6
0.3
0.316666666667
0.05
0.508474576271
0.0
0.0833333333333
0.416666666667
0.0
0.0
0.0166666666667
0.483333333333
0.116666666667
0.7
0.186440677966
0.0
0.2
0.3
0.0
0.0
0.305084745763
0.5
0.0
0.0
0.0
0.0
0.0
0.266666666667
0.233333333333
0.0
0.203389830508
0.0
0.5
0.0
0.0
0.0
0.0
0.5
0.0
0.0
0.0
0.0
0.5
1.46666666667
0.533333333333
0.0
0.0
0.0
0.385964912281
--END OF 12--
