10.2333333333
10.6166666667
10.0
10.1333333333
10.3
9.30508474576
9.38333333333
9.96666666667
9.26666666667
9.68333333333
10.45
10.2203389831
9.93333333333
9.8
8.9
9.91666666667
9.8813559322
10.2666666667
10.0666666667
10.3666666667
10.6333333333
10.1016949153
9.13333333333
8.91666666667
9.81666666667
10.15
9.83050847458
10.05
10.0166666667
10.7
10.4833333333
9.69491525424
10.5
10.2333333333
10.1
10.8
10.3559322034
10.5
10.85
10.9333333333
10.4333333333
10.4745762712
11.1333333333
9.91666666667
9.76666666667
10.6666666667
11.0338983051
10.8666666667
11.0833333333
11.1833333333
11.3833333333
11.4576271186
11.15
10.85
11.0
11.15
10.5084745763
10.6333333333
11.3333333333
10.2456140351
--END OF 1--
13.4333333333
14.8
12.8
13.85
13.95
12.3389830508
12.5333333333
13.8666666667
12.9166666667
13.2833333333
14.5
11.9152542373
13.4
12.9166666667
11.9666666667
12.7333333333
12.5762711864
13.2833333333
13.1166666667
14.5166666667
14.1833333333
13.2542372881
12.2833333333
12.0166666667
13.4166666667
13.5
12.7288135593
13.1
13.7666666667
14.1
14.85
13.9661016949
14.2166666667
13.4
13.8333333333
14.9666666667
14.4915254237
13.7
14.9
14.0333333333
14.4833333333
14.5762711864
14.0833333333
13.5833333333
13.55
13.5833333333
14.6101694915
14.5
15.7166666667
15.35
14.6
15.7118644068
14.1
14.75
14.5
14.05
13.7288135593
14.6
15.6166666667
14.4561403509
--END OF 2--
13.7833333333
15.45
12.8
13.85
14.75
12.5423728814
13.1333333333
14.1166666667
13.6166666667
14.1833333333
16.1
12.1525423729
14.0666666667
13.5666666667
12.35
13.5
13.2542372881
13.3166666667
13.3666666667
15.2333333333
14.6833333333
14.1525423729
12.4333333333
12.6166666667
14.3
15.0
12.7627118644
13.7166666667
14.8166666667
15.7833333333
15.8666666667
14.1016949153
16.1166666667
14.5
14.5
15.75
14.9491525424
14.6
14.95
14.6333333333
15.8
15.4237288136
14.6833333333
13.9333333333
14.7333333333
14.6166666667
15.1694915254
14.5
16.8166666667
16.5166666667
15.4833333333
15.9661016949
14.4
15.35
14.6
15.05
14.0338983051
15.0
16.3
14.4561403509
--END OF 3--
10.2333333333
10.6166666667
10.0
10.1333333333
10.3
9.30508474576
9.38333333333
9.96666666667
9.26666666667
9.68333333333
10.45
10.2203389831
9.93333333333
9.8
8.9
9.91666666667
9.8813559322
10.2666666667
10.0666666667
10.3666666667
10.6333333333
10.1016949153
9.13333333333
8.91666666667
9.81666666667
10.15
9.83050847458
10.05
10.0166666667
10.7
10.4833333333
9.69491525424
10.5
10.2333333333
10.1
10.8
10.3559322034
10.5
10.85
10.9333333333
10.4333333333
10.4745762712
11.1333333333
9.91666666667
9.76666666667
10.6666666667
11.0338983051
10.8666666667
11.0833333333
11.1833333333
11.3833333333
11.4576271186
11.15
10.85
11.0
11.15
10.5084745763
10.6333333333
11.3333333333
10.2456140351
--END OF 4--
13.4333333333
14.8
12.8
13.85
13.95
12.3389830508
12.5333333333
13.8666666667
12.9166666667
13.2833333333
14.5
11.9152542373
13.4
12.9166666667
11.9666666667
12.7333333333
12.5762711864
13.2833333333
13.1166666667
14.5166666667
14.1833333333
13.2542372881
12.2833333333
12.0166666667
13.4166666667
13.5
12.7288135593
13.1
13.7666666667
14.1
14.85
13.9661016949
14.2166666667
13.4
13.8333333333
14.9666666667
14.4915254237
13.7
14.9
14.0333333333
14.4833333333
14.5762711864
14.0833333333
13.5833333333
13.55
13.5833333333
14.6101694915
14.5
15.7166666667
15.35
14.6
15.7118644068
14.1
14.75
14.5
14.05
13.7288135593
14.6
15.6166666667
14.4561403509
--END OF 5--
13.7833333333
15.45
12.8
13.85
14.75
12.5423728814
13.1333333333
14.1166666667
13.6166666667
14.1833333333
16.1
12.1525423729
14.0666666667
13.5666666667
12.35
13.5
13.2542372881
13.3166666667
13.3666666667
15.2333333333
14.6833333333
14.1525423729
12.4333333333
12.6166666667
14.3
15.0
12.7627118644
13.7166666667
14.8166666667
15.7833333333
15.8666666667
14.1016949153
16.1166666667
14.5
14.5
15.75
14.9491525424
14.6
14.95
14.6333333333
15.8
15.4237288136
14.6833333333
13.9333333333
14.7333333333
14.6166666667
15.1694915254
14.5
16.8166666667
16.5166666667
15.4833333333
15.9661016949
14.4
15.35
14.6
15.05
14.0338983051
15.0
16.3
14.4561403509
--END OF 6--
2001.45
2073.0
1932.85
1972.1
1965.45
1837.37288136
1849.95
1968.6
1858.2
1892.7
2030.7
1902.86440678
1986.4
1903.9
1891.15
1906.85
1904.6440678
1963.45
1910.55
1968.1
1981.0
2035.11864407
1863.3
1925.7
1965.55
1965.9
1894.27118644
1965.95
1949.7
2109.3
2110.8
1990.06779661
2067.75
1950.9
1863.15
2081.35
1988.13559322
2080.35
2080.95
2206.35
2029.4
2100.05084746
2155.8
2059.15
1988.85
2130.2
2127.61016949
2112.3
2139.7
2256.55
2206.15
2257.22033898
2103.45
2102.1
2068.2
2189.4
2064.40677966
2151.15
2206.2
2062.89473684
--END OF 7--
554.383333333
575.183333333
530.633333333
546.016666667
557.066666667
502.457627119
511.55
548.4
517.85
534.2
562.75
522.491525424
539.666666667
525.15
511.916666667
544.416666667
531.762711864
536.683333333
533.083333333
566.066666667
557.866666667
552.728813559
511.55
524.0
549.05
551.6
531.016949153
533.6
536.25
579.566666667
574.433333333
548.830508475
577.666666667
544.95
527.566666667
577.533333333
568.644067797
583.95
580.45
611.25
576.7
584.338983051
594.683333333
574.716666667
544.25
581.166666667
585.338983051
579.916666667
606.433333333
636.066666667
614.85
615.0
578.65
573.65
580.5
605.85
577.050847458
591.883333333
609.183333333
565.789473684
--END OF 8--
64.5333333333
71.2
61.7166666667
71.9
70.6666666667
58.7457627119
70.8
83.1
69.95
78.7
77.95
53.0847457627
70.4333333333
61.1333333333
66.35
66.95
58.6101694915
73.4333333333
71.05
86.5166666667
76.8166666667
63.9491525424
71.65
67.9
66.55
80.85
71.186440678
75.5833333333
82.0666666667
71.9333333333
78.1
80.6101694915
70.0
73.3333333333
83.6833333333
87.1
80.593220339
73.35
81.45
69.95
90.7
84.4915254237
65.7666666667
77.3
79.0833333333
73.6
72.186440678
75.8333333333
91.4666666667
90.4666666667
81.4
80.0508474576
73.65
75.85
78.2
72.35
78.0
82.85
83.6333333333
79.9649122807
--END OF 9--
3.25
7.41666666667
2.18333333333
5.66666666667
5.08333333333
2.59322033898
2.65
2.0
5.4
3.3
8.5
1.05084745763
3.06666666667
3.71666666667
2.91666666667
3.35
3.27118644068
1.36666666667
2.31666666667
4.28333333333
4.33333333333
3.30508474576
1.8
4.6
4.31666666667
3.2
0.661016949153
1.88333333333
4.75
5.86666666667
5.61666666667
2.83050847458
4.98333333333
5.48333333333
4.95
4.81666666667
3.54237288136
2.6
4.1
3.65
6.36666666667
3.38983050847
2.88333333333
1.45
4.4
3.78333333333
6.15254237288
2.61666666667
6.46666666667
4.31666666667
2.75
3.83050847458
1.1
4.7
3.0
3.3
2.08474576271
4.96666666667
5.68333333333
3.40350877193
--END OF 10--
0.5
1.0
0.0
0.0
1.31666666667
0.389830508475
0.9
0.4
0.85
1.2
2.5
0.542372881356
0.916666666667
1.0
0.433333333333
1.06666666667
0.474576271186
0.0333333333333
0.0
1.03333333333
1.4
1.38983050847
0.2
0.55
1.05
2.15
0.0847457627119
0.966666666667
1.28333333333
2.1
1.11666666667
0.169491525424
3.0
2.0
1.15
1.35
0.610169491525
1.4
0.3
0.75
1.55
1.84745762712
1.11666666667
0.266666666667
1.8
1.2
0.508474576271
0.0
1.93333333333
1.6
1.13333333333
0.0
0.5
0.9
0.15
1.4
0.559322033898
0.5
0.383333333333
0.0
--END OF 11--
0.0
0.0
0.0
0.0
0.5
0.0
0.0
0.0
0.0
0.0
0.0
0.0847457627119
0.416666666667
0.5
0.433333333333
0.0666666666667
0.0
0.0
0.0
0.216666666667
0.283333333333
0.813559322034
0.2
0.0
0.0
0.5
0.0
0.0
1.01666666667
0.483333333333
0.5
0.0
1.0
0.0
0.0
0.0
0.0
0.0
0.0
0.05
0.316666666667
0.440677966102
0.0666666666667
0.0
0.5
0.5
0.0
0.0
0.266666666667
0.5
0.5
0.0
0.0
0.4
0.1
0.25
0.254237288136
0.5
0.0
0.0
--END OF 12--
