15.7
15.55
15.7627118644
15.3
15.1
15.8666666667
15.7166666667
16.3333333333
15.0169491525
17.3333333333
15.7166666667
17.4666666667
16.6333333333
13.9833333333
16.406779661
15.8833333333
15.5333333333
16.15
15.8166666667
15.5166666667
15.6949152542
16.15
15.9
15.5333333333
16.5
15.813559322
14.7666666667
16.7666666667
15.8166666667
15.6666666667
17.1
16.6440677966
15.2666666667
15.4333333333
15.4833333333
16.1833333333
16.6779661017
14.3666666667
15.8166666667
16.8833333333
14.8166666667
17.05
15.9491525424
15.5666666667
15.9166666667
16.25
15.1833333333
15.1016949153
15.35
16.6
14.9833333333
15.4
15.0666666667
14.8813559322
15.2333333333
15.0666666667
16.3833333333
16.1833333333
14.4166666667
15.5263157895
--END OF 1--
20.3
21.6
21.3050847458
20.6833333333
20.4166666667
22.0333333333
21.4166666667
20.6833333333
20.4576271186
22.8333333333
20.75
22.7166666667
21.8
18.7666666667
21.186440678
21.7666666667
21.0833333333
21.55
20.2833333333
21.0833333333
21.6101694915
20.85
21.0
21.0333333333
21.5333333333
20.4745762712
19.6166666667
21.9666666667
19.9333333333
19.8
21.3
20.3389830508
21.3666666667
19.7333333333
19.4333333333
21.7333333333
21.8644067797
19.9333333333
20.9333333333
21.9333333333
19.4833333333
22.8
22.6271186441
20.5166666667
20.0833333333
21.0333333333
19.1
20.3050847458
20.55
20.35
19.5833333333
20.6
19.5166666667
21.1525423729
21.2333333333
20.15
20.7833333333
21.0666666667
18.1333333333
19.9473684211
--END OF 2--
22.15
22.65
21.6610169492
21.4333333333
20.7833333333
23.7
22.4666666667
21.0
21.186440678
22.9833333333
20.9666666667
23.05
21.9
19.3166666667
21.7627118644
22.3666666667
21.2
22.5
20.2833333333
21.5833333333
22.9661016949
21.8166666667
21.1833333333
21.4333333333
22.8166666667
22.0169491525
19.7666666667
22.8
20.1333333333
21.8833333333
22.3333333333
20.8305084746
22.0666666667
19.9333333333
19.7333333333
21.7833333333
22.0
20.4333333333
21.3833333333
23.25
20.1166666667
23.5166666667
22.7966101695
21.0166666667
21.0
21.0333333333
19.3166666667
20.6949152542
20.65
20.35
20.3833333333
22.0
20.2666666667
21.4576271186
21.4
20.5166666667
22.1166666667
22.0333333333
18.95
20.7894736842
--END OF 3--
15.7
15.55
15.7627118644
15.3
15.1
15.8666666667
15.7166666667
16.3333333333
15.0169491525
17.3333333333
15.7166666667
17.4666666667
16.6333333333
13.9833333333
16.406779661
15.8833333333
15.5333333333
16.15
15.8166666667
15.5166666667
15.6949152542
16.15
15.9
15.5333333333
16.5
15.813559322
14.7666666667
16.7666666667
15.8166666667
15.6666666667
17.1
16.6440677966
15.2666666667
15.4333333333
15.4833333333
16.1833333333
16.6779661017
14.3666666667
15.8166666667
16.8833333333
14.8166666667
17.05
15.9491525424
15.5666666667
15.9166666667
16.25
15.1833333333
15.1016949153
15.35
16.6
14.9833333333
15.4
15.0666666667
14.8813559322
15.2333333333
15.0666666667
16.3833333333
16.1833333333
14.4166666667
15.5263157895
--END OF 4--
20.3
21.6
21.3050847458
20.6833333333
20.4166666667
22.0333333333
21.4166666667
20.6833333333
20.4576271186
22.8333333333
20.75
22.7166666667
21.8
18.7666666667
21.186440678
21.7666666667
21.0833333333
21.55
20.2833333333
21.0833333333
21.6101694915
20.85
21.0
21.0333333333
21.5333333333
20.4745762712
19.6166666667
21.9666666667
19.9333333333
19.8
21.3
20.3389830508
21.3666666667
19.7333333333
19.4333333333
21.7333333333
21.8644067797
19.9333333333
20.9333333333
21.9333333333
19.4833333333
22.8
22.6271186441
20.5166666667
20.0833333333
21.0333333333
19.1
20.3050847458
20.55
20.35
19.5833333333
20.6
19.5166666667
21.1525423729
21.2333333333
20.15
20.7833333333
21.0666666667
18.1333333333
19.9473684211
--END OF 5--
22.15
22.65
21.6610169492
21.4333333333
20.7833333333
23.7
22.4666666667
21.0
21.186440678
22.9833333333
20.9666666667
23.05
21.9
19.3166666667
21.7627118644
22.3666666667
21.2
22.5
20.2833333333
21.5833333333
22.9661016949
21.8166666667
21.1833333333
21.4333333333
22.8166666667
22.0169491525
19.7666666667
22.8
20.1333333333
21.8833333333
22.3333333333
20.8305084746
22.0666666667
19.9333333333
19.7333333333
21.7833333333
22.0
20.4333333333
21.3833333333
23.25
20.1166666667
23.5166666667
22.7966101695
21.0166666667
21.0
21.0333333333
19.3166666667
20.6949152542
20.65
20.35
20.3833333333
22.0
20.2666666667
21.4576271186
21.4
20.5166666667
22.1166666667
22.0333333333
18.95
20.7894736842
--END OF 6--
2883.3
2962.5
3039.45762712
3008.95
2908.65
3060.8
3034.55
2939.4
2836.42372881
3214.3
2966.9
3210.2
3099.95
2819.85
3187.52542373
3148.75
3031.9
3096.45
3053.65
2933.9
3057.61016949
3048.5
2895.6
2927.05
3100.4
2994.50847458
2793.45
3135.7
2891.3
2871.2
3160.7
3039.25423729
3135.3
2912.85
2910.45
3017.25
3103.98305085
2847.8
2961.1
3147.35
2792.95
3125.85
2967.10169492
2882.65
2953.35
3042.35
2841.6
2937.66101695
2931.6
3069.3
2902.65
2994.75
2860.05
2965.98305085
2984.8
2916.35
3052.05
2992.75
2850.9
2907.15789474
--END OF 7--
805.65
828.9
841.101694915
830.25
801.166666667
856.45
842.95
823.7
794.966101695
899.383333333
809.05
902.6
864.966666667
770.066666667
865.322033898
873.35
836.683333333
861.7
830.566666667
817.3
832.508474576
827.6
816.816666667
831.366666667
856.566666667
826.627118644
778.8
872.666666667
812.5
803.166666667
866.933333333
836.813559322
858.75
808.2
819.5
834.95
862.152542373
787.9
828.333333333
878.6
779.3
878.633333333
819.457627119
818.833333333
814.183333333
840.05
785.15
802.169491525
805.55
844.4
806.6
827.0
792.5
818.966101695
834.233333333
806.633333333
835.566666667
826.05
757.55
799.0
--END OF 8--
121.05
121.0
118.847457627
115.733333333
116.033333333
120.216666667
105.566666667
99.55
110.423728814
128.916666667
119.133333333
122.416666667
110.133333333
103.316666667
112.474576271
133.7
116.416666667
118.8
91.8333333333
113.283333333
124.06779661
106.583333333
124.65
127.35
119.333333333
98.8813559322
106.1
107.416666667
94.4333333333
97.0333333333
105.766666667
102.966101695
120.15
105.1
104.1
133.0
114.423728814
107.5
108.15
112.266666667
111.466666667
134.583333333
126.084745763
107.433333333
105.716666667
102.6
87.8166666667
103.457627119
109.4
91.35
100.45
117.5
105.6
135.0
128.216666667
106.05
114.05
116.45
97.5333333333
98.6315789474
--END OF 9--
6.6
6.8
4.13559322034
4.81666666667
4.66666666667
8.53333333333
6.9
3.93333333333
5.76271186441
2.38333333333
3.63333333333
4.55
2.9
4.63333333333
2.03389830508
3.3
5.3
4.65
3.88333333333
5.6
6.49152542373
5.1
1.43333333333
2.86666666667
4.5
5.08474576271
3.71666666667
8.13333333333
3.48333333333
7.16666666667
3.5
3.54237288136
5.7
2.65
1.9
2.25
4.10169491525
5.81666666667
3.96666666667
5.36666666667
2.2
3.38333333333
8.64406779661
4.66666666667
3.18333333333
3.8
2.08333333333
5.50847457627
1.95
0.85
4.0
7.2
3.25
2.79661016949
3.38333333333
4.45
5.15
7.28333333333
4.65
5.10526315789
--END OF 10--
2.55
1.85
0.745762711864
0.816666666667
0.233333333333
2.86666666667
1.25
0.416666666667
0.983050847458
0.366666666667
0.25
0.383333333333
0.0
0.5
1.05084745763
0.0
0.0
1.0
0.0
0.9
2.32203389831
0.816666666667
0.283333333333
0.4
1.7
2.52542372881
0.133333333333
0.5
0.416666666667
3.06666666667
1.33333333333
0.694915254237
0.7
0.3
0.5
0.0
0.372881355932
0.866666666667
0.35
1.91666666667
1.08333333333
0.416666666667
0.627118644068
0.383333333333
0.733333333333
0.0
0.166666666667
0.542372881356
0.3
0.0
1.35
2.5
1.2
0.559322033898
0.0
0.666666666667
1.76666666667
1.98333333333
1.18333333333
1.31578947368
--END OF 11--
0.0
0.0
0.508474576271
0.0
0.0
0.5
0.383333333333
0.116666666667
0.0
0.0
0.0
0.0
0.0
0.5
0.305084745763
0.0
0.0
0.0
0.0
0.0
0.0
0.0
0.0
0.0
0.583333333333
0.966101694915
0.133333333333
0.0
0.0
0.416666666667
0.4
0.186440677966
0.7
0.3
0.0
0.0
0.0
0.0
0.0
0.0
0.5
0.0
0.0
0.0
0.5
0.0
0.0
0.0
0.0
0.0
0.0
0.0
0.5
0.0
0.0
0.0
0.683333333333
0.316666666667
0.5
0.0
--END OF 12--
