15.7457627119
16.5833333333
16.5
16.8
16.05
16.7166666667
14.95
15.3389830508
15.8666666667
16.85
16.75
15.35
15.4166666667
15.5254237288
15.8833333333
14.5666666667
15.4
16.6
15.406779661
16.5
16.6666666667
14.7666666667
15.75
17.1
17.6610169492
16.55
15.9666666667
17.3
15.9
16.35
16.3220338983
16.8666666667
16.9333333333
16.2666666667
16.5833333333
16.15
16.5423728814
15.8166666667
16.35
16.1166666667
16.9
15.8166666667
16.2711864407
16.05
15.15
16.5833333333
16.3833333333
16.2881355932
17.2333333333
16.05
13.9
16.2666666667
14.7666666667
14.8644067797
16.4166666667
15.35
16.1666666667
16.1166666667
16.2166666667
15.1551724138
--END OF 1--
20.7457627119
22.4666666667
22.0833333333
22.1
21.8
21.9166666667
20.15
20.9322033898
21.5333333333
22.2666666667
21.9
20.7
20.1166666667
22.2372881356
22.45
19.0833333333
22.2
23.5666666667
21.3220338983
22.9
22.6666666667
20.9666666667
21.5833333333
23.6833333333
22.3389830508
22.7
22.1833333333
23.3333333333
22.8333333333
21.8666666667
21.8474576271
22.2833333333
22.2333333333
22.1
22.8666666667
22.0333333333
22.4406779661
21.3166666667
22.7
21.9166666667
22.85
21.3666666667
22.6440677966
21.5
20.3
22.0833333333
22.5
23.2372881356
22.9833333333
20.6666666667
19.1333333333
21.3333333333
20.55
20.9152542373
22.3166666667
20.6
21.4666666667
20.4666666667
21.2666666667
20.8793103448
--END OF 2--
21.5593220339
23.9833333333
22.65
22.65
22.45
22.3166666667
21.3
21.2372881356
21.9166666667
23.1
22.9833333333
20.8
20.7833333333
22.8983050847
23.15
19.7333333333
23.1
23.9833333333
21.7627118644
23.75
23.8166666667
21.4166666667
21.8666666667
23.9666666667
22.7288135593
24.2666666667
22.7166666667
23.65
23.0333333333
22.35
22.1186440678
22.3333333333
22.3333333333
22.6833333333
23.2333333333
22.8166666667
22.6949152542
21.9166666667
23.85
22.5666666667
23.3
21.5666666667
24.5593220339
21.5166666667
20.3
22.6833333333
23.2333333333
23.4406779661
23.6833333333
21.5666666667
19.4
23.6833333333
21.9333333333
21.9491525424
23.5666666667
20.95
21.4666666667
20.9166666667
22.2666666667
22.4310344828
--END OF 3--
15.7457627119
16.5833333333
16.5
16.8
16.05
16.7166666667
14.95
15.3389830508
15.8666666667
16.85
16.75
15.35
15.4166666667
15.5254237288
15.8833333333
14.5666666667
15.4
16.6
15.406779661
16.5
16.6666666667
14.7666666667
15.75
17.1
17.6610169492
16.55
15.9666666667
17.3
15.9
16.35
16.3220338983
16.8666666667
16.9333333333
16.2666666667
16.5833333333
16.15
16.5423728814
15.8166666667
16.35
16.1166666667
16.9
15.8166666667
16.2711864407
16.05
15.15
16.5833333333
16.3833333333
16.2881355932
17.2333333333
16.05
13.9
16.2666666667
14.7666666667
14.8644067797
16.4166666667
15.35
16.1666666667
16.1166666667
16.2166666667
15.1551724138
--END OF 4--
20.7457627119
22.4666666667
22.0833333333
22.1
21.8
21.9166666667
20.15
20.9322033898
21.5333333333
22.2666666667
21.9
20.7
20.1166666667
22.2372881356
22.45
19.0833333333
22.2
23.5666666667
21.3220338983
22.9
22.6666666667
20.9666666667
21.5833333333
23.6833333333
22.3389830508
22.7
22.1833333333
23.3333333333
22.8333333333
21.8666666667
21.8474576271
22.2833333333
22.2333333333
22.1
22.8666666667
22.0333333333
22.4406779661
21.3166666667
22.7
21.9166666667
22.85
21.3666666667
22.6440677966
21.5
20.3
22.0833333333
22.5
23.2372881356
22.9833333333
20.6666666667
19.1333333333
21.3333333333
20.55
20.9152542373
22.3166666667
20.6
21.4666666667
20.4666666667
21.2666666667
20.8793103448
--END OF 5--
21.5593220339
23.9833333333
22.65
22.65
22.45
22.3166666667
21.3
21.2372881356
21.9166666667
23.1
22.9833333333
20.8
20.7833333333
22.8983050847
23.15
19.7333333333
23.1
23.9833333333
21.7627118644
23.75
23.8166666667
21.4166666667
21.8666666667
23.9666666667
22.7288135593
24.2666666667
22.7166666667
23.65
23.0333333333
22.35
22.1186440678
22.3333333333
22.3333333333
22.6833333333
23.2333333333
22.8166666667
22.6949152542
21.9166666667
23.85
22.5666666667
23.3
21.5666666667
24.5593220339
21.5166666667
20.3
22.6833333333
23.2333333333
23.4406779661
23.6833333333
21.5666666667
19.4
23.6833333333
21.9333333333
21.9491525424
23.5666666667
20.95
21.4666666667
20.9166666667
22.2666666667
22.4310344828
--END OF 6--
3042.96610169
3156.65
3154.3
3114.9
2989.8
3087.0
2870.25
2950.6779661
3010.75
3126.45
3073.6
2936.75
3020.95
3074.89830508
3114.85
2923.05
3012.1
3002.85
3032.59322034
3110.1
3153.15
2976.75
3038.6
3254.05
3213.71186441
3183.65
3037.8
3288.7
2986.4
3085.95
3085.01694915
3097.25
3125.05
3035.45
3114.4
3128.9
3112.3220339
3093.0
3198.9
3123.75
3146.85
2966.25
3155.94915254
3004.55
2927.75
3096.3
3037.9
3125.44067797
3160.4
3006.85
2853.15
3046.2
2903.4
2936.84745763
3041.7
2903.4
2990.7
2968.95
3080.7
2951.17241379
--END OF 7--
842.796610169
866.583333333
868.366666667
872.45
828.5
871.4
798.4
816.288135593
828.666666667
873.9
849.733333333
804.283333333
809.016666667
840.050847458
853.316666667
799.733333333
835.8
846.35
837.457627119
875.65
872.05
810.6
833.216666667
902.5
894.406779661
877.783333333
850.9
914.516666667
844.833333333
870.6
848.338983051
866.416666667
861.35
852.033333333
872.033333333
849.433333333
853.796610169
873.2
891.05
865.3
887.6
840.7
876.813559322
839.016666667
809.766666667
868.166666667
848.733333333
856.033898305
880.483333333
836.0
770.05
843.916666667
800.066666667
821.406779661
855.8
819.35
831.35
806.4
856.8
804.051724138
--END OF 8--
109.949152542
128.25
117.183333333
122.65
130.3
121.15
112.65
111.186440678
135.016666667
117.833333333
123.95
115.183333333
100.2
140.542372881
132.3
104.083333333
139.016666667
143.766666667
107.474576271
132.85
127.4
123.2
120.866666667
140.233333333
122.016949153
131.166666667
116.0
124.466666667
137.316666667
118.816666667
121.322033898
126.383333333
129.733333333
122.05
122.283333333
117.35
122.576271186
119.7
134.75
113.6
123.55
124.2
127.610169492
123.633333333
116.0
124.266666667
135.766666667
133.084745763
123.283333333
111.333333333
103.35
112.983333333
115.9
126.661016949
123.8
116.2
115.05
101.35
115.0
122.310344828
--END OF 9--
3.66101694915
7.2
6.61666666667
3.55
4.1
4.6
4.15
3.79661016949
2.4
5.51666666667
4.71666666667
2.75
4.86666666667
5.91525423729
7.5
2.96666666667
5.41666666667
9.01666666667
5.23728813559
6.1
5.15
6.4
3.58333333333
4.31666666667
2.28813559322
6.73333333333
4.61666666667
4.15
4.85
3.46666666667
3.5593220339
3.5
1.65
5.18333333333
2.75
5.21666666667
7.64406779661
4.7
8.3
7.15
5.05
3.6
8.28813559322
2.71666666667
1.61666666667
1.81666666667
4.13333333333
5.98305084746
9.86666666667
4.36666666667
3.83333333333
8.7
8.03333333333
4.91525423729
8.05
4.1
3.85
5.5
6.55
7.24137931034
--END OF 10--
1.32203389831
2.5
0.6
1.0
1.0
0.1
1.4
0.508474576271
0.433333333333
0.933333333333
1.13333333333
0.0
1.2
0.983050847458
0.816666666667
1.18333333333
1.03333333333
0.416666666667
0.593220338983
1.2
1.7
0.9
0.533333333333
0.333333333333
0.728813559322
2.28333333333
1.03333333333
0.466666666667
0.0
0.416666666667
0.593220338983
0.216666666667
0.116666666667
0.666666666667
0.783333333333
1.21666666667
0.0
0.7
1.2
0.1
0.25
0.25
3.20338983051
0.0166666666667
0.0
1.18333333333
1.25
0.0677966101695
0.816666666667
1.68333333333
0.416666666667
3.58333333333
2.41666666667
1.52542372881
2.25
0.75
0.05
0.7
1.35
1.55172413793
--END OF 11--
0.0
0.5
0.5
0.0
0.0
0.0
0.0
0.0
0.0
0.0
0.0
0.0
0.0
0.0
0.0
0.0
0.433333333333
0.0
0.0
0.5
0.0
0.0
0.0
0.0
0.0
0.0
0.0
0.0
0.0
0.0
0.0
0.0
0.0
0.0
0.0
0.0
0.0
0.2
0.3
0.0
0.0
0.0
0.796610169492
0.0
0.0
0.0
0.433333333333
0.0677966101695
0.316666666667
0.183333333333
0.0
0.466666666667
0.216666666667
0.28813559322
0.45
0.05
0.0
0.0
0.0
0.51724137931
--END OF 12--
