18.5333333333
19.0338983051
18.9666666667
18.75
18.05
19.3166666667
19.25
19.0338983051
19.05
19.35
19.75
19.3
18.4
19.2033898305
19.0333333333
18.5
19.5333333333
19.0333333333
19.2666666667
18.1186440678
19.35
19.9333333333
19.1666666667
19.2
19.25
18.4237288136
18.9666666667
19.1833333333
18.8333333333
18.9666666667
18.3166666667
18.0508474576
19.5833333333
18.9
18.0333333333
18.1333333333
20.1525423729
19.0166666667
18.3
19.0166666667
17.6
18.0666666667
18.6440677966
18.85
19.2
17.55
17.65
17.9166666667
18.9322033898
18.8
19.4333333333
18.8166666667
19.7333333333
19.406779661
19.75
19.0666666667
18.4833333333
17.3333333333
18.0333333333
18.8965517241
--END OF 1--
23.4833333333
25.3220338983
25.1666666667
25.0
24.1666666667
25.4833333333
24.0333333333
25.5762711864
25.25
25.5
26.2
25.55
24.15
24.3728813559
24.5833333333
24.0666666667
24.7833333333
26.0
25.0
24.2711864407
26.1333333333
25.4333333333
25.35
26.2833333333
26.3166666667
25.1016949153
25.4666666667
25.1833333333
24.4333333333
24.95
24.1666666667
23.7457627119
26.1833333333
24.2333333333
23.2833333333
23.85
26.3559322034
23.7833333333
23.1
24.0166666667
23.1666666667
23.8666666667
25.7796610169
25.25
25.8
23.65
24.0
24.8666666667
25.3728813559
26.05
26.0333333333
24.05
25.25
25.1525423729
26.0333333333
24.4833333333
23.9166666667
23.5333333333
23.85
24.2413793103
--END OF 2--
23.8166666667
25.7627118644
25.75
25.0666666667
24.8166666667
26.7333333333
25.1166666667
26.8474576271
25.6
26.0
26.5
26.0666666667
24.65
25.2203389831
24.9833333333
24.5333333333
25.3166666667
26.7166666667
26.0166666667
26.3898305085
26.9166666667
25.7
25.7333333333
27.45
28.2333333333
26.1355932203
26.8666666667
25.3833333333
24.8833333333
25.5
25.7166666667
24.0508474576
26.8333333333
24.4166666667
24.2
24.4166666667
27.2372881356
24.2
23.65
25.2166666667
24.05
24.8166666667
26.0169491525
25.6
25.8
24.5
24.35
25.1666666667
25.9830508475
27.0666666667
26.5
24.9333333333
25.5666666667
25.5254237288
27.1833333333
24.85
24.35
24.1833333333
24.85
24.3448275862
--END OF 3--
18.5333333333
19.0338983051
18.9166666667
18.6
18.05
19.1166666667
19.2
18.8813559322
19.05
19.35
19.7
19.3
18.4
19.0169491525
19.0166666667
18.5
19.4333333333
19.0333333333
19.2666666667
18.1186440678
19.25
19.7833333333
19.1166666667
19.2
19.15
18.4237288136
18.9
19.1833333333
18.8333333333
18.9666666667
18.3166666667
18.0508474576
19.4833333333
18.9
18.0333333333
18.1166666667
19.8813559322
18.9333333333
18.3
19.0166666667
17.6
18.0666666667
18.5423728814
18.85
18.9
17.55
17.65
17.9166666667
18.7966101695
18.6166666667
19.2833333333
18.8166666667
19.5
19.1694915254
19.6166666667
19.0166666667
18.4833333333
17.3333333333
18.0333333333
18.8448275862
--END OF 4--
23.4833333333
25.3220338983
25.1666666667
25.0
24.1666666667
25.4833333333
24.0333333333
25.5762711864
25.25
25.5
26.2
25.55
24.15
24.3728813559
24.5833333333
24.0666666667
24.7833333333
26.0
25.0
24.2711864407
26.1333333333
25.4333333333
25.35
26.2833333333
26.3166666667
25.1016949153
25.4666666667
25.1833333333
24.4333333333
24.95
24.1666666667
23.7457627119
26.1833333333
24.2333333333
23.2833333333
23.85
26.3559322034
23.7833333333
23.1
24.0166666667
23.1666666667
23.8666666667
25.7457627119
25.25
25.8
23.65
24.0
24.8666666667
25.3728813559
26.0333333333
26.0333333333
24.05
25.25
25.1525423729
26.0333333333
24.4833333333
23.9166666667
23.5333333333
23.85
24.2413793103
--END OF 5--
23.8166666667
25.7627118644
25.75
25.0666666667
24.8166666667
26.7333333333
25.1166666667
26.8474576271
25.6
26.0
26.5
26.0666666667
24.65
25.2203389831
24.9833333333
24.5333333333
25.3166666667
26.7166666667
26.0166666667
26.3898305085
26.9166666667
25.7
25.7333333333
27.45
28.2333333333
26.1355932203
26.8666666667
25.3833333333
24.8833333333
25.5
25.7166666667
24.0508474576
26.8333333333
24.4166666667
24.2
24.4166666667
27.2372881356
24.2
23.65
25.2166666667
24.05
24.8166666667
26.0169491525
25.6
25.8
24.5
24.35
25.1666666667
25.9830508475
27.0666666667
26.5
24.9333333333
25.5666666667
25.5254237288
27.1833333333
24.85
24.35
24.1833333333
24.85
24.3448275862
--END OF 6--
3406.45
3486.76271186
3512.5
3581.85
3426.25
3569.35
3384.7
3535.62711864
3564.75
3458.85
3552.6
3584.85
3513.45
3423.10169492
3569.9
3457.5
3547.4
3538.5
3567.2
3349.11864407
3542.45
3678.25
3469.15
3588.5
3576.45
3429.20338983
3594.15
3544.65
3599.4
3507.5
3420.0
3335.84745763
3593.75
3499.75
3435.65
3500.25
3641.38983051
3418.45
3302.5
3524.4
3312.3
3351.0
3553.11864407
3520.05
3656.4
3456.45
3433.35
3451.35
3594.15254237
3493.05
3527.2
3500.65
3577.85
3581.03389831
3684.0
3464.8
3512.1
3371.7
3382.25
3372.31034483
--END OF 7--
944.85
968.559322034
986.716666667
995.816666667
953.75
1026.26666667
973.7
982.661016949
986.6
990.0
989.5
1000.25
976.5
969.593220339
987.7
961.633333333
994.966666667
987.35
1007.38333333
935.86440678
1002.43333333
1010.85
986.883333333
1012.78333333
1001.68333333
953.915254237
1003.38333333
998.1
980.35
989.966666667
953.95
935.389830508
1020.25
961.1
956.916666667
976.683333333
1026.91525424
944.766666667
919.033333333
980.35
910.716666667
926.083333333
984.627118644
999.45
1011.85
954.8
958.1
961.15
999.118644068
988.716666667
988.95
963.25
1012.66666667
1004.33898305
1028.51666667
980.216666667
968.716666667
923.566666667
955.75
958.568965517
--END OF 8--
125.283333333
144.593220339
144.633333333
143.566666667
130.1
140.866666667
131.333333333
144.305084746
142.6
141.85
148.05
133.883333333
133.8
133.796610169
139.133333333
128.766666667
132.05
148.633333333
137.5
139.237288136
145.183333333
127.716666667
130.833333333
155.433333333
150.166666667
145.0
138.816666667
139.4
133.0
133.2
139.25
121.813559322
149.4
120.183333333
129.283333333
131.05
136.610169492
115.95
117.0
126.3
128.516666667
119.35
152.796610169
148.9
136.35
129.15
143.45
143.1
146.406779661
153.6
150.716666667
121.116666667
127.0
138.610169492
134.95
128.65
123.133333333
131.683333333
132.816666667
132.637931034
--END OF 9--
1.51666666667
5.50847457627
5.6
3.35
2.71666666667
4.33333333333
3.2
8.66101694915
3.75
5.1
6.0
3.4
2.35
2.50847457627
2.63333333333
2.21666666667
3.56666666667
5.43333333333
4.35
5.84745762712
5.48333333333
3.56666666667
6.05
6.51666666667
4.51666666667
5.59322033898
6.11666666667
3.05
2.3
3.4
4.85
4.18644067797
4.73333333333
5.28333333333
2.96666666667
2.66666666667
4.57627118644
4.2
2.3
3.3
6.78333333333
6.78333333333
5.08474576271
3.6
4.25
5.7
3.4
4.35
5.4406779661
6.98333333333
7.2
4.21666666667
4.15
2.62711864407
4.95
4.15
3.08333333333
4.86666666667
4.95
2.3275862069
--END OF 10--
0.466666666667
0.542372881356
0.866666666667
0.15
1.18333333333
1.96666666667
1.33333333333
1.1186440678
0.45
0.45
0.5
0.666666666667
0.9
1.59322033898
0.766666666667
0.766666666667
1.13333333333
0.866666666667
1.5
3.5593220339
0.5
0.416666666667
0.583333333333
1.93333333333
2.16666666667
1.42372881356
1.46666666667
0.5
0.15
0.966666666667
2.05
0.186440677966
0.45
0.583333333333
1.28333333333
0.716666666667
1.03389830508
0.0
0.616666666667
1.38333333333
0.916666666667
1.08333333333
0.169491525424
0.5
0.0
1.0
0.0
0.5
0.694915254237
1.53333333333
0.883333333333
0.883333333333
0.116666666667
0.118644067797
2.01666666667
0.733333333333
0.9
1.3
1.5
0.0
--END OF 11--
0.333333333333
0.169491525424
0.0
0.0
0.0
0.666666666667
0.333333333333
0.0
0.0
0.0
0.0
0.0
0.0
0.0338983050847
0.466666666667
0.0
0.133333333333
0.366666666667
0.0
0.508474576271
0.0
0.0
0.0
0.166666666667
0.55
0.28813559322
0.0
0.0
0.0
0.15
0.85
0.186440677966
0.316666666667
0.0
0.5
0.0
0.508474576271
0.0
0.616666666667
1.38333333333
0.0
0.5
0.169491525424
0.0
0.0
0.0
0.0
0.0
0.0
0.0
0.0
0.383333333333
0.116666666667
0.0
0.0
0.0
0.0
0.0
0.0
0.0
--END OF 12--
