16.15
16.5166666667
16.5
15.9666666667
15.1333333333
16.7627118644
17.8833333333
17.2833333333
16.7333333333
16.8333333333
17.0833333333
16.1525423729
16.0833333333
16.3833333333
16.7
15.6
17.9152542373
17.8666666667
16.45
17.1333333333
17.8166666667
17.813559322
16.9333333333
17.45
16.5833333333
17.95
16.4333333333
16.186440678
17.25
17.7166666667
16.4666666667
17.95
17.7966101695
17.3333333333
17.1833333333
18.1333333333
17.9666666667
18.6779661017
18.0
18.8833333333
18.1
19.6
20.8
18.8813559322
18.3666666667
18.0166666667
19.15
17.9166666667
18.3728813559
18.6833333333
18.8833333333
17.7166666667
18.3666666667
18.9830508475
18.2166666667
18.0333333333
19.2333333333
17.4333333333
17.9322033898
15.7457627119
--END OF 1--
22.7333333333
23.1833333333
22.4
21.9333333333
21.6166666667
25.3220338983
24.5
24.85
23.9
23.7166666667
23.8166666667
23.4406779661
24.3333333333
24.1333333333
25.0166666667
23.2
26.8305084746
24.8
24.1833333333
25.1333333333
25.1166666667
26.2881355932
24.2333333333
24.35
25.3833333333
24.8
24.25
23.1016949153
24.85
26.9
25.4833333333
26.2
24.0338983051
25.55
25.5
26.8833333333
25.6666666667
26.7118644068
24.9833333333
25.9833333333
27.1
28.1833333333
28.4666666667
26.7288135593
28.1
26.3166666667
28.05
27.85
25.3559322034
26.7166666667
27.5666666667
27.3166666667
26.9666666667
28.0508474576
26.7666666667
25.7
27.2166666667
26.0666666667
27.9491525424
23.9661016949
--END OF 2--
24.6333333333
23.7
23.4833333333
24.2333333333
22.4333333333
26.2372881356
25.0666666667
26.3333333333
24.6
27.3
24.9166666667
24.7457627119
26.2833333333
25.8833333333
25.65
23.35
27.9661016949
25.3
24.2833333333
26.4666666667
25.9
27.1694915254
25.7666666667
25.0833333333
26.0333333333
25.2166666667
26.8833333333
23.5593220339
25.2
28.8333333333
27.0
26.7
25.6610169492
27.1333333333
27.2666666667
29.1166666667
27.1333333333
27.8474576271
26.5166666667
26.5166666667
28.9333333333
31.0333333333
31.2833333333
28.3559322034
29.5333333333
27.7166666667
29.0
29.4
27.186440678
27.2
28.75
27.9666666667
28.05
29.0338983051
28.3
27.4
29.4333333333
26.6833333333
29.1016949153
25.5762711864
--END OF 3--
16.15
16.5166666667
16.5
15.9666666667
15.1333333333
16.7627118644
17.8833333333
17.2833333333
16.7333333333
16.8333333333
17.0833333333
16.1525423729
16.0833333333
16.3833333333
16.7
15.6
17.9152542373
17.8666666667
16.45
17.1333333333
17.8166666667
17.813559322
16.9333333333
17.45
16.5833333333
17.95
16.4333333333
16.186440678
17.25
17.7166666667
16.4666666667
17.95
17.7966101695
17.3333333333
17.1833333333
18.1333333333
17.9666666667
18.6779661017
18.0
18.8333333333
18.1
19.2333333333
20.2
18.8813559322
18.3666666667
18.0166666667
19.15
17.9166666667
18.3728813559
18.6666666667
18.8833333333
17.7166666667
18.3666666667
18.8813559322
18.2166666667
18.0333333333
19.2333333333
17.4333333333
17.9322033898
15.7457627119
--END OF 4--
22.7333333333
23.1833333333
22.4
21.9333333333
21.6166666667
25.3220338983
24.5
24.85
23.9
23.7166666667
23.8166666667
23.4406779661
24.3333333333
24.1333333333
25.0166666667
23.2
26.8305084746
24.8
24.1833333333
25.1333333333
25.1166666667
26.2881355932
24.2333333333
24.35
25.3833333333
24.8
24.25
23.1016949153
24.85
26.9
25.4833333333
26.2
24.0338983051
25.55
25.5
26.8833333333
25.6666666667
26.7118644068
24.9833333333
25.9833333333
27.0833333333
28.1833333333
28.4666666667
26.7288135593
28.05
26.3166666667
28.05
27.8166666667
25.3559322034
26.7166666667
27.5666666667
27.3166666667
26.9666666667
28.0169491525
26.75
25.7
27.2166666667
26.0666666667
27.8474576271
23.9661016949
--END OF 5--
24.6333333333
23.7
23.4833333333
24.2333333333
22.4333333333
26.2372881356
25.0666666667
26.3333333333
24.6
27.3
24.9166666667
24.7457627119
26.2833333333
25.8833333333
25.65
23.35
27.9661016949
25.3
24.2833333333
26.4666666667
25.9
27.1694915254
25.7666666667
25.0833333333
26.0333333333
25.2166666667
26.8833333333
23.5593220339
25.2
28.8333333333
27.0
26.7
25.6610169492
27.1333333333
27.2666666667
29.1166666667
27.1333333333
27.8474576271
26.5166666667
26.5166666667
28.9333333333
31.0333333333
31.2833333333
28.3559322034
29.5333333333
27.7166666667
29.0
29.4
27.186440678
27.2
28.75
27.9666666667
28.05
29.0338983051
28.3
27.4
29.4333333333
26.6833333333
29.1016949153
25.5762711864
--END OF 6--
3013.95
3054.25
3057.95
2999.7
2921.0
3259.93220339
3281.0
3257.7
3161.55
3228.65
3231.5
3086.89830508
3061.2
3118.35
3236.5
3033.9
3411.81355932
3335.7
3136.9
3184.35
3330.4
3347.49152542
3195.05
3236.6
3269.85
3375.45
3153.85
3182.59322034
3340.5
3386.25
3185.6
3291.9
3299.59322034
3376.15
3272.85
3440.25
3401.65
3385.42372881
3345.7
3409.3
3462.85
3574.55
3784.05
3563.89830508
3499.5
3455.7
3575.85
3395.25
3492.15254237
3432.0
3538.65
3291.1
3524.9
3570.15254237
3498.1
3450.6
3549.75
3360.45
3423.25423729
3182.69491525
--END OF 7--
848.366666667
861.333333333
865.0
852.216666667
816.933333333
902.033898305
915.9
907.15
883.533333333
911.383333333
896.75
851.93220339
854.2
868.05
899.55
834.85
939.406779661
918.916666667
881.3
897.666666667
939.15
945.237288136
898.2
888.35
897.65
931.0
876.433333333
875.389830508
913.3
944.533333333
894.516666667
924.6
907.525423729
933.183333333
924.266666667
964.583333333
947.0
958.355932203
939.466666667
962.85
964.916666667
1013.16666667
1052.0
989.406779661
981.2
960.7
1014.25
969.433333333
981.779661017
967.383333333
989.083333333
917.233333333
975.15
1003.66101695
962.233333333
965.583333333
1006.06666667
943.666666667
984.779661017
852.745762712
--END OF 8--
132.066666667
144.45
125.483333333
142.25
118.683333333
168.271186441
131.9
144.616666667
140.416666667
140.316666667
139.783333333
138.254237288
155.15
144.45
155.983333333
140.25
164.915254237
138.366666667
137.366666667
163.75
153.933333333
156.949152542
148.416666667
144.65
161.883333333
147.383333333
146.666666667
130.338983051
143.15
165.75
161.283333333
165.6
143.084745763
155.05
150.65
166.916666667
159.7
160.661016949
140.0
155.166666667
176.533333333
170.783333333
169.783333333
157.881355932
174.7
162.95
176.65
161.35
147.440677966
154.816666667
170.833333333
173.233333333
167.383333333
185.186440678
171.566666667
151.05
165.25
151.75
173.661016949
145.355932203
--END OF 9--
11.9333333333
4.98333333333
4.33333333333
8.41666666667
7.71666666667
7.67796610169
9.93333333333
11.1833333333
6.4
9.43333333333
4.76666666667
8.57627118644
10.5
10.55
6.81666666667
8.6
11.6271186441
5.83333333333
6.2
9.45
4.95
8.38983050847
7.3
6.53333333333
8.23333333333
4.85
10.9833333333
7.49152542373
9.0
12.95
12.3833333333
6.95
6.18644067797
8.7
8.98333333333
11.5833333333
6.8
10.5084745763
8.16666666667
5.13333333333
10.8833333333
10.85
11.6
7.76271186441
9.36666666667
10.5
9.8
15.55
7.54237288136
8.68333333333
8.51666666667
12.9
8.95
7.86440677966
8.46666666667
7.23333333333
9.4
8.43333333333
12.3050847458
10.0338983051
--END OF 10--
2.85
0.733333333333
1.41666666667
2.5
0.516666666667
1.18644067797
0.916666666667
1.83333333333
0.833333333333
4.28333333333
1.28333333333
1.79661016949
2.85
2.2
0.616666666667
0.05
1.16949152542
0.783333333333
0.216666666667
1.86666666667
0.166666666667
1.01694915254
1.68333333333
1.28333333333
0.866666666667
0.5
4.21666666667
0.932203389831
0.35
3.23333333333
2.06666666667
0.9
2.10169491525
2.18333333333
2.66666666667
3.25
2.08333333333
1.72881355932
2.65
0.7
2.15
3.86666666667
3.21666666667
2.4406779661
1.95
1.8
1.55
2.4
2.38983050847
0.633333333333
1.43333333333
0.816666666667
1.41666666667
1.27118644068
2.21666666667
2.61666666667
3.63333333333
0.783333333333
1.38983050847
2.10169491525
--END OF 11--
0.0
0.0833333333333
0.916666666667
0.5
0.0
0.0
0.316666666667
0.183333333333
0.2
2.28333333333
0.716666666667
0.237288135593
0.0
0.0
0.0
0.05
0.525423728814
0.5
0.0
0.1
0.166666666667
0.0
1.15
0.283333333333
0.5
0.0
0.5
0.0
0.0
0.5
0.0
0.0
0.28813559322
0.15
0.5
0.65
0.583333333333
0.508474576271
0.5
0.0
0.266666666667
0.65
1.63333333333
0.813559322034
0.816666666667
0.5
0.0
0.416666666667
0.762711864407
0.166666666667
0.0
0.0
0.166666666667
0.0
0.7
0.0166666666667
0.483333333333
0.0
0.440677966102
1.22033898305
--END OF 12--
