44.3666666667
43.4576271186
43.5166666667
41.95
43.2666666667
42.05
40.9166666667
41.3220338983
41.05
40.4
39.0666666667
38.5333333333
36.5833333333
37.75
38.2542372881
38.6
36.7333333333
36.4166666667
37.1166666667
35.8833333333
35.7118644068
34.3
34.5666666667
33.0666666667
34.0333333333
33.6949152542
32.8166666667
32.8166666667
34.6666666667
34.3
31.4666666667
33.186440678
31.9833333333
30.3666666667
30.7833333333
29.1
30.85
29.1525423729
30.9
30.9166666667
30.0833333333
29.1333333333
29.9
29.0169491525
29.1
28.0166666667
27.65
28.1166666667
27.0833333333
27.2033898305
26.25
26.4666666667
26.75
26.7666666667
25.55
24.5084745763
24.7
25.3
25.5166666667
45.275862069
--END OF 1--
67.9166666667
70.593220339
69.3833333333
65.2166666667
67.8833333333
66.1333333333
66.9166666667
64.8644067797
63.85
62.7333333333
59.85
60.25
59.4666666667
60.4666666667
60.593220339
59.8166666667
57.3666666667
57.8833333333
57.8
57.0666666667
53.8983050847
53.5833333333
55.1166666667
52.3333333333
54.5166666667
54.4576271186
48.6166666667
50.1333333333
53.8666666667
52.0833333333
48.35
50.6610169492
50.25
46.5
48.8666666667
45.3
47.5666666667
45.8305084746
47.2166666667
46.95
44.9166666667
43.2333333333
44.7833333333
43.9152542373
44.15
43.3666666667
42.5333333333
41.6166666667
42.1
39.6779661017
40.1666666667
41.1666666667
40.3833333333
39.3166666667
38.7333333333
36.5593220339
39.2666666667
39.0166666667
40.6333333333
74.224137931
--END OF 2--
71.9666666667
74.6101694915
74.0666666667
70.5333333333
71.2666666667
69.6333333333
70.6666666667
68.2033898305
67.7666666667
66.4833333333
63.45
63.3166666667
62.2166666667
62.2
65.0508474576
64.0166666667
61.2666666667
61.5666666667
60.5166666667
61.15
57.3728813559
54.2166666667
58.6833333333
54.5666666667
57.7166666667
57.406779661
52.55
52.9666666667
57.2666666667
54.35
50.8666666667
54.2033898305
53.0
48.5166666667
53.4333333333
46.8666666667
50.9666666667
47.593220339
49.45
48.3333333333
46.2666666667
44.3833333333
46.5333333333
46.593220339
46.2833333333
45.5333333333
46.1166666667
43.4666666667
44.6
40.7966101695
41.2
44.3833333333
41.9333333333
41.6666666667
41.6166666667
37.7796610169
41.6166666667
41.0166666667
41.9166666667
77.8620689655
--END OF 3--
31.55
31.3220338983
31.5333333333
31.0166666667
31.3333333333
30.7333333333
30.45
30.6610169492
30.4333333333
30.0
29.8166666667
29.3833333333
28.15
28.85
29.2033898305
29.2666666667
28.6
28.2333333333
28.3333333333
28.0666666667
28.0508474576
27.75
27.8333333333
27.2
27.7666666667
27.593220339
27.2166666667
27.1333333333
28.0
27.75
26.4666666667
27.4406779661
26.5833333333
25.8333333333
25.9333333333
24.95
26.0333333333
24.9491525424
26.2166666667
26.2
25.7666666667
25.1
25.6333333333
25.0
25.1
24.2833333333
24.0333333333
24.5333333333
23.8
23.8305084746
23.3333333333
23.4333333333
23.5666666667
23.5666666667
22.85
22.4576271186
22.4666666667
22.6833333333
22.8833333333
32.3275862069
--END OF 4--
48.35
49.7118644068
49.35
47.6
48.7333333333
47.95
48.2166666667
47.5593220339
46.8833333333
46.25
45.45
45.5666666667
45.0833333333
45.4166666667
45.7796610169
45.2666666667
44.4
44.4666666667
44.2
44.0833333333
42.9661016949
42.8666666667
43.6
42.3833333333
43.3833333333
43.1694915254
40.55
41.25
43.2
42.2666666667
40.3833333333
41.5762711864
41.3
39.3166666667
40.4166666667
38.6666666667
39.8833333333
38.8644067797
39.8833333333
39.6833333333
38.6333333333
37.7333333333
38.55
38.1525423729
38.2666666667
37.8
37.2666666667
36.8333333333
37.0666666667
35.5254237288
35.8166666667
36.4333333333
35.7833333333
35.3166666667
34.95
33.5254237288
35.15
35.1
36.1
51.0689655172
--END OF 5--
60.4166666667
61.7457627119
61.5666666667
59.8333333333
60.1833333333
59.2333333333
59.7666666667
58.3898305085
58.1166666667
57.3833333333
56.0333333333
55.8333333333
55.05
54.9333333333
56.7288135593
55.9166666667
54.7
54.7166666667
53.85
54.3166666667
52.2711864407
50.45
53.2333333333
50.6333333333
52.5333333333
52.3220338983
49.5833333333
49.8
52.4
50.6833333333
48.4
50.4576271186
49.75
46.8833333333
49.9
45.8166666667
48.5166666667
46.2203389831
47.5833333333
46.8
45.6166666667
43.95
45.6
45.5762711864
45.3333333333
44.8333333333
45.3333333333
43.3666666667
44.3333333333
40.7457627119
41.1666666667
43.8833333333
41.9333333333
41.6666666667
41.5666666667
37.7796610169
41.6166666667
40.9666666667
41.8666666667
63.0689655172
--END OF 6--
8039.6
8059.77966102
8025.5
7550.35
7828.95
7613.5
7503.45
7543.22033898
7486.95
7441.65
7033.45
7041.2
6794.6
7126.6
7077.61016949
7016.2
6729.5
6708.7
6941.85
6790.6
6559.6779661
6343.25
6411.25
6231.45
6331.8
6252.50847458
5853.75
6158.05
6113.45
6154.55
5614.85
5891.89830508
5856.4
5595.05
5689.2
5335.1
5714.05
5501.89830508
5672.25
5674.8
5442.85
5255.0
5479.5
5362.3220339
5419.1
5151.15
5118.3
5213.75
5035.5
4962.25423729
4799.6
4974.7
4931.75
4839.9
4749.55
4570.22033898
4668.1
4826.55
4745.6
8361.05172414
--END OF 7--
2274.4
2283.86440678
2242.36666667
2149.38333333
2249.35
2178.23333333
2140.28333333
2131.93220339
2128.8
2103.63333333
2003.91666667
1985.73333333
1933.18333333
2008.95
2012.11864407
1992.08333333
1900.53333333
1902.01666667
1951.75
1904.58333333
1841.52542373
1774.15
1804.53333333
1749.4
1773.85
1761.94915254
1677.91666667
1718.06666667
1765.8
1767.7
1606.13333333
1687.16949153
1657.65
1565.91666667
1632.1
1514.81666667
1610.06666667
1565.37288136
1597.21666667
1614.3
1541.21666667
1481.28333333
1544.55
1508.49152542
1523.1
1461.68333333
1441.4
1464.75
1421.68333333
1397.10169492
1360.11666667
1403.2
1393.58333333
1384.45
1345.11666667
1296.23728814
1328.63333333
1350.83333333
1354.93333333
2366.67241379
--END OF 8--
432.116666667
485.016949153
454.283333333
406.883333333
429.216666667
437.616666667
446.45
436.237288136
424.283333333
417.316666667
382.416666667
387.433333333
396.616666667
403.8
390.610169492
406.583333333
379.7
383.483333333
391.5
392.233333333
360.813559322
338.966666667
370.733333333
365.333333333
337.2
368.898305085
310.133333333
324.85
339.516666667
337.266666667
325.65
329.322033898
348.183333333
305.15
335.3
297.0
314.2
303.033898305
296.483333333
301.516666667
284.216666667
282.983333333
278.95
283.372881356
267.616666667
278.266666667
282.55
248.283333333
275.25
252.050847458
245.183333333
264.983333333
254.35
249.3
253.25
234.203389831
264.516666667
250.216666667
267.383333333
511.913793103
--END OF 9--
31.9666666667
30.6779661017
32.8833333333
32.3166666667
24.1333333333
31.0
36.2
29.0
28.1333333333
27.0833333333
25.2
25.0333333333
27.6666666667
23.3
29.6949152542
28.8
25.3
26.8166666667
22.6833333333
28.6333333333
18.3728813559
17.4666666667
25.25
16.45
30.7833333333
25.9152542373
18.9166666667
16.2833333333
27.0833333333
18.1666666667
16.3833333333
21.3389830508
21.5166666667
17.5166666667
25.5
19.8833333333
18.9833333333
14.186440678
15.5833333333
12.35
11.2833333333
14.2333333333
13.0833333333
16.4915254237
14.15
18.6333333333
20.2166666667
15.0166666667
19.65
10.1355932203
15.6833333333
18.3666666667
12.9166666667
14.4
17.7
10.3050847458
15.0333333333
16.2666666667
17.8833333333
36.224137931
--END OF 10--
4.55
6.16949152542
6.35
7.0
4.51666666667
4.71666666667
4.46666666667
4.28813559322
4.3
4.33333333333
4.56666666667
4.21666666667
4.01666666667
1.83333333333
5.1186440678
5.6
6.03333333333
4.36666666667
2.35
6.26666666667
4.8813559322
1.26666666667
5.36666666667
2.43333333333
4.75
3.98305084746
6.26666666667
4.66666666667
4.16666666667
2.81666666667
3.28333333333
5.81355932203
3.88333333333
2.9
6.55
2.28333333333
3.76666666667
2.64406779661
2.78333333333
2.58333333333
1.96666666667
1.28333333333
2.25
3.28813559322
2.83333333333
2.98333333333
5.38333333333
2.78333333333
3.35
1.62711864407
1.68333333333
4.76666666667
2.2
2.5
4.06666666667
1.18644067797
3.83333333333
2.75
1.6
5.25862068966
--END OF 11--
1.4
0.932203389831
1.93333333333
1.73333333333
0.516666666667
0.733333333333
0.783333333333
0.35593220339
0.566666666667
0.65
0.883333333333
0.216666666667
1.53333333333
0.45
1.08474576271
0.433333333333
0.366666666667
0.866666666667
0.766666666667
0.8
1.32203389831
0.0
0.233333333333
0.4
1.43333333333
0.203389830508
0.166666666667
0.0
0.633333333333
0.35
0.416666666667
1.27118644068
1.6
0.25
0.433333333333
0.0666666666667
1.23333333333
0.254237288136
0.866666666667
0.166666666667
0.5
0.0
0.616666666667
0.0847457627119
0.366666666667
0.0666666666667
0.433333333333
0.716666666667
0.283333333333
0.0
0.116666666667
0.65
0.233333333333
0.5
0.0
0.322033898305
0.383333333333
0.366666666667
0.0
0.155172413793
--END OF 12--
