12.0333333333
11.6666666667
11.6666666667
11.8644067797
11.9333333333
12.0666666667
11.5166666667
11.5666666667
11.85
11.4406779661
12.2333333333
11.5
12.4166666667
12.6833333333
13.6166666667
11.8474576271
12.5833333333
12.2833333333
11.4666666667
13.6
11.65
12.5593220339
12.15
12.4
12.8333333333
12.2
12.2203389831
12.2666666667
11.2833333333
11.05
12.5166666667
12.3666666667
12.186440678
11.75
12.1833333333
11.0
11.7833333333
11.5762711864
11.6333333333
11.0
10.6
11.4666666667
12.5762711864
13.4333333333
13.4333333333
12.3833333333
12.1666666667
11.6333333333
11.4915254237
11.9166666667
11.3166666667
11.7833333333
12.6
13.5254237288
12.8666666667
11.7166666667
12.7
12.7333333333
12.1333333333
12.2586206897
--END OF 1--
14.7833333333
15.5
15.7166666667
15.0677966102
15.7666666667
16.05
14.95
14.1166666667
14.5
14.6610169492
16.35
15.3833333333
15.2666666667
15.8
16.7333333333
14.2881355932
15.7833333333
15.2333333333
15.0666666667
17.15
15.25
16.6440677966
15.4833333333
15.3333333333
15.3166666667
14.8833333333
15.2203389831
15.6666666667
14.1833333333
14.3166666667
16.95
15.9166666667
15.3389830508
14.75
14.9833333333
15.0
15.5833333333
15.7288135593
15.3333333333
14.2166666667
14.0333333333
15.0333333333
15.7966101695
17.1333333333
16.4333333333
16.3
15.6333333333
14.1666666667
14.0508474576
14.6166666667
14.7166666667
14.5833333333
14.7
16.4576271186
15.6666666667
15.5833333333
15.9166666667
15.4333333333
15.0
15.5344827586
--END OF 2--
15.0166666667
15.75
15.7166666667
15.406779661
16.6666666667
16.65
15.6
14.5833333333
14.6333333333
15.3050847458
16.9
16.4
16.9
16.0833333333
17.0333333333
14.7966101695
15.9833333333
15.2333333333
15.5666666667
17.25
15.3
17.0
16.1333333333
15.7833333333
15.3166666667
15.2333333333
15.2203389831
15.6666666667
14.55
15.0833333333
17.9833333333
16.1833333333
16.3728813559
15.25
15.5333333333
15.15
15.9333333333
16.2711864407
15.8833333333
14.4333333333
14.6333333333
15.8166666667
16.2203389831
17.1333333333
17.05
16.9833333333
16.3166666667
15.15
14.3389830508
14.9666666667
14.7166666667
14.5833333333
14.7
17.6271186441
16.0166666667
15.5833333333
16.4666666667
16.2166666667
15.45
16.1551724138
--END OF 3--
12.0333333333
11.6666666667
11.6666666667
11.8644067797
11.9333333333
12.0666666667
11.5166666667
11.5666666667
11.85
11.4406779661
12.2333333333
11.5
12.4166666667
12.6833333333
13.6166666667
11.8474576271
12.5833333333
12.2833333333
11.4666666667
13.6
11.65
12.5593220339
12.15
12.4
12.8333333333
12.2
12.2203389831
12.2666666667
11.2833333333
11.05
12.5166666667
12.3666666667
12.186440678
11.75
12.1833333333
11.0
11.7833333333
11.5762711864
11.6333333333
11.0
10.6
11.4666666667
12.5762711864
13.4333333333
13.4333333333
12.3833333333
12.1666666667
11.6333333333
11.4915254237
11.9166666667
11.3166666667
11.7833333333
12.6
13.5254237288
12.8666666667
11.7166666667
12.7
12.7333333333
12.1333333333
12.2586206897
--END OF 4--
14.7833333333
15.5
15.7166666667
15.0677966102
15.7666666667
16.05
14.95
14.1166666667
14.5
14.6610169492
16.35
15.3833333333
15.2666666667
15.8
16.7333333333
14.2881355932
15.7833333333
15.2333333333
15.0666666667
17.15
15.25
16.6440677966
15.4833333333
15.3333333333
15.3166666667
14.8833333333
15.2203389831
15.6666666667
14.1833333333
14.3166666667
16.95
15.9166666667
15.3389830508
14.75
14.9833333333
15.0
15.5833333333
15.7288135593
15.3333333333
14.2166666667
14.0333333333
15.0333333333
15.7966101695
17.1333333333
16.4333333333
16.3
15.6333333333
14.1666666667
14.0508474576
14.6166666667
14.7166666667
14.5833333333
14.7
16.4576271186
15.6666666667
15.5833333333
15.9166666667
15.4333333333
15.0
15.5344827586
--END OF 5--
15.0166666667
15.75
15.7166666667
15.406779661
16.6666666667
16.65
15.6
14.5833333333
14.6333333333
15.3050847458
16.9
16.4
16.9
16.0833333333
17.0333333333
14.7966101695
15.9833333333
15.2333333333
15.5666666667
17.25
15.3
17.0
16.1333333333
15.7833333333
15.3166666667
15.2333333333
15.2203389831
15.6666666667
14.55
15.0833333333
17.9833333333
16.1833333333
16.3728813559
15.25
15.5333333333
15.15
15.9333333333
16.2711864407
15.8833333333
14.4333333333
14.6333333333
15.8166666667
16.2203389831
17.1333333333
17.05
16.9833333333
16.3166666667
15.15
14.3389830508
14.9666666667
14.7166666667
14.5833333333
14.7
17.6271186441
16.0166666667
15.5833333333
16.4666666667
16.2166666667
15.45
16.1551724138
--END OF 6--
2330.0
2310.25
2247.9
2210.49152542
2281.6
2363.95
2232.75
2221.05
2283.0
2296.98305085
2396.5
2264.8
2332.35
2421.1
2488.0
2236.27118644
2375.55
2287.95
2322.3
2469.15
2326.65
2377.77966102
2268.65
2429.0
2413.95
2353.8
2405.08474576
2400.8
2227.15
2255.4
2391.85
2384.05
2260.16949153
2326.5
2330.55
2146.95
2261.4
2248.72881356
2260.1
2215.7
2156.85
2269.55
2402.94915254
2440.25
2489.45
2375.05
2341.85
2384.5
2304.3559322
2341.95
2338.2
2248.65
2350.5
2462.59322034
2454.0
2338.9
2414.1
2501.2
2376.75
2322.98275862
--END OF 7--
625.916666667
634.55
629.65
618.745762712
625.283333333
651.416666667
634.4
610.983333333
620.183333333
638.898305085
662.783333333
626.916666667
657.916666667
656.85
697.15
619.661016949
658.9
632.2
649.3
701.9
633.35
667.372881356
623.733333333
660.766666667
658.633333333
659.75
663.288135593
667.683333333
624.1
611.1
673.283333333
659.15
626.406779661
625.65
647.4
584.55
629.7
623.745762712
632.983333333
607.9
592.55
613.083333333
648.050847458
692.266666667
688.466666667
654.833333333
638.65
638.366666667
626.389830508
649.6
639.75
611.5
646.5
694.423728814
667.983333333
634.166666667
666.883333333
673.433333333
656.15
636.827586207
--END OF 8--
70.5
75.8
91.0
77.2203389831
78.1833333333
76.4333333333
76.25
70.9
78.6166666667
79.1355932203
84.1
83.0
68.9833333333
77.5
89.0666666667
70.4915254237
75.15
73.95
82.2
87.05
75.1
87.0169491525
74.8666666667
66.8166666667
74.6333333333
69.4666666667
75.3559322034
77.15
58.6833333333
62.5833333333
85.2333333333
86.5833333333
74.5084745763
68.15
73.4
74.85
78.6
78.4406779661
75.9666666667
76.7333333333
70.9166666667
72.55
79.5254237288
73.3833333333
90.15
87.3
80.2833333333
67.8666666667
73.5423728814
69.5
63.8
64.55
64.3
73.813559322
74.2666666667
86.6
75.9833333333
73.35
66.3833333333
83.1896551724
--END OF 9--
1.8
2.28333333333
2.15
2.13559322034
5.1
4.5
3.43333333333
2.36666666667
1.6
3.98305084746
3.16666666667
4.36666666667
5.3
3.15
1.68333333333
1.74576271186
3.15
0.75
1.85
1.85
0.2
4.08474576271
2.78333333333
0.5
0.633333333333
1.7
1.69491525424
2.78333333333
2.9
3.28333333333
5.95
2.78333333333
5.23728813559
2.7
3.7
4.75
3.1
4.33898305085
2.56666666667
3.48333333333
2.8
4.21666666667
3.06779661017
2.53333333333
1.4
3.71666666667
3.95
2.8
1.52542372881
1.5
1.35
0.5
1.3
4.15254237288
1.85
2.56666666667
3.23333333333
3.5
2.38333333333
2.72413793103
--END OF 10--
0.383333333333
0.0
0.0
0.677966101695
1.51666666667
1.05
0.9
0.366666666667
0.0
0.64406779661
1.03333333333
1.0
2.35
0.483333333333
0.416666666667
0.593220338983
0.0
0.0
1.0
0.0
0.05
0.457627118644
0.5
0.0
0.0
0.5
0.0
0.0
0.616666666667
0.716666666667
1.38333333333
0.333333333333
1.98305084746
0.7
0.8
0.5
0.5
0.593220338983
0.85
0.1
0.966666666667
1.06666666667
0.949152542373
0.0
0.883333333333
1.11666666667
0.7
0.916666666667
0.389830508475
0.5
0.0
0.0
0.0
2.52542372881
0.516666666667
0.0
0.5
1.23333333333
0.666666666667
0.879310344828
--END OF 11--
0.233333333333
0.0
0.0
0.0
0.0
0.0
0.0
0.0
0.0
0.0
0.0
0.0
0.0
0.0
0.0
0.0
0.0
0.0
0.0
0.0
0.0
0.0
0.0
0.0
0.0
0.0
0.0
0.0
0.116666666667
0.716666666667
0.666666666667
0.0
0.0
0.2
0.3
0.0
0.0
0.508474576271
0.0
0.0
0.5
0.0
0.0
0.0
0.5
0.0
0.166666666667
0.333333333333
0.0
0.0
0.0
0.0
0.0
0.0
0.0
0.0
0.0
0.0
0.0
0.0
--END OF 12--
