20.0833333333
18.7166666667
19.3
18.5
18.9833333333
17.9833333333
19.6610169492
19.2
20.9
18.9166666667
20.1833333333
21.15
20.7288135593
19.4
18.7166666667
19.4
19.2666666667
20.0666666667
18.4745762712
18.8666666667
19.8166666667
20.35
20.95
20.5762711864
19.4
19.2
20.55
19.3166666667
18.9333333333
20.0
19.7833333333
20.85
19.8666666667
20.1
20.2711864407
19.1
19.5333333333
20.2666666667
19.7333333333
19.5166666667
18.5593220339
19.4
20.2333333333
19.9833333333
20.0333333333
20.6833333333
19.8474576271
20.8666666667
20.45
19.4333333333
18.1833333333
19.8
21.2542372881
20.6166666667
19.4
19.4
20.4333333333
20.7118644068
19.7833333333
18.298245614
--END OF 1--
26.35
25.7333333333
25.5833333333
24.85
25.0333333333
25.35
25.9661016949
25.9
27.25
25.9833333333
26.6
27.2
27.813559322
26.3833333333
24.4
24.7333333333
25.3
27.45
25.8305084746
25.9666666667
27.55
26.5833333333
27.7166666667
28.7118644068
24.9
26.75
27.45
25.6166666667
25.2833333333
25.9661016949
27.15
28.3833333333
27.0333333333
28.4833333333
26.5084745763
26.4
25.6333333333
26.0166666667
27.8666666667
26.0
25.4915254237
26.25
26.7833333333
27.0833333333
27.8333333333
27.5333333333
26.9322033898
27.3
27.1833333333
26.5166666667
24.9166666667
27.3333333333
28.2542372881
27.4833333333
25.4
26.8333333333
26.8333333333
27.8813559322
26.2833333333
24.3684210526
--END OF 2--
26.8333333333
26.0333333333
27.1666666667
25.7333333333
25.1666666667
26.0333333333
27.0508474576
27.05
27.95
26.8
27.65
27.7
28.3559322034
28.1833333333
25.7
25.5
25.8333333333
28.6833333333
27.9152542373
26.1
27.6333333333
26.8833333333
28.3333333333
29.3898305085
25.4
27.3
27.45
26.6666666667
26.5333333333
26.5084745763
28.7
29.0166666667
27.8833333333
28.6333333333
26.8644067797
27.2166666667
26.1666666667
26.2166666667
28.7666666667
26.0
26.1525423729
26.8
27.9333333333
27.6833333333
28.3333333333
27.7833333333
27.9830508475
27.7166666667
27.8833333333
27.4833333333
25.7833333333
28.1666666667
28.4237288136
28.4
26.1833333333
28.6333333333
27.7833333333
28.3220338983
27.4
25.649122807
--END OF 3--
19.5333333333
18.5666666667
18.95
18.45
18.8833333333
17.9833333333
19.4576271186
19.1
20.1
18.7666666667
19.9
20.2
19.9830508475
19.2333333333
18.7166666667
19.4
19.2666666667
19.8166666667
18.4745762712
18.8666666667
19.6666666667
19.95
20.4
20.1186440678
19.15
19.2
19.85
19.3166666667
18.9333333333
19.9491525424
19.75
20.0
19.65
19.7333333333
19.7966101695
19.0333333333
19.35
19.75
19.45
19.4166666667
18.5593220339
19.3
19.5333333333
19.7333333333
19.6833333333
20.1333333333
19.6271186441
19.9333333333
19.6833333333
19.0333333333
18.1
19.1833333333
20.3728813559
20.0333333333
19.4
19.0833333333
19.9833333333
20.0677966102
19.3
18.298245614
--END OF 4--
26.3333333333
25.7333333333
25.5833333333
24.85
25.0333333333
25.35
25.9661016949
25.9
27.25
25.9833333333
26.5833333333
27.2
27.813559322
26.3833333333
24.4
24.7333333333
25.3
27.45
25.8305084746
25.9666666667
27.55
26.5833333333
27.7166666667
28.6610169492
24.9
26.75
27.45
25.6166666667
25.2833333333
25.9661016949
27.15
28.3833333333
27.0333333333
28.4833333333
26.5084745763
26.4
25.6333333333
26.0166666667
27.8666666667
26.0
25.4915254237
26.25
26.7833333333
27.0833333333
27.7833333333
27.5333333333
26.9322033898
27.3
27.1833333333
26.5166666667
24.9166666667
27.2
28.1525423729
27.4833333333
25.4
26.8333333333
26.8333333333
27.8813559322
26.2833333333
24.3684210526
--END OF 5--
26.8333333333
26.0333333333
27.1666666667
25.7333333333
25.1666666667
26.0333333333
27.0508474576
27.05
27.95
26.8
27.65
27.7
28.3559322034
28.1833333333
25.7
25.5
25.8333333333
28.6833333333
27.9152542373
26.1
27.6333333333
26.8833333333
28.3333333333
29.3898305085
25.4
27.3
27.45
26.6666666667
26.5333333333
26.5084745763
28.7
29.0166666667
27.8833333333
28.6333333333
26.8644067797
27.2166666667
26.1666666667
26.2166666667
28.7666666667
26.0
26.1525423729
26.8
27.9333333333
27.6833333333
28.3333333333
27.7833333333
27.9830508475
27.7166666667
27.8833333333
27.4833333333
25.7833333333
28.1666666667
28.4237288136
28.4
26.1833333333
28.6333333333
27.7833333333
28.3220338983
27.4
25.649122807
--END OF 6--
3676.95
3534.85
3590.25
3535.8
3611.05
3449.95
3608.33898305
3602.55
3668.55
3645.95
3718.7
3636.3
3685.88135593
3581.4
3507.1
3515.9
3546.5
3641.6
3444.45762712
3525.65
3775.2
3729.4
3720.3
3799.52542373
3680.25
3512.55
3724.5
3530.7
3524.4
3539.03389831
3656.9
3718.45
3685.5
3755.25
3754.93220339
3647.4
3624.9
3698.05
3614.2
3531.05
3547.98305085
3690.45
3764.1
3623.85
3671.7
3911.25
3594.71186441
3817.1
3747.15
3601.6
3457.1
3754.25
3860.18644068
3704.25
3595.05
3546.8
3727.55
3838.11864407
3687.45
3471.89473684
--END OF 7--
1026.91666667
991.983333333
1011.8
994.516666667
997.883333333
962.783333333
1001.3559322
1005.95
1024.95
992.366666667
1032.81666667
1034.2
1055.23728814
999.95
970.916666667
981.133333333
994.183333333
1040.53333333
971.0
985.4
1047.2
1045.08333333
1052.78333333
1075.77966102
1021.75
1000.9
1049.95
1005.4
977.8
1001.74576271
1023.98333333
1060.7
1004.7
1048.73333333
1041.42372881
1017.58333333
1003.06666667
1035.5
1034.45
993.066666667
982.86440678
1023.45
1052.1
1027.85
1044.15
1081.35
1031.89830508
1068.61666667
1055.91666667
1021.68333333
987.733333333
1055.7
1078.94915254
1046.01666667
999.283333333
1015.13333333
1043.73333333
1079.71186441
1042.65
967.50877193
--END OF 8--
142.416666667
137.5
131.216666667
127.833333333
135.166666667
159.066666667
148.627118644
139.0
147.4
133.883333333
147.183333333
127.85
153.203389831
143.166666667
116.0
137.416666667
141.116666667
145.266666667
140.745762712
145.433333333
152.683333333
141.083333333
163.466666667
162.966101695
125.1
171.0
152.75
147.05
153.9
133.355932203
159.4
162.7
130.016666667
172.016666667
151.796610169
152.216666667
137.85
130.266666667
159.833333333
146.65
139.593220339
141.1
149.75
146.9
147.2
146.1
150.915254237
146.533333333
153.483333333
154.116666667
143.95
155.233333333
145.152542373
160.666666667
154.633333333
162.383333333
145.6
160.779661017
147.8
134.98245614
--END OF 9--
6.43333333333
5.43333333333
7.2
5.05
2.73333333333
5.0
4.62711864407
7.6
5.65
8.58333333333
4.65
8.15
6.91525423729
9.93333333333
5.66666666667
5.05
3.56666666667
6.68333333333
13.6440677966
7.41666666667
6.56666666667
3.93333333333
5.9
6.23728813559
3.2
3.55
3.75
6.7
5.25
3.08474576271
7.56666666667
5.58333333333
10.5166666667
4.73333333333
2.5593220339
6.15
3.98333333333
3.65
8.41666666667
4.88333333333
6.03389830508
7.3
6.7
6.05
8.55
3.55
6.05084745763
5.78333333333
7.38333333333
6.2
3.56666666667
5.88333333333
6.0
3.75
2.63333333333
8.93333333333
6.05
4.45762711864
5.51666666667
4.9298245614
--END OF 10--
0.383333333333
0.533333333333
2.75
1.18333333333
0.233333333333
1.35
1.77966101695
1.7
1.1
1.13333333333
1.45
0.55
0.542372881356
2.78333333333
1.68333333333
1.0
0.833333333333
1.08333333333
2.54237288136
0.0833333333333
0.0
0.0
0.816666666667
0.728813559322
0.8
0.7
0.0
0.55
2.15
0.677966101695
2.41666666667
1.01666666667
1.1
0.283333333333
1.0
0.733333333333
0.716666666667
0.35
1.43333333333
0.0
1.1186440678
0.4
1.4
1.1
0.5
0.5
0.898305084746
0.616666666667
0.933333333333
1.48333333333
0.9
1.33333333333
0.423728813559
1.0
0.783333333333
2.33333333333
1.3
0.593220338983
0.916666666667
1.70175438596
--END OF 11--
0.0
0.0
0.0
0.0
0.0
0.0
0.0
0.0
0.6
0.9
0.0
0.0
0.0
0.5
0.5
0.0
0.0
0.0
0.508474576271
0.0
0.0
0.0
0.0
0.0
0.0
0.0
0.0
0.0
0.5
0.338983050847
0.666666666667
0.0
0.0
0.0
0.0
0.0
0.5
0.0
0.0
0.0
0.0
0.0
1.0
0.0
0.0
0.0
0.237288135593
0.266666666667
0.0
0.416666666667
0.583333333333
0.0
0.0
1.0
0.0166666666667
0.6
0.8
0.0847457627119
0.433333333333
1.57894736842
--END OF 12--
