7.5
6.53333333333
6.73333333333
6.66666666667
7.48333333333
7.30508474576
7.28333333333
7.23333333333
7.85
6.83333333333
6.58333333333
7.11666666667
7.61016949153
7.91666666667
8.46666666667
7.18333333333
7.65
7.15254237288
6.55
8.03333333333
8.05
7.71666666667
7.63333333333
7.89830508475
7.65
7.66666666667
7.83333333333
7.55
7.03389830508
7.71666666667
8.51666666667
8.45
7.81666666667
7.91666666667
8.54237288136
8.23333333333
8.53333333333
8.76666666667
8.25
7.75
7.94915254237
7.96666666667
7.11666666667
6.66666666667
7.86666666667
7.06779661017
7.9
7.56666666667
7.88333333333
8.01666666667
8.48333333333
7.57627118644
7.25
6.75
8.16666666667
6.96666666667
7.37288135593
7.96666666667
7.86666666667
6.01923076923
--END OF 1--
8.9
8.43333333333
8.28333333333
8.16666666667
9.43333333333
9.94915254237
9.53333333333
9.55
9.81666666667
8.71666666667
8.68333333333
9.16666666667
9.40677966102
9.35
10.6
9.03333333333
9.45
9.0
8.1
9.53333333333
9.8
9.11666666667
9.58333333333
10.0
10.0833333333
9.38333333333
10.3166666667
9.71666666667
8.42372881356
8.95
10.3166666667
10.2
8.73333333333
10.3666666667
10.8474576271
10.4333333333
12.5833333333
12.9166666667
10.9
9.1
9.35593220339
9.85
9.21666666667
8.5
10.2333333333
9.10169491525
9.8
9.95
10.1833333333
10.5
10.9
9.86440677966
8.65
8.25
10.5666666667
8.46666666667
9.38983050847
9.65
10.7833333333
7.88461538462
--END OF 2--
9.1
8.83333333333
8.33333333333
8.41666666667
9.73333333333
10.5084745763
10.0333333333
9.55
10.45
9.16666666667
8.95
9.51666666667
10.2372881356
9.93333333333
10.6
9.38333333333
9.56666666667
9.38983050847
8.5
10.0333333333
10.8
9.31666666667
10.4333333333
11.2542372881
10.85
9.78333333333
10.5166666667
11.3
8.59322033898
9.41666666667
10.4166666667
11.6333333333
8.73333333333
10.6833333333
11.3389830508
10.7333333333
13.1833333333
14.2166666667
11.85
9.5
9.81355932203
9.95
9.21666666667
9.03333333333
10.7
9.47457627119
9.9
11.15
10.4666666667
10.5166666667
11.6333333333
10.8305084746
9.2
8.7
11.7166666667
9.21666666667
9.54237288136
10.0
11.4166666667
8.32692307692
--END OF 3--
7.5
6.53333333333
6.73333333333
6.66666666667
7.48333333333
7.30508474576
7.28333333333
7.23333333333
7.85
6.83333333333
6.58333333333
7.11666666667
7.61016949153
7.91666666667
8.46666666667
7.18333333333
7.65
7.15254237288
6.55
8.03333333333
8.05
7.71666666667
7.63333333333
7.89830508475
7.65
7.66666666667
7.83333333333
7.55
7.03389830508
7.71666666667
8.51666666667
8.45
7.81666666667
7.91666666667
8.54237288136
8.23333333333
8.53333333333
8.76666666667
8.25
7.75
7.94915254237
7.96666666667
7.11666666667
6.66666666667
7.86666666667
7.06779661017
7.9
7.56666666667
7.88333333333
8.01666666667
8.48333333333
7.57627118644
7.25
6.75
8.16666666667
6.96666666667
7.37288135593
7.96666666667
7.86666666667
6.01923076923
--END OF 4--
8.9
8.43333333333
8.28333333333
8.16666666667
9.43333333333
9.94915254237
9.53333333333
9.55
9.81666666667
8.71666666667
8.68333333333
9.16666666667
9.40677966102
9.35
10.6
9.03333333333
9.45
9.0
8.1
9.53333333333
9.8
9.11666666667
9.58333333333
10.0
10.0833333333
9.38333333333
10.3166666667
9.71666666667
8.42372881356
8.95
10.3166666667
10.2
8.73333333333
10.3666666667
10.8474576271
10.4333333333
12.5833333333
12.9166666667
10.9
9.1
9.35593220339
9.85
9.21666666667
8.5
10.2333333333
9.10169491525
9.8
9.95
10.1833333333
10.5
10.9
9.86440677966
8.65
8.25
10.5666666667
8.46666666667
9.38983050847
9.65
10.7833333333
7.88461538462
--END OF 5--
9.1
8.83333333333
8.33333333333
8.41666666667
9.73333333333
10.5084745763
10.0333333333
9.55
10.45
9.16666666667
8.95
9.51666666667
10.2372881356
9.93333333333
10.6
9.38333333333
9.56666666667
9.38983050847
8.5
10.0333333333
10.8
9.31666666667
10.4333333333
11.2542372881
10.85
9.78333333333
10.5166666667
11.3
8.59322033898
9.41666666667
10.4166666667
11.6333333333
8.73333333333
10.6833333333
11.3389830508
10.7333333333
13.1833333333
14.2166666667
11.85
9.5
9.81355932203
9.95
9.21666666667
9.03333333333
10.7
9.47457627119
9.9
11.15
10.4666666667
10.5166666667
11.6333333333
10.8305084746
9.2
8.7
11.7166666667
9.21666666667
9.54237288136
10.0
11.4166666667
8.32692307692
--END OF 6--
1493.25
1370.55
1394.1
1416.15
1485.3
1538.69491525
1498.3
1597.55
1551.3
1386.9
1472.45
1597.75
1514.38983051
1589.55
1573.0
1478.9
1532.7
1428.15254237
1410.3
1587.15
1566.6
1635.75
1643.7
1592.89830508
1568.45
1556.7
1608.0
1531.75
1459.01694915
1611.1
1690.15
1693.05
1560.8
1675.8
1696.3220339
1621.05
1711.65
1810.35
1678.35
1595.55
1577.54237288
1555.75
1517.55
1505.35
1563.9
1561.52542373
1646.6
1640.55
1602.95
1559.8
1743.25
1609.98305085
1506.15
1427.4
1671.6
1413.6
1469.28813559
1529.45
1646.75
1337.94230769
--END OF 7--
406.75
383.05
385.7
385.95
418.05
421.694915254
409.65
438.216666667
427.283333333
392.416666667
401.95
420.75
419.203389831
447.716666667
450.883333333
400.35
414.816666667
396.644067797
383.45
437.55
433.1
438.0
441.95
434.457627119
429.466666667
420.166666667
445.05
420.966666667
389.915254237
432.483333333
466.733333333
452.866666667
424.433333333
459.316666667
472.355932203
456.1
483.4
507.1
462.1
425.75
427.694915254
422.216666667
409.05
412.633333333
440.466666667
421.915254237
438.683333333
449.383333333
443.4
428.283333333
472.45
443.016949153
417.65
382.7
464.9
403.7
406.796610169
429.8
441.533333333
359.423076923
--END OF 8--
39.6
39.35
37.4
35.05
41.0
55.7288135593
46.8
48.8166666667
43.7666666667
44.2166666667
44.4166666667
49.5833333333
44.3728813559
43.3
50.05
42.8666666667
42.5333333333
36.0
36.5
43.25
45.55
43.5
41.45
46.0508474576
43.8
43.2
43.3
45.65
33.3050847458
31.1333333333
48.1166666667
43.6
34.0333333333
61.5
47.6271186441
43.1
68.9
75.5
49.45
34.3
36.1525423729
48.4333333333
46.9333333333
43.75
46.1833333333
45.7966101695
46.05
60.3
46.1666666667
49.9833333333
59.4
45.1186440678
33.0
31.1
54.25
40.9
43.3559322034
41.6
59.1666666667
46.2692307692
--END OF 9--
1.8
2.65
1.95
1.55
2.9
3.38983050847
1.96666666667
0.283333333333
2.23333333333
1.81666666667
1.8
1.5
2.77966101695
0.916666666667
0.466666666667
2.5
1.55
2.42372881356
1.25
1.7
3.35
1.25
3.9
4.37288135593
4.05
2.45
2.66666666667
4.83333333333
1.28813559322
1.16666666667
2.38333333333
5.18333333333
0.5
0.683333333333
3.22033898305
2.55
6.8
5.3
5.25
1.25
1.76271186441
1.63333333333
1.21666666667
2.15
2.56666666667
3.08474576271
1.5
3.56666666667
3.1
3.25
2.23333333333
4.08474576271
2.45
1.7
3.55
2.2
2.0
1.63333333333
5.1
1.25
--END OF 10--
0.35
0.3
0.0
0.15
0.5
0.864406779661
0.5
0.0
0.733333333333
0.75
0.516666666667
0.5
0.881355932203
0.85
0.05
0.816666666667
0.35
0.593220338983
0.75
0.7
1.3
0.55
0.95
2.22033898305
0.816666666667
0.5
0.533333333333
2.35
0.118644067797
0.916666666667
0.1
1.48333333333
0.0
0.5
0.457627118644
0.45
0.4
1.45
1.0
0.75
0.508474576271
0.0
0.0
1.0
1.0
0.779661016949
0.25
1.2
0.283333333333
0.0
0.866666666667
1.15254237288
0.95
0.55
0.75
0.75
0.0
0.5
0.583333333333
0.557692307692
--END OF 11--
0.0
0.0
0.0
0.0
0.0
0.0
0.0
0.0
0.5
0.0
0.5
0.0
0.0
0.0
0.0
0.0
0.0
0.0
0.0
0.0
0.5
0.1
0.4
0.0
0.0
0.0
0.0333333333333
0.966666666667
0.0
0.0
0.0
0.5
0.0
0.0
0.0
0.0
0.0
0.5
0.0
0.0
0.0
0.0
0.0
0.0
0.0
0.0
0.0
0.0
0.0
0.0
0.5
0.508474576271
0.0
0.5
0.0
0.0
0.0
0.5
0.5
0.0192307692308
--END OF 12--
