15.3
14.5084745763
14.75
13.8
15.25
15.25
15.4
14.6101694915
14.75
14.9666666667
15.5666666667
14.0
15.8166666667
15.5423728814
14.1166666667
14.3
15.6166666667
15.9333333333
15.25
14.8983050847
14.2166666667
14.6666666667
15.1
15.0
15.6833333333
15.7118644068
16.1333333333
14.75
13.9833333333
15.5
15.2
14.5084745763
15.3833333333
14.5
14.9833333333
14.7333333333
14.1694915254
14.9666666667
15.7
14.75
14.55
14.65
14.8305084746
14.5833333333
15.1333333333
15.1666666667
15.3166666667
15.2333333333
14.3898305085
15.5833333333
14.6
15.05
15.0333333333
15.0666666667
15.593220339
15.05
14.5666666667
14.3666666667
14.3
15.2105263158
--END OF 1--
20.9
20.0
20.3
19.5666666667
22.1
21.95
22.35
21.3898305085
21.45
22.1833333333
22.2
20.45
22.2666666667
22.813559322
19.4
22.5166666667
22.4833333333
23.3333333333
22.5666666667
20.9830508475
20.3166666667
21.0166666667
22.05
21.4
22.05
22.3220338983
22.6166666667
21.0666666667
21.5166666667
22.6166666667
21.6
21.7627118644
21.1666666667
21.9166666667
21.9
20.9166666667
20.5762711864
21.65
21.5
20.4
21.3333333333
21.7333333333
22.0
21.1666666667
22.05
21.3333333333
22.6
22.2
21.5593220339
22.9
21.3666666667
22.2
22.1
20.5333333333
21.6271186441
20.9
21.7166666667
20.35
21.9833333333
21.3859649123
--END OF 2--
21.7166666667
20.5423728814
20.55
20.0333333333
23.05
22.55
23.5
22.8474576271
22.35
22.8833333333
22.8333333333
21.0833333333
23.5333333333
22.9830508475
20.15
23.1333333333
23.3833333333
24.05
23.75
21.8813559322
20.8166666667
21.5666666667
22.8
22.2
22.9833333333
23.8305084746
23.1166666667
22.1333333333
22.7833333333
23.4833333333
22.1666666667
22.3220338983
21.1666666667
22.9166666667
22.6166666667
21.8333333333
21.5084745763
22.6666666667
21.9
21.25
22.0333333333
22.2
22.5423728814
22.2333333333
22.9166666667
22.0166666667
23.9666666667
23.6
22.1355932203
24.3
21.9833333333
22.4333333333
23.2166666667
21.6333333333
22.186440678
21.55
21.9666666667
21.6333333333
22.75
21.9473684211
--END OF 3--
15.3
14.5084745763
14.75
13.8
15.25
15.25
15.4
14.6101694915
14.75
14.9666666667
15.5666666667
14.0
15.8166666667
15.5423728814
14.1166666667
14.3
15.6166666667
15.9333333333
15.25
14.8983050847
14.2166666667
14.6666666667
15.1
15.0
15.6833333333
15.7118644068
16.1333333333
14.75
13.9833333333
15.5
15.2
14.5084745763
15.3833333333
14.5
14.9833333333
14.7333333333
14.1694915254
14.9666666667
15.7
14.75
14.55
14.65
14.8305084746
14.5833333333
15.1333333333
15.1666666667
15.3166666667
15.2333333333
14.3898305085
15.5833333333
14.6
15.05
15.0333333333
15.0666666667
15.593220339
15.05
14.5666666667
14.3666666667
14.3
15.2105263158
--END OF 4--
20.9
20.0
20.3
19.5666666667
22.1
21.95
22.35
21.3898305085
21.45
22.1833333333
22.2
20.45
22.2666666667
22.813559322
19.4
22.5166666667
22.4833333333
23.3333333333
22.5666666667
20.9830508475
20.3166666667
21.0166666667
22.05
21.4
22.05
22.3220338983
22.6166666667
21.0666666667
21.5166666667
22.6166666667
21.6
21.7627118644
21.1666666667
21.9166666667
21.9
20.9166666667
20.5762711864
21.65
21.5
20.4
21.3333333333
21.7333333333
22.0
21.1666666667
22.05
21.3333333333
22.6
22.2
21.5593220339
22.9
21.3666666667
22.2
22.1
20.5333333333
21.6271186441
20.9
21.7166666667
20.35
21.9833333333
21.3859649123
--END OF 5--
21.7166666667
20.5423728814
20.55
20.0333333333
23.05
22.55
23.5
22.8474576271
22.35
22.8833333333
22.8333333333
21.0833333333
23.5333333333
22.9830508475
20.15
23.1333333333
23.3833333333
24.05
23.75
21.8813559322
20.8166666667
21.5666666667
22.8
22.2
22.9833333333
23.8305084746
23.1166666667
22.1333333333
22.7833333333
23.4833333333
22.1666666667
22.3220338983
21.1666666667
22.9166666667
22.6166666667
21.8333333333
21.5084745763
22.6666666667
21.9
21.25
22.0333333333
22.2
22.5423728814
22.2333333333
22.9166666667
22.0166666667
23.9666666667
23.6
22.1355932203
24.3
21.9833333333
22.4333333333
23.2166666667
21.6333333333
22.186440678
21.55
21.9666666667
21.6333333333
22.75
21.9473684211
--END OF 6--
2821.1
2701.3220339
2783.55
2637.0
2784.3
2781.3
2949.0
2763.55932203
2857.3
2909.7
2868.4
2682.75
2883.95
2885.33898305
2661.05
2789.15
2884.6
2938.7
2902.05
2792.28813559
2826.75
2805.75
2863.05
2761.2
2821.0
2853.45762712
2892.4
2758.25
2698.4
2913.15
2806.3
2755.93220339
2797.7
2796.4
2802.05
2712.75
2779.27118644
2889.8
2930.4
2797.8
2746.85
2765.5
2863.37288136
2809.9
2972.35
2933.45
2923.9
2932.15
2757.3559322
3091.05
2920.2
2987.15
2831.25
2869.95
2837.33898305
2822.85
2778.15
2722.15
2888.75
2882.73684211
--END OF 7--
789.9
760.491525424
764.75
730.85
786.1
774.25
816.65
770.966101695
804.716666667
820.983333333
804.816666667
740.666666667
810.766666667
822.559322034
736.283333333
775.383333333
817.566666667
840.116666667
816.966666667
781.949152542
779.7
783.983333333
802.55
777.6
798.55
806.101694915
817.95
770.716666667
757.416666667
827.0
790.7
761.86440678
795.516666667
782.166666667
795.133333333
767.9
776.627118644
825.5
819.65
780.0
772.55
788.55
811.322033898
784.083333333
824.0
817.266666667
821.416666667
810.233333333
770.644067797
852.7
803.3
817.183333333
823.833333333
797.316666667
804.372881356
787.9
770.6
753.0
803.216666667
803.298245614
--END OF 8--
127.15
134.372881356
126.35
124.133333333
141.3
125.2
126.65
134.389830508
130.8
148.25
141.383333333
133.816666667
140.283333333
144.474576271
104.266666667
135.05
148.116666667
140.0
148.566666667
116.06779661
121.05
129.283333333
142.1
126.75
140.95
140.542372881
141.05
126.516666667
140.483333333
146.883333333
142.0
135.033898305
127.833333333
141.116666667
139.6
120.8
132.644067797
134.683333333
124.8
123.2
135.2
144.883333333
151.389830508
141.716666667
136.583333333
128.416666667
148.916666667
142.3
146.559322034
151.216666667
129.666666667
135.233333333
147.4
130.033333333
120.677966102
128.75
145.35
127.3
142.6
123.245614035
--END OF 9--
4.11666666667
3.4406779661
2.7
3.46666666667
7.9
7.1
7.8
8.49152542373
5.41666666667
5.61666666667
4.88333333333
5.08333333333
6.13333333333
4.37288135593
3.23333333333
7.25
5.85
7.21666666667
7.31666666667
8.50847457627
5.95
6.4
5.45
7.1
5.66666666667
8.8813559322
5.31666666667
8.43333333333
9.06666666667
7.08333333333
7.0
8.71186440678
4.25
7.38333333333
5.76666666667
8.43333333333
5.23728813559
7.3
3.45
3.55
4.01666666667
3.83333333333
5.13559322034
6.11666666667
7.83333333333
6.2
7.41666666667
5.4
7.4406779661
8.7
5.68333333333
7.15
6.51666666667
5.35
4.54237288136
2.65
3.7
5.31666666667
5.21666666667
5.87719298246
--END OF 10--
1.0
0.0338983050847
0.0
0.783333333333
1.1
1.25
1.3
1.81355932203
1.05
0.883333333333
1.08333333333
0.7
1.5
0.237288135593
1.0
0.583333333333
1.58333333333
1.16666666667
1.6
1.13559322034
0.45
0.766666666667
0.85
1.15
1.08333333333
1.81355932203
0.65
0.816666666667
1.53333333333
0.466666666667
0.533333333333
0.474576271186
0.0
1.0
0.833333333333
0.683333333333
1.08474576271
1.41666666667
0.65
1.55
1.16666666667
0.45
0.542372881356
1.85
1.53333333333
0.7
1.61666666667
2.01666666667
0.627118644068
1.73333333333
0.416666666667
0.433333333333
1.51666666667
1.55
1.15254237288
1.0
0.45
1.95
0.683333333333
0.877192982456
--END OF 11--
0.0
0.0
0.0
0.15
0.5
0.35
0.85
1.16949152542
0.0
0.166666666667
0.0
0.433333333333
0.983333333333
0.0508474576271
0.0
0.0
0.0
0.0
0.0
0.0
0.0
0.4
0.0
0.0
0.0
0.0
0.0
0.5
0.0
0.0
0.333333333333
0.0
0.0
0.5
0.116666666667
0.383333333333
0.0
0.0
0.0
0.0
0.0
0.0
0.0
0.0
0.0833333333333
0.416666666667
0.5
0.0
0.508474576271
0.0
0.0
0.0
0.333333333333
0.5
0.0
0.0
0.0
0.5
0.45
0.0175438596491
--END OF 12--
