16.3333333333
16.2
16.9333333333
17.0833333333
16.55
16.3898305085
16.3333333333
16.6333333333
16.5833333333
16.5
16.55
17.0508474576
16.25
16.4833333333
16.6833333333
15.6833333333
16.2372881356
17.6333333333
17.25
16.75
16.4333333333
16.1166666667
16.8305084746
16.4666666667
15.3
16.9333333333
16.7833333333
16.2542372881
16.7
17.2
15.9166666667
16.813559322
17.3833333333
16.2166666667
15.6833333333
16.1666666667
17.2666666667
16.6610169492
16.6166666667
16.1166666667
16.9
17.4333333333
16.3050847458
16.35
16.0333333333
16.5333333333
16.95
17.1355932203
17.2333333333
17.4166666667
17.4333333333
17.05
15.5423728814
16.6833333333
17.0666666667
16.6833333333
16.9666666667
15.813559322
16.5833333333
17.8947368421
--END OF 1--
24.9666666667
23.6333333333
24.7833333333
24.4333333333
23.1666666667
23.3559322034
24.3333333333
23.2
23.75
24.9
23.7833333333
24.2881355932
22.45
23.9166666667
24.35
25.4333333333
23.9152542373
26.1833333333
25.1
24.15
23.5833333333
22.3
23.6610169492
22.5333333333
22.5666666667
25.0666666667
25.2833333333
24.5084745763
25.05
24.35
22.7666666667
23.0508474576
23.55
24.9166666667
22.45
23.3833333333
24.0166666667
23.7966101695
23.8166666667
22.4833333333
22.55
24.0
23.1525423729
23.3166666667
23.6833333333
24.0333333333
25.1
25.0
24.2666666667
25.6
23.6166666667
23.6166666667
22.3559322034
24.95
24.7
23.4166666667
24.35
22.7118644068
23.8166666667
24.4736842105
--END OF 2--
26.15
24.7666666667
26.35
25.5166666667
23.6833333333
23.406779661
25.0333333333
24.6166666667
24.65
26.2333333333
24.8666666667
24.9491525424
23.95
24.3
25.8166666667
27.4333333333
25.1355932203
26.8333333333
25.8333333333
25.45
24.3166666667
22.7
24.7796610169
23.9
22.75
26.2833333333
26.8833333333
25.4915254237
26.95
25.2
24.4166666667
23.4576271186
24.5333333333
25.7
23.4333333333
24.2333333333
24.6166666667
24.813559322
25.6666666667
23.15
22.9666666667
24.8333333333
24.3559322034
24.15
24.7333333333
24.3833333333
26.6
26.0508474576
25.9333333333
26.35
23.7166666667
24.6166666667
25.0847457627
25.85
25.4166666667
25.0
26.0666666667
23.1694915254
25.1333333333
25.1403508772
--END OF 3--
16.3333333333
16.2
16.9333333333
17.0833333333
16.55
16.3898305085
16.3333333333
16.6333333333
16.5833333333
16.5
16.55
17.0508474576
16.25
16.4833333333
16.6833333333
15.6833333333
16.2372881356
17.6333333333
17.25
16.75
16.4333333333
16.1166666667
16.8305084746
16.4666666667
15.3
16.9333333333
16.7833333333
16.2542372881
16.7
17.2
15.9166666667
16.813559322
17.3833333333
16.2166666667
15.6833333333
16.1666666667
17.2666666667
16.6610169492
16.6166666667
16.1166666667
16.9
17.4333333333
16.3050847458
16.35
16.0333333333
16.5333333333
16.95
17.1355932203
17.2333333333
17.4166666667
17.4333333333
17.05
15.5423728814
16.6833333333
17.0666666667
16.6833333333
16.9666666667
15.813559322
16.5833333333
17.8947368421
--END OF 4--
24.9666666667
23.6333333333
24.7833333333
24.4333333333
23.1666666667
23.3559322034
24.3333333333
23.2
23.75
24.9
23.7833333333
24.2881355932
22.45
23.9166666667
24.35
25.4333333333
23.9152542373
26.1833333333
25.1
24.15
23.5833333333
22.3
23.6610169492
22.5333333333
22.5666666667
25.0666666667
25.2833333333
24.5084745763
25.05
24.35
22.7666666667
23.0508474576
23.55
24.9166666667
22.45
23.3833333333
24.0166666667
23.7966101695
23.8166666667
22.4833333333
22.55
24.0
23.1525423729
23.3166666667
23.6833333333
24.0333333333
25.1
25.0
24.2666666667
25.6
23.6166666667
23.6166666667
22.3559322034
24.95
24.7
23.4166666667
24.35
22.7118644068
23.8166666667
24.4736842105
--END OF 5--
26.15
24.7666666667
26.35
25.5166666667
23.6833333333
23.406779661
25.0333333333
24.6166666667
24.65
26.2333333333
24.8666666667
24.9491525424
23.95
24.3
25.8166666667
27.4333333333
25.1355932203
26.8333333333
25.8333333333
25.45
24.3166666667
22.7
24.7796610169
23.9
22.75
26.2833333333
26.8833333333
25.4915254237
26.95
25.2
24.4166666667
23.4576271186
24.5333333333
25.7
23.4333333333
24.2333333333
24.6166666667
24.813559322
25.6666666667
23.15
22.9666666667
24.8333333333
24.3559322034
24.15
24.7333333333
24.3833333333
26.6
26.0508474576
25.9333333333
26.35
23.7166666667
24.6166666667
25.0847457627
25.85
25.4166666667
25.0
26.0666666667
23.1694915254
25.1333333333
25.1403508772
--END OF 6--
3131.1
3019.45
3177.7
3179.05
3019.15
3086.33898305
3035.15
3010.75
3106.15
3136.75
3069.3
3195.05084746
3086.55
3044.65
3088.75
3112.2
3013.01694915
3209.45
3239.95
3088.8
3168.55
2956.7
3106.47457627
3174.9
3028.9
3178.55
3144.3
3088.6779661
3173.1
3171.75
2983.65
3015.76271186
3224.2
2990.15
3080.6
3121.5
3240.25
3064.01694915
3104.55
3028.95
3075.0
3182.35
3012.3559322
3032.0
3019.95
3013.95
3223.05
3185.89830508
3247.1
3227.5
3188.25
3149.2
2955.20338983
3089.3
3136.95
3151.2
3168.3
3091.6779661
3104.9
3289.31578947
--END OF 7--
883.85
844.116666667
902.433333333
894.966666667
856.05
876.271186441
852.9
860.233333333
867.3
879.466666667
876.216666667
899.508474576
850.0
873.65
882.483333333
865.05
849.016949153
906.516666667
918.016666667
885.383333333
879.983333333
831.116666667
874.847457627
859.833333333
853.116666667
889.333333333
881.033333333
865.169491525
887.25
893.3
827.1
873.237288136
896.066666667
856.533333333
855.7
858.983333333
900.383333333
866.06779661
870.916666667
838.533333333
846.533333333
894.4
844.440677966
855.95
849.65
861.2
905.75
911.542372881
907.983333333
904.933333333
890.233333333
883.766666667
820.728813559
876.516666667
899.2
889.1
886.966666667
852.949152542
878.05
933.122807018
--END OF 8--
166.466666667
158.15
153.916666667
151.15
153.866666667
144.728813559
150.416666667
150.35
154.683333333
160.083333333
142.233333333
151.389830508
147.05
160.65
151.166666667
157.1
147.508474576
167.866666667
150.466666667
156.7
145.65
136.466666667
139.576271186
127.966666667
127.883333333
159.8
163.633333333
165.06779661
165.6
148.35
147.85
136.355932203
143.9
152.716666667
143.083333333
144.9
154.066666667
148.830508475
151.716666667
140.95
126.65
147.066666667
140.542372881
138.65
141.05
150.8
155.65
158.169491525
155.75
155.733333333
137.85
141.533333333
139.559322034
161.966666667
158.366666667
154.1
152.466666667
130.084745763
148.016666667
134.877192982
--END OF 9--
6.61666666667
7.76666666667
8.26666666667
5.65
3.36666666667
7.27118644068
8.88333333333
5.4
6.01666666667
9.16666666667
7.03333333333
6.30508474576
5.85
3.96666666667
8.01666666667
12.3
6.37288135593
8.51666666667
8.23333333333
7.13333333333
4.88333333333
5.8
6.45762711864
4.46666666667
5.26666666667
8.25
9.53333333333
8.74576271186
9.05
5.75
7.35
3.03389830508
3.35
10.2666666667
4.51666666667
5.15
4.31666666667
6.5593220339
7.95
4.26666666667
4.61666666667
5.51666666667
7.45762711864
5.63333333333
10.55
5.65
10.3
6.98305084746
6.33333333333
7.71666666667
4.88333333333
4.83333333333
8.4406779661
9.8
5.48333333333
6.06666666667
8.93333333333
5.98305084746
8.86666666667
6.29824561404
--END OF 10--
1.98333333333
1.43333333333
1.48333333333
1.51666666667
0.966666666667
0.220338983051
1.5
2.26666666667
1.76666666667
1.3
1.41666666667
0.593220338983
2.5
0.65
2.6
2.55
1.79661016949
1.0
0.5
1.43333333333
1.35
0.416666666667
1.49152542373
2.61666666667
0.416666666667
1.78333333333
1.61666666667
1.1186440678
3.05
1.25
2.5
0.203389830508
0.733333333333
0.883333333333
0.983333333333
1.18333333333
0.983333333333
0.949152542373
2.7
0.883333333333
0.483333333333
1.03333333333
1.66101694915
1.36666666667
1.5
0.4
1.95
1.40677966102
2.81666666667
1.41666666667
0.0
0.933333333333
4.10169491525
1.23333333333
1.21666666667
1.78333333333
2.76666666667
0.915254237288
2.06666666667
0.982456140351
--END OF 11--
0.0
0.5
0.333333333333
0.166666666667
0.0
0.0
0.5
0.266666666667
0.233333333333
0.333333333333
0.233333333333
0.0
0.5
0.0
0.666666666667
0.55
0.457627118644
0.5
0.0
0.433333333333
0.266666666667
0.0
0.508474576271
0.0
0.0
0.416666666667
0.0833333333333
0.0
0.65
0.55
0.3
0.0
0.5
0.166666666667
0.0333333333333
0.0
0.5
0.0677966101695
1.05
0.383333333333
0.0
0.0
0.152542372881
0.183333333333
0.0
0.0
0.0
0.0
0.0
0.0
0.0
0.0333333333333
1.52542372881
0.466666666667
0.0
0.5
0.333333333333
0.0
0.0
0.0
--END OF 12--
