22.3220338983
23.5333333333
22.9
22.1
22.4
21.4333333333
22.6949152542
22.4833333333
21.6666666667
22.3
21.5666666667
22.9166666667
22.1525423729
22.3666666667
22.6833333333
22.35
21.6666666667
22.15
22.4745762712
22.4333333333
22.1333333333
22.0166666667
23.0166666667
22.9661016949
21.8
22.3333333333
22.4
21.6
22.65
21.7966101695
21.5666666667
22.3166666667
21.45
21.6333333333
21.9
20.6440677966
21.0166666667
21.7166666667
21.6833333333
21.8833333333
22.2372881356
23.5333333333
21.5333333333
21.2166666667
22.0333333333
22.4333333333
21.3220338983
23.1833333333
22.45
22.5333333333
22.4833333333
21.6333333333
22.1186440678
22.3666666667
22.1166666667
21.9
21.0833333333
21.4576271186
22.05
22.3103448276
--END OF 1--
29.6610169492
33.6333333333
32.7666666667
31.2333333333
29.7833333333
30.45
30.0
30.8666666667
29.3333333333
30.15
30.0
30.6833333333
29.7457627119
31.7666666667
30.4166666667
31.55
30.9166666667
30.45
32.186440678
30.4
29.3
30.6333333333
30.65
30.7457627119
31.1833333333
30.2833333333
29.2666666667
30.4666666667
30.95
30.6271186441
29.5
31.1166666667
30.75
29.5833333333
29.25
27.7288135593
29.4
30.7
30.4666666667
30.3833333333
31.3050847458
31.5833333333
30.3333333333
29.0666666667
30.9166666667
30.3
29.7796610169
31.2333333333
31.0
30.45
32.3333333333
30.7833333333
30.3050847458
31.6
31.8666666667
29.85
29.2833333333
29.3050847458
30.4166666667
30.4310344828
--END OF 2--
30.6440677966
35.95
34.1333333333
31.3666666667
31.2833333333
31.4
30.8983050847
31.3333333333
31.8666666667
31.1
30.7666666667
31.85
32.0508474576
33.7166666667
30.8333333333
32.0333333333
31.4166666667
31.1
32.7966101695
31.0666666667
31.1666666667
31.4
31.2
31.0508474576
32.2666666667
30.6166666667
30.2833333333
31.1333333333
31.8
30.9322033898
31.35
31.75
31.65
30.3833333333
30.6
29.9661016949
31.3666666667
32.2666666667
31.85
31.2833333333
31.6440677966
32.8166666667
30.5333333333
29.7666666667
32.0833333333
31.5666666667
30.4915254237
31.6833333333
31.7
30.95
32.7666666667
32.4833333333
31.2372881356
32.3
32.4666666667
30.7
30.4666666667
30.2372881356
31.1333333333
31.8620689655
--END OF 3--
21.1186440678
21.9166666667
21.4
20.8166666667
21.2333333333
20.5333333333
21.4915254237
21.4666666667
20.6166666667
21.1666666667
20.5666666667
21.65
21.1016949153
21.2666666667
21.5333333333
20.9166666667
20.6166666667
21.15
21.1694915254
21.4333333333
21.0833333333
20.9666666667
21.7333333333
21.6440677966
20.8
20.9166666667
21.1333333333
20.6
21.6
20.7966101695
20.65
21.15
20.5
20.3333333333
20.7
19.8813559322
20.0833333333
20.7166666667
20.6833333333
20.75
21.0338983051
21.9333333333
20.5833333333
20.2166666667
21.0333333333
21.3833333333
20.5593220339
21.8333333333
21.2
21.3833333333
21.4
20.7333333333
21.1186440678
21.3666666667
21.0166666667
20.95
20.15
20.4576271186
21.05
21.1034482759
--END OF 4--
29.2033898305
31.9
31.3
30.3333333333
29.4666666667
30.0666666667
29.5254237288
30.2
29.15
29.75
29.7
29.9333333333
29.593220339
30.8166666667
29.9333333333
30.3166666667
30.05
29.85
31.1355932203
29.9
29.0
30.1166666667
30.0166666667
29.9661016949
30.5666666667
29.8333333333
29.0166666667
29.8833333333
30.2
29.9830508475
28.9333333333
30.2666666667
29.9
29.0833333333
28.9
27.7288135593
28.9166666667
30.05
29.9833333333
29.8
30.3898305085
30.75
29.85
28.8166666667
30.3166666667
29.8166666667
29.4576271186
30.3333333333
30.35
29.85
31.2
30.2333333333
29.8474576271
30.7
30.85
29.4666666667
29.0333333333
29.2542372881
29.85
29.8448275862
--END OF 5--
30.6440677966
35.95
34.1333333333
31.3666666667
31.2833333333
31.4
30.8983050847
31.3333333333
31.8666666667
31.1
30.7666666667
31.85
32.0508474576
33.7166666667
30.8333333333
32.0333333333
31.4166666667
31.1
32.7966101695
31.0666666667
31.1666666667
31.4
31.2
31.0508474576
32.2666666667
30.6166666667
30.2833333333
31.1333333333
31.8
30.9322033898
31.35
31.75
31.65
30.3833333333
30.6
29.9661016949
31.3666666667
32.2666666667
31.85
31.2833333333
31.6440677966
32.8166666667
30.5333333333
29.7666666667
32.0833333333
31.5666666667
30.4915254237
31.6833333333
31.7
30.95
32.7666666667
32.4833333333
31.2372881356
32.3
32.4666666667
30.7
30.4666666667
30.2372881356
31.1333333333
31.8620689655
--END OF 6--
4246.37288136
4456.15
4241.25
4104.9
4111.35
4020.35
4096.72881356
4172.3
4043.0
4187.95
4037.45
4245.9
4031.23728814
4157.25
4235.1
4254.3
4218.1
4158.0
4176.96610169
4131.7
4011.1
3995.35
4223.6
4109.54237288
4074.1
4253.05
4242.2
4089.95
4247.8
4063.6779661
4066.25
4204.05
4077.6
4076.7
4125.3
3957.81355932
4106.3
4208.6
4033.0
4153.1
4147.3220339
4321.85
4018.4
4036.75
4119.6
4163.45
3927.55932203
4257.15
4135.95
4134.9
4174.65
4064.7
4059.66101695
4240.9
4059.7
4082.05
4040.25
4014.25423729
4125.7
4171.9137931
--END OF 7--
1177.55932203
1254.8
1209.2
1143.83333333
1141.01666667
1112.71666667
1139.33898305
1149.63333333
1140.81666667
1164.83333333
1118.16666667
1188.21666667
1131.6779661
1170.4
1169.96666667
1198.6
1160.55
1145.75
1180.54237288
1149.03333333
1113.98333333
1138.73333333
1163.66666667
1153.08474576
1140.16666667
1172.96666667
1160.5
1126.3
1164.8
1095.37288136
1113.5
1180.66666667
1147.85
1151.55
1141.45
1088.76271186
1149.4
1157.71666667
1112.01666667
1151.78333333
1176.06779661
1202.58333333
1109.46666667
1106.93333333
1141.95
1156.01666667
1099.33898305
1170.7
1160.3
1137.53333333
1161.93333333
1129.1
1143.13559322
1179.7
1155.48333333
1128.18333333
1102.91666667
1116.76271186
1124.98333333
1167.81034483
--END OF 8--
157.627118644
205.866666667
190.533333333
181.283333333
162.4
182.733333333
164.610169492
174.4
188.933333333
167.566666667
164.333333333
170.933333333
165.491525424
186.65
178.266666667
187.466666667
203.133333333
167.35
181.677966102
174.7
177.266666667
182.25
174.633333333
164.474576271
184.583333333
150.616666667
160.35
177.883333333
183.616666667
182.779661017
168.583333333
184.733333333
182.05
157.85
167.05
155.762711864
172.75
179.933333333
193.033333333
169.116666667
189.983050847
166.8
179.566666667
146.333333333
172.466666667
172.516666667
177.118644068
172.55
187.0
173.716666667
187.833333333
197.95
180.338983051
186.35
189.266666667
163.983333333
170.0
164.627118644
176.733333333
164.586206897
--END OF 9--
4.50847457627
8.96666666667
10.5166666667
6.56666666667
7.51666666667
6.1
5.08474576271
7.08333333333
7.08333333333
5.21666666667
7.9
5.8
11.1355932203
13.0
4.15
6.86666666667
6.8
5.45
8.23728813559
4.68333333333
9.11666666667
7.56666666667
6.98333333333
9.4406779661
10.2333333333
4.9
5.65
6.06666666667
6.01666666667
8.61016949153
9.45
5.8
8.7
10.4
7.2
7.40677966102
9.38333333333
9.16666666667
8.0
6.76666666667
5.83050847458
8.85
5.0
6.83333333333
7.66666666667
5.9
7.23728813559
6.95
6.25
6.11666666667
8.26666666667
7.0
5.89830508475
7.51666666667
7.43333333333
7.03333333333
6.83333333333
6.57627118644
9.68333333333
8.3275862069
--END OF 10--
1.66101694915
3.65
2.28333333333
0.233333333333
1.5
1.38333333333
1.38983050847
0.733333333333
3.88333333333
1.25
1.11666666667
1.33333333333
2.66101694915
2.4
0.6
0.5
0.45
0.55
0.508474576271
0.983333333333
3.15
0.866666666667
0.733333333333
0.847457627119
1.4
0.366666666667
1.01666666667
1.18333333333
0.8
0.491525423729
2.01666666667
1.0
0.5
1.0
2.25
3.59322033898
3.2
2.18333333333
1.56666666667
1.5
0.576271186441
1.96666666667
0.55
1.05
0.933333333333
2.06666666667
1.37288135593
0.9
0.75
0.6
0.683333333333
1.65
1.50847457627
0.85
0.633333333333
0.766666666667
1.55
1.37288135593
1.36666666667
1.31034482759
--END OF 11--
0.322033898305
0.5
0.3
0.0333333333333
0.9
0.383333333333
0.694915254237
0.366666666667
0.5
0.0
0.0
0.0
1.52542372881
0.5
0.0
0.0
0.0
0.0
0.0
0.633333333333
0.366666666667
0.5
0.0
0.0
0.3
0.233333333333
0.116666666667
0.216666666667
0.5
0.254237288136
0.616666666667
0.5
0.0
0.0
0.85
1.16949152542
0.0
0.0
0.366666666667
0.0
0.220338983051
0.183333333333
0.0
0.0
0.5
0.0
0.0
0.0
0.0
0.0
0.0
0.0
0.186440677966
0.65
0.3
0.433333333333
0.733333333333
0.593220338983
0.183333333333
0.689655172414
--END OF 12--
