9.06666666667
9.81666666667
9.35593220339
10.8
10.0
10.7
10.55
10.2333333333
10.2333333333
10.2203389831
10.7
9.7
10.1
9.35
9.4
9.5593220339
8.88333333333
10.0666666667
9.53333333333
10.2
11.0169491525
11.1
10.5
9.9
11.0
10.3333333333
10.8983050847
10.75
11.0333333333
10.1666666667
9.53333333333
9.8
9.72881355932
10.7333333333
11.3833333333
11.0
10.1333333333
10.8333333333
10.6949152542
10.7333333333
10.7833333333
11.2666666667
9.93333333333
10.65
10.7796610169
10.9333333333
11.4
11.3666666667
10.4666666667
10.9166666667
11.0
10.5666666667
11.1833333333
10.7166666667
10.4333333333
10.0847457627
10.65
11.25
10.9
10.7931034483
--END OF 1--
12.7666666667
13.5833333333
14.5423728814
13.15
12.85
12.85
13.05
14.0333333333
14.0333333333
13.9322033898
13.75
12.7333333333
13.4166666667
11.9666666667
11.9666666667
13.0677966102
12.75
12.9666666667
12.2333333333
13.5833333333
14.5423728814
13.7
13.5
13.6
14.7
14.5333333333
14.8983050847
13.8166666667
13.4666666667
14.4
13.05
13.4666666667
11.6610169492
14.1333333333
14.0833333333
14.5
12.3833333333
13.7166666667
13.3050847458
14.0833333333
14.5333333333
15.2
13.1833333333
13.8
14.0847457627
13.5333333333
15.5166666667
15.25
13.65
14.9666666667
14.2372881356
14.4666666667
14.3333333333
14.0
13.9333333333
12.5254237288
13.8
15.3
15.1
13.9137931034
--END OF 2--
13.35
14.0
15.0677966102
14.4
13.1
13.2
13.05
14.4833333333
14.7333333333
14.9152542373
14.8333333333
12.7833333333
13.4166666667
12.55
12.4666666667
14.1525423729
12.9666666667
13.35
12.5333333333
13.8833333333
15.5593220339
14.1
14.3
14.1
15.45
15.2333333333
15.0169491525
14.6666666667
13.4666666667
15.0333333333
13.1666666667
13.6166666667
12.186440678
14.6333333333
14.7166666667
14.85
12.4
14.1
13.3050847458
14.2833333333
14.7333333333
16.0333333333
13.5833333333
14.4
14.3389830508
15.0166666667
15.5333333333
15.6833333333
13.8666666667
15.8
15.3898305085
15.4666666667
14.9833333333
15.4
14.6666666667
14.0508474576
15.05
15.65
15.8
14.0689655172
--END OF 3--
9.06666666667
9.81666666667
9.35593220339
10.8
10.0
10.7
10.55
10.2333333333
10.2333333333
10.2203389831
10.7
9.7
10.1
9.35
9.4
9.5593220339
8.88333333333
10.0666666667
9.53333333333
10.2
11.0169491525
11.1
10.5
9.9
11.0
10.3333333333
10.8983050847
10.75
11.0333333333
10.1666666667
9.53333333333
9.8
9.72881355932
10.7333333333
11.3833333333
11.0
10.1333333333
10.8333333333
10.6949152542
10.7333333333
10.7833333333
11.2666666667
9.93333333333
10.65
10.7796610169
10.9333333333
11.4
11.3666666667
10.4666666667
10.9166666667
11.0
10.5666666667
11.1833333333
10.7166666667
10.4333333333
10.0847457627
10.65
11.25
10.9
10.7931034483
--END OF 4--
12.7666666667
13.5833333333
14.5423728814
13.15
12.85
12.85
13.05
14.0333333333
14.0333333333
13.9322033898
13.75
12.7333333333
13.4166666667
11.9666666667
11.9666666667
13.0677966102
12.75
12.9666666667
12.2333333333
13.5833333333
14.5423728814
13.7
13.5
13.6
14.7
14.5333333333
14.8983050847
13.8166666667
13.4666666667
14.4
13.05
13.4666666667
11.6610169492
14.1333333333
14.0833333333
14.5
12.3833333333
13.7166666667
13.3050847458
14.0833333333
14.5333333333
15.2
13.1833333333
13.8
14.0847457627
13.5333333333
15.5166666667
15.25
13.65
14.9666666667
14.2372881356
14.4666666667
14.3333333333
14.0
13.9333333333
12.5254237288
13.8
15.3
15.1
13.9137931034
--END OF 5--
13.35
14.0
15.0677966102
14.4
13.1
13.2
13.05
14.4833333333
14.7333333333
14.9152542373
14.8333333333
12.7833333333
13.4166666667
12.55
12.4666666667
14.1525423729
12.9666666667
13.35
12.5333333333
13.8833333333
15.5593220339
14.1
14.3
14.1
15.45
15.2333333333
15.0169491525
14.6666666667
13.4666666667
15.0333333333
13.1666666667
13.6166666667
12.186440678
14.6333333333
14.7166666667
14.85
12.4
14.1
13.3050847458
14.2833333333
14.7333333333
16.0333333333
13.5833333333
14.4
14.3389830508
15.0166666667
15.5333333333
15.6833333333
13.8666666667
15.8
15.3898305085
15.4666666667
14.9833333333
15.4
14.6666666667
14.0508474576
15.05
15.65
15.8
14.0689655172
--END OF 6--
1949.0
2099.3
1916.6440678
2036.4
1965.75
2043.9
2052.9
1958.1
2073.45
2033.69491525
2059.15
1908.65
2000.65
1901.9
1900.95
1921.37288136
2009.35
2103.2
1938.5
2081.9
2108.69491525
2105.25
2013.0
1983.0
2220.6
2121.9
2192.44067797
2080.45
2035.2
2137.35
1983.8
1983.0
2000.59322034
2107.2
2140.9
2087.15
1923.3
2149.15
2121.05084746
2176.65
2180.7
2184.1
2087.55
2117.55
2084.13559322
2167.45
2201.85
2207.75
2053.55
2182.2
2195.13559322
2129.0
2156.6
2173.6
2184.4
2077.27118644
2059.65
2183.55
2130.45
2129.5862069
--END OF 7--
540.133333333
575.883333333
542.661016949
569.0
536.5
559.45
562.35
547.7
560.95
566.423728814
565.016666667
533.666666667
558.966666667
508.366666667
523.1
530.406779661
554.033333333
578.25
523.366666667
581.566666667
586.745762712
578.2
542.85
548.15
615.05
568.7
613.983050847
578.9
582.016666667
601.0
526.183333333
545.283333333
529.93220339
576.85
589.733333333
589.116666667
531.566666667
582.75
575.966101695
594.0
594.8
598.816666667
562.35
597.7
575.152542373
588.75
613.616666667
613.483333333
576.983333333
606.466666667
595.593220339
575.933333333
592.033333333
581.116666667
575.166666667
560.813559322
571.5
604.3
588.7
577.448275862
--END OF 8--
74.6333333333
71.3833333333
90.2542372881
56.95
57.75
58.8
65.05
73.95
86.7
69.813559322
58.05
67.2333333333
69.3833333333
57.0166666667
60.7833333333
79.4576271186
81.7833333333
61.0666666667
68.5166666667
64.7166666667
75.8305084746
63.8
71.7
87.5
79.8
86.05
74.8983050847
70.7833333333
70.3666666667
78.4166666667
70.3333333333
71.8833333333
60.0508474576
77.4166666667
72.7333333333
74.5166666667
54.3333333333
68.3333333333
67.4915254237
71.65
84.95
89.7166666667
70.55
82.1
83.7966101695
70.55
87.05
80.65
64.9333333333
82.75
78.5084745763
84.5833333333
69.8333333333
74.15
65.8166666667
70.2033898305
67.25
80.1
83.65
71.4137931034
--END OF 9--
3.35
2.93333333333
5.27118644068
3.75
1.95
1.55
0.4
5.55
3.15
5.1186440678
5.78333333333
1.98333333333
2.53333333333
2.06666666667
3.05
5.23728813559
2.93333333333
4.43333333333
0.966666666667
1.78333333333
6.13559322034
2.3
2.8
2.9
3.45
5.1
2.74576271186
4.61666666667
0.733333333333
6.2
2.46666666667
2.1
1.08474576271
3.38333333333
3.15
3.63333333333
1.46666666667
1.75
0.745762711864
2.1
2.0
4.73333333333
4.05
2.65
2.22033898305
4.65
3.56666666667
1.95
1.93333333333
3.91666666667
4.98305084746
5.6
2.51666666667
4.11666666667
3.08333333333
3.13559322034
5.05
2.7
4.5
2.87931034483
--END OF 10--
0.533333333333
0.466666666667
0.508474576271
1.7
0.3
0.5
0.0
0.85
0.65
1.49152542373
1.71666666667
0.316666666667
0.0
0.633333333333
0.4
1.49152542373
0.0
0.5
0.5
0.5
1.52542372881
0.45
1.1
0.6
1.15
1.2
0.169491525424
1.0
0.0833333333333
1.23333333333
0.316666666667
0.366666666667
0.372881355932
0.633333333333
0.266666666667
0.233333333333
0.0166666666667
0.483333333333
0.0
0.25
0.5
0.95
0.5
1.0
0.0
1.98333333333
0.0166666666667
0.616666666667
0.383333333333
1.28333333333
1.22033898305
1.9
0.983333333333
1.4
1.23333333333
2.89830508475
2.15
0.65
0.85
0.310344827586
--END OF 11--
0.366666666667
0.133333333333
0.169491525424
0.5
0.0
0.0
0.0
0.0
0.5
0.508474576271
0.0
0.0
0.0
0.0
0.0
0.0
0.0
0.0
0.0
0.0
0.508474576271
0.0
0.5
0.05
0.45
0.0
0.169491525424
0.5
0.0
0.0
0.0
0.0
0.372881355932
0.133333333333
0.0
0.0
0.0
0.0
0.0
0.0
0.0
0.2
0.0
0.5
0.0
0.5
0.0
0.0
0.0
0.0
0.0
0.0166666666667
0.483333333333
0.266666666667
0.233333333333
0.0
0.0
0.0
0.0
0.0
--END OF 12--
