16.75
16.5
16.2372881356
15.7333333333
16.2
16.1333333333
17.4
15.9166666667
15.8983050847
16.15
17.2
17.45
17.0166666667
16.3833333333
16.6271186441
15.9333333333
16.3833333333
16.7
15.9166666667
15.9
16.8474576271
15.7833333333
16.95
15.1833333333
15.7833333333
16.0333333333
16.4237288136
16.45
16.4166666667
17.1333333333
16.9166666667
15.6779661017
16.3833333333
17.15
16.95
17.7833333333
16.3333333333
16.8813559322
14.8833333333
16.4333333333
15.9833333333
16.3333333333
15.65
17.1355932203
16.2666666667
15.8166666667
18.1
17.3666666667
17.5762711864
17.1333333333
17.35
18.5333333333
18.45
17.2
17.0338983051
16.9666666667
16.65
17.0833333333
16.8333333333
17.298245614
--END OF 1--
22.45
23.2
22.6271186441
22.1
22.4333333333
22.75
23.1166666667
22.3333333333
22.5254237288
22.6
24.05
24.3
23.4
20.7166666667
22.4915254237
22.9666666667
22.7333333333
22.65
22.8166666667
20.8
22.593220339
22.8
22.65
21.7833333333
22.0
22.5
22.1525423729
21.35
22.5333333333
22.8666666667
23.9
23.1186440678
23.15
22.5
21.95
24.4166666667
22.4333333333
24.2372881356
21.0833333333
22.15
21.8666666667
21.0666666667
22.7666666667
24.8983050847
22.1833333333
21.1833333333
24.05
22.1333333333
23.7457627119
22.3333333333
23.4
24.6833333333
24.55
24.1
21.7288135593
22.6666666667
23.1833333333
23.8166666667
23.6
23.1929824561
--END OF 2--
23.8
23.85
23.1186440678
23.3833333333
23.15
23.8
23.4833333333
24.0166666667
23.7118644068
22.9
24.2666666667
24.7166666667
24.1833333333
21.4666666667
23.0
23.6
24.2833333333
24.25
24.8166666667
21.85
23.2542372881
23.8333333333
24.1333333333
22.3166666667
22.4333333333
22.6166666667
25.8474576271
22.1
24.6166666667
24.1666666667
24.1666666667
23.813559322
23.5
22.95
22.25
25.35
23.0333333333
25.1355932203
22.1833333333
22.85
22.3833333333
21.2166666667
23.1333333333
25.1186440678
22.9833333333
21.6
25.45
22.8666666667
24.3559322034
22.8833333333
23.75
25.2333333333
25.5
24.5666666667
22.5593220339
23.8333333333
24.15
24.2666666667
24.25
23.5087719298
--END OF 3--
16.75
16.5
16.2372881356
15.7333333333
16.2
16.1333333333
17.4
15.9166666667
15.8983050847
16.15
17.2
17.45
17.0166666667
16.3833333333
16.6271186441
15.9333333333
16.3833333333
16.7
15.9166666667
15.9
16.8474576271
15.7833333333
16.95
15.1833333333
15.7833333333
16.0333333333
16.4237288136
16.45
16.4166666667
17.1333333333
16.9166666667
15.6779661017
16.3833333333
17.15
16.95
17.7833333333
16.3333333333
16.8813559322
14.8833333333
16.4333333333
15.9833333333
16.3333333333
15.65
17.1355932203
16.2666666667
15.8166666667
18.1
17.3666666667
17.5762711864
17.1333333333
17.35
18.5333333333
18.45
17.2
17.0338983051
16.9666666667
16.65
17.0833333333
16.8333333333
17.298245614
--END OF 4--
22.45
23.2
22.6271186441
22.1
22.4333333333
22.75
23.1166666667
22.3333333333
22.5254237288
22.6
24.05
24.3
23.4
20.7166666667
22.4915254237
22.9666666667
22.7333333333
22.65
22.8166666667
20.8
22.593220339
22.8
22.65
21.7833333333
22.0
22.5
22.1525423729
21.35
22.5333333333
22.8666666667
23.9
23.1186440678
23.15
22.5
21.95
24.4166666667
22.4333333333
24.2372881356
21.0833333333
22.15
21.8666666667
21.0666666667
22.7666666667
24.8983050847
22.1833333333
21.1833333333
24.05
22.1333333333
23.7457627119
22.3333333333
23.4
24.6833333333
24.55
24.1
21.7288135593
22.6666666667
23.1833333333
23.8166666667
23.6
23.1929824561
--END OF 5--
23.8
23.85
23.1186440678
23.3833333333
23.15
23.8
23.4833333333
24.0166666667
23.7118644068
22.9
24.2666666667
24.7166666667
24.1833333333
21.4666666667
23.0
23.6
24.2833333333
24.25
24.8166666667
21.85
23.2542372881
23.8333333333
24.1333333333
22.3166666667
22.4333333333
22.6166666667
25.8474576271
22.1
24.6166666667
24.1666666667
24.1666666667
23.813559322
23.5
22.95
22.25
25.35
23.0333333333
25.1355932203
22.1833333333
22.85
22.3833333333
21.2166666667
23.1333333333
25.1186440678
22.9833333333
21.6
25.45
22.8666666667
24.3559322034
22.8833333333
23.75
25.2333333333
25.5
24.5666666667
22.5593220339
23.8333333333
24.15
24.2666666667
24.25
23.5087719298
--END OF 6--
3080.1
3173.55
3144.15254237
3097.05
3129.7
3194.8
3306.6
3153.55
3076.27118644
3127.4
3282.1
3258.35
3222.7
3050.25
3217.27118644
3224.6
3148.95
3202.2
3066.75
3050.7
3172.72881356
3067.55
3154.4
3057.2
3055.35
3097.7
3247.77966102
3223.2
3225.05
3264.5
3369.2
3186.61016949
3191.7
3187.8
3171.3
3375.95
3209.55
3352.16949153
3045.3
3195.1
3263.0
3113.4
3219.4
3348.76271186
3186.1
3009.1
3344.55
3142.7
3306.50847458
3087.9
3157.65
3375.3
3370.35
3215.45
3136.11864407
3248.55
3097.0
3162.75
3114.1
3206.21052632
--END OF 7--
855.65
886.7
862.118644068
865.183333333
867.866666667
870.9
909.666666667
865.3
852.406779661
868.566666667
912.933333333
892.2
899.966666667
844.833333333
889.033898305
883.45
859.0
883.7
856.25
841.55
876.542372881
858.9
899.866666667
854.766666667
851.266666667
862.5
898.06779661
880.083333333
872.35
900.533333333
921.75
886.711864407
887.15
880.95
870.95
932.95
878.7
916.050847458
841.933333333
885.55
889.45
857.183333333
881.516666667
918.796610169
857.966666667
831.483333333
944.616666667
882.933333333
920.593220339
876.2
883.85
945.4
949.0
894.516666667
850.389830508
878.883333333
871.45
885.616666667
866.35
890.719298246
--END OF 8--
144.3
131.05
133.728813559
121.483333333
125.033333333
120.7
122.866666667
123.85
131.830508475
124.716666667
139.083333333
147.866666667
133.566666667
119.283333333
135.677966102
142.983333333
153.6
131.35
133.45
123.0
131.372881356
141.733333333
120.683333333
127.283333333
120.833333333
136.066666667
131.203389831
115.416666667
134.616666667
131.333333333
142.75
138.796610169
141.65
121.3
119.2
136.5
124.55
141.050847458
121.3
119.3
124.233333333
123.65
141.433333333
140.474576271
128.666666667
113.033333333
135.1
119.983333333
138.949152542
123.6
134.1
144.166666667
120.85
149.3
115.610169492
124.6
130.2
125.116666667
133.4
132.947368421
--END OF 9--
4.4
6.7
3.50847457627
7.36666666667
4.38333333333
7.05
6.03333333333
7.53333333333
7.96610169492
3.61666666667
3.56666666667
5.66666666667
4.75
1.7
4.0
4.35
7.0
6.9
8.7
3.25
4.38983050847
4.28333333333
6.1
4.25
7.08333333333
4.83333333333
8.16949152542
2.9
8.71666666667
7.58333333333
5.45
7.94915254237
3.58333333333
3.9
3.5
5.73333333333
4.6
9.54237288136
6.0
3.98333333333
2.8
2.4
6.71666666667
6.72881355932
5.2
3.01666666667
6.18333333333
2.35
3.8813559322
4.2
4.7
4.48333333333
8.1
3.76666666667
6.15254237288
5.83333333333
6.2
7.46666666667
8.16666666667
4.12280701754
--END OF 10--
1.25
0.75
1.25423728814
1.23333333333
0.533333333333
1.16666666667
0.516666666667
2.9
1.94915254237
0.0
0.233333333333
0.366666666667
1.43333333333
1.5
0.508474576271
1.16666666667
2.35
2.25
2.75
1.55
0.71186440678
1.25
1.18333333333
0.766666666667
0.8
0.266666666667
5.96610169492
1.3
2.3
2.0
0.5
0.728813559322
0.416666666667
0.3
0.45
0.983333333333
0.65
1.49152542373
1.9
1.3
1.08333333333
0.233333333333
0.4
0.406779661017
0.766666666667
0.416666666667
2.55
1.03333333333
0.508474576271
0.7
0.85
0.916666666667
1.15
0.85
1.4406779661
1.86666666667
1.7
0.9
1.11666666667
0.385964912281
--END OF 11--
0.0
0.0
0.0
0.433333333333
0.0666666666667
0.5
0.0
0.5
0.0
0.0
0.0
0.366666666667
0.133333333333
0.0
0.0
0.2
0.9
0.15
0.7
0.25
0.508474576271
0.683333333333
0.4
0.116666666667
0.233333333333
0.266666666667
1.01694915254
0.166666666667
0.333333333333
1.0
0.0
0.0
0.266666666667
0.0
0.25
0.25
0.0
0.0847457627119
0.116666666667
0.0
0.0
0.0
0.0
0.0
0.0
0.416666666667
0.0833333333333
0.0
0.0
0.5
0.0
0.0
0.0
0.0
0.28813559322
0.216666666667
0.0
0.0
0.0
0.0
--END OF 12--
