15.9166666667
15.5166666667
15.5833333333
14.6166666667
14.3389830508
15.4833333333
16.1
16.0833333333
15.1166666667
15.3833333333
16.3559322034
16.25
16.4666666667
15.8333333333
16.0166666667
15.1166666667
16.2033898305
16.1
15.75
15.45
16.15
16.4406779661
15.2166666667
14.55
16.4333333333
17.15
15.8333333333
14.2881355932
16.3
14.85
14.5
14.9833333333
16.593220339
16.5
15.25
14.95
16.2
16.4576271186
15.5
15.3833333333
15.5166666667
15.7333333333
14.8166666667
16.4237288136
15.5333333333
16.1333333333
15.6
16.6833333333
16.3220338983
17.25
15.5833333333
16.8
16.6666666667
16.8166666667
16.4576271186
16.7333333333
15.1333333333
15.5333333333
16.45
15.1929824561
--END OF 1--
21.0666666667
19.7666666667
20.0333333333
17.9166666667
18.2711864407
20.5166666667
21.0166666667
20.8
20.9666666667
19.9
21.0847457627
21.2
21.5
21.4666666667
21.1833333333
19.6
22.406779661
21.05
20.65
21.0
20.4
21.1016949153
19.4166666667
18.4333333333
21.45
21.6166666667
19.7666666667
18.7966101695
20.8333333333
19.5
19.85
21.0166666667
21.1525423729
21.6
20.55
20.05
20.7
20.9152542373
20.3333333333
20.9333333333
20.4166666667
20.5333333333
20.6666666667
23.1525423729
20.7
21.05
20.2166666667
21.9333333333
21.1694915254
22.8
21.15
21.5
21.6166666667
22.5666666667
21.9491525424
22.1
20.5166666667
19.8666666667
21.2166666667
20.8771929825
--END OF 2--
21.4166666667
19.8166666667
20.5333333333
18.0166666667
18.5762711864
20.7666666667
21.0166666667
21.1333333333
21.5333333333
20.1333333333
21.6101694915
21.4166666667
21.65
21.9166666667
22.0833333333
20.1333333333
22.6440677966
21.55
20.95
22.15
21.55
22.4576271186
19.5833333333
18.6666666667
21.8166666667
22.1666666667
19.8166666667
19.7796610169
21.6666666667
19.85
20.4
21.6166666667
21.2372881356
21.7333333333
21.15
20.35
22.0
21.6610169492
21.4833333333
22.1166666667
20.8
20.8166666667
21.1833333333
23.1525423729
21.5166666667
21.5833333333
20.4833333333
22.8833333333
21.6610169492
22.8
22.6166666667
21.8
21.7666666667
23.8166666667
22.593220339
22.7666666667
20.8
20.15
22.2166666667
21.4561403509
--END OF 3--
15.9166666667
15.5166666667
15.5833333333
14.6166666667
14.3389830508
15.4833333333
16.1
16.0833333333
15.1166666667
15.3833333333
16.3559322034
16.25
16.4666666667
15.8333333333
16.0166666667
15.1166666667
16.2033898305
16.1
15.75
15.45
16.15
16.4406779661
15.2166666667
14.55
16.4333333333
17.15
15.8333333333
14.2881355932
16.3
14.85
14.5
14.9833333333
16.593220339
16.5
15.25
14.95
16.2
16.4576271186
15.5
15.3833333333
15.5166666667
15.7333333333
14.8166666667
16.4237288136
15.5333333333
16.1333333333
15.6
16.6833333333
16.3220338983
17.25
15.5833333333
16.8
16.6666666667
16.8166666667
16.4576271186
16.7333333333
15.1333333333
15.5333333333
16.45
15.1929824561
--END OF 4--
21.0666666667
19.7666666667
20.0333333333
17.9166666667
18.2711864407
20.5166666667
21.0166666667
20.8
20.9666666667
19.9
21.0847457627
21.2
21.5
21.4666666667
21.1833333333
19.6
22.406779661
21.05
20.65
21.0
20.4
21.1016949153
19.4166666667
18.4333333333
21.45
21.6166666667
19.7666666667
18.7966101695
20.8333333333
19.5
19.85
21.0166666667
21.1525423729
21.6
20.55
20.05
20.7
20.9152542373
20.3333333333
20.9333333333
20.4166666667
20.5333333333
20.6666666667
23.1525423729
20.7
21.05
20.2166666667
21.9333333333
21.1694915254
22.8
21.15
21.5
21.6166666667
22.5666666667
21.9491525424
22.1
20.5166666667
19.8666666667
21.2166666667
20.8771929825
--END OF 5--
21.4166666667
19.8166666667
20.5333333333
18.0166666667
18.5762711864
20.7666666667
21.0166666667
21.1333333333
21.5333333333
20.1333333333
21.6101694915
21.4166666667
21.65
21.9166666667
22.0833333333
20.1333333333
22.6440677966
21.55
20.95
22.15
21.55
22.4576271186
19.5833333333
18.6666666667
21.8166666667
22.1666666667
19.8166666667
19.7796610169
21.6666666667
19.85
20.4
21.6166666667
21.2372881356
21.7333333333
21.15
20.35
22.0
21.6610169492
21.4833333333
22.1166666667
20.8
20.8166666667
21.1833333333
23.1525423729
21.5166666667
21.5833333333
20.4833333333
22.8833333333
21.6610169492
22.8
22.6166666667
21.8
21.7666666667
23.8166666667
22.593220339
22.7666666667
20.8
20.15
22.2166666667
21.4561403509
--END OF 6--
2963.1
2970.15
3033.75
2802.75
2736.25423729
2869.15
3006.1
3003.55
2812.0
2926.1
3006.76271186
3056.35
2965.85
2978.6
2981.0
2815.0
3064.22033898
2974.95
2927.25
2947.8
3000.9
2989.83050847
2873.0
2909.1
3085.25
3125.65
2932.9
2886.25423729
3001.3
2899.6
2879.65
3013.0
2968.27118644
2995.9
2782.95
2741.4
3001.35
2951.13559322
2905.35
2967.95
3120.65
2980.9
2984.5
3106.77966102
2903.4
3075.9
2977.25
3096.0
3009.0
3204.75
2983.7
3164.85
3153.6
3204.45
3090.61016949
3042.85
2982.1
3008.85
3106.55
2873.21052632
--END OF 7--
833.95
830.6
833.85
775.4
762.440677966
810.25
832.316666667
837.2
793.3
802.45
841.644067797
850.566666667
846.55
828.9
832.35
773.083333333
855.576271186
839.05
811.2
813.45
826.9
838.677966102
804.6
797.25
849.783333333
871.733333333
805.166666667
792.966101695
833.466666667
798.716666667
802.483333333
833.8
853.542372881
844.15
800.3
773.3
830.5
837.644067797
807.433333333
817.233333333
850.933333333
832.05
822.55
875.152542373
834.633333333
848.166666667
826.366666667
859.4
842.372881356
901.8
834.4
880.25
871.85
892.45
869.949152542
861.866666667
818.5
834.733333333
864.733333333
807.649122807
--END OF 8--
109.15
99.45
113.3
86.75
94.6779661017
110.533333333
115.35
112.45
119.2
99.0333333333
116.966101695
115.0
111.366666667
112.816666667
122.0
113.15
127.186440678
112.5
98.65
111.25
108.15
114.525423729
102.233333333
98.7
113.833333333
112.15
108.816666667
113.13559322
110.066666667
97.0333333333
109.783333333
118.233333333
113.661016949
117.783333333
113.1
114.8
110.55
122.169491525
109.883333333
126.516666667
112.716666667
109.75
122.25
136.118644068
116.616666667
111.583333333
103.933333333
121.083333333
112.966101695
123.4
110.9
102.65
117.6
129.25
125.830508475
121.283333333
109.833333333
101.516666667
107.2
124.385964912
--END OF 9--
5.6
1.0
3.05
1.55
2.30508474576
3.13333333333
1.48333333333
2.18333333333
4.75
3.51666666667
2.13559322034
1.33333333333
2.06666666667
5.4
3.38333333333
2.51666666667
3.89830508475
2.45
4.8
4.9
5.15
4.98305084746
2.58333333333
1.65
2.85
3.11666666667
1.83333333333
2.13559322034
2.6
3.81666666667
3.35
5.35
2.83050847458
3.55
4.15
5.1
3.2
3.62711864407
4.15
5.51666666667
3.8
3.03333333333
4.56666666667
5.66101694915
4.4
2.43333333333
2.11666666667
4.85
3.15254237288
0.45
6.73333333333
3.15
1.65
6.15
3.5593220339
2.53333333333
4.2
2.6
3.03333333333
5.57894736842
--END OF 10--
0.4
0.5
1.0
0.1
0.406779661017
0.466666666667
0.0
0.383333333333
0.85
0.3
0.474576271186
0.366666666667
0.133333333333
0.316666666667
1.0
0.683333333333
0.728813559322
0.85
0.3
1.4
1.5
2.25423728814
0.283333333333
0.283333333333
0.716666666667
1.0
0.0
1.23728813559
0.983333333333
0.45
0.75
0.616666666667
0.389830508475
0.116666666667
0.75
0.15
1.1
0.847457627119
1.45
1.2
0.266666666667
0.483333333333
0.516666666667
0.0
1.48333333333
1.01666666667
0.316666666667
0.95
0.745762711864
0.0
1.45
0.15
0.15
1.45
0.915254237288
0.816666666667
0.416666666667
0.483333333333
1.81666666667
0.578947368421
--END OF 11--
0.0
0.0
0.0
0.0
0.0
0.0
0.0
0.0
0.233333333333
0.266666666667
0.0
0.0
0.0
0.0
0.316666666667
0.183333333333
0.0
0.0
0.1
0.4
0.0
0.389830508475
0.116666666667
0.0
0.0
0.5
0.0
0.728813559322
0.55
0.0333333333333
0.0
0.0
0.0
0.0
0.0
0.15
0.75
0.101694915254
1.0
0.0
0.0
0.0
0.0
0.0
0.0
0.5
0.0
0.266666666667
0.237288135593
0.0
0.5
0.0
0.0
0.0
0.0
0.583333333333
0.183333333333
0.0
0.0
0.0
--END OF 12--
