11.5
12.65
12.75
12.3333333333
11.4166666667
11.8644067797
11.0833333333
12.8166666667
11.8
12.4666666667
11.4333333333
12.7627118644
12.9166666667
13.4666666667
13.0666666667
11.4333333333
12.0847457627
11.7833333333
13.1666666667
12.0
11.2
11.1
11.813559322
12.15
11.9833333333
11.8166666667
11.9
12.2711864407
12.35
12.7833333333
11.9333333333
10.7666666667
10.45
11.4237288136
10.2333333333
10.4166666667
10.4666666667
10.7166666667
11.5423728814
11.75
11.0
12.35
10.8
10.8666666667
11.3728813559
9.93333333333
9.86666666667
10.0166666667
10.55
10.6949152542
10.45
10.3333333333
9.63333333333
10.2333333333
9.91525423729
10.4833333333
11.0
10.3
10.7833333333
11.2857142857
--END OF 1--
16.55
18.0
17.6
18.15
16.7
17.0677966102
15.4
17.9
17.8
18.4833333333
16.4833333333
18.2881355932
17.8166666667
18.1
18.1333333333
16.5166666667
17.7118644068
17.2833333333
17.8166666667
16.25
16.05
14.25
16.4576271186
17.2833333333
16.5833333333
17.0166666667
16.7166666667
15.2203389831
16.8
18.1666666667
16.5833333333
14.65
15.85
16.6949152542
14.8833333333
14.1666666667
15.1166666667
14.8166666667
15.7118644068
16.3666666667
16.2666666667
15.85
15.3666666667
15.8333333333
15.1016949153
15.0666666667
14.2666666667
14.8166666667
14.3
15.1525423729
15.3
14.6333333333
14.0333333333
13.6833333333
14.2203389831
14.65
14.9833333333
13.9166666667
14.9
16.3928571429
--END OF 2--
17.55
19.4
18.45
19.9333333333
17.9166666667
17.9661016949
16.2833333333
18.9166666667
18.6833333333
19.8833333333
16.9333333333
19.8983050847
18.15
18.2166666667
18.2666666667
17.3
19.4576271186
19.1333333333
18.5166666667
16.85
17.45
15.65
17.1016949153
18.0166666667
17.1666666667
18.15
18.9666666667
17.4406779661
18.2
18.8166666667
18.15
16.3333333333
16.5
19.2711864407
16.3833333333
15.6166666667
16.6666666667
15.1666666667
15.9491525424
17.6166666667
17.0166666667
17.8833333333
17.1
18.7333333333
16.0169491525
16.4333333333
14.7
16.0
16.55
17.0169491525
16.65
15.0833333333
14.6333333333
14.2833333333
15.1694915254
15.4166666667
15.6166666667
15.7
16.1
16.6071428571
--END OF 3--
11.5
12.65
12.75
12.3333333333
11.4166666667
11.8644067797
11.0833333333
12.8166666667
11.8
12.4666666667
11.4333333333
12.7627118644
12.9166666667
13.4666666667
13.0666666667
11.4333333333
12.0847457627
11.7833333333
13.1666666667
12.0
11.2
11.1
11.813559322
12.15
11.9833333333
11.8166666667
11.9
12.2711864407
12.35
12.7833333333
11.9333333333
10.7666666667
10.45
11.4237288136
10.2333333333
10.4166666667
10.4666666667
10.7166666667
11.5423728814
11.75
11.0
12.35
10.8
10.8666666667
11.3728813559
9.93333333333
9.86666666667
10.0166666667
10.55
10.6949152542
10.45
10.3333333333
9.63333333333
10.2333333333
9.91525423729
10.4833333333
11.0
10.3
10.7833333333
11.2857142857
--END OF 4--
16.55
18.0
17.6
18.15
16.7
17.0677966102
15.4
17.9
17.8
18.4833333333
16.4833333333
18.2881355932
17.8166666667
18.1
18.1333333333
16.5166666667
17.7118644068
17.2833333333
17.8166666667
16.25
16.05
14.25
16.4576271186
17.2833333333
16.5833333333
17.0166666667
16.7166666667
15.2203389831
16.8
18.1666666667
16.5833333333
14.65
15.85
16.6949152542
14.8833333333
14.1666666667
15.1166666667
14.8166666667
15.7118644068
16.3666666667
16.2666666667
15.85
15.3666666667
15.8333333333
15.1016949153
15.0666666667
14.2666666667
14.8166666667
14.3
15.1525423729
15.3
14.6333333333
14.0333333333
13.6833333333
14.2203389831
14.65
14.9833333333
13.9166666667
14.9
16.3928571429
--END OF 5--
17.55
19.4
18.45
19.9333333333
17.9166666667
17.9661016949
16.2833333333
18.9166666667
18.6833333333
19.8833333333
16.9333333333
19.8983050847
18.15
18.2166666667
18.2666666667
17.3
19.4576271186
19.1333333333
18.5166666667
16.85
17.45
15.65
17.1016949153
18.0166666667
17.1666666667
18.15
18.9666666667
17.4406779661
18.2
18.8166666667
18.15
16.3333333333
16.5
19.2711864407
16.3833333333
15.6166666667
16.6666666667
15.1666666667
15.9491525424
17.6166666667
17.0166666667
17.8833333333
17.1
18.7333333333
16.0169491525
16.4333333333
14.7
16.0
16.55
17.0169491525
16.65
15.0833333333
14.6333333333
14.2833333333
15.1694915254
15.4166666667
15.6166666667
15.7
16.1
16.6071428571
--END OF 6--
2300.7
2419.2
2364.45
2385.25
2156.15
2328.76271186
2308.45
2465.75
2298.55
2406.15
2317.65
2412.40677966
2515.95
2511.85
2444.35
2350.8
2456.54237288
2321.7
2531.4
2351.7
2241.0
2252.1
2306.03389831
2356.0
2354.1
2294.25
2297.15
2313.20338983
2414.9
2473.0
2444.6
2252.0
2165.25
2333.28813559
2135.85
2025.75
2108.25
2050.8
2225.79661017
2334.05
2159.0
2267.9
2164.5
2161.85
2175.0
2081.55
1998.25
2052.8
2157.8
2138.44067797
2141.85
2062.2
1895.1
2071.05
1998.10169492
2041.2
2102.45
2030.95
2074.55
2189.41071429
--END OF 7--
639.8
675.45
658.0
668.516666667
617.35
650.847457627
610.216666667
683.916666667
655.716666667
666.716666667
629.133333333
682.288135593
687.683333333
692.666666667
690.483333333
648.933333333
667.661016949
644.7
707.45
649.35
631.3
605.6
647.711864407
663.333333333
668.333333333
631.566666667
635.2
635.06779661
664.583333333
688.916666667
675.0
614.316666667
600.383333333
640.474576271
583.75
560.5
587.65
578.55
621.949152542
639.416666667
603.5
635.733333333
598.6
599.016666667
610.610169492
571.316666667
562.0
567.833333333
586.333333333
593.203389831
581.05
576.75
527.7
568.3
556.711864407
571.533333333
590.466666667
553.4
580.883333333
615.375
--END OF 8--
95.9
95.75
91.5
105.283333333
110.733333333
99.3220338983
90.9833333333
108.816666667
111.4
118.366666667
95.6666666667
93.4745762712
90.4333333333
106.6
94.0833333333
98.35
110.576271186
110.45
97.35
87.15
92.8
83.9
107.745762712
107.533333333
93.7833333333
107.033333333
101.766666667
65.3559322034
91.0666666667
109.45
95.2166666667
83.8
93.2333333333
106.186440678
87.35
77.55
90.5
88.2
83.1186440678
90.3166666667
94.4666666667
79.8166666667
102.983333333
94.75
76.0847457627
87.8666666667
80.8666666667
84.5833333333
73.9
89.1355932203
85.9
82.25
85.9
72.35
73.2372881356
81.0333333333
85.25
75.9166666667
86.1666666667
97.8035714286
--END OF 9--
4.1
7.7
6.65
8.31666666667
4.86666666667
6.83050847458
4.03333333333
4.6
6.06666666667
8.8
4.58333333333
11.6949152542
5.33333333333
2.51666666667
6.9
5.65
9.47457627119
8.1
6.7
5.35
6.25
4.55
3.71186440678
3.61666666667
3.85
6.9
9.4
8.37288135593
5.56666666667
6.41666666667
5.61666666667
6.4
6.65
9.35593220339
9.3
9.35
7.75
2.65
4.1186440678
6.05
6.03333333333
5.0
5.38333333333
10.7
5.64406779661
8.58333333333
3.2
4.7
7.2
6.74576271186
7.7
6.25
5.25
3.2
6.08474576271
6.4
2.85
6.08333333333
5.16666666667
6.375
--END OF 10--
1.55
2.25
1.45
2.46666666667
1.36666666667
1.37288135593
1.33333333333
1.41666666667
1.2
1.65
0.783333333333
3.25423728814
0.533333333333
0.183333333333
0.233333333333
0.633333333333
1.84745762712
2.7
1.35
0.95
2.0
1.9
0.881355932203
0.85
0.983333333333
1.51666666667
3.45
2.83050847458
1.73333333333
1.0
2.41666666667
2.16666666667
0.866666666667
4.54237288136
1.65
2.15
2.55
0.5
0.237288135593
1.56666666667
1.23333333333
3.01666666667
3.0
5.18333333333
1.71186440678
1.75
0.483333333333
2.2
2.98333333333
2.57627118644
1.75
0.05
0.95
0.9
1.16949152542
1.0
0.583333333333
2.33333333333
2.26666666667
0.482142857143
--END OF 11--
0.0
0.0
0.0
1.0
0.366666666667
0.0847457627119
0.8
0.3
0.216666666667
0.5
0.0
0.0
0.5
0.0
0.0
0.0
0.0
1.4
0.1
0.0
0.85
0.15
0.0
0.0
0.483333333333
1.01666666667
0.0
0.728813559322
0.283333333333
0.0
0.733333333333
0.0
0.0
0.0
0.0
0.2
0.8
0.5
0.0
0.5
0.0333333333333
1.1
0.4
0.666666666667
0.118644067797
0.65
0.483333333333
0.516666666667
1.16666666667
0.847457627119
0.0
0.0
0.0
0.35
0.661016949153
0.0
0.0
0.5
0.0
0.0
--END OF 12--
