9.13333333333
9.58333333333
10.0
11.1166666667
10.1333333333
10.2881355932
9.63333333333
9.33333333333
9.36666666667
9.95
11.0666666667
10.5423728814
9.96666666667
9.73333333333
11.2
11.7333333333
10.5
9.37288135593
9.21666666667
9.56666666667
9.03333333333
9.9
9.84745762712
9.55
9.75
8.5
8.91666666667
9.26666666667
8.42372881356
8.96666666667
7.33333333333
7.78333333333
9.13333333333
8.69491525424
9.08333333333
9.46666666667
9.88333333333
10.0833333333
8.26666666667
8.64406779661
8.1
8.5
8.3
10.6
7.35593220339
9.3
8.01666666667
7.83333333333
8.83333333333
8.32203389831
9.0
8.55
7.16666666667
7.41666666667
7.53333333333
7.35593220339
7.88333333333
7.9
7.41666666667
8.92592592593
--END OF 1--
13.1666666667
13.4833333333
12.75
13.8666666667
13.9
13.2033898305
13.0333333333
13.3333333333
11.9666666667
14.0166666667
15.5666666667
14.6610169492
13.85
13.4666666667
15.2833333333
16.2166666667
14.75
13.4915254237
13.2666666667
14.2166666667
13.5333333333
13.7833333333
13.8474576271
12.95
13.25
12.7
12.7166666667
13.2666666667
11.5254237288
12.0
9.81666666667
11.6833333333
12.7666666667
12.6779661017
13.1333333333
13.45
13.2
13.3666666667
12.1833333333
13.4406779661
12.05
12.0666666667
11.35
13.4
10.593220339
12.0833333333
10.5
10.2333333333
11.7666666667
10.6779661017
12.5166666667
11.2333333333
10.5666666667
9.91666666667
11.9
10.7288135593
11.0833333333
9.9
10.6666666667
12.5740740741
--END OF 2--
13.1666666667
14.1166666667
13.7333333333
14.4666666667
14.25
14.4576271186
14.1833333333
14.4833333333
13.4666666667
14.6
17.1166666667
16.5593220339
14.7333333333
15.1333333333
16.7833333333
18.65
15.5
14.593220339
14.35
15.9166666667
14.85
14.6166666667
14.9491525424
14.95
15.4
13.65
13.6166666667
14.1166666667
12.1186440678
13.0166666667
10.6833333333
11.9666666667
14.5333333333
14.2881355932
14.0833333333
15.2
14.6166666667
14.0
14.6
15.6101694915
12.55
12.7
11.45
14.05
11.593220339
13.8666666667
11.3666666667
11.2
12.7333333333
11.5423728814
13.8833333333
12.5166666667
11.95
10.0666666667
12.7
11.7457627119
11.6333333333
11.7
12.0166666667
12.7222222222
--END OF 3--
9.13333333333
9.58333333333
10.0
11.1166666667
10.1333333333
10.2881355932
9.63333333333
9.33333333333
9.36666666667
9.95
11.0666666667
10.5423728814
9.96666666667
9.73333333333
11.2
11.7333333333
10.5
9.37288135593
9.21666666667
9.56666666667
9.03333333333
9.9
9.84745762712
9.55
9.75
8.5
8.91666666667
9.26666666667
8.42372881356
8.96666666667
7.33333333333
7.78333333333
9.13333333333
8.69491525424
9.08333333333
9.46666666667
9.88333333333
10.0833333333
8.26666666667
8.64406779661
8.1
8.5
8.3
10.6
7.35593220339
9.3
8.01666666667
7.83333333333
8.83333333333
8.32203389831
9.0
8.55
7.16666666667
7.41666666667
7.53333333333
7.35593220339
7.88333333333
7.9
7.41666666667
8.92592592593
--END OF 4--
13.1666666667
13.4833333333
12.75
13.8666666667
13.9
13.2033898305
13.0333333333
13.3333333333
11.9666666667
14.0166666667
15.5666666667
14.6610169492
13.85
13.4666666667
15.2833333333
16.2166666667
14.75
13.4915254237
13.2666666667
14.2166666667
13.5333333333
13.7833333333
13.8474576271
12.95
13.25
12.7
12.7166666667
13.2666666667
11.5254237288
12.0
9.81666666667
11.6833333333
12.7666666667
12.6779661017
13.1333333333
13.45
13.2
13.3666666667
12.1833333333
13.4406779661
12.05
12.0666666667
11.35
13.4
10.593220339
12.0833333333
10.5
10.2333333333
11.7666666667
10.6779661017
12.5166666667
11.2333333333
10.5666666667
9.91666666667
11.9
10.7288135593
11.0833333333
9.9
10.6666666667
12.5740740741
--END OF 5--
13.1666666667
14.1166666667
13.7333333333
14.4666666667
14.25
14.4576271186
14.1833333333
14.4833333333
13.4666666667
14.6
17.1166666667
16.5593220339
14.7333333333
15.1333333333
16.7833333333
18.65
15.5
14.593220339
14.35
15.9166666667
14.85
14.6166666667
14.9491525424
14.95
15.4
13.65
13.6166666667
14.1166666667
12.1186440678
13.0166666667
10.6833333333
11.9666666667
14.5333333333
14.2881355932
14.0833333333
15.2
14.6166666667
14.0
14.6
15.6101694915
12.55
12.7
11.45
14.05
11.593220339
13.8666666667
11.3666666667
11.2
12.7333333333
11.5423728814
13.8833333333
12.5166666667
11.95
10.0666666667
12.7
11.7457627119
11.6333333333
11.7
12.0166666667
12.7222222222
--END OF 6--
1952.55
1941.35
2022.1
2171.35
2007.5
2148.25423729
1985.55
1926.0
1908.3
2027.1
2217.4
2107.27118644
1963.85
2179.35
2268.5
2310.15
2130.2
2044.83050847
2156.65
1996.45
1914.55
1995.05
1976.89830508
1969.8
1950.75
1762.5
1862.25
1963.2
1751.08474576
1763.7
1633.55
1768.85
1910.5
1832.49152542
1880.0
1930.2
1927.5
2004.85
1776.15
1843.47457627
1683.9
1674.7
1713.75
2104.95
1581.40677966
1839.55
1702.0
1647.95
1752.35
1688.23728814
1834.5
1764.45
1579.4
1598.0
1632.6
1637.69491525
1762.05
1681.35
1577.7
1844.88888889
--END OF 7--
525.7
533.116666667
547.283333333
593.633333333
553.816666667
557.559322034
527.6
527.65
515.6
562.25
622.333333333
584.559322034
549.9
581.233333333
611.766666667
646.933333333
578.15
544.508474576
571.583333333
558.166666667
510.2
547.866666667
549.06779661
534.4
535.95
488.55
517.05
542.5
481.016949153
489.166666667
451.5
480.033333333
532.95
508.423728814
515.083333333
527.216666667
534.816666667
533.95
476.516666667
511.355932203
465.9
469.383333333
470.55
560.25
425.406779661
503.316666667
460.783333333
440.066666667
480.9
464.779661017
508.05
467.966666667
423.716666667
424.766666667
457.283333333
444.254237288
463.65
458.15
449.65
496.962962963
--END OF 8--
70.1
72.2
65.0333333333
61.0666666667
69.45
64.8644067797
69.35
67.45
57.05
85.1333333333
92.15
87.7457627119
67.3333333333
81.7166666667
86.7
89.3666666667
78.2833333333
79.2033898305
74.5333333333
83.55
82.65
80.3166666667
82.8644067797
78.9
69.9
76.05
66.9
77.0
63.3898305085
62.4166666667
60.0166666667
71.0666666667
73.8166666667
74.0847457627
71.4833333333
77.5166666667
78.8666666667
66.65
75.5
84.8474576271
79.5
68.5
58.9
60.8
53.813559322
65.3833333333
58.4
52.2333333333
56.4333333333
50.2033898305
69.8833333333
61.2333333333
62.9333333333
51.3833333333
62.8166666667
61.1355932203
60.5
46.45
65.9
66.2037037037
--END OF 9--
3.55
4.03333333333
3.18333333333
3.63333333333
2.81666666667
3.22033898305
5.4
6.8
5.55
3.96666666667
6.98333333333
6.10169491525
8.53333333333
4.15
5.58333333333
7.43333333333
7.88333333333
5.10169491525
5.11666666667
8.91666666667
6.28333333333
3.23333333333
6.54237288136
6.95
7.35
6.9
4.65
4.35
5.10169491525
5.15
3.33333333333
3.26666666667
7.58333333333
8.96610169492
5.01666666667
6.35
3.23333333333
2.71666666667
5.93333333333
9.64406779661
1.55
4.03333333333
2.3
2.6
5.42372881356
4.93333333333
4.0
4.78333333333
4.71666666667
2.66101694915
5.43333333333
3.4
4.01666666667
2.21666666667
7.96666666667
5.45762711864
4.4
6.85
5.7
3.09259259259
--END OF 10--
0.0
0.983333333333
1.28333333333
1.26666666667
0.683333333333
1.69491525424
1.65
1.85
1.75
1.0
1.51666666667
2.77966101695
0.6
2.95
2.31666666667
3.55
0.7
1.49152542373
1.0
1.55
1.83333333333
1.26666666667
1.45762711864
2.65
2.25
1.85
1.65
1.35
0.694915254237
1.81666666667
1.38333333333
0.55
1.81666666667
1.98305084746
1.0
2.36666666667
2.0
0.633333333333
2.91666666667
2.35593220339
0.75
0.883333333333
0.0
1.0
1.13559322034
2.0
1.16666666667
0.7
1.28333333333
0.932203389831
2.36666666667
1.98333333333
1.93333333333
0.25
1.38333333333
1.77966101695
0.95
2.9
2.35
0.203703703704
--END OF 11--
0.0
0.333333333333
0.0
0.0
0.0166666666667
0.491525423729
0.9
0.6
0.0
0.0
0.0
0.508474576271
0.0
1.11666666667
1.2
1.68333333333
0.516666666667
0.661016949153
0.566666666667
0.833333333333
0.933333333333
0.566666666667
0.0
0.0
0.5
0.0
0.0
0.0
0.0
0.0
0.383333333333
0.0166666666667
0.416666666667
1.10169491525
0.5
0.5
0.5
0.5
1.5
0.508474576271
0.5
0.166666666667
0.0
0.0
0.508474576271
1.43333333333
0.35
0.216666666667
0.5
0.576271186441
0.433333333333
0.0
1.0
0.116666666667
0.0833333333333
0.0
0.2
0.3
0.5
0.0
--END OF 12--
