14.2166666667
13.5333333333
14.0166666667
14.45
14.4833333333
14.15
14.1355932203
14.65
15.25
14.6666666667
15.05
13.95
14.6779661017
15.1833333333
14.25
14.7666666667
15.4166666667
15.3666666667
15.0169491525
14.7
14.4833333333
14.1166666667
14.6833333333
14.6
14.4915254237
13.55
14.95
14.6
14.8833333333
13.2711864407
13.6166666667
15.1
14.5833333333
14.3166666667
14.0333333333
15.0
14.6833333333
14.4333333333
14.6833333333
13.4
14.6610169492
15.3
14.15
15.05
14.4333333333
13.3166666667
14.4576271186
13.9666666667
13.6666666667
14.0
14.6333333333
14.5666666667
14.0677966102
14.8
14.7
13.95
14.7666666667
14.3
14.7796610169
14.0877192982
--END OF 1--
18.35
18.4
18.6166666667
19.4
19.1333333333
19.0
20.4576271186
19.6
20.0
21.1666666667
20.2
19.0
19.2881355932
20.55
20.1833333333
18.9333333333
21.3666666667
19.5833333333
20.0847457627
19.55
20.8333333333
18.35
19.4166666667
19.75
18.6949152542
18.5
20.1
20.75
20.0333333333
17.8644067797
18.6833333333
20.45
20.1166666667
20.25
19.2333333333
20.5423728814
19.6166666667
19.0666666667
20.8
18.1666666667
19.5423728814
20.2
19.1
19.15
20.3833333333
18.8666666667
20.4406779661
18.9
18.4833333333
18.7
19.0166666667
19.4166666667
19.0338983051
18.5666666667
18.6666666667
19.6833333333
21.3666666667
19.0166666667
20.4406779661
18.6140350877
--END OF 2--
18.9666666667
19.0833333333
19.7333333333
20.3833333333
19.3833333333
19.5833333333
21.3389830508
20.7
21.4
22.0666666667
20.4
19.45
20.3389830508
21.9333333333
21.5333333333
19.25
22.1666666667
19.8333333333
20.4576271186
19.8333333333
21.3333333333
18.7
20.35
20.05
18.9491525424
18.8
21.0
21.85
20.2833333333
17.9661016949
18.6833333333
21.7833333333
20.8166666667
20.7333333333
20.15
21.2881355932
20.7666666667
19.4
21.1166666667
18.3666666667
19.9830508475
21.1
20.2
19.6
20.7833333333
20.1166666667
21.5762711864
20.4666666667
19.5
19.1666666667
19.65
20.0333333333
19.8813559322
18.8333333333
18.7333333333
19.8833333333
22.3666666667
19.3
20.6949152542
18.9122807018
--END OF 3--
14.2166666667
13.5333333333
14.0166666667
14.45
14.4833333333
14.15
14.1355932203
14.65
15.25
14.6666666667
15.05
13.95
14.6779661017
15.1833333333
14.25
14.7666666667
15.4166666667
15.3666666667
15.0169491525
14.7
14.4833333333
14.1166666667
14.6833333333
14.6
14.4915254237
13.55
14.95
14.6
14.8833333333
13.2711864407
13.6166666667
15.1
14.5833333333
14.3166666667
14.0333333333
15.0
14.6833333333
14.4333333333
14.6833333333
13.4
14.6610169492
15.3
14.15
15.05
14.4333333333
13.3166666667
14.4576271186
13.9666666667
13.6666666667
14.0
14.6333333333
14.5666666667
14.0677966102
14.8
14.7
13.95
14.7666666667
14.3
14.7796610169
14.0877192982
--END OF 4--
18.35
18.4
18.6166666667
19.4
19.1333333333
19.0
20.4576271186
19.6
20.0
21.1666666667
20.2
19.0
19.2881355932
20.55
20.1833333333
18.9333333333
21.3666666667
19.5833333333
20.0847457627
19.55
20.8333333333
18.35
19.4166666667
19.75
18.6949152542
18.5
20.1
20.75
20.0333333333
17.8644067797
18.6833333333
20.45
20.1166666667
20.25
19.2333333333
20.5423728814
19.6166666667
19.0666666667
20.8
18.1666666667
19.5423728814
20.2
19.1
19.15
20.3833333333
18.8666666667
20.4406779661
18.9
18.4833333333
18.7
19.0166666667
19.4166666667
19.0338983051
18.5666666667
18.6666666667
19.6833333333
21.3666666667
19.0166666667
20.4406779661
18.6140350877
--END OF 5--
18.9666666667
19.0833333333
19.7333333333
20.3833333333
19.3833333333
19.5833333333
21.3389830508
20.7
21.4
22.0666666667
20.4
19.45
20.3389830508
21.9333333333
21.5333333333
19.25
22.1666666667
19.8333333333
20.4576271186
19.8333333333
21.3333333333
18.7
20.35
20.05
18.9491525424
18.8
21.0
21.85
20.2833333333
17.9661016949
18.6833333333
21.7833333333
20.8166666667
20.7333333333
20.15
21.2881355932
20.7666666667
19.4
21.1166666667
18.3666666667
19.9830508475
21.1
20.2
19.6
20.7833333333
20.1166666667
21.5762711864
20.4666666667
19.5
19.1666666667
19.65
20.0333333333
19.8813559322
18.8333333333
18.7333333333
19.8833333333
22.3666666667
19.3
20.6949152542
18.9122807018
--END OF 6--
2713.85
2714.2
2716.85
2720.65
2828.65
2678.65
2613.10169492
2793.3
2915.85
2770.5
2857.2
2658.15
2784.71186441
2788.05
2717.75
2775.75
2998.05
2871.6
2768.89830508
2758.65
2796.8
2642.8
2712.05
2787.3
2676.66101695
2665.05
2785.2
2731.5
2745.6
2606.33898305
2624.5
2898.35
2828.05
2797.7
2749.75
2798.13559322
2727.3
2725.9
2695.5
2606.85
2701.27118644
2805.6
2664.75
2776.65
2736.15
2670.9
2803.27118644
2746.2
2783.95
2647.35
2760.15
2772.95
2729.79661017
2770.1
2812.55
2716.75
2790.6
2689.95
2889.86440678
2754.21052632
--END OF 7--
765.266666667
763.316666667
753.35
759.666666667
756.25
749.316666667
739.559322034
769.95
807.45
779.05
791.1
726.6
760.93220339
782.416666667
770.666666667
772.566666667
824.683333333
790.516666667
776.118644068
761.433333333
768.216666667
738.733333333
764.5
767.533333333
759.101694915
729.65
771.9
773.85
778.7
707.254237288
719.083333333
813.616666667
798.05
788.016666667
768.45
802.050847458
766.833333333
759.95
770.116666667
714.466666667
762.728813559
784.85
742.6
774.3
766.8
731.05
782.779661017
767.816666667
757.983333333
742.116666667
770.6
784.716666667
753.593220339
778.116666667
780.05
748.066666667
778.25
739.6
796.084745763
759.070175439
--END OF 8--
102.433333333
107.083333333
101.9
103.866666667
108.016666667
103.8
119.559322034
108.4
99.35
129.85
106.1
105.8
105.101694915
116.3
113.433333333
97.5666666667
136.1
106.916666667
115.271186441
113.616666667
131.283333333
94.95
101.216666667
110.816666667
101.169491525
98.55
110.0
113.05
100.6
94.2372881356
104.516666667
113.35
111.25
110.783333333
108.083333333
123.542372881
116.183333333
103.683333333
123.416666667
104.933333333
103.881355932
115.9
109.2
98.4
118.5
117.85
117.033898305
112.016666667
110.766666667
106.033333333
109.033333333
109.8
114.322033898
93.8
93.0833333333
107.8
119.916666667
94.7333333333
119.559322034
98.9122807018
--END OF 9--
2.85
3.71666666667
4.85
5.08333333333
3.56666666667
3.11666666667
7.42372881356
5.65
4.45
4.03333333333
3.75
4.55
1.89830508475
4.78333333333
4.71666666667
3.86666666667
3.15
2.05
3.57627118644
3.13333333333
4.8
3.03333333333
4.36666666667
3.03333333333
2.10169491525
3.3
5.3
7.1
3.9
3.05084745763
2.81666666667
7.4
6.35
8.53333333333
4.86666666667
5.01694915254
7.11666666667
2.33333333333
5.13333333333
2.26666666667
4.52542372881
5.25
7.05
4.0
7.05
6.9
6.01694915254
4.46666666667
3.65
1.76666666667
2.88333333333
2.63333333333
3.84745762712
1.38333333333
2.81666666667
4.66666666667
9.23333333333
4.78333333333
2.98305084746
2.9649122807
--END OF 10--
0.633333333333
0.5
1.41666666667
1.58333333333
0.5
1.0
1.01694915254
1.9
2.25
1.43333333333
0.25
0.55
1.28813559322
1.21666666667
1.66666666667
0.966666666667
1.06666666667
0.5
0.627118644068
0.383333333333
0.683333333333
0.633333333333
0.683333333333
0.5
0.0508474576271
0.6
1.35
1.35
0.35
0.305084745763
0.0
2.16666666667
0.616666666667
1.11666666667
1.23333333333
1.05084745763
1.91666666667
0.416666666667
0.416666666667
0.4
0.64406779661
1.1
1.45
0.5
0.9
2.5
2.06779661017
1.8
1.63333333333
0.566666666667
0.966666666667
1.01666666667
1.76271186441
0.283333333333
0.0666666666667
0.5
1.4
0.0333333333333
0.508474576271
0.473684210526
--END OF 11--
0.633333333333
0.5
0.916666666667
0.0833333333333
0.0
0.116666666667
0.389830508475
0.5
0.35
0.833333333333
0.25
0.05
0.966101694915
0.0
0.433333333333
0.0
1.0
0.0
0.0
0.0
0.266666666667
0.233333333333
0.0
0.0
0.0
0.0
0.5
0.5
0.0
0.0
0.0
0.0
0.0
0.0
0.0
0.677966101695
0.45
0.383333333333
0.416666666667
0.0833333333333
0.203389830508
0.3
0.5
0.0
0.0
0.0
0.0
0.766666666667
0.233333333333
0.0
0.0
0.0
0.0
0.0
0.0
0.0
0.0
0.0
0.0
0.473684210526
--END OF 12--
