15.6166666667
15.95
15.2166666667
15.9166666667
15.6271186441
14.9833333333
15.55
15.5
15.3166666667
14.9666666667
14.85
14.4406779661
15.3166666667
14.5166666667
16.0166666667
16.25
14.7118644068
15.8166666667
14.5833333333
15.7166666667
15.2666666667
13.95
16.0508474576
15.2
16.0
15.4
15.85
15.2033898305
15.25
14.3666666667
14.5666666667
14.0
14.6166666667
15.5593220339
15.7
15.8333333333
15.8333333333
16.0333333333
16.5762711864
15.8
15.4833333333
15.65
14.75
15.4333333333
15.9491525424
14.0666666667
15.7
15.6333333333
15.6833333333
15.9
16.1186440678
15.1
16.2666666667
16.6666666667
15.95
15.7796610169
14.8666666667
15.9333333333
15.45
15.649122807
--END OF 1--
19.6666666667
20.9833333333
20.6
20.4833333333
20.186440678
19.7333333333
20.8
19.05
20.6666666667
19.7666666667
20.05
20.0
19.4333333333
19.6
21.0333333333
20.5166666667
19.1525423729
19.9333333333
19.2333333333
19.9833333333
20.3833333333
19.7833333333
20.4406779661
19.15
20.35
20.05
19.75
18.7457627119
19.8166666667
19.6
18.95
18.95
18.85
21.0677966102
20.35
20.95
20.4166666667
19.9333333333
21.1016949153
21.0
21.4333333333
20.0666666667
19.55
20.3833333333
21.7118644068
17.8666666667
19.7333333333
20.05
20.8
20.3
20.6271186441
19.6166666667
21.25
21.5
20.95
20.9661016949
18.4666666667
20.1833333333
19.75
19.9824561404
--END OF 2--
20.3666666667
22.45
20.6833333333
20.7
20.7288135593
20.2333333333
21.5
19.5
21.2666666667
20.0166666667
21.25
20.8474576271
19.6833333333
20.4666666667
21.7166666667
22.0333333333
20.3728813559
21.4833333333
19.3166666667
20.4
21.5666666667
20.85
21.2372881356
19.7
20.85
22.4
20.7
19.0
20.4166666667
20.6
19.4
19.15
19.6666666667
21.7118644068
21.0
21.7
21.4333333333
20.7833333333
21.5762711864
21.1
21.9166666667
21.4666666667
20.05
20.6166666667
22.9830508475
18.1
20.2166666667
20.9
21.5166666667
20.8
21.3220338983
20.3
21.5166666667
21.95
21.7
21.6271186441
19.2666666667
21.2833333333
20.1
20.4035087719
--END OF 3--
15.6166666667
15.95
15.2166666667
15.9166666667
15.6271186441
14.9833333333
15.55
15.5
15.3166666667
14.9666666667
14.85
14.4406779661
15.3166666667
14.5166666667
16.0166666667
16.25
14.7118644068
15.8166666667
14.5833333333
15.7166666667
15.2666666667
13.95
16.0508474576
15.2
16.0
15.4
15.85
15.2033898305
15.25
14.3666666667
14.5666666667
14.0
14.6166666667
15.5593220339
15.7
15.8333333333
15.8333333333
16.0333333333
16.5762711864
15.8
15.4833333333
15.65
14.75
15.4333333333
15.9491525424
14.0666666667
15.7
15.6333333333
15.6833333333
15.9
16.1186440678
15.1
16.2666666667
16.6666666667
15.95
15.7796610169
14.8666666667
15.9333333333
15.45
15.649122807
--END OF 4--
19.6666666667
20.9833333333
20.6
20.4833333333
20.186440678
19.7333333333
20.8
19.05
20.6666666667
19.7666666667
20.05
20.0
19.4333333333
19.6
21.0333333333
20.5166666667
19.1525423729
19.9333333333
19.2333333333
19.9833333333
20.3833333333
19.7833333333
20.4406779661
19.15
20.35
20.05
19.75
18.7457627119
19.8166666667
19.6
18.95
18.95
18.85
21.0677966102
20.35
20.95
20.4166666667
19.9333333333
21.1016949153
21.0
21.4333333333
20.0666666667
19.55
20.3833333333
21.7118644068
17.8666666667
19.7333333333
20.05
20.8
20.3
20.6271186441
19.6166666667
21.25
21.5
20.95
20.9661016949
18.4666666667
20.1833333333
19.75
19.9824561404
--END OF 5--
20.3666666667
22.45
20.6833333333
20.7
20.7288135593
20.2333333333
21.5
19.5
21.2666666667
20.0166666667
21.25
20.8474576271
19.6833333333
20.4666666667
21.7166666667
22.0333333333
20.3728813559
21.4833333333
19.3166666667
20.4
21.5666666667
20.85
21.2372881356
19.7
20.85
22.4
20.7
19.0
20.4166666667
20.6
19.4
19.15
19.6666666667
21.7118644068
21.0
21.7
21.4333333333
20.7833333333
21.5762711864
21.1
21.9166666667
21.4666666667
20.05
20.6166666667
22.9830508475
18.1
20.2166666667
20.9
21.5166666667
20.8
21.3220338983
20.3
21.5166666667
21.95
21.7
21.6271186441
19.2666666667
21.2833333333
20.1
20.4035087719
--END OF 6--
2957.85
3045.05
2907.45
2884.9
2916.15254237
2870.4
2872.95
2897.25
2954.7
2948.7
2975.7
2863.27118644
2914.25
2888.55
3003.65
3064.35
2729.54237288
2960.6
2775.5
2937.4
2803.35
2780.6
2856.0
2803.35
3045.3
2911.35
2910.6
2803.93220339
3035.9
2944.9
2909.65
2804.55
2802.4
2984.28813559
2836.85
2958.5
2964.6
2898.55
3005.33898305
2933.7
2942.7
2911.1
2765.55
2928.7
2915.13559322
2626.45
2925.2
2883.8
2960.4
2971.75
2937.96610169
2843.2
2990.25
3078.8
2968.4
3013.22033898
2753.1
2973.6
2877.3
2916.73684211
--END OF 7--
813.25
831.033333333
799.766666667
824.3
804.322033898
801.866666667
813.5
808.8
834.45
808.1
816.95
797.796610169
816.166666667
806.966666667
838.85
832.383333333
762.491525424
824.6
777.583333333
800.916666667
779.35
754.583333333
825.169491525
784.3
827.05
801.35
818.55
768.525423729
822.383333333
803.45
798.6
776.3
792.316666667
822.694915254
806.95
821.933333333
818.116666667
822.2
849.813559322
804.15
822.216666667
801.6
765.7
811.916666667
822.525423729
728.9
804.366666667
805.25
817.583333333
830.116666667
835.338983051
786.85
837.5
861.483333333
830.383333333
826.271186441
787.2
827.05
795.5
805.701754386
--END OF 8--
88.6
110.766666667
116.016666667
102.2
115.847457627
107.933333333
114.15
88.35
101.7
105.85
108.1
114.491525424
102.3
104.483333333
116.983333333
109.5
104.305084746
110.7
100.2
108.433333333
112.516666667
114.016666667
104.237288136
98.85
97.85
101.3
92.85
94.5423728814
100.166666667
105.416666667
99.6166666667
108.966666667
94.95
97.5254237288
100.5
116.066666667
98.4
93.2
104.406779661
117.35
115.016666667
109.983333333
108.45
104.033333333
119.474576271
94.8
110.266666667
106.5
109.85
97.8666666667
97.8305084746
94.8333333333
113.633333333
117.866666667
104.866666667
108.898305085
81.4
110.15
100.9
96.0350877193
--END OF 9--
4.13333333333
6.05
2.43333333333
2.68333333333
2.32203389831
2.25
5.1
2.35
5.45
1.95
5.8
6.83050847458
3.08333333333
5.98333333333
6.51666666667
4.18333333333
4.08474576271
4.81666666667
3.13333333333
3.1
6.98333333333
5.5
3.28813559322
2.25
3.95
6.4
5.25
2.28813559322
3.2
6.21666666667
3.65
3.96666666667
3.68333333333
6.49152542373
6.7
3.66666666667
4.08333333333
4.3
3.89830508475
4.8
5.65
5.2
4.2
3.36666666667
6.20338983051
2.31666666667
2.48333333333
4.48333333333
5.93333333333
4.33333333333
4.27118644068
2.43333333333
3.13333333333
2.95
5.13333333333
3.84745762712
2.8
3.9
4.0
3.31578947368
--END OF 10--
0.816666666667
2.18333333333
0.0
0.0666666666667
0.745762711864
0.7
1.15
0.85
1.05
0.45
1.55
0.694915254237
0.266666666667
1.15
1.28333333333
2.48333333333
2.01694915254
1.35
0.183333333333
0.683333333333
1.75
1.73333333333
1.20338983051
1.15
0.95
4.4
1.55
0.101694915254
0.883333333333
1.11666666667
0.5
0.0
1.01666666667
0.491525423729
0.5
1.11666666667
1.85
1.03333333333
0.237288135593
0.0
0.5
1.98333333333
0.7
0.35
2.03389830508
0.133333333333
0.5
1.18333333333
0.183333333333
0.5
0.508474576271
1.0
0.533333333333
0.5
0.8
1.08474576271
1.5
2.0
0.5
0.526315789474
--END OF 11--
0.0
0.5
0.0
0.0
0.0
0.0
0.0
0.0
0.5
0.0
0.35
0.389830508475
0.266666666667
0.0
0.0
0.5
0.508474576271
0.0
0.0
0.266666666667
0.65
0.0833333333333
0.0
0.0
0.0
0.0
0.0
0.0
0.116666666667
0.883333333333
0.0
0.0
0.0
0.0
0.0
0.0
0.5
0.0
0.237288135593
0.0
0.5
0.0
0.45
0.1
0.457627118644
0.0
0.0
0.0
0.0
0.0
0.0
0.0
0.166666666667
0.0
0.266666666667
0.203389830508
0.0
0.0
0.5
0.0
--END OF 12--
