24.4666666667
24.8833333333
21.55
22.8833333333
24.406779661
23.3166666667
24.3333333333
22.8666666667
22.2666666667
25.3666666667
24.4406779661
26.3
24.9833333333
24.5166666667
25.75
24.3
24.0677966102
23.0
22.45
22.75
24.1666666667
23.3559322034
20.5166666667
22.85
23.0
23.2
23.6101694915
23.1666666667
24.3166666667
23.7166666667
22.5423728814
23.6833333333
22.9833333333
22.9833333333
21.2666666667
21.8813559322
23.7333333333
23.7666666667
21.0333333333
21.1
21.3389830508
22.95
22.2666666667
22.75
20.1666666667
22.6440677966
21.5333333333
22.7666666667
21.8333333333
21.5
20.4833333333
21.5084745763
22.65
22.0333333333
22.2
22.1
22.5254237288
21.8
21.5
24.3148148148
--END OF 1--
35.8166666667
37.8333333333
33.3666666667
35.05
37.2372881356
35.7833333333
36.8666666667
36.0166666667
33.9166666667
36.1166666667
35.8305084746
39.9166666667
37.3833333333
37.1833333333
38.4833333333
38.0666666667
36.6610169492
33.4333333333
34.45
34.6166666667
37.2333333333
36.8983050847
31.7666666667
34.0166666667
34.65
34.55
34.4576271186
35.4
36.3166666667
36.6166666667
34.6101694915
35.7
34.95
35.4833333333
33.4166666667
33.3220338983
36.7833333333
35.8
32.1833333333
30.6333333333
31.2033898305
33.7666666667
35.3666666667
33.7166666667
30.3666666667
35.1016949153
32.4
34.9833333333
33.3
33.7166666667
32.0333333333
33.2372881356
33.1833333333
35.2333333333
35.3833333333
31.4
33.6440677966
33.15
31.5333333333
35.3148148148
--END OF 2--
38.2333333333
38.9
34.35
36.4166666667
37.5423728814
36.9666666667
38.3833333333
38.1666666667
35.8666666667
36.9666666667
37.5254237288
41.0333333333
38.6833333333
38.8
38.6833333333
39.3166666667
38.0169491525
36.0666666667
35.2
36.65
38.75
38.2542372881
32.8166666667
36.0
36.2666666667
36.45
35.5084745763
36.2833333333
37.55
37.6833333333
36.4745762712
36.5333333333
35.8333333333
36.5333333333
34.6666666667
34.9152542373
37.3833333333
36.4333333333
33.0
30.85
32.1016949153
35.7333333333
37.4333333333
34.45
32.7
35.4576271186
33.8333333333
35.7833333333
35.05
34.9833333333
33.35
35.0338983051
33.3666666667
36.45
37.1666666667
32.15
34.3050847458
34.8333333333
32.65
37.5925925926
--END OF 3--
22.4666666667
22.5333333333
20.7666666667
21.35
22.4745762712
21.85
22.4333333333
21.5666666667
21.0666666667
22.7166666667
22.4576271186
23.35
22.6666666667
22.2333333333
23.0666666667
22.1
22.2542372881
21.5166666667
21.2833333333
21.4666666667
22.1
21.6949152542
19.8666666667
21.3666666667
21.8166666667
21.85
22.0508474576
21.8166666667
22.45
22.1166666667
21.3728813559
21.8833333333
21.45
21.5833333333
20.4166666667
20.8813559322
22.0333333333
21.95
20.1166666667
20.15
20.4915254237
21.5833333333
21.0833333333
21.2833333333
19.6
21.3389830508
20.6833333333
21.45
20.7166666667
20.5
20.0333333333
20.6610169492
21.35
20.9666666667
20.9666666667
21.1
21.3220338983
20.7833333333
20.5
22.3148148148
--END OF 4--
33.25
34.3666666667
31.8666666667
32.8666666667
34.0677966102
33.2166666667
33.8166666667
33.1666666667
31.9166666667
33.3666666667
33.3050847458
35.6666666667
34.1333333333
33.95
34.7666666667
34.4333333333
33.8305084746
31.6833333333
32.4333333333
32.6166666667
33.8666666667
33.7627118644
30.5166666667
31.9166666667
32.5666666667
32.5
32.4237288136
32.9833333333
33.5166666667
33.7166666667
32.5084745763
33.0333333333
32.6166666667
32.9666666667
32.0166666667
31.8813559322
33.8833333333
33.1666666667
30.9666666667
29.8
30.4406779661
32.0
32.9166666667
31.95
29.8333333333
32.8983050847
31.2333333333
32.6333333333
31.6166666667
32.0166666667
31.0166666667
31.6271186441
31.5166666667
32.7166666667
32.75
30.65
31.9491525424
31.5833333333
30.5166666667
32.8888888889
--END OF 5--
38.2333333333
38.9
34.35
36.4166666667
37.5423728814
36.9666666667
38.3833333333
38.1666666667
35.8666666667
36.9666666667
37.5254237288
41.0333333333
38.6666666667
38.8
38.6833333333
39.3166666667
38.0169491525
36.0666666667
35.2
36.65
38.75
38.2542372881
32.8166666667
36.0
36.2666666667
36.45
35.5084745763
36.2833333333
37.55
37.6833333333
36.4745762712
36.5333333333
35.8333333333
36.5333333333
34.6666666667
34.9152542373
37.3833333333
36.4333333333
33.0
30.85
32.1016949153
35.7333333333
37.4333333333
34.45
32.7
35.4576271186
33.8333333333
35.7833333333
35.05
34.9833333333
33.35
35.0338983051
33.3666666667
36.45
37.1666666667
32.15
34.3050847458
34.8333333333
32.65
37.5925925926
--END OF 6--
4425.3
4601.9
4072.25
4211.9
4427.13559322
4380.8
4435.8
4310.25
4180.95
4521.75
4438.42372881
4817.3
4564.05
4538.0
4724.0
4440.8
4356.96610169
4281.95
4092.8
4212.25
4509.0
4439.6440678
3976.8
4310.35
4196.25
4213.5
4292.03389831
4279.35
4418.25
4486.5
4184.69491525
4432.65
4292.6
4255.9
4022.45
4009.06779661
4260.45
4388.0
4021.7
4078.65
3986.44067797
4282.1
4122.25
4225.55
3933.75
4231.16949153
3951.0
4219.2
4142.95
4004.65
3900.05
3991.77966102
4108.0
4219.3
4292.75
3985.2
4126.42372881
4016.75
3952.85
4449.05555556
--END OF 7--
1249.65
1306.86666667
1156.83333333
1208.4
1246.54237288
1237.45
1264.25
1220.75
1190.5
1305.2
1240.57627119
1363.11666667
1293.41666667
1290.33333333
1333.2
1278.06666667
1240.69491525
1203.13333333
1174.38333333
1189.15
1279.95
1252.79661017
1114.4
1199.8
1203.76666667
1221.5
1214.20338983
1224.46666667
1267.73333333
1252.25
1180.93220339
1260.2
1213.13333333
1214.56666667
1131.71666667
1148.28813559
1226.35
1238.41666667
1134.06666667
1126.73333333
1106.23728814
1177.15
1174.23333333
1175.75
1098.76666667
1202.55932203
1128.0
1205.58333333
1169.96666667
1141.7
1092.53333333
1149.52542373
1173.95
1193.81666667
1217.01666667
1130.6
1175.37288136
1149.55
1106.45
1269.46296296
--END OF 8--
236.766666667
254.266666667
212.733333333
237.416666667
243.983050847
235.35
245.133333333
249.8
214.9
238.45
223.644067797
264.233333333
241.716666667
252.35
253.583333333
259.05
245.033898305
219.05
227.533333333
230.916666667
250.55
250.13559322
213.65
229.75
224.016666667
218.95
224.0
233.666666667
235.1
238.166666667
230.898305085
225.75
230.183333333
249.1
217.6
209.406779661
233.15
230.333333333
204.833333333
197.183333333
194.661016949
232.183333333
245.2
227.983333333
216.433333333
231.576271186
226.85
234.316666667
221.2
229.266666667
222.316666667
219.728813559
221.366666667
242.25
262.6
207.5
218.830508475
227.45
212.15
230.611111111
--END OF 9--
12.3333333333
11.3166666667
9.01666666667
12.15
6.83050847458
12.5333333333
9.86666666667
12.65
13.6
6.15
15.9152542373
12.9166666667
11.2166666667
13.3333333333
7.75
10.7166666667
10.3389830508
10.9666666667
9.08333333333
11.35
12.0
13.4406779661
7.1
11.3333333333
10.2166666667
10.95
7.86440677966
6.51666666667
8.25
9.46666666667
12.7796610169
12.6666666667
11.7166666667
11.55
12.3333333333
12.1694915254
12.65
11.4
9.66666666667
4.05
9.06779661017
9.26666666667
15.1166666667
7.23333333333
6.5
11.8644067797
9.13333333333
11.6833333333
9.18333333333
9.75
10.4166666667
7.49152542373
6.88333333333
11.2666666667
10.55
6.9
8.0
11.3166666667
8.23333333333
10.6851851852
--END OF 10--
4.18333333333
1.51666666667
1.61666666667
0.866666666667
0.610169491525
1.26666666667
2.71666666667
1.9
1.7
1.35
2.35593220339
1.68333333333
1.65
2.01666666667
0.183333333333
1.48333333333
1.84745762712
4.26666666667
1.35
3.2
1.91666666667
1.71186440678
1.5
3.03333333333
2.43333333333
2.1
1.40677966102
1.1
1.83333333333
1.65
2.62711864407
0.733333333333
1.06666666667
1.15
1.51666666667
2.03389830508
0.75
1.0
0.583333333333
0.233333333333
1.22033898305
1.9
3.1
1.0
4.06666666667
0.745762711864
1.8
0.966666666667
2.35
1.78333333333
1.4
2.66101694915
0.116666666667
1.8
2.53333333333
1.1
1.15254237288
1.41666666667
1.75
3.09259259259
--END OF 11--
0.0
0.683333333333
0.516666666667
0.0
0.0
0.0
0.233333333333
0.55
0.45
0.0
0.237288135593
0.45
0.716666666667
0.0666666666667
0.0
0.0
0.203389830508
0.0
0.166666666667
1.0
0.266666666667
0.508474576271
0.0
0.166666666667
0.0
0.5
0.0
0.383333333333
0.116666666667
0.0166666666667
0.728813559322
0.0
0.0
0.0
0.5
0.508474576271
0.45
0.183333333333
0.366666666667
0.0
0.0
0.333333333333
1.0
0.3
0.166666666667
0.0
0.0
0.0
0.4
0.666666666667
0.0
0.508474576271
0.116666666667
0.216666666667
0.366666666667
0.2
0.542372881356
0.266666666667
0.0
0.0
--END OF 12--
