15.8813559322
15.7333333333
16.0833333333
16.3166666667
17.7166666667
15.6833333333
17.3728813559
16.3
16.05
17.1
16.1
15.7666666667
15.6101694915
15.3333333333
16.9833333333
16.4166666667
15.2
15.4166666667
16.2203389831
16.6166666667
17.1333333333
17.25
16.45
16.1016949153
16.6833333333
16.3833333333
16.35
16.8166666667
14.8305084746
15.5833333333
16.75
16.2
14.9
15.593220339
15.7833333333
15.5333333333
15.95
15.3166666667
15.3559322034
15.4333333333
16.2833333333
16.5333333333
15.3333333333
15.7118644068
14.9333333333
15.2333333333
16.0166666667
15.8666666667
15.0166666667
15.2203389831
16.2833333333
15.0333333333
15.5
15.9
14.9322033898
15.05
15.6
16.45
15.15
16.5087719298
--END OF 1--
21.3898305085
22.15
21.0666666667
22.6833333333
23.3166666667
20.6333333333
23.0847457627
22.4
22.1
23.1
22.35
22.25
21.1355932203
21.1166666667
23.7666666667
22.5666666667
21.2166666667
22.4
21.8644067797
23.3
22.8
23.8833333333
24.5166666667
22.3898305085
23.5333333333
24.2333333333
22.4
23.2333333333
22.4237288136
21.4166666667
22.9833333333
22.8
21.1833333333
22.4576271186
22.1666666667
22.0833333333
22.9833333333
21.2166666667
20.6610169492
20.8833333333
22.7333333333
21.5833333333
21.4333333333
22.7288135593
20.85
20.7833333333
21.6166666667
23.15
23.3333333333
20.5762711864
22.1
20.9666666667
22.7833333333
21.95
21.8983050847
21.35
22.1
23.0
21.5
22.2807017544
--END OF 2--
21.6440677966
23.25
21.6166666667
23.4
24.8833333333
21.05
23.3389830508
23.1333333333
22.75
23.75
22.9
22.65
22.0847457627
22.3
25.1
23.3166666667
22.8
24.5166666667
23.5254237288
25.2333333333
23.35
24.45
26.05
23.3728813559
23.6333333333
25.0333333333
22.8
23.8666666667
22.6610169492
21.55
23.7333333333
23.3
21.9166666667
23.5254237288
22.85
22.6833333333
23.9833333333
22.5333333333
21.1694915254
21.2833333333
24.9333333333
22.4833333333
21.9833333333
24.8813559322
21.9166666667
21.4166666667
22.2166666667
24.1166666667
24.95
21.6610169492
23.1166666667
21.9333333333
24.3
22.3666666667
22.3050847458
22.7
22.95
25.0
23.25
22.5438596491
--END OF 3--
15.8813559322
15.7333333333
16.0833333333
16.3166666667
17.7166666667
15.6833333333
17.3728813559
16.3
16.05
17.1
16.1
15.7666666667
15.6101694915
15.3333333333
16.9833333333
16.4166666667
15.2
15.4166666667
16.2203389831
16.6166666667
17.1333333333
17.25
16.45
16.1016949153
16.6833333333
16.3833333333
16.35
16.8166666667
14.8305084746
15.5833333333
16.75
16.2
14.9
15.593220339
15.7833333333
15.5333333333
15.95
15.3166666667
15.3559322034
15.4333333333
16.2833333333
16.5333333333
15.3333333333
15.7118644068
14.9333333333
15.2333333333
16.0166666667
15.8666666667
15.0166666667
15.2203389831
16.2833333333
15.0333333333
15.5
15.9
14.9322033898
15.05
15.6
16.45
15.15
16.5087719298
--END OF 4--
21.3898305085
22.15
21.0666666667
22.6833333333
23.3166666667
20.6333333333
23.0847457627
22.4
22.1
23.1
22.35
22.25
21.1355932203
21.1166666667
23.7666666667
22.5666666667
21.2166666667
22.4
21.8644067797
23.3
22.8
23.8833333333
24.5166666667
22.3898305085
23.5333333333
24.2333333333
22.4
23.2333333333
22.4237288136
21.4166666667
22.9833333333
22.8
21.1833333333
22.4576271186
22.1666666667
22.0833333333
22.9833333333
21.2166666667
20.6610169492
20.8833333333
22.7333333333
21.5833333333
21.4333333333
22.7288135593
20.85
20.7833333333
21.6166666667
23.15
23.3333333333
20.5762711864
22.1
20.9666666667
22.7833333333
21.95
21.8983050847
21.35
22.1
23.0
21.5
22.2807017544
--END OF 5--
21.6440677966
23.25
21.6166666667
23.4
24.8833333333
21.05
23.3389830508
23.1333333333
22.75
23.75
22.9
22.65
22.0847457627
22.3
25.1
23.3166666667
22.8
24.5166666667
23.5254237288
25.2333333333
23.35
24.45
26.05
23.3728813559
23.6333333333
25.0333333333
22.8
23.8666666667
22.6610169492
21.55
23.7333333333
23.3
21.9166666667
23.5254237288
22.85
22.6833333333
23.9833333333
22.5333333333
21.1694915254
21.2833333333
24.9333333333
22.4833333333
21.9833333333
24.8813559322
21.9166666667
21.4166666667
22.2166666667
24.1166666667
24.95
21.6610169492
23.1166666667
21.9333333333
24.3
22.3666666667
22.3050847458
22.7
22.95
25.0
23.25
22.5438596491
--END OF 6--
3004.62711864
2914.2
3015.55
2973.05
3339.4
2906.8
3162.96610169
3092.45
2932.65
3095.55
3134.85
3044.85
2978.89830508
2938.85
3245.45
3030.4
2847.6
3028.95
2970.66101695
3118.4
3049.15
3139.85
3043.6
2973.15254237
3171.9
3068.85
3042.15
3061.0
2930.69491525
3049.65
3120.4
2986.2
2871.8
2958.91525424
2961.05
2890.25
3113.3
2963.15
2897.74576271
2920.35
3064.05
3059.55
2913.6
2926.83050847
2764.15
2807.25
2909.15
2961.1
2848.35
2898.25423729
3049.35
2876.0
2978.3
2893.9
2930.54237288
2845.05
2915.7
3004.65
2877.75
3060.63157895
--END OF 7--
832.203389831
826.833333333
831.55
838.516666667
921.166666667
810.1
890.559322034
862.366666667
838.55
873.4
851.25
865.166666667
829.050847458
814.933333333
900.8
852.416666667
804.7
840.1
838.966101695
871.466666667
869.116666667
881.433333333
873.8
846.084745763
882.15
863.8
845.8
865.65
811.084745763
829.183333333
873.516666667
851.633333333
813.116666667
824.288135593
842.866666667
813.95
874.45
824.283333333
810.016949153
816.9
842.7
859.0
803.6
826.779661017
786.0
791.8
817.083333333
835.566666667
809.6
808.898305085
850.583333333
783.366666667
831.8
817.983333333
802.237288136
803.5
820.65
852.55
810.5
862.649122807
--END OF 8--
124.271186441
139.15
117.0
125.55
134.4
120.25
142.440677966
134.766666667
126.95
134.3
128.95
138.266666667
134.237288136
119.75
136.633333333
119.516666667
125.033333333
143.966666667
134.644067797
145.283333333
123.883333333
141.583333333
149.216666667
130.593220339
129.5
156.55
133.65
139.7
142.305084746
132.216666667
141.55
133.966666667
112.333333333
134.322033898
133.333333333
129.933333333
135.466666667
122.983333333
95.1355932203
110.45
149.2
114.1
123.85
137.847457627
128.833333333
125.9
134.35
150.0
150.25
106.542372881
129.0
126.183333333
126.0
138.3
130.0
134.0
142.1
152.85
125.85
128.175438596
--END OF 9--
3.16949152542
6.73333333333
2.48333333333
7.26666666667
4.43333333333
2.1
3.08474576271
3.65
3.95
3.5
5.65
3.05
4.74576271186
5.65
6.8
6.3
7.1
9.98333333333
5.69491525424
7.56666666667
4.95
5.71666666667
7.76666666667
5.79661016949
6.3
7.85
5.1
7.05
5.10169491525
2.08333333333
4.08333333333
6.05
6.81666666667
9.69491525424
6.11666666667
7.15
7.25
4.23333333333
4.50847457627
4.45
6.6
5.75
3.7
7.50847457627
5.65
3.46666666667
2.71666666667
6.46666666667
10.3333333333
7.13559322034
4.38333333333
6.75
10.8333333333
3.21666666667
5.64406779661
7.0
4.55
7.0
7.45
1.70175438596
--END OF 10--
0.135593220339
0.983333333333
0.216666666667
1.28333333333
2.4
0.6
0.406779661017
0.666666666667
0.85
0.65
0.75
0.666666666667
1.5593220339
1.41666666667
2.23333333333
1.38333333333
1.71666666667
2.41666666667
2.23728813559
2.86666666667
1.0
0.633333333333
2.46666666667
1.74576271186
0.0
0.9
0.6
0.733333333333
0.508474576271
0.133333333333
0.866666666667
0.716666666667
0.916666666667
2.01694915254
1.21666666667
0.733333333333
1.51666666667
2.15
0.508474576271
0.7
3.7
1.1
0.75
3.22033898305
1.36666666667
0.966666666667
0.783333333333
0.733333333333
2.73333333333
1.83050847458
1.46666666667
1.46666666667
1.93333333333
0.6
0.254237288136
1.3
0.85
3.15
3.2
0.40350877193
--END OF 11--
0.0
0.0
0.0
0.0
0.966666666667
0.0333333333333
0.0
0.266666666667
0.0
0.0
0.0
0.0
0.186440677966
0.316666666667
0.0
0.283333333333
0.216666666667
0.983333333333
1.03389830508
0.5
0.0
0.166666666667
0.566666666667
0.135593220339
0.0
0.0
0.5
0.116666666667
0.0508474576271
0.0
0.0
0.0
0.0
0.0
0.266666666667
0.733333333333
0.3
0.0
0.508474576271
0.0
1.0
0.0
0.55
0.542372881356
0.416666666667
0.0833333333333
0.416666666667
0.266666666667
0.933333333333
0.186440677966
0.883333333333
0.466666666667
1.0
0.0333333333333
0.101694915254
0.4
0.0
0.05
0.45
0.0
--END OF 12--
