12.95
12.2833333333
13.3166666667
13.8166666667
11.9833333333
13.4915254237
13.8833333333
12.75
12.8
13.05
12.85
13.9661016949
13.2666666667
12.6
13.4166666667
12.3333333333
12.4406779661
13.05
14.2833333333
14.05
13.6333333333
12.6440677966
11.8333333333
12.7
12.7166666667
12.6
12.2372881356
13.05
13.25
12.2166666667
12.0166666667
12.8305084746
12.25
13.8666666667
13.5
14.2333333333
13.1016949153
12.3
12.3166666667
13.25
13.1
13.7
12.9491525424
12.7166666667
12.15
12.7333333333
11.65
12.4576271186
13.9
12.3
12.75
12.7666666667
13.2881355932
12.8833333333
12.65
13.1
12.8
13.1525423729
12.3333333333
12.1538461538
--END OF 1--
18.9
18.45
19.1
20.8166666667
18.7166666667
19.6949152542
18.7833333333
18.15
18.45
18.25
19.8
19.0
18.9833333333
18.9166666667
19.6
17.75
17.7966101695
18.2666666667
19.5166666667
20.4666666667
18.5833333333
18.3050847458
16.9333333333
18.5
18.3666666667
17.95
17.4237288136
18.2166666667
19.0666666667
17.9
17.7166666667
18.8644067797
17.6166666667
19.5666666667
20.05
19.0833333333
18.0677966102
18.05
18.0166666667
19.9
20.0
19.0
19.1016949153
17.25
15.9333333333
18.8
17.0833333333
18.2203389831
21.3
17.5333333333
18.9666666667
20.4333333333
19.9661016949
18.8833333333
18.25
17.5
19.7
18.6610169492
19.4833333333
17.3846153846
--END OF 2--
19.6166666667
19.2666666667
20.3666666667
22.0333333333
20.45
20.593220339
18.8833333333
18.8
19.2
18.95
20.15
20.2881355932
19.2166666667
19.4833333333
20.7666666667
19.3333333333
18.4745762712
18.95
20.5666666667
20.9333333333
19.2666666667
18.6101694915
18.3333333333
20.2
18.5666666667
19.25
17.6779661017
18.75
19.7833333333
18.45
18.0666666667
19.3389830508
18.55
19.8833333333
20.7166666667
21.05
18.5084745763
19.7
19.2
19.9
20.6
19.9
19.1016949153
18.4333333333
17.6333333333
19.8666666667
17.8333333333
19.0847457627
21.7666666667
18.5833333333
20.1
21.0
21.0338983051
19.5833333333
19.5
17.8
21.05
19.5084745763
20.2666666667
17.9038461538
--END OF 3--
12.95
12.2833333333
13.3166666667
13.8166666667
11.9833333333
13.4915254237
13.8833333333
12.75
12.8
13.05
12.85
13.9661016949
13.2666666667
12.6
13.4166666667
12.3333333333
12.4406779661
13.05
14.2833333333
14.05
13.6333333333
12.6440677966
11.8333333333
12.7
12.7166666667
12.6
12.2372881356
13.05
13.25
12.2166666667
12.0166666667
12.8305084746
12.25
13.8666666667
13.5
14.2333333333
13.1016949153
12.3
12.3166666667
13.25
13.1
13.7
12.9491525424
12.7166666667
12.15
12.7333333333
11.65
12.4576271186
13.9
12.3
12.75
12.7666666667
13.2881355932
12.8833333333
12.65
13.1
12.8
13.1525423729
12.3333333333
12.1538461538
--END OF 4--
18.9
18.45
19.1
20.8166666667
18.7166666667
19.6949152542
18.7833333333
18.15
18.45
18.25
19.8
19.0
18.9833333333
18.9166666667
19.6
17.75
17.7966101695
18.2666666667
19.5166666667
20.4666666667
18.5833333333
18.3050847458
16.9333333333
18.5
18.3666666667
17.95
17.4237288136
18.2166666667
19.0666666667
17.9
17.7166666667
18.8644067797
17.6166666667
19.5666666667
20.05
19.0833333333
18.0677966102
18.05
18.0166666667
19.9
20.0
19.0
19.1016949153
17.25
15.9333333333
18.8
17.0833333333
18.2203389831
21.3
17.5333333333
18.9666666667
20.4333333333
19.9661016949
18.8833333333
18.25
17.5
19.7
18.6610169492
19.4833333333
17.3846153846
--END OF 5--
19.6166666667
19.2666666667
20.3666666667
22.0333333333
20.45
20.593220339
18.8833333333
18.8
19.2
18.95
20.15
20.2881355932
19.2166666667
19.4833333333
20.7666666667
19.3333333333
18.4745762712
18.95
20.5666666667
20.9333333333
19.2666666667
18.6101694915
18.3333333333
20.2
18.5666666667
19.25
17.6779661017
18.75
19.7833333333
18.45
18.0666666667
19.3389830508
18.55
19.8833333333
20.7166666667
21.05
18.5084745763
19.7
19.2
19.9
20.6
19.9
19.1016949153
18.4333333333
17.6333333333
19.8666666667
17.8333333333
19.0847457627
21.7666666667
18.5833333333
20.1
21.0
21.0338983051
19.5833333333
19.5
17.8
21.05
19.5084745763
20.2666666667
17.9038461538
--END OF 6--
2618.0
2394.8
2522.8
2701.85
2348.75
2471.13559322
2512.8
2463.9
2486.85
2368.95
2456.7
2563.11864407
2462.6
2485.95
2581.3
2478.75
2416.01694915
2506.0
2640.3
2687.0
2569.15
2323.77966102
2377.05
2436.0
2487.0
2474.7
2448.10169492
2483.3
2540.65
2411.6
2310.7
2484.10169492
2345.3
2606.75
2567.9
2540.0
2381.33898305
2336.25
2428.7
2513.1
2516.55
2554.5
2437.77966102
2484.9
2434.55
2600.75
2326.95
2425.27118644
2695.5
2415.25
2522.7
2504.9
2458.88135593
2564.55
2420.4
2413.95
2408.1
2400.50847458
2452.75
2424.0
--END OF 7--
713.866666667
668.666666667
710.266666667
748.7
651.383333333
704.813559322
714.4
685.2
690.3
668.7
694.85
721.576271186
685.366666667
689.0
716.566666667
682.65
684.949152542
706.433333333
746.55
749.55
710.166666667
663.915254237
651.8
687.85
692.75
682.5
671.101694915
684.55
707.883333333
669.05
646.25
683.677966102
647.85
734.666666667
718.4
716.983333333
671.169491525
654.0
669.516666667
714.4
714.35
710.65
693.372881356
692.366666667
658.133333333
725.283333333
656.733333333
689.661016949
749.4
669.883333333
688.283333333
702.6
697.915254237
693.55
681.9
685.2
685.5
690.677966102
673.55
679.769230769
--END OF 8--
116.866666667
123.016666667
119.25
122.35
111.333333333
125.86440678
114.75
104.75
113.3
117.95
132.05
118.949152542
118.683333333
116.166666667
125.433333333
115.583333333
118.254237288
105.983333333
109.266666667
124.416666667
103.433333333
113.847457627
113.25
121.8
119.1
109.2
100.118644068
105.1
107.016666667
105.933333333
98.9
120.762711864
113.05
124.433333333
126.333333333
111.433333333
118.86440678
110.6
113.3
125.25
128.25
108.75
114.203389831
92.5333333333
89.0833333333
127.333333333
105.05
106.93220339
137.633333333
100.2
126.816666667
121.65
126.542372881
108.65
110.55
95.05
128.65
116.966101695
139.866666667
113.846153846
--END OF 9--
5.13333333333
5.88333333333
5.65
9.68333333333
13.7833333333
8.72881355932
3.35
6.75
4.75
4.75
5.75
3.94915254237
6.01666666667
6.83333333333
8.1
5.78333333333
3.84745762712
5.03333333333
5.86666666667
5.03333333333
2.76666666667
2.77966101695
5.15
6.4
4.4
6.55
5.15254237288
3.81666666667
5.28333333333
5.26666666667
5.36666666667
4.42372881356
5.36666666667
3.05
5.55
6.23333333333
3.37288135593
7.85
5.51666666667
5.8
5.6
5.5
5.54237288136
5.23333333333
6.15
4.73333333333
3.85
5.79661016949
7.41666666667
6.83333333333
6.06666666667
11.5666666667
8.79661016949
7.35
7.5
1.7
8.9
4.64406779661
4.28333333333
2.05769230769
--END OF 10--
1.11666666667
1.2
2.41666666667
1.71666666667
2.86666666667
1.30508474576
0.15
1.35
1.0
1.0
0.6
1.57627118644
0.35
0.7
1.93333333333
1.75
0.949152542373
0.85
1.48333333333
0.466666666667
0.916666666667
0.559322033898
1.3
2.15
0.1
1.9
0.0
0.816666666667
1.18333333333
1.0
0.5
0.610169491525
1.4
0.466666666667
0.966666666667
2.96666666667
0.593220338983
2.85
1.8
0.0
0.7
1.3
0.0
1.31666666667
2.01666666667
0.85
0.85
1.32203389831
0.4
1.41666666667
2.31666666667
0.816666666667
1.4406779661
1.2
1.65
0.35
2.2
1.0
0.983333333333
0.576923076923
--END OF 11--
0.5
0.0
0.516666666667
1.15
1.23333333333
0.0
0.0
0.0
0.5
0.5
0.0
1.16949152542
0.35
0.0
0.0
0.383333333333
0.118644067797
0.0
0.0
0.0
0.0
0.0
0.85
0.65
0.0
0.5
0.0
0.5
0.0
0.0
0.0
0.0
0.5
0.466666666667
0.0333333333333
0.5
0.508474576271
0.5
0.166666666667
0.0
0.0
0.5
0.0
0.416666666667
0.583333333333
0.0
0.0
0.372881355932
0.0
0.0
0.0
0.0
0.71186440678
0.0
0.5
0.0
0.0
0.0
0.483333333333
0.0
--END OF 12--
