11.1666666667
11.6166666667
12.1833333333
10.6610169492
11.65
11.3666666667
11.55
11.4833333333
11.1
11.2372881356
11.0333333333
11.8833333333
10.9166666667
11.4833333333
12.5666666667
12.1525423729
11.4333333333
11.6
12.6166666667
11.9
12.6610169492
12.5333333333
12.1166666667
12.4833333333
12.1833333333
13.593220339
13.8
12.75
11.7666666667
11.35
11.6166666667
11.406779661
11.8833333333
11.3333333333
12.05
12.6
12.4745762712
12.7833333333
12.8166666667
12.65
12.1833333333
12.4915254237
11.35
12.1166666667
12.6666666667
13.25
12.7833333333
12.813559322
11.85
11.1666666667
12.2
11.95
12.813559322
12.15
12.6333333333
13.2666666667
14.15
12.3728813559
13.9833333333
11.0178571429
--END OF 1--
14.4166666667
15.5333333333
15.9666666667
15.406779661
16.0166666667
15.85
16.5666666667
16.7333333333
14.75
15.0
15.8833333333
15.9833333333
14.75
15.6333333333
16.4166666667
16.9491525424
15.4833333333
15.95
17.6166666667
16.4333333333
17.6949152542
16.65
17.8
16.6
17.5166666667
18.2542372881
18.25
18.45
16.1166666667
14.95
17.4666666667
15.1016949153
16.9166666667
15.8166666667
15.75
17.1166666667
16.7288135593
17.0833333333
17.2666666667
16.8166666667
16.9
16.5593220339
16.1
16.3666666667
18.9166666667
18.2166666667
16.0833333333
15.7627118644
17.6166666667
15.8333333333
16.65
16.7166666667
16.5593220339
18.65
19.25
18.25
19.3
16.7796610169
19.8833333333
14.0357142857
--END OF 2--
14.5166666667
16.4666666667
16.6166666667
15.7288135593
16.3166666667
15.85
16.7166666667
17.5833333333
15.1166666667
15.7457627119
15.9333333333
16.4833333333
15.55
15.8833333333
16.9666666667
17.8983050847
15.95
16.6
17.85
16.5833333333
18.4915254237
17.3
18.5333333333
16.7
18.0666666667
20.0677966102
19.35
18.95
16.8166666667
15.75
17.8666666667
15.1525423729
17.1666666667
16.5833333333
16.2333333333
17.6333333333
17.6271186441
17.4666666667
18.1666666667
17.2833333333
18.0333333333
16.9661016949
16.2
17.0166666667
19.3833333333
18.6666666667
16.8333333333
15.8644067797
18.3333333333
16.55
16.65
17.4166666667
16.9830508475
18.8333333333
19.9666666667
19.35
20.15
18.4406779661
20.2333333333
14.1428571429
--END OF 3--
11.1666666667
11.6166666667
12.1833333333
10.6610169492
11.65
11.3666666667
11.55
11.4833333333
11.1
11.2372881356
11.0333333333
11.8833333333
10.9166666667
11.4833333333
12.5666666667
12.1525423729
11.4333333333
11.6
12.6166666667
11.9
12.6610169492
12.5333333333
12.1166666667
12.4833333333
12.1833333333
13.593220339
13.8
12.75
11.7666666667
11.35
11.6166666667
11.406779661
11.8833333333
11.3333333333
12.05
12.6
12.4745762712
12.7833333333
12.8166666667
12.65
12.1833333333
12.4915254237
11.35
12.1166666667
12.6666666667
13.25
12.7833333333
12.813559322
11.85
11.1666666667
12.2
11.95
12.813559322
12.15
12.6333333333
13.2666666667
14.15
12.3728813559
13.9833333333
11.0178571429
--END OF 4--
14.4166666667
15.5333333333
15.9666666667
15.406779661
16.0166666667
15.85
16.5666666667
16.7333333333
14.75
15.0
15.8833333333
15.9833333333
14.75
15.6333333333
16.4166666667
16.9491525424
15.4833333333
15.95
17.6166666667
16.4333333333
17.6949152542
16.65
17.8
16.6
17.5166666667
18.2542372881
18.25
18.45
16.1166666667
14.95
17.4666666667
15.1016949153
16.9166666667
15.8166666667
15.75
17.1166666667
16.7288135593
17.0833333333
17.2666666667
16.8166666667
16.9
16.5593220339
16.1
16.3666666667
18.9166666667
18.2166666667
16.0833333333
15.7627118644
17.6166666667
15.8333333333
16.65
16.7166666667
16.5593220339
18.65
19.25
18.25
19.3
16.7796610169
19.8833333333
14.0357142857
--END OF 5--
14.5166666667
16.4666666667
16.6166666667
15.7288135593
16.3166666667
15.85
16.7166666667
17.5833333333
15.1166666667
15.7457627119
15.9333333333
16.4833333333
15.55
15.8833333333
16.9666666667
17.8983050847
15.95
16.6
17.85
16.5833333333
18.4915254237
17.3
18.5333333333
16.7
18.0666666667
20.0677966102
19.35
18.95
16.8166666667
15.75
17.8666666667
15.1525423729
17.1666666667
16.5833333333
16.2333333333
17.6333333333
17.6271186441
17.4666666667
18.1666666667
17.2833333333
18.0333333333
16.9661016949
16.2
17.0166666667
19.3833333333
18.6666666667
16.8333333333
15.8644067797
18.3333333333
16.55
16.65
17.4166666667
16.9830508475
18.8333333333
19.9666666667
19.35
20.15
18.4406779661
20.2333333333
14.1428571429
--END OF 6--
2065.5
2201.7
2331.8
2259.30508475
2283.4
2189.25
2227.05
2251.5
2178.85
2220.15254237
2167.5
2299.05
2097.05
2262.15
2337.6
2365.62711864
2196.75
2222.55
2422.65
2251.9
2435.89830508
2320.1
2427.35
2284.75
2417.35
2577.3559322
2501.1
2489.85
2354.85
2175.3
2368.35
2247.05084746
2395.9
2255.25
2269.15
2396.6
2367.30508475
2454.8
2341.95
2384.95
2360.35
2415.71186441
2232.0
2371.5
2490.35
2488.95
2392.8
2387.54237288
2329.25
2207.9
2319.15
2274.0
2465.03389831
2492.5
2504.65
2501.7
2681.0
2495.89830508
2572.35
2030.625
--END OF 7--
582.133333333
615.7
638.233333333
622.491525424
639.683333333
620.033333333
620.066666667
641.233333333
600.916666667
603.694915254
598.6
639.6
592.216666667
627.95
681.45
651.796610169
611.616666667
621.833333333
680.816666667
625.633333333
670.593220339
657.983333333
684.766666667
648.283333333
663.316666667
718.338983051
708.05
694.65
649.95
600.95
663.3
613.525423729
654.75
637.333333333
639.583333333
663.85
657.186440678
667.333333333
663.183333333
659.666666667
652.866666667
655.322033898
624.3
661.3
694.766666667
684.816666667
670.35
664.796610169
658.666666667
627.35
655.416666667
636.633333333
692.644067797
699.533333333
723.016666667
704.233333333
742.15
691.186440678
728.65
569.089285714
--END OF 8--
74.1666666667
88.1666666667
90.85
89.1355932203
86.7666666667
90.9833333333
108.483333333
100.5
88.6333333333
81.1186440678
100.15
98.9
76.5833333333
82.55
91.1
91.7966101695
77.9833333333
98.9333333333
113.433333333
105.033333333
102.711864407
85.1833333333
104.05
98.7333333333
102.95
106.220338983
109.6
110.3
92.15
74.65
102.6
80.3389830508
101.3
80.2166666667
86.0
97.4166666667
95.5762711864
90.6166666667
101.7
96.2333333333
99.3833333333
93.2881355932
93.55
102.35
121.6
113.3
69.65
79.3220338983
120.4
89.7666666667
94.5
102.466666667
97.3559322034
118.666666667
121.966666667
95.35
103.783333333
83.6101694915
107.75
80.6428571429
--END OF 9--
2.86666666667
3.63333333333
2.13333333333
2.40677966102
3.36666666667
3.03333333333
3.11666666667
6.88333333333
2.28333333333
3.45762711864
4.7
2.8
4.1
2.85
2.9
5.45762711864
4.81666666667
3.51666666667
2.35
4.0
5.13559322034
3.88333333333
7.53333333333
2.75
3.86666666667
6.06779661017
4.4
6.1
3.1
4.85
5.75
3.1186440678
2.53333333333
5.2
3.18333333333
4.2
4.40677966102
5.56666666667
5.16666666667
3.26666666667
4.51666666667
3.15254237288
4.55
3.0
7.78333333333
4.18333333333
3.2
0.423728813559
4.36666666667
5.16666666667
2.5
4.43333333333
1.05084745763
4.66666666667
6.85
5.06666666667
5.8
5.50847457627
7.45
1.67857142857
--END OF 10--
0.383333333333
1.1
0.633333333333
0.389830508475
0.5
0.0
0.0
1.0
0.466666666667
1.05084745763
0.0
0.65
1.28333333333
0.5
0.85
1.20338983051
0.833333333333
1.0
0.5
0.233333333333
1.50847457627
0.8
0.983333333333
0.216666666667
0.616666666667
2.62711864407
2.0
1.0
1.0
1.35
0.7
0.203389830508
0.483333333333
0.533333333333
0.483333333333
0.816666666667
0.983050847458
0.883333333333
1.5
0.166666666667
1.33333333333
0.35593220339
0.15
1.0
0.6
0.616666666667
1.25
0.101694915254
1.25
0.416666666667
0.0
1.43333333333
0.576271186441
0.0
0.966666666667
1.66666666667
1.53333333333
2.62711864407
0.75
0.160714285714
--END OF 11--
0.0
0.483333333333
0.15
0.372881355932
0.0
0.0
0.0
0.0
0.0
0.0
0.0
0.0
0.0
0.0
0.0
0.64406779661
0.333333333333
0.5
0.0
0.0
0.508474576271
0.0
0.0
0.0
0.0
0.508474576271
0.0
0.0
0.0
0.0
0.0
0.0
0.0
0.0
0.0
0.0
0.0
0.0
0.0
0.166666666667
0.333333333333
0.0
0.0
0.0
0.2
0.466666666667
0.0
0.0
0.0
0.0
0.0
0.0
0.0
0.0
0.0
0.266666666667
0.733333333333
0.508474576271
0.0
0.0
--END OF 12--
