15.7333333333
16.05
16.3728813559
14.9333333333
15.65
15.75
16.5
16.1166666667
15.4237288136
16.0166666667
16.5333333333
15.4166666667
15.0833333333
15.8166666667
14.9491525424
15.9
15.5
15.1833333333
15.4166666667
16.8813559322
14.8
15.4
15.0666666667
15.7
16.4237288136
16.85
16.05
16.45
16.9333333333
15.7627118644
15.35
15.6333333333
16.1166666667
15.15
15.8813559322
16.05
15.5
16.1166666667
15.2833333333
15.1333333333
16.1016949153
14.4833333333
16.1
14.7166666667
16.2
16.406779661
14.7
14.9833333333
15.05
16.7333333333
15.813559322
16.0333333333
15.1
15.45
16.9
16.7966101695
14.8333333333
14.6
15.2666666667
15.701754386
--END OF 1--
19.9166666667
21.4166666667
21.1186440678
20.3333333333
20.2
20.9
21.05
20.8166666667
19.6101694915
21.7333333333
22.45
20.55
18.8333333333
19.9833333333
20.4576271186
20.2833333333
20.4166666667
19.55
19.7333333333
20.8305084746
20.4
20.85
20.5666666667
20.2
21.4406779661
20.45
20.2333333333
20.65
21.2833333333
20.6271186441
19.9333333333
21.05
21.05
18.9
20.3898305085
20.2
19.55
20.3666666667
19.8333333333
19.5333333333
19.9491525424
19.1833333333
20.3833333333
19.6166666667
22.55
22.2033898305
19.2
19.8166666667
19.65
21.3666666667
23.3898305085
19.9
20.0
20.05
21.45
20.6271186441
19.3833333333
19.3166666667
20.3166666667
21.7543859649
--END OF 2--
21.15
21.9166666667
21.5423728814
20.6333333333
20.45
21.5
21.2
21.8666666667
19.7457627119
22.25
22.9333333333
21.1166666667
19.2833333333
20.1333333333
21.1186440678
21.1166666667
21.0
19.6
20.4333333333
21.186440678
20.8
21.3
21.1666666667
20.5
22.0508474576
21.3333333333
21.3333333333
20.9666666667
21.8833333333
21.3559322034
20.6166666667
21.05
21.05
19.3
21.5084745763
21.0
20.3
21.1166666667
21.0833333333
19.9333333333
19.9491525424
19.3833333333
21.4333333333
20.15
22.9166666667
22.5254237288
19.4333333333
20.3833333333
20.5
21.9
24.2203389831
20.3333333333
20.25
20.35
22.8
21.6949152542
19.7
19.8833333333
20.6166666667
23.0175438596
--END OF 3--
15.7333333333
16.05
16.3728813559
14.9333333333
15.65
15.75
16.5
16.1166666667
15.4237288136
16.0166666667
16.5333333333
15.4166666667
15.0833333333
15.8166666667
14.9491525424
15.9
15.5
15.1833333333
15.4166666667
16.8813559322
14.8
15.4
15.0666666667
15.7
16.4237288136
16.85
16.05
16.45
16.9333333333
15.7627118644
15.35
15.6333333333
16.1166666667
15.15
15.8813559322
16.05
15.5
16.1166666667
15.2833333333
15.1333333333
16.1016949153
14.4833333333
16.1
14.7166666667
16.2
16.406779661
14.7
14.9833333333
15.05
16.7333333333
15.813559322
16.0333333333
15.1
15.45
16.9
16.7966101695
14.8333333333
14.6
15.2666666667
15.701754386
--END OF 4--
19.9166666667
21.4166666667
21.1186440678
20.3333333333
20.2
20.9
21.05
20.8166666667
19.6101694915
21.7333333333
22.45
20.55
18.8333333333
19.9833333333
20.4576271186
20.2833333333
20.4166666667
19.55
19.7333333333
20.8305084746
20.4
20.85
20.5666666667
20.2
21.4406779661
20.45
20.2333333333
20.65
21.2833333333
20.6271186441
19.9333333333
21.05
21.05
18.9
20.3898305085
20.2
19.55
20.3666666667
19.8333333333
19.5333333333
19.9491525424
19.1833333333
20.3833333333
19.6166666667
22.55
22.2033898305
19.2
19.8166666667
19.65
21.3666666667
23.3898305085
19.9
20.0
20.05
21.45
20.6271186441
19.3833333333
19.3166666667
20.3166666667
21.7543859649
--END OF 5--
21.15
21.9166666667
21.5423728814
20.6333333333
20.45
21.5
21.2
21.8666666667
19.7457627119
22.25
22.9333333333
21.1166666667
19.2833333333
20.1333333333
21.1186440678
21.1166666667
21.0
19.6
20.4333333333
21.186440678
20.8
21.3
21.1666666667
20.5
22.0508474576
21.3333333333
21.3333333333
20.9666666667
21.8833333333
21.3559322034
20.6166666667
21.05
21.05
19.3
21.5084745763
21.0
20.3
21.1166666667
21.0833333333
19.9333333333
19.9491525424
19.3833333333
21.4333333333
20.15
22.9166666667
22.5254237288
19.4333333333
20.3833333333
20.5
21.9
24.2203389831
20.3333333333
20.25
20.35
22.8
21.6949152542
19.7
19.8833333333
20.6166666667
23.0175438596
--END OF 6--
2944.15
3006.75
3193.3220339
2933.4
2941.2
2954.55
3021.15
2968.35
2844.66101695
3014.65
3088.75
3010.45
2869.6
2936.4
2902.42372881
2876.35
3020.05
2899.05
2928.3
3116.49152542
2961.75
3013.5
2901.15
2855.4
3068.28813559
2972.4
2947.5
3044.65
3132.75
2993.94915254
2953.05
2951.3
3036.0
2786.45
2884.57627119
3022.65
2941.65
3014.1
2944.05
2917.2
3004.22033898
2841.95
2985.1
2862.65
3143.3
3063.40677966
2912.35
2936.0
2767.7
3082.7
3121.01694915
2972.95
2765.1
2893.05
3084.45
3016.77966102
2871.65
2884.35
2890.2
2939.15789474
--END OF 7--
829.283333333
843.633333333
884.406779661
813.2
809.0
828.95
827.35
828.15
779.06779661
845.216666667
871.833333333
839.716666667
811.733333333
811.1
799.966101695
816.25
817.8
791.916666667
817.733333333
875.830508475
822.65
834.0
809.15
805.85
855.322033898
838.866666667
822.8
843.5
851.0
830.898305085
814.35
835.0
835.916666667
788.016666667
809.118644068
823.35
816.7
852.9
817.3
808.6
827.728813559
774.083333333
824.833333333
789.566666667
873.133333333
847.559322034
800.583333333
815.066666667
774.933333333
867.183333333
854.457627119
829.016666667
783.9
801.7
872.25
847.694915254
794.466666667
787.6
823.5
829.070175439
--END OF 8--
97.4333333333
108.5
120.355932203
117.1
114.0
102.3
109.9
104.95
111.491525424
116.933333333
122.766666667
109.966666667
92.0833333333
106.283333333
115.220338983
108.65
112.866666667
101.116666667
111.5
98.0169491525
111.4
115.15
119.95
109.2
120.576271186
100.6
99.0
104.216666667
101.333333333
107.220338983
104.966666667
112.45
94.6166666667
96.3833333333
105.813559322
94.05
94.45
103.95
101.9
108.2
99.9661016949
105.066666667
106.4
93.0666666667
126.466666667
121.881355932
95.7333333333
104.583333333
103.983333333
107.4
140.661016949
93.1166666667
109.05
114.6
108.3
100.93220339
101.083333333
99.3166666667
98.6333333333
125.842105263
--END OF 9--
4.15
5.66666666667
3.4406779661
4.1
2.4
6.55
2.3
4.7
2.69491525424
4.28333333333
3.31666666667
3.4
2.33333333333
3.08333333333
3.69491525424
1.63333333333
3.55
3.33333333333
2.81666666667
1.96610169492
4.1
4.75
6.2
2.95
4.84745762712
3.28333333333
4.7
1.93333333333
3.71666666667
3.25423728814
2.5
3.26666666667
5.33333333333
0.583333333333
3.61016949153
4.25
1.85
1.95
5.55
1.85
2.03389830508
2.18333333333
4.33333333333
5.85
3.78333333333
4.59322033898
4.71666666667
4.2
4.83333333333
3.98333333333
7.91525423729
2.11666666667
1.8
2.8
5.45
3.20338983051
3.76666666667
3.98333333333
5.3
7.22807017544
--END OF 10--
2.15
0.55
0.762711864407
0.7
0.5
1.3
0.15
1.75
0.338983050847
0.766666666667
1.15
1.35
0.5
0.0
1.16949152542
1.13333333333
0.8
0.0833333333333
0.816666666667
0.542372881356
0.6
0.5
0.9
0.15
0.508474576271
1.48333333333
1.4
0.116666666667
0.4
1.13559322034
0.883333333333
0.0
0.0
0.5
0.813559322034
1.65
1.25
1.0
1.65
0.65
0.0
0.483333333333
2.01666666667
0.916666666667
0.583333333333
0.64406779661
0.866666666667
1.08333333333
1.13333333333
0.783333333333
1.06779661017
0.116666666667
0.6
0.4
2.35
1.67796610169
0.533333333333
1.26666666667
0.5
2.10526315789
--END OF 11--
0.383333333333
0.0
0.0
0.0
0.0
0.0
0.0
0.0
0.0
0.0
0.0
0.0
0.0
0.0
0.135593220339
0.333333333333
0.0
0.0
0.5
0.0
0.0
0.0
0.0
0.0
0.0
0.0
0.5
0.0
0.4
0.508474576271
0.0
0.0
0.0
0.0
0.71186440678
0.3
0.5
0.0
0.0
0.0
0.0
0.0
0.0
0.0
0.0
0.0
0.0
0.0
0.5
0.0
0.0
0.0
0.0
0.0
0.15
0.35593220339
0.3
0.0
0.0
0.421052631579
--END OF 12--
