21.0166666667
21.6333333333
20.4666666667
20.8813559322
20.0
20.7
21.8666666667
21.05
21.4
20.9322033898
21.2166666667
21.4
20.8666666667
21.8166666667
21.45
21.8813559322
21.5666666667
21.0833333333
20.0833333333
20.1333333333
20.4915254237
20.2833333333
20.7333333333
20.3833333333
21.2
21.2833333333
21.186440678
21.2166666667
22.15
21.7166666667
21.6
21.9830508475
22.1333333333
20.2666666667
20.6833333333
21.6666666667
20.7796610169
21.15
21.0
20.4833333333
21.85
21.0677966102
22.3333333333
21.3333333333
20.8833333333
21.7333333333
22.2333333333
21.593220339
21.8333333333
23.15
20.6
21.5666666667
21.0169491525
21.35
20.7333333333
20.6
20.8666666667
22.2372881356
20.4666666667
20.8846153846
--END OF 1--
27.1333333333
27.9166666667
25.9
26.7118644068
25.85
26.4
28.3
26.6
27.45
26.5423728814
25.7833333333
27.4
26.7666666667
26.8
26.8833333333
28.4406779661
27.9666666667
26.5
24.7666666667
26.0166666667
26.4406779661
25.9
27.25
27.2666666667
26.75
27.1333333333
28.4915254237
28.6333333333
28.6166666667
27.2166666667
28.2833333333
28.7796610169
28.9666666667
26.35
26.6166666667
27.9333333333
25.6779661017
26.9
26.65
26.7833333333
28.5
27.1525423729
28.5
27.85
27.4
27.6333333333
27.9333333333
27.6440677966
27.95
28.3833333333
27.4166666667
26.4
27.0847457627
26.5666666667
27.0833333333
26.9
25.4666666667
26.813559322
26.9
27.0192307692
--END OF 2--
27.3
28.5666666667
26.3333333333
27.0847457627
27.1
27.85
29.4333333333
27.0
28.4
27.6440677966
26.45
28.2333333333
26.9833333333
27.7666666667
28.6666666667
29.5423728814
29.0666666667
28.8666666667
25.1
26.6333333333
27.0847457627
26.75
28.3166666667
27.8333333333
27.3
28.4833333333
29.8474576271
28.9833333333
29.2333333333
27.2166666667
28.5166666667
29.9322033898
30.4166666667
27.5833333333
27.85
28.5833333333
26.8644067797
27.15
27.6
27.4333333333
29.4
27.6101694915
29.3
28.7166666667
27.8333333333
27.9833333333
29.0333333333
28.4237288136
28.3333333333
29.2333333333
27.8833333333
27.35
27.3559322034
27.2666666667
27.4833333333
27.7
26.2666666667
27.7627118644
27.6166666667
27.5384615385
--END OF 3--
20.35
20.6166666667
19.9
20.1355932203
19.8
20.15
21.0166666667
20.15
20.4
20.0847457627
20.2166666667
20.6666666667
19.9333333333
20.8166666667
20.5
20.8813559322
20.4333333333
20.0833333333
19.2
19.4666666667
19.4915254237
19.5333333333
19.7333333333
19.8833333333
20.35
20.4333333333
20.3050847458
20.3166666667
21.0666666667
20.7166666667
20.6
20.9830508475
21.0833333333
19.8666666667
20.1333333333
20.6666666667
19.9830508475
20.35
20.0
19.6333333333
20.65
20.2711864407
20.9
20.3333333333
19.8833333333
20.7666666667
21.1
20.7118644068
20.8666666667
21.65
20.0
20.6166666667
20.2372881356
20.4
19.9333333333
19.85
20.0166666667
21.2372881356
19.9666666667
19.8846153846
--END OF 4--
27.1333333333
27.8666666667
25.9
26.7118644068
25.85
26.4
28.2
26.6
27.45
26.5423728814
25.7833333333
27.3166666667
26.7666666667
26.8
26.8833333333
28.4406779661
27.8666666667
26.5
24.7666666667
26.0166666667
26.4406779661
25.9
27.25
27.2666666667
26.75
27.1333333333
28.4915254237
28.6333333333
28.55
27.2166666667
28.2
28.7796610169
28.9166666667
26.35
26.6166666667
27.9333333333
25.6779661017
26.9
26.65
26.7833333333
28.35
27.1525423729
28.4166666667
27.75
27.4
27.6333333333
27.9333333333
27.6440677966
27.95
28.3833333333
27.4166666667
26.4
27.0847457627
26.5666666667
27.0833333333
26.9
25.4666666667
26.813559322
26.9
27.0192307692
--END OF 5--
27.3
28.5666666667
26.3333333333
27.0847457627
27.1
27.85
29.4333333333
27.0
28.4
27.6440677966
26.45
28.2333333333
26.9833333333
27.7666666667
28.6666666667
29.5423728814
29.0666666667
28.8666666667
25.1
26.6333333333
27.0847457627
26.75
28.3166666667
27.8333333333
27.3
28.4833333333
29.8474576271
28.9833333333
29.2333333333
27.2166666667
28.5166666667
29.9322033898
30.4166666667
27.5833333333
27.85
28.5833333333
26.8644067797
27.15
27.6
27.4333333333
29.4
27.6101694915
29.3
28.7166666667
27.8333333333
27.9833333333
29.0333333333
28.4237288136
28.3333333333
29.2333333333
27.8833333333
27.35
27.3559322034
27.2666666667
27.4833333333
27.7
26.2666666667
27.7627118644
27.6166666667
27.5384615385
--END OF 6--
3859.7
3966.65
3840.2
3787.88135593
3800.85
3777.75
3917.1
3942.15
3998.1
3945.30508475
3900.8
3947.1
3953.35
4179.75
3876.05
4178.08474576
4123.35
4010.5
3838.25
3961.1
3869.08474576
3918.75
4045.85
3803.7
4015.65
3968.85
3951.15254237
3890.6
4089.95
3905.05
3999.05
4102.06779661
4079.0
3850.45
3858.25
3995.2
3839.38983051
3886.5
4050.75
3954.3
4077.15
3929.44067797
4118.1
4002.55
3928.15
3989.45
3910.2
3925.11864407
3966.4
4079.0
3873.6
3947.75
3887.79661017
3935.65
3883.2
3959.4
3821.85
4021.16949153
3899.4
3895.96153846
--END OF 7--
1076.63333333
1122.15
1061.2
1061.74576271
1059.4
1059.1
1093.26666667
1088.9
1096.55
1075.11864407
1065.81666667
1094.13333333
1081.76666667
1138.76666667
1092.73333333
1130.6779661
1148.6
1119.96666667
1076.56666667
1092.01666667
1074.01694915
1075.9
1107.9
1063.23333333
1089.7
1086.45
1098.77966102
1074.88333333
1140.38333333
1095.33333333
1124.11666667
1144.3220339
1145.73333333
1051.81666667
1058.48333333
1108.45
1053.23728814
1081.25
1115.35
1097.05
1119.55
1097.49152542
1163.65
1139.01666667
1097.58333333
1105.13333333
1093.35
1099.40677966
1105.35
1148.6
1051.93333333
1090.6
1069.3220339
1078.98333333
1068.85
1087.25
1063.85
1118.15254237
1069.2
1107.53846154
--END OF 8--
141.7
143.116666667
134.533333333
137.050847458
122.05
127.85
144.483333333
126.8
130.9
127.93220339
128.7
139.966666667
132.266666667
130.85
126.3
138.406779661
148.433333333
137.85
108.416666667
133.55
139.474576271
136.55
137.3
143.1
129.9
147.55
144.847457627
145.6
130.866666667
134.366666667
142.316666667
128.610169492
143.85
136.016666667
141.35
142.266666667
129.762711864
124.45
142.1
137.75
151.4
148.610169492
146.533333333
152.2
141.533333333
125.716666667
151.083333333
138.813559322
144.233333333
133.1
151.15
132.916666667
139.983050847
128.4
135.65
124.85
122.8
118.86440678
134.533333333
136.461538462
--END OF 9--
3.71666666667
3.93333333333
2.33333333333
5.35593220339
5.45
6.4
8.78333333333
5.75
5.15
6.0
3.71666666667
4.8
4.25
2.06666666667
5.45
7.49152542373
4.11666666667
5.1
3.1
4.11666666667
4.64406779661
5.23333333333
7.55
5.15
5.9
6.15
8.16949152542
8.98333333333
6.28333333333
4.61666666667
3.6
7.06779661017
6.08333333333
6.26666666667
3.81666666667
4.9
5.32203389831
5.65
3.9
7.25
7.15
4.86440677966
4.75
4.6
5.03333333333
5.96666666667
6.78333333333
4.1186440678
3.31666666667
4.15
4.76666666667
2.41666666667
3.0
4.76666666667
7.45
6.95
4.0
3.4406779661
3.75
3.92307692308
--END OF 10--
0.316666666667
0.883333333333
0.933333333333
0.372881355932
1.55
2.25
1.73333333333
0.8
1.6
1.45762711864
1.1
1.13333333333
0.233333333333
0.616666666667
2.38333333333
1.47457627119
2.01666666667
3.23333333333
0.733333333333
0.366666666667
0.64406779661
0.766666666667
1.48333333333
0.583333333333
0.65
1.5
1.77966101695
0.5
0.966666666667
0.0
0.366666666667
2.49152542373
1.48333333333
1.03333333333
1.36666666667
0.683333333333
1.47457627119
0.5
1.0
0.5
1.4
0.64406779661
1.15
1.56666666667
0.75
0.183333333333
1.31666666667
0.508474576271
0.0
1.5
0.733333333333
1.48333333333
0.525423728814
0.9
0.4
1.5
0.8
1.0
0.716666666667
0.711538461538
--END OF 11--
0.0
0.0
0.0
0.0
0.0
0.0
0.0
0.0
0.4
0.101694915254
0.0
0.0
0.0
0.5
0.5
0.0
0.116666666667
1.88333333333
0.0
0.366666666667
0.135593220339
0.266666666667
0.25
0.0166666666667
0.15
0.35
0.406779661017
0.0
0.466666666667
0.0
0.0333333333333
0.491525423729
0.483333333333
0.5
1.0
0.0
0.0
0.0
0.0
0.0
0.0
0.0
0.0
0.633333333333
0.366666666667
0.0
0.0
0.0
0.0
0.0
0.0
0.0
0.0
0.0
0.0
0.0
0.0
0.0
0.5
0.0
--END OF 12--
