17.3333333333
18.0166666667
18.0333333333
17.0
18.0666666667
17.7966101695
16.85
16.7
17.7833333333
17.6833333333
18.0333333333
16.9661016949
18.0333333333
16.9333333333
17.9666666667
17.4833333333
18.3
17.6271186441
17.55
17.5666666667
16.85
18.2833333333
18.7118644068
18.8666666667
17.4666666667
17.75
16.85
16.9666666667
17.5762711864
17.75
17.8
18.8666666667
19.4
18.2
17.4745762712
17.65
18.4166666667
19.1666666667
19.3
18.5
18.9491525424
16.9333333333
18.6166666667
18.2666666667
17.5833333333
17.7457627119
17.2166666667
18.2333333333
18.05
17.95
17.2666666667
16.9322033898
17.9833333333
18.15
17.4166666667
18.3833333333
18.6333333333
17.9830508475
17.7
18.2631578947
--END OF 1--
22.6833333333
24.2666666667
23.15
23.3
23.8333333333
23.0677966102
21.8
21.35
23.2333333333
23.3333333333
24.3
23.4915254237
23.35
21.3333333333
23.65
23.2833333333
23.6333333333
24.2881355932
23.5166666667
23.7833333333
22.4833333333
24.8833333333
25.0508474576
24.9666666667
23.3166666667
23.1
22.4166666667
23.15
24.6271186441
22.9333333333
23.6666666667
26.5
26.0166666667
24.1
23.6779661017
22.95
24.6333333333
25.2666666667
24.45
23.2333333333
26.2881355932
22.2333333333
23.5166666667
24.1666666667
24.8
24.9152542373
22.8666666667
24.3833333333
23.95
24.3833333333
23.1833333333
23.2711864407
23.7333333333
23.5166666667
23.65
24.05
23.9833333333
23.3728813559
25.45
24.0175438596
--END OF 2--
23.6833333333
24.7
23.4
23.4666666667
24.5666666667
23.6271186441
22.75
21.35
23.9333333333
23.4833333333
25.3833333333
24.186440678
24.1
22.0
24.0333333333
23.5
24.0166666667
25.4406779661
23.8666666667
24.4833333333
22.8666666667
25.8333333333
25.9152542373
25.3666666667
24.2666666667
24.2
22.5666666667
23.4
26.3898305085
23.4833333333
24.6666666667
27.0333333333
26.2333333333
25.8833333333
24.3050847458
23.5333333333
26.2
25.4833333333
25.4333333333
23.2333333333
27.0169491525
23.5833333333
24.6666666667
24.9166666667
26.0333333333
25.7627118644
24.1333333333
24.7666666667
25.2166666667
25.1666666667
23.75
24.9152542373
24.1333333333
24.05
24.2166666667
24.7166666667
26.15
23.9322033898
26.0833333333
24.3333333333
--END OF 3--
17.3333333333
18.0166666667
18.0333333333
17.0
18.0666666667
17.7966101695
16.85
16.7
17.7833333333
17.6833333333
18.0333333333
16.9661016949
18.0333333333
16.9333333333
17.9666666667
17.4833333333
18.3
17.6271186441
17.55
17.5666666667
16.85
18.2833333333
18.7118644068
18.7666666667
17.4666666667
17.75
16.85
16.9666666667
17.5762711864
17.75
17.8
18.8666666667
19.4
18.2
17.4745762712
17.65
18.4166666667
19.0166666667
19.3
18.5
18.9491525424
16.9333333333
18.6166666667
18.2666666667
17.5833333333
17.7457627119
17.2166666667
18.2333333333
18.05
17.95
17.2666666667
16.9322033898
17.9833333333
18.15
17.4166666667
18.3833333333
18.6333333333
17.9830508475
17.7
18.2631578947
--END OF 4--
22.6833333333
24.2666666667
23.15
23.3
23.8333333333
23.0677966102
21.8
21.35
23.2333333333
23.3333333333
24.3
23.4915254237
23.35
21.3333333333
23.65
23.2833333333
23.6333333333
24.2881355932
23.5166666667
23.7833333333
22.4833333333
24.8833333333
25.0508474576
24.9666666667
23.3166666667
23.1
22.4166666667
23.15
24.6271186441
22.9333333333
23.6666666667
26.5
26.0166666667
24.1
23.6779661017
22.95
24.6333333333
25.2666666667
24.45
23.2333333333
26.2881355932
22.2333333333
23.5166666667
24.1666666667
24.8
24.9152542373
22.8666666667
24.3833333333
23.95
24.3833333333
23.1833333333
23.2711864407
23.7333333333
23.5166666667
23.65
24.05
23.9833333333
23.3728813559
25.45
24.0175438596
--END OF 5--
23.6833333333
24.7
23.4
23.4666666667
24.5666666667
23.6271186441
22.75
21.35
23.9333333333
23.4833333333
25.3833333333
24.186440678
24.1
22.0
24.0333333333
23.5
24.0166666667
25.4406779661
23.8666666667
24.4833333333
22.8666666667
25.8333333333
25.9152542373
25.3666666667
24.2666666667
24.2
22.5666666667
23.4
26.3898305085
23.4833333333
24.6666666667
27.0333333333
26.2333333333
25.8833333333
24.3050847458
23.5333333333
26.2
25.4833333333
25.4333333333
23.2333333333
27.0169491525
23.5833333333
24.6666666667
24.9166666667
26.0333333333
25.7627118644
24.1333333333
24.7666666667
25.2166666667
25.1666666667
23.75
24.9152542373
24.1333333333
24.05
24.2166666667
24.7166666667
26.15
23.9322033898
26.0833333333
24.3333333333
--END OF 6--
3335.15
3355.95
3262.5
3214.15
3316.25
3314.54237288
3210.0
3128.25
3335.55
3180.75
3277.4
3161.6440678
3374.85
3168.55
3341.55
3207.1
3222.9
3351.81355932
3282.25
3274.65
3220.2
3306.25
3392.23728814
3425.4
3275.7
3352.95
3198.7
3233.25
3363.0
3323.15
3337.05
3466.8
3489.2
3319.6
3273.25423729
3309.3
3436.95
3518.8
3367.55
3385.85
3550.98305085
3194.25
3351.15
3384.45
3413.55
3421.11864407
3252.0
3348.1
3377.0
3358.25
3225.8
3210.61016949
3374.5
3347.6
3303.55
3381.75
3353.65
3303.40677966
3310.75
3292.26315789
--END OF 7--
905.4
931.083333333
914.733333333
887.1
923.566666667
937.593220339
871.05
863.05
928.4
889.0
928.1
877.322033898
933.25
866.166666667
936.933333333
894.55
927.35
931.305084746
932.566666667
914.166666667
883.966666667
929.45
954.983050847
965.65
912.0
921.35
876.0
902.283333333
937.13559322
931.45
944.633333333
980.95
990.9
922.95
910.457627119
918.616666667
960.583333333
980.016666667
956.766666667
936.783333333
979.728813559
886.5
953.35
957.05
948.316666667
945.983050847
910.25
943.75
926.783333333
935.183333333
891.666666667
887.338983051
944.966666667
933.683333333
892.716666667
938.283333333
928.033333333
926.355932203
925.1
933.754385965
--END OF 8--
116.55
140.383333333
120.15
127.65
131.233333333
116.152542373
113.8
111.05
123.5
140.75
135.933333333
129.355932203
118.2
109.216666667
114.316666667
127.65
123.983333333
136.525423729
136.2
142.516666667
129.1
160.583333333
146.322033898
138.25
128.7
116.0
123.5
136.1
137.559322034
125.466666667
131.716666667
164.9
143.683333333
137.933333333
126.779661017
117.183333333
129.766666667
141.316666667
137.75
113.6
145.796610169
120.65
123.3
123.05
141.2
142.101694915
138.216666667
123.8
130.183333333
143.983333333
124.433333333
138.508474576
135.533333333
124.866666667
132.4
135.016666667
139.833333333
130.06779661
160.266666667
127.771929825
--END OF 9--
3.63333333333
4.68333333333
4.11666666667
4.41666666667
5.98333333333
2.08474576271
6.3
3.1
3.85
2.4
7.21666666667
5.71186440678
5.41666666667
3.61666666667
5.68333333333
3.75
2.26666666667
8.38983050847
4.1
5.41666666667
3.4
4.2
6.13559322034
4.65
3.9
5.05
2.36666666667
4.21666666667
9.89830508475
4.68333333333
4.75
6.88333333333
4.96666666667
7.25
6.89830508475
4.08333333333
6.6
5.18333333333
5.11666666667
1.75
7.5593220339
4.45
3.95
5.5
8.13333333333
8.35593220339
7.1
7.05
6.5
5.95
5.51666666667
5.72881355932
4.0
3.23333333333
4.9
3.8
5.81666666667
3.16949152542
6.43333333333
2.0
--END OF 10--
1.45
0.733333333333
0.5
0.166666666667
0.833333333333
1.01694915254
1.0
0.0
1.0
0.25
1.25
0.949152542373
1.4
0.666666666667
0.433333333333
0.566666666667
0.483333333333
0.898305084746
0.633333333333
0.716666666667
0.283333333333
1.41666666667
1.5593220339
0.55
1.75
1.25
0.2
0.266666666667
2.20338983051
0.8
1.46666666667
0.233333333333
0.0
2.46666666667
0.372881355932
0.7
2.71666666667
0.55
1.03333333333
0.0
1.1186440678
2.15
1.35
1.0
1.41666666667
0.830508474576
1.23333333333
0.383333333333
1.61666666667
0.866666666667
1.13333333333
2.40677966102
0.4
1.35
0.85
0.966666666667
3.51666666667
0.491525423729
1.2
0.421052631579
--END OF 11--
0.5
0.0
0.0
0.166666666667
0.333333333333
0.0
0.0
0.0
0.5
0.0
0.266666666667
0.0
0.0
0.0
0.0
0.0
0.0
0.0
0.0
0.0
0.0
0.5
0.0
0.0
0.0
0.0
0.0
0.0
1.25423728814
0.266666666667
0.0
0.0
0.0
0.466666666667
0.0
0.566666666667
0.433333333333
0.0
0.0
0.0
0.0
0.0
0.5
0.0
0.433333333333
0.0
0.0
0.0
0.0
0.483333333333
0.0166666666667
0.0
0.0
0.0
0.0
0.0
1.0
0.0
0.0
0.0877192982456
--END OF 12--
