14.3166666667
16.0666666667
14.2833333333
14.0833333333
15.1833333333
15.5084745763
15.5333333333
14.6333333333
15.2333333333
15.8666666667
15.0333333333
14.8
15.9152542373
15.2333333333
15.5333333333
15.05
15.2333333333
15.3559322034
15.8666666667
15.2833333333
14.8166666667
14.95
15.25
17.3389830508
14.4833333333
14.65
15.8166666667
15.6833333333
15.85
15.1355932203
15.9166666667
15.6333333333
16.6
15.9833333333
15.406779661
15.75
14.6666666667
15.4
16.05
15.7833333333
14.4576271186
15.5
15.55
15.8833333333
15.0833333333
14.8
14.7457627119
16.1166666667
16.1333333333
16.9333333333
15.7833333333
15.6440677966
16.5666666667
15.4166666667
16.5166666667
14.7333333333
16.1666666667
16.593220339
16.55
14.5964912281
--END OF 1--
18.6333333333
21.3333333333
18.8666666667
17.9833333333
18.7833333333
19.8305084746
20.5333333333
19.3333333333
20.0333333333
20.3666666667
19.8333333333
19.4
19.5762711864
20.55
19.6166666667
19.95
19.3166666667
19.6949152542
20.9666666667
19.9666666667
19.15
19.0666666667
19.8666666667
21.2372881356
18.4833333333
19.9333333333
20.1166666667
20.1833333333
20.45
20.6101694915
20.4166666667
20.05
21.7666666667
20.6166666667
19.4237288136
19.8333333333
19.7166666667
20.55
19.9833333333
19.95
19.5593220339
20.5
19.45
20.8833333333
20.9
19.65
19.2542372881
20.2
20.8833333333
21.8
19.3
19.6440677966
20.7833333333
19.7333333333
20.5
18.65
20.5833333333
21.3389830508
20.9
18.4912280702
--END OF 2--
19.2166666667
21.75
18.95
18.5
19.0166666667
20.3389830508
21.6833333333
20.1833333333
20.7833333333
21.5166666667
21.0833333333
20.65
19.6610169492
21.1166666667
20.45
21.0166666667
19.8
20.1694915254
21.1666666667
20.2333333333
20.3666666667
19.75
20.9
21.7288135593
18.8333333333
20.25
20.8666666667
21.0333333333
21.6
21.0508474576
21.0666666667
20.1666666667
22.0166666667
21.4166666667
19.4745762712
20.05
20.65
20.7333333333
20.7166666667
21.2333333333
20.0
20.65
19.6
22.0333333333
21.5
20.3
19.3389830508
20.8
21.45
22.9666666667
19.6666666667
19.8644067797
21.2
20.2833333333
21.7166666667
19.3166666667
22.0833333333
21.9491525424
21.1
19.1403508772
--END OF 3--
14.3166666667
16.0666666667
14.2833333333
14.0833333333
15.1833333333
15.5084745763
15.5333333333
14.6333333333
15.2333333333
15.8666666667
15.0333333333
14.8
15.9152542373
15.2333333333
15.5333333333
15.05
15.2333333333
15.3559322034
15.8666666667
15.2833333333
14.8166666667
14.95
15.25
17.3389830508
14.4833333333
14.65
15.8166666667
15.6833333333
15.85
15.1355932203
15.9166666667
15.6333333333
16.6
15.9833333333
15.406779661
15.75
14.6666666667
15.4
16.05
15.7833333333
14.4576271186
15.5
15.55
15.8833333333
15.0833333333
14.8
14.7457627119
16.1166666667
16.1333333333
16.9333333333
15.7833333333
15.6440677966
16.5666666667
15.4166666667
16.5166666667
14.7333333333
16.1666666667
16.593220339
16.55
14.5964912281
--END OF 4--
18.6333333333
21.3333333333
18.8666666667
17.9833333333
18.7833333333
19.8305084746
20.5333333333
19.3333333333
20.0333333333
20.3666666667
19.8333333333
19.4
19.5762711864
20.55
19.6166666667
19.95
19.3166666667
19.6949152542
20.9666666667
19.9666666667
19.15
19.0666666667
19.8666666667
21.2372881356
18.4833333333
19.9333333333
20.1166666667
20.1833333333
20.45
20.6101694915
20.4166666667
20.05
21.7666666667
20.6166666667
19.4237288136
19.8333333333
19.7166666667
20.55
19.9833333333
19.95
19.5593220339
20.5
19.45
20.8833333333
20.9
19.65
19.2542372881
20.2
20.8833333333
21.8
19.3
19.6440677966
20.7833333333
19.7333333333
20.5
18.65
20.5833333333
21.3389830508
20.9
18.4912280702
--END OF 5--
19.2166666667
21.75
18.95
18.5
19.0166666667
20.3389830508
21.6833333333
20.1833333333
20.7833333333
21.5166666667
21.0833333333
20.65
19.6610169492
21.1166666667
20.45
21.0166666667
19.8
20.1694915254
21.1666666667
20.2333333333
20.3666666667
19.75
20.9
21.7288135593
18.8333333333
20.25
20.8666666667
21.0333333333
21.6
21.0508474576
21.0666666667
20.1666666667
22.0166666667
21.4166666667
19.4745762712
20.05
20.65
20.7333333333
20.7166666667
21.2333333333
20.0
20.65
19.6
22.0333333333
21.5
20.3
19.3389830508
20.8
21.45
22.9666666667
19.6666666667
19.8644067797
21.2
20.2833333333
21.7166666667
19.3166666667
22.0833333333
21.9491525424
21.1
19.1403508772
--END OF 6--
2752.25
2931.7
2716.25
2663.6
2815.0
2820.76271186
2860.5
2779.8
2894.55
2968.2
2820.6
2808.0
2933.03389831
2836.75
2968.65
2880.1
2849.15
2989.93220339
2965.85
2894.3
2763.0
2748.1
2841.45
3072.15254237
2806.2
2765.35
2968.2
3060.9
2965.2
2869.62711864
2942.85
2905.25
3080.85
2988.25
2770.77966102
2903.15
2860.9
2926.4
2999.85
2913.4
2892.05084746
2956.95
2950.2
2990.1
2942.7
2921.25
2797.77966102
2974.95
3080.35
3099.3
2915.35
2932.77966102
3097.15
2999.6
3165.2
2792.25
3045.8
3060.45762712
2989.5
2822.63157895
--END OF 7--
755.866666667
824.566666667
750.75
726.066666667
771.066666667
790.762711864
806.55
763.1
792.3
812.9
775.85
775.05
811.610169492
800.35
806.916666667
795.966666667
792.616666667
806.440677966
826.433333333
793.883333333
772.233333333
769.05
788.416666667
861.220338983
752.7
777.266666667
819.5
833.25
824.4
795.898305085
816.2
823.583333333
864.7
837.533333333
783.06779661
797.483333333
785.416666667
808.883333333
825.266666667
815.25
794.576271186
805.6
805.55
840.35
811.833333333
797.1
772.101694915
823.433333333
836.583333333
869.833333333
810.266666667
817.694915254
860.866666667
826.433333333
873.5
773.766666667
825.266666667
853.677966102
836.35
783.929824561
--END OF 8--
109.616666667
120.916666667
106.316666667
96.4833333333
97.3833333333
93.1016949153
118.75
113.75
109.75
105.7
113.2
100.75
101.152542373
116.183333333
99.8166666667
102.816666667
93.6166666667
101.881355932
110.95
98.0333333333
96.9666666667
92.8
116.466666667
114.694915254
93.8
111.133333333
89.65
106.7
102.8
118.559322034
104.416666667
100.3
112.666666667
111.633333333
95.2881355932
101.916666667
112.35
115.166666667
96.9
105.366666667
122.661016949
118.55
100.3
114.5
124.883333333
109.2
97.8644067797
100.333333333
105.15
118.5
95.65
106.13559322
110.6
105.083333333
103.216666667
84.2666666667
103.35
102.406779661
104.25
94.7719298246
--END OF 9--
2.03333333333
4.85
3.85
4.33333333333
1.53333333333
4.49152542373
5.7
5.3
4.2
5.8
6.9
5.35
1.32203389831
3.01666666667
2.51666666667
4.36666666667
2.65
3.23728813559
2.95
4.21666666667
6.36666666667
3.76666666667
3.45
2.25423728814
1.9
3.85
4.9
2.65
7.9
6.5593220339
4.56666666667
2.86666666667
2.58333333333
2.2
0.864406779661
4.18333333333
4.9
3.36666666667
1.98333333333
4.26666666667
3.8813559322
2.9
1.95
5.6
4.51666666667
6.0
3.33898305085
2.15
3.16666666667
4.81666666667
2.6
1.79661016949
4.18333333333
3.35
4.83333333333
3.05
4.33333333333
3.98305084746
2.2
3.50877192982
--END OF 10--
0.833333333333
0.75
0.216666666667
0.566666666667
0.433333333333
0.508474576271
2.05
1.35
1.25
1.5
1.4
1.25
0.237288135593
0.7
1.16666666667
1.6
0.65
0.593220338983
0.0
0.316666666667
1.8
1.11666666667
1.48333333333
0.966101694915
0.55
0.316666666667
1.3
1.2
1.45
0.64406779661
0.6
0.316666666667
0.0
0.883333333333
0.118644067797
0.383333333333
2.03333333333
0.383333333333
0.483333333333
1.73333333333
0.28813559322
0.45
0.25
2.0
1.06666666667
1.0
0.0847457627119
0.65
0.95
2.21666666667
0.6
0.0
0.266666666667
0.35
2.33333333333
1.05
2.5
0.915254237288
0.1
0.701754385965
--END OF 11--
0.5
0.0
0.0
0.0
0.0
0.457627118644
0.05
0.0
0.0
0.0
0.0
0.0
0.0
0.0
0.133333333333
0.866666666667
0.416666666667
0.322033898305
0.0
0.0
0.466666666667
0.0333333333333
0.0
0.271186440678
0.0
0.0
0.0
0.0
0.5
0.0
0.0
0.0
0.0
0.5
0.0
0.0
0.0
0.0
0.483333333333
0.733333333333
0.28813559322
0.0
0.0
0.5
0.0
0.5
0.0847457627119
0.416666666667
0.0
0.0
0.0
0.0
0.0
0.0
0.316666666667
0.183333333333
0.5
0.0
0.0
0.526315789474
--END OF 12--
