21.7666666667
21.8333333333
21.4
21.2711864407
21.2
21.5333333333
22.25
23.0166666667
23.3333333333
21.9661016949
22.5833333333
22.8166666667
20.9666666667
21.5666666667
22.2333333333
21.6440677966
21.8333333333
21.8166666667
20.35
21.4833333333
21.0166666667
21.3728813559
20.5833333333
22.0333333333
22.2166666667
21.0833333333
22.8813559322
21.9333333333
20.8833333333
21.2
20.4833333333
19.8666666667
21.2711864407
22.0666666667
19.5333333333
20.8333333333
21.5666666667
21.4833333333
21.3389830508
19.8833333333
22.05
20.3166666667
19.65
19.7457627119
20.75
20.15
19.8166666667
20.4666666667
20.8833333333
19.9152542373
20.6166666667
20.3333333333
19.3166666667
20.1833333333
20.0
20.186440678
20.4
20.2666666667
20.1166666667
22.9473684211
--END OF 1--
30.5333333333
30.1
31.55
29.9491525424
29.7666666667
30.4666666667
30.35
31.9333333333
33.0666666667
29.4576271186
30.5333333333
31.9666666667
28.2333333333
30.0166666667
30.7666666667
30.4915254237
30.9666666667
30.5166666667
29.1833333333
29.0166666667
29.2
28.593220339
29.0666666667
30.0333333333
31.15
29.35
31.0338983051
29.5333333333
27.8833333333
28.65
28.7833333333
28.4666666667
30.2711864407
29.4166666667
27.3833333333
29.5166666667
29.2166666667
28.0333333333
28.9491525424
26.5166666667
29.7166666667
27.7833333333
28.0666666667
27.3728813559
28.5833333333
27.75
29.1166666667
28.9333333333
29.1166666667
26.6271186441
28.1666666667
27.6666666667
28.1666666667
27.2666666667
26.9
28.0847457627
27.3333333333
26.9833333333
27.85
32.5087719298
--END OF 2--
31.0833333333
30.45
32.65
30.4576271186
30.2333333333
31.35
31.7333333333
33.3833333333
34.4
29.6440677966
31.8833333333
34.2166666667
30.45
31.1333333333
32.2
31.0338983051
31.6666666667
31.1333333333
30.7666666667
29.7666666667
29.75
29.2542372881
30.25
31.7
31.9833333333
29.9
32.5254237288
31.5333333333
29.4333333333
29.85
29.1333333333
28.9833333333
30.7796610169
29.8666666667
29.5666666667
30.8166666667
30.8333333333
29.0
30.6101694915
27.3166666667
30.7833333333
28.8833333333
29.1333333333
28.6610169492
29.3333333333
29.4166666667
30.4166666667
29.95
29.45
27.6779661017
29.45
28.2833333333
29.0833333333
28.35
27.5
28.9830508475
27.9166666667
28.0833333333
29.0833333333
33.3333333333
--END OF 3--
20.9166666667
20.7333333333
20.4333333333
20.4915254237
20.3333333333
20.5333333333
21.0833333333
21.7166666667
21.95
20.9661016949
21.4833333333
21.7666666667
19.9666666667
20.2666666667
20.9166666667
20.6440677966
20.8333333333
20.7
19.3666666667
20.4833333333
20.1166666667
20.4406779661
19.7166666667
20.7666666667
20.9
20.0666666667
21.593220339
20.8833333333
20.1833333333
20.5
19.9833333333
19.5666666667
20.2881355932
20.9166666667
19.1833333333
20.2166666667
20.6333333333
20.5333333333
20.406779661
19.7333333333
21.0833333333
19.8166666667
19.3
19.406779661
20.15
19.7
19.35
19.95
20.1833333333
19.5254237288
19.9166666667
19.9166666667
19.2166666667
19.8333333333
19.5666666667
19.9661016949
19.9333333333
19.5333333333
19.6166666667
21.5964912281
--END OF 4--
29.95
29.45
30.6666666667
29.593220339
29.4333333333
29.8166666667
29.9333333333
30.9666666667
31.65
29.1186440678
29.9333333333
30.8166666667
27.9833333333
29.35
29.8
29.6949152542
30.4
29.9666666667
28.8833333333
28.8833333333
28.9833333333
28.4915254237
28.8
29.5166666667
30.2
28.8666666667
30.3389830508
29.3833333333
27.8833333333
28.4
28.7833333333
28.4666666667
29.6949152542
29.1166666667
27.3833333333
29.4166666667
29.0666666667
27.9
28.9322033898
26.5166666667
29.4166666667
27.7666666667
27.85
27.3728813559
28.4166666667
27.7333333333
28.8333333333
28.8333333333
28.95
26.6271186441
28.1166666667
27.6666666667
28.1166666667
27.2666666667
26.9
28.0847457627
27.3333333333
26.9833333333
27.7
31.3684210526
--END OF 5--
31.0833333333
30.45
32.65
30.4576271186
30.2333333333
31.35
31.7333333333
33.3833333333
34.4
29.6440677966
31.8833333333
34.2166666667
30.45
31.1333333333
32.2
31.0338983051
31.6666666667
31.1333333333
30.7666666667
29.7666666667
29.75
29.2542372881
30.25
31.7
31.9833333333
29.9
32.5254237288
31.5333333333
29.4333333333
29.85
29.1333333333
28.9833333333
30.7796610169
29.8666666667
29.5666666667
30.8166666667
30.8333333333
29.0
30.6101694915
27.3166666667
30.7833333333
28.8833333333
29.1333333333
28.6610169492
29.3333333333
29.4166666667
30.4166666667
29.95
29.45
27.6779661017
29.45
28.2833333333
29.0833333333
28.35
27.5
28.9830508475
27.9166666667
28.0833333333
29.0833333333
33.3333333333
--END OF 6--
4076.75
3978.2
4020.45
4083.40677966
3977.15
4142.15
3997.55
4158.85
4337.2
4117.57627119
4248.15
4144.05
4029.75
4170.1
4310.6
4227.91525424
4073.15
4135.9
3912.55
4129.55
4083.25
4013.13559322
4014.8
4105.15
4147.25
4024.0
4154.28813559
4052.85
3926.55
3884.1
3824.4
3893.85
4064.08474576
4090.4
3930.8
3864.25
3972.35
3872.4
4008.45762712
3715.5
4089.7
3892.65
3806.35
3702.05084746
3835.15
3831.85
3819.9
3857.5
3931.85
3721.47457627
3839.9
3788.05
3711.7
3750.15
3723.85
3862.47457627
3768.55
3781.65
3728.05
4254.47368421
--END OF 7--
1123.66666667
1124.61666667
1125.35
1130.71186441
1117.01666667
1152.51666667
1125.16666667
1168.48333333
1224.03333333
1132.47457627
1159.2
1174.8
1130.31666667
1161.65
1203.53333333
1166.72881356
1129.28333333
1143.06666667
1089.43333333
1147.41666667
1125.81666667
1117.54237288
1098.38333333
1153.85
1175.41666667
1121.3
1159.57627119
1114.3
1072.15
1082.25
1066.0
1068.95
1129.89830508
1137.8
1078.2
1073.16666667
1096.21666667
1069.95
1096.33898305
1036.75
1124.78333333
1076.15
1063.66666667
1039.22033898
1074.11666667
1051.6
1064.61666667
1070.3
1081.15
1021.55932203
1063.03333333
1039.5
1034.75
1022.45
1024.0
1064.30508475
1048.53333333
1043.68333333
1051.78333333
1180.80701754
--END OF 8--
181.85
171.533333333
201.916666667
162.152542373
166.6
168.633333333
172.55
186.4
183.083333333
176.440677966
170.0
184.45
143.75
182.966666667
165.45
165.372881356
179.833333333
176.866666667
186.35
164.116666667
159.366666667
165.457627119
170.066666667
178.3
182.116666667
170.883333333
179.644067797
162.05
162.05
173.4
183.35
158.133333333
178.694915254
164.416666667
166.616666667
178.866666667
158.083333333
152.95
158.271186441
142.1
163.533333333
146.8
167.3
165.779661017
170.966666667
156.8
181.683333333
170.366666667
168.866666667
150.93220339
158.266666667
151.983333333
161.9
156.45
152.55
158.355932203
140.4
149.55
165.133333333
194.280701754
--END OF 9--
7.61666666667
4.28333333333
10.9
9.67796610169
6.78333333333
8.65
7.91666666667
8.73333333333
8.6
1.91525423729
7.05
9.55
8.98333333333
6.43333333333
9.11666666667
10.8474576271
7.7
8.8
11.25
5.46666666667
6.95
5.42372881356
7.18333333333
7.73333333333
8.41666666667
6.43333333333
6.40677966102
10.6
7.95
3.9
5.0
7.8
6.64406779661
4.58333333333
8.85
10.4
7.11666666667
7.65
8.05084745763
7.23333333333
8.05
6.6
8.16666666667
6.72881355932
6.01666666667
7.11666666667
11.0333333333
8.1
5.36666666667
5.05084745763
5.11666666667
6.4
11.1833333333
6.81666666667
6.81666666667
7.10169491525
7.3
5.96666666667
8.46666666667
6.64912280702
--END OF 10--
0.583333333333
0.433333333333
1.46666666667
0.0
0.5
1.38333333333
2.38333333333
1.76666666667
1.63333333333
0.237288135593
2.15
4.05
3.5
1.35
1.86666666667
0.491525423729
0.95
0.816666666667
2.03333333333
1.43333333333
0.533333333333
1.13559322034
1.86666666667
2.01666666667
1.15
0.533333333333
2.40677966102
2.45
2.5
1.85
0.15
0.566666666667
0.847457627119
0.616666666667
2.51666666667
1.5
1.86666666667
1.0
1.32203389831
1.21666666667
1.96666666667
1.93333333333
1.88333333333
1.93220338983
1.1
2.06666666667
1.31666666667
1.51666666667
0.5
1.5593220339
1.98333333333
1.41666666667
1.06666666667
1.21666666667
0.85
1.22033898305
0.733333333333
0.916666666667
2.08333333333
1.0350877193
--END OF 11--
0.0
0.0
0.0
0.0
0.166666666667
0.0
0.5
0.966666666667
0.3
0.237288135593
0.0
0.3
0.4
0.0333333333333
0.0
0.0
0.0
0.0
0.0
0.0
0.0
0.0
0.333333333333
0.0
0.0
0.0166666666667
0.491525423729
2.0
0.5
0.5
0.0
0.0
0.0
0.0
0.133333333333
0.366666666667
1.5
0.0
0.372881355932
0.0
0.0
0.0
0.216666666667
0.28813559322
0.0
0.5
0.0
0.2
0.2
0.0
0.383333333333
0.116666666667
0.0
0.433333333333
0.0666666666667
0.0
0.0
0.0
0.0
0.280701754386
--END OF 12--
