11.85
12.6333333333
11.4833333333
11.9333333333
10.4745762712
10.8666666667
10.7333333333
10.95
11.7
12.9333333333
11.5762711864
12.1166666667
11.75
10.15
10.05
10.3666666667
10.7796610169
12.4166666667
11.5166666667
10.9
10.8166666667
10.3559322034
11.1166666667
10.9666666667
10.45
10.05
11.3728813559
11.2833333333
10.7
11.7833333333
11.2
12.2166666667
11.1186440678
11.2333333333
11.05
10.7833333333
10.5333333333
10.0
9.9
10.7333333333
10.2166666667
12.5
13.0
12.4915254237
12.7666666667
12.05
10.4666666667
10.6666666667
11.4666666667
11.2372881356
11.4166666667
10.55
11.75
12.9
11.5593220339
11.0833333333
11.5666666667
11.5833333333
11.4
12.375
--END OF 1--
15.75
16.6
15.4166666667
16.4166666667
14.1355932203
15.0166666667
15.1333333333
15.15
15.3166666667
17.7333333333
16.9152542373
16.65
15.1666666667
13.4
13.3333333333
13.7
14.4406779661
15.9666666667
15.45
15.1666666667
14.5833333333
14.6949152542
14.8666666667
14.8666666667
14.8
13.8
15.8813559322
17.2166666667
14.9666666667
16.4333333333
15.55
16.95
14.7118644068
14.7166666667
13.6666666667
15.0
14.5166666667
13.5593220339
13.6
13.9333333333
14.0666666667
15.95
18.0
16.9152542373
16.15
16.1666666667
14.4666666667
14.8666666667
15.7333333333
14.0847457627
15.15
14.7166666667
15.0333333333
16.65
15.4406779661
16.25
15.0166666667
16.3333333333
15.85
15.4107142857
--END OF 2--
16.2833333333
16.95
16.1166666667
17.0833333333
14.3220338983
15.6666666667
15.5333333333
15.4
15.55
18.1833333333
16.9152542373
16.9333333333
16.1333333333
13.85
13.95
13.8833333333
14.593220339
15.9666666667
15.45
16.25
14.8333333333
15.0847457627
14.8666666667
15.2166666667
15.35
13.95
16.1186440678
17.6
15.75
16.4333333333
16.05
17.75
14.9830508475
15.3333333333
14.2
15.8
15.6166666667
13.5593220339
13.6
14.3833333333
14.4166666667
16.2
18.0
17.3728813559
16.2666666667
16.2166666667
14.8
16.0666666667
16.8666666667
15.0169491525
16.2333333333
15.6166666667
15.6333333333
17.0833333333
15.5423728814
17.0666666667
15.4166666667
16.4333333333
16.45
15.6428571429
--END OF 3--
11.85
12.6333333333
11.4833333333
11.9333333333
10.4745762712
10.8666666667
10.7333333333
10.95
11.7
12.9333333333
11.5762711864
12.1166666667
11.75
10.15
10.05
10.3666666667
10.7796610169
12.4166666667
11.5166666667
10.9
10.8166666667
10.3559322034
11.1166666667
10.9666666667
10.45
10.05
11.3728813559
11.2833333333
10.7
11.7833333333
11.2
12.2166666667
11.1186440678
11.2333333333
11.05
10.7833333333
10.5333333333
10.0
9.9
10.7333333333
10.2166666667
12.5
13.0
12.4915254237
12.7666666667
12.05
10.4666666667
10.6666666667
11.4666666667
11.2372881356
11.4166666667
10.55
11.75
12.9
11.5593220339
11.0833333333
11.5666666667
11.5833333333
11.4
12.375
--END OF 4--
15.75
16.6
15.4166666667
16.4166666667
14.1355932203
15.0166666667
15.1333333333
15.15
15.3166666667
17.7333333333
16.9152542373
16.65
15.1666666667
13.4
13.3333333333
13.7
14.4406779661
15.9666666667
15.45
15.1666666667
14.5833333333
14.6949152542
14.8666666667
14.8666666667
14.8
13.8
15.8813559322
17.2166666667
14.9666666667
16.4333333333
15.55
16.95
14.7118644068
14.7166666667
13.6666666667
15.0
14.5166666667
13.5593220339
13.6
13.9333333333
14.0666666667
15.95
18.0
16.9152542373
16.15
16.1666666667
14.4666666667
14.8666666667
15.7333333333
14.0847457627
15.15
14.7166666667
15.0333333333
16.65
15.4406779661
16.25
15.0166666667
16.3333333333
15.85
15.4107142857
--END OF 5--
16.2833333333
16.95
16.1166666667
17.0833333333
14.3220338983
15.6666666667
15.5333333333
15.4
15.55
18.1833333333
16.9152542373
16.9333333333
16.1333333333
13.85
13.95
13.8833333333
14.593220339
15.9666666667
15.45
16.25
14.8333333333
15.0847457627
14.8666666667
15.2166666667
15.35
13.95
16.1186440678
17.6
15.75
16.4333333333
16.05
17.75
14.9830508475
15.3333333333
14.2
15.8
15.6166666667
13.5593220339
13.6
14.3833333333
14.4166666667
16.2
18.0
17.3728813559
16.2666666667
16.2166666667
14.8
16.0666666667
16.8666666667
15.0169491525
16.2333333333
15.6166666667
15.6333333333
17.0833333333
15.5423728814
17.0666666667
15.4166666667
16.4333333333
16.45
15.6428571429
--END OF 6--
2157.45
2361.25
2218.0
2310.45
1987.11864407
2140.05
2073.6
2131.8
2168.55
2468.4
2170.47457627
2309.8
2194.2
1990.9
1986.5
1999.05
2115.40677966
2289.4
2226.55
2190.3
2121.1
2145.0
2206.5
2195.1
2084.25
2000.55
2189.49152542
2250.5
2061.6
2160.5
2173.75
2369.75
2232.91525424
2173.1
2130.2
2142.35
2181.2
2072.79661017
2060.25
2121.6
2129.4
2392.05
2467.8
2396.33898305
2379.1
2245.3
2089.4
2137.65
2184.35
2176.3220339
2186.65
2103.9
2278.55
2532.9
2248.16949153
2207.1
2243.85
2379.75
2231.4
2265.75
--END OF 7--
623.9
657.266666667
621.75
650.133333333
558.762711864
593.7
585.6
595.05
596.45
681.2
600.220338983
636.166666667
604.05
534.283333333
543.666666667
556.783333333
590.305084746
641.533333333
629.7
606.55
591.15
607.016949153
603.3
614.0
582.85
544.5
611.203389831
635.35
575.2
611.85
606.766666667
659.133333333
618.355932203
597.916666667
589.866666667
591.066666667
598.083333333
582.847457627
557.25
583.65
582.1
661.55
689.7
671.288135593
657.0
626.566666667
567.183333333
586.6
609.283333333
591.440677966
607.216666667
567.85
628.45
682.216666667
630.237288136
609.2
620.6
656.15
626.55
642.482142857
--END OF 8--
82.7166666667
92.4
89.0666666667
97.6
74.1355932203
86.9
77.3
88.4
85.4666666667
101.75
100.406779661
94.7
76.65
74.5833333333
71.1666666667
79.85
86.1525423729
81.9666666667
82.4
95.75
70.8
86.7288135593
80.05
82.0
90.65
73.2
89.1355932203
103.15
91.6666666667
90.3666666667
90.1
98.3166666667
76.5084745763
79.0666666667
71.0
94.3166666667
84.1166666667
77.1186440678
73.55
79.6
87.3
72.6
87.3
102.542372881
79.7666666667
91.55
79.35
88.4166666667
86.5166666667
83.7457627119
81.8833333333
81.3166666667
77.1333333333
97.9833333333
85.5254237288
97.05
83.5
99.05
94.2
75.0
--END OF 9--
3.93333333333
4.03333333333
5.18333333333
4.15
2.91525423729
3.6
3.95
1.7
3.41666666667
4.45
7.33898305085
3.71666666667
5.46666666667
3.06666666667
3.68333333333
2.15
1.30508474576
2.18333333333
1.08333333333
3.43333333333
4.73333333333
4.64406779661
1.7
4.05
3.85
3.2
3.94915254237
5.93333333333
4.9
5.18333333333
3.66666666667
4.73333333333
3.84745762712
3.16666666667
1.03333333333
5.03333333333
5.31666666667
2.28813559322
3.65
2.55
2.65
3.1
6.6
1.72881355932
2.01666666667
2.23333333333
2.46666666667
5.03333333333
5.75
1.86440677966
5.53333333333
7.0
3.58333333333
2.48333333333
4.06779661017
6.03333333333
2.9
1.95
4.2
0.625
--END OF 10--
0.433333333333
0.366666666667
0.633333333333
1.31666666667
0.694915254237
0.9
0.6
0.5
0.166666666667
0.5
0.0
0.383333333333
1.0
0.616666666667
0.566666666667
0.433333333333
0.0
0.0
0.0166666666667
1.75
0.6
0.542372881356
0.0
0.5
0.5
0.0
0.237288135593
0.733333333333
0.733333333333
0.0
0.716666666667
1.15
0.0677966101695
0.966666666667
1.03333333333
1.43333333333
1.56666666667
0.0
0.0
0.5
0.5
0.5
0.0
0.0
0.0
0.0
0.583333333333
1.15
1.73333333333
1.23728813559
0.933333333333
0.883333333333
0.333333333333
0.783333333333
0.542372881356
0.983333333333
0.5
0.0
1.0
0.607142857143
--END OF 11--
0.0
0.0
0.0
0.0
0.0
0.35
0.15
0.0
0.0
0.5
0.0
0.0
0.0
0.0
0.0
0.0
0.0
0.0
0.0
0.5
0.0
0.0
0.0
0.0
0.0
0.0
0.0
0.0
0.0
0.0
0.0
0.0
0.0
0.0
0.0
0.0
0.0
0.0
0.0
0.5
0.0
0.0
0.0
0.0
0.0
0.0
0.0833333333333
1.15
0.35
0.423728813559
0.0
0.0
0.0
0.0
0.0
0.0
0.0
0.0
0.0
0.0
--END OF 12--
