20.3833333333
20.0166666667
20.5666666667
19.4333333333
18.9166666667
18.5254237288
19.4166666667
18.95
19.7833333333
19.8333333333
19.2
19.3220338983
19.6666666667
19.35
20.1333333333
20.0166666667
19.3333333333
19.593220339
20.4166666667
19.7333333333
20.5333333333
20.0333333333
19.6833333333
20.0338983051
19.55
20.5833333333
19.8833333333
19.0666666667
19.3333333333
19.7966101695
21.0
19.05
19.65
19.7666666667
19.0508474576
18.4833333333
20.9833333333
19.9333333333
19.7166666667
19.2666666667
20.2033898305
20.5666666667
19.0
20.1166666667
19.8333333333
19.5833333333
19.5423728814
19.8
20.3
19.0
18.9166666667
19.2881355932
20.6
19.7666666667
20.15
18.8166666667
20.9
19.1694915254
19.0166666667
18.7894736842
--END OF 1--
26.9333333333
27.0666666667
27.8166666667
26.4166666667
26.2166666667
25.3898305085
26.7
27.75
27.6166666667
26.5166666667
27.55
26.2881355932
28.5833333333
26.65
27.7666666667
27.8666666667
27.2333333333
26.1355932203
27.4166666667
28.4666666667
28.1833333333
27.8
27.2833333333
27.9322033898
27.2
29.2333333333
26.2166666667
26.9833333333
25.5666666667
26.3050847458
29.0666666667
26.6
27.65
26.5666666667
26.0338983051
26.4666666667
28.35
27.8166666667
26.4833333333
27.1833333333
29.3220338983
27.6
26.5833333333
28.2833333333
27.1
27.8666666667
26.0677966102
27.2333333333
28.5666666667
27.25
27.1
28.7627118644
27.9833333333
27.5833333333
27.7833333333
26.7833333333
26.4
27.8983050847
28.05
26.7894736842
--END OF 2--
28.0333333333
27.8
28.4166666667
26.7666666667
26.5
26.6949152542
27.8333333333
28.0166666667
28.4666666667
27.9333333333
28.3833333333
26.8813559322
28.8833333333
28.4
29.2333333333
28.4
28.6833333333
27.8305084746
29.3333333333
29.2333333333
28.6833333333
28.3333333333
28.2
28.7627118644
27.5333333333
29.9833333333
26.45
27.75
25.85
27.2711864407
30.8333333333
27.6333333333
27.6833333333
27.6166666667
26.6949152542
27.0666666667
29.1166666667
29.4333333333
27.0666666667
27.5833333333
29.3898305085
28.1166666667
27.25
29.1
27.8
29.0
26.9322033898
28.15
29.3
28.2
29.0166666667
30.5762711864
28.3
28.4666666667
29.1833333333
27.85
28.5166666667
29.3389830508
29.2333333333
28.0350877193
--END OF 3--
19.9833333333
19.8166666667
19.9833333333
19.3166666667
18.9166666667
18.5254237288
19.2666666667
18.8333333333
19.5333333333
19.5333333333
19.2
19.3220338983
19.3333333333
19.35
19.7666666667
19.6166666667
19.1833333333
19.2881355932
19.7166666667
19.3333333333
19.8833333333
19.75
19.6166666667
19.5762711864
19.4833333333
19.75
19.8
19.0666666667
19.3333333333
19.3389830508
20.0666666667
19.05
19.2333333333
19.3166666667
19.0
18.4
20.1333333333
19.5666666667
19.35
19.2666666667
19.7457627119
19.9
19.0
19.7833333333
19.8333333333
19.5833333333
19.4406779661
19.4
19.7666666667
18.7
18.8333333333
19.2033898305
19.95
19.55
19.5
18.7666666667
20.15
19.0338983051
18.9666666667
18.7368421053
--END OF 4--
26.9333333333
27.0666666667
27.8166666667
26.4166666667
26.2166666667
25.3898305085
26.7
27.6166666667
27.6166666667
26.5166666667
27.55
26.2881355932
28.3166666667
26.65
27.6
27.8666666667
27.2333333333
26.1355932203
27.4166666667
28.2166666667
28.1833333333
27.8
27.1833333333
27.6271186441
27.2
29.1833333333
26.2166666667
26.9833333333
25.5666666667
26.3050847458
28.85
26.6
27.6166666667
26.5666666667
26.0338983051
26.4666666667
28.35
27.8166666667
26.4833333333
27.1833333333
29.1525423729
27.6
26.5833333333
28.2833333333
27.1
27.8666666667
26.0677966102
27.2333333333
28.5166666667
27.25
27.1
28.7118644068
27.85
27.3666666667
27.6333333333
26.7833333333
26.4
27.7457627119
28.05
26.7894736842
--END OF 5--
28.0333333333
27.8
28.4166666667
26.7666666667
26.5
26.6949152542
27.8333333333
28.0166666667
28.4666666667
27.9333333333
28.3833333333
26.8813559322
28.8833333333
28.4
29.2333333333
28.4
28.6833333333
27.8305084746
29.3333333333
29.2333333333
28.6833333333
28.3333333333
28.2
28.7627118644
27.5333333333
29.9833333333
26.45
27.75
25.85
27.2711864407
30.8333333333
27.6333333333
27.6833333333
27.6166666667
26.6949152542
27.0666666667
29.1166666667
29.4333333333
27.0666666667
27.5833333333
29.3898305085
28.1166666667
27.25
29.1
27.8
29.0
26.9322033898
28.15
29.3
28.2
29.0166666667
30.5762711864
28.3
28.4666666667
29.1833333333
27.85
28.5166666667
29.3389830508
29.2333333333
28.0350877193
--END OF 6--
3620.8
3680.7
3824.9
3587.45
3546.65
3470.33898305
3649.7
3517.85
3720.1
3606.25
3605.4
3669.3559322
3645.15
3581.85
3678.4
3591.0
3680.1
3658.52542373
3786.95
3695.35
3745.85
3712.35
3676.4
3590.13559322
3621.2
3855.2
3657.25
3649.35
3615.05
3794.84745763
3796.0
3706.7
3664.55
3711.3
3533.13559322
3446.25
3659.35
3679.05
3789.8
3562.5
3835.11864407
3767.75
3566.7
3645.95
3626.4
3696.35
3663.30508475
3682.6
3765.25
3626.55
3668.15
3653.74576271
3738.55
3638.15
3701.65
3688.85
3864.8
3718.01694915
3576.4
3493.15789474
--END OF 7--
1027.53333333
1033.86666667
1057.43333333
993.9
986.516666667
966.288135593
1025.68333333
992.483333333
1046.25
1021.01666667
1006.13333333
1011.3559322
1018.25
998.55
1043.91666667
1016.33333333
1021.1
1027.03389831
1056.83333333
1033.71666667
1075.35
1049.05
1010.06666667
1034.28813559
1025.31666667
1088.18333333
1026.7
1015.25
1003.53333333
1039.71186441
1078.66666667
1039.31666667
1032.2
1022.5
983.254237288
964.916666667
1048.7
1037.0
1044.6
1014.85
1072.13559322
1047.43333333
985.466666667
1033.73333333
1009.66666667
1029.78333333
1024.42372881
1035.71666667
1056.06666667
1031.95
1016.35
1021.13559322
1058.3
1014.01666667
1050.15
1004.36666667
1076.5
1039.96610169
997.55
979.298245614
--END OF 8--
149.433333333
161.45
156.833333333
134.5
148.25
144.881355932
150.166666667
161.883333333
155.15
159.866666667
161.216666667
157.423728814
161.633333333
159.75
166.7
167.066666667
159.8
160.288135593
161.6
165.116666667
162.166666667
158.183333333
154.45
161.050847458
150.516666667
188.866666667
144.65
152.333333333
129.666666667
137.694915254
176.15
160.866666667
166.6
151.4
138.898305085
168.3
165.883333333
165.116666667
152.433333333
153.983333333
163.796610169
153.45
164.0
183.75
165.7
170.016666667
148.610169492
160.3
179.833333333
161.2
168.566666667
188.949152542
160.783333333
166.233333333
176.416666667
178.483333333
141.666666667
165.186440678
179.55
162.473684211
--END OF 9--
6.8
4.81666666667
3.21666666667
8.45
5.21666666667
6.0
4.31666666667
7.83333333333
6.98333333333
5.98333333333
10.6333333333
3.64406779661
9.4
6.75
7.9
6.21666666667
9.85
6.57627118644
6.35
10.1666666667
3.51666666667
4.08333333333
7.35
7.33898305085
4.76666666667
5.63333333333
1.53333333333
6.65
5.9
4.30508474576
9.18333333333
4.11666666667
4.15
6.15
8.1186440678
6.5
7.43333333333
6.91666666667
2.86666666667
5.73333333333
7.77966101695
6.23333333333
4.31666666667
5.11666666667
4.26666666667
6.91666666667
4.77966101695
7.5
4.93333333333
7.05
11.3
10.2372881356
4.66666666667
6.63333333333
7.8
8.6
7.68333333333
10.5423728814
9.15
6.12280701754
--END OF 10--
1.86666666667
0.983333333333
0.75
0.5
0.0
1.08474576271
1.93333333333
0.616666666667
1.35
2.3
1.0
0.610169491525
0.4
2.5
2.46666666667
0.633333333333
1.85
2.0
2.78333333333
1.1
0.5
0.733333333333
1.18333333333
0.898305084746
0.216666666667
1.01666666667
0.333333333333
1.06666666667
0.433333333333
1.06779661017
1.95
1.66666666667
0.0
1.0
0.847457627119
0.666666666667
0.666666666667
2.16666666667
0.433333333333
0.0666666666667
0.0
0.783333333333
0.716666666667
1.01666666667
1.26666666667
1.81666666667
1.32203389831
1.25
0.833333333333
1.35
2.51666666667
2.32203389831
0.516666666667
1.03333333333
1.88333333333
1.78333333333
2.71666666667
2.01694915254
2.16666666667
2.0
--END OF 11--
0.0
0.0
0.0
0.0
0.0
0.0
0.5
0.0
0.0
0.0
0.5
0.0
0.0
0.6
0.166666666667
0.2
0.3
0.0
1.0
0.0
0.0
0.133333333333
0.45
0.423728813559
0.0
0.0
0.0
0.0
0.0
0.0
0.5
0.0
0.0
0.0
0.0
0.0
0.183333333333
1.61666666667
0.0
0.0
0.0
0.0
0.0
0.85
0.0833333333333
0.0
0.406779661017
0.1
0.0
0.55
0.45
0.864406779661
0.0166666666667
0.0
0.0
0.233333333333
0.766666666667
0.0
0.0
0.0
--END OF 12--
