35.3559322034
34.8333333333
32.4666666667
33.5
33.8
33.35
34.3389830508
32.55
31.95
32.8833333333
33.65
33.05
32.9322033898
32.2
32.1333333333
32.4166666667
32.8
30.2333333333
30.7118644068
30.6333333333
29.95
30.2666666667
31.2
30.2881355932
29.6833333333
30.45
30.05
29.15
28.1355932203
28.6333333333
29.4666666667
28.65
29.5423728814
28.7333333333
29.8833333333
28.3166666667
28.1333333333
29.4666666667
28.6949152542
28.2
28.9
27.3833333333
28.3666666667
27.4237288136
27.15
27.95
25.8333333333
25.2833333333
26.4406779661
27.3
25.7166666667
24.9666666667
26.2166666667
26.0666666667
24.406779661
25.4
26.7166666667
25.5
26.05
33.9423076923
--END OF 1--
45.0508474576
44.15
41.45
41.8333333333
43.75
42.5666666667
43.5762711864
41.35
41.8666666667
43.0833333333
42.45
41.6666666667
43.6949152542
41.7333333333
40.5
41.6833333333
41.0833333333
38.5333333333
38.4915254237
39.1333333333
38.8166666667
39.3333333333
40.1666666667
38.8474576271
37.8333333333
38.5
39.3
36.4666666667
35.5084745763
36.65
38.1833333333
36.0
36.8813559322
36.95
37.4833333333
37.1666666667
36.0833333333
37.3
36.5254237288
34.55
37.4333333333
34.4666666667
36.15
34.2033898305
35.2333333333
34.6333333333
33.2833333333
32.9833333333
33.1016949153
33.4833333333
33.5666666667
32.4333333333
33.15
32.75
31.2711864407
32.95
34.05
32.1
32.1
43.1923076923
--END OF 2--
46.6779661017
45.8166666667
42.05
42.9833333333
44.7166666667
44.3666666667
44.813559322
41.7
41.95
44.6833333333
43.85
42.65
45.0338983051
41.9833333333
40.9
42.1833333333
41.9333333333
39.6666666667
39.3728813559
39.9833333333
40.25
41.0666666667
41.5
39.9322033898
38.4333333333
38.85
41.05
37.4166666667
36.7288135593
38.0166666667
39.4166666667
36.45
37.0508474576
37.45
38.1333333333
37.6333333333
36.9166666667
38.2833333333
37.2881355932
36.3
38.9333333333
34.6666666667
37.2666666667
35.8813559322
35.95
35.3166666667
35.75
33.6833333333
34.1016949153
34.2666666667
34.55
33.4166666667
33.6333333333
34.1666666667
31.5593220339
34.05
34.7166666667
32.85
32.7
44.0
--END OF 3--
27.9322033898
27.7833333333
26.9666666667
27.2666666667
27.5
27.2
27.7457627119
27.1333333333
26.7666666667
27.3333333333
27.65
27.2833333333
27.0677966102
26.65
26.5
26.8833333333
27.1333333333
25.7833333333
25.9661016949
25.9
25.4166666667
25.6666666667
26.35
25.5593220339
25.1833333333
25.85
25.5166666667
24.95
24.1355932203
24.55
25.15
24.7166666667
25.4915254237
24.7833333333
25.6833333333
24.5333333333
24.3166666667
25.4666666667
24.8983050847
24.35
24.8
23.6166666667
24.5
23.9661016949
23.8333333333
24.1833333333
22.9166666667
22.4666666667
23.0
23.4
22.6833333333
22.3166666667
22.9833333333
22.9333333333
22.0677966102
22.5166666667
23.3
23.0
23.05
27.8846153846
--END OF 4--
38.6779661017
38.3166666667
36.5666666667
36.75
38.0333333333
37.4166666667
37.8305084746
36.6333333333
36.9333333333
37.7833333333
37.3
36.85
37.9661016949
36.7666666667
35.8166666667
36.65
36.15
34.7166666667
34.813559322
35.2
34.95
35.1333333333
35.9
34.8305084746
34.2333333333
34.95
35.2666666667
33.55
32.7627118644
33.3833333333
34.6666666667
33.2166666667
33.8644067797
34.05
34.3333333333
34.05
33.3666666667
34.2
33.7288135593
32.5
34.1333333333
32.0666666667
33.4333333333
32.3050847458
32.8333333333
32.5833333333
31.6166666667
31.2
31.3728813559
31.4166666667
31.7333333333
31.1333333333
31.3333333333
31.1833333333
30.2711864407
31.15
32.1
30.9
30.95
37.9615384615
--END OF 5--
45.7966101695
45.1833333333
41.8666666667
42.95
44.35
44.2166666667
44.406779661
41.6
41.95
44.2833333333
43.8
42.55
44.5423728814
41.9833333333
40.9
42.1833333333
41.9333333333
39.6666666667
39.3728813559
39.9833333333
40.25
41.0666666667
41.4166666667
39.9322033898
38.4333333333
38.85
41.05
37.4166666667
36.7288135593
38.0166666667
39.4166666667
36.45
37.0508474576
37.45
38.1333333333
37.6333333333
36.9166666667
38.2833333333
37.2881355932
36.3
38.9333333333
34.6666666667
37.2666666667
35.8813559322
35.95
35.3166666667
35.75
33.6833333333
34.1016949153
34.2666666667
34.55
33.4166666667
33.6333333333
34.1666666667
31.5593220339
34.05
34.7166666667
32.85
32.7
43.9230769231
--END OF 6--
6512.23728814
6460.05
6138.2
6247.15
6406.25
6361.35
6377.69491525
6019.85
6078.1
6343.95
6193.25
6155.55
6173.18644068
6085.55
6147.45
5942.25
6030.55
5784.85
5864.69491525
5699.85
5642.15
5742.1
5799.35
5731.77966102
5632.35
5636.55
5735.75
5457.0
5382.91525424
5427.8
5635.85
5373.0
5504.79661017
5349.25
5523.2
5380.3
5370.15
5514.4
5304.71186441
5232.9
5366.15
5237.6
5252.85
5223.76271186
5142.25
5131.8
5115.6
5039.6
5214.66101695
5180.0
4944.6
4762.3
5043.3
5020.95
4693.6779661
4947.05
5011.2
4913.4
4979.1
6210.86538462
--END OF 7--
1777.79661017
1772.0
1677.48333333
1709.11666667
1739.7
1739.9
1743.42372881
1662.95
1662.1
1709.5
1686.91666667
1664.41666667
1707.72881356
1643.95
1669.98333333
1631.68333333
1661.63333333
1559.91666667
1576.74576271
1571.2
1563.76666667
1592.3
1595.46666667
1576.23728814
1548.95
1545.45
1569.05
1499.2
1471.50847458
1474.3
1529.75
1467.46666667
1493.88135593
1466.66666667
1513.01666667
1474.28333333
1456.75
1510.66666667
1458.30508475
1431.5
1483.98333333
1436.66666667
1435.88333333
1401.15254237
1419.53333333
1412.58333333
1379.61666667
1367.85
1401.66101695
1419.35
1367.46666667
1320.9
1371.15
1369.05
1281.59322034
1356.4
1386.3
1331.3
1351.9
1720.76923077
--END OF 8--
231.06779661
193.933333333
203.45
192.9
221.883333333
207.883333333
212.610169492
188.45
199.05
214.85
209.333333333
198.466666667
214.423728814
208.25
192.333333333
207.416666667
196.716666667
195.116666667
180.016949153
180.933333333
191.883333333
207.85
201.883333333
186.728813559
178.15
179.95
192.216666667
167.8
166.305084746
176.4
171.1
163.466666667
158.338983051
176.75
163.833333333
179.533333333
165.433333333
163.983333333
173.06779661
147.4
182.6
151.916666667
167.116666667
155.355932203
177.45
155.233333333
156.033333333
159.75
151.728813559
168.116666667
162.833333333
162.583333333
161.3
163.516666667
145.101694915
164.016666667
154.983333333
155.6
145.5
207.365384615
--END OF 9--
9.06779661017
8.55
5.78333333333
7.23333333333
8.58333333333
10.2333333333
7.25423728814
6.46666666667
4.58333333333
13.05
7.63333333333
7.76666666667
11.5084745763
7.08333333333
4.63333333333
8.16666666667
6.66666666667
8.2
6.69491525424
6.48333333333
7.55
7.68333333333
7.13333333333
10.4406779661
6.1
6.65
9.15
5.85
6.25423728814
8.25
11.3833333333
5.4
6.91525423729
4.85
6.23333333333
5.11666666667
8.71666666667
9.28333333333
7.76271186441
6.45
8.55
5.0
8.18333333333
6.28813559322
3.55
6.35
8.48333333333
5.55
6.23728813559
4.68333333333
7.98333333333
6.71666666667
4.08333333333
5.88333333333
6.61016949153
5.05
5.71666666667
4.6
3.35
7.42307692308
--END OF 10--
2.10169491525
2.31666666667
1.25
1.78333333333
1.15
2.76666666667
1.83050847458
0.666666666667
0.0
0.5
0.933333333333
1.25
1.81355932203
0.566666666667
0.616666666667
0.7
1.35
1.83333333333
1.15254237288
1.2
1.75
2.96666666667
2.25
1.50847457627
1.0
0.65
2.11666666667
1.55
2.03389830508
1.13333333333
2.36666666667
0.583333333333
0.322033898305
0.5
0.666666666667
0.6
1.23333333333
1.08333333333
0.728813559322
2.65
2.05
0.3
1.58333333333
2.59322033898
0.666666666667
0.666666666667
3.51666666667
0.9
1.50847457627
0.716666666667
0.65
1.5
0.416666666667
1.51666666667
0.135593220339
1.3
0.466666666667
0.7
0.85
1.19230769231
--END OF 11--
0.677966101695
1.41666666667
0.0833333333333
0.0
0.233333333333
0.0
0.0
0.0
0.0
0.5
0.266666666667
0.0
0.169491525424
0.0
0.0
0.0
0.183333333333
0.0166666666667
0.64406779661
0.0
0.333333333333
0.0
0.2
0.0
0.3
0.2
0.216666666667
0.05
0.508474576271
0.5
0.0
0.233333333333
0.0
0.0
0.166666666667
0.333333333333
0.0666666666667
0.433333333333
0.0
0.75
0.183333333333
0.2
0.433333333333
0.508474576271
0.4
0.0666666666667
0.0
0.0
0.0
0.0
0.0
0.5
0.0
0.233333333333
0.0
0.433333333333
0.25
0.25
0.0
0.0
--END OF 12--
