15.8666666667
14.7333333333
14.7666666667
14.5333333333
15.0
14.6610169492
14.4666666667
13.95
14.6
13.35
13.35
13.8474576271
14.85
13.8333333333
15.0166666667
13.7166666667
13.55
14.4745762712
14.2166666667
13.8666666667
14.05
14.85
13.2333333333
13.9491525424
13.5666666667
14.1333333333
13.65
14.6333333333
14.2
13.8305084746
14.2833333333
13.45
14.0833333333
13.5333333333
15.2881355932
14.5833333333
13.4666666667
13.7833333333
14.4166666667
14.7833333333
14.6779661017
14.35
14.4833333333
14.1666666667
13.6166666667
14.0333333333
12.9152542373
13.95
12.6166666667
15.0
14.2833333333
14.3728813559
13.7
14.5833333333
14.9
15.4666666667
14.45
15.1525423729
13.85
14.6842105263
--END OF 1--
21.1333333333
18.9333333333
19.05
18.0166666667
18.5333333333
18.0677966102
17.6666666667
16.85
19.0166666667
16.7
16.85
17.2372881356
19.3166666667
17.4833333333
19.45
17.6666666667
17.2333333333
17.0677966102
17.7333333333
17.0666666667
16.65
17.4
17.15
18.2203389831
17.5666666667
17.5333333333
17.6
17.9333333333
17.8
18.593220339
17.95
17.7833333333
17.4
16.3
18.8474576271
18.3
17.2
17.0666666667
19.05
16.8666666667
17.9322033898
17.85
17.7333333333
18.7666666667
17.7666666667
17.8333333333
17.2203389831
17.2
15.3666666667
18.3166666667
17.8666666667
18.2711864407
16.4333333333
19.5833333333
18.3833333333
18.7333333333
17.9833333333
19.0677966102
17.6
17.7368421053
--END OF 2--
22.25
19.4666666667
19.4
18.0166666667
18.85
18.5084745763
17.9166666667
17.35
19.1333333333
17.05
17.2
17.8305084746
19.6166666667
17.7
19.6333333333
18.8333333333
18.55
17.0847457627
18.7
17.65
16.9166666667
18.2166666667
17.8
19.6779661017
18.2166666667
18.0333333333
18.0
18.2833333333
18.2
19.2711864407
19.0166666667
18.0333333333
17.9333333333
17.3166666667
19.3898305085
19.0833333333
17.8333333333
17.2166666667
19.5166666667
17.0166666667
19.186440678
18.4
18.3333333333
19.1666666667
18.3666666667
18.4833333333
18.2372881356
18.55
16.5333333333
18.4333333333
18.2
18.8474576271
17.35
20.0666666667
18.4333333333
18.7333333333
18.3833333333
19.0677966102
18.3
17.7368421053
--END OF 3--
15.8666666667
14.7333333333
14.7666666667
14.5333333333
15.0
14.6610169492
14.4666666667
13.95
14.6
13.35
13.35
13.8474576271
14.85
13.8333333333
15.0166666667
13.7166666667
13.55
14.4745762712
14.2166666667
13.8666666667
14.05
14.85
13.2333333333
13.9491525424
13.5666666667
14.1333333333
13.65
14.6333333333
14.2
13.8305084746
14.2833333333
13.45
14.0833333333
13.5333333333
15.2881355932
14.5833333333
13.4666666667
13.7833333333
14.4166666667
14.7833333333
14.6779661017
14.35
14.4833333333
14.1666666667
13.6166666667
14.0333333333
12.9152542373
13.95
12.6166666667
15.0
14.2833333333
14.3728813559
13.7
14.5833333333
14.9
15.4666666667
14.45
15.1525423729
13.85
14.6842105263
--END OF 4--
21.1333333333
18.9333333333
19.05
18.0166666667
18.5333333333
18.0677966102
17.6666666667
16.85
19.0166666667
16.7
16.85
17.2372881356
19.3166666667
17.4833333333
19.45
17.6666666667
17.2333333333
17.0677966102
17.7333333333
17.0666666667
16.65
17.4
17.15
18.2203389831
17.5666666667
17.5333333333
17.6
17.9333333333
17.8
18.593220339
17.95
17.7833333333
17.4
16.3
18.8474576271
18.3
17.2
17.0666666667
19.05
16.8666666667
17.9322033898
17.85
17.7333333333
18.7666666667
17.7666666667
17.8333333333
17.2203389831
17.2
15.3666666667
18.3166666667
17.8666666667
18.2711864407
16.4333333333
19.5833333333
18.3833333333
18.7333333333
17.9833333333
19.0677966102
17.6
17.7368421053
--END OF 5--
22.25
19.4666666667
19.4
18.0166666667
18.85
18.5084745763
17.9166666667
17.35
19.1333333333
17.05
17.2
17.8305084746
19.6166666667
17.7
19.6333333333
18.8333333333
18.55
17.0847457627
18.7
17.65
16.9166666667
18.2166666667
17.8
19.6779661017
18.2166666667
18.0333333333
18.0
18.2833333333
18.2
19.2711864407
19.0166666667
18.0333333333
17.9333333333
17.3166666667
19.3898305085
19.0833333333
17.8333333333
17.2166666667
19.5166666667
17.0166666667
19.186440678
18.4
18.3333333333
19.1666666667
18.3666666667
18.4833333333
18.2372881356
18.55
16.5333333333
18.4333333333
18.2
18.8474576271
17.35
20.0666666667
18.4333333333
18.7333333333
18.3833333333
19.0677966102
18.3
17.7368421053
--END OF 6--
2954.35
2800.7
2908.35
2784.85
2836.9
2726.59322034
2882.25
2637.0
2850.45
2730.75
2615.25
2696.6440678
2916.7
2648.5
2870.4
2654.9
2578.8
2634.96610169
2746.35
2680.45
2714.55
2767.55
2652.45
2839.93220339
2711.7
2801.85
2925.9
2824.35
2700.15
2779.62711864
2711.15
2683.0
2651.25
2625.85
2903.59322034
2753.45
2680.75
2576.25
2870.25
2639.7
2768.03389831
2767.35
2796.75
2823.6
2709.0
2828.55
2638.93220339
2640.8
2480.05
2897.35
2949.1
2898.76271186
2615.05
2809.45
2827.95
2936.15
2799.15
2899.62711864
2697.9
2865.68421053
--END OF 7--
835.083333333
774.25
785.95
785.3
782.833333333
757.474576271
747.05
739.0
789.5
721.95
714.8
732.355932203
791.5
729.966666667
788.916666667
726.316666667
711.716666667
730.542372881
750.0
735.7
749.183333333
751.583333333
727.65
770.457627119
746.75
759.45
776.3
779.15
747.25
744.627118644
760.933333333
731.616666667
733.25
726.15
783.355932203
757.033333333
727.4
725.066666667
772.683333333
742.633333333
764.288135593
757.5
755.55
770.6
733.05
759.4
719.542372881
719.283333333
675.316666667
772.583333333
792.5
785.06779661
712.983333333
764.033333333
776.55
801.45
749.533333333
783.389830508
727.95
781.807017544
--END OF 8--
98.25
83.5166666667
91.9
77.6333333333
82.7166666667
81.593220339
87.7
71.6
94.4166666667
75.75
79.65
82.6271186441
93.2333333333
85.6666666667
89.65
82.9
82.7166666667
75.3389830508
79.2333333333
75.7166666667
72.5333333333
77.35
84.5166666667
93.6440677966
87.75
91.25
86.5
97.85
72.75
93.4745762712
78.2166666667
85.2666666667
84.5666666667
67.7333333333
88.2033898305
90.75
81.5
73.05
92.5833333333
79.45
85.0338983051
91.0
79.8
87.9
83.2
85.2
94.9322033898
80.3333333333
73.0
86.8
77.0166666667
91.8813559322
75.1333333333
105.716666667
85.6833333333
70.0333333333
80.3166666667
85.5762711864
80.05
77.4912280702
--END OF 9--
7.68333333333
3.88333333333
4.11666666667
2.53333333333
2.28333333333
2.40677966102
2.25
4.2
3.53333333333
1.75
3.4
2.52542372881
3.21666666667
2.83333333333
4.7
4.81666666667
3.73333333333
1.45762711864
3.93333333333
2.3
0.75
2.65
5.35
5.50847457627
6.0
4.55
2.15
1.4
4.85
6.0
4.1
4.31666666667
2.33333333333
2.78333333333
4.18644067797
5.11666666667
2.85
2.08333333333
4.93333333333
1.7
3.50847457627
1.65
3.9
5.7
4.5
3.0
3.27118644068
6.35
2.98333333333
1.46666666667
2.21666666667
2.77966101695
3.95
6.31666666667
2.41666666667
3.95
3.7
3.13559322034
3.75
1.50877192982
--END OF 10--
1.46666666667
0.533333333333
0.5
0.0
0.316666666667
0.338983050847
0.35
0.0
0.166666666667
0.2
0.45
0.949152542373
0.416666666667
0.183333333333
0.633333333333
2.11666666667
1.68333333333
0.0169491525424
1.18333333333
0.816666666667
0.0
0.966666666667
1.03333333333
2.40677966102
0.8
0.2
0.45
0.35
0.5
0.661016949153
1.41666666667
0.5
0.933333333333
1.56666666667
0.949152542373
0.95
0.783333333333
0.333333333333
0.316666666667
0.183333333333
1.37288135593
0.65
0.8
0.7
0.55
0.95
1.42372881356
2.33333333333
2.05
0.116666666667
0.566666666667
0.949152542373
1.16666666667
0.333333333333
0.0
0.0
0.5
0.0
1.05
0.0
--END OF 11--
0.966666666667
0.533333333333
0.0
0.0
0.0
0.152542372881
0.35
0.0
0.0
0.0
0.0
0.0847457627119
0.416666666667
0.0
0.0
0.6
1.35
0.0169491525424
0.683333333333
0.816666666667
0.0
0.3
0.0
0.237288135593
0.3
0.2
0.0
0.0
0.3
0.28813559322
0.916666666667
0.0
0.0
0.0
0.0
0.0
0.0
0.0
0.0
0.0
0.508474576271
0.5
0.0
0.0
0.05
0.45
1.28813559322
0.133333333333
0.0
0.0
0.0
0.508474576271
0.166666666667
0.333333333333
0.0
0.0
0.0
0.0
0.35
0.0
--END OF 12--
