13.6666666667
14.0166666667
14.5833333333
14.0666666667
13.3333333333
13.2372881356
12.85
13.1
13.05
12.2
13.6666666667
12.75
11.8474576271
13.1166666667
12.4
13.1833333333
12.35
12.5084745763
13.75
12.3666666667
12.4666666667
12.7333333333
12.7
13.1016949153
12.2666666667
12.2333333333
12.6833333333
13.8333333333
13.5
13.3898305085
12.95
12.95
13.6666666667
13.2
12.45
12.1525423729
12.9
12.2166666667
12.5
13.1833333333
12.1186440678
12.05
11.9666666667
12.1
12.5833333333
11.9833333333
11.813559322
12.25
12.0
11.2833333333
11.5833333333
11.3559322034
12.3666666667
12.6166666667
12.2166666667
11.9
12.6333333333
12.1186440678
11.9333333333
12.5789473684
--END OF 1--
20.7166666667
21.4833333333
20.4
21.1
20.45
19.593220339
19.35
20.1
20.6
18.5
19.5666666667
18.8
15.9491525424
18.4
18.4
19.9
17.4833333333
17.5762711864
19.0833333333
17.65
16.95
19.7333333333
18.3166666667
19.3559322034
17.8833333333
17.5
19.1333333333
19.3333333333
20.4
19.1186440678
18.25
18.5166666667
19.6666666667
18.7833333333
17.0833333333
17.3050847458
17.45
17.35
17.0166666667
18.4166666667
16.9322033898
17.2
16.4666666667
16.4
17.7833333333
17.6333333333
16.9661016949
17.15
17.9833333333
16.1166666667
15.7666666667
16.1694915254
17.0333333333
17.4333333333
17.2
16.2333333333
17.3666666667
16.5593220339
16.5333333333
19.8421052632
--END OF 2--
22.45
22.6333333333
21.0833333333
23.0666666667
21.2666666667
21.7966101695
20.2
21.25
22.75
19.35
20.1166666667
21.05
16.4406779661
19.1166666667
19.1333333333
21.4166666667
18.2
19.1186440678
20.8
18.6166666667
18.2833333333
20.5333333333
20.1333333333
19.9152542373
19.15
18.1166666667
19.7833333333
19.7833333333
22.2
20.8813559322
19.0166666667
19.0666666667
20.3
19.3833333333
18.2833333333
17.4745762712
18.8666666667
17.7333333333
17.8666666667
18.7666666667
16.9830508475
17.4333333333
17.6166666667
16.65
17.9833333333
18.3333333333
17.3050847458
18.6833333333
18.3666666667
16.3666666667
17.0
17.1186440678
18.5166666667
18.3833333333
17.7
17.5333333333
17.9166666667
16.5593220339
16.9833333333
21.0175438596
--END OF 3--
13.6666666667
14.0166666667
14.5833333333
14.0666666667
13.3333333333
13.2372881356
12.85
13.1
13.05
12.2
13.6666666667
12.75
11.8474576271
13.1166666667
12.4
13.1833333333
12.35
12.5084745763
13.75
12.3666666667
12.4666666667
12.7333333333
12.7
13.1016949153
12.2666666667
12.2333333333
12.6833333333
13.8333333333
13.5
13.3898305085
12.95
12.95
13.6666666667
13.2
12.45
12.1525423729
12.9
12.2166666667
12.5
13.1833333333
12.1186440678
12.05
11.9666666667
12.1
12.5833333333
11.9833333333
11.813559322
12.25
12.0
11.2833333333
11.5833333333
11.3559322034
12.3666666667
12.6166666667
12.2166666667
11.9
12.6333333333
12.1186440678
11.9333333333
12.5789473684
--END OF 4--
20.7166666667
21.4833333333
20.4
21.1
20.45
19.593220339
19.35
20.1
20.6
18.5
19.5666666667
18.8
15.9491525424
18.4
18.4
19.9
17.4833333333
17.5762711864
19.0833333333
17.65
16.95
19.7333333333
18.3166666667
19.3559322034
17.8833333333
17.5
19.1333333333
19.3333333333
20.4
19.1186440678
18.25
18.5166666667
19.6666666667
18.7833333333
17.0833333333
17.3050847458
17.45
17.35
17.0166666667
18.4166666667
16.9322033898
17.2
16.4666666667
16.4
17.7833333333
17.6333333333
16.9661016949
17.15
17.9833333333
16.1166666667
15.7666666667
16.1694915254
17.0333333333
17.4333333333
17.2
16.2333333333
17.3666666667
16.5593220339
16.5333333333
19.8421052632
--END OF 5--
22.45
22.6333333333
21.0833333333
23.0666666667
21.2666666667
21.7966101695
20.2
21.25
22.75
19.35
20.1166666667
21.05
16.4406779661
19.1166666667
19.1333333333
21.4166666667
18.2
19.1186440678
20.8
18.6166666667
18.2833333333
20.5333333333
20.1333333333
19.9152542373
19.15
18.1166666667
19.7833333333
19.7833333333
22.2
20.8813559322
19.0166666667
19.0666666667
20.3
19.3833333333
18.2833333333
17.4745762712
18.8666666667
17.7333333333
17.8666666667
18.7666666667
16.9830508475
17.4333333333
17.6166666667
16.65
17.9833333333
18.3333333333
17.3050847458
18.6833333333
18.3666666667
16.3666666667
17.0
17.1186440678
18.5166666667
18.3833333333
17.7
17.5333333333
17.9166666667
16.5593220339
16.9833333333
21.0175438596
--END OF 6--
2668.95
2649.1
2753.7
2708.65
2588.1
2411.6440678
2539.5
2533.65
2566.95
2391.15
2619.6
2501.85
2261.13559322
2385.15
2427.1
2610.55
2390.35
2444.59322034
2535.1
2357.05
2294.25
2443.55
2534.45
2557.47457627
2449.2
2473.45
2490.6
2618.7
2546.85
2529.45762712
2471.45
2434.1
2548.4
2454.9
2370.25
2443.72881356
2500.45
2303.4
2319.65
2458.8
2329.06779661
2328.5
2343.75
2331.3
2385.6
2335.8
2260.47457627
2364.3
2374.1
2275.15
2267.75
2231.69491525
2384.2
2319.3
2314.75
2214.15
2359.75
2306.38983051
2411.1
2601.42105263
--END OF 7--
741.183333333
754.283333333
761.3
768.5
736.933333333
695.06779661
703.05
702.85
719.45
671.15
731.2
688.5
648.711864407
689.666666667
684.233333333
733.55
673.016666667
685.406779661
715.233333333
668.7
654.833333333
684.533333333
710.666666667
711.508474576
689.533333333
695.316666667
690.6
736.75
722.05
708.677966102
692.816666667
689.166666667
717.283333333
695.65
662.633333333
670.084745763
684.3
642.016666667
647.25
695.466666667
640.322033898
654.516666667
661.5
649.25
667.8
666.25
627.440677966
661.766666667
684.3
640.866666667
627.816666667
629.86440678
671.066666667
651.383333333
647.683333333
620.783333333
658.066666667
640.084745763
665.6
730.684210526
--END OF 8--
134.366666667
138.35
114.233333333
123.2
132.0
119.542372881
106.8
123.05
134.5
114.75
121.35
125.65
98.7966101695
120.75
117.083333333
129.116666667
103.883333333
103.474576271
117.966666667
114.5
103.733333333
118.616666667
118.266666667
124.576271186
94.3666666667
103.35
123.2
117.85
128.9
116.966101695
117.15
111.116666667
114.783333333
106.216666667
97.3166666667
88.1694915254
101.366666667
102.616666667
102.833333333
122.216666667
103.322033898
107.633333333
92.5
93.4
100.55
110.9
103.762711864
101.766666667
109.35
97.1666666667
95.0
103.220338983
93.5
105.766666667
93.9833333333
92.05
101.016666667
92.406779661
94.65
130.912280702
--END OF 9--
7.88333333333
9.76666666667
5.48333333333
10.3666666667
5.75
12.3050847458
9.0
8.95
11.15
8.9
8.55
10.2
3.47457627119
4.58333333333
8.26666666667
10.2166666667
3.51666666667
5.67796610169
4.5
4.95
4.71666666667
10.3333333333
6.11666666667
6.62711864407
9.86666666667
3.91666666667
8.25
4.55
10.5
9.61016949153
3.73333333333
2.55
7.16666666667
8.25
6.03333333333
5.22033898305
4.55
5.56666666667
4.38333333333
3.08333333333
3.86440677966
2.56666666667
3.3
3.75
4.95
2.6
5.64406779661
6.46666666667
4.11666666667
3.63333333333
4.06666666667
6.30508474576
6.56666666667
4.65
8.75
6.53333333333
4.23333333333
2.13559322034
4.15
9.35087719298
--END OF 10--
2.75
1.8
1.01666666667
2.61666666667
0.916666666667
1.94915254237
0.8
2.1
3.1
1.35
0.7
3.75
0.0847457627119
0.966666666667
0.916666666667
1.81666666667
1.36666666667
2.13559322034
2.65
1.7
2.15
1.56666666667
1.73333333333
0.71186440678
1.96666666667
0.5
0.0
0.85
2.25
2.50847457627
0.533333333333
0.283333333333
0.65
0.916666666667
2.1
0.0169491525424
2.18333333333
0.316666666667
0.5
0.5
0.0
0.4
1.7
0.3
0.2
1.15
0.847457627119
1.86666666667
0.416666666667
0.5
1.86666666667
1.52542372881
0.883333333333
1.26666666667
0.983333333333
1.66666666667
1.33333333333
0.0
0.5
1.59649122807
--END OF 11--
0.366666666667
0.25
0.383333333333
0.316666666667
0.916666666667
0.779661016949
0.15
0.4
0.45
0.0
0.2
0.8
0.0
0.0
0.0
0.0
0.0
0.0169491525424
0.483333333333
0.0
0.5
0.0
0.5
0.0
0.0
0.0
0.0
0.0
0.0
0.0
0.0
0.0
0.0
0.0
0.0
0.0
0.5
0.0
0.0
0.5
0.0
0.0
0.5
0.0
0.0
0.0
0.186440677966
0.316666666667
0.0
0.0
0.5
0.508474576271
0.466666666667
0.533333333333
0.0
0.5
0.0
0.0
0.0
0.0
--END OF 12--
