24.5833333333
24.8666666667
23.6
24.1166666667
25.4406779661
25.2666666667
24.4833333333
24.6
25.45
24.2166666667
25.1525423729
25.8833333333
25.0833333333
24.8333333333
24.55
25.7166666667
26.5254237288
24.0833333333
25.0
25.0333333333
25.8
24.593220339
24.95
25.5166666667
26.2666666667
24.9833333333
24.0333333333
25.8474576271
25.5833333333
25.3166666667
23.9
25.1166666667
24.65
25.7288135593
24.0833333333
26.2
26.0833333333
25.2166666667
26.0169491525
24.8833333333
25.7333333333
26.7166666667
24.75
23.6166666667
25.3559322034
24.6
24.3833333333
24.3833333333
25.5833333333
25.6
25.1525423729
24.45
25.7333333333
24.9666666667
25.0
25.3728813559
24.8333333333
25.4166666667
24.65
25.2807017544
--END OF 1--
35.65
35.0166666667
33.4
33.7833333333
34.2203389831
34.9166666667
34.1166666667
35.1333333333
35.5666666667
34.3166666667
35.6440677966
35.9333333333
34.6666666667
34.4333333333
34.0
37.35
37.0508474576
33.6666666667
35.45
37.2666666667
36.4666666667
35.6101694915
35.1333333333
35.4666666667
35.0
35.2833333333
33.1166666667
35.8305084746
37.0333333333
36.0333333333
33.8
35.8166666667
35.5
35.5084745763
35.0
38.7333333333
34.5166666667
36.75
36.4237288136
34.3
35.6333333333
36.7833333333
34.1333333333
34.05
35.5762711864
35.4833333333
34.2
35.1333333333
36.3833333333
35.55
36.8644067797
34.9666666667
35.85
34.8833333333
34.1166666667
34.4237288136
34.3
35.5833333333
33.9166666667
34.9649122807
--END OF 2--
36.9333333333
35.8
34.7666666667
34.3166666667
35.3389830508
35.7833333333
34.95
36.35
37.1666666667
35.6
37.2711864407
36.8
36.6166666667
34.8833333333
35.2
37.8833333333
37.4915254237
34.1333333333
35.9166666667
38.5166666667
37.2666666667
36.4576271186
36.4166666667
37.7
35.35
35.6833333333
34.5333333333
37.1694915254
37.2333333333
36.6166666667
34.8
36.8166666667
37.3833333333
37.5762711864
35.6166666667
39.55
35.15
37.8666666667
37.6949152542
35.7
36.5166666667
37.8666666667
34.7
35.4166666667
36.1186440678
36.5666666667
34.7
36.5833333333
37.3833333333
36.3
37.3050847458
35.8
36.7333333333
35.6166666667
34.9666666667
35.6440677966
35.4166666667
37.6
34.3833333333
35.8070175439
--END OF 3--
22.2
22.55
21.9333333333
22.3
22.9152542373
23.0
22.45
22.6
23.0333333333
22.2333333333
22.6779661017
23.1833333333
22.45
22.4833333333
22.65
23.1333333333
23.4576271186
22.2333333333
22.8166666667
22.8
23.1
22.5254237288
22.65
23.0
23.3
22.65
22.2333333333
23.0338983051
23.0833333333
22.9
22.25
22.6666666667
22.5666666667
23.1016949153
22.1666666667
23.3666666667
23.3
22.8
23.0169491525
22.45
23.1333333333
23.55
22.6166666667
21.85
22.813559322
22.3833333333
22.3833333333
22.2833333333
23.0333333333
22.85
22.6440677966
22.5166666667
23.1166666667
22.5333333333
22.4166666667
22.5423728814
22.4
22.9
22.5
22.4912280702
--END OF 4--
32.9166666667
32.9333333333
31.9333333333
32.1166666667
32.3728813559
32.6833333333
32.3333333333
32.8833333333
33.1166666667
32.3833333333
33.1186440678
33.4166666667
32.3
32.2833333333
32.25
34.2833333333
34.1186440678
32.0333333333
33.0166666667
34.2
33.7166666667
33.2711864407
32.75
32.95
32.8333333333
32.95
31.7333333333
33.3050847458
34.0333333333
33.4333333333
31.9
33.4166666667
33.05
33.0847457627
32.75
35.15
32.55
33.8666666667
33.4745762712
32.15
33.05
33.8666666667
32.0666666667
32.1
33.1355932203
33.1
32.3166666667
32.7833333333
33.5333333333
32.95
33.8983050847
32.7666666667
33.2333333333
32.4166666667
32.0166666667
32.3050847458
32.0833333333
32.8833333333
32.0666666667
32.2807017544
--END OF 5--
36.9333333333
35.8
34.7666666667
34.3166666667
35.3389830508
35.7833333333
34.95
36.35
37.1666666667
35.6
37.2711864407
36.8
36.6166666667
34.8833333333
35.2
37.8833333333
37.4915254237
34.1333333333
35.9166666667
38.5166666667
37.2666666667
36.4576271186
36.4166666667
37.7
35.35
35.6833333333
34.5333333333
37.1694915254
37.2333333333
36.6166666667
34.8
36.8166666667
37.3833333333
37.5762711864
35.6166666667
39.55
35.15
37.8666666667
37.6949152542
35.7
36.5166666667
37.8666666667
34.7
35.4166666667
36.1186440678
36.5666666667
34.7
36.5833333333
37.3833333333
36.3
37.3050847458
35.8
36.7333333333
35.6166666667
34.9666666667
35.6440677966
35.4166666667
37.6
34.3833333333
35.8070175439
--END OF 6--
4638.65
4499.75
4404.05
4437.25
4581.76271186
4568.55
4545.5
4659.45
4577.65
4542.6
4684.3220339
4695.4
4587.85
4556.4
4559.4
4621.0
4723.98305085
4491.2
4511.85
4703.05
4702.25
4671.86440678
4565.0
4585.3
4850.1
4528.2
4348.8
4625.33898305
4764.0
4682.8
4435.5
4614.0
4673.85
4559.69491525
4428.2
4747.15
4610.35
4598.8
4697.89830508
4624.0
4710.35
4882.45
4582.95
4592.75
4612.93220339
4518.85
4503.9
4570.65
4679.7
4621.95
4695.20338983
4613.05
4771.7
4614.35
4517.75
4670.94915254
4533.7
4612.1
4415.35
4579.0
--END OF 7--
1300.15
1260.2
1225.46666667
1217.11666667
1278.06779661
1291.75
1254.46666667
1282.38333333
1284.53333333
1267.15
1301.72881356
1307.51666667
1283.58333333
1271.4
1261.85
1322.13333333
1327.22033898
1248.7
1267.6
1299.61666667
1314.03333333
1292.76271186
1277.28333333
1296.73333333
1336.03333333
1274.8
1216.98333333
1306.86440678
1328.4
1297.55
1229.75
1285.3
1288.0
1313.47457627
1251.73333333
1342.81666667
1303.61666667
1299.13333333
1336.13559322
1288.28333333
1322.03333333
1370.21666667
1280.21666667
1266.28333333
1292.6779661
1278.45
1259.5
1263.15
1313.85
1316.95
1323.42372881
1270.16666667
1325.83333333
1288.68333333
1283.01666667
1298.30508475
1288.6
1305.88333333
1253.23333333
1300.66666667
--END OF 8--
222.883333333
209.133333333
212.05
197.816666667
205.711864407
214.05
198.616666667
222.25
211.233333333
203.683333333
216.508474576
209.95
206.566666667
205.9
195.65
222.033333333
231.305084746
204.3
211.0
230.783333333
221.366666667
212.627118644
209.9
207.766666667
194.233333333
216.55
202.25
220.305084746
242.5
215.116666667
213.3
216.4
217.866666667
197.694915254
203.266666667
237.7
203.15
225.533333333
214.627118644
197.333333333
209.816666667
226.716666667
211.383333333
206.0
200.847457627
228.233333333
198.433333333
214.15
202.5
198.95
223.762711864
207.75
201.616666667
217.433333333
210.566666667
193.677966102
204.466666667
203.216666667
181.583333333
216.842105263
--END OF 9--
9.13333333333
7.55
6.73333333333
9.51666666667
6.86440677966
5.81666666667
7.38333333333
7.03333333333
9.26666666667
7.81666666667
8.25423728814
6.93333333333
9.83333333333
8.8
8.45
10.15
9.23728813559
5.15
7.86666666667
12.3
8.91666666667
7.08474576271
9.13333333333
10.3666666667
3.78333333333
6.28333333333
7.91666666667
9.84745762712
5.6
6.73333333333
7.85
8.7
9.43333333333
10.4576271186
8.25
10.1666666667
4.96666666667
10.7
10.593220339
8.98333333333
6.55
6.78333333333
4.01666666667
7.08333333333
8.25423728814
9.26666666667
4.8
12.3
11.0
7.5
6.71186440678
8.13333333333
8.98333333333
7.21666666667
9.36666666667
8.84745762712
7.65
9.81666666667
9.15
6.52631578947
--END OF 10--
1.75
1.01666666667
2.56666666667
0.966666666667
2.06779661017
1.13333333333
1.55
1.56666666667
2.06666666667
2.05
2.33898305085
1.18333333333
3.5
0.95
2.0
0.7
0.932203389831
0.583333333333
0.85
2.36666666667
0.866666666667
1.08474576271
1.7
2.21666666667
0.133333333333
0.316666666667
1.75
2.37288135593
0.15
0.683333333333
1.35
1.75
2.68333333333
3.83050847458
1.36666666667
1.23333333333
0.816666666667
0.916666666667
0.593220338983
1.73333333333
0.666666666667
1.35
0.8
1.9
0.949152542373
1.76666666667
0.633333333333
1.35
0.7
1.3
0.796610169492
1.35
1.05
0.983333333333
0.7
1.42372881356
1.71666666667
2.95
0.633333333333
1.05263157895
--END OF 11--
0.0
0.0
0.0
0.0
0.0
0.216666666667
0.283333333333
0.5
0.0
0.0
0.745762711864
0.266666666667
0.233333333333
0.0
0.5
0.0
0.0
0.0
0.35
0.216666666667
0.0
0.508474576271
0.583333333333
0.483333333333
0.0
0.0
0.0
0.0
0.0
0.0
0.0
0.0
0.0
0.0
0.0
0.0
0.0
0.0
0.508474576271
0.2
0.666666666667
0.333333333333
0.316666666667
0.116666666667
0.0
0.716666666667
0.416666666667
0.4
0.0
0.0
0.0
0.233333333333
0.433333333333
0.0
0.383333333333
0.118644067797
0.0
0.0
0.0
0.0
--END OF 12--
