11.3833333333
12.8
12.1333333333
11.75
14.4
12.1355932203
12.9833333333
13.3
13.8833333333
12.4166666667
12.8333333333
12.0677966102
11.8833333333
12.65
11.9666666667
11.4333333333
11.5833333333
11.4915254237
13.6
12.9333333333
11.95
11.95
11.6949152542
12.9333333333
13.3166666667
12.1333333333
12.3333333333
11.9833333333
12.6271186441
11.2166666667
11.5
11.2166666667
11.95
11.8305084746
10.9333333333
10.8666666667
12.5833333333
12.75
13.1333333333
12.3220338983
13.6833333333
13.1
11.5833333333
12.5166666667
11.1694915254
13.35
12.5333333333
10.9333333333
11.0833333333
12.7666666667
11.6440677966
11.65
11.8
11.3
12.25
11.3833333333
11.0169491525
11.85
11.7333333333
12.9298245614
--END OF 1--
15.8333333333
17.6
17.5
17.55
20.05
18.1355932203
17.7
18.0833333333
19.1333333333
17.4833333333
17.2
16.3389830508
15.5666666667
18.1666666667
16.9666666667
16.1833333333
15.4833333333
17.813559322
18.5
17.6833333333
17.15
16.3
16.6949152542
17.9833333333
18.8333333333
16.45
16.5833333333
16.15
16.1355932203
16.0833333333
15.2666666667
17.25
16.2
16.2711864407
15.8833333333
15.2666666667
17.8
17.95
17.4333333333
17.3050847458
18.7833333333
18.2166666667
17.2666666667
17.3166666667
16.3050847458
18.3333333333
17.95
16.85
15.75
17.0833333333
17.3898305085
16.05
15.85
15.85
16.45
15.3833333333
15.8813559322
16.4
16.1333333333
18.6666666667
--END OF 2--
16.7666666667
18.9
18.8833333333
18.15
20.5
18.2203389831
18.3666666667
18.65
19.7666666667
17.65
17.8333333333
17.7966101695
15.8666666667
18.65
18.1833333333
16.5333333333
16.1833333333
18.7627118644
18.55
18.1833333333
18.15
17.05
17.6101694915
18.4166666667
19.3666666667
16.9
17.2166666667
16.35
16.5084745763
16.75
16.0
17.4166666667
16.5
16.813559322
16.5833333333
15.9666666667
17.95
18.3
17.9333333333
18.5254237288
19.2333333333
18.5666666667
18.1
18.45
17.1525423729
18.7833333333
18.9833333333
18.2166666667
17.05
17.4666666667
17.7457627119
16.45
16.9
16.4
16.8
17.3333333333
16.5254237288
17.0
17.6833333333
18.6666666667
--END OF 3--
11.3833333333
12.8
12.1333333333
11.75
14.4
12.1355932203
12.9833333333
13.3
13.8833333333
12.4166666667
12.8333333333
12.0677966102
11.8833333333
12.65
11.9666666667
11.4333333333
11.5833333333
11.4915254237
13.6
12.9333333333
11.95
11.95
11.6949152542
12.9333333333
13.3166666667
12.1333333333
12.3333333333
11.9833333333
12.6271186441
11.2166666667
11.5
11.2166666667
11.95
11.8305084746
10.9333333333
10.8666666667
12.5833333333
12.75
13.1333333333
12.3220338983
13.6833333333
13.1
11.5833333333
12.5166666667
11.1694915254
13.35
12.5333333333
10.9333333333
11.0833333333
12.7666666667
11.6440677966
11.65
11.8
11.3
12.25
11.3833333333
11.0169491525
11.85
11.7333333333
12.9298245614
--END OF 4--
15.8333333333
17.6
17.5
17.55
20.05
18.1355932203
17.7
18.0833333333
19.1333333333
17.4833333333
17.2
16.3389830508
15.5666666667
18.1666666667
16.9666666667
16.1833333333
15.4833333333
17.813559322
18.5
17.6833333333
17.15
16.3
16.6949152542
17.9833333333
18.8333333333
16.45
16.5833333333
16.15
16.1355932203
16.0833333333
15.2666666667
17.25
16.2
16.2711864407
15.8833333333
15.2666666667
17.8
17.95
17.4333333333
17.3050847458
18.7833333333
18.2166666667
17.2666666667
17.3166666667
16.3050847458
18.3333333333
17.95
16.85
15.75
17.0833333333
17.3898305085
16.05
15.85
15.85
16.45
15.3833333333
15.8813559322
16.4
16.1333333333
18.6666666667
--END OF 5--
16.7666666667
18.9
18.8833333333
18.15
20.5
18.2203389831
18.3666666667
18.65
19.7666666667
17.65
17.8333333333
17.7966101695
15.8666666667
18.65
18.1833333333
16.5333333333
16.1833333333
18.7627118644
18.55
18.1833333333
18.15
17.05
17.6101694915
18.4166666667
19.3666666667
16.9
17.2166666667
16.35
16.5084745763
16.75
16.0
17.4166666667
16.5
16.813559322
16.5833333333
15.9666666667
17.95
18.3
17.9333333333
18.5254237288
19.2333333333
18.5666666667
18.1
18.45
17.1525423729
18.7833333333
18.9833333333
18.2166666667
17.05
17.4666666667
17.7457627119
16.45
16.9
16.4
16.8
17.3333333333
16.5254237288
17.0
17.6833333333
18.6666666667
--END OF 6--
2262.65
2484.6
2370.75
2343.3
2622.3
2384.18644068
2390.75
2465.75
2660.2
2356.75
2394.65
2440.27118644
2278.05
2420.1
2310.9
2321.6
2293.6
2321.28813559
2529.3
2418.45
2374.65
2307.15
2251.42372881
2501.6
2479.55
2375.4
2388.65
2310.3
2405.69491525
2234.35
2291.4
2299.1
2271.9
2424.0
2234.4
2215.2
2457.5
2454.3
2435.1
2359.37288136
2563.5
2502.25
2323.5
2345.1
2279.08474576
2526.8
2445.9
2175.2
2239.05
2396.3
2242.72881356
2163.45
2119.5
2154.3
2334.6
2141.85
2163.86440678
2209.9
2259.9
2442.0
--END OF 7--
626.9
686.8
658.816666667
634.75
750.25
663.084745763
674.066666667
695.166666667
732.9
659.316666667
670.883333333
661.406779661
634.25
684.7
642.433333333
644.483333333
645.833333333
658.93220339
712.4
674.25
654.6
647.4
630.796610169
688.983333333
703.783333333
663.533333333
649.35
630.533333333
661.644067797
615.45
620.0
634.166666667
634.116666667
668.355932203
609.25
606.6
680.866666667
668.15
682.35
657.254237288
724.0
680.116666667
648.266666667
661.8
620.203389831
701.483333333
684.1
604.283333333
619.883333333
670.15
625.271186441
610.6
595.75
602.5
644.55
611.85
596.627118644
623.7
626.633333333
701.157894737
--END OF 8--
95.3166666667
100.05
103.766666667
107.35
119.8
114.711864407
94.9666666667
103.933333333
121.05
108.233333333
102.416666667
95.6271186441
80.0333333333
117.016666667
102.716666667
89.6
83.05
115.694915254
114.85
99.3
108.6
92.2
106.101694915
105.983333333
114.35
92.8333333333
100.366666667
98.3333333333
95.6101694915
100.816666667
86.95
108.1
82.0833333333
90.7118644068
106.75
95.4
99.9833333333
108.2
103.9
116.559322034
106.366666667
118.466666667
117.7
98.7333333333
101.389830508
112.833333333
99.8833333333
107.566666667
96.2333333333
105.883333333
113.983050847
95.4
94.0
92.7
99.45
102.85
96.7796610169
95.9666666667
99.6
118.263157895
--END OF 9--
2.61666666667
5.35
5.41666666667
5.05
4.0
4.52542372881
5.65
2.45
3.73333333333
3.41666666667
2.65
4.13559322034
4.28333333333
4.05
4.45
3.81666666667
3.38333333333
6.76271186441
2.65
3.35
4.5
4.0
3.54237288136
5.43333333333
6.31666666667
3.16666666667
2.9
3.43333333333
1.74576271186
5.23333333333
3.01666666667
5.06666666667
3.15
3.23728813559
3.45
1.75
3.63333333333
4.85
3.35
4.83050847458
5.18333333333
5.0
3.23333333333
4.13333333333
4.72881355932
3.28333333333
6.18333333333
7.88333333333
4.13333333333
3.23333333333
6.98305084746
4.85
6.35
4.65
4.1
5.85
6.13559322034
5.88333333333
5.48333333333
4.52631578947
--END OF 10--
0.883333333333
1.8
2.38333333333
1.1
0.9
0.186440677966
0.816666666667
1.05
0.916666666667
0.45
1.15
2.61016949153
0.1
0.5
0.816666666667
0.8
0.9
1.35593220339
0.15
0.85
1.65
0.9
1.1186440678
0.0
0.383333333333
0.616666666667
0.433333333333
0.15
0.423728813559
1.06666666667
0.933333333333
0.5
0.55
0.796610169492
1.25
1.15
0.0
0.6
0.6
1.32203389831
0.583333333333
0.416666666667
1.0
1.7
1.15254237288
0.616666666667
1.21666666667
1.81666666667
1.96666666667
0.783333333333
0.542372881356
0.4
1.85
0.6
0.55
2.65
1.30508474576
0.566666666667
1.98333333333
0.0
--END OF 11--
0.45
0.55
0.333333333333
0.0
0.0
0.0
0.5
0.133333333333
0.366666666667
0.0
0.0
0.508474576271
0.0
0.0
0.0
0.0
0.0166666666667
0.491525423729
0.0
0.0
0.0
0.0
1.01694915254
0.0
0.0
0.0
0.433333333333
0.15
0.423728813559
0.0
0.5
0.0
0.0
0.254237288136
0.25
0.0
0.0
0.0
0.0
0.0
0.0
0.0
0.0333333333333
0.466666666667
0.0
0.0
0.5
0.0
0.0
0.0
0.0
0.0
0.85
0.15
0.0
1.0
0.0
0.0
0.5
0.0
--END OF 12--
