14.593220339
14.5333333333
14.0666666667
13.8666666667
13.4166666667
13.8833333333
14.0508474576
14.5
14.8166666667
15.0166666667
13.7333333333
13.9166666667
13.2033898305
14.3833333333
13.5333333333
13.5833333333
14.05
13.8166666667
14.406779661
13.8666666667
13.6
14.2333333333
14.4
14.0677966102
15.7333333333
15.0333333333
14.6333333333
13.9333333333
14.5666666667
15.4745762712
15.3
13.0666666667
14.0333333333
13.5666666667
14.0169491525
15.05
15.2666666667
14.9666666667
14.8166666667
14.8833333333
13.7796610169
14.1666666667
13.95
14.95
14.4
14.2333333333
14.5593220339
13.75
14.2833333333
12.4333333333
13.6666666667
14.0338983051
14.2333333333
15.75
14.6833333333
14.0833333333
13.3728813559
13.4833333333
14.3
15.2280701754
--END OF 1--
20.7457627119
20.1166666667
20.2
18.9833333333
18.5166666667
19.4666666667
20.6610169492
19.4833333333
20.1333333333
20.2666666667
19.9166666667
20.3166666667
18.6271186441
19.8833333333
19.2333333333
20.4333333333
20.55
19.5666666667
19.8474576271
19.9166666667
19.05
20.35
20.25
19.5423728814
19.6166666667
19.85
19.95
19.3666666667
20.8833333333
20.3050847458
21.0
20.9166666667
20.8333333333
20.0666666667
20.0677966102
20.85
21.45
20.95
20.5
21.9833333333
19.9322033898
20.8
20.6833333333
21.1833333333
21.6
19.25
20.6271186441
19.5
19.8833333333
18.1833333333
19.4166666667
19.4745762712
20.4666666667
20.4833333333
20.3333333333
19.9833333333
18.6610169492
18.4666666667
19.6
19.6315789474
--END OF 2--
21.1016949153
20.45
21.5166666667
19.75
20.3333333333
20.6666666667
21.9152542373
20.0833333333
20.6
20.9166666667
20.7666666667
21.6333333333
18.9830508475
21.4833333333
20.7333333333
21.9833333333
21.3
20.1666666667
19.8474576271
20.1166666667
19.45
21.7333333333
21.0333333333
20.8474576271
20.1833333333
20.6833333333
21.1
20.6
22.85
21.9152542373
21.45
21.7666666667
21.3833333333
21.1166666667
21.3220338983
21.4
23.1333333333
21.0666666667
21.1
23.55
20.1016949153
22.3833333333
21.3833333333
21.85
22.1833333333
19.5
20.7796610169
20.0
20.4333333333
18.3833333333
20.2166666667
20.5084745763
21.8333333333
21.1833333333
20.6
20.1833333333
19.5084745763
18.8833333333
20.4833333333
20.6842105263
--END OF 3--
14.593220339
14.5333333333
14.0666666667
13.8666666667
13.4166666667
13.8833333333
14.0508474576
14.5
14.8166666667
15.0166666667
13.7333333333
13.9166666667
13.2033898305
14.3833333333
13.5333333333
13.5833333333
14.05
13.8166666667
14.406779661
13.8666666667
13.6
14.2333333333
14.4
14.0677966102
15.7333333333
15.0333333333
14.6333333333
13.9333333333
14.5666666667
15.4745762712
15.3
13.0666666667
14.0333333333
13.5666666667
14.0169491525
15.05
15.2666666667
14.9666666667
14.8166666667
14.8833333333
13.7796610169
14.1666666667
13.95
14.95
14.4
14.2333333333
14.5593220339
13.75
14.2833333333
12.4333333333
13.6666666667
14.0338983051
14.2333333333
15.75
14.6833333333
14.0833333333
13.3728813559
13.4833333333
14.3
15.2280701754
--END OF 4--
20.7457627119
20.1166666667
20.2
18.9833333333
18.5166666667
19.4666666667
20.6610169492
19.4833333333
20.1333333333
20.2666666667
19.9166666667
20.3166666667
18.6271186441
19.8833333333
19.2333333333
20.4333333333
20.55
19.5666666667
19.8474576271
19.9166666667
19.05
20.35
20.25
19.5423728814
19.6166666667
19.85
19.95
19.3666666667
20.8833333333
20.3050847458
21.0
20.9166666667
20.8333333333
20.0666666667
20.0677966102
20.85
21.45
20.95
20.5
21.9833333333
19.9322033898
20.8
20.6833333333
21.1833333333
21.6
19.25
20.6271186441
19.5
19.8833333333
18.1833333333
19.4166666667
19.4745762712
20.4666666667
20.4833333333
20.3333333333
19.9833333333
18.6610169492
18.4666666667
19.6
19.6315789474
--END OF 5--
21.1016949153
20.45
21.5166666667
19.75
20.3333333333
20.6666666667
21.9152542373
20.0833333333
20.6
20.9166666667
20.7666666667
21.6333333333
18.9830508475
21.4833333333
20.7333333333
21.9833333333
21.3
20.1666666667
19.8474576271
20.1166666667
19.45
21.7333333333
21.0333333333
20.8474576271
20.1833333333
20.6833333333
21.1
20.6
22.85
21.9152542373
21.45
21.7666666667
21.3833333333
21.1166666667
21.3220338983
21.4
23.1333333333
21.0666666667
21.1
23.55
20.1016949153
22.3833333333
21.3833333333
21.85
22.1833333333
19.5
20.7796610169
20.0
20.4333333333
18.3833333333
20.2166666667
20.5084745763
21.8333333333
21.1833333333
20.6
20.1833333333
19.5084745763
18.8833333333
20.4833333333
20.6842105263
--END OF 6--
2795.18644068
2739.85
2686.6
2676.1
2595.8
2729.15
2723.84745763
2705.3
2770.9
2694.2
2677.3
2682.3
2540.69491525
2767.5
2633.1
2634.9
2701.65
2690.4
2698.11864407
2590.1
2691.8
2775.2
2781.5
2671.37288136
2905.8
2777.15
2676.65
2644.8
2807.95
2800.42372881
2808.6
2664.3
2743.05
2705.1
2754.45762712
2783.15
2815.1
2765.4
2779.45
2841.25
2663.69491525
2786.55
2715.3
2795.8
2774.6
2631.0
2774.44067797
2729.4
2778.0
2497.35
2651.25
2691.0
2708.2
2768.65
2772.15
2795.45
2652.3559322
2597.7
2696.4
2708.36842105
--END OF 7--
778.610169492
760.8
750.7
735.033333333
730.033333333
739.066666667
757.983050847
760.15
774.883333333
772.266666667
753.583333333
735.933333333
713.576271186
755.9
736.2
734.35
743.55
742.1
763.016949153
726.85
744.616666667
779.366666667
777.333333333
750.881355932
805.633333333
781.9
750.266666667
746.583333333
792.2
797.406779661
804.5
734.8
774.25
752.3
762.305084746
784.033333333
800.433333333
789.083333333
791.016666667
804.95
749.288135593
774.5
754.216666667
790.0
771.366666667
737.5
787.93220339
761.25
771.6
699.35
743.0
751.86440678
763.05
801.716666667
790.85
790.366666667
747.101694915
746.633333333
765.716666667
776.350877193
--END OF 8--
122.983050847
113.733333333
118.116666667
111.083333333
102.033333333
106.166666667
113.694915254
109.55
115.0
125.583333333
122.9
115.283333333
104.033898305
126.55
104.9
133.15
122.15
112.2
104.847457627
125.816666667
114.75
124.65
123.266666667
111.593220339
106.3
104.8
111.2
110.183333333
123.25
110.220338983
115.5
132.8
126.15
126.35
125.847457627
127.533333333
135.25
113.666666667
121.583333333
139.65
115.322033898
126.466666667
126.216666667
127.55
134.716666667
107.483333333
119.0
118.6
108.0
116.8
114.25
121.406779661
126.633333333
119.383333333
129.05
118.466666667
109.0
110.616666667
105.7
108.912280702
--END OF 9--
4.37288135593
5.88333333333
8.58333333333
3.73333333333
7.73333333333
6.38333333333
9.22033898305
4.08333333333
4.61666666667
4.53333333333
4.66666666667
8.78333333333
4.54237288136
6.4
6.4
8.85
6.85
5.1
5.81355932203
5.85
3.0
7.56666666667
3.95
7.03389830508
2.46666666667
2.85
6.81666666667
7.45
9.11666666667
6.33898305085
4.65
8.05
6.5
7.95
7.76271186441
4.2
8.2
5.2
4.75
8.06666666667
5.27118644068
8.25
7.31666666667
4.1
6.65
1.5
2.45762711864
5.2
4.5
2.6
6.65
5.32203389831
7.2
2.83333333333
3.93333333333
5.21666666667
3.98305084746
2.93333333333
5.28333333333
5.29824561404
--END OF 10--
0.508474576271
0.0333333333333
2.08333333333
1.08333333333
3.0
0.866666666667
1.66101694915
0.5
0.716666666667
0.75
1.45
2.16666666667
0.593220338983
2.65
1.6
2.25
1.2
0.5
0.0
0.283333333333
0.516666666667
1.2
1.21666666667
1.32203389831
0.766666666667
1.2
2.03333333333
1.93333333333
3.03333333333
2.15254237288
0.9
1.35
0.8
1.45
2.22033898305
0.7
2.28333333333
0.366666666667
0.65
2.01666666667
0.372881355932
2.35
1.25
0.983333333333
1.01666666667
0.0
0.0
0.0
0.5
0.35
1.35
1.16949152542
2.4
1.26666666667
0.416666666667
0.0
0.898305084746
0.616666666667
1.35
1.21052631579
--END OF 11--
0.0
0.0
0.133333333333
0.366666666667
0.5
0.0
0.0
0.5
0.0
0.0
0.5
0.0
0.0
0.45
0.55
0.9
0.1
0.5
0.0
0.0
0.116666666667
0.883333333333
0.5
0.508474576271
0.116666666667
0.85
0.55
0.483333333333
0.166666666667
0.847457627119
0.0
0.5
0.0
0.0
0.0
0.0
0.0
0.0
0.283333333333
1.15
0.0
0.533333333333
0.266666666667
0.5
0.5
0.0
0.0
0.0
0.0
0.0
0.0
0.491525423729
0.0166666666667
0.0
0.0
0.0
0.0
0.0
0.0
0.0
--END OF 12--
