17.7333333333
17.9833333333
18.6166666667
18.65
16.3333333333
17.406779661
18.0166666667
18.3
18.8
18.2
18.0666666667
16.6166666667
16.8644067797
16.85
17.4333333333
17.9666666667
17.15
17.3898305085
17.6166666667
18.2333333333
18.0833333333
18.6166666667
18.7166666667
17.8983050847
18.8666666667
18.35
18.9166666667
18.5333333333
18.5333333333
17.813559322
17.35
17.05
17.45
18.3833333333
17.813559322
18.5166666667
18.8666666667
17.8166666667
18.6333333333
18.0833333333
18.0
18.3
17.6833333333
18.3333333333
17.1333333333
16.9661016949
17.2
17.2
17.3333333333
18.0833333333
16.85
18.6949152542
18.7166666667
18.6333333333
18.3333333333
18.1
18.2166666667
18.7627118644
18.85
17.0175438596
--END OF 1--
24.1
23.2833333333
24.1833333333
24.7666666667
22.4333333333
24.2203389831
23.8666666667
25.2
25.45
25.6
25.6666666667
23.7666666667
23.3389830508
23.6
23.8333333333
24.9333333333
24.3
23.6949152542
23.3
25.55
23.5833333333
24.1666666667
24.95
23.0847457627
26.3
23.75
24.9
24.1333333333
24.5833333333
24.2542372881
24.5333333333
23.2666666667
25.2166666667
25.7333333333
25.406779661
26.05
25.4166666667
25.8166666667
26.0833333333
25.2333333333
24.1186440678
25.3
25.4
23.5333333333
21.7833333333
23.2203389831
24.6
23.1333333333
22.7833333333
24.3166666667
23.3666666667
25.6949152542
25.4166666667
24.95
25.9
24.5166666667
25.5333333333
24.4406779661
26.25
24.5263157895
--END OF 2--
24.7666666667
23.5333333333
24.2333333333
25.4333333333
23.2
24.8983050847
24.6166666667
26.2
26.75
27.0
26.3166666667
23.7666666667
24.2881355932
24.4333333333
25.3666666667
25.7166666667
25.8
24.2711864407
24.15
25.6666666667
23.7333333333
25.0333333333
26.05
23.8983050847
26.5833333333
24.5
25.2166666667
25.4833333333
25.4333333333
25.8474576271
25.45
23.9333333333
25.7666666667
25.9166666667
26.5762711864
26.4833333333
26.2166666667
26.5166666667
27.6
26.35
24.6271186441
25.9
26.3333333333
26.5333333333
23.3833333333
23.8644067797
27.0166666667
23.75
23.4166666667
26.1
24.2833333333
26.4406779661
26.4
26.3166666667
26.6666666667
24.9166666667
25.8666666667
24.9491525424
27.15
25.298245614
--END OF 3--
17.7333333333
17.9166666667
18.6166666667
18.65
16.3333333333
17.406779661
18.0166666667
18.3
18.8
18.2
18.0666666667
16.6166666667
16.8644067797
16.85
17.4333333333
17.9666666667
17.15
17.3898305085
17.6166666667
18.2333333333
18.0833333333
18.6166666667
18.7166666667
17.8983050847
18.8
18.35
18.9166666667
18.5333333333
18.5333333333
17.813559322
17.35
17.05
17.45
18.3833333333
17.813559322
18.5
18.6166666667
17.8166666667
18.6333333333
18.0833333333
18.0
18.3
17.6833333333
18.3333333333
17.1333333333
16.9661016949
17.2
17.2
17.3333333333
18.0833333333
16.85
18.593220339
18.7166666667
18.6333333333
18.3166666667
18.1
18.2166666667
18.7627118644
18.85
17.0175438596
--END OF 4--
24.1
23.2833333333
24.1833333333
24.7666666667
22.4333333333
24.2203389831
23.8666666667
25.2
25.45
25.6
25.6666666667
23.7666666667
23.3389830508
23.6
23.8333333333
24.9333333333
24.3
23.6949152542
23.3
25.55
23.5833333333
24.1666666667
24.95
23.0847457627
26.2833333333
23.75
24.9
24.1333333333
24.5833333333
24.2542372881
24.5333333333
23.2666666667
25.2166666667
25.7333333333
25.406779661
26.05
25.4166666667
25.8166666667
26.0833333333
25.2333333333
24.1186440678
25.3
25.4
23.5333333333
21.7833333333
23.2203389831
24.6
23.1333333333
22.7833333333
24.3166666667
23.3666666667
25.6949152542
25.4166666667
24.95
25.9
24.5166666667
25.5333333333
24.4406779661
26.25
24.5263157895
--END OF 5--
24.7666666667
23.5333333333
24.2333333333
25.4333333333
23.2
24.8983050847
24.6166666667
26.2
26.75
27.0
26.3166666667
23.7666666667
24.2881355932
24.4333333333
25.3666666667
25.7166666667
25.8
24.2711864407
24.15
25.6666666667
23.7333333333
25.0333333333
26.05
23.8983050847
26.5833333333
24.5
25.2166666667
25.4833333333
25.4333333333
25.8474576271
25.45
23.9333333333
25.7666666667
25.9166666667
26.5762711864
26.4833333333
26.2166666667
26.5166666667
27.6
26.35
24.6271186441
25.9
26.3333333333
26.5333333333
23.3833333333
23.8644067797
27.0166666667
23.75
23.4166666667
26.1
24.2833333333
26.4406779661
26.4
26.3166666667
26.6666666667
24.9166666667
25.8666666667
24.9491525424
27.15
25.298245614
--END OF 6--
3419.2
3298.45
3377.25
3466.4
3127.2
3368.33898305
3386.25
3378.75
3486.15
3430.55
3340.65
3280.2
3172.06779661
3271.05
3332.0
3340.4
3206.25
3335.59322034
3450.0
3503.65
3348.05
3355.9
3413.8
3357.81355932
3487.55
3411.0
3492.55
3392.4
3474.9
3256.93220339
3318.1
3275.65
3323.4
3438.2
3370.62711864
3440.65
3582.2
3512.0
3521.4
3430.55
3362.84745763
3474.3
3453.9
3414.45
3237.9
3342.15254237
3434.85
3238.6
3485.8
3532.05
3214.3
3595.93220339
3546.6
3484.5
3492.75
3412.0
3500.75
3510.96610169
3558.3
3382.68421053
--END OF 7--
937.866666667
910.933333333
942.55
958.283333333
867.333333333
937.186440678
944.2
951.65
971.95
956.65
943.75
906.75
891.813559322
896.466666667
917.666666667
930.966666667
901.05
912.491525424
938.766666667
962.666666667
935.05
949.533333333
950.65
927.694915254
982.366666667
947.2
974.266666667
956.4
958.85
929.711864407
920.366666667
901.083333333
923.416666667
950.85
947.525423729
956.383333333
977.266666667
963.216666667
970.183333333
949.583333333
918.762711864
956.9
953.35
939.95
886.6
923.983050847
949.766666667
899.883333333
940.866666667
976.333333333
895.066666667
998.033898305
973.716666667
973.25
960.25
956.533333333
966.0
963.237288136
986.8
934.50877193
--END OF 8--
140.433333333
129.6
123.1
140.766666667
131.9
137.711864407
141.55
141.85
134.85
161.216666667
152.3
146.9
146.796610169
129.9
127.016666667
145.133333333
130.35
132.254237288
122.633333333
140.716666667
122.333333333
135.2
140.433333333
125.440677966
164.25
125.0
129.8
125.4
131.5
149.271186441
149.15
130.033333333
149.283333333
142.85
153.06779661
160.416666667
141.166666667
144.05
147.016666667
147.133333333
136.389830508
139.55
153.4
135.8
130.75
124.169491525
157.766666667
129.7
121.4
139.9
136.15
142.220338983
142.916666667
138.866666667
150.5
142.166666667
149.5
127.423728814
151.25
140.280701754
--END OF 9--
5.85
3.51666666667
5.16666666667
5.9
4.88333333333
8.15254237288
3.95
5.1
8.05
6.11666666667
7.95
4.8
4.03389830508
5.85
8.61666666667
6.68333333333
9.73333333333
6.25423728814
3.9
6.13333333333
6.9
4.1
7.88333333333
3.15254237288
3.58333333333
6.55
3.41666666667
5.15
6.5
6.54237288136
5.68333333333
3.66666666667
6.8
7.1
7.45762711864
6.16666666667
7.51666666667
9.68333333333
10.2833333333
6.35
3.52542372881
6.35
7.26666666667
8.15
4.9
5.71186440678
9.61666666667
4.73333333333
4.0
6.15
5.38333333333
5.74576271186
4.2
5.98333333333
8.1
2.33333333333
6.21666666667
4.01694915254
7.1
7.59649122807
--END OF 10--
0.0166666666667
0.316666666667
0.216666666667
0.85
1.33333333333
0.932203389831
0.95
1.1
2.3
1.85
1.15
0.0
1.64406779661
0.9
1.48333333333
1.38333333333
2.18333333333
0.440677966102
1.46666666667
0.0333333333333
0.5
0.833333333333
1.5
1.13559322034
0.533333333333
1.2
0.5
1.5
0.8
2.69491525424
1.18333333333
1.1
0.816666666667
0.183333333333
1.54237288136
0.466666666667
1.5
1.18333333333
2.71666666667
1.7
0.593220338983
0.85
1.41666666667
3.85
2.25
1.03389830508
3.0
1.0
0.583333333333
2.41666666667
1.5
1.5593220339
1.66666666667
2.33333333333
0.966666666667
0.5
0.466666666667
1.06779661017
1.2
0.877192982456
--END OF 11--
0.0
0.0
0.0
0.0
0.266666666667
0.237288135593
0.1
0.4
0.0
1.01666666667
0.65
0.0
0.186440677966
0.35
0.466666666667
0.0
0.0
0.0
0.0
0.0
0.0
0.333333333333
0.0
0.0
0.0
0.0
0.0
0.45
0.05
0.0
0.0
0.0
0.0
0.0
0.0
0.0
0.0
0.0
0.333333333333
0.0
0.0508474576271
0.45
0.433333333333
1.5
0.2
0.305084745763
0.5
0.0
0.0833333333333
0.416666666667
0.5
0.0
0.933333333333
1.06666666667
0.466666666667
0.0
0.0
0.0
0.0
0.350877192982
--END OF 12--
