10.9322033898
9.0
9.36666666667
9.06666666667
9.66666666667
9.18333333333
9.62711864407
8.8
8.36666666667
9.25
9.15
9.71666666667
9.08474576271
8.9
8.78333333333
8.8
9.15
8.72881355932
8.88333333333
8.35
9.41666666667
7.75
8.26666666667
8.76271186441
9.93333333333
9.2
9.55
9.21666666667
8.83333333333
8.91525423729
9.48333333333
9.53333333333
8.95
10.3559322034
10.0333333333
9.25
9.85
9.35
9.21666666667
8.83050847458
8.9
8.7
9.9
8.96666666667
10.3898305085
10.5333333333
9.4
10.1
9.6
9.86440677966
9.2
8.86666666667
9.18333333333
10.5166666667
9.32203389831
9.76666666667
9.6
9.03333333333
8.46666666667
10.3103448276
--END OF 1--
13.7288135593
12.5833333333
12.65
11.2833333333
12.1833333333
12.0
12.7627118644
12.85
10.85
12.35
12.0333333333
12.9166666667
12.186440678
12.0
12.0833333333
12.0
12.45
11.4915254237
11.5666666667
12.0833333333
12.1666666667
11.05
11.2
11.6440677966
12.8333333333
11.85
12.5
13.1666666667
12.8333333333
11.4576271186
11.7833333333
11.9833333333
11.6
13.4576271186
13.5166666667
12.95
12.4666666667
12.15
13.0833333333
11.2881355932
11.6666666667
12.0166666667
12.0333333333
11.5333333333
13.9491525424
13.1333333333
12.0
13.5
12.2
13.8305084746
11.7166666667
12.1833333333
11.95
13.5
12.8813559322
13.0333333333
11.9666666667
11.7333333333
10.65
13.8793103448
--END OF 2--
14.4237288136
13.5833333333
13.15
11.7
12.2833333333
12.4
13.5423728814
13.3833333333
10.95
12.95
13.0666666667
13.2833333333
12.8305084746
12.6
12.1833333333
12.6
13.95
11.7796610169
12.3333333333
12.2666666667
12.8666666667
11.6
11.7166666667
11.9491525424
12.9833333333
12.0
12.9666666667
14.5166666667
12.9666666667
11.8644067797
13.2333333333
12.9833333333
12.25
14.2542372881
13.7333333333
13.1333333333
13.4166666667
13.1666666667
14.0833333333
12.3559322034
11.6666666667
12.2166666667
12.7333333333
11.8666666667
14.6610169492
13.8333333333
12.5
14.0
12.75
14.6440677966
11.8
13.0833333333
13.2166666667
14.8333333333
13.406779661
13.2333333333
12.0833333333
12.2333333333
11.0833333333
14.7068965517
--END OF 3--
10.9322033898
9.0
9.36666666667
9.06666666667
9.66666666667
9.18333333333
9.62711864407
8.8
8.36666666667
9.25
9.15
9.71666666667
9.08474576271
8.9
8.78333333333
8.8
9.15
8.72881355932
8.88333333333
8.35
9.41666666667
7.75
8.26666666667
8.76271186441
9.93333333333
9.2
9.55
9.21666666667
8.83333333333
8.91525423729
9.48333333333
9.53333333333
8.95
10.3559322034
10.0333333333
9.25
9.85
9.35
9.21666666667
8.83050847458
8.9
8.7
9.9
8.96666666667
10.3898305085
10.5333333333
9.4
10.1
9.6
9.86440677966
9.2
8.86666666667
9.18333333333
10.5166666667
9.32203389831
9.76666666667
9.6
9.03333333333
8.46666666667
10.3103448276
--END OF 4--
13.7288135593
12.5833333333
12.65
11.2833333333
12.1833333333
12.0
12.7627118644
12.85
10.85
12.35
12.0333333333
12.9166666667
12.186440678
12.0
12.0833333333
12.0
12.45
11.4915254237
11.5666666667
12.0833333333
12.1666666667
11.05
11.2
11.6440677966
12.8333333333
11.85
12.5
13.1666666667
12.8333333333
11.4576271186
11.7833333333
11.9833333333
11.6
13.4576271186
13.5166666667
12.95
12.4666666667
12.15
13.0833333333
11.2881355932
11.6666666667
12.0166666667
12.0333333333
11.5333333333
13.9491525424
13.1333333333
12.0
13.5
12.2
13.8305084746
11.7166666667
12.1833333333
11.95
13.5
12.8813559322
13.0333333333
11.9666666667
11.7333333333
10.65
13.8793103448
--END OF 5--
14.4237288136
13.5833333333
13.15
11.7
12.2833333333
12.4
13.5423728814
13.3833333333
10.95
12.95
13.0666666667
13.2833333333
12.8305084746
12.6
12.1833333333
12.6
13.95
11.7796610169
12.3333333333
12.2666666667
12.8666666667
11.6
11.7166666667
11.9491525424
12.9833333333
12.0
12.9666666667
14.5166666667
12.9666666667
11.8644067797
13.2333333333
12.9833333333
12.25
14.2542372881
13.7333333333
13.1333333333
13.4166666667
13.1666666667
14.0833333333
12.3559322034
11.6666666667
12.2166666667
12.7333333333
11.8666666667
14.6610169492
13.8333333333
12.5
14.0
12.75
14.6440677966
11.8
13.0833333333
13.2166666667
14.8333333333
13.406779661
13.2333333333
12.0833333333
12.2333333333
11.0833333333
14.7068965517
--END OF 6--
2008.27118644
1866.85
1919.8
1880.65
1856.85
1841.45
1875.40677966
1876.85
1767.95
1893.2
1870.35
1943.9
1842.3559322
1836.75
1850.4
1765.05
1824.45
1716.20338983
1798.65
1798.45
1851.85
1770.1
1806.0
1767.15254237
1922.05
1883.4
1838.65
1888.65
1795.85
1892.74576271
1816.2
1954.5
1783.8
1983.25423729
1945.5
1935.1
1879.35
1921.0
1901.4
1777.52542373
1817.2
1812.6
1916.35
1833.8
2015.18644068
1888.05
1790.25
1933.05
1862.55
1932.91525424
1749.6
1816.4
1835.05
2075.3
1900.83050847
1903.7
1897.9
1797.45
1789.15
2083.81034483
--END OF 7--
568.288135593
519.8
526.05
520.75
532.9
506.55
510.949152542
496.266666667
483.85
510.9
516.016666667
531.5
499.423728814
507.55
498.95
479.8
509.2
478.898305085
492.533333333
482.066666667
498.75
476.383333333
486.266666667
481.745762712
540.033333333
494.3
513.05
520.4
511.833333333
509.542372881
503.25
537.6
483.45
556.474576271
544.866666667
528.033333333
526.066666667
531.733333333
513.116666667
496.559322034
505.033333333
502.833333333
537.783333333
511.8
560.423728814
526.2
498.1
545.75
515.4
532.813559322
487.7
486.416666667
501.983333333
563.516666667
515.084745763
536.25
527.416666667
490.033333333
488.0
562.655172414
--END OF 8--
63.1355932203
78.8666666667
66.6833333333
58.55
58.3666666667
57.2833333333
71.3559322034
73.3833333333
55.5
63.7166666667
57.7
70.4
63.5423728814
66.65
65.2
58.7
64.0
57.9152542373
70.5166666667
71.4333333333
71.2166666667
59.8166666667
55.7333333333
68.6949152542
66.3
59.4166666667
60.0166666667
72.6166666667
76.15
63.0338983051
62.05
64.85
72.35
71.0169491525
75.1
71.6333333333
63.7666666667
59.1166666667
75.2
67.8644067797
60.7666666667
59.1666666667
56.4666666667
56.1666666667
72.7796610169
74.45
57.1
69.85
57.6
74.7796610169
58.1666666667
64.1333333333
62.7833333333
68.3833333333
67.2372881356
69.0
48.9166666667
58.75
52.9166666667
79.775862069
--END OF 9--
4.18644067797
5.38333333333
3.76666666667
1.95
2.48333333333
3.66666666667
3.83050847458
7.66666666667
0.85
4.45
4.15
2.75
3.84745762712
2.5
1.55
5.3
3.95
1.35593220339
2.28333333333
3.68333333333
2.11666666667
2.35
4.01666666667
2.33898305085
2.66666666667
3.18333333333
3.9
5.13333333333
3.26666666667
1.59322033898
3.5
2.2
2.1
3.38983050847
3.01666666667
2.8
2.76666666667
3.3
6.11666666667
2.03389830508
2.23333333333
4.66666666667
1.9
1.4
4.49152542373
2.75
3.05
4.65
2.3
6.18644067797
1.76666666667
5.48333333333
4.06666666667
5.0
3.71186440678
1.8
2.11666666667
2.4
2.33333333333
4.56896551724
--END OF 10--
1.45762711864
1.25
0.75
0.316666666667
0.0
0.5
0.932203389831
0.583333333333
0.0
1.1
1.23333333333
0.666666666667
0.338983050847
0.5
0.35
0.8
1.85
0.135593220339
0.866666666667
0.316666666667
0.816666666667
0.7
0.666666666667
0.508474576271
0.166666666667
0.333333333333
0.366666666667
1.9
0.233333333333
0.661016949153
1.95
1.4
1.0
0.898305084746
0.55
0.233333333333
0.65
1.3
1.25
1.5593220339
0.0333333333333
0.183333333333
1.0
0.6
1.20338983051
0.7
0.95
0.85
0.55
1.67796610169
0.233333333333
1.33333333333
2.25
1.95
0.745762711864
0.0
0.466666666667
0.9
0.633333333333
0.775862068966
--END OF 11--
0.186440677966
0.316666666667
0.0
0.0
0.0
0.0
0.423728813559
0.0833333333333
0.0
0.1
0.733333333333
0.666666666667
0.338983050847
0.5
0.0
0.5
1.0
0.0
0.0
0.283333333333
0.216666666667
0.0
0.0
0.0
0.0
0.0
0.0
1.0
0.0
0.661016949153
0.35
1.0
0.0
0.389830508475
0.116666666667
0.0
0.0
0.0
0.5
0.0
0.0
0.0166666666667
0.483333333333
0.0
0.0
0.0
0.45
0.05
0.0
0.0
0.233333333333
0.266666666667
0.0
0.483333333333
0.525423728814
0.0
0.0
0.366666666667
0.133333333333
0.0
--END OF 12--
