24.2
23.4237288136
24.1333333333
22.7333333333
24.2666666667
25.45
23.5333333333
23.8644067797
23.1333333333
24.45
23.6333333333
23.65
23.6666666667
22.6440677966
23.6
22.4
23.2333333333
23.15
23.3559322034
21.3666666667
22.5
22.4333333333
22.4
23.3666666667
21.9322033898
21.75
22.25
22.3
20.85
21.9
21.9322033898
22.5
21.9833333333
21.2
22.0333333333
21.9152542373
21.5333333333
20.9666666667
20.5166666667
22.4166666667
21.0338983051
21.9833333333
21.9666666667
21.2
20.75
20.5
20.4915254237
20.0166666667
20.2666666667
20.8833333333
21.1
20.3389830508
19.05
20.2
20.5
20.1666666667
20.7457627119
21.15
20.35
23.5087719298
--END OF 1--
29.4166666667
29.7627118644
30.3166666667
30.0
30.3
30.1833333333
29.6
30.3559322034
29.6833333333
30.1
30.5833333333
28.8
29.3666666667
27.7796610169
29.45
28.15
29.1166666667
29.6833333333
29.4406779661
27.0333333333
27.45
27.2333333333
28.3833333333
28.6
27.3220338983
27.1
28.15
27.35
26.2
26.75
26.9830508475
26.4166666667
27.5
26.7333333333
26.9166666667
27.8474576271
26.9
26.0333333333
25.2166666667
28.4
25.7457627119
26.5833333333
27.1333333333
25.05
25.2
25.85
26.3559322034
24.9
24.1
25.9
24.4166666667
24.9152542373
24.4166666667
25.0333333333
26.1666666667
25.4
24.7288135593
26.25
25.2
29.5964912281
--END OF 2--
29.4666666667
30.0169491525
31.05
31.05
31.2166666667
30.2333333333
30.35
31.7966101695
31.3833333333
31.25
31.3666666667
29.05
29.6166666667
28.593220339
30.25
28.25
30.1666666667
31.1666666667
30.2372881356
27.55
27.7333333333
27.6333333333
28.8666666667
29.4833333333
28.3559322034
27.65
28.6
28.3
27.55
27.75
27.1355932203
26.45
28.4
27.7833333333
27.4333333333
28.3050847458
27.2
26.0333333333
25.3833333333
28.9666666667
26.3220338983
27.4333333333
27.2833333333
25.9
25.75
26.3
27.5593220339
25.6166666667
24.7833333333
26.4666666667
24.8833333333
26.0847457627
24.5666666667
25.5333333333
26.5666666667
26.3166666667
25.0169491525
26.55
26.3
29.7192982456
--END OF 3--
21.8666666667
21.5423728814
22.0666666667
21.3833333333
22.2666666667
22.95
22.0833333333
22.0677966102
21.7333333333
22.45
21.9333333333
22.05
22.1
21.6440677966
22.1
21.4
21.7333333333
21.6666666667
21.8305084746
20.3666666667
21.45
21.3166666667
21.2666666667
21.85
21.0338983051
20.75
21.25
21.3
20.3
20.9
20.9322033898
21.45
20.9833333333
20.3
21.0333333333
20.9152542373
20.5333333333
20.3833333333
19.9
21.4166666667
20.3898305085
20.8833333333
20.8666666667
20.6
20.05
20.0
19.9491525424
19.85
19.8666666667
20.1833333333
20.3333333333
19.9322033898
19.05
19.8
20.0
19.8
20.2033898305
20.4166666667
19.95
21.7192982456
--END OF 4--
29.0833333333
29.2881355932
29.7333333333
29.4166666667
29.8
29.95
29.35
29.8644067797
29.2833333333
29.65
30.1333333333
28.8
29.3166666667
27.7796610169
29.2
28.15
28.9
29.35
28.9661016949
27.0333333333
27.45
27.2333333333
28.3833333333
28.3833333333
27.3050847458
27.1
28.15
27.35
26.2
26.75
26.9830508475
26.4166666667
27.5
26.7333333333
26.9166666667
27.8474576271
26.9
26.0333333333
25.2166666667
28.4
25.7457627119
26.5833333333
27.1333333333
25.05
25.2
25.85
26.3559322034
24.9
24.1
25.9
24.4166666667
24.9152542373
24.4166666667
25.0333333333
26.1666666667
25.4
24.7288135593
26.25
25.2
29.3684210526
--END OF 5--
29.4666666667
30.0169491525
31.05
31.05
31.2166666667
30.2333333333
30.35
31.7966101695
31.3833333333
31.25
31.3666666667
29.05
29.6166666667
28.593220339
30.25
28.25
30.1666666667
31.1666666667
30.2372881356
27.55
27.7333333333
27.6333333333
28.8666666667
29.4833333333
28.3559322034
27.65
28.6
28.3
27.55
27.75
27.1355932203
26.45
28.4
27.7833333333
27.4333333333
28.3050847458
27.2
26.0333333333
25.3833333333
28.9666666667
26.3220338983
27.4333333333
27.2833333333
25.9
25.75
26.3
27.5593220339
25.6166666667
24.7833333333
26.4666666667
24.8833333333
26.0847457627
24.5666666667
25.5333333333
26.5666666667
26.3166666667
25.0169491525
26.55
26.3
29.7192982456
--END OF 6--
4623.95
4537.88135593
4631.65
4431.15
4610.6
4695.6
4321.2
4415.89830508
4419.6
4438.35
4517.7
4397.25
4387.65
4258.27118644
4384.55
4247.0
4244.95
4272.9
4344.91525424
4101.45
4171.75
4261.65
4261.05
4316.1
4084.01694915
4059.6
4129.2
4083.9
3965.85
4010.1
4017.91525424
4183.3
4133.85
4017.1
4165.3
4156.83050847
4102.2
3965.3
3901.9
4198.7
3913.57627119
4088.85
4115.5
3930.15
3880.95
3763.05
3852.20338983
3774.85
3809.15
3925.05
3836.9
3808.52542373
3697.35
3839.45
3882.9
3742.05
3812.84745763
3952.1
3906.0
4453.36842105
--END OF 7--
1255.9
1253.20338983
1252.81666667
1214.3
1259.8
1275.16666667
1193.05
1223.08474576
1213.75
1247.5
1234.55
1189.7
1207.0
1151.66101695
1202.7
1163.38333333
1185.51666667
1171.28333333
1183.98305085
1103.46666667
1141.26666667
1150.61666667
1146.5
1200.31666667
1135.25423729
1117.95
1147.45
1134.65
1089.35
1100.45
1102.83050847
1140.35
1136.58333333
1089.51666667
1116.83333333
1144.06779661
1121.68333333
1080.41666667
1061.03333333
1160.95
1080.84745763
1141.7
1132.43333333
1079.55
1073.45
1053.4
1068.88135593
1038.11666667
1040.68333333
1086.63333333
1059.26666667
1034.74576271
1000.3
1045.63333333
1066.06666667
1033.78333333
1056.18644068
1081.16666667
1052.9
1211.33333333
--END OF 8--
128.75
138.186440678
124.65
142.65
132.25
124.183333333
134.166666667
141.406779661
138.9
140.4
143.7
127.2
127.266666667
120.881355932
137.083333333
133.25
130.7
148.566666667
130.559322034
122.65
122.116666667
109.716666667
120.633333333
130.933333333
123.694915254
122.9
124.75
117.35
113.35
123.2
126.881355932
108.5
118.55
123.316666667
117.616666667
125.677966102
113.8
123.966666667
112.6
131.883333333
107.457627119
117.35
129.516666667
110.25
104.6
108.9
120.271186441
109.4
102.65
118.416666667
99.6333333333
119.271186441
105.583333333
110.883333333
122.583333333
112.683333333
96.3559322034
120.2
114.4
137.49122807
--END OF 9--
4.28333333333
5.23728813559
7.08333333333
10.0166666667
5.63333333333
2.36666666667
6.21666666667
6.37288135593
6.3
5.05
5.61666666667
4.35
3.58333333333
5.25423728814
6.05
3.48333333333
7.2
7.26666666667
6.32203389831
3.86666666667
3.38333333333
1.76666666667
3.75
3.83333333333
4.5593220339
2.85
4.2
3.85
6.4
5.0
2.57627118644
1.3
8.46666666667
7.68333333333
4.51666666667
3.69491525424
4.71666666667
3.3
2.63333333333
5.23333333333
4.86440677966
3.55
2.95
2.1
3.9
7.65
6.96610169492
6.21666666667
2.46666666667
1.68333333333
1.35
4.64406779661
4.1
3.03333333333
2.41666666667
5.38333333333
3.15254237288
2.86666666667
3.85
4.85964912281
--END OF 10--
0.0
0.508474576271
0.933333333333
1.6
1.38333333333
0.133333333333
0.983333333333
2.22033898305
2.5
1.65
1.05
0.15
0.15
1.05084745763
0.816666666667
0.0333333333333
1.21666666667
1.88333333333
1.15254237288
0.716666666667
0.283333333333
0.5
1.0
1.06666666667
1.49152542373
1.0
0.9
1.7
2.25
1.65
0.0
0.0333333333333
1.46666666667
0.5
0.5
0.508474576271
0.5
0.0
0.233333333333
0.833333333333
0.491525423729
0.95
0.2
1.25
0.75
0.7
2.15254237288
1.18333333333
1.23333333333
0.766666666667
0.0
0.779661016949
0.4
0.5
0.333333333333
1.0
0.0
0.0
1.95
0.280701754386
--END OF 11--
0.0
0.0
0.0333333333333
0.233333333333
0.0
0.0166666666667
0.483333333333
0.35593220339
0.85
0.3
0.7
0.0
0.0
0.0
0.0
0.0
0.0
0.0
0.508474576271
0.5
0.0
0.5
0.0666666666667
0.433333333333
0.0
0.5
0.0
0.0
0.0
0.5
0.0
0.0
0.0
0.0
0.0
0.508474576271
0.5
0.0
0.0
0.0
0.0
0.0
0.0
0.15
0.35
0.2
0.389830508475
0.416666666667
0.116666666667
0.216666666667
0.0
0.0
0.0
0.0
0.0
0.0
0.0
0.0
0.2
0.0
--END OF 12--
