15.1833333333
14.8305084746
15.55
15.35
13.7
15.1333333333
15.3666666667
15.7288135593
14.9
14.6
15.9333333333
15.8
15.3166666667
14.2372881356
14.0
14.1666666667
14.1833333333
15.1833333333
14.1833333333
15.0
14.3833333333
15.0166666667
14.9333333333
14.3333333333
15.2203389831
15.5
15.5666666667
15.4
15.2166666667
15.15
14.1016949153
15.3666666667
13.8833333333
15.15
13.9166666667
15.5593220339
14.4666666667
15.0833333333
15.1333333333
15.7333333333
13.4576271186
15.3166666667
14.4666666667
15.5166666667
16.0666666667
15.9491525424
16.2
15.0666666667
14.6333333333
15.2
15.8305084746
16.1
15.35
15.65
15.6833333333
14.7796610169
14.5833333333
14.35
14.9333333333
15.1724137931
--END OF 1--
21.7
22.6101694915
22.9
22.9
20.7166666667
23.2
23.4833333333
22.2372881356
19.5166666667
21.0166666667
22.7666666667
22.4666666667
20.9666666667
20.6440677966
21.85
21.5666666667
20.8666666667
21.3
21.45
22.6779661017
21.6833333333
22.2666666667
21.8833333333
21.0333333333
22.5593220339
23.0166666667
23.4833333333
21.8666666667
22.3833333333
23.0166666667
19.7288135593
22.55
19.7666666667
21.85
21.1166666667
23.3050847458
21.6666666667
22.0833333333
21.8333333333
22.9833333333
21.1186440678
23.4333333333
22.2666666667
24.1333333333
23.1166666667
24.0847457627
24.0833333333
22.3166666667
22.6
22.7333333333
22.5762711864
23.0
22.1
24.95
22.35
21.9661016949
21.3333333333
22.15
22.3
21.4655172414
--END OF 2--
23.2333333333
23.7288135593
24.4
23.6833333333
22.0
24.9666666667
24.5833333333
22.6101694915
19.9
21.1166666667
23.9
23.6666666667
23.55
21.8474576271
23.3666666667
22.3
21.8833333333
21.9
21.5833333333
22.9830508475
24.5333333333
24.3333333333
23.7833333333
21.8333333333
23.9830508475
23.7
24.7666666667
21.9
23.1833333333
23.9666666667
21.3898305085
23.9833333333
20.7333333333
22.4
22.9
23.8983050847
22.0666666667
22.8833333333
22.2833333333
24.5833333333
21.406779661
24.2833333333
24.1166666667
26.0
24.5166666667
25.3898305085
25.3
23.7666666667
23.9333333333
23.55
23.8983050847
24.25
23.0
26.6
23.5666666667
23.0847457627
21.85
22.6
22.95
22.5172413793
--END OF 3--
15.1833333333
14.8305084746
15.55
15.35
13.7
15.1333333333
15.3666666667
15.7288135593
14.9
14.6
15.9333333333
15.8
15.3166666667
14.2372881356
14.0
14.1666666667
14.1833333333
15.1833333333
14.1833333333
15.0
14.3833333333
15.0166666667
14.9333333333
14.3333333333
15.2203389831
15.5
15.5666666667
15.4
15.2166666667
15.15
14.1016949153
15.3666666667
13.8833333333
15.15
13.9166666667
15.5593220339
14.4666666667
15.0833333333
15.1333333333
15.7333333333
13.4576271186
15.3166666667
14.4666666667
15.5166666667
16.0666666667
15.9491525424
16.2
15.0666666667
14.6333333333
15.2
15.8305084746
16.1
15.35
15.65
15.6833333333
14.7796610169
14.5833333333
14.35
14.9333333333
15.1724137931
--END OF 4--
21.7
22.6101694915
22.9
22.9
20.7166666667
23.2
23.4833333333
22.2372881356
19.5166666667
21.0166666667
22.7666666667
22.4666666667
20.9666666667
20.6440677966
21.85
21.5666666667
20.8666666667
21.3
21.45
22.6779661017
21.6833333333
22.2666666667
21.8833333333
21.0333333333
22.5593220339
23.0166666667
23.4833333333
21.8666666667
22.3833333333
23.0166666667
19.7288135593
22.55
19.7666666667
21.85
21.1166666667
23.3050847458
21.6666666667
22.0833333333
21.8333333333
22.9833333333
21.1186440678
23.4333333333
22.2666666667
24.1333333333
23.1166666667
24.0847457627
24.0833333333
22.3166666667
22.6
22.7333333333
22.5762711864
23.0
22.1
24.95
22.35
21.9661016949
21.3333333333
22.15
22.3
21.4655172414
--END OF 5--
23.2333333333
23.7288135593
24.4
23.6833333333
22.0
24.9666666667
24.5833333333
22.6101694915
19.9
21.1166666667
23.9
23.6666666667
23.55
21.8474576271
23.3666666667
22.3
21.8833333333
21.9
21.5833333333
22.9830508475
24.5333333333
24.3333333333
23.7833333333
21.8333333333
23.9830508475
23.7
24.7666666667
21.9
23.1833333333
23.9666666667
21.3898305085
23.9833333333
20.7333333333
22.4
22.9
23.8983050847
22.0666666667
22.8833333333
22.2833333333
24.5833333333
21.406779661
24.2833333333
24.1166666667
26.0
24.5166666667
25.3898305085
25.3
23.7666666667
23.9333333333
23.55
23.8983050847
24.25
23.0
26.6
23.5666666667
23.0847457627
21.85
22.6
22.95
22.5172413793
--END OF 6--
2903.55
2930.28813559
3048.45
3048.75
2707.2
2931.6
2917.0
2908.22033898
2671.85
2816.65
2934.5
2912.45
2909.0
2692.42372881
2826.15
2838.4
2773.65
2782.4
2717.95
2855.59322034
2838.6
2929.6
2878.2
2721.15
2927.54237288
2950.1
3047.05
2952.8
2910.95
2954.95
2648.59322034
2882.95
2623.55
2813.55
2780.5
2938.01694915
2775.6
2901.75
2848.95
2939.4
2763.81355932
2929.7
2817.3
2951.35
2989.4
2948.49152542
3063.05
2819.3
2816.15
2982.4
2883.91525424
3067.35
2882.85
2985.9
2962.05
2895.25423729
2897.45
2879.4
2854.85
2872.44827586
--END OF 7--
808.933333333
820.152542373
848.75
841.05
757.183333333
816.833333333
815.416666667
807.508474576
749.4
782.166666667
831.266666667
815.866666667
801.383333333
746.983050847
804.3
792.683333333
773.383333333
793.15
763.6
808.593220339
780.85
818.616666667
817.45
745.1
821.677966102
828.466666667
848.283333333
812.15
809.333333333
825.066666667
743.491525424
818.066666667
730.983333333
796.383333333
770.683333333
824.525423729
786.2
817.75
785.95
833.55
752.728813559
821.2
797.25
837.216666667
838.65
839.949152542
865.5
797.466666667
802.95
833.116666667
816.338983051
835.3
805.85
840.2
826.866666667
798.254237288
798.733333333
782.7
801.933333333
807.965517241
--END OF 8--
136.566666667
147.169491525
145.1
142.516666667
138.85
146.133333333
150.283333333
131.220338983
111.116666667
127.316666667
137.483333333
125.666666667
127.366666667
128.355932203
143.65
146.7
133.216666667
141.633333333
135.4
134.542372881
144.65
138.183333333
139.35
129.45
138.779661017
153.366666667
160.183333333
146.483333333
146.266666667
140.183333333
127.033898305
136.5
117.55
132.566666667
133.55
149.830508475
135.65
132.0
137.6
143.8
137.966101695
160.966666667
149.0
147.95
144.966666667
161.288135593
156.683333333
134.683333333
148.583333333
149.316666667
141.711864407
144.2
127.35
163.0
134.5
141.06779661
135.966666667
139.033333333
148.483333333
134.655172414
--END OF 9--
7.71666666667
7.69491525424
9.25
8.4
7.53333333333
9.93333333333
8.83333333333
6.16949152542
4.0
3.26666666667
7.05
9.75
7.35
10.7288135593
9.8
9.21666666667
7.36666666667
4.46666666667
7.26666666667
7.37288135593
12.6
8.66666666667
6.95
7.35
8.33898305085
5.13333333333
8.51666666667
2.13333333333
6.25
9.51666666667
4.59322033898
10.3
5.56666666667
6.15
8.0
6.79661016949
6.85
6.6
7.15
8.85
7.79661016949
7.93333333333
9.48333333333
11.65
6.6
8.93220338983
8.33333333333
9.63333333333
6.73333333333
8.51666666667
6.98305084746
6.8
8.3
12.05
6.01666666667
6.38983050847
6.05
6.28333333333
6.93333333333
5.8275862069
--END OF 10--
1.41666666667
0.813559322034
1.15
0.8
1.76666666667
2.11666666667
1.71666666667
0.677966101695
0.583333333333
0.0
1.56666666667
1.8
3.95
1.59322033898
2.18333333333
0.916666666667
0.9
0.833333333333
0.283333333333
0.0508474576271
4.3
2.88333333333
2.85
1.6
2.18644067797
0.783333333333
2.13333333333
0.05
0.966666666667
1.51666666667
2.81355932203
2.21666666667
0.5
0.766666666667
2.73333333333
1.0
0.65
1.0
0.5
2.0
0.0338983050847
1.33333333333
2.4
2.06666666667
2.06666666667
2.08474576271
1.75
2.5
1.61666666667
1.23333333333
1.69491525424
1.6
1.2
2.55
2.2
1.83050847458
0.716666666667
0.3
0.5
1.74137931034
--END OF 11--
0.433333333333
0.28813559322
0.0
0.0
0.533333333333
0.633333333333
0.75
0.0508474576271
0.0
0.0
0.5
0.233333333333
1.1
0.64406779661
0.0333333333333
0.316666666667
0.183333333333
0.0
0.0
0.0
1.0
0.8
0.4
0.1
0.508474576271
0.5
0.166666666667
0.0
0.0
0.0
0.508474576271
0.0
0.5
0.0
0.9
0.203389830508
0.1
0.0
0.0
0.0
0.0
0.0833333333333
0.416666666667
0.466666666667
0.666666666667
0.271186440678
0.933333333333
0.633333333333
0.366666666667
0.0
0.203389830508
0.5
0.0
0.0
0.233333333333
0.406779661017
0.0
0.0
0.0
0.5
--END OF 12--
