16.7333333333
15.7166666667
16.0333333333
16.0166666667
16.5593220339
16.5
16.8666666667
16.4833333333
16.0833333333
15.8333333333
15.5423728814
15.9
16.65
15.4
15.6666666667
15.7833333333
16.5593220339
15.2166666667
15.7166666667
16.5666666667
15.9166666667
15.1525423729
16.6333333333
16.4666666667
15.9833333333
15.9
16.3833333333
16.8644067797
15.9
16.7166666667
16.8
16.6
16.1186440678
15.7833333333
16.1166666667
15.75
15.9833333333
15.85
15.3050847458
15.3666666667
16.55
15.95
16.8333333333
15.9491525424
15.5
15.4
16.35
16.5166666667
15.55
15.813559322
16.05
15.9833333333
15.7333333333
15.0333333333
15.5423728814
14.9166666667
16.0166666667
16.4333333333
16.5166666667
15.9824561404
--END OF 1--
20.1333333333
20.0166666667
19.55
18.5666666667
20.3728813559
20.7166666667
20.7
20.8
20.6666666667
20.0166666667
19.6440677966
20.05
20.0
19.35
19.5666666667
19.6333333333
20.406779661
18.7166666667
20.25
20.45
19.85
18.8983050847
20.25
20.35
21.0
19.5166666667
20.1
20.7118644068
20.0
21.0666666667
20.45
20.0
21.186440678
19.5666666667
21.0333333333
19.0833333333
19.7833333333
20.4666666667
20.1525423729
20.0666666667
20.55
19.3166666667
21.7
21.0
18.65
19.1
21.15
20.4666666667
19.6
20.3728813559
19.8666666667
19.9333333333
20.1666666667
19.6166666667
19.2881355932
18.35
19.85
20.4333333333
20.7666666667
19.2105263158
--END OF 2--
20.9333333333
20.2166666667
19.7833333333
19.4833333333
21.2711864407
21.3333333333
21.1
21.25
21.2333333333
20.6333333333
19.8474576271
20.6
20.35
19.9
19.6166666667
19.8333333333
20.6440677966
19.0333333333
20.8833333333
20.9333333333
20.5
20.1525423729
20.55
20.5666666667
21.5833333333
19.6166666667
20.6166666667
21.8644067797
21.0
21.35
21.0
20.45
21.4745762712
19.8333333333
21.2666666667
19.2
20.4833333333
21.35
20.813559322
20.3166666667
21.4666666667
19.4166666667
22.6833333333
21.0
18.85
19.2
21.5666666667
21.3166666667
19.6
21.0847457627
20.1666666667
20.3833333333
20.3166666667
19.85
19.7118644068
19.25
19.95
21.0833333333
20.8166666667
19.2105263158
--END OF 3--
16.7333333333
15.7166666667
16.0333333333
16.0166666667
16.5593220339
16.5
16.8666666667
16.4833333333
16.0833333333
15.8333333333
15.5423728814
15.9
16.65
15.4
15.6666666667
15.7833333333
16.5593220339
15.2166666667
15.7166666667
16.5666666667
15.9166666667
15.1525423729
16.6333333333
16.4666666667
15.9833333333
15.9
16.3833333333
16.8644067797
15.9
16.7166666667
16.8
16.6
16.1186440678
15.7833333333
16.1166666667
15.75
15.9833333333
15.85
15.3050847458
15.3666666667
16.55
15.95
16.8333333333
15.9491525424
15.5
15.4
16.35
16.5166666667
15.55
15.813559322
16.05
15.9833333333
15.7333333333
15.0333333333
15.5423728814
14.9166666667
16.0166666667
16.4333333333
16.5166666667
15.9824561404
--END OF 4--
20.1333333333
20.0166666667
19.55
18.5666666667
20.3728813559
20.7166666667
20.7
20.8
20.6666666667
20.0166666667
19.6440677966
20.05
20.0
19.35
19.5666666667
19.6333333333
20.406779661
18.7166666667
20.25
20.45
19.85
18.8983050847
20.25
20.35
21.0
19.5166666667
20.1
20.7118644068
20.0
21.0666666667
20.45
20.0
21.186440678
19.5666666667
21.0333333333
19.0833333333
19.7833333333
20.4666666667
20.1525423729
20.0666666667
20.55
19.3166666667
21.7
21.0
18.65
19.1
21.15
20.4666666667
19.6
20.3728813559
19.8666666667
19.9333333333
20.1666666667
19.6166666667
19.2881355932
18.35
19.85
20.4333333333
20.7666666667
19.2105263158
--END OF 5--
20.9333333333
20.2166666667
19.7833333333
19.4833333333
21.2711864407
21.3333333333
21.1
21.25
21.2333333333
20.6333333333
19.8474576271
20.6
20.35
19.9
19.6166666667
19.8333333333
20.6440677966
19.0333333333
20.8833333333
20.9333333333
20.5
20.1525423729
20.55
20.5666666667
21.5833333333
19.6166666667
20.6166666667
21.8644067797
21.0
21.35
21.0
20.45
21.4745762712
19.8333333333
21.2666666667
19.2
20.4833333333
21.35
20.813559322
20.3166666667
21.4666666667
19.4166666667
22.6833333333
21.0
18.85
19.2
21.5666666667
21.3166666667
19.6
21.0847457627
20.1666666667
20.3833333333
20.3166666667
19.85
19.7118644068
19.25
19.95
21.0833333333
20.8166666667
19.2105263158
--END OF 6--
3047.15
2983.05
2987.8
3010.75
3083.13559322
3146.5
3210.25
3016.7
3022.7
3018.85
2923.11864407
2926.5
3096.15
2913.3
2907.3
3005.85
3143.18644068
2944.85
3105.6
3126.9
3046.9
2992.57627119
3060.9
3068.7
3025.0
2989.25
3034.15
3106.37288136
2958.15
3104.7
3071.4
3064.2
3105.30508475
2981.5
2971.75
2961.5
3056.9
3042.1
2977.62711864
2994.6
3079.6
2967.1
3114.55
2965.06779661
2924.25
2832.75
3156.95
3095.1
2959.95
3064.16949153
2957.05
3018.8
3025.15
2901.4
2960.33898305
2836.7
3027.4
3043.35
3165.55
2873.94736842
--END OF 7--
840.433333333
832.716666667
827.0
820.1
865.338983051
884.316666667
875.783333333
843.633333333
841.483333333
824.666666667
809.711864407
815.0
843.8
818.2
812.15
837.25
866.338983051
810.5
843.55
861.183333333
834.6
826.016949153
842.416666667
840.4
842.3
818.483333333
835.416666667
861.762711864
812.55
856.816666667
854.1
836.8
863.694915254
827.916666667
831.933333333
814.266666667
841.566666667
827.266666667
825.593220339
821.466666667
855.066666667
817.583333333
862.516666667
840.813559322
799.5
784.35
860.816666667
870.85
811.75
831.271186441
819.466666667
827.7
834.683333333
802.116666667
816.186440678
784.716666667
830.733333333
833.433333333
859.033333333
808.824561404
--END OF 8--
91.95
106.516666667
92.9166666667
85.95
98.2542372881
108.916666667
94.0
94.9833333333
108.566666667
98.3
91.0847457627
95.4
84.4
102.25
99.15
91.65
93.3389830508
99.45
103.05
98.35
98.5833333333
94.0847457627
94.9666666667
92.8166666667
108.15
90.3666666667
95.1
89.5084745763
99.25
109.966666667
96.75
87.1
103.355932203
90.9833333333
111.633333333
82.3
87.6333333333
119.95
103.915254237
96.6333333333
100.9
88.05
112.866666667
101.542372881
75.45
89.35
97.5166666667
99.55
101.6
103.271186441
102.2
97.1166666667
99.4666666667
112.966666667
89.8983050847
90.5
103.183333333
100.65
90.1166666667
88.4035087719
--END OF 9--
3.46666666667
2.73333333333
2.01666666667
2.0
4.08474576271
2.03333333333
2.9
5.25
1.96666666667
2.9
2.74576271186
4.4
4.05
2.15
1.95
3.2
2.96610169492
2.03333333333
5.05
3.26666666667
3.35
2.05084745763
3.75
1.78333333333
5.16666666667
2.2
3.4
5.91525423729
5.6
3.21666666667
2.05
3.45
2.52542372881
2.38333333333
4.28333333333
2.6
3.65
2.45
5.01694915254
4.3
3.81666666667
2.46666666667
5.08333333333
3.76271186441
1.9
1.5
6.48333333333
2.9
1.35
6.13559322034
1.7
3.05
3.36666666667
2.16666666667
3.06779661017
3.81666666667
2.03333333333
2.95
1.98333333333
0.175438596491
--END OF 10--
1.33333333333
0.166666666667
0.283333333333
1.6
0.966101694915
0.85
0.483333333333
0.5
0.766666666667
0.666666666667
0.305084745763
1.25
0.85
0.95
0.15
0.0
0.423728813559
0.583333333333
0.983333333333
0.783333333333
0.633333333333
1.74576271186
0.383333333333
0.5
0.5
0.166666666667
1.16666666667
1.94915254237
1.75
0.5
0.75
0.75
0.237288135593
0.266666666667
0.0
0.0
1.0
1.13333333333
1.20338983051
0.683333333333
1.26666666667
0.0333333333333
1.5
0.0
0.0
0.35
0.816666666667
1.2
0.0
0.694915254237
0.316666666667
0.5
0.0
0.466666666667
0.559322033898
0.983333333333
0.0
1.0
0.0
0.0
--END OF 11--
0.0
0.0
0.0
0.0
0.847457627119
0.5
0.0
0.0
0.0
0.0
0.0
0.0
0.0
0.0
0.0
0.0
0.0
0.0
0.483333333333
0.0166666666667
0.0
0.508474576271
0.0
0.0
0.0
0.0
0.0
0.305084745763
0.2
0.0
0.0
0.0
0.0
0.0
0.0
0.0
0.0
0.5
0.0
0.0
0.0
0.0
0.5
0.0
0.0
0.0
0.0
0.0
0.0
0.0
0.0
0.0
0.0
0.0
0.0169491525424
0.483333333333
0.0
0.5
0.0
0.0
--END OF 12--
