12.9152542373
13.2666666667
14.3166666667
14.05
13.1166666667
13.35
13.4237288136
14.8333333333
13.8
14.05
14.1833333333
13.2666666667
13.7457627119
13.9
12.3666666667
14.85
14.4833333333
13.3220338983
13.6666666667
13.6
13.8833333333
12.7833333333
13.3050847458
14.9166666667
14.05
14.0666666667
14.3
14.2542372881
13.95
12.7
13.8333333333
13.7
13.8474576271
13.8
13.25
13.45
13.2333333333
14.6271186441
14.0166666667
13.65
12.7
14.3
13.7833333333
14.6949152542
14.75
13.5166666667
14.6333333333
14.5333333333
14.4576271186
14.45
13.0
13.6
13.45
14.2881355932
13.7833333333
14.1666666667
14.0833333333
13.0833333333
14.406779661
13.1754385965
--END OF 1--
16.5593220339
17.9166666667
18.2
18.8333333333
16.4166666667
17.4
17.0
18.5333333333
17.7666666667
17.7166666667
19.0833333333
16.6833333333
17.7118644068
18.15
15.9666666667
18.65
18.9333333333
16.3050847458
18.0166666667
18.2333333333
18.05
16.6833333333
17.406779661
18.3833333333
18.0166666667
18.3166666667
18.9166666667
18.4237288136
17.45
16.4
17.4333333333
17.8
17.2542372881
17.2166666667
17.7166666667
18.15
17.2333333333
18.4745762712
18.35
18.0333333333
15.9833333333
17.7833333333
17.6
17.6440677966
19.35
16.6666666667
19.1333333333
17.7833333333
17.8474576271
19.0
16.3666666667
16.7666666667
17.9333333333
19.4576271186
18.8833333333
17.5
18.2333333333
17.2666666667
18.5254237288
17.701754386
--END OF 2--
17.3220338983
17.9666666667
18.6833333333
20.1833333333
16.8666666667
18.2166666667
17.0508474576
19.6333333333
18.0666666667
18.5666666667
19.6
16.8666666667
17.8644067797
18.35
16.2166666667
19.3
19.4333333333
16.8644067797
18.0666666667
19.0166666667
18.8166666667
16.9833333333
17.406779661
18.3833333333
18.3833333333
18.8166666667
19.65
18.813559322
18.55
16.75
17.8333333333
18.85
17.406779661
17.9
17.7833333333
18.3833333333
17.45
19.2033898305
19.2833333333
18.45
16.4833333333
18.0166666667
17.7166666667
17.8305084746
20.35
17.4166666667
19.8333333333
18.3333333333
18.2372881356
19.5166666667
17.0166666667
17.45
18.2333333333
19.9830508475
20.0333333333
18.05
18.2333333333
17.9833333333
18.7118644068
17.8070175439
--END OF 3--
12.9152542373
13.2666666667
14.3166666667
14.05
13.1166666667
13.35
13.4237288136
14.8333333333
13.8
14.05
14.1833333333
13.2666666667
13.7457627119
13.9
12.3666666667
14.85
14.4833333333
13.3220338983
13.6666666667
13.6
13.8833333333
12.7833333333
13.3050847458
14.9166666667
14.05
14.0666666667
14.3
14.2542372881
13.95
12.7
13.8333333333
13.7
13.8474576271
13.8
13.25
13.45
13.2333333333
14.6271186441
14.0166666667
13.65
12.7
14.3
13.7833333333
14.6949152542
14.75
13.5166666667
14.6333333333
14.5333333333
14.4576271186
14.45
13.0
13.6
13.45
14.2881355932
13.7833333333
14.1666666667
14.0833333333
13.0833333333
14.406779661
13.1754385965
--END OF 4--
16.5593220339
17.9166666667
18.2
18.8333333333
16.4166666667
17.4
17.0
18.5333333333
17.7666666667
17.7166666667
19.0833333333
16.6833333333
17.7118644068
18.15
15.9666666667
18.65
18.9333333333
16.3050847458
18.0166666667
18.2333333333
18.05
16.6833333333
17.406779661
18.3833333333
18.0166666667
18.3166666667
18.9166666667
18.4237288136
17.45
16.4
17.4333333333
17.8
17.2542372881
17.2166666667
17.7166666667
18.15
17.2333333333
18.4745762712
18.35
18.0333333333
15.9833333333
17.7833333333
17.6
17.6440677966
19.35
16.6666666667
19.1333333333
17.7833333333
17.8474576271
19.0
16.3666666667
16.7666666667
17.9333333333
19.4576271186
18.8833333333
17.5
18.2333333333
17.2666666667
18.5254237288
17.701754386
--END OF 5--
17.3220338983
17.9666666667
18.6833333333
20.1833333333
16.8666666667
18.2166666667
17.0508474576
19.6333333333
18.0666666667
18.5666666667
19.6
16.8666666667
17.8644067797
18.35
16.2166666667
19.3
19.4333333333
16.8644067797
18.0666666667
19.0166666667
18.8166666667
16.9833333333
17.406779661
18.3833333333
18.3833333333
18.8166666667
19.65
18.813559322
18.55
16.75
17.8333333333
18.85
17.406779661
17.9
17.7833333333
18.3833333333
17.45
19.2033898305
19.2833333333
18.45
16.4833333333
18.0166666667
17.7166666667
17.8305084746
20.35
17.4166666667
19.8333333333
18.3333333333
18.2372881356
19.5166666667
17.0166666667
17.45
18.2333333333
19.9830508475
20.0333333333
18.05
18.2333333333
17.9833333333
18.7118644068
17.8070175439
--END OF 6--
2550.15254237
2621.6
2697.2
2654.3
2536.15
2528.95
2571.71186441
2803.0
2632.95
2612.65
2715.75
2560.75
2588.13559322
2694.0
2475.3
2802.6
2803.35
2551.37288136
2550.95
2649.05
2715.8
2592.9
2522.23728814
2712.5
2725.75
2690.4
2658.75
2691.45762712
2673.15
2427.9
2647.95
2643.0
2531.23728814
2660.95
2611.1
2643.4
2529.5
2715.3559322
2648.15
2700.9
2410.25
2603.0
2596.1
2667.15254237
2739.0
2512.8
2650.5
2700.45
2672.28813559
2777.0
2511.35
2550.5
2588.5
2735.08474576
2743.7
2791.1
2712.7
2598.7
2742.71186441
2571.63157895
--END OF 7--
701.813559322
712.166666667
750.7
749.816666667
691.416666667
706.75
703.440677966
767.566666667
727.216666667
720.683333333
745.183333333
706.1
716.593220339
737.2
672.5
777.25
792.55
716.491525424
715.383333333
748.966666667
759.783333333
691.433333333
698.610169492
765.7
742.65
751.833333333
742.45
744.881355932
734.4
684.4
723.7
724.85
710.288135593
709.666666667
709.916666667
724.933333333
700.766666667
766.254237288
723.616666667
734.366666667
678.366666667
734.7
717.2
754.237288136
772.4
714.8
757.85
750.1
738.322033898
760.816666667
688.116666667
698.85
717.6
753.983050847
753.8
766.85
759.783333333
720.183333333
759.474576271
730.0
--END OF 8--
90.5593220339
95.0
100.033333333
105.05
80.0833333333
89.2833333333
83.5423728814
92.1666666667
85.2
90.1
94.45
80.1333333333
92.3389830508
86.0
69.9
86.6
97.3
75.186440678
106.883333333
95.2166666667
91.4666666667
85.45
100.627118644
84.7666666667
89.1333333333
97.7666666667
97.4666666667
98.4406779661
89.95
87.7
87.9
82.75
90.7288135593
78.5833333333
89.85
103.266666667
84.25
86.4915254237
93.5
91.2
82.1
92.9333333333
89.0666666667
82.1016949153
96.45
86.6
86.9
81.05
91.6101694915
105.233333333
81.7
86.7833333333
94.7
107.237288136
105.066666667
89.3833333333
94.0666666667
80.5166666667
95.0508474576
100.631578947
--END OF 9--
2.23728813559
2.43333333333
3.36666666667
4.78333333333
1.9
4.31666666667
3.13559322034
4.08333333333
3.31666666667
2.78333333333
5.5
1.1
1.30508474576
1.3
3.4
3.65
3.35
1.61016949153
1.85
4.7
1.9
2.25
2.79661016949
2.03333333333
3.61666666667
1.91666666667
3.83333333333
3.67796610169
4.9
1.7
2.05
6.5
2.28813559322
4.0
2.88333333333
2.28333333333
4.21666666667
3.62711864407
5.35
4.56666666667
2.15
1.65
1.48333333333
1.4406779661
5.95
2.9
7.2
2.7
3.01694915254
2.9
2.65
1.78333333333
1.61666666667
3.64406779661
8.28333333333
2.23333333333
1.01666666667
6.2
2.45762711864
4.47368421053
--END OF 10--
1.01694915254
0.0
0.683333333333
1.81666666667
0.533333333333
1.2
0.0677966101695
1.5
0.266666666667
1.2
0.25
0.283333333333
0.559322033898
0.45
0.0
1.05
0.95
0.508474576271
0.0
0.883333333333
1.4
0.716666666667
0.0
0.0
0.366666666667
0.516666666667
1.36666666667
0.64406779661
1.15
0.45
0.55
1.4
0.101694915254
0.433333333333
0.0666666666667
0.333333333333
0.166666666667
1.28813559322
1.23333333333
0.416666666667
1.05
0.0333333333333
0.216666666667
0.28813559322
1.5
0.3
0.85
1.0
0.593220338983
0.9
1.05
0.8
0.483333333333
1.16949152542
0.883333333333
1.0
0.0
1.0
0.0
0.0
--END OF 11--
0.508474576271
0.0
0.0
0.5
0.0333333333333
0.4
0.0
1.5
0.0
0.5
0.0
0.0
0.0
0.0
0.0
0.5
0.5
0.0
0.0
0.0
0.5
0.0
0.0
0.0
0.0
0.0666666666667
0.1
0.0
0.0
0.0
0.0
0.0
0.0
0.0
0.0
0.0
0.0
0.508474576271
0.0
0.0
0.0
0.0
0.216666666667
0.28813559322
0.0
0.0
0.0
0.0
0.0
0.0
0.5
0.0
0.0
0.0
0.5
0.0
0.0
0.0
0.0
0.0
--END OF 12--
