5.41666666667
5.77966101695
5.71666666667
5.01666666667
6.23333333333
5.91666666667
5.61666666667
6.18644067797
5.38333333333
5.68333333333
4.73333333333
6.2
6.43333333333
5.84745762712
5.93333333333
5.5
5.71666666667
6.1
6.2
6.1186440678
6.2
5.03333333333
5.28333333333
5.83333333333
5.47457627119
5.38333333333
5.23333333333
5.3
5.8
5.13559322034
5.18333333333
5.4
4.7
5.4
5.16666666667
5.86440677966
5.51666666667
5.61666666667
4.1
4.43333333333
5.4406779661
4.85
5.2
5.5
5.48333333333
5.08474576271
4.85
5.63333333333
5.28333333333
5.23333333333
5.18333333333
5.83050847458
5.01666666667
5.6
5.55
5.98333333333
4.62711864407
5.31666666667
5.05
5.69090909091
--END OF 1--
6.33333333333
7.59322033898
6.9
6.31666666667
7.5
7.16666666667
7.55
8.40677966102
7.28333333333
7.93333333333
6.08333333333
8.7
10.0833333333
7.50847457627
7.46666666667
7.26666666667
7.26666666667
7.7
7.43333333333
8.71186440678
8.23333333333
6.51666666667
6.8
8.55
7.76271186441
6.48333333333
7.43333333333
6.85
7.35
7.05084745763
6.55
6.76666666667
6.6
7.83333333333
6.9
7.62711864407
6.61666666667
7.33333333333
5.48333333333
6.15
7.08474576271
6.2
6.8
7.45
7.13333333333
6.93220338983
5.96666666667
6.96666666667
6.88333333333
6.78333333333
6.68333333333
7.20338983051
6.46666666667
6.31666666667
7.7
7.66666666667
5.77966101695
6.61666666667
6.0
7.96363636364
--END OF 2--
7.8
8.40677966102
7.5
7.31666666667
8.85
7.41666666667
7.9
8.66101694915
7.78333333333
8.98333333333
6.28333333333
10.05
11.6833333333
8.4406779661
8.36666666667
8.23333333333
7.43333333333
8.55
7.88333333333
9.57627118644
9.11666666667
6.9
7.05
9.06666666667
8.45762711864
6.93333333333
8.08333333333
7.7
7.5
7.54237288136
6.96666666667
7.06666666667
6.78333333333
7.85
7.1
7.93220338983
6.93333333333
7.76666666667
5.9
6.55
7.1186440678
6.5
7.25
7.8
8.28333333333
8.25423728814
6.06666666667
8.05
7.96666666667
7.7
7.05
7.86440677966
6.78333333333
7.13333333333
8.51666666667
7.86666666667
6.23728813559
6.61666666667
6.15
8.90909090909
--END OF 3--
5.41666666667
5.77966101695
5.71666666667
5.01666666667
6.23333333333
5.91666666667
5.61666666667
6.18644067797
5.38333333333
5.68333333333
4.73333333333
6.2
6.43333333333
5.84745762712
5.93333333333
5.5
5.71666666667
6.1
6.2
6.1186440678
6.2
5.03333333333
5.28333333333
5.83333333333
5.47457627119
5.38333333333
5.23333333333
5.3
5.8
5.13559322034
5.18333333333
5.4
4.7
5.4
5.16666666667
5.86440677966
5.51666666667
5.61666666667
4.1
4.43333333333
5.4406779661
4.85
5.2
5.5
5.48333333333
5.08474576271
4.85
5.63333333333
5.28333333333
5.23333333333
5.18333333333
5.83050847458
5.01666666667
5.6
5.55
5.98333333333
4.62711864407
5.31666666667
5.05
5.69090909091
--END OF 4--
6.33333333333
7.59322033898
6.9
6.31666666667
7.5
7.16666666667
7.55
8.40677966102
7.28333333333
7.93333333333
6.08333333333
8.7
10.0833333333
7.50847457627
7.46666666667
7.26666666667
7.26666666667
7.7
7.43333333333
8.71186440678
8.23333333333
6.51666666667
6.8
8.55
7.76271186441
6.48333333333
7.43333333333
6.85
7.35
7.05084745763
6.55
6.76666666667
6.6
7.83333333333
6.9
7.62711864407
6.61666666667
7.33333333333
5.48333333333
6.15
7.08474576271
6.2
6.8
7.45
7.13333333333
6.93220338983
5.96666666667
6.96666666667
6.88333333333
6.78333333333
6.68333333333
7.20338983051
6.46666666667
6.31666666667
7.7
7.66666666667
5.77966101695
6.61666666667
6.0
7.96363636364
--END OF 5--
7.8
8.40677966102
7.5
7.31666666667
8.85
7.41666666667
7.9
8.66101694915
7.78333333333
8.98333333333
6.28333333333
10.05
11.6833333333
8.4406779661
8.36666666667
8.23333333333
7.43333333333
8.55
7.88333333333
9.57627118644
9.11666666667
6.9
7.05
9.06666666667
8.45762711864
6.93333333333
8.08333333333
7.7
7.5
7.54237288136
6.96666666667
7.06666666667
6.78333333333
7.85
7.1
7.93220338983
6.93333333333
7.76666666667
5.9
6.55
7.1186440678
6.5
7.25
7.8
8.28333333333
8.25423728814
6.06666666667
8.05
7.96666666667
7.7
7.05
7.86440677966
6.78333333333
7.13333333333
8.51666666667
7.86666666667
6.23728813559
6.61666666667
6.15
8.90909090909
--END OF 6--
1143.1
1177.93220339
1205.65
1071.35
1337.0
1232.85
1188.8
1281.76271186
1169.7
1270.65
1068.9
1266.3
1365.75
1259.18644068
1200.7
1253.6
1224.1
1283.35
1260.1
1305.96610169
1283.3
1220.95
1170.95
1229.0
1174.42372881
1132.65
1184.4
1117.35
1205.1
1140.25423729
1171.7
1102.0
1084.95
1202.35
1122.35
1207.37288136
1240.15
1153.8
938.1
1020.9
1170.96610169
1062.0
1125.6
1183.05
1108.8
1170.55932203
1071.85
1198.0
1143.6
1092.65
1116.2
1173.55932203
1077.45
1131.05
1254.35
1268.6
1083.50847458
1218.15
1159.95
1303.85454545
--END OF 7--
324.85
331.728813559
320.15
292.95
355.666666667
333.833333333
335.916666667
357.915254237
309.05
335.75
285.4
352.65
372.65
334.457627119
329.3
333.666666667
328.366666667
353.133333333
343.7
358.338983051
355.833333333
324.916666667
311.45
344.566666667
335.13559322
317.1
321.35
308.0
323.5
312.593220339
306.933333333
304.2
297.45
323.666666667
305.2
336.203389831
341.566666667
323.883333333
254.85
282.383333333
317.118644068
289.2
301.9
325.6
314.1
313.457627119
289.3
330.783333333
315.05
302.616666667
315.516666667
332.86440678
292.05
311.666666667
334.566666667
338.8
282.050847458
327.8
319.75
352.945454545
--END OF 8--
36.45
42.6440677966
38.8333333333
26.3
36.8666666667
33.3666666667
38.8166666667
45.2203389831
37.7
44.7
27.15
47.05
49.2
34.1525423729
34.9166666667
31.7833333333
31.3833333333
37.6833333333
39.8166666667
59.2542372881
51.8166666667
38.7666666667
34.2666666667
50.75
53.7796610169
32.0
39.4
32.55
38.05
32.4576271186
28.1333333333
36.0333333333
33.0666666667
37.8166666667
36.1166666667
37.4406779661
31.2833333333
40.4166666667
31.6
32.95
44.8474576271
31.1
35.35
33.05
37.6
40.7966101695
27.5666666667
35.0
34.0
33.2
37.3166666667
41.3728813559
39.4
21.0166666667
35.1333333333
36.4333333333
27.4406779661
34.05
27.65
45.7090909091
--END OF 9--
2.98333333333
3.18644067797
1.98333333333
3.03333333333
2.35
1.06666666667
1.43333333333
2.4406779661
3.35
5.3
2.6
6.0
11.35
4.32203389831
2.95
3.5
2.53333333333
1.88333333333
1.36666666667
3.10169491525
1.7
1.78333333333
1.93333333333
4.6
3.38983050847
2.0
4.1
3.35
2.0
3.76271186441
2.5
1.98333333333
2.68333333333
2.76666666667
1.2
2.23728813559
0.65
2.5
1.68333333333
3.21666666667
0.576271186441
1.4
1.55
2.95
4.3
3.57627118644
0.766666666667
2.41666666667
3.03333333333
3.18333333333
1.43333333333
1.01694915254
0.516666666667
1.76666666667
3.41666666667
1.81666666667
1.0
0.6
1.1
2.21818181818
--END OF 10--
1.48333333333
1.01694915254
1.11666666667
2.03333333333
2.35
0.0666666666667
0.433333333333
0.305084745763
0.7
1.75
0.25
1.95
2.05
0.932203389831
1.13333333333
1.56666666667
0.383333333333
1.28333333333
0.8
1.47457627119
1.33333333333
0.666666666667
0.5
0.216666666667
0.796610169492
0.5
0.9
1.4
0.2
0.64406779661
0.866666666667
0.5
0.483333333333
0.0166666666667
0.5
0.508474576271
0.366666666667
0.633333333333
0.516666666667
0.9
0.0847457627119
0.45
0.45
0.6
2.15
1.66101694915
0.216666666667
1.83333333333
1.81666666667
1.18333333333
0.166666666667
1.01694915254
0.516666666667
1.03333333333
1.51666666667
0.433333333333
0.508474576271
0.0
0.2
1.12727272727
--END OF 11--
0.566666666667
0.0
0.0
0.0
0.0
0.0
0.0
0.0
0.0
0.9
0.1
0.85
1.15
0.64406779661
0.366666666667
0.0
0.0
0.433333333333
0.0666666666667
0.169491525424
0.5
0.0
0.0
0.216666666667
0.796610169492
0.0
0.0
0.0
0.0
0.508474576271
0.0
0.0
0.0
0.0
0.0
0.0
0.366666666667
0.133333333333
0.0
0.0
0.0
0.0
0.4
0.1
0.1
0.915254237288
0.0
0.0
0.5
0.833333333333
0.166666666667
0.508474576271
0.0
0.416666666667
0.583333333333
0.0
0.508474576271
0.0
0.0
1.0
--END OF 12--
