13.1694915254
13.1833333333
14.0666666667
13.0833333333
12.95
12.7833333333
13.0847457627
14.4166666667
13.2333333333
12.9833333333
12.8666666667
12.7
12.7966101695
13.0833333333
12.6833333333
13.1333333333
13.05
14.0508474576
13.6333333333
13.25
14.7166666667
12.8666666667
12.4237288136
13.0666666667
12.55
12.8333333333
12.35
13.5084745763
12.8
12.0333333333
12.6833333333
12.1
12.7166666667
13.0338983051
11.65
13.3666666667
12.8666666667
12.4833333333
12.6949152542
13.5833333333
13.3
13.8
13.0666666667
13.7796610169
13.05
13.6166666667
14.45
13.8166666667
12.7796610169
13.2
13.75
13.7666666667
13.0166666667
12.9491525424
13.3666666667
13.3666666667
12.8833333333
12.85
14.0
13.9655172414
--END OF 1--
19.4576271186
18.4166666667
19.9166666667
17.8166666667
19.9833333333
19.75
19.2542372881
19.2666666667
18.3666666667
18.1666666667
18.05
18.1333333333
19.1694915254
18.9833333333
19.6666666667
19.1833333333
19.7333333333
19.6779661017
19.8333333333
17.7666666667
20.7666666667
18.25
19.0
19.6833333333
18.2666666667
19.1
17.9666666667
19.1525423729
18.5
18.2833333333
18.6
19.0
19.7333333333
19.5423728814
17.95
18.4833333333
19.2166666667
18.1666666667
18.4406779661
19.4166666667
19.5166666667
19.0833333333
19.0666666667
19.8813559322
19.35
21.2166666667
21.7
19.7166666667
18.1355932203
18.3833333333
19.1166666667
19.05
20.8166666667
19.6949152542
20.25
20.6166666667
18.7833333333
19.2333333333
20.2711864407
19.9137931034
--END OF 2--
20.3389830508
19.25
20.5166666667
18.4
20.4833333333
20.2166666667
19.9661016949
21.2333333333
18.8666666667
19.4833333333
18.7833333333
18.35
19.7118644068
20.0
20.6333333333
19.7333333333
20.6666666667
20.7966101695
20.3666666667
19.1166666667
21.7666666667
19.9166666667
20.1355932203
20.8833333333
19.6166666667
20.1166666667
19.0333333333
20.6101694915
19.3
20.5333333333
19.1666666667
19.65
20.2333333333
20.4237288136
18.2166666667
19.55
19.9
20.0166666667
19.8474576271
20.1833333333
20.7666666667
19.9833333333
19.6333333333
20.1694915254
20.15
21.85
22.5
20.6666666667
19.6271186441
19.3166666667
19.55
19.7833333333
21.8666666667
21.2033898305
20.95
21.0666666667
19.9
19.7833333333
20.6610169492
20.6379310345
--END OF 3--
13.1694915254
13.1833333333
14.0666666667
13.0833333333
12.95
12.7833333333
13.0847457627
14.4166666667
13.2333333333
12.9833333333
12.8666666667
12.7
12.7966101695
13.0833333333
12.6833333333
13.1333333333
13.05
14.0508474576
13.6333333333
13.25
14.7166666667
12.8666666667
12.4237288136
13.0666666667
12.55
12.8333333333
12.35
13.5084745763
12.8
12.0333333333
12.6833333333
12.1
12.7166666667
13.0338983051
11.65
13.3666666667
12.8666666667
12.4833333333
12.6949152542
13.5833333333
13.3
13.8
13.0666666667
13.7796610169
13.05
13.6166666667
14.45
13.8166666667
12.7796610169
13.2
13.75
13.7666666667
13.0166666667
12.9491525424
13.3666666667
13.3666666667
12.8833333333
12.85
14.0
13.9655172414
--END OF 4--
19.4576271186
18.4166666667
19.9166666667
17.8166666667
19.9833333333
19.75
19.2542372881
19.2666666667
18.3666666667
18.1666666667
18.05
18.1333333333
19.1694915254
18.9833333333
19.6666666667
19.1833333333
19.7333333333
19.6779661017
19.8333333333
17.7666666667
20.7666666667
18.25
19.0
19.6833333333
18.2666666667
19.1
17.9666666667
19.1525423729
18.5
18.2833333333
18.6
19.0
19.7333333333
19.5423728814
17.95
18.4833333333
19.2166666667
18.1666666667
18.4406779661
19.4166666667
19.5166666667
19.0833333333
19.0666666667
19.8813559322
19.35
21.2166666667
21.7
19.7166666667
18.1355932203
18.3833333333
19.1166666667
19.05
20.8166666667
19.6949152542
20.25
20.6166666667
18.7833333333
19.2333333333
20.2711864407
19.9137931034
--END OF 5--
20.3389830508
19.25
20.5166666667
18.4
20.4833333333
20.2166666667
19.9661016949
21.2333333333
18.8666666667
19.4833333333
18.7833333333
18.35
19.7118644068
20.0
20.6333333333
19.7333333333
20.6666666667
20.7966101695
20.3666666667
19.1166666667
21.7666666667
19.9166666667
20.1355932203
20.8833333333
19.6166666667
20.1166666667
19.0333333333
20.6101694915
19.3
20.5333333333
19.1666666667
19.65
20.2333333333
20.4237288136
18.2166666667
19.55
19.9
20.0166666667
19.8474576271
20.1833333333
20.7666666667
19.9833333333
19.6333333333
20.1694915254
20.15
21.85
22.5
20.6666666667
19.6271186441
19.3166666667
19.55
19.7833333333
21.8666666667
21.2033898305
20.95
21.0666666667
19.9
19.7833333333
20.6610169492
20.6379310345
--END OF 6--
2489.33898305
2510.8
2569.05
2415.2
2511.15
2587.5
2570.84745763
2657.4
2564.05
2506.65
2490.1
2459.7
2432.84745763
2513.6
2522.7
2616.45
2588.6
2637.30508475
2673.4
2477.2
2696.5
2510.25
2513.89830508
2541.35
2449.75
2531.15
2507.2
2586.3559322
2521.35
2437.5
2389.1
2495.85
2540.95
2459.94915254
2366.15
2630.7
2482.9
2464.95
2553.15254237
2605.1
2622.7
2685.6
2567.4
2593.62711864
2458.5
2629.25
2734.8
2577.9
2541.71186441
2478.05
2529.9
2577.0
2589.25
2535.71186441
2668.45
2614.25
2498.1
2555.2
2606.18644068
2685.93103448
--END OF 7--
707.627118644
711.366666667
729.066666667
696.283333333
715.216666667
701.9
713.169491525
744.2
726.866666667
715.083333333
702.433333333
682.5
686.694915254
698.0
690.95
713.75
727.116666667
739.86440678
746.45
694.733333333
762.4
705.1
703.033898305
721.35
698.666666667
719.15
691.716666667
708.508474576
693.65
679.0
680.9
706.433333333
708.966666667
709.644067797
667.633333333
720.033333333
702.2
691.283333333
696.016949153
730.066666667
736.966666667
737.2
716.75
732.93220339
690.7
730.383333333
777.85
732.25
694.203389831
684.816666667
710.683333333
720.8
716.016666667
723.288135593
742.283333333
727.9
702.8
722.216666667
736.355932203
747.655172414
--END OF 8--
124.627118644
110.033333333
119.433333333
106.633333333
137.933333333
122.866666667
121.016949153
105.433333333
111.15
104.383333333
110.133333333
115.7
116.728813559
113.633333333
126.983333333
117.2
136.6
118.610169492
118.783333333
99.1
129.7
106.283333333
130.711864407
129.366666667
113.05
123.483333333
118.416666667
125.118644068
106.85
127.7
121.85
121.3
125.8
129.254237288
122.833333333
116.566666667
126.25
111.05
112.644067797
128.983333333
117.05
103.7
118.166666667
119.711864407
116.5
135.483333333
141.1
130.75
102.677966102
97.5
114.783333333
112.216666667
138.95
136.423728814
126.7
127.533333333
125.383333333
119.55
122.627118644
121.137931034
--END OF 9--
6.01694915254
4.71666666667
4.55
5.55
6.06666666667
6.4
4.76271186441
6.65
3.25
5.9
2.13333333333
4.48333333333
7.8813559322
5.76666666667
9.0
6.75
5.31666666667
6.40677966102
7.13333333333
4.88333333333
6.16666666667
9.25
7.49152542373
8.26666666667
9.16666666667
9.06666666667
6.2
6.32203389831
5.3
7.7
5.71666666667
6.33333333333
7.91666666667
6.22033898305
3.55
3.48333333333
6.21666666667
9.11666666667
7.40677966102
5.33333333333
6.28333333333
5.55
4.43333333333
6.20338983051
6.25
11.85
8.3
4.05
6.37288135593
6.25
4.11666666667
5.21666666667
9.26666666667
7.77966101695
6.2
6.88333333333
6.16666666667
4.28333333333
4.49152542373
4.53448275862
--END OF 10--
1.28813559322
0.95
0.933333333333
0.9
0.25
0.916666666667
1.05084745763
3.51666666667
0.583333333333
2.36666666667
0.9
0.3
0.949152542373
1.53333333333
1.5
0.8
1.33333333333
1.76271186441
1.1
1.6
1.98333333333
1.38333333333
1.49152542373
1.31666666667
1.76666666667
1.31666666667
1.86666666667
2.52542372881
0.95
3.45
1.26666666667
1.15
0.666666666667
0.847457627119
0.2
1.46666666667
0.633333333333
2.76666666667
2.25423728814
0.95
1.41666666667
1.08333333333
0.5
0.0
1.45
0.616666666667
0.95
1.25
2.25423728814
0.583333333333
0.583333333333
0.75
1.96666666667
1.81355932203
1.21666666667
0.483333333333
1.35
0.85
0.728813559322
1.18965517241
--END OF 11--
0.271186440678
0.466666666667
0.0
0.0
0.0
0.0
0.661016949153
0.183333333333
0.5
0.0
0.5
0.0
0.0
0.333333333333
0.0
0.0
0.0
0.0
0.0
0.5
0.116666666667
1.38333333333
0.0
0.5
0.0666666666667
0.433333333333
0.0
0.0
0.0
0.7
0.3
0.0
0.0
0.0
0.0
0.5
0.0
0.5
0.0
0.0
0.5
1.0
0.0
0.0
0.5
0.0
0.45
0.05
0.0338983050847
0.466666666667
0.0
0.333333333333
0.1
0.0
0.0
0.116666666667
0.9
0.483333333333
0.0
0.0
--END OF 12--
