37.0333333333
37.0338983051
35.75
36.4333333333
34.85
35.4166666667
34.6833333333
33.7796610169
32.8666666667
33.0666666667
32.6
31.5333333333
31.4
32.15
29.9322033898
28.7333333333
30.4333333333
29.0333333333
30.2666666667
28.9152542373
28.2
27.9
27.3833333333
27.1166666667
26.9491525424
25.6833333333
25.6833333333
25.4833333333
25.9
25.7288135593
25.9666666667
24.5666666667
25.2833333333
24.9666666667
23.3389830508
24.6333333333
23.35
23.4166666667
22.4833333333
23.3666666667
22.5254237288
21.6833333333
21.7666666667
21.4
22.0833333333
22.2
22.3728813559
21.25
20.1666666667
21.2833333333
21.3666666667
19.3559322034
19.85
20.5166666667
20.4833333333
20.05
19.65
20.4237288136
19.5166666667
38.2586206897
--END OF 1--
50.45
51.3728813559
49.4
50.3333333333
50.7833333333
48.35
45.95
45.7457627119
45.6333333333
47.4833333333
48.2333333333
45.0166666667
44.75
46.0666666667
40.8644067797
42.0166666667
41.6166666667
41.5333333333
41.3666666667
39.6101694915
38.5666666667
38.6666666667
38.1
38.0666666667
37.4915254237
37.3666666667
36.4333333333
36.9
36.4833333333
35.2033898305
37.0666666667
35.05
35.4333333333
34.3333333333
33.6779661017
33.2666666667
32.9166666667
31.5
30.7666666667
32.7833333333
30.7796610169
30.85
31.3166666667
29.6333333333
30.4666666667
30.4666666667
29.6101694915
29.35
28.3166666667
28.6333333333
29.7333333333
26.8983050847
28.6833333333
28.9
28.9333333333
26.5666666667
26.2333333333
26.5254237288
26.6166666667
52.5689655172
--END OF 2--
53.2333333333
53.3220338983
51.1333333333
52.9833333333
54.4833333333
51.7166666667
48.3
49.2372881356
47.2666666667
49.2166666667
50.7833333333
47.55
46.5666666667
48.5833333333
42.7288135593
44.0166666667
44.4666666667
43.75
42.8666666667
41.5423728814
41.2666666667
40.0
40.2833333333
40.2
38.2372881356
39.9166666667
39.1333333333
39.8666666667
38.0833333333
37.0847457627
39.8166666667
37.9333333333
36.8166666667
35.3
35.7966101695
36.5833333333
35.4166666667
32.6666666667
31.6666666667
34.0166666667
32.2542372881
32.8666666667
33.0
31.8166666667
33.0166666667
31.9333333333
31.2542372881
31.1
29.6166666667
29.4833333333
30.75
28.0508474576
30.3
29.8833333333
29.8666666667
28.25
27.2666666667
27.5254237288
28.4
55.6206896552
--END OF 3--
28.8
28.6949152542
28.0666666667
28.65
27.9833333333
27.9333333333
27.9166666667
27.7627118644
27.2666666667
27.1333333333
27.1166666667
26.4333333333
26.5
26.8
25.6271186441
24.6833333333
25.95
24.9
25.8166666667
24.813559322
24.3666666667
24.1
23.95
23.65
23.5254237288
22.8833333333
23.0833333333
22.8
23.3
23.0677966102
23.1166666667
22.2666666667
22.8166666667
22.6333333333
21.7966101695
22.5
21.8
22.0
21.2333333333
21.5166666667
21.2542372881
20.7166666667
20.8
20.4
21.0666666667
21.1666666667
21.0847457627
20.25
19.5666666667
20.2833333333
20.3666666667
19.2033898305
19.6833333333
19.9666666667
20.0666666667
19.6833333333
19.4
19.9830508475
19.2666666667
29.2586206897
--END OF 4--
41.4
41.9152542373
40.9833333333
41.45
41.6166666667
40.25
39.1
39.0338983051
39.0833333333
39.9333333333
40.3166666667
38.7166666667
38.6833333333
39.2166666667
36.2881355932
37.0166666667
36.6833333333
36.6
36.5166666667
35.4745762712
34.7666666667
35.05
34.6666666667
34.4
34.186440678
34.0833333333
33.6
33.8166666667
33.7166666667
32.8644067797
33.9
32.7
32.95
32.4
31.9491525424
31.6666666667
31.5
30.6
30.35
31.15
30.0677966102
30.15
30.3166666667
29.4833333333
29.8666666667
29.9833333333
29.186440678
28.95
28.1166666667
28.4833333333
29.4833333333
26.8983050847
28.6166666667
28.8333333333
28.9166666667
26.5666666667
26.2333333333
26.5254237288
26.6166666667
42.4310344828
--END OF 5--
50.0
49.9322033898
48.7
49.7333333333
50.5833333333
48.9
46.85
47.4237288136
46.1666666667
47.45
48.4333333333
46.3333333333
45.65
46.95
42.6440677966
43.7
44.1666666667
43.5166666667
42.5666666667
41.4915254237
41.2666666667
40.0
40.2833333333
40.2
38.2372881356
39.9166666667
39.1333333333
39.8666666667
38.0833333333
37.0847457627
39.8166666667
37.9333333333
36.8166666667
35.3
35.7966101695
36.5833333333
35.4166666667
32.6666666667
31.6666666667
34.0166666667
32.2542372881
32.8666666667
33.0
31.8166666667
33.0166666667
31.9333333333
31.2542372881
31.1
29.6166666667
29.4833333333
30.75
28.0508474576
30.3
29.8833333333
29.8666666667
28.25
27.2666666667
27.5254237288
28.4
51.1724137931
--END OF 6--
6893.1
6792.81355932
6608.9
6756.05
6734.85
6734.9
6332.2
6118.72881356
6098.35
6284.9
6263.85
5956.2
5785.85
6043.9
5589.61016949
5519.15
5809.7
5566.7
5459.4
5525.33898305
5292.0
5302.35
5123.75
5160.05
5093.74576271
4887.0
4872.0
4846.55
4852.85
4936.16949153
4929.1
4781.0
4801.55
4566.6
4566.50847458
4717.5
4485.25
4366.1
4253.95
4546.1
4216.47457627
4283.15
4188.2
4088.25
4176.9
4211.95
4407.66101695
4132.65
3975.6
4099.35
4077.5
3854.54237288
3873.25
3966.55
3926.7
3767.85
3706.5
3799.01694915
3717.55
7087.24137931
--END OF 7--
1895.88333333
1880.61016949
1842.15
1883.65
1834.76666667
1840.51666667
1757.88333333
1726.22033898
1696.16666667
1722.3
1728.28333333
1652.08333333
1598.46666667
1671.66666667
1552.08474576
1522.08333333
1588.66666667
1538.66666667
1541.1
1511.05084746
1470.56666667
1441.86666667
1421.16666667
1424.73333333
1414.66101695
1361.78333333
1356.21666667
1344.88333333
1342.76666667
1332.76271186
1376.68333333
1324.95
1329.61666667
1288.76666667
1241.33898305
1283.35
1237.28333333
1206.56666667
1173.33333333
1273.25
1190.96610169
1177.35
1151.98333333
1135.86666667
1154.81666667
1158.53333333
1201.66101695
1139.1
1105.65
1111.7
1113.96666667
1039.16949153
1059.31666667
1095.78333333
1086.76666667
1043.6
1012.7
1050.98305085
1018.98333333
1973.51724138
--END OF 8--
261.766666667
295.237288136
249.4
267.466666667
277.016666667
250.116666667
232.883333333
244.694915254
248.95
249.833333333
266.05
240.8
253.15
262.566666667
210.762711864
230.0
215.933333333
230.616666667
218.7
208.508474576
206.166666667
210.55
202.966666667
206.433333333
197.661016949
203.566666667
201.566666667
194.683333333
198.733333333
190.474576271
199.7
205.083333333
178.866666667
187.616666667
186.881355932
180.983333333
185.016666667
172.933333333
165.95
179.933333333
157.813559322
170.4
175.2
155.95
159.066666667
158.55
158.966101695
157.9
143.75
162.25
155.65
160.711864407
158.766666667
167.7
162.083333333
145.383333333
141.683333333
136.474576271
140.1
280.051724138
--END OF 9--
15.0333333333
17.1016949153
15.1333333333
17.7
22.7166666667
15.75
16.4333333333
15.7118644068
9.55
19.4
19.1
18.25
19.2166666667
15.5333333333
11.2881355932
16.8666666667
14.0166666667
13.9
11.6
9.72881355932
12.9
9.76666666667
12.75
13.1333333333
12.3050847458
18.5833333333
15.7833333333
17.4666666667
12.2833333333
11.0847457627
17.0166666667
15.1333333333
13.75
7.7
11.5423728814
11.4166666667
14.6166666667
7.88333333333
6.66666666667
10.4166666667
10.1186440678
8.61666666667
12.4333333333
9.8
14.1833333333
10.7
5.27118644068
10.75
8.8
8.95
12.9166666667
7.06779661017
12.1833333333
10.0666666667
6.9
7.78333333333
6.76666666667
6.16949152542
9.28333333333
20.0344827586
--END OF 10--
3.45
1.98305084746
2.0
3.56666666667
4.0
4.5
2.63333333333
4.33898305085
2.03333333333
2.2
3.53333333333
3.16666666667
2.18333333333
3.55
2.74576271186
2.75
4.86666666667
2.78333333333
2.15
2.4406779661
3.6
2.15
2.51666666667
2.75
0.966101694915
3.33333333333
4.16666666667
4.3
3.25
2.38983050847
3.65
3.25
2.28333333333
1.46666666667
3.10169491525
4.65
3.68333333333
1.86666666667
1.5
1.75
2.13559322034
3.18333333333
1.78333333333
3.28333333333
3.41666666667
1.86666666667
2.35593220339
1.2
1.35
1.35
1.51666666667
1.49152542373
1.95
0.883333333333
1.21666666667
2.45
1.11666666667
1.54237288136
2.4
3.84482758621
--END OF 11--
0.45
0.508474576271
0.766666666667
0.466666666667
2.08333333333
0.916666666667
0.583333333333
0.508474576271
0.0
0.5
0.2
0.166666666667
0.333333333333
0.0833333333333
0.0847457627119
0.05
0.516666666667
0.316666666667
0.35
0.237288135593
1.0
0.0
0.466666666667
0.783333333333
0.118644067797
0.266666666667
0.366666666667
1.0
0.0
0.35593220339
0.85
0.466666666667
0.166666666667
0.4
0.220338983051
1.05
1.0
0.0833333333333
0.85
0.733333333333
0.0
0.5
1.13333333333
0.366666666667
1.13333333333
0.166666666667
0.35593220339
0.3
0.35
0.0
0.0
0.0
0.5
0.3
0.466666666667
0.366666666667
0.633333333333
0.71186440678
0.45
0.0172413793103
--END OF 12--
