12.8666666667
13.2833333333
13.1166666667
12.9166666667
13.2033898305
13.2
13.1
13.7666666667
12.9
13.2
11.7627118644
13.6
12.8666666667
13.3666666667
12.8166666667
13.7118644068
12.15
13.0666666667
12.6
12.6666666667
11.7627118644
12.3
13.0333333333
13.4
13.5
13.8
13.3050847458
13.5833333333
11.7
13.7333333333
12.3833333333
13.6440677966
13.1166666667
12.75
12.7166666667
12.6666666667
12.5833333333
12.8474576271
12.9333333333
12.85
13.5833333333
12.75
11.6333333333
13.0677966102
12.95
12.9166666667
12.5833333333
13.2666666667
12.6271186441
12.3833333333
12.4666666667
12.9833333333
13.2833333333
12.5423728814
11.9166666667
13.1166666667
12.8
12.3666666667
12.5762711864
12.9661016949
--END OF 1--
19.0666666667
18.2
17.85
19.1666666667
18.3898305085
18.45
18.6833333333
19.6166666667
17.45
17.05
17.7457627119
19.0666666667
17.6333333333
17.8666666667
17.2166666667
18.186440678
17.8833333333
18.3666666667
16.5333333333
17.4333333333
16.5593220339
17.6
17.9833333333
18.65
18.95
18.95
19.2372881356
20.2
16.3333333333
18.75
17.1833333333
19.1016949153
18.45
18.8666666667
18.45
18.4333333333
17.2333333333
17.6949152542
17.1833333333
18.2166666667
17.3333333333
17.7833333333
17.7833333333
19.0508474576
17.7666666667
16.9166666667
18.3
18.7
16.9152542373
17.0
17.4166666667
17.4166666667
19.4666666667
17.8474576271
17.3166666667
18.3166666667
17.4
16.8833333333
19.0169491525
18.186440678
--END OF 2--
19.9666666667
18.4666666667
19.5
20.0166666667
18.8813559322
19.1
19.1
19.8666666667
17.8
17.45
18.2881355932
19.9333333333
18.9333333333
18.6166666667
17.7166666667
18.5423728814
17.9833333333
18.65
17.45
18.6666666667
17.1694915254
18.7
18.0333333333
19.0
19.4
19.2
19.2372881356
20.6
16.9333333333
19.8
17.4166666667
19.7966101695
19.2833333333
19.2833333333
18.9
19.0333333333
17.3833333333
18.1525423729
17.6333333333
18.75
17.8833333333
17.8166666667
18.3833333333
19.2711864407
17.9166666667
17.1166666667
18.8833333333
19.9
17.2033898305
17.85
17.85
17.4166666667
21.3833333333
18.6949152542
17.8166666667
18.9666666667
17.55
17.4333333333
20.1016949153
19.5762711864
--END OF 3--
12.8666666667
13.2833333333
13.1166666667
12.9166666667
13.2033898305
13.2
13.1
13.7666666667
12.9
13.2
11.7627118644
13.6
12.8666666667
13.3666666667
12.8166666667
13.7118644068
12.15
13.0666666667
12.6
12.6666666667
11.7627118644
12.3
13.0333333333
13.4
13.5
13.8
13.3050847458
13.5833333333
11.7
13.7333333333
12.3833333333
13.6440677966
13.1166666667
12.75
12.7166666667
12.6666666667
12.5833333333
12.8474576271
12.9333333333
12.85
13.5833333333
12.75
11.6333333333
13.0677966102
12.95
12.9166666667
12.5833333333
13.2666666667
12.6271186441
12.3833333333
12.4666666667
12.9833333333
13.2833333333
12.5423728814
11.9166666667
13.1166666667
12.8
12.3666666667
12.5762711864
12.9661016949
--END OF 4--
19.0666666667
18.2
17.85
19.1666666667
18.3898305085
18.45
18.6833333333
19.6166666667
17.45
17.05
17.7457627119
19.0666666667
17.6333333333
17.8666666667
17.2166666667
18.186440678
17.8833333333
18.3666666667
16.5333333333
17.4333333333
16.5593220339
17.6
17.9833333333
18.65
18.95
18.95
19.2372881356
20.2
16.3333333333
18.75
17.1833333333
19.1016949153
18.45
18.8666666667
18.45
18.4333333333
17.2333333333
17.6949152542
17.1833333333
18.2166666667
17.3333333333
17.7833333333
17.7833333333
19.0508474576
17.7666666667
16.9166666667
18.3
18.7
16.9152542373
17.0
17.4166666667
17.4166666667
19.4666666667
17.8474576271
17.3166666667
18.3166666667
17.4
16.8833333333
19.0169491525
18.186440678
--END OF 5--
19.9666666667
18.4666666667
19.5
20.0166666667
18.8813559322
19.1
19.1
19.8666666667
17.8
17.45
18.2881355932
19.9333333333
18.9333333333
18.6166666667
17.7166666667
18.5423728814
17.9833333333
18.65
17.45
18.6666666667
17.1694915254
18.7
18.0333333333
19.0
19.4
19.2
19.2372881356
20.6
16.9333333333
19.8
17.4166666667
19.7966101695
19.2833333333
19.2833333333
18.9
19.0333333333
17.3833333333
18.1525423729
17.6333333333
18.75
17.8833333333
17.8166666667
18.3833333333
19.2711864407
17.9166666667
17.1166666667
18.8833333333
19.9
17.2033898305
17.85
17.85
17.4166666667
21.3833333333
18.6949152542
17.8166666667
18.9666666667
17.55
17.4333333333
20.1016949153
19.5762711864
--END OF 6--
2461.15
2528.7
2502.2
2592.5
2494.6779661
2540.85
2616.45
2590.2
2419.95
2451.6
2440.83050847
2577.0
2421.4
2512.8
2369.1
2511.50847458
2404.75
2419.55
2402.05
2420.9
2364.96610169
2324.85
2494.8
2520.9
2499.15
2500.05
2445.66101695
2544.95
2262.5
2518.0
2376.6
2508.10169492
2437.0
2444.5
2499.9
2503.6
2547.85
2319.0
2331.3
2364.1
2414.1
2460.35
2316.0
2480.28813559
2399.3
2360.6
2409.95
2579.4
2427.15254237
2355.95
2373.3
2430.9
2520.0
2427.91525424
2281.95
2440.2
2372.85
2230.85
2547.45762712
2467.77966102
--END OF 7--
698.7
703.45
694.416666667
714.85
698.169491525
702.95
733.15
756.7
673.0
697.3
676.305084746
733.333333333
680.966666667
704.45
662.566666667
697.033898305
677.0
682.95
675.983333333
668.25
659.796610169
665.25
688.3
701.3
704.6
717.5
695.677966102
717.216666667
640.016666667
707.35
666.9
711.779661017
691.45
685.866666667
684.483333333
688.333333333
691.166666667
668.406779661
661.2
668.083333333
685.9
685.116666667
653.95
702.559322034
683.566666667
673.3
681.55
698.25
667.254237288
661.833333333
665.183333333
687.766666667
724.85
675.525423729
651.35
675.5
667.85
635.816666667
696.06779661
694.423728814
--END OF 8--
109.55
101.316666667
108.866666667
117.2
100.796610169
117.35
108.883333333
126.3
109.15
101.55
109.576271186
121.366666667
111.266666667
106.316666667
100.583333333
107.745762712
109.333333333
117.65
102.616666667
109.966666667
91.6949152542
113.7
105.95
118.3
111.0
107.3
126.220338983
125.683333333
94.4
109.45
96.6833333333
114.525423729
117.45
113.516666667
113.9
119.55
97.3666666667
110.406779661
104.35
110.533333333
98.9
109.566666667
115.6
122.644067797
108.966666667
83.3833333333
108.15
110.483333333
94.5254237288
106.55
101.15
110.8
127.0
115.677966102
106.05
108.4
103.65
100.833333333
123.983050847
112.355932203
--END OF 9--
6.46666666667
3.46666666667
9.68333333333
8.36666666667
7.10169491525
5.2
5.53333333333
5.45
2.1
1.9
7.57627118644
4.45
5.18333333333
4.65
5.16666666667
3.22033898305
5.63333333333
3.18333333333
3.73333333333
6.93333333333
5.27118644068
6.05
3.1
2.55
5.1
2.55
4.96610169492
7.16666666667
3.08333333333
4.66666666667
4.75
3.81355932203
4.65
6.26666666667
6.1
5.31666666667
4.0
5.81355932203
3.3
4.41666666667
2.5
2.28333333333
5.45
4.23728813559
2.63333333333
2.15
5.81666666667
5.65
1.06779661017
3.23333333333
5.13333333333
2.88333333333
8.95
3.16949152542
4.15
6.15
2.5
4.11666666667
6.86440677966
5.96610169492
--END OF 10--
1.33333333333
0.633333333333
1.91666666667
1.21666666667
1.0
1.0
0.383333333333
0.25
0.75
0.5
0.796610169492
0.7
2.01666666667
0.5
0.233333333333
0.271186440678
0.166666666667
0.366666666667
1.41666666667
1.68333333333
1.10169491525
1.2
0.05
0.65
0.55
0.3
0.0
0.5
0.783333333333
1.7
0.1
1.32203389831
1.4
0.666666666667
1.01666666667
1.0
0.5
0.152542372881
0.45
0.933333333333
0.8
0.1
1.0
0.0
0.183333333333
0.316666666667
1.03333333333
1.46666666667
0.271186440678
1.28333333333
0.95
0.0166666666667
3.56666666667
1.28813559322
0.7
0.95
0.0
1.06666666667
1.25423728814
1.18644067797
--END OF 11--
0.183333333333
0.0
0.5
0.266666666667
0.491525423729
0.5
0.0833333333333
0.0
0.0
0.0
0.0
0.0
0.0
0.0
0.0
0.0
0.0
0.0
0.0666666666667
0.433333333333
0.0
0.45
0.05
0.0
0.0
0.0
0.0
0.0
0.0
0.0
0.0
0.0
0.0
0.0
0.0
0.0
0.0
0.0
0.0
0.0
0.0
0.0
0.0
0.0
0.183333333333
0.316666666667
0.0333333333333
0.966666666667
0.271186440678
0.233333333333
0.0
0.0
0.683333333333
0.677966101695
0.45
0.2
0.0
0.0
0.0
0.322033898305
--END OF 12--
