8.23333333333
7.05084745763
7.55
7.7
7.66666666667
7.55
7.55
7.4406779661
7.91666666667
7.48333333333
7.8
7.6
8.18333333333
8.35593220339
8.9
8.93333333333
8.38333333333
7.63333333333
8.73333333333
8.45762711864
8.56666666667
7.73333333333
8.33333333333
7.7
7.49152542373
7.28333333333
7.91666666667
8.21666666667
8.56666666667
8.53333333333
7.4406779661
7.5
8.01666666667
8.35
8.95
8.42372881356
8.46666666667
8.06666666667
8.71666666667
8.71666666667
8.75
8.13559322034
8.21666666667
7.51666666667
7.58333333333
8.4
7.08474576271
8.15
7.83333333333
8.73333333333
8.46666666667
8.45762711864
8.01666666667
7.73333333333
8.53333333333
8.25
8.83050847458
9.98333333333
8.4
7.62068965517
--END OF 1--
11.1833333333
9.61016949153
10.0333333333
10.1166666667
9.56666666667
9.25
9.43333333333
9.83050847458
9.93333333333
9.11666666667
10.1333333333
9.65
10.5666666667
10.2711864407
11.15
11.4333333333
11.4833333333
9.88333333333
10.4833333333
10.813559322
11.0166666667
9.03333333333
10.5833333333
9.65
9.49152542373
9.08333333333
9.71666666667
10.3333333333
10.75
10.45
10.6440677966
10.05
10.1666666667
11.1
11.65
11.3728813559
10.8166666667
10.8666666667
10.8
10.65
11.0
9.62711864407
9.6
9.51666666667
9.96666666667
11.65
9.16949152542
10.65
10.0833333333
11.3833333333
11.1166666667
10.4745762712
9.68333333333
10.35
10.3166666667
10.6166666667
10.5762711864
12.0333333333
10.15
9.72413793103
--END OF 2--
11.3333333333
9.91525423729
10.3666666667
10.2333333333
9.61666666667
9.25
9.43333333333
9.93220338983
10.35
9.66666666667
10.2666666667
9.65
10.9166666667
10.2711864407
11.15
12.1333333333
11.8333333333
9.88333333333
10.4833333333
11.2542372881
11.3833333333
9.46666666667
11.1833333333
10.0666666667
9.59322033898
9.43333333333
9.91666666667
10.3333333333
11.0166666667
10.6833333333
10.6440677966
10.3
10.8166666667
11.3
12.15
11.4237288136
10.8166666667
11.0666666667
11.3
10.65
12.35
10.0338983051
9.71666666667
9.71666666667
10.6
12.4166666667
9.86440677966
10.9
10.5333333333
11.4333333333
11.1166666667
10.8305084746
10.4833333333
10.6
10.3166666667
10.8166666667
11.3389830508
12.25
10.6833333333
9.72413793103
--END OF 3--
8.23333333333
7.05084745763
7.55
7.7
7.66666666667
7.55
7.55
7.4406779661
7.91666666667
7.48333333333
7.8
7.6
8.18333333333
8.35593220339
8.9
8.93333333333
8.38333333333
7.63333333333
8.73333333333
8.45762711864
8.56666666667
7.73333333333
8.33333333333
7.7
7.49152542373
7.28333333333
7.91666666667
8.21666666667
8.56666666667
8.53333333333
7.4406779661
7.5
8.01666666667
8.35
8.95
8.42372881356
8.46666666667
8.06666666667
8.71666666667
8.71666666667
8.75
8.13559322034
8.21666666667
7.51666666667
7.58333333333
8.4
7.08474576271
8.15
7.83333333333
8.73333333333
8.46666666667
8.45762711864
8.01666666667
7.73333333333
8.53333333333
8.25
8.83050847458
9.98333333333
8.4
7.62068965517
--END OF 4--
11.1833333333
9.61016949153
10.0333333333
10.1166666667
9.56666666667
9.25
9.43333333333
9.83050847458
9.93333333333
9.11666666667
10.1333333333
9.65
10.5666666667
10.2711864407
11.15
11.4333333333
11.4833333333
9.88333333333
10.4833333333
10.813559322
11.0166666667
9.03333333333
10.5833333333
9.65
9.49152542373
9.08333333333
9.71666666667
10.3333333333
10.75
10.45
10.6440677966
10.05
10.1666666667
11.1
11.65
11.3728813559
10.8166666667
10.8666666667
10.8
10.65
11.0
9.62711864407
9.6
9.51666666667
9.96666666667
11.65
9.16949152542
10.65
10.0833333333
11.3833333333
11.1166666667
10.4745762712
9.68333333333
10.35
10.3166666667
10.6166666667
10.5762711864
12.0333333333
10.15
9.72413793103
--END OF 5--
11.3333333333
9.91525423729
10.3666666667
10.2333333333
9.61666666667
9.25
9.43333333333
9.93220338983
10.35
9.66666666667
10.2666666667
9.65
10.9166666667
10.2711864407
11.15
12.1333333333
11.8333333333
9.88333333333
10.4833333333
11.2542372881
11.3833333333
9.46666666667
11.1833333333
10.0666666667
9.59322033898
9.43333333333
9.91666666667
10.3333333333
11.0166666667
10.6833333333
10.6440677966
10.3
10.8166666667
11.3
12.15
11.4237288136
10.8166666667
11.0666666667
11.3
10.65
12.35
10.0338983051
9.71666666667
9.71666666667
10.6
12.4166666667
9.86440677966
10.9
10.5333333333
11.4333333333
11.1166666667
10.8305084746
10.4833333333
10.6
10.3166666667
10.8166666667
11.3389830508
12.25
10.6833333333
9.72413793103
--END OF 6--
1645.05
1504.52542373
1538.05
1584.25
1565.25
1519.7
1485.0
1541.33898305
1611.1
1609.55
1589.25
1545.45
1667.0
1646.79661017
1724.25
1708.2
1666.8
1576.35
1614.0
1619.33898305
1781.4
1601.55
1668.8
1589.3
1582.22033898
1562.7
1547.5
1627.95
1687.4
1625.65
1592.79661017
1601.7
1670.55
1676.85
1752.3
1700.23728814
1683.45
1667.1
1663.75
1730.95
1779.1
1601.44067797
1609.7
1593.05
1599.55
1708.95
1516.93220339
1669.5
1585.05
1754.25
1756.2
1646.89830508
1611.0
1602.55
1630.8
1747.6
1742.33898305
1866.35
1667.55
1546.29310345
--END OF 7--
468.55
410.322033898
426.783333333
430.883333333
423.733333333
414.083333333
411.816666667
419.508474576
447.783333333
437.433333333
430.966666667
426.416666667
450.75
454.93220339
482.95
474.85
474.3
433.4
454.95
458.559322034
483.533333333
432.566666667
454.766666667
444.416666667
434.338983051
426.1
425.083333333
447.35
469.583333333
452.283333333
444.406779661
449.15
459.8
467.0
488.05
467.203389831
461.783333333
455.966666667
461.85
477.266666667
488.966666667
436.474576271
451.4
431.95
447.15
473.716666667
408.491525424
462.2
438.1
482.7
484.4
460.813559322
445.266666667
453.916666667
460.616666667
467.6
477.254237288
517.85
458.25
423.0
--END OF 8--
45.9
50.7796610169
55.5666666667
54.0333333333
41.05
41.5166666667
47.75
46.7288135593
63.35
45.1666666667
44.7833333333
48.7666666667
40.8666666667
49.2881355932
51.05
53.45
63.6
47.6
63.95
57.8813559322
53.4333333333
41.7833333333
52.1166666667
47.7333333333
48.5423728814
43.0833333333
41.9166666667
53.1166666667
50.8166666667
49.25
53.3898305085
51.05
54.55
60.65
58.95
56.6779661017
53.1333333333
60.7833333333
53.05
51.4166666667
51.9
43.1016949153
43.0333333333
47.7166666667
58.2833333333
59.7833333333
44.5762711864
48.7
54.7
57.7
61.0
53.2203389831
52.75
46.6666666667
45.8166666667
64.0333333333
49.0847457627
60.0666666667
47.0166666667
46.3620689655
--END OF 9--
3.5
1.49152542373
3.81666666667
2.38333333333
0.816666666667
0.883333333333
2.0
2.05084745763
1.23333333333
1.41666666667
2.25
0.916666666667
3.55
0.457627118644
1.1
2.95
2.05
1.6
0.35
3.32203389831
2.2
1.26666666667
2.61666666667
2.08333333333
1.42372881356
1.96666666667
2.18333333333
1.75
1.38333333333
3.21666666667
2.15254237288
2.6
1.8
1.6
1.6
1.89830508475
1.36666666667
2.93333333333
1.73333333333
0.883333333333
4.11666666667
0.508474576271
0.683333333333
2.53333333333
1.7
5.28333333333
1.8813559322
1.2
1.5
1.75
0.5
1.52542372881
3.2
1.18333333333
0.733333333333
1.38333333333
2.22033898305
1.83333333333
2.3
0.948275862069
--END OF 10--
0.1
0.406779661017
0.433333333333
0.0666666666667
0.0
0.0
0.0
0.169491525424
0.75
0.583333333333
0.0
0.0
0.5
0.0
0.0
1.0
0.5
0.0
0.0
0.796610169492
0.716666666667
0.5
0.833333333333
0.65
0.0169491525424
0.0
0.0
0.0
0.466666666667
0.0333333333333
0.0
0.55
0.95
0.5
0.5
0.0
0.0
0.0
1.0
0.0
2.5
0.508474576271
0.166666666667
0.333333333333
0.5
1.43333333333
0.576271186441
0.0
0.5
0.0
0.0
0.508474576271
0.0833333333333
0.416666666667
0.0
0.0
0.508474576271
0.216666666667
0.783333333333
0.0
--END OF 11--
0.0
0.0
0.0
0.0
0.0
0.0
0.0
0.0
0.0
0.5
0.0
0.0
0.0
0.0
0.0
0.0
0.0
0.0
0.0
0.28813559322
0.216666666667
0.0
0.0
0.0
0.0
0.0
0.0
0.0
0.466666666667
0.0333333333333
0.0
0.0
0.0
0.0
0.5
0.0
0.0
0.0
0.0
0.0
0.0
0.0
0.0
0.0
0.0
0.0166666666667
0.491525423729
0.0
0.0
0.0
0.0
0.0
0.0
0.0
0.0
0.0
0.508474576271
0.0
0.0
0.0
--END OF 12--
