16.2666666667
17.2333333333
17.3833333333
16.4833333333
16.45
17.0169491525
17.2333333333
17.2333333333
16.75
17.7833333333
16.4833333333
16.8983050847
16.55
16.2666666667
15.4166666667
16.6
17.2033898305
16.6166666667
16.8
15.9333333333
16.0
15.3389830508
14.4
16.25
16.4666666667
15.9666666667
15.2542372881
16.3833333333
16.8333333333
15.7
16.2
16.3389830508
15.5166666667
15.3666666667
17.25
15.55
16.5254237288
16.6333333333
15.9333333333
15.55
16.4833333333
16.5254237288
16.9166666667
17.5333333333
16.7666666667
17.65
17.0677966102
16.2666666667
16.5166666667
16.1333333333
15.5833333333
17.0677966102
18.7833333333
17.55
16.3333333333
16.8833333333
17.2542372881
16.4333333333
16.8166666667
17.0877192982
--END OF 1--
23.0333333333
24.3833333333
24.0833333333
23.5333333333
25.0833333333
22.6440677966
24.2333333333
24.3
23.6
25.1833333333
22.7333333333
23.4915254237
22.95
23.4
22.0166666667
23.9
24.2881355932
23.6833333333
24.3
22.5
23.2666666667
22.2542372881
21.75
22.8166666667
23.4
22.2166666667
23.8644067797
22.9333333333
23.8
22.25
22.4166666667
23.1355932203
22.2166666667
23.5
24.3833333333
22.55
23.9491525424
23.5833333333
23.6333333333
24.1
23.9666666667
23.4745762712
23.9333333333
24.5666666667
24.2333333333
26.2666666667
24.5762711864
22.0
22.55
23.2
22.95
24.7118644068
26.0333333333
25.55
24.2
23.7333333333
23.7627118644
24.7666666667
24.4166666667
24.3859649123
--END OF 2--
24.0666666667
25.1333333333
24.8166666667
24.85
25.35
23.8305084746
24.9333333333
25.4666666667
24.2
25.7833333333
23.3333333333
24.3898305085
23.2833333333
24.0333333333
22.6666666667
26.1333333333
24.8474576271
24.8166666667
24.7166666667
22.6666666667
23.55
23.1525423729
23.5
23.9
23.4
22.7166666667
25.1525423729
24.4333333333
25.35
23.6333333333
23.5333333333
23.5254237288
22.4833333333
24.2666666667
25.6
22.9666666667
25.2033898305
24.0333333333
23.6333333333
25.3
25.8
24.7627118644
25.6166666667
25.4833333333
24.7333333333
27.2666666667
26.9661016949
24.2
25.15
24.8666666667
24.9333333333
25.3389830508
26.5333333333
26.2833333333
25.4
25.2833333333
25.2033898305
25.3333333333
25.2166666667
26.0526315789
--END OF 3--
16.2666666667
17.2333333333
17.3833333333
16.4833333333
16.45
17.0169491525
17.2333333333
17.2333333333
16.75
17.7833333333
16.4833333333
16.8983050847
16.55
16.2666666667
15.4166666667
16.6
17.2033898305
16.6166666667
16.8
15.9333333333
16.0
15.3389830508
14.4
16.25
16.4666666667
15.9666666667
15.2542372881
16.3833333333
16.8333333333
15.7
16.2
16.3389830508
15.5166666667
15.3666666667
17.25
15.55
16.5254237288
16.6333333333
15.9333333333
15.55
16.4833333333
16.5254237288
16.9166666667
17.5333333333
16.7666666667
17.65
17.0677966102
16.2666666667
16.5166666667
16.1333333333
15.5833333333
17.0677966102
18.7833333333
17.55
16.3333333333
16.8833333333
17.2542372881
16.4333333333
16.8166666667
17.0877192982
--END OF 4--
23.0333333333
24.3833333333
24.0833333333
23.5333333333
25.0833333333
22.6440677966
24.2333333333
24.3
23.6
25.1833333333
22.7333333333
23.4915254237
22.95
23.4
22.0166666667
23.9
24.2881355932
23.6833333333
24.3
22.5
23.2666666667
22.2542372881
21.75
22.8166666667
23.4
22.2166666667
23.8644067797
22.9333333333
23.8
22.25
22.4166666667
23.1355932203
22.2166666667
23.5
24.3833333333
22.55
23.9491525424
23.5833333333
23.6333333333
24.1
23.9666666667
23.4745762712
23.9333333333
24.5666666667
24.2333333333
26.2666666667
24.5762711864
22.0
22.55
23.2
22.95
24.7118644068
26.0333333333
25.55
24.2
23.7333333333
23.7627118644
24.7666666667
24.4166666667
24.3859649123
--END OF 5--
24.0666666667
25.1333333333
24.8166666667
24.85
25.35
23.8305084746
24.9333333333
25.4666666667
24.2
25.7833333333
23.3333333333
24.3898305085
23.2833333333
24.0333333333
22.6666666667
26.1333333333
24.8474576271
24.8166666667
24.7166666667
22.6666666667
23.55
23.1525423729
23.5
23.9
23.4
22.7166666667
25.1525423729
24.4333333333
25.35
23.6333333333
23.5333333333
23.5254237288
22.4833333333
24.2666666667
25.6
22.9666666667
25.2033898305
24.0333333333
23.6333333333
25.3
25.8
24.7627118644
25.6166666667
25.4833333333
24.7333333333
27.2666666667
26.9661016949
24.2
25.15
24.8666666667
24.9333333333
25.3389830508
26.5333333333
26.2833333333
25.4
25.2833333333
25.2033898305
25.3333333333
25.2166666667
26.0526315789
--END OF 6--
3088.05
3249.65
3241.9
3182.25
3147.1
3133.98305085
3249.45
3244.15
3019.2
3225.0
3150.45
3114.76271186
3139.7
3165.85
2903.9
3189.35
3195.71186441
3109.1
3233.2
3043.2
3028.45
2836.01694915
2757.6
3082.25
3073.65
2979.9
2970.3559322
3048.85
3203.75
3049.7
3127.5
2997.05084746
2864.0
3009.1
3135.5
2971.75
3213.40677966
3160.95
2977.05
2937.6
3222.3
2997.71186441
3131.05
3270.65
3069.8
3332.3
3133.47457627
2956.45
3047.25
3055.45
2948.45
3183.25423729
3371.4
3252.95
2995.6
3110.25
3152.49152542
3137.9
3187.7
3097.47368421
--END OF 7--
857.716666667
918.45
911.733333333
897.033333333
889.583333333
878.06779661
917.15
913.283333333
848.4
925.0
874.9
880.457627119
877.083333333
858.7
798.683333333
908.05
896.372881356
878.75
895.05
849.216666667
858.083333333
805.525423729
782.45
846.45
862.75
826.6
830.813559322
870.95
902.266666667
857.166666667
875.6
837.983050847
815.766666667
843.7
902.416666667
834.6
882.983050847
895.2
859.8
829.1
884.85
854.220338983
874.7
912.733333333
860.833333333
932.766666667
888.423728814
843.616666667
862.183333333
863.55
843.683333333
900.711864407
952.95
918.416666667
850.733333333
880.85
894.644067797
885.766666667
897.866666667
878.631578947
--END OF 8--
154.066666667
159.283333333
146.066666667
146.333333333
153.683333333
128.745762712
147.5
158.9
146.45
150.85
131.9
138.661016949
135.716666667
150.116666667
136.133333333
145.216666667
155.372881356
149.8
157.183333333
127.816666667
141.583333333
127.93220339
145.5
129.233333333
152.933333333
139.5
151.86440678
136.55
146.6
133.3
129.55
134.203389831
137.566666667
160.25
142.616666667
142.433333333
147.101694915
135.2
149.6
159.4
156.883333333
143.203389831
143.733333333
146.083333333
153.183333333
152.283333333
163.728813559
132.3
135.266666667
143.383333333
138.95
154.457627119
156.0
168.866666667
158.75
133.85
134.084745763
160.516666667
150.566666667
169.842105263
--END OF 9--
5.55
4.88333333333
5.0
8.38333333333
8.41666666667
7.18644067797
4.3
4.46666666667
5.65
6.85
5.05
7.74576271186
3.75
4.38333333333
5.81666666667
9.18333333333
4.20338983051
4.73333333333
5.35
5.86666666667
6.51666666667
8.47457627119
9.35
6.61666666667
3.8
4.05
11.1186440678
5.48333333333
5.93333333333
7.6
6.75
6.23728813559
5.26666666667
8.61666666667
8.26666666667
6.6
6.10169491525
5.25
5.05
11.45
7.85
6.30508474576
6.75
4.08333333333
6.75
12.3333333333
9.15254237288
6.95
8.0
8.9
8.1
4.52542372881
5.15
7.15
6.88333333333
8.45
11.5423728814
7.71666666667
5.98333333333
7.38596491228
--END OF 10--
2.1
0.733333333333
0.733333333333
1.68333333333
0.333333333333
0.983050847458
1.25
1.41666666667
0.65
0.45
0.6
0.949152542373
0.05
1.08333333333
0.75
3.45
0.813559322034
1.75
0.7
0.35
0.45
1.15254237288
1.85
0.9
0.0166666666667
0.75
1.89830508475
2.51666666667
2.45
1.6
1.71666666667
0.491525423729
0.483333333333
0.85
2.08333333333
0.816666666667
1.81355932203
0.9
0.0
0.95
2.16666666667
1.35593220339
1.9
1.71666666667
0.55
1.18333333333
3.40677966102
2.58333333333
4.0
2.76666666667
2.38333333333
0.254237288136
1.0
1.06666666667
1.95
2.8
1.89830508475
0.616666666667
1.05
2.0350877193
--END OF 11--
0.0
0.5
0.2
0.216666666667
0.05
0.0
0.0
0.0
0.0
0.0
0.0
0.372881355932
0.0
0.0
0.0
0.483333333333
0.525423728814
0.466666666667
0.0333333333333
0.0
0.0
0.559322033898
0.55
0.0
0.0
0.25
0.254237288136
0.633333333333
0.983333333333
0.816666666667
0.0
0.338983050847
0.0
0.0
0.0
0.0
0.0
0.0
0.0
0.0
0.516666666667
0.64406779661
0.416666666667
0.0
0.0
0.533333333333
0.135593220339
0.633333333333
1.5
0.0
0.0
0.0
0.0
0.266666666667
0.0
0.0
0.0
0.0
0.0
0.0
--END OF 12--
