11.2372881356
9.68333333333
10.5166666667
10.3333333333
11.1333333333
10.3166666667
10.2666666667
11.6101694915
10.7166666667
10.8666666667
9.88333333333
10.3833333333
10.05
10.4576271186
11.2333333333
10.1
11.3
11.05
11.0169491525
11.05
11.0333333333
11.35
10.9666666667
11.4237288136
11.75
11.6
12.1166666667
10.4
10.7627118644
11.2833333333
11.5166666667
11.5666666667
11.45
11.2
11.2542372881
11.25
11.1666666667
11.95
11.7333333333
11.6610169492
10.6833333333
11.8166666667
10.0
11.0
11.3220338983
11.55
11.3
10.25
11.9
11.8474576271
11.1666666667
10.2
11.6666666667
11.2333333333
10.4333333333
10.1186440678
11.8833333333
11.2
10.4166666667
11.3965517241
--END OF 1--
15.0169491525
12.5166666667
14.3333333333
13.8666666667
14.8333333333
13.6666666667
14.2666666667
15.406779661
13.9166666667
14.5833333333
13.3666666667
15.45
13.8333333333
14.9661016949
14.2833333333
14.6
16.2
14.8
14.4576271186
14.3166666667
14.6166666667
15.1166666667
14.3833333333
13.593220339
15.5166666667
15.6166666667
16.5
15.65
14.0677966102
15.1833333333
16.5166666667
15.2666666667
16.0
14.45
14.3728813559
15.5166666667
14.9166666667
16.25
17.15
17.8983050847
15.6
16.95
15.5666666667
15.4833333333
15.0169491525
16.5
14.15
14.4
16.65
16.7796610169
14.85
14.0
16.0666666667
15.85
14.7
13.593220339
15.95
15.4333333333
13.3833333333
15.8793103448
--END OF 2--
16.1694915254
12.9833333333
14.5
14.2
15.65
13.6666666667
14.2666666667
16.186440678
14.5
14.9333333333
13.7833333333
16.5333333333
14.2833333333
15.3728813559
14.4833333333
14.9
16.85
16.7
15.9661016949
14.3333333333
15.9833333333
15.6333333333
15.15
14.4576271186
16.2333333333
15.65
17.2333333333
16.0166666667
14.0677966102
15.1833333333
17.5666666667
16.3166666667
16.75
14.7
14.6271186441
16.0666666667
15.6166666667
16.25
18.7833333333
18.8305084746
15.8666666667
17.6
16.3666666667
16.2333333333
15.7627118644
18.35
14.4
15.0
17.85
17.7966101695
15.35
14.4
16.8166666667
16.4833333333
14.75
14.7796610169
17.1333333333
16.3833333333
13.3833333333
16.9827586207
--END OF 3--
11.2372881356
9.68333333333
10.5166666667
10.3333333333
11.1333333333
10.3166666667
10.2666666667
11.6101694915
10.7166666667
10.8666666667
9.88333333333
10.3833333333
10.05
10.4576271186
11.2333333333
10.1
11.3
11.05
11.0169491525
11.05
11.0333333333
11.35
10.9666666667
11.4237288136
11.75
11.6
12.1166666667
10.4
10.7627118644
11.2833333333
11.5166666667
11.5666666667
11.45
11.2
11.2542372881
11.25
11.1666666667
11.95
11.7333333333
11.6610169492
10.6833333333
11.8166666667
10.0
11.0
11.3220338983
11.55
11.3
10.25
11.9
11.8474576271
11.1666666667
10.2
11.6666666667
11.2333333333
10.4333333333
10.1186440678
11.8833333333
11.2
10.4166666667
11.3965517241
--END OF 4--
15.0169491525
12.5166666667
14.3333333333
13.8666666667
14.8333333333
13.6666666667
14.2666666667
15.406779661
13.9166666667
14.5833333333
13.3666666667
15.45
13.8333333333
14.9661016949
14.2833333333
14.6
16.2
14.8
14.4576271186
14.3166666667
14.6166666667
15.1166666667
14.3833333333
13.593220339
15.5166666667
15.6166666667
16.5
15.65
14.0677966102
15.1833333333
16.5166666667
15.2666666667
16.0
14.45
14.3728813559
15.5166666667
14.9166666667
16.25
17.15
17.8983050847
15.6
16.95
15.5666666667
15.4833333333
15.0169491525
16.5
14.15
14.4
16.65
16.7796610169
14.85
14.0
16.0666666667
15.85
14.7
13.593220339
15.95
15.4333333333
13.3833333333
15.8793103448
--END OF 5--
16.1694915254
12.9833333333
14.5
14.2
15.65
13.6666666667
14.2666666667
16.186440678
14.5
14.9333333333
13.7833333333
16.5333333333
14.2833333333
15.3728813559
14.4833333333
14.9
16.85
16.7
15.9661016949
14.3333333333
15.9833333333
15.6333333333
15.15
14.4576271186
16.2333333333
15.65
17.2333333333
16.0166666667
14.0677966102
15.1833333333
17.5666666667
16.3166666667
16.75
14.7
14.6271186441
16.0666666667
15.6166666667
16.25
18.7833333333
18.8305084746
15.8666666667
17.6
16.3666666667
16.2333333333
15.7627118644
18.35
14.4
15.0
17.85
17.7966101695
15.35
14.4
16.8166666667
16.4833333333
14.75
14.7796610169
17.1333333333
16.3833333333
13.3833333333
16.9827586207
--END OF 6--
2113.11864407
1930.1
2079.55
2007.35
2025.55
1984.8
1984.2
2193.3559322
2031.8
2089.7
2028.75
2135.55
1978.65
2125.57627119
2144.55
2040.6
2149.8
2121.15
2080.57627119
2106.9
2110.35
2175.95
2147.2
2168.13559322
2241.25
2178.15
2266.0
2138.9
2103.45762712
2180.55
2304.9
2227.5
2295.9
2120.1
2003.54237288
2142.25
2169.05
2302.15
2253.1
2322.0
2204.15
2250.25
2037.3
2175.5
2174.84745763
2238.9
2118.3
1924.35
2262.3
2282.38983051
2119.15
2128.15
2237.35
2190.7
2092.8
2038.88135593
2294.5
2189.0
2078.1
2136.0
--END OF 7--
589.237288136
525.366666667
564.966666667
562.983333333
577.6
555.933333333
545.183333333
612.118644068
572.166666667
589.533333333
559.116666667
587.216666667
552.05
601.949152542
597.35
564.4
598.25
587.8
578.084745763
581.633333333
585.716666667
599.283333333
589.966666667
602.813559322
621.9
603.266666667
639.316666667
602.416666667
581.118644068
603.5
652.55
632.3
630.05
581.25
574.847457627
610.983333333
608.716666667
632.883333333
635.516666667
648.86440678
617.2
634.4
576.2
598.066666667
600.847457627
623.5
593.6
553.65
643.9
652.542372881
596.833333333
590.533333333
621.766666667
619.85
582.366666667
556.983050847
647.916666667
619.616666667
568.616666667
598.603448276
--END OF 8--
87.0508474576
60.4833333333
76.4166666667
88.4833333333
86.7833333333
76.9
87.4666666667
83.4406779661
73.3333333333
79.3
77.15
98.5166666667
80.8333333333
101.576271186
70.75
90.65
89.85
86.8
80.6949152542
68.9166666667
88.7166666667
87.0166666667
65.4833333333
60.8813559322
89.7
90.5333333333
94.4833333333
88.4333333333
75.6271186441
84.8
80.2
85.7
96.75
82.0
76.6440677966
84.5
86.3
93.3833333333
100.65
97.5254237288
89.45
100.583333333
103.283333333
90.1666666667
74.1694915254
92.15
68.15
88.8
96.75
103.966101695
84.7333333333
84.0
93.2833333333
95.4
83.3666666667
75.0677966102
91.25
97.4333333333
64.4
97.724137931
--END OF 9--
4.96610169492
1.56666666667
3.15
1.38333333333
5.36666666667
1.5
2.1
4.35593220339
2.1
2.2
1.51666666667
4.76666666667
4.71666666667
3.4406779661
2.9
3.8
6.55
5.8
3.1186440678
1.25
5.23333333333
1.3
4.36666666667
2.32203389831
1.9
1.85
4.08333333333
4.96666666667
1.23728813559
2.0
7.8
3.2
3.45
2.65
3.4406779661
3.13333333333
1.96666666667
2.8
7.95
9.23728813559
4.13333333333
4.51666666667
4.43333333333
5.08333333333
5.47457627119
10.0
2.4
3.45
7.25
3.62711864407
2.63333333333
4.46666666667
4.3
3.63333333333
2.13333333333
5.06779661017
4.78333333333
5.51666666667
1.3
4.72413793103
--END OF 10--
1.42372881356
0.5
0.433333333333
0.683333333333
1.31666666667
0.0
0.0
1.0
0.516666666667
0.5
0.366666666667
1.63333333333
0.316666666667
0.694915254237
0.15
0.85
1.0
2.4
2.45762711864
0.183333333333
2.3
1.05
1.15
0.694915254237
0.733333333333
0.0833333333333
1.3
0.566666666667
0.0
0.0
1.8
1.7
1.1
0.4
0.508474576271
1.0
1.0
0.0
2.46666666667
1.47457627119
0.7
0.8
1.03333333333
1.58333333333
1.10169491525
2.45
0.1
0.6
1.4
1.01694915254
0.333333333333
0.166666666667
0.6
0.9
0.0
1.59322033898
1.93333333333
1.5
0.0
1.87931034483
--END OF 11--
0.0
0.0
0.0
0.0
0.0
0.0
0.0
0.0
0.0
0.5
0.366666666667
0.133333333333
0.0
0.0
0.0
0.0
0.0
0.0
0.508474576271
0.0
0.5
0.0
0.5
0.0
0.0
0.0
0.483333333333
0.116666666667
0.0
0.0
0.05
0.45
0.0
0.0
0.0
0.0
0.0
0.0
0.5
0.0
0.0
0.0
0.0
0.0
0.0
0.5
0.0
0.0
0.5
0.0
0.0
0.0
0.183333333333
0.316666666667
0.0
0.0
0.0
0.5
0.0
0.0
--END OF 12--
