21.9
22.6833333333
23.3666666667
22.15
23.186440678
22.5833333333
22.15
22.05
22.6333333333
22.85
23.4915254237
22.55
21.4833333333
22.8333333333
21.95
22.5833333333
21.3389830508
21.95
22.2166666667
21.3666666667
21.05
22.2542372881
22.6
22.7166666667
21.9
21.3333333333
22.2166666667
22.3050847458
22.6833333333
21.9833333333
21.5166666667
21.0833333333
20.0166666667
22.0338983051
22.7333333333
22.35
22.5166666667
22.6
22.1355932203
22.1333333333
21.8
21.85
21.3333333333
20.8813559322
21.75
21.2
22.95
20.6
22.9
21.7118644068
22.15
21.7333333333
22.3166666667
21.25
22.2542372881
22.3666666667
21.4833333333
21.5333333333
22.05
22.1052631579
--END OF 1--
31.0166666667
30.7166666667
31.8333333333
30.1833333333
31.6271186441
31.2666666667
30.05
30.8833333333
30.5833333333
30.45
30.7118644068
32.7
29.5833333333
32.0833333333
30.0
30.2833333333
29.9491525424
30.3833333333
30.85
29.6833333333
29.35
31.813559322
30.35
31.65
29.05
29.2833333333
31.9833333333
32.3220338983
30.7833333333
31.9833333333
31.1166666667
28.1833333333
27.6166666667
31.8983050847
31.7833333333
31.1166666667
31.3833333333
30.1666666667
30.8983050847
30.8
30.9166666667
29.7333333333
31.0333333333
28.5762711864
29.85
30.65
31.65
28.7
31.2
29.9322033898
31.6833333333
32.4333333333
30.55
30.35
31.5254237288
32.3833333333
30.3666666667
32.4166666667
32.4333333333
31.701754386
--END OF 2--
32.3166666667
32.4666666667
32.5166666667
31.7333333333
33.813559322
32.3333333333
31.6166666667
32.7166666667
31.45
31.7166666667
32.5593220339
32.85
30.0833333333
33.55
31.8
31.15
31.0
31.8833333333
32.2166666667
30.2666666667
30.2333333333
32.0338983051
31.6833333333
32.7166666667
29.5
30.3333333333
32.8833333333
33.2711864407
31.15
33.4833333333
31.7166666667
29.0833333333
27.7666666667
32.5593220339
32.5833333333
33.0333333333
32.4166666667
31.2833333333
31.0
32.15
32.3833333333
30.45
32.6333333333
30.0847457627
30.95
31.15
31.9
30.2
32.35
31.0169491525
33.0166666667
33.0833333333
31.5333333333
31.05
32.2033898305
33.2333333333
31.65
33.0666666667
34.4833333333
32.2456140351
--END OF 3--
20.9
21.3833333333
21.6666666667
21.1166666667
21.7966101695
21.3833333333
21.15
21.05
21.4
21.6666666667
21.813559322
21.4
20.4833333333
21.5166666667
20.95
21.4
20.6949152542
20.95
21.2666666667
20.3666666667
20.05
21.2033898305
21.4166666667
21.45
20.8666666667
20.3833333333
21.1166666667
21.3050847458
21.4166666667
20.9833333333
20.5666666667
20.1333333333
19.4666666667
20.7457627119
21.4833333333
21.3333333333
21.3666666667
21.2833333333
20.9152542373
21.0333333333
20.75
20.85
20.3333333333
20.0847457627
20.9333333333
20.55
21.6
20.05
21.65
20.7627118644
21.15
20.7333333333
21.2166666667
20.4333333333
21.2203389831
21.3333333333
20.4833333333
20.4833333333
20.8
21.0701754386
--END OF 4--
30.1166666667
29.95
30.6
29.8333333333
30.6779661017
30.4833333333
29.6333333333
30.1333333333
29.9666666667
29.9166666667
30.0169491525
31.55
29.0833333333
30.9666666667
29.55
29.6166666667
29.3050847458
29.9
30.3833333333
29.3333333333
29.0166666667
30.7796610169
29.8166666667
30.6833333333
28.7666666667
29.0833333333
31.0
31.3389830508
30.1166666667
30.9833333333
30.4666666667
28.1833333333
27.6166666667
30.6610169492
30.8333333333
30.3166666667
30.6333333333
29.7
30.2542372881
30.0666666667
30.25
29.35
30.2833333333
28.5762711864
29.1666666667
30.05
30.85
28.7
30.5
29.7966101695
30.7
31.1333333333
29.8833333333
29.8666666667
30.6779661017
31.0166666667
29.6
31.15
31.0333333333
30.8771929825
--END OF 5--
32.3166666667
32.4666666667
32.5166666667
31.7333333333
33.813559322
32.3333333333
31.6166666667
32.7166666667
31.45
31.7166666667
32.5593220339
32.85
30.0833333333
33.55
31.8
31.15
31.0
31.8833333333
32.2166666667
30.2666666667
30.2333333333
32.0338983051
31.6833333333
32.7166666667
29.5
30.3333333333
32.8833333333
33.2711864407
31.15
33.4833333333
31.7166666667
29.0833333333
27.7666666667
32.5593220339
32.5833333333
33.0333333333
32.4166666667
31.2833333333
31.0
32.15
32.3833333333
30.45
32.6333333333
30.0847457627
30.95
31.15
31.9
30.2
32.35
31.0169491525
33.0166666667
33.0833333333
31.5333333333
31.05
32.2033898305
33.2333333333
31.65
33.0666666667
34.4833333333
32.2456140351
--END OF 6--
4100.85
4206.35
4251.35
4143.4
4257.25423729
4166.6
3932.2
4024.35
4081.8
4081.55
4142.23728814
4145.0
4035.6
4157.0
4035.75
4156.65
3925.57627119
4079.6
4098.4
4043.3
3981.9
4195.83050847
4079.75
4230.05
4016.45
3933.45
4138.95
4178.13559322
4162.85
4024.2
3975.45
3912.3
3815.1
4165.42372881
4189.15
4073.75
4078.7
4037.9
4002.20338983
4131.55
4037.8
4090.05
3973.35
3925.57627119
4062.15
4054.95
4202.7
3929.7
4269.6
3943.11864407
4022.05
4043.1
4088.25
3961.15
4175.18644068
4242.45
4219.55
4154.8
4284.55
4148.63157895
--END OF 7--
1150.03333333
1149.01666667
1195.36666667
1153.21666667
1183.74576271
1158.91666667
1124.66666667
1130.58333333
1145.06666667
1151.8
1156.50847458
1165.2
1132.45
1173.53333333
1102.15
1142.96666667
1102.11864407
1126.73333333
1147.28333333
1113.7
1117.86666667
1174.06779661
1143.16666667
1186.31666667
1104.01666667
1104.01666667
1152.0
1168.06779661
1163.65
1141.9
1113.85
1084.15
1069.25
1162.13559322
1186.98333333
1141.08333333
1165.61666667
1148.96666667
1124.3220339
1151.23333333
1119.63333333
1138.38333333
1110.65
1091.54237288
1137.35
1115.5
1169.7
1085.65
1176.25
1109.30508475
1137.18333333
1144.85
1140.16666667
1110.11666667
1144.55932203
1174.48333333
1162.93333333
1167.46666667
1189.86666667
1176.43859649
--END OF 8--
187.05
181.0
193.483333333
171.283333333
175.254237288
180.1
177.733333333
172.133333333
181.85
176.2
170.762711864
205.1
187.2
200.25
179.9
174.883333333
173.372881356
182.366666667
189.066666667
184.85
184.2
188.406779661
170.033333333
195.566666667
158.65
163.85
183.883333333
197.440677966
177.8
202.7
185.35
154.35
156.9
199.762711864
182.1
197.666666667
183.45
163.05
186.881355932
184.95
176.816666667
171.733333333
197.166666667
162.762711864
178.7
178.65
190.8
166.6
179.95
166.627118644
189.7
215.466666667
175.516666667
182.416666667
179.13559322
200.25
195.6
214.183333333
194.7
188.596491228
--END OF 9--
8.23333333333
8.55
4.95
7.18333333333
12.1016949153
7.81666666667
7.16666666667
11.5833333333
5.76666666667
6.05
5.0
6.88333333333
3.15
7.65
8.55
8.26666666667
10.4745762712
8.86666666667
6.03333333333
5.98333333333
5.18333333333
5.4406779661
7.73333333333
7.6
4.28333333333
7.5
10.4
10.0508474576
4.56666666667
10.3
6.65
6.75
4.05
6.61016949153
6.86666666667
8.43333333333
6.05
7.7
6.0
7.13333333333
11.8
6.61666666667
13.6333333333
6.61016949153
6.55
7.15
7.15
5.9
7.65
7.77966101695
7.75
7.58333333333
6.6
6.6
10.0677966102
9.25
4.78333333333
5.38333333333
10.1833333333
7.26315789474
--END OF 10--
1.73333333333
2.25
1.05
1.95
2.59322033898
1.08333333333
2.31666666667
1.83333333333
1.26666666667
1.85
2.27118644068
0.283333333333
0.4
1.75
2.65
0.733333333333
0.949152542373
2.1
1.78333333333
0.766666666667
1.28333333333
0.0677966101695
1.9
1.03333333333
0.95
1.08333333333
1.31666666667
0.627118644068
0.6
2.5
0.45
0.9
0.15
0.898305084746
1.36666666667
3.53333333333
1.83333333333
1.81666666667
0.271186440678
2.0
1.2
0.633333333333
2.25
2.20338983051
1.3
0.55
0.0
2.05
1.45
1.01694915254
2.2
0.783333333333
1.41666666667
1.0
0.169491525424
0.55
1.58333333333
0.75
3.63333333333
0.701754385965
--END OF 11--
0.0
0.483333333333
1.01666666667
0.0333333333333
0.474576271186
0.416666666667
0.0833333333333
0.5
0.333333333333
0.0
0.271186440678
0.0
0.0
0.2
0.5
0.0
0.0
0.5
0.366666666667
0.0
0.0
0.0
0.466666666667
0.966666666667
0.516666666667
0.516666666667
0.416666666667
0.0847457627119
0.0
0.0
0.45
0.05
0.0
0.0
0.0
0.0
0.0
0.0
0.0
0.266666666667
0.733333333333
0.0
0.216666666667
1.0
0.3
0.0
0.0
1.0
0.5
0.0847457627119
0.283333333333
0.183333333333
0.316666666667
0.0
0.0
0.2
0.0333333333333
0.0
0.0
0.0
--END OF 12--
