13.4576271186
12.8166666667
13.65
13.2
13.3
12.3333333333
12.2333333333
12.2542372881
12.7166666667
13.2833333333
13.15
12.0
13.05
11.9661016949
12.0333333333
13.3166666667
13.0666666667
13.0166666667
13.186440678
13.3833333333
13.0
13.9
14.3
14.2711864407
12.7666666667
12.1
12.4833333333
13.3166666667
12.4745762712
13.0166666667
12.5166666667
13.2166666667
12.6333333333
13.3728813559
13.1333333333
13.1
13.0
12.35
11.95
13.0
13.35
12.65
12.5
12.25
12.0169491525
13.4166666667
12.4666666667
12.0
13.0
12.4237288136
13.9333333333
13.4333333333
13.0
12.2166666667
12.5762711864
12.7833333333
12.5
13.05
13.5166666667
12.4038461538
--END OF 1--
18.0338983051
18.3666666667
19.35
19.25
18.6
17.2833333333
18.5333333333
18.2203389831
18.5
17.6
19.7
18.9333333333
18.3833333333
17.1016949153
17.8
19.1666666667
18.0
18.5
18.6779661017
19.3833333333
18.0
19.2
19.85
20.1525423729
18.5166666667
16.8166666667
17.4
17.1166666667
19.5254237288
18.3166666667
19.6666666667
19.6166666667
18.3
20.0847457627
19.0
18.45
18.15
18.45
17.45
19.3050847458
19.8166666667
17.3833333333
17.9833333333
17.4833333333
17.3389830508
17.6166666667
18.2833333333
17.9166666667
18.5
18.2033898305
19.7833333333
19.4333333333
18.1
17.5166666667
16.4745762712
17.8833333333
17.35
19.3166666667
19.7666666667
18.4038461538
--END OF 2--
18.6949152542
18.7
20.0
19.95
20.1
17.7833333333
18.7333333333
18.9661016949
18.75
18.7333333333
19.9166666667
19.5333333333
19.3166666667
17.4915254237
19.0333333333
19.9
18.7833333333
19.0666666667
19.4237288136
20.3833333333
19.7
19.75
20.35
20.6610169492
19.3833333333
17.6
18.2833333333
17.4666666667
20.7457627119
18.6
20.2166666667
19.9
18.55
20.9491525424
20.5
19.25
19.55
18.85
17.8
20.1016949153
20.6166666667
18.2166666667
18.9166666667
18.1
18.0169491525
18.2333333333
19.1333333333
18.6
19.6666666667
19.7627118644
20.1333333333
19.9833333333
19.55
17.6166666667
16.5084745763
18.5666666667
18.1666666667
19.5
20.55
18.8076923077
--END OF 3--
13.4576271186
12.8166666667
13.65
13.2
13.3
12.3333333333
12.2333333333
12.2542372881
12.7166666667
13.2833333333
13.15
12.0
13.05
11.9661016949
12.0333333333
13.3166666667
13.0666666667
13.0166666667
13.186440678
13.3833333333
13.0
13.9
14.3
14.2711864407
12.7666666667
12.1
12.4833333333
13.3166666667
12.4745762712
13.0166666667
12.5166666667
13.2166666667
12.6333333333
13.3728813559
13.1333333333
13.1
13.0
12.35
11.95
13.0
13.35
12.65
12.5
12.25
12.0169491525
13.4166666667
12.4666666667
12.0
13.0
12.4237288136
13.9333333333
13.4333333333
13.0
12.2166666667
12.5762711864
12.7833333333
12.5
13.05
13.5166666667
12.4038461538
--END OF 4--
18.0338983051
18.3666666667
19.35
19.25
18.6
17.2833333333
18.5333333333
18.2203389831
18.5
17.6
19.7
18.9333333333
18.3833333333
17.1016949153
17.8
19.1666666667
18.0
18.5
18.6779661017
19.3833333333
18.0
19.2
19.85
20.1525423729
18.5166666667
16.8166666667
17.4
17.1166666667
19.5254237288
18.3166666667
19.6666666667
19.6166666667
18.3
20.0847457627
19.0
18.45
18.15
18.45
17.45
19.3050847458
19.8166666667
17.3833333333
17.9833333333
17.4833333333
17.3389830508
17.6166666667
18.2833333333
17.9166666667
18.5
18.2033898305
19.7833333333
19.4333333333
18.1
17.5166666667
16.4745762712
17.8833333333
17.35
19.3166666667
19.7666666667
18.4038461538
--END OF 5--
18.6949152542
18.7
20.0
19.95
20.1
17.7833333333
18.7333333333
18.9661016949
18.75
18.7333333333
19.9166666667
19.5333333333
19.3166666667
17.4915254237
19.0333333333
19.9
18.7833333333
19.0666666667
19.4237288136
20.3833333333
19.7
19.75
20.35
20.6610169492
19.3833333333
17.6
18.2833333333
17.4666666667
20.7457627119
18.6
20.2166666667
19.9
18.55
20.9491525424
20.5
19.25
19.55
18.85
17.8
20.1016949153
20.6166666667
18.2166666667
18.9166666667
18.1
18.0169491525
18.2333333333
19.1333333333
18.6
19.6666666667
19.7627118644
20.1333333333
19.9833333333
19.55
17.6166666667
16.5084745763
18.5666666667
18.1666666667
19.5
20.55
18.8076923077
--END OF 6--
2527.52542373
2417.65
2513.55
2528.85
2535.9
2360.4
2380.2
2396.6440678
2424.5
2491.75
2593.45
2507.4
2454.15
2330.23728814
2344.5
2472.5
2472.35
2452.1
2448.20338983
2469.45
2415.6
2589.15
2571.75
2635.62711864
2380.0
2310.85
2315.6
2502.55
2546.74576271
2550.3
2488.55
2540.45
2463.3
2454.81355932
2415.85
2476.8
2426.4
2415.0
2371.65
2434.98305085
2541.45
2407.0
2346.05
2421.05
2352.40677966
2467.4
2377.75
2411.05
2554.6
2478.20338983
2639.4
2546.25
2482.35
2360.55
2368.3220339
2451.55
2450.75
2555.25
2613.9
2303.25
--END OF 7--
702.542372881
674.383333333
716.05
699.1
696.2
659.4
675.5
670.559322034
687.683333333
692.583333333
727.216666667
692.333333333
678.633333333
645.966101695
657.0
694.666666667
697.6
685.383333333
697.881355932
715.05
684.5
714.45
733.15
735.525423729
679.35
652.516666667
657.816666667
700.3
706.389830508
715.5
708.683333333
707.0
693.583333333
706.966101695
702.433333333
694.8
672.55
667.3
643.05
684.101694915
722.116666667
661.366666667
661.516666667
662.066666667
655.288135593
692.883333333
662.283333333
665.533333333
708.6
700.152542373
727.65
716.5
690.1
661.0
660.915254237
686.533333333
683.366666667
723.2
716.416666667
663.25
--END OF 8--
114.101694915
115.25
115.95
113.0
113.75
100.35
121.05
113.101694915
111.316666667
104.016666667
132.016666667
118.316666667
114.516666667
93.5254237288
114.633333333
118.15
100.25
114.55
126.372881356
133.25
110.8
119.75
111.0
122.593220339
120.1
98.4333333333
106.8
99.4833333333
127.847457627
116.2
134.016666667
116.2
100.266666667
130.050847458
120.9
107.65
113.15
108.3
105.9
125.983050847
126.683333333
106.566666667
123.25
106.283333333
106.474576271
104.266666667
115.366666667
106.833333333
116.233333333
124.593220339
123.0
125.1
117.0
103.45
101.084745763
105.75
111.4
128.9
130.65
121.557692308
--END OF 9--
2.08474576271
4.2
6.05
7.9
5.65
4.85
5.0
7.38983050847
4.26666666667
4.21666666667
5.26666666667
7.05
5.58333333333
6.4406779661
4.7
4.15
2.55
3.13333333333
4.01694915254
6.8
3.75
4.35
5.95
4.32203389831
5.0
3.45
3.23333333333
3.9
8.01694915254
3.1
8.13333333333
6.46666666667
4.96666666667
4.81355932203
6.25
4.85
6.1
7.35
4.4
5.76271186441
6.46666666667
3.76666666667
3.28333333333
4.51666666667
4.42372881356
2.21666666667
5.81666666667
4.93333333333
5.68333333333
6.32203389831
4.45
6.15
6.5
3.2
0.0338983050847
4.68333333333
3.38333333333
2.46666666667
4.55
7.09615384615
--END OF 10--
0.0
0.183333333333
0.85
1.0
1.7
0.9
0.3
1.01694915254
0.416666666667
1.45
0.133333333333
1.0
1.06666666667
1.01694915254
1.93333333333
1.25
1.01666666667
0.933333333333
1.18644067797
1.5
1.9
0.65
0.85
0.610169491525
0.816666666667
1.01666666667
1.6
0.6
2.15254237288
0.283333333333
0.4
0.333333333333
0.0
1.28813559322
2.08333333333
1.5
1.85
0.5
0.45
1.06779661017
0.3
0.5
1.73333333333
1.05
0.966101694915
1.01666666667
1.15
0.833333333333
1.93333333333
2.05084745763
0.55
0.8
2.05
0.15
0.0
0.616666666667
0.816666666667
0.2
0.933333333333
0.692307692308
--END OF 11--
0.0
0.0
0.0
0.1
0.7
0.2
0.0
0.0
0.0
0.0
0.0
0.0
0.0
0.0
0.5
0.0
0.266666666667
0.433333333333
0.237288135593
0.0
0.9
0.1
0.0
0.0
0.183333333333
0.65
0.166666666667
0.0
0.0
0.0
0.0
0.0
0.0
0.0
0.2
0.0
0.5
0.0
0.0
0.508474576271
0.3
0.5
0.0
0.0
0.440677966102
0.0
0.166666666667
0.333333333333
0.416666666667
0.593220338983
0.0
0.25
0.6
0.15
0.0
0.0
0.5
0.0
0.0
0.173076923077
--END OF 12--
