16.5333333333
16.15
14.9833333333
15.1525423729
15.6166666667
15.7833333333
17.2166666667
16.7
15.35
15.7
15.9322033898
15.0333333333
16.2166666667
16.1833333333
16.6833333333
15.5084745763
16.0
17.25
16.65
17.4333333333
16.9166666667
15.6440677966
16.6833333333
17.2333333333
16.6
17.15
17.3220338983
16.7666666667
15.3666666667
15.9
16.9333333333
16.593220339
16.5
16.85
16.6
16.8666666667
16.2203389831
17.5333333333
16.5166666667
16.2833333333
15.6
16.3728813559
16.2333333333
17.2833333333
17.0
17.2166666667
17.7118644068
16.95
16.65
17.1333333333
16.85
15.7288135593
16.1666666667
18.0333333333
16.4333333333
16.75
17.2372881356
17.05
17.5666666667
16.9482758621
--END OF 1--
23.7333333333
24.25
20.9333333333
22.7966101695
23.6
21.5
23.2
24.3833333333
22.9666666667
22.8
24.3389830508
21.3
23.35
23.9166666667
23.7
22.7457627119
23.7
24.8
22.85
26.0833333333
24.3666666667
22.9491525424
23.5833333333
23.85
22.6833333333
23.2
25.1016949153
25.45
22.3333333333
23.2
24.3833333333
23.7966101695
23.9
25.2
25.35
23.5166666667
23.2711864407
24.1166666667
23.4166666667
23.5833333333
24.25
24.6101694915
23.8166666667
23.6
24.0833333333
25.55
25.8305084746
24.25
23.6
24.7666666667
24.7
25.3050847458
23.2166666667
25.8
23.3333333333
23.4833333333
25.0169491525
25.3
26.4333333333
23.7931034483
--END OF 2--
23.8833333333
25.5
22.9833333333
23.5254237288
24.8166666667
22.6666666667
23.8
25.2
24.4833333333
24.5166666667
25.3389830508
22.2333333333
24.2666666667
24.9833333333
24.0333333333
23.813559322
24.8
25.8166666667
24.55
26.6833333333
26.2666666667
24.5593220339
24.2
24.85
23.0666666667
23.75
25.593220339
26.75
23.15
24.7833333333
25.2
25.9830508475
26.05
27.2
27.3
24.1666666667
24.4237288136
25.1166666667
24.3
25.2
24.7333333333
26.4237288136
25.6
23.8833333333
24.1333333333
27.15
26.5423728814
25.2
24.65
25.9333333333
25.3
26.4406779661
25.3666666667
26.9
24.0666666667
24.3833333333
25.4576271186
26.1166666667
27.6166666667
24.5517241379
--END OF 3--
16.5333333333
16.15
14.9833333333
15.1525423729
15.6166666667
15.7833333333
17.2166666667
16.7
15.35
15.7
15.9322033898
15.0333333333
16.2166666667
16.1833333333
16.6833333333
15.5084745763
16.0
17.25
16.65
17.4333333333
16.9166666667
15.6440677966
16.6833333333
17.2333333333
16.6
17.15
17.3220338983
16.7666666667
15.3666666667
15.9
16.9333333333
16.593220339
16.5
16.85
16.6
16.8666666667
16.2203389831
17.5333333333
16.5166666667
16.2833333333
15.6
16.3728813559
16.2333333333
17.2833333333
17.0
17.2166666667
17.7118644068
16.95
16.65
17.1333333333
16.85
15.7288135593
16.1666666667
18.0333333333
16.4333333333
16.75
17.2203389831
17.05
17.5666666667
16.9482758621
--END OF 4--
23.7333333333
24.25
20.9333333333
22.7966101695
23.6
21.5
23.2
24.3833333333
22.9666666667
22.8
24.3389830508
21.3
23.35
23.9166666667
23.7
22.7457627119
23.7
24.8
22.85
26.0833333333
24.3666666667
22.9491525424
23.5833333333
23.85
22.6833333333
23.2
25.1016949153
25.45
22.3333333333
23.2
24.3833333333
23.7966101695
23.9
25.2
25.35
23.5166666667
23.2711864407
24.1166666667
23.4166666667
23.5833333333
24.25
24.6101694915
23.8166666667
23.6
24.0833333333
25.55
25.8305084746
24.25
23.6
24.7666666667
24.7
25.3050847458
23.2166666667
25.8
23.3333333333
23.4833333333
25.0169491525
25.3
26.4333333333
23.7931034483
--END OF 5--
23.8833333333
25.5
22.9833333333
23.5254237288
24.8166666667
22.6666666667
23.8
25.2
24.4833333333
24.5166666667
25.3389830508
22.2333333333
24.2666666667
24.9833333333
24.0333333333
23.813559322
24.8
25.8166666667
24.55
26.6833333333
26.2666666667
24.5593220339
24.2
24.85
23.0666666667
23.75
25.593220339
26.75
23.15
24.7833333333
25.2
25.9830508475
26.05
27.2
27.3
24.1666666667
24.4237288136
25.1166666667
24.3
25.2
24.7333333333
26.4237288136
25.6
23.8833333333
24.1333333333
27.15
26.5423728814
25.2
24.65
25.9333333333
25.3
26.4406779661
25.3666666667
26.9
24.0666666667
24.3833333333
25.4576271186
26.1166666667
27.6166666667
24.5517241379
--END OF 6--
3054.9
2983.2
2924.4
2973.96610169
3186.55
3056.1
3136.15
3334.45
2925.8
2851.55
2987.08474576
2962.65
3019.75
3107.8
3084.95
3023.94915254
2946.9
3154.5
3067.65
3154.4
3183.9
3094.42372881
2983.35
3100.9
3046.05
3126.8
3105.20338983
3060.9
2873.05
3018.5
3179.75
3033.25423729
3165.95
3118.05
3122.25
3053.85
3004.37288136
3177.35
3131.35
3062.85
3058.15
3185.74576271
3112.0
3159.4
3132.3
3208.2
3199.62711864
3115.65
3007.05
3176.8
3145.2
3087.71186441
3262.8
3479.0
3210.4
3226.2
3407.08474576
3177.4
3240.55
3082.81034483
--END OF 7--
858.65
848.6
812.3
834.440677966
878.716666667
829.85
867.95
911.816666667
819.15
807.8
846.830508475
802.9
843.283333333
864.65
871.1
847.203389831
839.15
882.416666667
846.3
906.783333333
887.75
851.576271186
847.116666667
894.933333333
858.733333333
877.95
880.508474576
871.266666667
802.966666667
829.45
893.616666667
857.779661017
869.016666667
887.4
860.7
852.65
856.220338983
892.75
872.3
869.566666667
866.733333333
878.762711864
882.116666667
876.4
881.95
910.533333333
916.559322034
871.65
842.2
896.05
888.4
869.661016949
885.7
957.766666667
890.1
901.233333333
948.06779661
899.5
917.1
877.689655172
--END OF 8--
150.45
153.2
139.5
150.220338983
148.566666667
125.95
139.266666667
142.35
135.183333333
147.05
156.898305085
121.766666667
139.85
152.55
137.9
134.711864407
157.2
166.433333333
145.2
172.233333333
146.1
140.406779661
149.9
145.2
128.8
135.816666667
156.93220339
162.85
134.6
139.883333333
146.883333333
162.661016949
145.666666667
158.6
168.0
146.55
148.406779661
142.916666667
138.166666667
147.15
168.133333333
157.661016949
143.283333333
151.416666667
139.9
166.416666667
162.406779661
164.5
152.25
158.6
150.05
173.271186441
145.65
160.85
141.3
148.3
157.0
159.133333333
174.266666667
140.793103448
--END OF 9--
3.4
10.35
7.1
5.27118644068
7.38333333333
6.91666666667
3.56666666667
6.63333333333
11.2
10.7166666667
10.7457627119
8.65
6.96666666667
6.9
5.15
4.93220338983
8.0
6.48333333333
8.5
8.1
12.1
8.69491525424
4.86666666667
6.16666666667
5.23333333333
5.21666666667
7.62711864407
9.21666666667
6.58333333333
11.3166666667
6.01666666667
8.71186440678
10.4333333333
11.25
12.35
5.9
9.30508474576
6.8
4.8
10.1
7.18333333333
11.3559322034
7.88333333333
2.48333333333
6.56666666667
6.08333333333
6.47457627119
5.3
7.55
4.56666666667
5.75
10.2881355932
9.38333333333
6.41666666667
5.63333333333
5.25
6.30508474576
4.3
9.76666666667
6.93103448276
--END OF 10--
0.1
1.5
2.8
0.847457627119
2.26666666667
1.76666666667
1.0
1.6
1.33333333333
2.06666666667
1.20338983051
1.38333333333
1.21666666667
1.26666666667
0.383333333333
1.0
1.05
0.566666666667
1.0
1.16666666667
2.75
2.47457627119
0.916666666667
2.0
0.883333333333
0.6
0.694915254237
2.11666666667
1.21666666667
2.05
1.45
2.89830508475
3.31666666667
2.15
2.75
1.0
1.15254237288
0.9
1.13333333333
1.83333333333
0.366666666667
2.83050847458
2.38333333333
0.216666666667
0.0
2.53333333333
1.18644067797
0.95
1.35
1.8
0.8
1.52542372881
3.56666666667
1.55
0.983333333333
1.18333333333
0.71186440678
1.76666666667
1.31666666667
1.31034482759
--END OF 11--
0.0
0.0
0.9
0.610169491525
0.0
0.0
0.0
0.383333333333
1.05
0.2
0.28813559322
0.383333333333
0.0
0.566666666667
0.0
0.508474576271
0.0
0.0
1.0
0.0
0.5
0.0847457627119
0.416666666667
0.0
0.0
0.0
0.0
0.5
0.0
0.466666666667
0.0333333333333
0.864406779661
0.433333333333
0.65
0.7
0.3
0.135593220339
0.4
0.466666666667
0.0
0.0
0.966101694915
0.4
0.133333333333
0.0
0.816666666667
0.186440677966
0.15
0.35
0.0
0.0
0.0
0.0
0.0
0.0
0.4
0.0
0.0666666666667
0.9
0.0
--END OF 12--
