10.6271186441
10.3333333333
10.1833333333
10.7666666667
9.68333333333
10.5333333333
11.406779661
10.8166666667
10.7833333333
11.0666666667
11.1666666667
11.55
11.4915254237
10.6666666667
11.05
11.4666666667
11.5666666667
11.0333333333
11.2542372881
11.2833333333
11.0833333333
11.75
12.1333333333
10.65
9.72881355932
10.6666666667
10.7333333333
10.6833333333
11.4333333333
10.3050847458
10.95
12.7666666667
11.45
10.75
10.95
11.6271186441
10.9666666667
11.9666666667
10.95
12.65
11.15
10.2033898305
10.2666666667
10.0166666667
10.95
10.1666666667
10.8644067797
12.0166666667
10.6
10.1833333333
10.6
10.3166666667
11.0847457627
11.5166666667
11.15
11.5833333333
10.7333333333
11.7966101695
11.15
11.7192982456
--END OF 1--
13.593220339
13.0833333333
12.8333333333
13.4666666667
13.3833333333
14.2333333333
14.6101694915
13.8166666667
13.4833333333
13.9
14.2333333333
14.7
16.1016949153
14.5166666667
15.7
15.5333333333
14.6
15.5833333333
15.3389830508
15.25
14.2666666667
14.7
15.9833333333
14.6
13.0508474576
15.1833333333
15.9166666667
14.1333333333
14.2166666667
13.2881355932
14.3666666667
15.8666666667
15.7833333333
15.5
13.9166666667
15.1355932203
13.6666666667
14.7166666667
14.7
16.6
14.75
13.1355932203
13.9666666667
13.6
14.85
13.2833333333
14.6949152542
16.6666666667
13.7833333333
13.75
15.1833333333
13.7
14.593220339
14.8166666667
14.25
15.9333333333
14.6833333333
15.8474576271
15.0166666667
14.9122807018
--END OF 2--
14.186440678
13.0833333333
12.8333333333
14.0166666667
13.4833333333
14.9333333333
15.4915254237
14.0
13.6833333333
14.15
14.6166666667
15.1666666667
16.1016949153
14.5333333333
16.2333333333
15.5333333333
14.9
16.0166666667
15.9661016949
15.9666666667
14.3666666667
15.2
16.4833333333
15.15
13.406779661
15.1833333333
16.4666666667
14.4166666667
14.7833333333
13.7118644068
15.3
15.8833333333
16.0666666667
15.5
14.0666666667
15.1355932203
13.8166666667
15.1666666667
14.85
16.9
15.2
13.2372881356
14.3666666667
14.2
15.0
13.2833333333
15.2033898305
17.3666666667
15.1333333333
14.4
16.0166666667
14.35
14.6949152542
15.6666666667
14.75
15.9333333333
14.7333333333
16.5423728814
15.6166666667
14.9298245614
--END OF 3--
10.6271186441
10.3333333333
10.1833333333
10.7666666667
9.68333333333
10.5333333333
11.406779661
10.8166666667
10.7833333333
11.0666666667
11.1666666667
11.55
11.4915254237
10.6666666667
11.05
11.4666666667
11.5666666667
11.0333333333
11.2542372881
11.2833333333
11.0833333333
11.75
12.1333333333
10.65
9.72881355932
10.6666666667
10.7333333333
10.6833333333
11.4333333333
10.3050847458
10.95
12.7666666667
11.45
10.75
10.95
11.6271186441
10.9666666667
11.9666666667
10.95
12.65
11.15
10.2033898305
10.2666666667
10.0166666667
10.95
10.1666666667
10.8644067797
12.0166666667
10.6
10.1833333333
10.6
10.3166666667
11.0847457627
11.5166666667
11.15
11.5833333333
10.7333333333
11.7966101695
11.15
11.7192982456
--END OF 4--
13.593220339
13.0833333333
12.8333333333
13.4666666667
13.3833333333
14.2333333333
14.6101694915
13.8166666667
13.4833333333
13.9
14.2333333333
14.7
16.1016949153
14.5166666667
15.7
15.5333333333
14.6
15.5833333333
15.3389830508
15.25
14.2666666667
14.7
15.9833333333
14.6
13.0508474576
15.1833333333
15.9166666667
14.1333333333
14.2166666667
13.2881355932
14.3666666667
15.8666666667
15.7833333333
15.5
13.9166666667
15.1355932203
13.6666666667
14.7166666667
14.7
16.6
14.75
13.1355932203
13.9666666667
13.6
14.85
13.2833333333
14.6949152542
16.6666666667
13.7833333333
13.75
15.1833333333
13.7
14.593220339
14.8166666667
14.25
15.9333333333
14.6833333333
15.8474576271
15.0166666667
14.9122807018
--END OF 5--
14.186440678
13.0833333333
12.8333333333
14.0166666667
13.4833333333
14.9333333333
15.4915254237
14.0
13.6833333333
14.15
14.6166666667
15.1666666667
16.1016949153
14.5333333333
16.2333333333
15.5333333333
14.9
16.0166666667
15.9661016949
15.9666666667
14.3666666667
15.2
16.4833333333
15.15
13.406779661
15.1833333333
16.4666666667
14.4166666667
14.7833333333
13.7118644068
15.3
15.8833333333
16.0666666667
15.5
14.0666666667
15.1355932203
13.8166666667
15.1666666667
14.85
16.9
15.2
13.2372881356
14.3666666667
14.2
15.0
13.2833333333
15.2033898305
17.3666666667
15.1333333333
14.4
16.0166666667
14.35
14.6949152542
15.6666666667
14.75
15.9333333333
14.7333333333
16.5423728814
15.6166666667
14.9298245614
--END OF 6--
1985.74576271
2077.5
1886.85
2008.8
1950.9
1993.95
2129.54237288
2037.6
2014.05
2057.75
2204.3
2211.35
2322.86440678
2062.45
2169.9
2111.5
2243.7
2180.1
2148.96610169
2231.4
2181.8
2159.85
2295.75
2007.75
1967.79661017
2021.45
2163.35
2123.5
2161.25
1978.01694915
2025.45
2318.3
2248.8
2122.4
2100.35
2205.20338983
2098.35
2201.7
2144.7
2368.95
2149.5
1991.38983051
1915.2
2017.95
2154.55
2092.95
2204.38983051
2238.7
2084.5
2012.8
2116.25
2006.95
2165.54237288
2247.15
2328.75
2379.6
2150.7
2288.74576271
2218.2
2150.89473684
--END OF 7--
558.949152542
558.65
525.65
561.2
551.55
560.7
596.457627119
568.95
560.25
576.65
606.966666667
612.216666667
635.101694915
575.183333333
598.816666667
598.6
611.483333333
611.183333333
595.237288136
609.133333333
597.483333333
605.75
642.9
557.4
522.491525424
565.366666667
602.083333333
573.683333333
599.033333333
546.881355932
566.95
647.533333333
621.816666667
577.766666667
575.25
603.881355932
584.4
611.15
597.5
661.8
603.3
565.576271186
544.4
561.233333333
599.933333333
555.733333333
609.661016949
629.883333333
560.033333333
546.95
576.766666667
562.133333333
596.322033898
609.7
633.4
631.7
585.7
644.898305085
615.683333333
604.01754386
--END OF 8--
78.3050847458
68.7
69.95
74.35
78.15
81.6
79.5084745763
73.0166666667
66.4166666667
69.8833333333
74.55
69.5666666667
86.8474576271
70.7166666667
99.15
83.1
81.0666666667
90.4166666667
82.6101694915
80.9333333333
78.2333333333
76.7
83.6
87.5
76.7627118644
98.3166666667
96.1166666667
72.2
66.4
66.6101694915
82.0666666667
77.5666666667
88.15
87.35
69.15
73.7796610169
64.4
74.6
85.9
88.55
79.65
65.186440678
81.2
75.5833333333
79.3
70.4166666667
78.9152542373
91.4333333333
80.4833333333
77.25
90.85
74.3166666667
78.6271186441
73.8
69.4
93.5
80.25
90.6610169492
90.3166666667
77.8421052632
--END OF 9--
2.18644067797
0.75
1.5
1.5
4.9
3.0
3.06779661017
2.31666666667
2.38333333333
1.75
1.9
3.31666666667
4.16949152542
3.93333333333
3.7
3.71666666667
2.16666666667
4.08333333333
4.84745762712
5.58333333333
0.833333333333
1.7
2.6
2.7
2.16949152542
2.91666666667
6.16666666667
3.85
4.03333333333
3.45762711864
4.9
2.41666666667
4.68333333333
3.53333333333
2.46666666667
2.4406779661
1.95
3.1
3.35
1.55
2.1
1.20338983051
4.85
3.83333333333
3.6
1.6
3.61016949153
4.6
4.5
5.4
6.78333333333
3.41666666667
4.37288135593
4.25
2.05
2.4
3.05
5.18644067797
3.65
3.08771929825
--END OF 10--
1.0
0.0
0.0
0.5
0.0
0.9
1.37288135593
0.25
0.0
0.5
0.533333333333
0.966666666667
0.0
0.383333333333
1.11666666667
0.0
0.366666666667
0.783333333333
0.864406779661
0.533333333333
0.133333333333
1.05
0.95
0.6
0.406779661017
0.0
0.483333333333
0.7
0.816666666667
0.847457627119
1.66666666667
0.0
0.0
0.0
0.0
0.0
0.15
0.35
0.0
0.5
0.45
0.0508474576271
0.5
0.833333333333
0.166666666667
0.0
0.0
0.883333333333
2.25
1.13333333333
0.933333333333
0.5
0.203389830508
1.55
0.75
0.0
0.05
1.35593220339
0.85
0.0175438596491
--END OF 11--
0.0
0.0
0.0
0.0
0.0
0.0
0.0
0.0
0.0
0.0
0.0
0.0
0.0
0.0
0.0
0.0
0.0
0.0
0.0
0.0
0.0
0.0
0.0
0.6
0.406779661017
0.0
0.0
0.0
0.0
0.508474576271
0.0
0.0
0.0
0.0
0.0
0.0
0.0
0.0
0.0
0.0
0.0
0.0
0.0
0.0
0.0
0.0
0.0
0.883333333333
0.316666666667
0.0
0.0
0.0
0.0
0.5
0.0
0.0
0.0
0.0
0.0
0.0
--END OF 12--
