14.6166666667
14.9833333333
14.6666666667
15.1166666667
14.4
15.5084745763
14.4166666667
15.7333333333
15.8166666667
14.1666666667
14.85
14.9322033898
14.9
15.6
15.15
15.4
15.1
15.2372881356
14.8
14.4833333333
14.6
14.9333333333
15.1166666667
14.5254237288
14.8666666667
15.05
13.55
14.2
14.5593220339
15.1666666667
14.0666666667
13.8666666667
14.2833333333
15.25
16.2711864407
15.2666666667
14.6333333333
15.1666666667
15.0166666667
13.6666666667
15.1525423729
15.25
15.4
14.7833333333
14.5333333333
13.7288135593
13.75
14.9833333333
13.5833333333
14.6666666667
14.6166666667
14.186440678
13.7833333333
14.6833333333
15.1166666667
15.5833333333
14.1694915254
13.95
14.6
15.48
--END OF 1--
21.7
21.55
20.9
21.1833333333
20.8833333333
21.813559322
20.5166666667
22.0333333333
21.7166666667
20.5666666667
19.4
20.8983050847
21.1166666667
21.35
20.4
22.5166666667
20.1333333333
20.2542372881
21.2
20.6666666667
21.0833333333
20.7833333333
21.8333333333
21.2711864407
21.8
21.45
20.25
21.35
21.2542372881
21.5666666667
21.5666666667
19.9833333333
20.45
21.5833333333
22.8305084746
20.7666666667
21.25
22.3666666667
20.95
20.3833333333
22.4237288136
22.05
21.95
22.1333333333
21.2333333333
20.1525423729
19.15
21.8666666667
18.55
20.1333333333
21.9
21.4745762712
20.0833333333
20.6666666667
20.8333333333
21.7333333333
20.8813559322
20.4166666667
21.0
21.8
--END OF 2--
22.3166666667
23.0666666667
21.7166666667
22.3333333333
21.9333333333
22.8644067797
20.5166666667
22.8833333333
22.8166666667
21.2166666667
19.4
21.9830508475
21.5
22.0833333333
20.6666666667
23.1
20.4
21.0847457627
22.4333333333
21.7333333333
21.6
21.75
22.4166666667
22.3728813559
22.8666666667
22.45
20.55
21.9
22.3220338983
21.7833333333
22.5333333333
20.75
21.35
21.8
23.6610169492
21.9
22.1166666667
23.2
21.6833333333
21.1666666667
23.6779661017
22.9
23.05
22.5333333333
21.3833333333
20.6779661017
20.3333333333
22.9333333333
19.5166666667
21.1166666667
22.6666666667
21.8813559322
20.0833333333
21.3166666667
21.75
24.8833333333
21.0169491525
21.2166666667
21.2833333333
22.74
--END OF 3--
14.6166666667
14.9833333333
14.6666666667
15.1166666667
14.4
15.5084745763
14.4166666667
15.7333333333
15.8166666667
14.1666666667
14.85
14.9322033898
14.9
15.6
15.15
15.4
15.1
15.2372881356
14.8
14.4833333333
14.6
14.9333333333
15.1166666667
14.5254237288
14.8666666667
15.05
13.55
14.2
14.5593220339
15.1666666667
14.0666666667
13.8666666667
14.2833333333
15.25
16.2711864407
15.2666666667
14.6333333333
15.1666666667
15.0166666667
13.6666666667
15.1525423729
15.25
15.4
14.7833333333
14.5333333333
13.7288135593
13.75
14.9833333333
13.5833333333
14.6666666667
14.6166666667
14.186440678
13.7833333333
14.6833333333
15.1166666667
15.5833333333
14.1694915254
13.95
14.6
15.48
--END OF 4--
21.7
21.55
20.9
21.1833333333
20.8833333333
21.813559322
20.5166666667
22.0333333333
21.7166666667
20.5666666667
19.4
20.8983050847
21.1166666667
21.35
20.4
22.5166666667
20.1333333333
20.2542372881
21.2
20.6666666667
21.0833333333
20.7833333333
21.8333333333
21.2711864407
21.8
21.45
20.25
21.35
21.2542372881
21.5666666667
21.5666666667
19.9833333333
20.45
21.5833333333
22.8305084746
20.7666666667
21.25
22.3666666667
20.95
20.3833333333
22.4237288136
22.05
21.95
22.1333333333
21.2333333333
20.1525423729
19.15
21.8666666667
18.55
20.1333333333
21.9
21.4745762712
20.0833333333
20.6666666667
20.8333333333
21.7333333333
20.8813559322
20.4166666667
21.0
21.8
--END OF 5--
22.3166666667
23.0666666667
21.7166666667
22.3333333333
21.9333333333
22.8644067797
20.5166666667
22.8833333333
22.8166666667
21.2166666667
19.4
21.9830508475
21.5
22.0833333333
20.6666666667
23.1
20.4
21.0847457627
22.4333333333
21.7333333333
21.6
21.75
22.4166666667
22.3728813559
22.8666666667
22.45
20.55
21.9
22.3220338983
21.7833333333
22.5333333333
20.75
21.35
21.8
23.6610169492
21.9
22.1166666667
23.2
21.6833333333
21.1666666667
23.6779661017
22.9
23.05
22.5333333333
21.3833333333
20.6779661017
20.3333333333
22.9333333333
19.5166666667
21.1166666667
22.6666666667
21.8813559322
20.0833333333
21.3166666667
21.75
24.8833333333
21.0169491525
21.2166666667
21.2833333333
22.74
--END OF 6--
2894.4
2862.65
2800.95
2823.15
2731.1
2866.37288136
2729.55
2896.65
2886.6
2745.0
2678.1
2740.72881356
2754.45
2856.9
2734.25
2853.1
2729.7
2789.84745763
2850.45
2738.05
2692.9
2691.45
2850.4
2811.66101695
2785.1
2869.65
2631.15
2673.6
2803.01694915
2904.85
2692.35
2674.15
2692.35
2858.6
3049.88135593
2848.25
2813.05
2795.5
2786.6
2582.45
2842.72881356
2824.65
2885.4
2864.4
2814.75
2699.13559322
2719.2
2851.95
2742.25
2885.0
2763.1
2753.38983051
2735.5
2890.7
2817.25
2886.95
2800.22033898
2727.35
2786.2
2918.16
--END OF 7--
804.75
787.916666667
769.35
780.35
751.0
800.118644068
768.05
820.1
803.3
772.4
760.9
783.593220339
783.816666667
789.15
780.583333333
810.183333333
774.366666667
783.762711864
793.966666667
774.833333333
757.6
771.166666667
803.933333333
776.474576271
795.483333333
794.9
733.2
755.3
776.898305085
813.35
763.783333333
736.55
754.4
799.05
851.627118644
799.35
799.95
790.75
786.4
728.816666667
803.186440678
785.8
810.6
802.45
781.1
746.0
764.55
808.483333333
747.0
804.516666667
782.783333333
772.338983051
764.716666667
790.733333333
793.75
815.833333333
781.847457627
761.066666667
784.2
819.7
--END OF 8--
137.716666667
134.65
144.333333333
128.533333333
128.7
138.898305085
125.95
138.1
130.7
127.05
104.05
129.152542373
126.833333333
127.35
119.716666667
126.283333333
115.4
117.474576271
131.066666667
136.033333333
129.683333333
129.0
137.016666667
138.0
138.333333333
126.55
134.6
130.4
133.508474576
128.366666667
135.383333333
133.533333333
121.55
133.65
142.86440678
116.683333333
131.95
141.0
117.95
124.366666667
152.101694915
136.65
145.1
139.55
132.35
135.779661017
126.016666667
143.016666667
121.033333333
128.55
148.833333333
134.966101695
113.2
132.4
126.2
134.8
138.796610169
119.916666667
130.366666667
143.2
--END OF 9--
8.08333333333
8.21666666667
4.8
8.43333333333
6.28333333333
6.76271186441
3.1
6.65
6.7
6.3
2.1
6.1186440678
5.3
6.21666666667
4.18333333333
7.03333333333
3.73333333333
3.27118644068
4.98333333333
5.03333333333
9.53333333333
6.58333333333
4.75
6.67796610169
7.5
5.65
4.65
6.45
6.52542372881
4.08333333333
7.71666666667
3.2
3.61666666667
2.56666666667
5.01694915254
4.96666666667
5.23333333333
7.7
4.83333333333
6.86666666667
7.54237288136
8.7
5.3
4.85
6.8
4.27118644068
5.08333333333
7.48333333333
4.43333333333
3.06666666667
5.38333333333
8.38983050847
4.83333333333
4.2
6.08333333333
10.75
5.18644067797
8.48333333333
3.6
5.48
--END OF 10--
0.833333333333
2.33333333333
0.833333333333
1.01666666667
0.833333333333
0.694915254237
0.0
1.35
2.0
0.65
0.0
1.59322033898
0.433333333333
0.983333333333
0.416666666667
1.06666666667
0.433333333333
1.38983050847
1.65
1.45
0.5
1.21666666667
0.616666666667
1.96610169492
0.916666666667
1.85
0.55
0.95
2.03389830508
0.233333333333
1.0
1.08333333333
1.86666666667
0.3
1.40677966102
1.06666666667
1.41666666667
0.583333333333
1.13333333333
0.933333333333
2.42372881356
0.55
1.7
0.8
0.0
0.135593220339
1.3
1.31666666667
1.18333333333
1.31666666667
0.766666666667
0.423728813559
0.0
1.11666666667
1.45
4.95
0.0847457627119
1.2
0.466666666667
1.0
--END OF 11--
0.333333333333
0.666666666667
0.466666666667
0.533333333333
0.0
0.0
0.0
0.0
0.0
0.0
0.0
0.186440677966
0.316666666667
0.0
0.0
0.5
0.0
0.372881355932
0.433333333333
0.5
0.0
0.366666666667
0.0
0.0
0.0
0.0
0.5
0.0
0.0
0.233333333333
0.383333333333
0.0833333333333
0.0
0.0
0.118644067797
0.883333333333
0.0
0.0
0.266666666667
0.233333333333
0.508474576271
0.0
0.0
0.0
0.0
0.135593220339
0.866666666667
0.3
0.0
0.0
0.0
0.0
0.0
0.5
0.5
1.58333333333
0.0847457627119
0.5
0.0
0.0
--END OF 12--
