19.1833333333
20.2333333333
19.0833333333
18.8474576271
18.6
19.3
19.75
19.7
19.8833333333
18.6333333333
18.8813559322
17.9333333333
18.7666666667
18.1833333333
20.4166666667
19.6949152542
18.6333333333
19.75
19.55
20.25
19.5166666667
19.6779661017
20.2333333333
19.3333333333
18.6166666667
19.0833333333
19.6
18.813559322
18.75
19.15
19.4
18.8333333333
18.813559322
19.6166666667
19.75
18.7166666667
19.8166666667
19.4666666667
19.6271186441
19.5
18.9166666667
18.35
18.0166666667
18.593220339
20.05
20.25
19.7333333333
18.9833333333
18.0
17.7796610169
19.0166666667
17.2666666667
16.9666666667
17.3833333333
19.0338983051
19.35
19.05
18.75
19.5166666667
20.7931034483
--END OF 1--
27.3833333333
27.0333333333
27.5166666667
27.0847457627
28.1833333333
27.0
28.1666666667
29.15
28.05
26.9166666667
26.3559322034
26.1833333333
26.3833333333
27.9333333333
29.8166666667
28.0338983051
27.0333333333
28.8666666667
26.3
28.25
27.6166666667
28.593220339
28.95
28.5833333333
27.3666666667
26.4
28.1333333333
27.6101694915
26.1166666667
26.5833333333
27.0333333333
27.55
28.0169491525
28.7166666667
29.0
29.05
29.2666666667
28.8333333333
29.1355932203
27.1333333333
27.6333333333
26.95
25.4166666667
26.9661016949
28.35
29.55
27.5166666667
27.6833333333
25.3
25.8644067797
28.0166666667
26.7666666667
24.1166666667
24.7166666667
26.8813559322
27.8666666667
26.6333333333
28.0333333333
27.0166666667
30.6034482759
--END OF 2--
28.1333333333
27.5833333333
28.75
28.8305084746
29.9166666667
27.5166666667
29.2833333333
30.1333333333
28.35
28.55
26.9491525424
28.1666666667
28.0666666667
30.8166666667
32.2166666667
28.7457627119
28.2
30.4166666667
27.35
29.25
28.6333333333
29.7966101695
30.75
29.8666666667
29.05
26.6166666667
28.7
28.5084745763
26.2166666667
28.05
28.5333333333
28.4833333333
28.4237288136
29.1166666667
29.7
30.2666666667
30.2833333333
30.1166666667
29.9491525424
27.8833333333
28.8
28.2333333333
26.5666666667
28.1694915254
29.7166666667
31.0166666667
29.1333333333
29.45
26.1333333333
27.8474576271
28.7166666667
27.55
24.8166666667
25.3666666667
28.3220338983
28.9666666667
29.0666666667
29.4333333333
28.55
32.0172413793
--END OF 3--
19.1833333333
19.6833333333
18.75
18.8474576271
18.2666666667
19.0333333333
19.4833333333
19.3833333333
19.5833333333
18.5833333333
18.7288135593
17.9333333333
18.7666666667
18.1333333333
19.8833333333
19.3559322034
18.6333333333
19.05
19.35
19.75
19.5
19.593220339
19.8666666667
19.3333333333
18.6166666667
18.6833333333
19.2
18.7627118644
18.75
19.15
19.4
18.7833333333
18.7118644068
19.5333333333
19.65
18.7166666667
19.6166666667
19.2833333333
19.2711864407
19.3333333333
18.6166666667
18.35
18.0166666667
18.593220339
19.5
20.0
19.45
18.9833333333
18.0
17.7796610169
19.0166666667
17.2666666667
16.9666666667
17.3833333333
19.0338983051
19.25
19.0166666667
18.7333333333
19.2666666667
20.0517241379
--END OF 4--
27.3833333333
27.0333333333
27.4166666667
27.0847457627
27.95
26.7333333333
28.05
28.8333333333
28.05
26.9166666667
26.3559322034
26.1833333333
26.3833333333
27.9333333333
29.3833333333
28.0338983051
26.95
28.55
26.3
28.25
27.5833333333
28.593220339
28.9
28.5833333333
27.3666666667
26.4
27.9333333333
27.6101694915
26.1166666667
26.5833333333
27.0333333333
27.4
27.9322033898
28.4666666667
28.9
29.0
28.9666666667
28.6833333333
28.8813559322
27.1333333333
27.5833333333
26.95
25.4166666667
26.9661016949
28.2666666667
29.35
27.5166666667
27.6833333333
25.3
25.8644067797
28.0166666667
26.7333333333
24.1166666667
24.7166666667
26.8813559322
27.8666666667
26.6333333333
28.0166666667
27.0166666667
29.8620689655
--END OF 5--
28.1333333333
27.5833333333
28.75
28.8305084746
29.9166666667
27.5166666667
29.2833333333
30.1333333333
28.35
28.55
26.9491525424
28.1666666667
28.0666666667
30.8166666667
32.2166666667
28.7457627119
28.2
30.4166666667
27.35
29.25
28.6333333333
29.7966101695
30.75
29.8666666667
29.05
26.6166666667
28.7
28.5084745763
26.2166666667
28.05
28.5333333333
28.4833333333
28.4237288136
29.1166666667
29.7
30.2666666667
30.2833333333
30.1166666667
29.9491525424
27.8833333333
28.8
28.2333333333
26.5666666667
28.1694915254
29.7166666667
31.0166666667
29.1333333333
29.45
26.1333333333
27.8474576271
28.7166666667
27.55
24.8166666667
25.3666666667
28.3220338983
28.9666666667
29.0666666667
29.4333333333
28.55
32.0172413793
--END OF 6--
3640.65
3704.25
3604.7
3547.93220339
3621.0
3684.0
3762.4
3724.1
3684.75
3659.1
3704.38983051
3503.1
3586.65
3644.35
3746.1
3684.86440678
3514.35
3785.9
3611.4
3755.1
3657.25
3658.62711864
3772.3
3660.0
3692.85
3649.25
3718.65
3667.77966102
3483.45
3634.65
3649.25
3519.8
3591.86440678
3660.45
3744.45
3628.15
3697.0
3683.6
3662.18644068
3607.9
3726.75
3555.25
3425.75
3519.15254237
3765.3
3715.75
3541.3
3565.1
3334.85
3537.71186441
3630.15
3448.15
3311.4
3493.85
3621.55932203
3669.85
3599.45
3587.0
3577.75
4016.22413793
--END OF 7--
1002.15
1042.85
1016.15
1010.15254237
1018.68333333
1012.93333333
1040.36666667
1045.66666667
1030.65
1022.4
1017.20338983
976.266666667
991.266666667
1001.66666667
1054.58333333
1012.71186441
981.8
1068.75
1008.7
1053.75
1003.8
1020.88135593
1060.21666667
1028.66666667
1002.16666667
1008.88333333
1037.21666667
1031.62711864
973.9
998.0
1022.81666667
985.0
1009.3220339
1034.38333333
1029.5
1012.45
1034.0
1031.63333333
1038.0
1021.05
1029.66666667
979.066666667
970.083333333
972.372881356
1049.83333333
1028.55
1007.4
1002.81666667
953.566666667
973.338983051
1012.35
959.35
942.0
953.9
988.576271186
1016.8
989.566666667
996.05
1008.36666667
1105.27586207
--END OF 8--
168.75
150.15
170.016666667
177.254237288
178.95
158.55
177.3
176.983333333
160.266666667
164.283333333
147.406779661
156.116666667
165.333333333
190.016666667
189.35
171.423728814
168.65
175.55
141.95
148.9
177.866666667
175.593220339
180.75
180.4
163.9
152.633333333
173.2
174.322033898
146.0
162.6
160.183333333
173.483333333
179.338983051
172.366666667
167.3
173.083333333
175.533333333
171.016666667
179.491525424
163.1
169.966666667
170.116666667
159.633333333
156.0
163.25
181.483333333
166.566666667
174.983333333
142.033333333
167.220338983
172.6
171.0
141.95
146.7
164.915254237
170.3
169.266666667
176.166666667
165.25
192.327586207
--END OF 9--
7.0
4.7
7.36666666667
7.13559322034
11.0
4.98333333333
6.53333333333
10.2833333333
7.46666666667
9.5
5.16949152542
9.48333333333
7.45
12.5666666667
13.4166666667
8.10169491525
6.68333333333
9.33333333333
8.85
10.05
7.8
12.3050847458
10.75
6.86666666667
11.05
6.05
6.9
5.79661016949
5.31666666667
7.86666666667
6.85
8.51666666667
7.66101694915
7.0
12.85
14.1
11.5666666667
10.3333333333
9.35593220339
6.88333333333
6.65
8.85
9.6
8.57627118644
6.86666666667
13.8166666667
9.91666666667
12.0833333333
6.11666666667
7.16949152542
8.85
9.66666666667
6.6
6.68333333333
8.13559322034
9.21666666667
10.5833333333
8.95
7.7
9.06896551724
--END OF 10--
1.25
1.15
1.71666666667
2.98305084746
2.7
1.03333333333
1.03333333333
1.58333333333
0.85
2.66666666667
0.28813559322
2.78333333333
2.93333333333
3.75
3.15
0.915254237288
1.65
1.9
1.5
1.25
0.966666666667
1.81355932203
2.25
1.71666666667
2.18333333333
0.166666666667
0.183333333333
0.830508474576
0.116666666667
1.85
2.16666666667
1.18333333333
0.610169491525
0.566666666667
1.2
1.86666666667
1.11666666667
1.53333333333
1.37288135593
0.433333333333
2.11666666667
1.78333333333
1.43333333333
0.966101694915
2.0
2.01666666667
1.63333333333
1.45
0.883333333333
2.8813559322
1.05
1.4
1.05
0.5
2.20338983051
1.05
3.46666666667
2.05
2.48333333333
2.18965517241
--END OF 11--
0.0
0.0
0.5
0.0
0.633333333333
0.0
0.0833333333333
0.416666666667
0.0
0.0
0.220338983051
0.45
0.333333333333
0.633333333333
0.566666666667
0.0
0.366666666667
0.166666666667
0.5
0.0
0.0
0.0
0.233333333333
0.516666666667
0.55
0.166666666667
0.0
0.0
0.0
0.5
0.866666666667
0.3
0.0
0.15
0.35
0.0
0.166666666667
0.3
0.0
0.0
0.2
0.5
0.0
0.0
0.233333333333
0.0
0.633333333333
0.366666666667
0.0
0.406779661017
0.55
0.05
0.5
0.5
0.474576271186
0.0
0.0
0.4
0.266666666667
0.51724137931
--END OF 12--
