15.8
14.8166666667
14.15
15.8666666667
16.1525423729
15.1
15.7166666667
15.3833333333
15.4166666667
14.9333333333
14.7627118644
14.7666666667
14.4166666667
14.95
15.1166666667
14.9333333333
15.1525423729
15.6666666667
16.0
14.55
15.5333333333
16.2372881356
15.3166666667
14.8833333333
16.1833333333
15.35
14.9322033898
16.35
15.8
16.4
16.75
16.1525423729
15.9
16.2
16.1666666667
15.5166666667
15.0508474576
14.7666666667
15.55
15.7166666667
15.5
15.3728813559
15.3666666667
16.15
16.0
15.25
15.75
15.5762711864
14.8333333333
16.0833333333
16.8333333333
15.6666666667
15.9166666667
15.2203389831
15.3333333333
16.25
16.3833333333
15.25
15.7627118644
15.1052631579
--END OF 1--
19.75
18.3666666667
18.1833333333
19.0166666667
19.2881355932
18.65
19.15
18.45
19.15
18.15
18.2033898305
18.0833333333
19.0166666667
17.65
18.1166666667
18.6833333333
19.6779661017
18.3
19.0666666667
17.2
19.6166666667
19.3898305085
19.0333333333
19.3333333333
18.8833333333
18.6333333333
19.1694915254
19.5
19.6
20.0
19.55
19.813559322
20.3833333333
20.55
19.5333333333
19.6666666667
19.0169491525
19.7333333333
19.5333333333
18.7166666667
19.35
19.3728813559
18.7666666667
19.15
19.15
18.8
18.9
19.0847457627
17.9
19.0
21.5833333333
20.15
19.3666666667
20.1016949153
18.8666666667
20.6166666667
20.0666666667
19.7166666667
19.5762711864
18.1228070175
--END OF 2--
20.25
19.3
18.6166666667
19.2833333333
20.3050847458
18.95
19.7166666667
18.55
19.2
18.15
19.2711864407
18.45
19.0833333333
17.65
19.1166666667
19.0333333333
20.0847457627
18.5333333333
19.2833333333
17.3833333333
20.1666666667
20.4745762712
19.9833333333
20.05
19.9333333333
19.1666666667
19.6779661017
20.1
19.6
20.9
20.1
19.9661016949
20.5333333333
20.85
19.8833333333
19.8
19.2881355932
19.85
20.25
19.05
19.7666666667
20.2881355932
19.9666666667
19.4
19.15
19.35
19.3
19.0847457627
18.5666666667
19.6166666667
22.1833333333
21.0666666667
19.7
21.1694915254
19.6833333333
21.95
21.1
20.35
19.5762711864
18.3684210526
--END OF 3--
15.8
14.8166666667
14.15
15.8666666667
16.1525423729
15.1
15.7166666667
15.3833333333
15.4166666667
14.9333333333
14.7627118644
14.7666666667
14.4166666667
14.95
15.1166666667
14.9333333333
15.1525423729
15.6666666667
16.0
14.55
15.5333333333
16.2372881356
15.3166666667
14.8833333333
16.1833333333
15.35
14.9322033898
16.35
15.8
16.4
16.75
16.1525423729
15.9
16.2
16.1666666667
15.5166666667
15.0508474576
14.7666666667
15.55
15.7166666667
15.5
15.3728813559
15.3666666667
16.15
16.0
15.25
15.75
15.5762711864
14.8333333333
16.0833333333
16.8333333333
15.6666666667
15.9166666667
15.2203389831
15.3333333333
16.25
16.3833333333
15.25
15.7627118644
15.1052631579
--END OF 4--
19.75
18.3666666667
18.1833333333
19.0166666667
19.2881355932
18.65
19.15
18.45
19.15
18.15
18.2033898305
18.0833333333
19.0166666667
17.65
18.1166666667
18.6833333333
19.6779661017
18.3
19.0666666667
17.2
19.6166666667
19.3898305085
19.0333333333
19.3333333333
18.8833333333
18.6333333333
19.1694915254
19.5
19.6
20.0
19.55
19.813559322
20.3833333333
20.55
19.5333333333
19.6666666667
19.0169491525
19.7333333333
19.5333333333
18.7166666667
19.35
19.3728813559
18.7666666667
19.15
19.15
18.8
18.9
19.0847457627
17.9
19.0
21.5833333333
20.15
19.3666666667
20.1016949153
18.8666666667
20.6166666667
20.0666666667
19.7166666667
19.5762711864
18.1228070175
--END OF 5--
20.25
19.3
18.6166666667
19.2833333333
20.3050847458
18.95
19.7166666667
18.55
19.2
18.15
19.2711864407
18.45
19.0833333333
17.65
19.1166666667
19.0333333333
20.0847457627
18.5333333333
19.2833333333
17.3833333333
20.1666666667
20.4745762712
19.9833333333
20.05
19.9333333333
19.1666666667
19.6779661017
20.1
19.6
20.9
20.1
19.9661016949
20.5333333333
20.85
19.8833333333
19.8
19.2881355932
19.85
20.25
19.05
19.7666666667
20.2881355932
19.9666666667
19.4
19.15
19.35
19.3
19.0847457627
18.5666666667
19.6166666667
22.1833333333
21.0666666667
19.7
21.1694915254
19.6833333333
21.95
21.1
20.35
19.5762711864
18.3684210526
--END OF 6--
3082.6
2902.15
2791.7
3036.75
3082.52542373
2914.85
3106.5
3007.6
3044.3
3003.7
2902.27118644
2850.45
2919.5
2943.9
2909.85
2893.05
3026.23728814
2895.45
3066.75
2862.45
3001.55
2995.83050847
2944.95
2969.65
3019.7
2941.2
2875.06779661
3091.2
2973.45
3038.1
3096.0
3072.71186441
3120.1
3181.95
3057.1
3048.15
3048.71186441
2998.7
3047.65
3040.25
2967.2
3025.27118644
2915.55
3037.8
2958.15
2962.05
2924.7
2993.18644068
2849.6
3025.7
3157.8
3066.8
3070.7
2966.33898305
3005.95
3032.7
3093.1
3010.9
3044.84745763
2988.68421053
--END OF 7--
847.183333333
790.833333333
747.2
829.5
838.016949153
803.283333333
843.25
825.466666667
828.666666667
809.716666667
792.372881356
787.566666667
792.45
790.6
805.2
801.8
827.711864407
803.933333333
821.85
786.2
823.75
829.101694915
807.25
807.6
827.583333333
799.1
784.508474576
830.65
811.55
842.0
872.0
835.728813559
849.55
878.916666667
832.3
819.35
829.966101695
827.6
840.833333333
841.316666667
831.683333333
826.593220339
803.5
815.8
822.6
794.35
811.7
831.271186441
772.516666667
821.683333333
879.2
831.95
828.333333333
813.847457627
826.95
854.816666667
840.8
819.833333333
827.050847458
809.070175439
--END OF 8--
87.4166666667
80.6333333333
82.4666666667
80.2333333333
83.8644067797
88.1
78.4
77.65
89.6
78.3666666667
82.6949152542
75.45
92.15
82.15
76.4
86.45
94.2711864407
76.55
74.3333333333
69.2
95.9833333333
88.4237288136
84.1333333333
94.8
79.8
77.0833333333
102.322033898
79.05
86.4
79.75
70.75
87.5593220339
90.9333333333
93.35
84.4166666667
81.5833333333
82.7118644068
93.8333333333
80.6166666667
73.7
95.5166666667
94.5762711864
90.65
86.2
83.25
86.45
86.8
77.1355932203
83.7166666667
82.8166666667
97.3
98.4666666667
82.55
94.8305084746
91.2166666667
89.15
87.7333333333
94.8
84.2033898305
72.9649122807
--END OF 9--
3.71666666667
2.55
1.96666666667
1.48333333333
3.18644067797
1.76666666667
3.23333333333
1.71666666667
1.6
0.883333333333
5.20338983051
1.63333333333
2.78333333333
1.15
3.3
4.7
2.23728813559
1.53333333333
1.75
2.05
3.13333333333
2.64406779661
3.6
4.96666666667
3.33333333333
2.78333333333
2.38983050847
3.5
2.75
5.8
2.05
2.37288135593
3.33333333333
3.13333333333
2.5
4.08333333333
3.79661016949
3.6
4.03333333333
1.85
3.6
4.59322033898
4.5
2.2
2.8
2.5
1.1
3.0
2.3
2.08333333333
4.46666666667
4.26666666667
1.7
8.27118644068
3.45
6.56666666667
4.08333333333
3.71666666667
3.57627118644
1.73684210526
--END OF 10--
0.983333333333
1.48333333333
0.583333333333
0.65
1.79661016949
0.216666666667
0.95
0.0
0.0
0.0
1.52542372881
0.366666666667
0.2
0.0
1.3
0.7
0.508474576271
0.233333333333
0.266666666667
0.0333333333333
0.75
1.81355932203
1.43333333333
0.966666666667
1.5
0.45
1.10169491525
0.5
0.1
1.5
0.4
0.0
0.0
0.0
0.5
0.383333333333
0.491525423729
0.25
1.48333333333
0.516666666667
0.683333333333
0.813559322034
1.0
0.5
0.0
0.5
0.5
0.0
1.01666666667
0.9
0.9
1.68333333333
0.0
1.20338983051
0.816666666667
1.9
1.31666666667
1.01666666667
0.0
0.421052631579
--END OF 11--
0.0
0.433333333333
0.0
0.0
0.0
0.0
0.0
0.0
0.0
0.0
0.508474576271
0.0
0.0
0.0
0.5
0.0
0.0
0.233333333333
0.266666666667
0.0
0.283333333333
0.389830508475
0.333333333333
0.466666666667
0.0333333333333
0.0
0.0
0.5
0.0
0.6
0.4
0.0
0.0
0.0
0.5
0.0
0.0
0.0
0.0
0.0
0.3
0.0
0.0
0.0
0.0
0.0
0.5
0.0
0.0
0.0
0.0
0.0
0.0
0.0
0.5
0.666666666667
0.333333333333
0.5
0.0
0.0
--END OF 12--
