15.9666666667
16.0166666667
15.45
16.0333333333
15.5423728814
16.1166666667
15.9333333333
16.2666666667
17.5833333333
16.7833333333
15.2
15.4915254237
15.85
16.2666666667
15.9666666667
15.7666666667
16.9333333333
16.5254237288
14.8666666667
15.8166666667
16.0666666667
15.3833333333
15.8166666667
16.1186440678
16.1333333333
15.25
15.9333333333
15.7
15.4576271186
15.8
15.0
17.1
15.75
16.4
16.1525423729
17.05
16.7
17.0833333333
16.25
16.6166666667
16.9322033898
16.4833333333
16.05
16.2166666667
16.4333333333
16.1186440678
16.1666666667
16.3666666667
15.6333333333
16.05
16.6333333333
15.7118644068
16.3833333333
15.65
16.0
15.25
14.9333333333
15.5762711864
16.1
15.2807017544
--END OF 1--
20.5666666667
19.9166666667
19.15
21.5833333333
21.1186440678
20.9666666667
21.05
22.0166666667
22.0333333333
21.2
19.75
20.8305084746
20.8166666667
21.5
20.4666666667
19.9333333333
21.95
21.2372881356
18.9166666667
21.7666666667
21.0666666667
21.1
20.7166666667
20.6610169492
21.1333333333
19.5166666667
20.8666666667
19.6
20.9152542373
20.9
20.9
22.95
20.4
21.75
21.3050847458
21.65
21.35
22.8666666667
20.2
21.6666666667
23.3559322034
21.5833333333
20.7
20.2
20.6833333333
22.186440678
19.6666666667
21.2666666667
20.2833333333
20.9666666667
19.9666666667
20.9661016949
21.2333333333
21.6333333333
20.85
20.45
18.9833333333
20.8474576271
20.8333333333
19.3157894737
--END OF 2--
21.2666666667
20.3666666667
20.05
22.3833333333
22.593220339
21.2166666667
21.3333333333
22.6833333333
22.6333333333
21.4
19.9
21.0169491525
21.15
23.5333333333
20.9166666667
20.3666666667
22.4
21.3389830508
19.9166666667
21.9166666667
21.8666666667
21.2833333333
21.7166666667
21.1525423729
21.55
20.6666666667
21.75
20.6
21.3728813559
21.8333333333
21.1
24.4666666667
21.9833333333
23.0333333333
22.2711864407
22.35
22.75
23.1833333333
20.75
22.6166666667
23.9661016949
22.5
21.4833333333
20.55
21.0
22.9152542373
19.8666666667
21.7166666667
20.7
21.9333333333
20.2833333333
21.8474576271
22.4833333333
22.6666666667
21.8
21.05
19.0333333333
21.5084745763
21.9166666667
20.298245614
--END OF 3--
15.9666666667
16.0166666667
15.45
16.0333333333
15.5423728814
16.1166666667
15.9333333333
16.2666666667
17.5833333333
16.7833333333
15.2
15.4915254237
15.85
16.2666666667
15.9666666667
15.7666666667
16.9333333333
16.5254237288
14.8666666667
15.8166666667
16.0666666667
15.3833333333
15.8166666667
16.1186440678
16.1333333333
15.25
15.9333333333
15.7
15.4576271186
15.8
15.0
17.1
15.75
16.4
16.1525423729
17.05
16.7
17.0833333333
16.25
16.6166666667
16.9322033898
16.4833333333
16.05
16.2166666667
16.4333333333
16.1186440678
16.1666666667
16.3666666667
15.6333333333
16.05
16.6333333333
15.7118644068
16.3833333333
15.65
16.0
15.25
14.9333333333
15.5762711864
16.1
15.2807017544
--END OF 4--
20.5666666667
19.9166666667
19.15
21.5833333333
21.1186440678
20.9666666667
21.05
22.0166666667
22.0333333333
21.2
19.75
20.8305084746
20.8166666667
21.5
20.4666666667
19.9333333333
21.95
21.2372881356
18.9166666667
21.7666666667
21.0666666667
21.1
20.7166666667
20.6610169492
21.1333333333
19.5166666667
20.8666666667
19.6
20.9152542373
20.9
20.9
22.95
20.4
21.75
21.3050847458
21.65
21.35
22.8666666667
20.2
21.6666666667
23.3559322034
21.5833333333
20.7
20.2
20.6833333333
22.186440678
19.6666666667
21.2666666667
20.2833333333
20.9666666667
19.9666666667
20.9661016949
21.2333333333
21.6333333333
20.85
20.45
18.9833333333
20.8474576271
20.8333333333
19.3157894737
--END OF 5--
21.2666666667
20.3666666667
20.05
22.3833333333
22.593220339
21.2166666667
21.3333333333
22.6833333333
22.6333333333
21.4
19.9
21.0169491525
21.15
23.5333333333
20.9166666667
20.3666666667
22.4
21.3389830508
19.9166666667
21.9166666667
21.8666666667
21.2833333333
21.7166666667
21.1525423729
21.55
20.6666666667
21.75
20.6
21.3728813559
21.8333333333
21.1
24.4666666667
21.9833333333
23.0333333333
22.2711864407
22.35
22.75
23.1833333333
20.75
22.6166666667
23.9661016949
22.5
21.4833333333
20.55
21.0
22.9152542373
19.8666666667
21.7166666667
20.7
21.9333333333
20.2833333333
21.8474576271
22.4833333333
22.6666666667
21.8
21.05
19.0333333333
21.5084745763
21.9166666667
20.298245614
--END OF 6--
3058.35
3043.35
2875.5
2970.9
3066.61016949
3029.4
3031.7
3118.2
3245.9
3088.0
2938.05
3001.47457627
2981.2
3053.45
2984.95
2907.55
3155.6
3045.61016949
2875.35
3110.55
3047.1
2923.85
2931.0
3004.72881356
3150.65
2962.75
3074.2
3062.25
3083.69491525
3088.45
2966.45
3150.4
2965.35
3162.3
3100.83050847
3211.05
3069.45
3167.7
3065.55
3096.85
3218.89830508
3114.2
3019.9
3078.3
3057.05
3098.49152542
3064.85
3052.7
3077.1
3148.55
3007.9
2958.81355932
3141.6
3116.0
3093.3
2929.95
2850.45
3001.93220339
3166.05
2867.94736842
--END OF 7--
831.4
830.0
805.75
841.3
832.711864407
841.983333333
827.866666667
865.183333333
908.9
865.133333333
797.95
842.711864407
842.716666667
857.966666667
840.483333333
800.633333333
867.583333333
847.627118644
816.9
863.5
829.35
814.2
821.4
841.949152542
854.533333333
815.516666667
853.716666667
835.016666667
845.898305085
856.533333333
798.4
881.616666667
824.9
866.216666667
841.813559322
891.35
861.95
891.266666667
842.95
856.85
907.491525424
870.333333333
835.516666667
844.65
846.766666667
860.305084746
826.883333333
853.683333333
844.616666667
859.333333333
859.45
813.881355932
864.6
854.483333333
849.45
813.25
786.2
824.169491525
855.983333333
791.50877193
--END OF 8--
103.5
95.4
94.15
117.15
123.576271186
107.7
110.6
112.066666667
109.566666667
102.733333333
109.35
114.779661017
103.983333333
121.183333333
100.016666667
91.9333333333
114.15
101.491525424
90.4
115.6
108.75
116.85
109.25
102.525423729
103.616666667
102.933333333
115.116666667
91.9666666667
111.288135593
108.15
117.0
119.983333333
112.783333333
117.233333333
98.6610169492
102.05
114.25
112.283333333
102.95
108.916666667
124.474576271
116.583333333
112.283333333
100.233333333
92.7
122.288135593
95.0666666667
119.266666667
102.183333333
117.3
90.7166666667
114.644067797
111.05
123.55
108.7
113.1
83.9
104.440677966
112.416666667
100.666666667
--END OF 9--
3.8
2.35
2.9
6.05
4.59322033898
2.86666666667
3.98333333333
6.13333333333
3.43333333333
3.56666666667
1.95
4.20338983051
4.33333333333
5.9
3.11666666667
2.48333333333
4.4
3.20338983051
3.75
3.95
5.2
4.7
3.45
4.4406779661
4.31666666667
4.1
4.9
3.88333333333
5.72881355932
5.23333333333
6.2
8.73333333333
5.08333333333
5.46666666667
6.23728813559
4.4
3.55
6.33333333333
1.65
5.36666666667
6.38983050847
5.65
4.56666666667
1.7
3.96666666667
5.32203389831
2.51666666667
2.66666666667
3.31666666667
3.4
0.433333333333
5.77966101695
4.6
4.75
3.1
2.8
3.15
5.89830508475
3.1
4.49122807018
--END OF 10--
0.9
0.85
1.2
1.1
2.03389830508
0.0
0.416666666667
0.883333333333
0.5
0.283333333333
0.216666666667
0.338983050847
0.433333333333
3.03333333333
0.8
0.233333333333
0.916666666667
0.338983050847
1.25
0.0
0.9
0.333333333333
1.05
0.694915254237
0.75
1.31666666667
1.01666666667
1.55
1.23728813559
1.38333333333
0.45
1.76666666667
2.08333333333
1.48333333333
1.62711864407
0.95
1.5
0.266666666667
0.5
1.5
0.610169491525
1.46666666667
1.45
0.55
0.133333333333
0.474576271186
0.0
0.5
0.183333333333
1.9
0.416666666667
0.915254237288
1.65
1.35
1.05
0.45
0.0
1.35593220339
1.0
1.57894736842
--END OF 11--
0.0
0.0
0.1
0.4
1.52542372881
0.0
0.0333333333333
0.466666666667
0.0
0.0
0.0
0.0
0.0
0.5
0.0
0.0
0.0
0.0
0.0
0.0
0.5
0.0666666666667
0.3
0.0
0.0
0.0
0.0
0.5
0.0
0.166666666667
0.333333333333
0.866666666667
0.633333333333
0.95
0.559322033898
0.0
0.5
0.0
0.5
0.0333333333333
0.576271186441
0.0
0.5
0.0
0.133333333333
0.237288135593
0.0
0.0
0.0
0.0
0.0
0.0
0.0
0.0
0.0
0.0
0.0
0.0
0.433333333333
1.10526315789
--END OF 12--
