25.9
26.9
26.6666666667
24.9333333333
25.65
26.813559322
25.8833333333
25.5333333333
25.65
25.6666666667
25.7627118644
26.3833333333
26.3333333333
25.9
25.9666666667
25.85
25.4406779661
24.9833333333
24.5
24.6
25.7118644068
24.4166666667
24.9
26.5
25.9666666667
24.7288135593
26.0333333333
25.55
25.05
23.2333333333
23.7288135593
26.5333333333
25.2333333333
24.75
24.5833333333
24.4915254237
25.35
25.2666666667
24.6
23.55
23.5762711864
25.2166666667
24.7166666667
25.2166666667
24.0
24.0847457627
23.7833333333
24.0666666667
25.7166666667
23.0
24.4915254237
26.15
25.4666666667
26.3333333333
25.25
24.8644067797
23.8
23.2
24.8333333333
26.3559322034
--END OF 1--
42.8
41.4
42.9666666667
42.0
40.8333333333
44.4576271186
42.3333333333
40.0166666667
41.2833333333
42.4833333333
40.6779661017
41.9166666667
42.0333333333
40.95
41.5666666667
41.9
41.406779661
42.3833333333
39.7833333333
40.0
40.7118644068
41.1333333333
41.1
39.7666666667
39.8833333333
37.4745762712
39.2333333333
37.3166666667
39.1166666667
38.2333333333
36.9830508475
39.6333333333
38.3166666667
36.35
37.0833333333
38.0
36.8666666667
39.1333333333
38.4166666667
36.55
36.2372881356
37.0
38.0
37.2166666667
38.1166666667
38.7118644068
37.4333333333
37.3833333333
39.8333333333
36.7666666667
38.6949152542
40.3666666667
39.6
40.0
38.1166666667
38.3728813559
37.45
37.0333333333
34.9166666667
41.813559322
--END OF 2--
46.15
42.55
45.6166666667
44.6666666667
43.6166666667
48.0
44.65
43.7
45.5333333333
45.0833333333
42.5762711864
44.4833333333
43.6833333333
42.95
43.7333333333
43.7666666667
43.5423728814
45.65
41.3333333333
43.0666666667
43.5084745763
42.7833333333
43.9166666667
41.6333333333
41.6833333333
39.1355932203
41.8666666667
39.8333333333
41.4666666667
40.4833333333
38.8474576271
40.7833333333
39.8333333333
38.0
38.7833333333
40.5084745763
38.9833333333
42.55
40.3666666667
38.1333333333
38.5084745763
38.2833333333
39.2833333333
41.85
41.5833333333
41.6949152542
40.8
39.5833333333
41.9
39.4333333333
41.2881355932
42.55
41.0666666667
41.6166666667
40.1333333333
39.5423728814
39.5
39.0166666667
37.9333333333
45.5254237288
--END OF 3--
23.1833333333
23.55
23.55
22.6333333333
22.9833333333
23.6440677966
23.0666666667
22.6
23.0
23.05
23.1525423729
23.35
23.2333333333
23.2
23.1333333333
22.8833333333
22.6610169492
22.5333333333
22.1333333333
22.4166666667
22.8644067797
22.0166666667
22.6166666667
23.4166666667
23.2666666667
22.6101694915
23.05
23.05
22.55
21.55
22.0
23.5833333333
22.85
22.6
22.3833333333
22.3559322034
22.8666666667
22.7666666667
22.3833333333
21.9166666667
22.1016949153
22.8
22.6
22.7833333333
22.0833333333
22.1525423729
22.0833333333
22.0833333333
23.0833333333
21.7
22.3728813559
23.35
23.0833333333
23.35
22.8333333333
22.6101694915
22.1
21.6
22.7
23.4576271186
--END OF 4--
37.4666666667
36.45
37.5166666667
37.0333333333
36.2666666667
38.3220338983
37.1333333333
35.5166666667
36.5333333333
37.2666666667
36.2542372881
36.8333333333
36.9666666667
36.4666666667
36.6166666667
36.7833333333
36.3898305085
37.1
35.3333333333
35.55
36.0
36.2333333333
36.3333333333
35.7
35.7333333333
34.2033898305
35.3166666667
34.0166666667
35.1333333333
34.4833333333
33.8644067797
35.4833333333
34.8166666667
33.7
33.9333333333
34.6440677966
33.9833333333
35.1333333333
34.7833333333
33.65
33.3898305085
33.9666666667
34.6333333333
34.0333333333
34.65
35.1186440678
34.2333333333
34.2333333333
35.7
33.75
35.0
35.9
35.6166666667
35.7833333333
34.55
34.6440677966
34.2666666667
34.0
32.6666666667
36.8644067797
--END OF 5--
45.3666666667
42.35
44.7666666667
44.2833333333
43.3666666667
46.6440677966
44.3
43.3833333333
44.7833333333
44.5166666667
42.4745762712
43.95
43.4166666667
42.7166666667
43.5333333333
43.2666666667
43.1355932203
44.9666666667
41.3
42.9833333333
43.1525423729
42.65
43.6166666667
41.6333333333
41.5333333333
39.1355932203
41.8666666667
39.8333333333
41.4666666667
40.4
38.8474576271
40.7833333333
39.8333333333
38.0
38.7833333333
40.5084745763
38.9833333333
42.1666666667
40.35
38.1333333333
38.4576271186
38.2833333333
39.2833333333
41.7833333333
41.5833333333
41.6271186441
40.7
39.5833333333
41.5666666667
39.4333333333
41.2881355932
42.4
40.9666666667
41.6
40.1333333333
39.5423728814
39.5
39.0166666667
37.8833333333
44.8813559322
--END OF 6--
4767.1
4966.35
5000.2
4623.2
4747.1
4958.44067797
4752.05
4909.8
4797.1
4880.35
4766.94915254
4863.55
4861.45
4747.85
4873.9
4962.95
4929.45762712
4750.1
4712.45
4695.3
4756.01694915
4658.95
4706.7
4921.1
4848.3
4596.55932203
4794.45
4666.75
4772.95
4510.25
4516.72881356
4698.45
4627.25
4580.55
4479.75
4631.94915254
4706.4
4752.7
4655.7
4405.55
4381.57627119
4538.85
4561.9
4497.05
4504.6
4593.20338983
4400.1
4613.35
4772.8
4359.7
4661.84745763
4874.25
4736.9
4794.5
4612.05
4587.55932203
4614.15
4524.25
4565.65
4930.37288136
--END OF 7--
1383.31666667
1423.5
1389.0
1324.95
1356.55
1422.23728814
1363.81666667
1389.9
1351.63333333
1389.38333333
1360.20338983
1402.95
1385.9
1339.48333333
1391.78333333
1403.01666667
1380.06779661
1354.71666667
1325.53333333
1321.96666667
1368.66101695
1350.48333333
1332.41666667
1371.46666667
1351.5
1292.52542373
1351.88333333
1326.98333333
1333.05
1272.31666667
1257.44067797
1358.25
1301.98333333
1286.2
1287.4
1312.23728814
1329.16666667
1351.76666667
1308.88333333
1235.05
1230.91525424
1288.8
1300.28333333
1292.23333333
1273.26666667
1288.66101695
1271.0
1293.65
1352.5
1229.68333333
1302.13559322
1371.31666667
1330.2
1362.1
1306.7
1299.11864407
1279.96666667
1256.33333333
1278.18333333
1381.40677966
--END OF 8--
288.1
275.0
282.033333333
287.6
264.966666667
305.762711864
282.733333333
272.716666667
269.7
284.1
268.474576271
291.016666667
265.083333333
274.366666667
292.516666667
283.833333333
272.559322034
296.033333333
270.916666667
281.45
275.152542373
275.366666667
274.383333333
245.533333333
258.466666667
250.508474576
247.483333333
249.516666667
264.95
255.5
243.745762712
242.7
238.616666667
218.95
237.25
227.423728814
222.433333333
260.316666667
254.55
231.166666667
242.084745763
241.233333333
238.016666667
234.2
247.983333333
256.762711864
248.8
246.55
253.733333333
246.283333333
237.830508475
264.433333333
268.316666667
254.933333333
241.35
253.305084746
243.166666667
244.033333333
225.35
277.152542373
--END OF 9--
23.8333333333
13.25
24.0333333333
21.2833333333
19.15
24.4745762712
21.6333333333
19.9333333333
22.35
21.0666666667
13.1694915254
16.45
22.35
19.3166666667
11.3833333333
17.6666666667
18.8644067797
22.4
21.3333333333
20.6166666667
20.4237288136
20.8333333333
24.7
14.8333333333
15.65
11.9830508475
18.3666666667
10.8833333333
15.4666666667
19.7
15.9152542373
11.55
15.95
12.6
12.45
17.4237288136
11.2333333333
17.2833333333
16.7666666667
18.2
14.8474576271
11.5833333333
12.9
18.65
22.1666666667
21.2033898305
20.85
10.2166666667
17.1
16.4
22.3050847458
15.1166666667
15.3333333333
12.5
16.65
12.4915254237
12.5166666667
16.6333333333
13.2666666667
21.3220338983
--END OF 10--
5.45
1.7
4.36666666667
3.96666666667
3.75
4.71186440678
3.13333333333
4.65
5.35
3.95
2.47457627119
3.58333333333
2.2
1.51666666667
2.76666666667
3.13333333333
3.28813559322
5.23333333333
1.86666666667
3.45
4.16949152542
2.08333333333
3.61666666667
3.05
2.76666666667
2.37288135593
4.75
3.86666666667
3.98333333333
3.23333333333
2.54237288136
1.4
1.7
1.95
1.75
2.84745762712
2.86666666667
4.45
2.5
2.75
2.98305084746
1.36666666667
1.56666666667
7.06666666667
5.16666666667
3.61016949153
5.55
2.8
3.23333333333
2.81666666667
2.4406779661
2.93333333333
2.06666666667
1.63333333333
2.13333333333
1.59322033898
3.15
2.11666666667
3.95
5.57627118644
--END OF 11--
0.65
0.25
0.166666666667
0.166666666667
1.16666666667
0.728813559322
1.18333333333
0.133333333333
1.4
0.366666666667
0.508474576271
0.5
0.0
0.266666666667
0.833333333333
0.0
0.322033898305
0.35
0.0
1.03333333333
0.508474576271
0.266666666667
0.166666666667
0.5
0.233333333333
0.0
0.0
0.0
0.0
0.2
0.0
0.5
0.0
0.45
0.05
0.474576271186
0.0
0.883333333333
0.216666666667
0.0
0.813559322034
0.166666666667
0.0
0.566666666667
1.26666666667
0.508474576271
0.35
1.25
0.333333333333
0.45
0.35593220339
0.533333333333
0.266666666667
0.233333333333
0.0
0.169491525424
0.5
1.13333333333
0.7
0.847457627119
--END OF 12--
