16.0508474576
16.5333333333
16.0833333333
15.3166666667
15.1
15.5333333333
15.6779661017
16.0833333333
15.9
15.3833333333
16.0666666667
15.85
14.7627118644
15.4833333333
16.3666666667
16.2666666667
17.0166666667
14.9166666667
15.8305084746
16.05
16.1166666667
16.7
15.9166666667
15.2203389831
15.9
16.2666666667
16.0
16.95
15.5333333333
15.7966101695
16.5
15.5
16.2833333333
16.0833333333
15.7457627119
16.05
16.4666666667
14.95
16.8833333333
16.7
15.5762711864
15.8833333333
15.8166666667
15.1833333333
16.0666666667
15.3389830508
16.2833333333
15.9333333333
15.75
16.3333333333
17.2
16.406779661
15.8833333333
14.9666666667
16.2333333333
15.25
16.2333333333
16.8983050847
15.35
16.2678571429
--END OF 1--
20.1525423729
20.8666666667
20.2666666667
20.7166666667
21.3666666667
20.8166666667
20.6271186441
21.75
21.1833333333
20.4166666667
21.3666666667
21.6833333333
21.0677966102
20.4333333333
21.8166666667
21.6166666667
21.9166666667
20.4166666667
20.4915254237
21.75
21.9333333333
22.7
21.4166666667
21.0
21.8666666667
22.65
22.3166666667
22.9333333333
21.6
20.5593220339
23.0
21.75
22.7333333333
20.5333333333
22.6949152542
21.0166666667
22.5333333333
19.9833333333
22.6
22.7666666667
22.186440678
21.4666666667
22.0666666667
20.8666666667
20.7833333333
21.5593220339
21.6833333333
22.6166666667
21.45
22.1
23.25
22.5423728814
22.8166666667
20.6666666667
21.5666666667
21.1833333333
21.5
21.9830508475
20.3166666667
22.0892857143
--END OF 2--
20.9830508475
21.15
20.5666666667
21.4
22.2
21.0333333333
20.6271186441
21.75
21.1833333333
20.7666666667
21.8666666667
22.4333333333
21.9322033898
20.9833333333
22.7666666667
21.9166666667
22.0666666667
21.2666666667
20.9830508475
22.5666666667
21.9333333333
22.9333333333
21.7833333333
21.4576271186
22.6333333333
24.15
23.6833333333
23.85
22.2833333333
20.8813559322
24.25
22.65
23.3166666667
20.7333333333
23.7627118644
21.5166666667
22.9333333333
20.6666666667
23.2
22.9833333333
22.593220339
22.2833333333
23.1
21.6166666667
21.2166666667
22.0169491525
22.9333333333
23.1166666667
22.0
22.9333333333
23.4
22.7796610169
23.2666666667
21.8166666667
22.1
21.3333333333
22.3666666667
22.8813559322
20.9333333333
22.6607142857
--END OF 3--
16.0508474576
16.5333333333
16.0833333333
15.3166666667
15.1
15.5333333333
15.6779661017
16.0833333333
15.9
15.3833333333
16.0666666667
15.85
14.7627118644
15.4833333333
16.3666666667
16.2666666667
17.0166666667
14.9166666667
15.8305084746
16.05
16.1166666667
16.7
15.9166666667
15.2203389831
15.9
16.2666666667
16.0
16.95
15.5333333333
15.7966101695
16.5
15.5
16.2833333333
16.0833333333
15.7457627119
16.05
16.4666666667
14.95
16.8833333333
16.7
15.5762711864
15.8833333333
15.8166666667
15.1833333333
16.0666666667
15.3389830508
16.2833333333
15.9333333333
15.75
16.3333333333
17.2
16.406779661
15.8833333333
14.9666666667
16.2333333333
15.25
16.2333333333
16.8983050847
15.35
16.2678571429
--END OF 4--
20.1525423729
20.8666666667
20.2666666667
20.7166666667
21.3666666667
20.8166666667
20.6271186441
21.75
21.1833333333
20.4166666667
21.3666666667
21.6833333333
21.0677966102
20.4333333333
21.8166666667
21.6166666667
21.9166666667
20.4166666667
20.4915254237
21.75
21.9333333333
22.7
21.4166666667
21.0
21.8666666667
22.65
22.3166666667
22.9333333333
21.6
20.5593220339
23.0
21.75
22.7333333333
20.5333333333
22.6949152542
21.0166666667
22.5333333333
19.9833333333
22.6
22.7666666667
22.186440678
21.4666666667
22.0666666667
20.8666666667
20.7833333333
21.5593220339
21.6833333333
22.6166666667
21.45
22.1
23.25
22.5423728814
22.8166666667
20.6666666667
21.5666666667
21.1833333333
21.5
21.9830508475
20.3166666667
22.0892857143
--END OF 5--
20.9830508475
21.15
20.5666666667
21.4
22.2
21.0333333333
20.6271186441
21.75
21.1833333333
20.7666666667
21.8666666667
22.4333333333
21.9322033898
20.9833333333
22.7666666667
21.9166666667
22.0666666667
21.2666666667
20.9830508475
22.5666666667
21.9333333333
22.9333333333
21.7833333333
21.4576271186
22.6333333333
24.15
23.6833333333
23.85
22.2833333333
20.8813559322
24.25
22.65
23.3166666667
20.7333333333
23.7627118644
21.5166666667
22.9333333333
20.6666666667
23.2
22.9833333333
22.593220339
22.2833333333
23.1
21.6166666667
21.2166666667
22.0169491525
22.9333333333
23.1166666667
22.0
22.9333333333
23.4
22.7796610169
23.2666666667
21.8166666667
22.1
21.3333333333
22.3666666667
22.8813559322
20.9333333333
22.6607142857
--END OF 6--
2868.96610169
2992.55
2961.5
2874.45
2880.0
2855.3
2898.10169492
2994.5
2939.3
2814.75
3145.7
3107.35
2864.49152542
2919.75
3034.8
3094.2
3143.25
2859.0
2921.23728814
2982.6
2976.05
3060.6
2937.15
2929.06779661
2979.05
3043.05
2954.15
3055.0
2992.9
2963.79661017
3043.05
2908.8
3049.8
2911.95
2962.57627119
2971.4
2925.75
2897.5
3134.0
3066.55
2969.69491525
2987.6
2973.8
2826.15
2856.95
2848.6779661
3073.95
3012.55
2897.7
3055.7
3161.25
3076.83050847
3130.75
2882.15
2991.6
3013.85
2960.45
3010.72881356
2908.65
2983.98214286
--END OF 7--
814.474576271
841.666666667
818.716666667
810.05
800.35
817.733333333
803.254237288
828.316666667
816.283333333
796.866666667
856.616666667
861.116666667
799.694915254
812.5
859.35
864.45
893.4
788.25
818.322033898
844.45
836.2
858.583333333
824.016666667
807.355932203
822.7
860.55
825.65
859.916666667
826.9
818.220338983
850.0
821.15
863.683333333
817.1
835.457627119
821.983333333
826.116666667
808.733333333
883.933333333
864.166666667
836.033898305
836.4
820.666666667
805.066666667
823.0
811.593220339
855.95
835.2
808.4
861.5
886.05
854.966101695
873.366666667
792.416666667
845.883333333
855.45
836.033333333
865.186440678
804.516666667
836.375
--END OF 8--
111.847457627
102.9
110.216666667
116.433333333
125.4
114.483333333
120.016949153
126.9
119.266666667
115.766666667
113.45
117.883333333
134.542372881
122.4
129.4
124.55
112.35
128.8
110.050847458
124.85
126.916666667
140.3
111.316666667
104.983050847
118.233333333
124.1
119.466666667
121.3
124.15
117.0
135.9
122.5
129.3
116.2
127.762711864
112.75
131.566666667
104.683333333
124.083333333
124.033333333
144.644067797
123.2
125.583333333
108.833333333
107.0
137.322033898
114.9
136.916666667
123.2
126.9
121.65
129.254237288
127.2
107.516666667
119.933333333
125.8
118.133333333
127.288135593
111.55
124.678571429
--END OF 9--
2.42372881356
2.53333333333
3.56666666667
5.86666666667
5.91666666667
4.63333333333
2.4406779661
3.31666666667
3.55
3.11666666667
4.38333333333
3.75
5.33898305085
3.8
5.55
4.1
3.45
5.85
2.18644067797
4.61666666667
2.66666666667
1.96666666667
6.45
4.96610169492
6.3
8.85
7.35
6.86666666667
4.66666666667
1.57627118644
5.75
5.8
5.5
0.45
6.61016949153
4.38333333333
6.78333333333
7.66666666667
6.5
5.05
2.66101694915
3.33333333333
7.25
8.2
4.7
3.89830508475
7.55
5.38333333333
4.75
4.55
5.1
4.50847457627
6.55
6.46666666667
5.58333333333
4.2
5.68333333333
3.35593220339
3.03333333333
3.14285714286
--END OF 10--
1.52542372881
0.65
0.5
0.916666666667
0.966666666667
0.0166666666667
0.0
0.0
0.0
0.0
0.5
1.5
1.01694915254
1.0
1.55
0.45
0.2
0.55
0.898305084746
0.866666666667
0.0
0.383333333333
0.116666666667
0.508474576271
1.41666666667
2.01666666667
2.11666666667
0.95
0.583333333333
0.186440677966
1.75
1.25
0.85
0.2
1.32203389831
0.65
0.5
0.333333333333
0.166666666667
0.5
0.677966101695
0.916666666667
1.43333333333
1.0
0.783333333333
0.508474576271
2.0
0.65
0.85
0.466666666667
0.2
0.28813559322
0.483333333333
1.48333333333
0.0166666666667
0.0833333333333
0.916666666667
1.05084745763
0.966666666667
0.839285714286
--END OF 11--
0.0
0.0
0.0
0.0
0.483333333333
0.0166666666667
0.0
0.0
0.0
0.0
0.0
0.5
0.508474576271
0.0
0.2
0.3
0.0
0.0
0.0
0.5
0.0
0.0
0.0
0.0
0.0
1.11666666667
0.6
0.283333333333
0.0
0.0
1.0
0.5
0.0
0.0
0.491525423729
0.0166666666667
0.0
0.0
0.0
0.0
0.305084745763
0.266666666667
0.233333333333
0.0
0.0
0.508474576271
0.0
0.0
0.0
0.166666666667
0.0
0.0
0.0
0.0
0.0
0.0833333333333
0.416666666667
0.0
0.0
0.464285714286
--END OF 12--
