16.0847457627
16.1
16.8833333333
16.8166666667
15.9333333333
16.75
16.4576271186
18.2333333333
16.8
18.0833333333
16.3666666667
16.2
16.5762711864
16.1
16.3
15.5
15.85
16.5423728814
17.7666666667
17.7833333333
16.75
16.2333333333
15.5593220339
16.5
16.5666666667
15.3833333333
15.6779661017
16.5833333333
15.7666666667
15.9666666667
15.4
15.7627118644
16.8
17.0666666667
16.6166666667
15.4666666667
15.3898305085
15.7833333333
16.4666666667
16.3833333333
15.7
16.7118644068
16.05
15.7
16.1333333333
16.8833333333
16.0169491525
16.2166666667
14.8166666667
16.5833333333
16.65
16.7288135593
16.1833333333
15.8333333333
15.8666666667
16.0833333333
16.6101694915
17.4
15.3333333333
15.6551724138
--END OF 1--
21.4406779661
21.2
21.2666666667
21.8333333333
21.3166666667
21.0166666667
21.5254237288
23.6666666667
21.8166666667
22.8
21.1666666667
21.7
22.1525423729
21.5
22.35
20.4
20.75
22.1355932203
22.35
21.1
22.1833333333
22.4333333333
20.813559322
21.4
21.5333333333
21.2833333333
20.1525423729
21.55
20.75
20.4666666667
21.9833333333
22.0847457627
21.3666666667
23.0666666667
21.3666666667
19.75
19.813559322
20.15
21.1166666667
21.4333333333
20.7833333333
21.1694915254
20.95
20.15
20.7833333333
21.8833333333
20.9152542373
21.3166666667
19.2833333333
22.0833333333
21.1666666667
22.3898305085
20.8833333333
19.5333333333
21.3
21.25
21.1186440678
21.45
19.8833333333
20.4137931034
--END OF 2--
21.9491525424
23.1833333333
22.5833333333
22.1833333333
22.1
21.7666666667
22.3728813559
23.8
22.1833333333
23.1833333333
22.4666666667
22.65
22.3050847458
22.15
22.75
20.95
20.85
22.1355932203
23.0833333333
21.6
22.4
22.7333333333
21.3728813559
22.3333333333
21.9833333333
21.6166666667
21.2711864407
23.0833333333
21.8333333333
20.5166666667
22.8666666667
22.8305084746
22.0166666667
23.9333333333
21.75
19.9333333333
20.3050847458
21.1333333333
21.3666666667
22.4166666667
21.8333333333
22.1016949153
22.4
20.15
20.7833333333
22.1333333333
21.1525423729
22.3166666667
20.1333333333
22.7166666667
21.8
23.0169491525
21.2666666667
20.2833333333
21.3166666667
22.3
21.3050847458
22.95
20.8333333333
21.4655172414
--END OF 3--
16.0847457627
16.1
16.8833333333
16.8166666667
15.9333333333
16.75
16.4576271186
18.2333333333
16.8
18.0833333333
16.3666666667
16.2
16.5762711864
16.1
16.3
15.5
15.85
16.5423728814
17.7666666667
17.7833333333
16.75
16.2333333333
15.5593220339
16.5
16.5666666667
15.3833333333
15.6779661017
16.5833333333
15.7666666667
15.9666666667
15.4
15.7627118644
16.8
17.0666666667
16.6166666667
15.4666666667
15.3898305085
15.7833333333
16.4666666667
16.3833333333
15.7
16.7118644068
16.05
15.7
16.1333333333
16.8833333333
16.0169491525
16.2166666667
14.8166666667
16.5833333333
16.65
16.7288135593
16.1833333333
15.8333333333
15.8666666667
16.0833333333
16.6101694915
17.4
15.3333333333
15.6551724138
--END OF 4--
21.4406779661
21.2
21.2666666667
21.8333333333
21.3166666667
21.0166666667
21.5254237288
23.6666666667
21.8166666667
22.8
21.1666666667
21.7
22.1525423729
21.5
22.35
20.4
20.75
22.1355932203
22.35
21.1
22.1833333333
22.4333333333
20.813559322
21.4
21.5333333333
21.2833333333
20.1525423729
21.55
20.75
20.4666666667
21.9833333333
22.0847457627
21.3666666667
23.0666666667
21.3666666667
19.75
19.813559322
20.15
21.1166666667
21.4333333333
20.7833333333
21.1694915254
20.95
20.15
20.7833333333
21.8833333333
20.9152542373
21.3166666667
19.2833333333
22.0833333333
21.1666666667
22.3898305085
20.8833333333
19.5333333333
21.3
21.25
21.1186440678
21.45
19.8833333333
20.4137931034
--END OF 5--
21.9491525424
23.1833333333
22.5833333333
22.1833333333
22.1
21.7666666667
22.3728813559
23.8
22.1833333333
23.1833333333
22.4666666667
22.65
22.3050847458
22.15
22.75
20.95
20.85
22.1355932203
23.0833333333
21.6
22.4
22.7333333333
21.3728813559
22.3333333333
21.9833333333
21.6166666667
21.2711864407
23.0833333333
21.8333333333
20.5166666667
22.8666666667
22.8305084746
22.0166666667
23.9333333333
21.75
19.9333333333
20.3050847458
21.1333333333
21.3666666667
22.4166666667
21.8333333333
22.1016949153
22.4
20.15
20.7833333333
22.1333333333
21.1525423729
22.3166666667
20.1333333333
22.7166666667
21.8
23.0169491525
21.2666666667
20.2833333333
21.3166666667
22.3
21.3050847458
22.95
20.8333333333
21.4655172414
--END OF 6--
2989.27118644
3171.1
3073.1
3184.2
3026.6
3150.05
3036.91525424
3272.45
3087.25
3195.2
3045.9
2993.4
3069.61016949
3000.45
3056.1
2996.7
3006.0
3037.72881356
3196.2
3182.1
3187.05
3109.4
2919.05084746
3070.45
3074.0
2937.95
2873.03389831
3176.8
2863.85
2903.4
2990.05
2983.52542373
3068.6
3217.8
3160.4
2908.35
2850.96610169
2993.75
2973.9
3127.5
2953.9
3054.71186441
2993.1
2977.35
2989.2
3042.3
2965.06779661
3041.1
2821.6
3064.3
3094.9
3145.27118644
2920.15
2860.9
2965.55
2910.45
3030.20338983
3192.3
2939.85
2908.81034483
--END OF 7--
834.813559322
891.95
870.566666667
870.583333333
851.533333333
867.716666667
849.728813559
912.1
865.6
906.083333333
851.966666667
839.666666667
849.06779661
840.4
859.1
845.15
844.25
851.423728814
883.416666667
879.166666667
864.316666667
868.133333333
820.254237288
864.916666667
870.35
834.333333333
805.949152542
891.15
813.333333333
824.9
823.616666667
825.966101695
840.25
893.116666667
859.533333333
795.1
783.813559322
838.116666667
841.016666667
859.333333333
821.2
855.203389831
835.7
841.45
834.5
869.25
833.728813559
843.266666667
785.983333333
860.383333333
854.483333333
858.610169492
816.016666667
808.683333333
822.933333333
822.616666667
850.169491525
885.65
803.65
819.586206897
--END OF 8--
107.576271186
120.433333333
102.483333333
115.966666667
120.383333333
98.2666666667
123.13559322
131.566666667
114.033333333
114.25
98.4666666667
114.816666667
115.186440678
113.8
125.6
114.0
114.8
133.525423729
116.666666667
99.3
118.583333333
126.166666667
108.762711864
108.333333333
113.883333333
118.633333333
99.9661016949
104.65
110.75
105.1
130.766666667
108.779661017
111.216666667
128.083333333
106.733333333
99.25
112.305084746
104.3
107.216666667
117.95
110.816666667
115.677966102
105.55
104.1
120.85
110.2
99.8305084746
112.3
101.166666667
114.266666667
105.783333333
122.847457627
109.45
85.9
118.85
111.916666667
106.576271186
105.9
112.4
112.672413793
--END OF 9--
5.64406779661
5.01666666667
6.23333333333
3.88333333333
6.11666666667
3.55
4.76271186441
3.58333333333
3.35
3.05
5.85
4.51666666667
4.23728813559
4.5
5.1
2.2
1.5
2.47457627119
5.33333333333
1.48333333333
2.83333333333
4.35
2.66101694915
2.3
2.53333333333
4.53333333333
3.83050847458
6.41666666667
5.75
2.2
7.08333333333
9.33898305085
4.75
4.46666666667
3.35
3.18333333333
4.40677966102
3.18333333333
4.83333333333
2.58333333333
4.1
3.67796610169
4.7
1.65
2.0
3.45
2.89830508475
5.85
2.08333333333
6.58333333333
5.93333333333
5.32203389831
5.56666666667
4.68333333333
3.31666666667
6.66666666667
4.35593220339
5.45
4.1
4.55172413793
--END OF 10--
1.01694915254
3.33333333333
1.6
0.75
1.31666666667
0.933333333333
1.05084745763
0.0333333333333
0.683333333333
0.816666666667
1.5
1.0
0.0
0.85
0.25
0.9
0.0
0.0
0.5
0.933333333333
0.466666666667
0.516666666667
1.08474576271
1.38333333333
0.533333333333
0.0
1.01694915254
2.18333333333
1.58333333333
0.05
1.51666666667
1.30508474576
1.13333333333
1.1
0.683333333333
0.483333333333
0.64406779661
1.3
0.0833333333333
1.31666666667
0.766666666667
0.983050847458
1.95
0.0
0.0
0.45
0.338983050847
1.3
1.3
1.08333333333
0.533333333333
0.491525423729
0.516666666667
1.5
0.0
1.46666666667
0.440677966102
2.2
0.9
0.948275862069
--END OF 11--
0.0
0.0
0.0
0.0
0.0
0.433333333333
0.0677966101695
0.0
0.0
0.0
0.5
1.0
0.0
0.0
0.0
0.0
0.0
0.0
0.5
0.0
0.0
0.0
0.0
0.0
0.0
0.0
1.01694915254
0.316666666667
0.583333333333
0.0
0.0
0.0
0.0
0.366666666667
0.0
0.0
0.0
0.0
0.0
0.316666666667
0.766666666667
0.474576271186
0.95
0.0
0.0
0.0
0.0
0.5
0.383333333333
0.116666666667
0.0
0.322033898305
0.183333333333
0.0
0.0
0.5
0.0
0.0
0.0
0.0
--END OF 12--
