17.5666666667
17.65
18.0677966102
18.6833333333
18.8333333333
20.15
17.8666666667
17.2666666667
18.3666666667
18.6440677966
18.7333333333
18.3333333333
18.2
19.05
18.0833333333
18.3220338983
18.8833333333
18.5833333333
18.1666666667
19.1333333333
17.6440677966
18.3333333333
19.0333333333
18.0
18.75
17.6166666667
19.1016949153
18.6666666667
19.3666666667
19.1833333333
19.3166666667
18.5423728814
18.1333333333
16.65
17.4833333333
18.1666666667
17.9333333333
18.1525423729
17.5833333333
17.7666666667
18.7666666667
17.9
18.6271186441
18.7
18.95
17.9666666667
18.15
18.6833333333
17.0
18.4666666667
19.5
18.8833333333
18.75
17.3220338983
18.9
18.6166666667
17.9666666667
18.4
18.1016949153
18.3396226415
--END OF 1--
21.4166666667
24.8
24.2203389831
23.7
23.4166666667
25.45
22.4333333333
22.3833333333
23.0166666667
23.3559322034
23.8333333333
23.0666666667
22.4166666667
24.0833333333
21.8666666667
22.9491525424
23.0333333333
23.1833333333
22.9166666667
23.8333333333
22.3559322034
23.85
24.15
22.1
23.6333333333
23.7666666667
23.4406779661
23.4166666667
24.5
23.2166666667
24.5666666667
22.8644067797
22.2333333333
20.9
22.4333333333
24.9333333333
22.9333333333
23.4745762712
23.5333333333
22.5666666667
23.95
22.6666666667
23.3728813559
23.0666666667
24.55
23.3166666667
23.0666666667
23.8666666667
22.7796610169
23.4166666667
24.7
23.4333333333
22.8
22.7796610169
23.1833333333
22.9666666667
22.8
24.1166666667
22.2542372881
23.5660377358
--END OF 2--
23.4666666667
25.6
24.4576271186
24.3
24.6166666667
25.9666666667
22.7333333333
23.0333333333
23.2333333333
24.593220339
23.8333333333
23.0666666667
22.5833333333
25.3833333333
22.8333333333
23.8305084746
23.8833333333
23.8333333333
23.6166666667
25.2333333333
23.2203389831
25.0666666667
24.8333333333
22.55
25.0833333333
25.5333333333
24.1186440678
25.2
25.1166666667
24.2166666667
25.7
23.9830508475
22.2333333333
21.95
23.6833333333
25.9
23.8833333333
24.2033898305
24.3
23.15
24.55
23.4833333333
24.7288135593
24.25
25.7333333333
23.7166666667
23.4166666667
24.6666666667
23.2881355932
24.2666666667
25.55
24.2333333333
24.05
23.2203389831
23.25
23.8166666667
23.45
24.9166666667
22.3728813559
25.0188679245
--END OF 3--
17.5666666667
17.65
18.0677966102
18.6833333333
18.8333333333
19.8
17.8666666667
17.2666666667
18.3666666667
18.5762711864
18.7333333333
18.3333333333
18.2
19.05
18.0833333333
18.3220338983
18.8833333333
18.5333333333
18.1666666667
18.9333333333
17.6440677966
18.3333333333
18.7833333333
18.0
18.75
17.6166666667
18.8983050847
18.6666666667
19.25
19.1
19.3166666667
18.5423728814
18.1333333333
16.65
17.4833333333
18.1666666667
17.9333333333
18.1525423729
17.5833333333
17.7666666667
18.7666666667
17.9
18.6271186441
18.7
18.95
17.9666666667
18.15
18.6833333333
17.0
18.4166666667
19.4
18.7333333333
18.75
17.3220338983
18.75
18.5666666667
17.9666666667
18.4
18.1016949153
18.3396226415
--END OF 4--
21.4166666667
24.8
24.2203389831
23.7
23.4166666667
25.45
22.4333333333
22.3833333333
23.0166666667
23.3559322034
23.8333333333
23.0666666667
22.4166666667
24.0833333333
21.8666666667
22.9491525424
23.0333333333
23.1833333333
22.9166666667
23.8333333333
22.3559322034
23.85
24.15
22.1
23.6333333333
23.7666666667
23.4406779661
23.4166666667
24.5
23.2166666667
24.5666666667
22.8644067797
22.2333333333
20.9
22.4333333333
24.9333333333
22.9333333333
23.4745762712
23.5333333333
22.5666666667
23.95
22.6666666667
23.3728813559
23.0666666667
24.55
23.3166666667
23.0666666667
23.8666666667
22.7796610169
23.4166666667
24.7
23.4333333333
22.8
22.7796610169
23.1833333333
22.9666666667
22.8
24.1166666667
22.2542372881
23.5660377358
--END OF 5--
23.4666666667
25.6
24.4576271186
24.3
24.6166666667
25.9666666667
22.7333333333
23.0333333333
23.2333333333
24.593220339
23.8333333333
23.0666666667
22.5833333333
25.3833333333
22.8333333333
23.8305084746
23.8833333333
23.8333333333
23.6166666667
25.2333333333
23.2203389831
25.0666666667
24.8333333333
22.55
25.0833333333
25.5333333333
24.1186440678
25.2
25.1166666667
24.2166666667
25.7
23.9830508475
22.2333333333
21.95
23.6833333333
25.9
23.8833333333
24.2033898305
24.3
23.15
24.55
23.4833333333
24.7288135593
24.25
25.7333333333
23.7166666667
23.4166666667
24.6666666667
23.2881355932
24.2666666667
25.55
24.2333333333
24.05
23.2203389831
23.25
23.8166666667
23.45
24.9166666667
22.3728813559
25.0188679245
--END OF 6--
3395.25
3497.25
3442.77966102
3487.4
3537.85
3710.35
3368.0
3323.6
3497.0
3463.77966102
3500.3
3469.85
3407.8
3639.75
3366.6
3404.23728814
3536.1
3442.35
3354.15
3633.75
3472.62711864
3535.8
3597.8
3509.75
3574.7
3389.8
3518.08474576
3497.6
3579.85
3535.9
3606.45
3489.61016949
3620.55
3301.35
3374.4
3443.1
3487.65
3425.38983051
3513.3
3329.5
3514.15
3403.75
3438.86440678
3522.75
3579.25
3489.6
3419.25
3514.2
3320.28813559
3507.3
3740.7
3323.7
3401.55
3358.42372881
3501.7
3534.95
3401.9
3462.3
3501.20338983
3450.16981132
--END OF 7--
939.05
968.9
962.508474576
977.7
963.05
1024.96666667
930.85
898.75
938.55
957.694915254
965.1
948.916666667
943.066666667
1003.51666667
923.65
953.406779661
976.3
943.15
938.45
1001.65
949.186440678
963.7
989.066666667
962.866666667
968.366666667
933.766666667
983.305084746
963.083333333
986.45
967.6
993.75
954.050847458
953.55
913.1
934.65
964.433333333
950.0
937.254237288
958.9
924.366666667
986.633333333
932.7
954.593220339
959.15
978.783333333
949.133333333
937.283333333
971.616666667
903.186440678
960.05
1016.6
947.15
944.7
934.203389831
978.016666667
960.416666667
935.066666667
964.066666667
967.016949153
957.037735849
--END OF 8--
93.55
129.25
119.915254237
115.133333333
112.716666667
113.85
100.35
109.233333333
110.133333333
125.203389831
104.916666667
107.666666667
100.2
112.583333333
103.933333333
110.610169492
103.65
105.35
104.6
121.85
114.372881356
115.733333333
119.333333333
97.7666666667
115.6
114.833333333
109.847457627
105.65
111.966666667
102.583333333
119.333333333
101.559322034
89.8
106.35
93.95
130.6
106.4
119.033898305
129.85
111.25
109.016666667
109.983333333
99.8983050847
111.233333333
124.883333333
113.366666667
107.6
112.1
119.542372881
111.95
126.9
121.0
113.65
117.06779661
105.05
105.8
109.9
120.416666667
107.474576271
105.41509434
--END OF 9--
5.85
9.95
5.03389830508
3.68333333333
5.68333333333
4.63333333333
2.76666666667
2.95
4.38333333333
4.89830508475
3.2
3.3
2.38333333333
6.6
1.81666666667
3.81355932203
4.05
3.4
4.2
5.25
3.8813559322
5.3
4.73333333333
2.03333333333
5.21666666667
12.25
3.32203389831
6.63333333333
5.91666666667
3.51666666667
6.4
3.86440677966
3.2
4.5
7.65
7.05
5.3
6.59322033898
6.13333333333
4.4
5.45
4.68333333333
6.74576271186
4.13333333333
6.0
5.5
4.35
5.35
3.72881355932
3.9
6.05
3.5
4.6
4.79661016949
1.41666666667
3.16666666667
2.8
4.55
2.0
7.43396226415
--END OF 10--
2.55
0.8
0.593220338983
0.533333333333
1.85
0.783333333333
0.0
0.983333333333
0.15
1.4406779661
0.0833333333333
0.0
0.183333333333
2.03333333333
1.16666666667
1.13559322034
0.85
1.1
1.0
2.0
1.57627118644
1.55
1.23333333333
0.216666666667
1.5
2.88333333333
0.983050847458
3.15
1.18333333333
1.68333333333
1.2
1.86440677966
0.1
1.7
1.65
1.26666666667
1.3
0.915254237288
1.28333333333
1.03333333333
1.18333333333
0.783333333333
1.93220338983
1.71666666667
1.65
0.5
0.666666666667
1.23333333333
1.01694915254
1.1
1.2
1.2
1.95
0.576271186441
0.316666666667
1.78333333333
1.21666666667
1.0
0.118644067797
2.41509433962
--END OF 11--
0.2
0.3
0.0
0.133333333333
0.366666666667
0.0
0.0
0.5
0.0
0.0
0.0
0.0
0.0
0.0
0.0
0.0
0.0
0.0
0.5
0.0
0.0
0.616666666667
0.383333333333
0.0
0.5
0.5
0.0
0.0
0.266666666667
0.733333333333
0.0666666666667
0.440677966102
0.0
0.0
0.0
0.2
1.0
0.0
0.0
0.0
0.0
0.0
0.0
0.0
0.0
0.5
0.166666666667
0.833333333333
0.0
0.45
0.05
0.0
0.0
0.525423728814
0.316666666667
0.0
0.0
0.0
0.0
0.264150943396
--END OF 12--
