12.7
12.8666666667
13.1333333333
14.0666666667
13.7166666667
13.9830508475
13.4666666667
13.2333333333
13.5666666667
12.5166666667
13.6166666667
13.0
14.2033898305
14.0833333333
14.2333333333
14.0
13.65
13.2203389831
13.6333333333
12.8333333333
13.2
13.9166666667
13.4833333333
12.9491525424
12.9166666667
12.85
13.2833333333
13.6833333333
13.75
13.593220339
13.4
12.95
13.2
13.5
13.7
12.8983050847
12.0833333333
13.6
13.85
13.1833333333
12.5833333333
12.1186440678
13.2833333333
12.85
13.2166666667
13.85
12.7288135593
13.0666666667
12.8
12.9
13.1666666667
12.6333333333
13.2881355932
12.45
11.9833333333
13.6166666667
12.2
13.3333333333
13.4745762712
13.7719298246
--END OF 1--
18.75
19.1833333333
18.8666666667
19.8333333333
18.7333333333
19.593220339
17.4
18.9333333333
18.4
19.2
20.0333333333
18.9166666667
21.2711864407
19.9333333333
20.6833333333
19.6
18.15
18.6779661017
19.2333333333
17.2333333333
17.4666666667
19.45
18.9333333333
18.2542372881
18.15
17.9166666667
18.55
18.1
18.5
18.2372881356
18.8666666667
17.95
17.9
18.95
18.85
19.0338983051
17.3333333333
18.55
19.75
17.9166666667
17.7666666667
17.4745762712
18.3833333333
18.1333333333
17.9166666667
19.3666666667
18.4237288136
18.6833333333
17.4166666667
18.55
18.6666666667
17.3833333333
18.4915254237
17.9833333333
18.0333333333
19.8666666667
17.8166666667
20.45
20.0677966102
19.8596491228
--END OF 2--
19.3833333333
20.65
18.8833333333
21.0833333333
20.3833333333
19.7627118644
17.6666666667
20.3
19.0666666667
19.6166666667
21.3666666667
20.75
22.9152542373
21.3333333333
22.5833333333
20.25
19.8
20.2542372881
20.6166666667
18.45
17.7
20.3
19.3166666667
19.6440677966
19.5833333333
18.8833333333
20.3833333333
18.9833333333
19.7
19.1525423729
19.0333333333
18.6
18.85
20.45
20.7
19.4406779661
17.4333333333
19.0833333333
20.8166666667
18.3666666667
18.2
18.2033898305
18.8333333333
19.3833333333
18.15
20.5666666667
18.5762711864
18.9166666667
18.8666666667
19.4
19.9666666667
18.9833333333
18.6949152542
19.4666666667
19.2
20.45
18.15
21.9
21.5254237288
21.2456140351
--END OF 3--
12.7
12.8666666667
13.1333333333
14.0666666667
13.7166666667
13.9830508475
13.4666666667
13.2333333333
13.5666666667
12.5166666667
13.6166666667
13.0
14.2033898305
14.0833333333
14.2333333333
14.0
13.65
13.2203389831
13.6333333333
12.8333333333
13.2
13.9166666667
13.4833333333
12.9491525424
12.9166666667
12.85
13.2833333333
13.6833333333
13.75
13.593220339
13.4
12.95
13.2
13.5
13.7
12.8983050847
12.0833333333
13.6
13.85
13.1833333333
12.5833333333
12.1186440678
13.2833333333
12.85
13.2166666667
13.85
12.7288135593
13.0666666667
12.8
12.9
13.1666666667
12.6333333333
13.2881355932
12.45
11.9833333333
13.6166666667
12.2
13.3333333333
13.4745762712
13.7719298246
--END OF 4--
18.75
19.1833333333
18.8666666667
19.8333333333
18.7333333333
19.593220339
17.4
18.9333333333
18.4
19.2
20.0333333333
18.9166666667
21.2711864407
19.9333333333
20.6833333333
19.6
18.15
18.6779661017
19.2333333333
17.2333333333
17.4666666667
19.45
18.9333333333
18.2542372881
18.15
17.9166666667
18.55
18.1
18.5
18.2372881356
18.8666666667
17.95
17.9
18.95
18.85
19.0338983051
17.3333333333
18.55
19.75
17.9166666667
17.7666666667
17.4745762712
18.3833333333
18.1333333333
17.9166666667
19.3666666667
18.4237288136
18.6833333333
17.4166666667
18.55
18.6666666667
17.3833333333
18.4915254237
17.9833333333
18.0333333333
19.8666666667
17.8166666667
20.45
20.0677966102
19.8596491228
--END OF 5--
19.3833333333
20.65
18.8833333333
21.0833333333
20.3833333333
19.7627118644
17.6666666667
20.3
19.0666666667
19.6166666667
21.3666666667
20.75
22.9152542373
21.3333333333
22.5833333333
20.25
19.8
20.2542372881
20.6166666667
18.45
17.7
20.3
19.3166666667
19.6440677966
19.5833333333
18.8833333333
20.3833333333
18.9833333333
19.7
19.1525423729
19.0333333333
18.6
18.85
20.45
20.7
19.4406779661
17.4333333333
19.0833333333
20.8166666667
18.3666666667
18.2
18.2033898305
18.8333333333
19.3833333333
18.15
20.5666666667
18.5762711864
18.9166666667
18.8666666667
19.4
19.9666666667
18.9833333333
18.6949152542
19.4666666667
19.2
20.45
18.15
21.9
21.5254237288
21.2456140351
--END OF 6--
2630.65
2617.0
2597.4
2652.4
2635.55
2711.54237288
2568.2
2561.6
2589.4
2571.8
2653.45
2549.35
2779.6779661
2720.7
2618.4
2645.7
2662.95
2464.72881356
2622.15
2431.55
2597.5
2743.45
2570.4
2472.45762712
2484.75
2429.9
2547.05
2593.95
2524.9
2530.77966102
2579.6
2469.0
2590.05
2681.7
2509.65
2562.66101695
2474.65
2590.95
2677.25
2608.7
2559.8
2470.52542373
2568.4
2547.05
2474.9
2664.6
2577.55932203
2400.6
2434.65
2606.25
2653.5
2520.0
2503.16949153
2478.15
2408.3
2622.1
2488.1
2697.15
2656.57627119
2613.21052632
--END OF 7--
719.833333333
719.266666667
733.05
728.25
736.133333333
754.033898305
705.566666667
717.233333333
726.283333333
702.016666667
748.9
710.283333333
770.033898305
764.4
743.55
738.9
728.65
692.169491525
723.716666667
679.85
705.55
749.35
718.983333333
689.457627119
693.35
681.716666667
712.933333333
710.6
713.8
720.762711864
721.75
682.6
705.1
748.3
708.55
714.593220339
693.6
720.083333333
748.4
714.283333333
713.783333333
686.389830508
714.15
696.733333333
691.366666667
738.533333333
710.050847458
681.916666667
674.833333333
712.5
729.2
696.1
704.0
690.466666667
658.566666667
732.4
694.75
736.416666667
737.694915254
743.666666667
--END OF 8--
117.65
114.583333333
114.566666667
115.4
108.1
103.915254237
90.5333333333
109.95
99.1333333333
117.5
132.616666667
118.166666667
125.745762712
118.2
117.55
100.3
94.7
104.186440678
116.4
100.233333333
97.15
115.116666667
114.133333333
110.796610169
98.2666666667
105.4
109.0
94.6666666667
113.2
98.186440678
106.1
101.75
102.6
106.8
109.5
117.016949153
98.1166666667
101.016666667
118.133333333
103.266666667
120.566666667
101.661016949
103.983333333
103.533333333
101.75
114.2
107.322033898
108.25
102.283333333
114.85
117.4
94.0
99.9661016949
109.75
114.0
120.416666667
104.033333333
126.066666667
116.728813559
115.01754386
--END OF 9--
4.1
7.91666666667
4.38333333333
8.3
6.48333333333
3.27118644068
2.36666666667
6.15
4.45
7.35
4.81666666667
6.56666666667
12.0338983051
6.35
11.45
5.65
4.4
9.52542372881
6.91666666667
4.9
2.78333333333
3.56666666667
5.2
7.27118644068
6.6
5.66666666667
8.21666666667
6.01666666667
4.16666666667
4.62711864407
3.61666666667
6.0
2.95
6.45
7.7
5.42372881356
3.85
4.6
5.95
3.23333333333
2.61666666667
3.62711864407
3.05
4.8
4.95
5.76666666667
4.1186440678
7.66666666667
5.76666666667
4.55
4.05
4.65
4.98305084746
7.68333333333
9.26666666667
6.73333333333
3.91666666667
13.1
10.1525423729
9.59649122807
--END OF 10--
0.516666666667
1.96666666667
0.0166666666667
1.93333333333
1.56666666667
0.169491525424
0.466666666667
1.83333333333
1.1
0.666666666667
1.5
2.95
1.37288135593
2.15
2.7
0.85
3.05
1.30508474576
2.41666666667
2.25
0.533333333333
0.75
0.716666666667
2.15254237288
1.38333333333
0.866666666667
2.13333333333
1.0
1.0
1.01694915254
0.166666666667
0.5
0.85
2.0
2.4
0.457627118644
0.283333333333
0.3
1.41666666667
0.5
0.833333333333
0.169491525424
1.0
1.73333333333
0.45
1.88333333333
0.305084745763
0.633333333333
2.11666666667
0.5
2.05
1.5
0.542372881356
1.7
1.96666666667
0.866666666667
0.333333333333
1.05
2.13559322034
2.0
--END OF 11--
0.333333333333
0.65
0.0166666666667
0.5
0.5
0.0
0.0
0.4
0.1
0.0
0.4
0.0
0.508474576271
0.5
0.0
0.5
0.3
0.71186440678
0.0
0.0
0.0
0.283333333333
0.15
0.0
0.5
0.866666666667
0.133333333333
0.0
0.5
0.0
0.0
0.5
0.35
0.15
0.0
0.0
0.0
0.0
1.0
0.5
0.0
0.0
0.0
0.0
0.0
0.5
0.0
0.0
0.4
0.0
0.5
0.5
0.0
0.533333333333
0.466666666667
0.0
0.0
0.0
0.0
0.0
--END OF 12--
