11.8
11.7333333333
11.25
12.9333333333
12.6333333333
11.4406779661
11.4833333333
12.7833333333
12.3
12.8833333333
11.8333333333
11.9322033898
11.9333333333
13.0666666667
12.8833333333
13.75
13.05
13.0508474576
12.7166666667
11.9333333333
12.9166666667
12.3333333333
11.2881355932
11.4666666667
12.0833333333
12.7833333333
13.0333333333
12.0666666667
11.5762711864
12.05
12.85
12.5833333333
11.5833333333
11.9491525424
12.9666666667
12.3
11.7833333333
12.4166666667
13.5423728814
12.1666666667
12.1166666667
13.0
12.5666666667
13.5333333333
13.2203389831
13.0
12.8333333333
13.45
13.4
12.85
12.7796610169
13.1333333333
12.8166666667
13.2666666667
11.6166666667
12.7627118644
13.6833333333
13.3833333333
13.2166666667
12.1607142857
--END OF 1--
17.2166666667
18.1333333333
16.8166666667
17.2
16.9833333333
16.4406779661
16.9
17.8833333333
17.7833333333
17.5
16.5
17.7118644068
16.4333333333
17.9166666667
17.9333333333
19.05
18.45
17.0847457627
16.75
17.7
18.4333333333
17.0166666667
16.6101694915
15.85
17.25
17.6166666667
17.9166666667
17.2333333333
17.2711864407
17.5
18.3666666667
18.3333333333
15.8833333333
17.1186440678
17.25
16.1166666667
16.8833333333
17.2333333333
20.5084745763
17.2833333333
17.6166666667
17.9833333333
17.15
18.1666666667
18.7118644068
18.75
17.7333333333
19.35
19.2
18.3
18.0
17.9333333333
16.7166666667
16.8666666667
16.7
18.2881355932
19.75
19.4
18.5
17.3928571429
--END OF 2--
17.3666666667
18.7666666667
17.6833333333
17.9333333333
17.3
16.9491525424
16.9
18.3833333333
18.4833333333
17.7333333333
17.0166666667
18.4576271186
16.7333333333
18.9666666667
19.0333333333
20.15
18.8
17.5762711864
17.4666666667
18.3
18.8833333333
17.8333333333
17.3389830508
16.0
18.1166666667
18.55
18.5166666667
17.5833333333
17.7118644068
18.75
18.9666666667
18.6333333333
15.8833333333
17.6271186441
17.4
16.8333333333
17.6833333333
17.5333333333
21.6271186441
17.5833333333
18.6333333333
18.3333333333
18.25
19.0666666667
19.8644067797
19.05
17.9833333333
19.85
19.5
18.8
18.186440678
18.6833333333
17.7833333333
17.9166666667
17.2333333333
18.8305084746
20.5
19.9333333333
19.2833333333
18.1964285714
--END OF 3--
11.8
11.7333333333
11.25
12.9333333333
12.6333333333
11.4406779661
11.4833333333
12.7833333333
12.3
12.8833333333
11.8333333333
11.9322033898
11.9333333333
13.0666666667
12.8833333333
13.75
13.05
13.0508474576
12.7166666667
11.9333333333
12.9166666667
12.3333333333
11.2881355932
11.4666666667
12.0833333333
12.7833333333
13.0333333333
12.0666666667
11.5762711864
12.05
12.85
12.5833333333
11.5833333333
11.9491525424
12.9666666667
12.3
11.7833333333
12.4166666667
13.5423728814
12.1666666667
12.1166666667
13.0
12.5666666667
13.5333333333
13.2203389831
13.0
12.8333333333
13.45
13.4
12.85
12.7796610169
13.1333333333
12.8166666667
13.2666666667
11.6166666667
12.7627118644
13.6833333333
13.3833333333
13.2166666667
12.1607142857
--END OF 4--
17.2166666667
18.1333333333
16.8166666667
17.2
16.9833333333
16.4406779661
16.9
17.8833333333
17.7833333333
17.5
16.5
17.7118644068
16.4333333333
17.9166666667
17.9333333333
19.05
18.45
17.0847457627
16.75
17.7
18.4333333333
17.0166666667
16.6101694915
15.85
17.25
17.6166666667
17.9166666667
17.2333333333
17.2711864407
17.5
18.3666666667
18.3333333333
15.8833333333
17.1186440678
17.25
16.1166666667
16.8833333333
17.2333333333
20.5084745763
17.2833333333
17.6166666667
17.9833333333
17.15
18.1666666667
18.7118644068
18.75
17.7333333333
19.35
19.2
18.3
18.0
17.9333333333
16.7166666667
16.8666666667
16.7
18.2881355932
19.75
19.4
18.5
17.3928571429
--END OF 5--
17.3666666667
18.7666666667
17.6833333333
17.9333333333
17.3
16.9491525424
16.9
18.3833333333
18.4833333333
17.7333333333
17.0166666667
18.4576271186
16.7333333333
18.9666666667
19.0333333333
20.15
18.8
17.5762711864
17.4666666667
18.3
18.8833333333
17.8333333333
17.3389830508
16.0
18.1166666667
18.55
18.5166666667
17.5833333333
17.7118644068
18.75
18.9666666667
18.6333333333
15.8833333333
17.6271186441
17.4
16.8333333333
17.6833333333
17.5333333333
21.6271186441
17.5833333333
18.6333333333
18.3333333333
18.25
19.0666666667
19.8644067797
19.05
17.9833333333
19.85
19.5
18.8
18.186440678
18.6833333333
17.7833333333
17.9166666667
17.2333333333
18.8305084746
20.5
19.9333333333
19.2833333333
18.1964285714
--END OF 6--
2258.1
2313.2
2181.2
2422.5
2381.0
2221.22033898
2314.9
2457.8
2429.4
2378.15
2209.55
2265.55932203
2246.55
2453.85
2411.25
2535.6
2465.4
2434.77966102
2392.6
2389.05
2470.9
2423.9
2291.03389831
2224.35
2312.1
2460.7
2447.55
2363.85
2349.71186441
2381.4
2515.45
2500.65
2359.8
2414.23728814
2335.1
2314.95
2348.75
2367.6
2623.77966102
2370.1
2406.6
2476.8
2337.95
2471.55
2541.05084746
2515.8
2425.65
2466.3
2624.55
2465.4
2389.83050847
2504.7
2393.8
2515.1
2301.4
2461.11864407
2617.45
2586.25
2566.7
2304.05357143
--END OF 7--
633.966666667
636.383333333
618.016666667
674.283333333
677.733333333
617.627118644
657.7
696.283333333
667.7
663.733333333
620.166666667
644.101694915
638.25
679.45
668.5
705.2
694.4
673.830508475
659.933333333
660.683333333
694.433333333
668.9
639.644067797
644.883333333
645.916666667
685.2
686.1
669.216666667
648.372881356
657.95
695.916666667
693.0
648.6
665.305084746
654.083333333
641.916666667
664.616666667
667.416666667
734.627118644
659.416666667
673.216666667
701.366666667
673.75
702.866666667
714.423728814
695.85
677.6
702.05
722.4
703.8
673.254237288
692.45
670.75
696.95
636.2
692.355932203
745.433333333
725.9
708.816666667
654.625
--END OF 8--
100.933333333
106.916666667
99.65
106.416666667
108.15
97.2372881356
114.616666667
103.916666667
109.0
98.7166666667
111.816666667
117.288135593
98.6
103.7
120.9
109.35
114.75
98.5423728814
97.2
102.416666667
120.483333333
100.45
117.423728814
100.35
109.383333333
112.0
99.8666666667
112.266666667
124.627118644
105.7
116.366666667
118.6
98.75
105.915254237
102.166666667
90.5833333333
103.6
102.033333333
127.084745763
109.733333333
108.766666667
97.0666666667
101.05
107.316666667
117.796610169
111.8
113.55
124.6
110.75
101.15
102.203389831
107.916666667
96.8
87.2833333333
102.733333333
109.033898305
122.5
126.833333333
108.75
127.732142857
--END OF 9--
4.36666666667
8.86666666667
7.11666666667
3.26666666667
2.31666666667
6.59322033898
2.63333333333
4.1
7.18333333333
4.61666666667
2.83333333333
5.49152542373
3.25
4.75
6.0
5.5
3.35
1.86440677966
3.56666666667
4.81666666667
5.9
4.8
5.8813559322
2.6
3.78333333333
3.53333333333
4.71666666667
3.06666666667
3.96610169492
6.1
4.38333333333
3.65
0.35
2.62711864407
3.68333333333
2.7
5.9
3.66666666667
8.62711864407
2.68333333333
9.05
4.21666666667
3.98333333333
4.58333333333
6.79661016949
4.65
2.75
5.8
5.0
6.8
3.45762711864
4.06666666667
4.46666666667
3.1
5.8
5.15254237288
5.63333333333
3.58333333333
5.45
3.94642857143
--END OF 10--
0.0
0.783333333333
1.21666666667
0.883333333333
0.616666666667
0.0
0.0
0.733333333333
0.983333333333
0.0833333333333
0.916666666667
0.593220338983
0.0
1.5
2.0
2.0
0.5
0.677966101695
1.33333333333
1.23333333333
0.766666666667
0.233333333333
1.32203389831
0.4
1.05
1.7
0.9
0.516666666667
0.576271186441
1.15
0.9
0.65
0.0
0.508474576271
0.0
0.366666666667
1.6
0.566666666667
1.33898305085
0.35
0.916666666667
0.666666666667
1.91666666667
0.916666666667
0.898305084746
0.7
0.7
0.9
0.4
0.5
0.186440677966
1.15
1.21666666667
1.45
0.5
0.677966101695
1.06666666667
0.966666666667
0.466666666667
1.33928571429
--END OF 11--
0.0
0.0
0.0
0.0
0.0
0.0
0.0
0.166666666667
0.0
0.0
0.916666666667
0.0847457627119
0.0
0.5
0.5
0.5
0.0
0.186440677966
0.316666666667
0.0
0.0
0.0
0.0
0.0
0.0
0.0
0.0
0.0
0.0
0.5
0.116666666667
0.25
0.0
0.0
0.0
0.0
0.0
0.0
0.0
0.0
0.0
0.366666666667
0.633333333333
0.0
0.305084745763
0.2
0.0
0.1
0.4
0.0
0.186440677966
0.316666666667
0.0
0.0
0.0
0.0
0.5
0.0
0.0
0.0
--END OF 12--
