19.0666666667
18.25
18.5166666667
19.0333333333
18.25
20.1525423729
17.3666666667
18.4
17.6833333333
17.7333333333
18.2
18.5423728814
18.85
18.85
18.3166666667
18.0333333333
18.95
20.5593220339
18.4166666667
18.7833333333
18.9166666667
18.6166666667
18.6101694915
19.7
19.5
19.2
19.3
18.8333333333
17.8813559322
18.4166666667
18.0
19.95
18.9166666667
19.0833333333
18.6610169492
19.1666666667
19.1333333333
18.6166666667
19.4333333333
19.4166666667
19.4576271186
19.45
18.0
18.7833333333
18.0
19.3559322034
19.9
18.65
17.8333333333
17.7333333333
17.95
17.9152542373
17.8166666667
17.7333333333
18.7
18.5333333333
19.4333333333
18.8813559322
18.8833333333
17.9649122807
--END OF 1--
27.05
26.0166666667
26.8333333333
27.9333333333
26.4333333333
27.813559322
25.2666666667
26.1
25.5333333333
25.8333333333
25.35
25.2372881356
25.9166666667
26.5166666667
23.5833333333
26.1333333333
27.2
28.9322033898
26.7666666667
26.2
26.3833333333
25.7166666667
26.4237288136
29.15
25.5
26.7
27.4
26.1333333333
25.2711864407
26.6833333333
24.2833333333
28.3666666667
26.7833333333
25.9
25.593220339
27.3833333333
27.0333333333
26.2166666667
27.5
27.0333333333
27.9152542373
28.05
26.4166666667
26.9333333333
27.0333333333
28.6271186441
27.0166666667
27.3
25.9833333333
25.7166666667
25.9833333333
24.3898305085
25.35
26.05
27.75
26.8333333333
26.2333333333
25.5254237288
27.2833333333
24.6315789474
--END OF 2--
27.35
26.3666666667
28.9166666667
29.1666666667
27.5333333333
29.1186440678
27.1166666667
27.2
26.1333333333
27.2333333333
26.2
26.6440677966
27.0166666667
27.3666666667
24.0
27.2333333333
28.0833333333
29.7966101695
27.4833333333
26.6333333333
27.0666666667
27.2333333333
28.406779661
31.1
25.7
27.2
28.9333333333
27.1833333333
26.406779661
27.55
25.65
29.5833333333
27.5
26.7
26.1186440678
28.4166666667
27.6
28.7833333333
27.8
28.9333333333
30.1525423729
28.9
26.95
28.2
27.1833333333
30.4237288136
27.9333333333
27.5666666667
26.5666666667
26.8166666667
27.1333333333
25.2711864407
25.5666666667
27.0666666667
28.7833333333
27.2833333333
26.5333333333
26.5254237288
28.5666666667
25.8245614035
--END OF 3--
19.0666666667
18.25
18.5166666667
18.8833333333
18.25
19.6440677966
17.3666666667
18.4
17.6833333333
17.7333333333
18.2
18.5423728814
18.85
18.85
18.3166666667
18.0333333333
18.95
19.8813559322
18.3833333333
18.7833333333
18.8
18.6166666667
18.6101694915
19.6
19.45
19.0
19.3
18.8333333333
17.8813559322
18.4166666667
18.0
19.5666666667
18.8833333333
18.9166666667
18.6610169492
19.0166666667
19.1333333333
18.6166666667
19.2666666667
19.3833333333
19.186440678
19.45
17.9833333333
18.5
18.0
19.0
19.7166666667
18.4333333333
17.8333333333
17.7333333333
17.95
17.9152542373
17.7166666667
17.6833333333
18.65
18.5
19.2333333333
18.8305084746
18.8833333333
17.9649122807
--END OF 4--
27.05
26.0166666667
26.8333333333
27.9333333333
26.4333333333
27.813559322
25.2666666667
26.1
25.5333333333
25.8333333333
25.35
25.2372881356
25.9166666667
26.5166666667
23.5833333333
26.1333333333
27.2
28.8305084746
26.7666666667
26.2
26.3833333333
25.7166666667
26.4237288136
28.95
25.5
26.7
27.4
26.1333333333
25.2711864407
26.6833333333
24.2833333333
28.3666666667
26.7833333333
25.9
25.593220339
27.3833333333
27.0333333333
26.2166666667
27.5
27.0333333333
27.9152542373
28.05
26.4166666667
26.9333333333
27.0333333333
28.4406779661
27.0166666667
27.3
25.9833333333
25.7166666667
25.9833333333
24.3898305085
25.35
26.05
27.75
26.8333333333
26.2333333333
25.5254237288
27.2833333333
24.6315789474
--END OF 5--
27.35
26.3666666667
28.9166666667
29.1666666667
27.5333333333
29.1186440678
27.1166666667
27.2
26.1333333333
27.2333333333
26.2
26.6440677966
27.0166666667
27.3666666667
24.0
27.2333333333
28.0833333333
29.7966101695
27.4833333333
26.6333333333
27.0666666667
27.2333333333
28.406779661
31.1
25.7
27.2
28.9333333333
27.1833333333
26.406779661
27.55
25.65
29.5833333333
27.5
26.7
26.1186440678
28.4166666667
27.6
28.7833333333
27.8
28.9333333333
30.1525423729
28.9
26.95
28.2
27.1833333333
30.4237288136
27.9333333333
27.5666666667
26.5666666667
26.8166666667
27.1333333333
25.2711864407
25.5666666667
27.0666666667
28.7833333333
27.2833333333
26.5333333333
26.5254237288
28.5666666667
25.8245614035
--END OF 6--
3528.0
3572.5
3518.3
3676.8
3518.4
3796.57627119
3307.35
3431.25
3365.25
3340.2
3395.7
3376.83050847
3430.25
3486.5
3405.15
3414.8
3482.6
3709.37288136
3546.9
3520.05
3563.25
3556.3
3500.94915254
3617.85
3595.65
3633.75
3603.5
3503.25
3384.66101695
3474.15
3449.0
3715.1
3561.1
3485.9
3519.66101695
3565.85
3610.55
3462.8
3743.25
3665.4
3742.88135593
3710.25
3467.95
3596.9
3522.75
3573.81355932
3659.5
3636.8
3434.35
3602.15
3520.75
3535.98305085
3551.5
3554.25
3467.5
3440.05
3590.15
3492.76271186
3654.3
3417.52631579
--END OF 7--
977.25
962.7
979.25
1018.21666667
966.9
1052.86440678
926.55
965.55
935.45
939.4
953.55
956.220338983
962.083333333
954.25
917.033333333
955.85
980.25
1052.77966102
977.25
982.433333333
986.066666667
974.7
985.220338983
1021.15
981.4
990.3
1007.16666667
970.35
936.559322034
972.45
942.766666667
1043.05
1005.13333333
959.333333333
979.050847458
1009.8
1007.61666667
974.416666667
1022.5
1012.86666667
1038.59322034
1039.15
958.15
1005.43333333
987.766666667
1016.0
1034.28333333
1003.95
961.266666667
992.833333333
977.95
965.593220339
952.75
984.433333333
977.05
963.133333333
999.883333333
978.542372881
1010.66666667
945.052631579
--END OF 8--
176.2
151.25
160.8
171.533333333
150.666666667
161.644067797
156.05
168.25
156.8
160.3
143.35
149.610169492
146.333333333
160.45
125.266666667
151.916666667
170.583333333
179.457627119
156.483333333
149.533333333
163.833333333
135.2
159.627118644
187.8
142.75
160.3
161.183333333
146.85
147.152542373
172.866666667
143.966666667
175.5
167.65
151.316666667
147.440677966
170.6
158.266666667
146.033333333
162.516666667
166.65
172.661016949
167.9
163.816666667
162.766666667
167.383333333
184.033898305
146.633333333
167.7
156.833333333
159.833333333
170.416666667
159.644067797
155.816666667
169.183333333
176.433333333
154.366666667
144.25
135.966101695
166.983333333
145.122807018
--END OF 9--
6.03333333333
6.31666666667
11.25
7.96666666667
9.58333333333
8.20338983051
10.95
5.55
5.8
7.15
7.45
7.64406779661
4.63333333333
9.11666666667
3.68333333333
10.15
7.85
7.13559322034
8.25
5.86666666667
5.25
7.55
8.23728813559
11.8
2.9
5.55
6.91666666667
7.6
9.33898305085
6.0
5.63333333333
8.25
5.28333333333
8.35
4.52542372881
7.5
4.75
9.48333333333
5.25
10.5
11.2203389831
6.95
7.11666666667
8.25
7.38333333333
10.0338983051
5.96666666667
7.16666666667
7.55
7.96666666667
7.66666666667
4.54237288136
5.4
8.26666666667
10.8
9.75
3.2
6.67796610169
9.66666666667
5.36842105263
--END OF 10--
0.0
0.5
3.08333333333
1.75
1.53333333333
1.05084745763
3.25
0.75
0.75
1.75
1.2
1.71186440678
1.83333333333
0.8
0.483333333333
1.5
0.283333333333
0.71186440678
0.516666666667
0.833333333333
0.55
2.08333333333
2.69491525424
2.8
0.05
1.0
1.86666666667
1.4
1.49152542373
0.85
1.71666666667
1.35
0.883333333333
1.0
0.440677966102
0.933333333333
1.06666666667
3.55
0.65
2.26666666667
3.32203389831
0.9
0.75
1.71666666667
0.0
2.62711864407
1.43333333333
0.35
0.5
1.68333333333
1.5
1.30508474576
0.45
1.05
0.733333333333
0.583333333333
0.283333333333
0.898305084746
1.2
1.19298245614
--END OF 11--
0.0
0.333333333333
0.866666666667
0.3
0.333333333333
0.508474576271
0.0
0.0
0.0
0.5
0.0
0.389830508475
0.35
0.266666666667
0.0
0.5
0.0
0.491525423729
0.516666666667
0.0
0.0166666666667
0.483333333333
0.508474576271
0.5
0.0
0.0
1.13333333333
0.2
0.305084745763
0.0
0.333333333333
0.816666666667
0.116666666667
0.0
0.0
0.0
0.0166666666667
2.8
0.183333333333
0.0
0.440677966102
0.0
0.0
1.46666666667
0.0
0.474576271186
0.0
0.0
0.0
0.0
0.433333333333
0.508474576271
0.0
0.0
0.0
0.0
0.0
0.0
0.0
0.526315789474
--END OF 12--
