16.95
17.4166666667
15.7333333333
16.1833333333
16.25
16.1694915254
16.1666666667
17.4
17.3166666667
16.1
16.85
17.2542372881
17.0333333333
15.95
16.05
16.1833333333
16.7333333333
16.3220338983
16.45
16.4666666667
16.7166666667
16.5666666667
16.5254237288
17.5
16.1
15.8
17.0
16.1833333333
16.3559322034
15.1
17.9666666667
16.9333333333
15.7
15.7833333333
15.5254237288
16.25
16.7666666667
16.1666666667
15.1333333333
15.2666666667
16.0
16.0
16.6666666667
15.6
16.6833333333
16.7457627119
15.45
15.35
15.5833333333
15.4666666667
15.2166666667
14.8983050847
15.35
17.0
15.9
14.7333333333
15.1525423729
15.6
15.9833333333
16.7142857143
--END OF 1--
21.8333333333
24.5833333333
21.8333333333
22.5333333333
22.35
22.9322033898
21.8833333333
23.25
23.5166666667
22.1
22.8
23.7118644068
22.2666666667
21.05
22.5833333333
23.2833333333
22.2666666667
21.9152542373
22.05
22.2
21.7666666667
21.8833333333
21.8305084746
23.15
23.05
21.65
23.0
23.5166666667
21.8813559322
22.0333333333
22.8666666667
22.05
22.0666666667
21.35
21.0169491525
22.6333333333
22.7166666667
22.1333333333
20.3
20.35
21.5423728814
21.75
22.0333333333
21.1
21.95
22.9491525424
20.6
22.3166666667
22.0666666667
21.25
21.55
20.5593220339
21.2333333333
22.6333333333
21.2333333333
19.8
20.3559322034
20.75
22.2833333333
21.9642857143
--END OF 2--
22.55
25.75
22.1166666667
23.3166666667
22.5333333333
23.6440677966
22.3333333333
25.05
24.45
23.65
23.05
24.3389830508
22.6
21.5
22.6666666667
24.15
22.9833333333
22.4237288136
23.1833333333
22.2
21.9666666667
22.0333333333
22.0847457627
24.1
23.95
21.85
24.1833333333
24.3833333333
22.4745762712
22.6333333333
22.9833333333
22.1833333333
23.15
21.5333333333
21.7288135593
23.2333333333
23.7166666667
22.6
21.2833333333
21.0833333333
22.1186440678
21.9
22.3666666667
21.8
21.95
24.0677966102
21.35
22.4833333333
22.85
21.7166666667
22.4833333333
21.9491525424
22.1166666667
23.35
21.9
20.4
21.406779661
20.95
22.9333333333
22.5178571429
--END OF 3--
16.95
17.4166666667
15.7333333333
16.1833333333
16.25
16.1694915254
16.1666666667
17.4
17.3166666667
16.1
16.85
17.2542372881
17.0333333333
15.95
16.05
16.1833333333
16.7333333333
16.3220338983
16.45
16.4666666667
16.7166666667
16.5666666667
16.5254237288
17.5
16.1
15.8
17.0
16.1833333333
16.3559322034
15.1
17.9666666667
16.9333333333
15.7
15.7833333333
15.5254237288
16.25
16.7666666667
16.1666666667
15.1333333333
15.2666666667
16.0
16.0
16.6666666667
15.6
16.6833333333
16.7457627119
15.45
15.35
15.5833333333
15.4666666667
15.2166666667
14.8983050847
15.35
17.0
15.9
14.7333333333
15.1525423729
15.6
15.9833333333
16.7142857143
--END OF 4--
21.8333333333
24.5833333333
21.8333333333
22.5333333333
22.35
22.9322033898
21.8833333333
23.25
23.5166666667
22.1
22.8
23.7118644068
22.2666666667
21.05
22.5833333333
23.2833333333
22.2666666667
21.9152542373
22.05
22.2
21.7666666667
21.8833333333
21.8305084746
23.15
23.05
21.65
23.0
23.5166666667
21.8813559322
22.0333333333
22.8666666667
22.05
22.0666666667
21.35
21.0169491525
22.6333333333
22.7166666667
22.1333333333
20.3
20.35
21.5423728814
21.75
22.0333333333
21.1
21.95
22.9491525424
20.6
22.3166666667
22.0666666667
21.25
21.55
20.5593220339
21.2333333333
22.6333333333
21.2333333333
19.8
20.3559322034
20.75
22.2833333333
21.9642857143
--END OF 5--
22.55
25.75
22.1166666667
23.3166666667
22.5333333333
23.6440677966
22.3333333333
25.05
24.45
23.65
23.05
24.3389830508
22.6
21.5
22.6666666667
24.15
22.9833333333
22.4237288136
23.1833333333
22.2
21.9666666667
22.0333333333
22.0847457627
24.1
23.95
21.85
24.1833333333
24.3833333333
22.4745762712
22.6333333333
22.9833333333
22.1833333333
23.15
21.5333333333
21.7288135593
23.2333333333
23.7166666667
22.6
21.2833333333
21.0833333333
22.1186440678
21.9
22.3666666667
21.8
21.95
24.0677966102
21.35
22.4833333333
22.85
21.7166666667
22.4833333333
21.9491525424
22.1166666667
23.35
21.9
20.4
21.406779661
20.95
22.9333333333
22.5178571429
--END OF 6--
3011.5
3205.3
2973.55
3118.65
3101.95
3139.01694915
3076.15
3267.15
3153.1
2961.15
3053.85
3214.37288136
3107.15
2930.6
3071.05
3007.15
3080.35
2983.57627119
3089.4
3056.25
3076.25
2983.85
3121.93220339
3162.3
3002.55
3041.55
3132.0
3011.5
3138.40677966
2984.15
3216.5
3111.2
2962.5
2992.05
2967.40677966
2999.7
3101.9
3046.2
2832.15
2778.2
2974.62711864
2872.5
3041.25
2917.2
3021.55
3112.16949153
2900.3
2951.25
2978.65
2957.5
2984.95
2855.79661017
2888.55
3132.4
2934.55
2814.6
2897.94915254
2992.35
3042.05
3019.76785714
--END OF 7--
854.966666667
909.55
843.166666667
868.066666667
868.95
878.542372881
852.483333333
904.05
901.533333333
832.25
856.0
905.237288136
860.5
818.45
852.666666667
849.15
858.616666667
836.491525424
862.083333333
875.966666667
845.2
846.516666667
864.237288136
887.3
843.55
837.0
876.133333333
849.866666667
867.305084746
827.033333333
895.366666667
868.8
828.166666667
836.766666667
828.118644068
850.666666667
862.966666667
850.133333333
790.95
783.733333333
834.237288136
812.7
856.366666667
809.2
845.85
879.576271186
813.266666667
828.016666667
844.466666667
827.783333333
826.316666667
790.033898305
800.316666667
862.366666667
820.533333333
799.816666667
799.830508475
811.45
857.733333333
841.107142857
--END OF 8--
123.85
141.2
134.35
134.8
123.983333333
138.050847458
136.016666667
122.35
122.2
123.9
125.7
133.915254237
119.6
121.066666667
127.083333333
138.3
129.5
131.423728814
125.7
131.733333333
116.9
123.6
122.983050847
139.4
141.5
114.6
123.85
132.15
123.796610169
125.016666667
122.933333333
124.283333333
133.016666667
122.183333333
122.593220339
140.0
136.283333333
126.1
116.083333333
110.6
127.898305085
132.05
123.166666667
126.05
122.883333333
137.898305085
111.0
132.066666667
129.583333333
127.766666667
137.733333333
126.355932203
120.966666667
132.166666667
124.483333333
115.233333333
114.101694915
110.15
137.533333333
121.660714286
--END OF 9--
3.63333333333
7.96666666667
3.6
4.11666666667
1.98333333333
5.16949152542
4.65
7.8
4.71666666667
7.5
5.0
5.69491525424
3.86666666667
3.01666666667
2.88333333333
9.53333333333
4.28333333333
4.1186440678
6.3
3.98333333333
4.68333333333
3.63333333333
2.38983050847
5.75
7.75
3.85
7.2
10.7833333333
2.69491525424
8.08333333333
2.35
1.11666666667
7.03333333333
2.15
3.30508474576
4.31666666667
5.0
2.66666666667
3.96666666667
6.33333333333
4.83050847458
5.75
2.9
4.7
3.96666666667
4.01694915254
2.83333333333
4.8
5.65
4.15
6.83333333333
5.4406779661
5.11666666667
4.48333333333
4.01666666667
3.91666666667
5.05084745763
3.65
3.88333333333
5.44642857143
--END OF 10--
0.95
1.46666666667
0.0333333333333
1.5
0.133333333333
1.01694915254
0.35
3.3
1.51666666667
2.7
0.5
0.593220338983
0.616666666667
0.466666666667
0.533333333333
0.65
1.01666666667
0.932203389831
1.38333333333
0.0
0.5
0.466666666667
0.542372881356
0.9
1.35
0.25
1.55
1.03333333333
1.06779661017
0.933333333333
0.0666666666667
0.183333333333
1.01666666667
0.133333333333
0.881355932203
0.933333333333
1.36666666667
0.65
1.31666666667
0.766666666667
0.237288135593
0.15
0.35
0.95
0.05
1.52542372881
1.0
0.4
1.15
0.383333333333
1.28333333333
1.86440677966
0.6
0.883333333333
0.866666666667
0.6
1.40677966102
0.15
0.516666666667
0.803571428571
--END OF 11--
0.383333333333
0.966666666667
0.0333333333333
0.0
0.0
0.0
0.0
0.2
0.5
0.0
0.05
0.338983050847
0.316666666667
0.0
0.0333333333333
0.466666666667
0.0
0.0
0.0
0.0
0.0
0.0
0.0
0.3
0.7
0.0
0.35
0.15
0.0
0.0
0.0
0.0
0.0
0.0
0.169491525424
0.1
0.0
0.0
0.0
0.0
0.0
0.0
0.0
0.0
0.0
0.508474576271
0.5
0.0
0.0
0.0
0.183333333333
0.745762711864
0.6
0.183333333333
0.366666666667
0.133333333333
0.457627118644
0.05
0.166666666667
0.125
--END OF 12--
