18.0666666667
17.2666666667
17.0
17.2666666667
17.5666666667
17.2666666667
16.25
17.25
17.0
15.9833333333
16.5666666667
16.65
17.45
16.7333333333
16.6610169492
16.8
16.9833333333
16.9
17.65
17.05
16.9661016949
16.85
15.5333333333
16.2
16.45
16.7333333333
16.7627118644
16.55
16.6666666667
17.0
17.5166666667
15.5333333333
16.3389830508
17.1
16.3
17.1833333333
17.8166666667
16.813559322
16.85
16.6
16.0166666667
16.0833333333
16.35
16.5593220339
17.65
16.3
16.45
16.6333333333
16.8305084746
16.0666666667
17.0166666667
16.1833333333
16.5
16.75
16.2033898305
17.7
17.4
16.15
16.8666666667
18.2641509434
--END OF 1--
26.2166666667
25.1333333333
24.2033898305
23.9666666667
25.4333333333
26.6166666667
25.7
25.4166666667
24.3050847458
24.0333333333
24.9333333333
24.4333333333
25.3666666667
24.8666666667
23.5254237288
23.5333333333
24.05
23.1666666667
25.4833333333
25.7333333333
24.5254237288
24.5333333333
23.9833333333
24.9
24.8
23.8833333333
25.8474576271
24.8
23.4666666667
25.1166666667
25.4666666667
23.1333333333
23.4576271186
24.8166666667
23.0333333333
24.3166666667
24.3666666667
24.2881355932
24.35
22.55
22.5166666667
23.7666666667
24.65
23.7288135593
25.0833333333
22.7
23.4333333333
24.25
24.7118644068
23.45
24.7833333333
23.7833333333
22.7333333333
23.8833333333
23.813559322
25.0
24.2166666667
23.25
23.9833333333
25.4150943396
--END OF 2--
26.9166666667
26.3
25.0677966102
25.1
27.1
28.25
26.5833333333
26.1166666667
25.186440678
25.9833333333
26.65
25.3
26.25
25.3666666667
23.7966101695
24.7666666667
24.75
23.1666666667
25.9333333333
26.9166666667
26.3728813559
25.8666666667
24.4333333333
25.45
26.6
24.95
25.9491525424
26.4166666667
23.9166666667
26.15
26.45
24.7
24.2881355932
25.5333333333
23.8333333333
24.35
25.9333333333
25.0847457627
25.8
22.95
23.4833333333
24.3666666667
25.8
24.1186440678
25.5333333333
23.2
24.95
24.45
26.0169491525
23.95
26.7833333333
24.6333333333
23.45
25.6
25.0338983051
26.0
24.9833333333
23.95
25.1
27.5849056604
--END OF 3--
18.0666666667
17.2666666667
17.0
17.2666666667
17.5166666667
17.2666666667
16.25
17.25
17.0
15.9833333333
16.5666666667
16.65
17.45
16.7333333333
16.6610169492
16.8
16.9833333333
16.9
17.65
17.05
16.9661016949
16.85
15.5333333333
16.2
16.45
16.7333333333
16.7627118644
16.55
16.6666666667
17.0
17.5166666667
15.5333333333
16.3389830508
17.1
16.3
17.1833333333
17.8166666667
16.813559322
16.85
16.6
16.0166666667
16.0833333333
16.35
16.5593220339
17.65
16.3
16.45
16.6333333333
16.8305084746
16.0666666667
17.0166666667
16.1833333333
16.5
16.75
16.2033898305
17.7
17.4
16.15
16.8666666667
18.2641509434
--END OF 4--
26.2166666667
25.1333333333
24.2033898305
23.9666666667
25.4333333333
26.6166666667
25.7
25.4166666667
24.3050847458
24.0333333333
24.9333333333
24.4333333333
25.3666666667
24.8666666667
23.5254237288
23.5333333333
24.05
23.1666666667
25.4833333333
25.7333333333
24.5254237288
24.5333333333
23.9833333333
24.9
24.8
23.8833333333
25.8474576271
24.8
23.4666666667
25.1166666667
25.4666666667
23.1333333333
23.4576271186
24.8166666667
23.0333333333
24.3166666667
24.3666666667
24.2881355932
24.35
22.55
22.5166666667
23.7666666667
24.65
23.7288135593
25.0833333333
22.7
23.4333333333
24.25
24.7118644068
23.45
24.7833333333
23.7833333333
22.7333333333
23.8833333333
23.813559322
25.0
24.2166666667
23.25
23.9833333333
25.4150943396
--END OF 5--
26.9166666667
26.3
25.0677966102
25.1
27.1
28.25
26.5833333333
26.1166666667
25.186440678
25.9833333333
26.65
25.3
26.25
25.3666666667
23.7966101695
24.7666666667
24.75
23.1666666667
25.9333333333
26.9166666667
26.3728813559
25.8666666667
24.4333333333
25.45
26.6
24.95
25.9491525424
26.4166666667
23.9166666667
26.15
26.45
24.7
24.2881355932
25.5333333333
23.8333333333
24.35
25.9333333333
25.0847457627
25.8
22.95
23.4833333333
24.3666666667
25.8
24.1186440678
25.5333333333
23.2
24.95
24.45
26.0169491525
23.95
26.7833333333
24.6333333333
23.45
25.6
25.0338983051
26.0
24.9833333333
23.95
25.1
27.5849056604
--END OF 6--
3291.4
3118.0
3144.61016949
3160.65
3270.8
3294.15
3155.45
3255.9
3104.69491525
3062.25
3079.3
3107.45
3332.35
3127.0
3093.71186441
3139.8
3154.25
3099.0
3339.45
3287.15
3172.3220339
3174.65
2894.25
3037.2
3095.1
3170.15
3211.72881356
3217.9
3138.2
3219.0
3194.2
3109.5
3168.20338983
3162.35
3090.0
3298.15
3285.65
3133.88135593
3109.35
2998.95
3071.3
3097.65
3095.85
3073.93220339
3240.3
3080.05
3088.85
3168.9
3169.83050847
3108.8
3128.45
3092.25
3116.75
3160.05
3104.13559322
3242.25
3289.35
2986.2
3127.1
3348.0
--END OF 7--
936.283333333
886.433333333
874.627118644
880.516666667
920.35
923.85
903.666666667
907.466666667
870.576271186
851.016666667
876.683333333
856.433333333
923.333333333
894.216666667
877.610169492
874.95
885.166666667
862.783333333
932.333333333
920.666666667
882.13559322
894.2
823.2
857.1
885.45
889.766666667
895.898305085
886.05
876.25
893.083333333
920.9
865.65
875.983050847
901.833333333
863.366666667
915.95
905.733333333
875.559322034
868.95
849.55
853.766666667
861.383333333
870.5
864.610169492
910.65
831.55
863.283333333
883.2
899.830508475
852.016666667
884.3
861.333333333
867.066666667
895.9
879.271186441
924.1
908.15
845.05
872.566666667
946.358490566
--END OF 8--
176.0
160.233333333
155.525423729
164.216666667
166.883333333
176.183333333
172.7
161.1
155.949152542
155.783333333
175.516666667
164.1
154.216666667
148.783333333
144.508474576
149.65
154.95
142.883333333
157.05
176.516666667
159.152542373
158.366666667
148.35
154.95
168.6
147.95
165.220338983
174.633333333
139.283333333
174.416666667
166.1
170.8
143.762711864
149.166666667
148.5
142.683333333
139.766666667
155.355932203
164.05
119.65
135.05
157.05
156.65
149.033898305
147.816666667
141.633333333
141.4
152.166666667
163.830508475
152.733333333
138.566666667
144.4
132.0
146.816666667
148.983050847
162.35
147.75
129.05
153.8
158.641509434
--END OF 9--
4.25
8.83333333333
5.06779661017
5.2
5.33333333333
11.3
8.61666666667
8.36666666667
6.06779661017
9.71666666667
6.83333333333
8.68333333333
5.36666666667
6.56666666667
3.25423728814
3.21666666667
4.46666666667
4.46666666667
4.75
5.96666666667
9.42372881356
5.05
10.05
8.1
8.25
4.55
8.5593220339
9.03333333333
3.9
5.76666666667
8.35
5.4
5.1186440678
8.16666666667
4.93333333333
5.15
9.28333333333
5.98305084746
7.15
5.55
5.03333333333
5.46666666667
9.8
5.50847457627
7.65
4.06666666667
6.43333333333
3.26666666667
6.98305084746
5.81666666667
14.1333333333
7.6
4.7
8.63333333333
9.30508474576
5.0
5.33333333333
9.1
6.6
10.2264150943
--END OF 10--
0.75
0.183333333333
0.762711864407
1.96666666667
1.73333333333
1.7
1.31666666667
0.7
1.5593220339
2.36666666667
2.78333333333
1.45
1.76666666667
1.0
0.169491525424
1.75
1.08333333333
0.0
0.5
1.25
2.79661016949
1.96666666667
0.65
0.95
2.7
2.01666666667
0.152542372881
1.81666666667
0.983333333333
1.26666666667
1.01666666667
1.85
1.20338983051
0.5
0.966666666667
0.05
1.25
0.745762711864
2.5
0.8
1.35
0.416666666667
1.4
0.0
0.566666666667
0.95
2.73333333333
0.45
1.50847457627
0.7
2.0
0.9
1.2
1.93333333333
1.13559322034
1.3
1.43333333333
1.05
1.33333333333
3.56603773585
--END OF 11--
0.0
0.0
0.0
0.0
0.0
1.0
0.3
0.0
0.0
0.333333333333
0.166666666667
0.0
0.0
0.0
0.0
0.216666666667
0.283333333333
0.0
0.5
0.0
0.203389830508
0.633333333333
0.5
0.0
0.6
0.4
0.0
0.366666666667
0.0333333333333
0.866666666667
0.6
0.716666666667
0.0
0.0
0.0
0.0
0.766666666667
0.745762711864
0.0
0.0
0.5
0.0
0.0
0.0
0.0
0.0833333333333
0.216666666667
0.0
0.508474576271
0.0
0.0
0.266666666667
0.0
0.816666666667
0.525423728814
0.5
0.0
0.75
0.933333333333
0.471698113208
--END OF 12--
