20.8666666667
19.5333333333
20.95
21.3666666667
20.3833333333
21.1186440678
21.6333333333
21.0
20.8333333333
21.2333333333
19.85
18.5423728814
18.9
20.6666666667
21.3
23.2
22.1525423729
20.8666666667
21.15
23.9166666667
21.6333333333
22.7627118644
22.9666666667
22.65
23.1
22.6
22.7288135593
21.0
22.35
22.1333333333
20.8166666667
21.9491525424
20.2
21.7833333333
21.2833333333
21.6833333333
22.2203389831
23.6333333333
21.9
23.7166666667
24.2542372881
24.9166666667
24.4833333333
25.3833333333
22.45
23.5762711864
24.7333333333
24.5833333333
24.7666666667
23.2
24.5762711864
23.8666666667
24.6833333333
23.8333333333
24.9333333333
24.1525423729
23.6
23.5833333333
25.7
20.8305084746
--END OF 1--
30.9166666667
30.8666666667
31.4666666667
30.7166666667
32.0
32.1694915254
31.2833333333
30.9333333333
32.65
33.8666666667
29.55
29.0847457627
27.7
31.1666666667
32.35
36.2833333333
33.1355932203
33.4166666667
31.95
34.4333333333
32.2333333333
35.7288135593
31.5166666667
32.9833333333
32.5833333333
33.65
35.3898305085
31.7666666667
32.2666666667
32.7833333333
32.25
32.4745762712
30.25
35.6833333333
32.7333333333
34.3
33.2203389831
35.7
34.9333333333
35.75
37.6779661017
36.95
38.15
40.2833333333
36.65
36.3728813559
38.7666666667
38.3333333333
39.1
37.9666666667
38.8813559322
39.45
38.6
37.25
38.6666666667
39.2881355932
37.4333333333
37.6666666667
41.0166666667
31.3389830508
--END OF 2--
31.4166666667
32.9166666667
32.3333333333
31.4666666667
34.1666666667
33.3898305085
32.1
32.2333333333
34.1666666667
35.4166666667
30.6333333333
31.3559322034
29.1333333333
32.2333333333
33.4
37.4166666667
35.5762711864
35.4
32.8
35.3166666667
34.4833333333
37.0677966102
33.6833333333
34.7166666667
33.65
34.3333333333
38.7966101695
33.45
34.6833333333
33.7666666667
32.6333333333
34.3050847458
31.8
37.9
34.3833333333
35.95
35.1525423729
37.3333333333
35.7833333333
37.0666666667
39.2542372881
38.2833333333
40.95
42.5166666667
38.8166666667
38.9830508475
41.1833333333
40.5833333333
41.3166666667
39.4666666667
40.7966101695
41.7666666667
40.7166666667
39.25
41.05
44.1186440678
39.85
40.3333333333
42.95
32.7118644068
--END OF 3--
20.0
19.45
20.1666666667
20.3666666667
19.85
20.5762711864
20.6333333333
20.2
20.1333333333
20.4833333333
19.4
18.5423728814
18.9
20.1
20.5166666667
21.6333333333
20.8644067797
19.9166666667
20.35
22.05
20.6333333333
21.5254237288
21.4666666667
21.3666666667
21.65
21.2833333333
21.2881355932
20.2
21.35
21.1333333333
20.1166666667
20.9491525424
19.9
20.7833333333
20.3833333333
20.7833333333
21.1694915254
22.1333333333
20.9333333333
22.1333333333
22.2711864407
22.4333333333
22.2666666667
22.7166666667
21.1333333333
21.9152542373
22.6833333333
22.3833333333
22.4
21.9333333333
22.4237288136
22.3333333333
22.6166666667
22.0833333333
22.5833333333
22.1016949153
21.7166666667
22.0666666667
23.1
20.0338983051
--END OF 4--
30.0333333333
30.25
30.6333333333
30.1666666667
30.9166666667
31.0847457627
30.4
30.25
31.5333333333
32.1166666667
29.2333333333
28.593220339
27.7
30.3833333333
31.25
33.6
31.5762711864
31.6833333333
30.95
32.2833333333
30.8333333333
33.2203389831
30.5333333333
31.4
31.4
31.9
32.813559322
30.75
31.2666666667
31.4333333333
31.15
31.3050847458
29.7
33.25
31.3333333333
32.2
31.6949152542
33.2
32.8
33.2
34.2881355932
33.8833333333
34.55
35.7666666667
33.5666666667
33.5254237288
34.9666666667
34.7833333333
35.05
34.5333333333
35.1355932203
35.4666666667
34.9166666667
34.0666666667
35.0
34.9830508475
33.8333333333
34.45
36.35
30.5423728814
--END OF 5--
31.4166666667
32.9166666667
32.3333333333
31.4666666667
34.1666666667
33.3898305085
32.1
32.2333333333
34.1666666667
35.4166666667
30.6333333333
31.3559322034
29.1333333333
32.2333333333
33.4
37.4166666667
35.5762711864
35.4
32.8
35.3166666667
34.4833333333
37.0677966102
33.6833333333
34.7166666667
33.65
34.3333333333
38.7966101695
33.45
34.6833333333
33.7666666667
32.6333333333
34.3050847458
31.8
37.9
34.3833333333
35.95
35.1525423729
37.3333333333
35.7833333333
37.0666666667
39.2542372881
38.2833333333
40.8833333333
42.5166666667
38.8166666667
38.9830508475
41.1666666667
40.5833333333
41.3166666667
39.4666666667
40.7966101695
41.7666666667
40.7166666667
39.25
41.05
43.5593220339
39.8166666667
40.3333333333
42.9
32.7118644068
--END OF 6--
3931.2
3771.3
3915.45
3902.25
3880.7
3994.6779661
3939.9
3936.85
3942.45
4004.4
3725.75
3758.59322034
3711.55
3866.0
3993.05
4264.15
4182.10169492
4065.5
3902.25
4354.35
4117.65
4275.76271186
4274.85
4233.0
4361.25
4244.15
4325.33898305
4002.4
4005.1
4099.85
3936.6
4040.18644068
3758.25
4236.3
4060.05
4250.25
4082.08474576
4323.65
4130.7
4384.2
4470.81355932
4629.8
4500.2
4841.7
4355.0
4398.91525424
4475.65
4572.0
4643.05
4446.95
4512.3559322
4445.9
4635.45
4454.35
4632.25
4652.54237288
4546.1
4441.9
4723.7
3883.57627119
--END OF 7--
1085.13333333
1049.0
1100.93333333
1092.3
1095.16666667
1128.3559322
1125.18333333
1097.38333333
1116.58333333
1136.9
1045.35
1040.3559322
1010.71666667
1099.46666667
1109.58333333
1215.26666667
1175.6440678
1134.43333333
1124.65
1236.21666667
1158.2
1217.42372881
1201.88333333
1188.41666667
1213.36666667
1202.85
1236.84745763
1131.06666667
1142.65
1157.48333333
1106.35
1145.72881356
1065.55
1168.81666667
1138.1
1180.93333333
1152.57627119
1217.51666667
1175.9
1233.05
1287.49152542
1320.83333333
1277.3
1366.46666667
1223.48333333
1245.38983051
1293.35
1304.1
1318.41666667
1247.78333333
1274.66101695
1263.2
1299.66666667
1251.05
1285.18333333
1302.27118644
1285.3
1256.46666667
1341.8
1103.6779661
--END OF 8--
190.316666667
204.933333333
208.333333333
201.75
217.583333333
201.779661017
186.216666667
186.716666667
205.633333333
202.133333333
188.15
210.016949153
163.516666667
210.666666667
214.616666667
227.466666667
211.474576271
220.2
227.55
215.233333333
218.55
232.033898305
176.333333333
201.05
181.266666667
219.2
235.694915254
200.9
203.866666667
218.883333333
210.133333333
210.0
193.2
238.333333333
219.35
222.683333333
206.406779661
228.833333333
246.333333333
237.933333333
253.0
243.266666667
238.9
279.266666667
255.433333333
234.593220339
253.483333333
246.8
268.433333333
252.1
266.474576271
278.8
251.283333333
236.683333333
249.983333333
261.559322034
254.466666667
266.433333333
279.95
192.966101695
--END OF 9--
8.11666666667
13.6333333333
11.3666666667
5.9
12.55
9.16949152542
8.3
16.05
13.2833333333
18.15
11.2833333333
9.27118644068
9.51666666667
8.58333333333
13.3166666667
16.15
16.406779661
14.1833333333
6.85
8.41666666667
11.65
13.5423728814
9.65
9.93333333333
10.7833333333
9.46666666667
18.0169491525
11.8
12.1
10.8166666667
7.93333333333
10.9661016949
9.5
19.0166666667
10.15
14.3
13.4237288136
13.45
9.2
10.75
11.813559322
8.56666666667
19.1166666667
15.0166666667
12.5833333333
15.593220339
18.0666666667
15.5
17.4666666667
14.6666666667
16.7288135593
20.0833333333
16.6333333333
16.5333333333
18.1333333333
27.593220339
16.6833333333
16.45
17.2333333333
11.2711864407
--END OF 10--
0.283333333333
2.35
1.1
1.15
2.61666666667
1.01694915254
0.733333333333
1.0
1.63333333333
2.1
1.71666666667
3.23728813559
1.76666666667
1.3
1.41666666667
1.2
4.37288135593
2.71666666667
1.5
1.95
2.2
1.71186440678
3.2
2.33333333333
1.63333333333
0.666666666667
5.37288135593
2.96666666667
2.71666666667
1.36666666667
0.816666666667
2.23728813559
1.7
2.98333333333
1.8
2.48333333333
2.81355932203
2.15
1.33333333333
1.95
1.71186440678
1.3
3.91666666667
2.86666666667
3.11666666667
3.28813559322
3.5
3.95
3.0
1.98333333333
1.86440677966
2.93333333333
2.43333333333
2.46666666667
2.75
7.32203389831
2.63333333333
3.15
3.1
2.13559322034
--END OF 11--
0.0
1.05
0.05
0.5
0.533333333333
0.508474576271
0.0
0.0
0.533333333333
0.833333333333
0.5
0.694915254237
0.716666666667
0.4
0.0
0.216666666667
0.0847457627119
0.0
0.0
0.0
0.0
0.440677966102
0.0
0.0
0.5
0.166666666667
1.45762711864
0.533333333333
0.5
0.0
0.0
0.508474576271
0.5
0.966666666667
0.0
0.233333333333
0.338983050847
0.6
0.416666666667
0.633333333333
0.661016949153
0.216666666667
0.366666666667
0.116666666667
0.366666666667
0.135593220339
0.3
0.5
0.3
0.266666666667
0.813559322034
0.316666666667
1.0
0.616666666667
0.516666666667
1.5593220339
0.783333333333
0.8
0.45
0.305084745763
--END OF 12--
