12.9
12.1166666667
12.4
12.0677966102
12.6833333333
11.0833333333
11.3
13.1333333333
13.1
10.7666666667
11.2881355932
10.5166666667
11.5666666667
11.2666666667
10.8833333333
12.0169491525
11.3666666667
10.7333333333
9.58333333333
9.66666666667
10.3333333333
10.3389830508
10.5833333333
10.2833333333
10.7333333333
10.0833333333
9.40677966102
10.8
10.7666666667
9.83333333333
10.0666666667
10.3559322034
9.73333333333
9.76666666667
10.1166666667
9.25
9.1
10.3220338983
10.85
9.95
10.9
9.85
9.62711864407
9.65
9.18333333333
9.46666666667
10.0166666667
9.54237288136
9.71666666667
9.46666666667
9.05
9.18333333333
10.7166666667
9.64406779661
9.53333333333
10.45
9.5
10.35
10.7
12.4915254237
--END OF 1--
17.7333333333
18.0333333333
17.95
18.0169491525
17.9833333333
16.0333333333
15.8166666667
18.8333333333
17.9
15.6166666667
16.4237288136
14.9166666667
15.4
16.3666666667
16.0166666667
17.3220338983
16.5666666667
14.9833333333
14.1833333333
14.5166666667
14.4333333333
13.6610169492
14.6833333333
14.85
14.8333333333
14.7833333333
13.5593220339
14.2333333333
14.15
13.0333333333
12.7333333333
13.5084745763
13.55
13.9166666667
14.7833333333
13.5333333333
13.15
15.3220338983
14.6
13.4
14.65
13.35
13.0338983051
12.6833333333
12.8666666667
13.9833333333
13.9166666667
13.3220338983
12.8833333333
12.75
12.55
13.6833333333
14.3
13.6271186441
13.5833333333
14.25
12.2
13.6
14.6
18.3728813559
--END OF 2--
17.7333333333
18.1833333333
18.7666666667
19.2711864407
18.8333333333
16.6333333333
16.0166666667
19.6
18.6
15.6166666667
16.4237288136
16.2833333333
15.7666666667
16.4333333333
16.1666666667
17.6949152542
17.5833333333
16.0666666667
15.1833333333
15.7166666667
15.25
14.0338983051
15.0166666667
15.3
15.4333333333
15.1333333333
13.9661016949
15.1833333333
14.7833333333
13.2
12.7666666667
14.0508474576
13.9
14.4
15.3333333333
14.6
13.8
15.6610169492
14.65
13.55
15.45
13.9
13.3220338983
13.2333333333
13.9333333333
14.1833333333
13.9166666667
13.3220338983
13.3833333333
13.05
13.0166666667
14.3833333333
14.3333333333
15.4576271186
14.3333333333
14.65
12.45
13.95
15.3
20.2372881356
--END OF 3--
12.9
12.1166666667
12.4
12.0677966102
12.6833333333
11.0833333333
11.3
13.1333333333
13.1
10.7666666667
11.2881355932
10.5166666667
11.5666666667
11.2666666667
10.8833333333
12.0169491525
11.3666666667
10.7333333333
9.58333333333
9.66666666667
10.3333333333
10.3389830508
10.5833333333
10.2833333333
10.7333333333
10.0833333333
9.40677966102
10.8
10.7666666667
9.83333333333
10.0666666667
10.3559322034
9.73333333333
9.76666666667
10.1166666667
9.25
9.1
10.3220338983
10.85
9.95
10.9
9.85
9.62711864407
9.65
9.18333333333
9.46666666667
10.0166666667
9.54237288136
9.71666666667
9.46666666667
9.05
9.18333333333
10.7166666667
9.64406779661
9.53333333333
10.45
9.5
10.35
10.7
12.4915254237
--END OF 4--
17.7333333333
18.0333333333
17.95
18.0169491525
17.9833333333
16.0333333333
15.8166666667
18.8333333333
17.9
15.6166666667
16.4237288136
14.9166666667
15.4
16.3666666667
16.0166666667
17.3220338983
16.5666666667
14.9833333333
14.1833333333
14.5166666667
14.4333333333
13.6610169492
14.6833333333
14.85
14.8333333333
14.7833333333
13.5593220339
14.2333333333
14.15
13.0333333333
12.7333333333
13.5084745763
13.55
13.9166666667
14.7833333333
13.5333333333
13.15
15.3220338983
14.6
13.4
14.65
13.35
13.0338983051
12.6833333333
12.8666666667
13.9833333333
13.9166666667
13.3220338983
12.8833333333
12.75
12.55
13.6833333333
14.3
13.6271186441
13.5833333333
14.25
12.2
13.6
14.6
18.3728813559
--END OF 5--
17.7333333333
18.1833333333
18.7666666667
19.2711864407
18.8333333333
16.6333333333
16.0166666667
19.6
18.6
15.6166666667
16.4237288136
16.2833333333
15.7666666667
16.4333333333
16.1666666667
17.6949152542
17.5833333333
16.0666666667
15.1833333333
15.7166666667
15.25
14.0338983051
15.0166666667
15.3
15.4333333333
15.1333333333
13.9661016949
15.1833333333
14.7833333333
13.2
12.7666666667
14.0508474576
13.9
14.4
15.3333333333
14.6
13.8
15.6610169492
14.65
13.55
15.45
13.9
13.3220338983
13.2333333333
13.9333333333
14.1833333333
13.9166666667
13.3220338983
13.3833333333
13.05
13.0166666667
14.3833333333
14.3333333333
15.4576271186
14.3333333333
14.65
12.45
13.95
15.3
20.2372881356
--END OF 6--
2432.2
2352.15
2381.85
2333.89830508
2453.55
2212.65
2344.6
2532.6
2452.8
2186.25
2289.50847458
2136.2
2167.85
2195.6
2099.35
2271.86440678
2233.95
2111.05
1991.45
1994.25
1999.25
2009.54237288
2069.05
1969.3
2131.65
1937.25
1810.16949153
2069.65
2004.8
1941.15
1935.6
1966.22033898
1875.25
1883.8
1994.75
1865.65
1832.85
2059.37288136
1982.85
1990.5
2055.6
1885.8
1885.93220339
1896.9
1836.45
1995.7
1873.7
1803.0
1862.85
1829.8
1774.85
1810.3
1955.3
1913.49152542
1843.5
1981.35
1849.05
1948.8
2033.1
2348.49152542
--END OF 7--
679.416666667
648.616666667
664.083333333
654.525423729
698.8
633.6
645.233333333
703.7
676.85
615.4
631.830508475
602.316666667
609.416666667
614.9
590.983333333
626.305084746
618.8
587.6
547.233333333
548.966666667
543.816666667
555.593220339
568.85
548.783333333
587.7
540.55
512.779661017
572.65
551.483333333
525.983333333
529.9
546.203389831
518.65
534.1
564.35
522.95
508.016666667
581.016949153
558.2
542.4
583.9
530.6
520.13559322
533.566666667
520.783333333
545.866666667
528.983333333
513.440677966
512.933333333
509.7
502.816666667
518.5
548.916666667
538.813559322
517.15
548.95
505.75
540.25
562.35
672.457627119
--END OF 8--
98.0166666667
121.633333333
95.6
108.220338983
105.7
105.55
102.016666667
114.166666667
109.7
96.1
108.627118644
92.3666666667
95.0833333333
99.8
95.0666666667
118.06779661
101.65
79.0833333333
91.0666666667
84.25
84.8166666667
78.0847457627
84.2833333333
94.6166666667
88.0
88.25
84.0677966102
79.4
80.4333333333
77.2166666667
62.5666666667
74.2542372881
82.4333333333
89.8333333333
84.35
71.8
81.0166666667
93.5762711864
81.85
72.35
86.25
70.9
76.4915254237
76.1
83.4666666667
87.55
91.0333333333
76.0338983051
71.05
66.8833333333
74.4333333333
84.0166666667
80.6833333333
88.0677966102
81.55
76.45
72.65
81.6
87.25
121.254237288
--END OF 9--
2.76666666667
8.28333333333
8.11666666667
8.06779661017
5.8
4.8
3.0
4.3
4.9
2.7
2.32203389831
4.01666666667
3.03333333333
4.7
6.73333333333
3.42372881356
5.83333333333
3.55
4.03333333333
6.55
5.98333333333
1.59322033898
4.81666666667
5.16666666667
2.9
6.35
3.03389830508
3.05
3.4
1.58333333333
1.36666666667
2.35593220339
1.88333333333
2.43333333333
5.65
6.43333333333
2.4
2.74576271186
3.4
2.0
3.15
4.6
2.74576271186
1.5
2.95
2.23333333333
2.71666666667
1.96610169492
3.53333333333
3.55
3.36666666667
4.01666666667
3.06666666667
5.01694915254
1.95
4.95
1.25
1.8
4.3
9.28813559322
--END OF 10--
0.0
0.0166666666667
1.1
1.5593220339
0.85
0.75
0.533333333333
1.51666666667
0.65
0.0
0.0
2.15
0.35
0.0
0.0
0.745762711864
1.51666666667
1.76666666667
1.61666666667
1.86666666667
0.683333333333
0.525423728814
0.85
0.5
1.15
0.4
0.610169491525
1.0
0.666666666667
0.333333333333
0.0
0.881355932203
0.35
0.283333333333
1.0
1.53333333333
0.883333333333
0.491525423729
0.1
0.3
1.1
1.1
0.440677966102
0.933333333333
1.63333333333
0.0
0.0
0.0
0.0
0.5
0.816666666667
1.15
0.05
1.86440677966
1.15
0.5
0.45
0.55
1.3
3.06779661017
--END OF 11--
0.0
0.0
0.0
1.01694915254
0.0
0.5
0.0
0.133333333333
0.3
0.0
0.0
0.0
0.0
0.0
0.0
0.271186440678
0.35
0.383333333333
0.5
0.0
0.0
0.0
0.0
0.25
0.25
0.4
0.101694915254
0.0
0.0
0.0
0.0
0.0
0.216666666667
0.283333333333
0.0
1.03333333333
0.466666666667
0.0
0.0
0.0
0.4
0.1
0.0
0.283333333333
0.216666666667
0.0
0.0
0.0
0.0
0.0
0.0
0.466666666667
0.0333333333333
1.01694915254
0.5
0.0
0.3
0.2
0.0
0.0
--END OF 12--
