16.1666666667
17.2166666667
16.6
16.6440677966
16.5166666667
15.5166666667
15.8833333333
15.45
14.7666666667
15.2881355932
15.9666666667
16.4
15.1666666667
15.8
15.4833333333
15.7796610169
15.2
15.9833333333
15.55
16.2
16.75
15.1355932203
15.6666666667
16.0166666667
16.8666666667
16.7333333333
15.8983050847
15.7333333333
16.65
14.9666666667
16.9333333333
16.1166666667
15.9152542373
16.2666666667
15.2166666667
15.7666666667
14.7333333333
15.9830508475
15.9
15.8166666667
15.45
15.3166666667
16.9166666667
15.5254237288
14.6666666667
16.4
15.9833333333
16.3833333333
15.7666666667
15.8474576271
16.1166666667
15.3666666667
16.4333333333
16.0166666667
15.9491525424
16.0833333333
15.65
16.15
14.9333333333
16.8867924528
--END OF 1--
20.75
22.4
21.6
22.5762711864
23.1
21.3
21.7333333333
21.6
20.6166666667
19.6610169492
22.1166666667
22.4
20.0666666667
21.9
20.0333333333
20.8983050847
21.0833333333
19.8333333333
20.5666666667
23.0333333333
21.4166666667
21.3559322034
19.9
21.6
23.05
21.4166666667
21.7288135593
21.1833333333
22.5
20.3666666667
22.3333333333
20.9666666667
21.3728813559
21.8666666667
20.0833333333
21.2
19.6
21.5423728814
21.55
19.8666666667
19.9833333333
20.2833333333
22.35
19.3728813559
19.6666666667
22.45
20.9333333333
20.8833333333
20.9166666667
20.5254237288
21.5166666667
21.1166666667
20.9666666667
20.9666666667
20.4406779661
20.5
21.4
22.45
20.5333333333
21.3018867925
--END OF 2--
21.55
23.55
22.1166666667
22.7457627119
24.0333333333
22.2333333333
22.45
21.8833333333
21.2833333333
22.5423728814
22.1166666667
22.95
21.1166666667
22.5
20.6833333333
21.2542372881
21.7333333333
20.1
21.4833333333
23.3166666667
22.1333333333
22.2881355932
20.4666666667
22.2333333333
24.4333333333
21.6333333333
22.6779661017
22.1833333333
23.2
20.7166666667
23.0333333333
21.9666666667
21.5593220339
22.8666666667
20.8333333333
21.5166666667
20.25
22.0169491525
22.25
20.6166666667
20.7666666667
21.25
23.1
19.7118644068
19.9166666667
23.2333333333
21.2833333333
21.2833333333
21.3833333333
21.4406779661
21.5166666667
21.6666666667
21.4666666667
23.1333333333
21.0677966102
20.6833333333
21.4
22.9166666667
20.8833333333
22.1320754717
--END OF 3--
16.1666666667
17.2166666667
16.6
16.6440677966
16.5166666667
15.5166666667
15.8833333333
15.45
14.7666666667
15.2881355932
15.9666666667
16.4
15.1666666667
15.8
15.4833333333
15.7796610169
15.2
15.9833333333
15.55
16.2
16.75
15.1355932203
15.6666666667
16.0166666667
16.8666666667
16.7333333333
15.8983050847
15.7333333333
16.65
14.9666666667
16.9333333333
16.1166666667
15.9152542373
16.2666666667
15.2166666667
15.7666666667
14.7333333333
15.9830508475
15.9
15.8166666667
15.45
15.3166666667
16.9166666667
15.5254237288
14.6666666667
16.4
15.9833333333
16.3833333333
15.7666666667
15.8474576271
16.1166666667
15.3666666667
16.4333333333
16.0166666667
15.9491525424
16.0833333333
15.65
16.15
14.9333333333
16.8867924528
--END OF 4--
20.75
22.4
21.6
22.5762711864
23.1
21.3
21.7333333333
21.6
20.6166666667
19.6610169492
22.1166666667
22.4
20.0666666667
21.9
20.0333333333
20.8983050847
21.0833333333
19.8333333333
20.5666666667
23.0333333333
21.4166666667
21.3559322034
19.9
21.6
23.05
21.4166666667
21.7288135593
21.1833333333
22.5
20.3666666667
22.3333333333
20.9666666667
21.3728813559
21.8666666667
20.0833333333
21.2
19.6
21.5423728814
21.55
19.8666666667
19.9833333333
20.2833333333
22.35
19.3728813559
19.6666666667
22.45
20.9333333333
20.8833333333
20.9166666667
20.5254237288
21.5166666667
21.1166666667
20.9666666667
20.9666666667
20.4406779661
20.5
21.4
22.45
20.5333333333
21.3018867925
--END OF 5--
21.55
23.55
22.1166666667
22.7457627119
24.0333333333
22.2333333333
22.45
21.8833333333
21.2833333333
22.5423728814
22.1166666667
22.95
21.1166666667
22.5
20.6833333333
21.2542372881
21.7333333333
20.1
21.4833333333
23.3166666667
22.1333333333
22.2881355932
20.4666666667
22.2333333333
24.4333333333
21.6333333333
22.6779661017
22.1833333333
23.2
20.7166666667
23.0333333333
21.9666666667
21.5593220339
22.8666666667
20.8333333333
21.5166666667
20.25
22.0169491525
22.25
20.6166666667
20.7666666667
21.25
23.1
19.7118644068
19.9166666667
23.2333333333
21.2833333333
21.2833333333
21.3833333333
21.4406779661
21.5166666667
21.6666666667
21.4666666667
23.1333333333
21.0677966102
20.6833333333
21.4
22.9166666667
20.8833333333
22.1320754717
--END OF 6--
3031.4
3220.8
2985.6
3105.40677966
3181.75
2894.0
2967.0
3033.65
2898.25
2885.6440678
2983.8
3129.45
2999.85
3021.9
2873.55
2961.05084746
2978.75
2945.3
3027.7
3137.15
3065.9
2863.6779661
2905.5
2970.55
3060.3
3082.2
3121.83050847
2947.35
3138.15
2916.15
3112.05
3007.95
2974.16949153
3144.9
2859.3
2975.45
2854.35
2989.93220339
3153.45
2954.55
2906.6
2969.7
3200.3
2912.6440678
2923.5
3061.2
3064.95
3081.3
3020.85
2905.88135593
2995.45
2857.25
3127.05
3078.65
2991.61016949
3022.0
2963.1
3044.25
2835.5
3152.20754717
--END OF 7--
840.85
895.616666667
848.116666667
868.186440678
881.183333333
808.416666667
825.783333333
834.3
818.766666667
803.983050847
837.7
862.55
821.85
845.95
810.15
827.101694915
814.85
804.783333333
833.033333333
872.666666667
853.8
806.762711864
824.65
821.55
860.6
865.9
852.152542373
808.6
862.2
806.2
874.95
841.2
829.576271186
859.266666667
784.416666667
832.716666667
789.95
829.593220339
870.0
800.3
804.15
806.283333333
880.616666667
828.084745763
823.35
868.35
854.05
843.15
829.416666667
804.677966102
844.75
801.7
845.3
839.283333333
828.593220339
834.966666667
824.133333333
854.1
799.683333333
860.566037736
--END OF 8--
108.8
113.4
119.983333333
129.288135593
136.3
115.916666667
124.0
129.566666667
115.266666667
114.06779661
141.0
127.1
115.1
143.9
115.7
118.271186441
117.383333333
104.983333333
110.9
133.1
116.25
129.898305085
103.133333333
121.433333333
132.466666667
119.616666667
123.915254237
124.05
116.95
107.35
129.65
109.35
126.016949153
125.4
112.966666667
113.833333333
105.766666667
114.186440678
123.583333333
102.916666667
100.216666667
108.933333333
127.733333333
109.305084746
108.0
127.15
113.9
108.7
112.8
111.644067797
124.816666667
129.25
100.766666667
111.1
107.542372881
104.433333333
116.416666667
130.7
105.983333333
97.358490566
--END OF 9--
3.48333333333
4.86666666667
4.81666666667
3.81355932203
6.9
8.05
7.45
2.88333333333
4.05
7.52542372881
2.3
6.15
3.3
5.0
3.55
4.67796610169
7.75
2.86666666667
4.56666666667
5.36666666667
3.33333333333
5.22033898305
4.53333333333
5.66666666667
9.91666666667
1.2
3.38983050847
4.55
4.85
2.95
4.15
4.15
2.13559322034
5.21666666667
4.16666666667
4.28333333333
4.91666666667
5.81355932203
3.83333333333
3.9
3.38333333333
6.18333333333
3.33333333333
1.23728813559
1.95
5.43333333333
3.95
5.0
3.51666666667
5.79661016949
2.7
3.48333333333
2.93333333333
6.61666666667
2.10169491525
3.78333333333
5.23333333333
5.13333333333
4.08333333333
4.22641509434
--END OF 10--
1.21666666667
1.93333333333
1.03333333333
0.169491525424
1.21666666667
1.58333333333
0.833333333333
0.366666666667
0.633333333333
4.06779661017
0.0
0.95
0.95
0.95
0.65
0.186440677966
1.31666666667
0.466666666667
1.13333333333
0.666666666667
0.766666666667
1.01694915254
0.383333333333
1.0
1.11666666667
0.0666666666667
1.35593220339
1.1
0.95
0.3
0.9
1.35
0.372881355932
1.56666666667
0.9
0.533333333333
0.633333333333
0.830508474576
0.95
0.833333333333
1.16666666667
1.88333333333
0.833333333333
0.28813559322
0.65
1.5
0.05
0.2
0.8
1.76271186441
0.0666666666667
0.65
0.533333333333
2.55
0.677966101695
0.333333333333
0.0
1.11666666667
0.5
1.49056603774
--END OF 11--
0.0
0.0
0.0
0.0
0.466666666667
0.416666666667
0.0833333333333
0.0
0.0
0.508474576271
0.0
0.0
0.5
0.0
0.0
0.0
0.5
0.0
0.633333333333
0.333333333333
0.266666666667
0.508474576271
0.0
0.266666666667
0.233333333333
0.0666666666667
0.949152542373
0.0
0.45
0.05
0.25
0.25
0.0
0.0
0.0
0.0
0.5
0.0
0.266666666667
0.5
0.0
0.5
0.216666666667
0.28813559322
0.0
0.0
0.0
0.0
0.0
0.508474576271
0.0
0.483333333333
0.0166666666667
0.266666666667
0.508474576271
0.0
0.0
0.0
0.0
0.0
--END OF 12--
