15.8474576271
15.0
16.2333333333
15.1333333333
15.7166666667
15.3333333333
15.0338983051
16.0
16.8333333333
16.9333333333
15.7333333333
14.5
13.9491525424
15.3
15.4166666667
14.9333333333
14.8
14.9833333333
15.3898305085
14.65
14.7166666667
15.1
15.5333333333
16.1
16.2033898305
15.0
15.5166666667
16.9666666667
16.5166666667
15.5833333333
15.9830508475
16.6833333333
17.0166666667
16.1166666667
16.2833333333
16.5593220339
15.4833333333
15.2833333333
15.2833333333
15.5833333333
14.7166666667
16.4915254237
16.2833333333
15.2333333333
15.2
15.0333333333
16.0166666667
15.6610169492
16.3833333333
15.0833333333
16.5833333333
15.85
16.5833333333
16.0508474576
15.5833333333
16.9
16.65
15.85
14.65
15.0172413793
--END OF 1--
21.0677966102
20.3
21.9833333333
19.7833333333
21.2166666667
20.5833333333
21.406779661
21.85
22.6
22.9833333333
21.8833333333
20.7166666667
19.9830508475
20.0166666667
20.5666666667
19.5666666667
19.5166666667
20.6833333333
20.6610169492
19.65
19.9666666667
20.2
21.6833333333
22.2666666667
21.9152542373
21.7333333333
21.1
21.4666666667
21.6666666667
21.3333333333
20.9830508475
22.8
23.5333333333
21.9666666667
21.9666666667
22.3050847458
21.85
20.6833333333
21.6333333333
21.6833333333
20.6833333333
21.4915254237
22.3833333333
21.15
21.3333333333
20.8666666667
20.9666666667
21.0169491525
20.9166666667
20.4833333333
23.1833333333
20.5666666667
22.9666666667
22.0677966102
20.9333333333
23.15
22.45
21.6
19.5
20.3103448276
--END OF 2--
21.2542372881
20.5
22.6333333333
20.6333333333
22.4166666667
21.6833333333
22.593220339
22.65
23.6
24.3833333333
22.9166666667
21.45
20.3898305085
21.5833333333
21.55
20.0166666667
20.5333333333
21.6833333333
21.8474576271
20.45
21.7166666667
20.45
21.95
22.75
22.2542372881
21.9833333333
21.7166666667
21.6666666667
21.95
22.4333333333
21.8474576271
23.3833333333
23.7166666667
21.9666666667
23.0
22.8305084746
22.2333333333
20.8333333333
22.4333333333
23.05
20.9833333333
22.1525423729
24.0166666667
22.7333333333
22.85
21.8666666667
21.3166666667
21.2711864407
21.5
21.0666666667
23.75
20.6
23.1833333333
23.6779661017
21.3833333333
23.35
22.7
22.55
19.8
21.6724137931
--END OF 3--
15.8474576271
15.0
16.2333333333
15.1333333333
15.7166666667
15.3333333333
15.0338983051
16.0
16.8333333333
16.9333333333
15.7333333333
14.5
13.9491525424
15.3
15.4166666667
14.9333333333
14.8
14.9833333333
15.3898305085
14.65
14.7166666667
15.1
15.5333333333
16.1
16.2033898305
15.0
15.5166666667
16.9666666667
16.5166666667
15.5833333333
15.9830508475
16.6833333333
17.0166666667
16.1166666667
16.2833333333
16.5593220339
15.4833333333
15.2833333333
15.2833333333
15.5833333333
14.7166666667
16.4915254237
16.2833333333
15.2333333333
15.2
15.0333333333
16.0166666667
15.6610169492
16.3833333333
15.0833333333
16.5833333333
15.85
16.5833333333
16.0508474576
15.5833333333
16.9
16.65
15.85
14.65
15.0172413793
--END OF 4--
21.0677966102
20.3
21.9833333333
19.7833333333
21.2166666667
20.5833333333
21.406779661
21.85
22.6
22.9833333333
21.8833333333
20.7166666667
19.9830508475
20.0166666667
20.5666666667
19.5666666667
19.5166666667
20.6833333333
20.6610169492
19.65
19.9666666667
20.2
21.6833333333
22.2666666667
21.9152542373
21.7333333333
21.1
21.4666666667
21.6666666667
21.3333333333
20.9830508475
22.8
23.5333333333
21.9666666667
21.9666666667
22.3050847458
21.85
20.6833333333
21.6333333333
21.6833333333
20.6833333333
21.4915254237
22.3833333333
21.15
21.3333333333
20.8666666667
20.9666666667
21.0169491525
20.9166666667
20.4833333333
23.1833333333
20.5666666667
22.9666666667
22.0677966102
20.9333333333
23.15
22.45
21.6
19.5
20.3103448276
--END OF 5--
21.2542372881
20.5
22.6333333333
20.6333333333
22.4166666667
21.6833333333
22.593220339
22.65
23.6
24.3833333333
22.9166666667
21.45
20.3898305085
21.5833333333
21.55
20.0166666667
20.5333333333
21.6833333333
21.8474576271
20.45
21.7166666667
20.45
21.95
22.75
22.2542372881
21.9833333333
21.7166666667
21.6666666667
21.95
22.4333333333
21.8474576271
23.3833333333
23.7166666667
21.9666666667
23.0
22.8305084746
22.2333333333
20.8333333333
22.4333333333
23.05
20.9833333333
22.1525423729
24.0166666667
22.7333333333
22.85
21.8666666667
21.3166666667
21.2711864407
21.5
21.0666666667
23.75
20.6
23.1833333333
23.6779661017
21.3833333333
23.35
22.7
22.55
19.8
21.6724137931
--END OF 6--
3017.13559322
2899.05
3073.05
2919.75
3027.15
2987.4
2956.6779661
2952.3
3016.65
3188.3
3029.05
2771.85
2824.27118644
2959.3
2932.25
2915.75
2915.45
2947.5
3093.15254237
3025.65
2986.8
2959.95
3053.25
3093.6
3057.61016949
3033.85
2913.3
3091.55
3063.35
2918.5
2975.38983051
3263.7
3287.45
3061.9
3122.05
3121.52542373
2942.85
2918.55
2959.2
3053.75
2894.2
3099.0
3021.4
2959.25
3020.8
2874.1
3033.45
3020.59322034
3026.5
2929.5
3126.25
2986.6
3108.25
3118.83050847
2979.6
3082.5
3138.3
2891.4
2856.9
2904.67241379
--END OF 7--
837.542372881
803.9
845.0
801.65
848.75
830.2
819.576271186
841.95
852.3
880.133333333
836.45
784.516666667
774.762711864
793.716666667
804.283333333
813.1
802.883333333
814.9
844.101694915
827.0
808.05
822.15
846.15
852.216666667
846.271186441
830.166666667
814.066666667
860.616666667
861.083333333
826.833333333
836.084745763
896.016666667
893.833333333
845.583333333
844.933333333
854.898305085
813.766666667
826.9
821.85
834.65
802.05
854.813559322
859.266666667
813.2
837.3
795.633333333
838.883333333
821.305084746
840.4
808.983333333
855.2
819.166666667
870.316666667
853.372881356
818.3
868.4
869.9
811.05
776.5
794.655172414
--END OF 8--
115.288135593
111.0
124.95
106.5
121.4
110.2
114.915254237
125.1
136.066666667
119.116666667
124.216666667
124.016666667
120.372881356
119.083333333
120.416666667
109.666666667
109.6
121.35
117.288135593
110.55
120.05
113.0
132.483333333
124.466666667
111.779661017
134.7
117.233333333
110.7
122.0
130.716666667
111.050847458
128.15
126.183333333
122.116666667
125.433333333
123.322033898
125.133333333
111.9
129.45
114.883333333
131.016666667
112.084745763
122.75
116.0
136.883333333
137.483333333
114.85
112.915254237
103.866666667
111.05
142.266666667
104.4
125.333333333
121.508474576
110.55
136.95
125.3
121.3
107.05
108.862068966
--END OF 9--
4.61016949153
4.95
4.3
3.75
5.1
6.0
7.23728813559
3.9
6.2
11.4333333333
6.41666666667
3.7
5.81355932203
5.2
3.88333333333
3.61666666667
5.21666666667
4.71666666667
5.59322033898
4.2
5.7
2.5
3.75
2.65
6.13559322034
6.35
2.78333333333
2.33333333333
3.9
5.76666666667
3.94915254237
2.85
5.81666666667
3.6
4.26666666667
3.47457627119
7.31666666667
3.65
3.4
8.48333333333
3.93333333333
4.72881355932
6.63333333333
8.6
5.15
5.31666666667
2.18333333333
4.28813559322
3.36666666667
5.23333333333
5.2
1.63333333333
5.31666666667
7.10169491525
2.65
3.75
2.9
6.8
2.6
5.13793103448
--END OF 10--
0.305084745763
0.65
0.9
0.65
1.5
1.3
1.8813559322
1.01666666667
1.71666666667
1.9
1.23333333333
0.983333333333
0.508474576271
1.98333333333
1.51666666667
0.5
0.966666666667
1.1
1.66101694915
0.75
2.55
0.2
0.5
0.633333333333
0.847457627119
0.25
0.716666666667
0.0
0.316666666667
1.61666666667
0.932203389831
1.05
0.3
0.0166666666667
1.76666666667
0.728813559322
0.633333333333
0.0
1.4
2.28333333333
0.366666666667
0.694915254237
2.63333333333
1.5
1.18333333333
1.18333333333
0.45
0.322033898305
0.833333333333
0.666666666667
0.5
0.0
0.516666666667
2.52542372881
1.0
0.0
0.5
0.5
0.0
2.06896551724
--END OF 11--
0.0
0.0
0.5
0.0
0.5
0.3
0.71186440678
0.166666666667
0.0
0.0
0.0
0.0
0.0
0.5
0.5
0.0
0.0
0.116666666667
0.389830508475
0.0
0.0
0.0
0.0
0.0
0.0
0.25
0.716666666667
0.0
0.0
0.0
0.271186440678
0.5
0.0
0.0
0.466666666667
0.0338983050847
0.0
0.0
0.15
0.316666666667
0.25
0.254237288136
0.8
0.0
0.183333333333
0.816666666667
0.183333333333
0.322033898305
0.0
0.0
0.0
0.0
0.0
0.508474576271
0.0
0.0
0.0
0.5
0.0
0.0
--END OF 12--
