12.9666666667
13.65
13.2333333333
13.4576271186
12.5833333333
12.8333333333
12.7
12.9666666667
14.35
12.9830508475
13.7166666667
13.8833333333
12.8666666667
13.4333333333
13.593220339
13.1333333333
13.6833333333
13.8333333333
13.3833333333
12.9661016949
13.8
14.2833333333
14.7333333333
13.3333333333
12.406779661
14.5
13.9
13.5666666667
12.45
13.3389830508
12.1666666667
13.1833333333
13.8
13.95
13.7796610169
13.0
14.0333333333
13.8833333333
13.5833333333
13.5593220339
13.6
14.0
12.6166666667
13.0833333333
12.2542372881
13.85
13.25
13.35
13.5666666667
13.3389830508
13.3333333333
12.5833333333
13.4333333333
13.5333333333
13.9491525424
12.3833333333
13.6
13.7
13.0833333333
12.4035087719
--END OF 1--
16.7166666667
17.3
17.2833333333
18.3559322034
17.75
16.9166666667
16.45
16.6166666667
18.0166666667
16.6440677966
17.6666666667
18.3333333333
16.8166666667
17.5833333333
17.5423728814
17.9333333333
17.6833333333
17.5333333333
18.5333333333
18.186440678
17.1833333333
18.4
18.85
18.0833333333
16.5593220339
18.3166666667
17.0333333333
17.1666666667
16.3166666667
16.3898305085
15.6166666667
16.7333333333
18.0
17.35
19.0338983051
16.55
16.9333333333
17.5666666667
18.3333333333
17.5762711864
17.45
18.7333333333
16.85
16.9166666667
15.3559322034
17.65
17.0
17.0
18.1666666667
18.2372881356
17.8
16.6166666667
17.3333333333
17.85
17.4915254237
16.2
16.7833333333
18.1666666667
17.7166666667
17.4561403509
--END OF 2--
16.9166666667
17.65
17.6833333333
19.186440678
18.05
17.2166666667
17.8833333333
17.75
18.1666666667
17.7796610169
18.0666666667
18.8166666667
17.0833333333
18.0833333333
17.8813559322
18.1333333333
18.2833333333
18.1333333333
20.4333333333
19.9661016949
17.9833333333
18.9666666667
19.8
18.7666666667
16.8644067797
18.6833333333
18.0333333333
18.1833333333
17.0333333333
17.1016949153
15.8666666667
17.1333333333
19.0
17.95
19.186440678
16.6333333333
17.9333333333
18.4333333333
18.5833333333
18.186440678
17.55
20.8666666667
17.7833333333
17.5166666667
15.4915254237
18.25
18.3
17.05
18.9666666667
19.0
17.8
17.65
17.8
18.75
18.1016949153
16.2
17.8666666667
18.3333333333
17.8166666667
18.0877192982
--END OF 3--
12.9666666667
13.65
13.2333333333
13.4576271186
12.5833333333
12.8333333333
12.7
12.9666666667
14.35
12.9830508475
13.7166666667
13.8833333333
12.8666666667
13.4333333333
13.593220339
13.1333333333
13.6833333333
13.8333333333
13.3833333333
12.9661016949
13.8
14.2833333333
14.7333333333
13.3333333333
12.406779661
14.5
13.9
13.5666666667
12.45
13.3389830508
12.1666666667
13.1833333333
13.8
13.95
13.7796610169
13.0
14.0333333333
13.8833333333
13.5833333333
13.5593220339
13.6
14.0
12.6166666667
13.0833333333
12.2542372881
13.85
13.25
13.35
13.5666666667
13.3389830508
13.3333333333
12.5833333333
13.4333333333
13.5333333333
13.9491525424
12.3833333333
13.6
13.7
13.0833333333
12.4035087719
--END OF 4--
16.7166666667
17.3
17.2833333333
18.3559322034
17.75
16.9166666667
16.45
16.6166666667
18.0166666667
16.6440677966
17.6666666667
18.3333333333
16.8166666667
17.5833333333
17.5423728814
17.9333333333
17.6833333333
17.5333333333
18.5333333333
18.186440678
17.1833333333
18.4
18.85
18.0833333333
16.5593220339
18.3166666667
17.0333333333
17.1666666667
16.3166666667
16.3898305085
15.6166666667
16.7333333333
18.0
17.35
19.0338983051
16.55
16.9333333333
17.5666666667
18.3333333333
17.5762711864
17.45
18.7333333333
16.85
16.9166666667
15.3559322034
17.65
17.0
17.0
18.1666666667
18.2372881356
17.8
16.6166666667
17.3333333333
17.85
17.4915254237
16.2
16.7833333333
18.1666666667
17.7166666667
17.4561403509
--END OF 5--
16.9166666667
17.65
17.6833333333
19.186440678
18.05
17.2166666667
17.8833333333
17.75
18.1666666667
17.7796610169
18.0666666667
18.8166666667
17.0833333333
18.0833333333
17.8813559322
18.1333333333
18.2833333333
18.1333333333
20.4333333333
19.9661016949
17.9833333333
18.9666666667
19.8
18.7666666667
16.8644067797
18.6833333333
18.0333333333
18.1833333333
17.0333333333
17.1016949153
15.8666666667
17.1333333333
19.0
17.95
19.186440678
16.6333333333
17.9333333333
18.4333333333
18.5833333333
18.186440678
17.55
20.8666666667
17.7833333333
17.5166666667
15.4915254237
18.25
18.3
17.05
18.9666666667
19.0
17.8
17.65
17.8
18.75
18.1016949153
16.2
17.8666666667
18.3333333333
17.8166666667
18.0877192982
--END OF 6--
2430.3
2568.0
2535.15
2574.15254237
2459.6
2544.75
2509.85
2563.15
2650.35
2457.3559322
2538.0
2692.65
2348.45
2563.0
2680.16949153
2584.8
2557.5
2510.7
2574.9
2579.33898305
2619.25
2595.15
2561.95
2500.05
2440.88135593
2712.95
2606.1
2503.25
2396.9
2561.08474576
2390.55
2511.15
2739.9
2617.5
2622.91525424
2512.55
2582.6
2561.15
2577.9
2600.33898305
2558.3
2613.75
2495.95
2550.0
2388.86440678
2643.45
2593.5
2556.0
2646.75
2586.55932203
2630.7
2515.8
2465.2
2527.3
2627.18644068
2409.7
2600.65
2650.4
2564.85
2465.84210526
--END OF 7--
682.95
719.4
702.15
726.457627119
696.583333333
701.216666667
685.6
697.016666667
743.1
689.949152542
699.966666667
742.433333333
668.45
696.516666667
712.93220339
717.6
707.7
702.9
716.95
695.644067797
712.666666667
736.566666667
745.25
702.65
663.152542373
738.833333333
720.433333333
705.9
665.416666667
694.101694915
656.2
697.95
737.3
713.9
741.576271186
689.766666667
710.933333333
716.066666667
714.116666667
719.389830508
702.283333333
744.833333333
678.933333333
694.633333333
658.93220339
724.55
728.1
708.2
736.55
721.898305085
721.433333333
671.533333333
695.116666667
700.866666667
712.254237288
669.85
727.85
725.883333333
704.55
677.210526316
--END OF 8--
91.5
81.3
85.35
104.0
95.2333333333
83.9666666667
86.9166666667
85.8166666667
85.8666666667
86.5084745763
88.9166666667
100.15
89.7666666667
90.4
89.406779661
105.95
94.0
82.05
107.4
106.728813559
92.8833333333
84.2833333333
90.45
102.083333333
87.3220338983
96.05
78.1
88.3333333333
91.8
80.2372881356
75.4
84.85
89.9
82.9
101.593220339
81.5666666667
87.1
89.6333333333
101.833333333
92.8813559322
87.4833333333
100.8
99.4833333333
79.5666666667
71.6440677966
99.1
81.4
91.5
105.4
97.6949152542
79.5666666667
84.45
99.0833333333
104.9
92.3728813559
85.1
89.3
95.6
88.8666666667
94.8421052632
--END OF 9--
1.95
1.7
4.0
5.28813559322
6.13333333333
3.8
4.36666666667
3.23333333333
2.38333333333
3.37288135593
2.88333333333
3.1
3.61666666667
3.96666666667
3.57627118644
1.45
2.2
2.75
8.55
9.4406779661
3.73333333333
5.1
3.98333333333
4.61666666667
3.94915254237
3.98333333333
2.93333333333
5.83333333333
3.65
2.33898305085
2.95
2.65
3.9
2.85
2.81355932203
2.6
1.55
3.78333333333
1.91666666667
2.67796610169
2.9
8.9
3.26666666667
4.91666666667
1.77966101695
3.8
5.2
1.4
4.2
4.25423728814
1.25
4.73333333333
2.96666666667
4.63333333333
3.61016949153
3.98333333333
3.35
1.36666666667
4.33333333333
4.47368421053
--END OF 10--
0.3
0.7
0.5
1.42372881356
0.1
0.633333333333
2.15
0.683333333333
0.0
1.03389830508
0.6
0.383333333333
0.0166666666667
0.6
0.389830508475
0.0
0.9
1.1
2.0
2.54237288136
1.0
0.966666666667
1.45
0.666666666667
0.423728813559
0.483333333333
1.88333333333
1.23333333333
0.9
0.508474576271
0.55
0.75
1.3
0.9
0.271186440678
0.0
1.46666666667
1.53333333333
0.5
1.01694915254
0.0
2.3
1.41666666667
0.283333333333
0.0
0.6
1.85
0.05
1.25
1.27118644068
0.0
1.66666666667
0.916666666667
1.41666666667
0.508474576271
0.0
1.75
0.25
0.0
0.736842105263
--END OF 11--
0.0
0.0
0.0
0.203389830508
0.0
0.0
0.316666666667
0.683333333333
0.0
0.508474576271
0.0
0.0
0.0
0.0
0.0
0.0
0.45
0.55
1.0
0.508474576271
0.0
0.183333333333
0.316666666667
0.5
0.0
0.0
0.5
0.216666666667
0.283333333333
0.508474576271
0.0
0.0
0.5
0.0
0.0
0.0
0.5
0.0
0.0
0.0
0.0
0.466666666667
0.0333333333333
0.0
0.0
0.0
0.45
0.05
0.5
0.508474576271
0.0
0.0
0.0
0.5
0.0
0.0
0.0
0.0
0.0
0.526315789474
--END OF 12--
