11.8333333333
11.4333333333
11.6333333333
12.0333333333
12.3728813559
12.5833333333
11.95
12.1166666667
11.8333333333
11.6333333333
11.7118644068
11.4666666667
11.7666666667
12.1333333333
12.2
11.95
12.0
11.2333333333
12.1666666667
10.8333333333
11.0166666667
11.4666666667
11.7966101695
12.2
12.4
11.7833333333
12.0166666667
12.1525423729
11.5
12.3833333333
12.2
10.1833333333
11.4333333333
12.1016949153
11.6333333333
12.1666666667
12.1166666667
11.55
11.6101694915
12.4333333333
11.3166666667
11.5166666667
10.8666666667
11.9
11.406779661
11.9
11.55
11.85
11.4
11.5254237288
12.9166666667
11.8666666667
12.3666666667
12.4166666667
11.9322033898
12.2333333333
12.5166666667
11.8
12.3833333333
11.3773584906
--END OF 1--
14.4833333333
13.6333333333
14.4333333333
15.8166666667
15.8474576271
15.2333333333
14.7
14.55
14.6166666667
15.75
14.9830508475
14.9166666667
15.1166666667
15.3333333333
15.65
15.6
15.6440677966
14.3833333333
16.1833333333
13.8333333333
14.4
15.0666666667
14.8983050847
15.1833333333
16.0666666667
14.5
14.7833333333
16.2542372881
14.9
16.0333333333
14.9
13.3333333333
15.0333333333
15.7457627119
14.9
15.1333333333
15.25
14.0666666667
14.4237288136
15.9666666667
14.7666666667
13.9333333333
13.6166666667
15.3166666667
14.6610169492
15.2
14.15
14.85
15.05
15.5593220339
16.4666666667
15.4
15.6666666667
15.4
14.7288135593
16.2
15.7333333333
14.0666666667
15.1666666667
14.320754717
--END OF 2--
14.8166666667
14.2
14.6833333333
16.3166666667
16.0
15.3333333333
14.95
14.9
14.6833333333
16.25
15.7796610169
15.3166666667
15.9166666667
16.2833333333
16.25
16.45
16.0
14.7166666667
16.9
13.8333333333
14.4
15.35
15.3220338983
15.1833333333
16.2166666667
15.05
15.2
16.6440677966
15.1
16.8833333333
15.55
13.8333333333
15.1833333333
15.7966101695
15.05
15.8666666667
15.5166666667
14.25
14.7457627119
16.0666666667
15.7833333333
14.5166666667
13.8166666667
15.7666666667
15.1186440678
16.0
14.35
15.3
15.45
15.5593220339
16.9833333333
15.4
15.6666666667
15.9
15.186440678
16.9166666667
16.7333333333
14.15
15.1666666667
14.320754717
--END OF 3--
11.8333333333
11.4333333333
11.6333333333
12.0333333333
12.3728813559
12.5833333333
11.95
12.1166666667
11.8333333333
11.6333333333
11.7118644068
11.4666666667
11.7666666667
12.1333333333
12.2
11.95
12.0
11.2333333333
12.1666666667
10.8333333333
11.0166666667
11.4666666667
11.7966101695
12.2
12.4
11.7833333333
12.0166666667
12.1525423729
11.5
12.3833333333
12.2
10.1833333333
11.4333333333
12.1016949153
11.6333333333
12.1666666667
12.1166666667
11.55
11.6101694915
12.4333333333
11.3166666667
11.5166666667
10.8666666667
11.9
11.406779661
11.9
11.55
11.85
11.4
11.5254237288
12.9166666667
11.8666666667
12.3666666667
12.4166666667
11.9322033898
12.2333333333
12.5166666667
11.8
12.3833333333
11.3773584906
--END OF 4--
14.4833333333
13.6333333333
14.4333333333
15.8166666667
15.8474576271
15.2333333333
14.7
14.55
14.6166666667
15.75
14.9830508475
14.9166666667
15.1166666667
15.3333333333
15.65
15.6
15.6440677966
14.3833333333
16.1833333333
13.8333333333
14.4
15.0666666667
14.8983050847
15.1833333333
16.0666666667
14.5
14.7833333333
16.2542372881
14.9
16.0333333333
14.9
13.3333333333
15.0333333333
15.7457627119
14.9
15.1333333333
15.25
14.0666666667
14.4237288136
15.9666666667
14.7666666667
13.9333333333
13.6166666667
15.3166666667
14.6610169492
15.2
14.15
14.85
15.05
15.5593220339
16.4666666667
15.4
15.6666666667
15.4
14.7288135593
16.2
15.7333333333
14.0666666667
15.1666666667
14.320754717
--END OF 5--
14.8166666667
14.2
14.6833333333
16.3166666667
16.0
15.3333333333
14.95
14.9
14.6833333333
16.25
15.7796610169
15.3166666667
15.9166666667
16.2833333333
16.25
16.45
16.0
14.7166666667
16.9
13.8333333333
14.4
15.35
15.3220338983
15.1833333333
16.2166666667
15.05
15.2
16.6440677966
15.1
16.8833333333
15.55
13.8333333333
15.1833333333
15.7966101695
15.05
15.8666666667
15.5166666667
14.25
14.7457627119
16.0666666667
15.7833333333
14.5166666667
13.8166666667
15.7666666667
15.1186440678
16.0
14.35
15.3
15.45
15.5593220339
16.9833333333
15.4
15.6666666667
15.9
15.186440678
16.9166666667
16.7333333333
14.15
15.1666666667
14.320754717
--END OF 6--
2201.8
2239.5
2260.6
2333.75
2319.86440678
2365.0
2288.35
2304.6
2253.8
2307.5
2334.3559322
2396.7
2262.9
2310.9
2346.3
2190.6
2296.98305085
2240.35
2379.25
2253.1
2253.3
2255.1
2284.57627119
2350.05
2400.65
2208.5
2202.2
2305.57627119
2245.35
2355.75
2245.8
2068.35
2308.35
2346.15254237
2292.4
2355.75
2380.8
2268.15
2263.22033898
2450.3
2330.7
2216.6
2190.8
2304.5
2228.6440678
2274.45
2241.9
2224.65
2246.25
2297.54237288
2442.0
2304.4
2338.7
2434.75
2345.69491525
2315.7
2432.45
2358.3
2390.9
2222.03773585
--END OF 7--
607.45
619.2
617.083333333
649.233333333
650.491525424
652.566666667
622.583333333
638.45
619.933333333
650.666666667
655.576271186
650.4
636.8
639.35
632.35
618.6
628.13559322
613.9
650.683333333
613.683333333
630.483333333
628.966666667
634.491525424
652.516666667
648.483333333
607.35
628.75
644.949152542
613.2
658.35
619.75
569.4
638.3
654.881355932
618.983333333
642.65
646.15
622.066666667
616.254237288
674.7
637.233333333
631.616666667
598.216666667
646.233333333
617.338983051
635.1
609.15
625.1
619.2
632.677966102
669.1
633.916666667
655.5
654.016666667
631.881355932
645.5
664.25
624.766666667
648.083333333
602.245283019
--END OF 8--
71.4333333333
69.2166666667
70.3166666667
79.3833333333
76.7457627119
63.6333333333
71.2833333333
63.0
67.1166666667
81.35
74.4745762712
67.35
78.75
76.8
79.45
95.85
87.4745762712
68.2333333333
91.1166666667
65.5
69.5833333333
78.25
74.2372881356
69.35
85.2
76.9833333333
64.4
80.7118644068
81.55
80.45
70.6
63.9
82.95
76.2542372881
68.0
70.6666666667
79.3
61.7
68.0677966102
77.5333333333
62.25
61.05
62.3
64.7833333333
70.6779661017
75.1
73.05
80.4
68.85
81.7966101695
90.65
75.05
69.4833333333
64.8333333333
71.2881355932
90.8333333333
68.5333333333
58.0333333333
78.25
68.3396226415
--END OF 9--
1.56666666667
1.46666666667
2.45
3.95
2.06779661017
1.81666666667
2.05
1.18333333333
1.51666666667
4.53333333333
5.57627118644
3.6
2.75
3.5
4.6
3.65
3.06779661017
2.51666666667
5.05
1.4
2.76666666667
1.95
1.94915254237
2.18333333333
2.55
1.93333333333
2.23333333333
3.94915254237
2.25
3.4
2.95
3.0
2.7
3.16949152542
3.03333333333
2.8
1.7
0.766666666667
3.61016949153
1.96666666667
8.3
3.41666666667
1.13333333333
2.83333333333
2.67796610169
2.6
1.3
1.85
4.3
2.89830508475
2.58333333333
1.41666666667
1.58333333333
2.76666666667
1.10169491525
2.33333333333
3.95
1.63333333333
1.16666666667
1.30188679245
--END OF 10--
0.566666666667
0.433333333333
0.0
0.433333333333
0.338983050847
0.233333333333
0.5
0.5
0.0666666666667
0.45
1.15254237288
0.5
1.35
1.0
0.5
1.0
0.508474576271
0.616666666667
0.883333333333
0.0
0.0
0.266666666667
0.745762711864
0.0
0.5
1.0
0.516666666667
0.491525423729
0.5
1.2
0.8
0.5
0.0
0.135593220339
0.366666666667
1.36666666667
0.633333333333
0.0
0.0
0.116666666667
1.61666666667
0.766666666667
0.0
0.5
0.610169491525
1.1
0.3
0.45
0.55
0.0
0.866666666667
0.0
0.0
0.483333333333
0.525423728814
1.0
1.76666666667
0.233333333333
0.0166666666667
0.0
--END OF 11--
0.0
0.0
0.0
0.433333333333
0.0677966101695
0.0
0.0
0.0
0.0
0.0166666666667
0.64406779661
0.35
0.0
0.5
0.0
0.5
0.508474576271
0.0
0.5
0.0
0.0
0.0
0.0
0.0
0.0
0.0
0.0
0.0
0.0
0.0
0.5
0.0
0.0
0.0
0.0
0.0
0.0
0.0
0.0
0.0
0.0
0.5
0.0
0.5
0.101694915254
0.8
0.1
0.0
0.0
0.0
0.4
0.0
0.0
0.0
0.0
0.0
0.0
0.0
0.0
0.0
--END OF 12--
