10.0666666667
10.0677966102
10.4666666667
10.3
9.81666666667
10.5666666667
9.93333333333
10.8333333333
9.54237288136
9.35
10.25
10.55
9.13333333333
10.7
9.98305084746
10.5666666667
10.4166666667
9.93333333333
9.83333333333
10.3666666667
10.5084745763
9.98333333333
9.95
10.1
10.2
10.6
9.91525423729
9.85
10.75
11.35
11.15
11.0677966102
9.56666666667
10.25
10.5666666667
11.2833333333
10.2666666667
10.5
10.2881355932
10.4666666667
9.95
9.91666666667
9.91666666667
10.7966101695
10.65
10.05
10.1333333333
9.63333333333
9.33333333333
10.5423728814
10.95
10.5
10.05
10.5833333333
11.3666666667
10.1355932203
10.1166666667
11.1333333333
10.4666666667
10.5964912281
--END OF 1--
14.7
14.8474576271
14.2166666667
14.5666666667
13.75
15.35
13.6
15.1833333333
12.6271186441
13.2
13.45
14.45
13.2333333333
14.0
14.1186440678
14.2833333333
14.0166666667
13.8666666667
14.1666666667
15.3
14.6779661017
13.5166666667
13.3
13.75
15.0166666667
15.7
14.4576271186
13.8
15.95
15.65
14.8
15.3728813559
14.0666666667
15.1333333333
14.4333333333
15.0666666667
14.05
16.4333333333
14.5254237288
15.7833333333
15.1833333333
14.9666666667
15.35
15.3220338983
14.55
14.9
14.8333333333
14.2333333333
13.7333333333
14.3050847458
15.1833333333
14.3
14.3
15.0333333333
14.7333333333
14.5762711864
15.1833333333
15.4
14.1333333333
14.3333333333
--END OF 2--
15.1166666667
15.1186440678
14.25
14.8666666667
14.0
16.0166666667
14.55
16.0666666667
13.2881355932
13.5
14.05
15.1
13.8833333333
14.25
14.1186440678
14.6666666667
14.5333333333
14.4166666667
14.6
15.55
15.2711864407
13.6
13.85
13.9166666667
15.25
16.2
15.3728813559
14.85
18.35
16.35
15.8
16.4915254237
14.3
15.3333333333
14.65
15.1666666667
14.65
17.1666666667
14.8474576271
16.6
16.8666666667
15.3666666667
15.85
15.3898305085
15.15
16.0
16.0833333333
14.4333333333
13.7333333333
14.6101694915
15.6166666667
14.4166666667
14.3
16.0666666667
15.3333333333
15.4237288136
16.0166666667
16.1
14.1333333333
14.8421052632
--END OF 3--
10.0666666667
10.0677966102
10.4666666667
10.3
9.81666666667
10.5666666667
9.93333333333
10.8333333333
9.54237288136
9.35
10.25
10.55
9.13333333333
10.7
9.98305084746
10.5666666667
10.4166666667
9.93333333333
9.83333333333
10.3666666667
10.5084745763
9.98333333333
9.95
10.1
10.2
10.6
9.91525423729
9.85
10.75
11.35
11.15
11.0677966102
9.56666666667
10.25
10.5666666667
11.2833333333
10.2666666667
10.5
10.2881355932
10.4666666667
9.95
9.91666666667
9.91666666667
10.7966101695
10.65
10.05
10.1333333333
9.63333333333
9.33333333333
10.5423728814
10.95
10.5
10.05
10.5833333333
11.3666666667
10.1355932203
10.1166666667
11.1333333333
10.4666666667
10.5964912281
--END OF 4--
14.7
14.8474576271
14.2166666667
14.5666666667
13.75
15.35
13.6
15.1833333333
12.6271186441
13.2
13.45
14.45
13.2333333333
14.0
14.1186440678
14.2833333333
14.0166666667
13.8666666667
14.1666666667
15.3
14.6779661017
13.5166666667
13.3
13.75
15.0166666667
15.7
14.4576271186
13.8
15.95
15.65
14.8
15.3728813559
14.0666666667
15.1333333333
14.4333333333
15.0666666667
14.05
16.4333333333
14.5254237288
15.7833333333
15.1833333333
14.9666666667
15.35
15.3220338983
14.55
14.9
14.8333333333
14.2333333333
13.7333333333
14.3050847458
15.1833333333
14.3
14.3
15.0333333333
14.7333333333
14.5762711864
15.1833333333
15.4
14.1333333333
14.3333333333
--END OF 5--
15.1166666667
15.1186440678
14.25
14.8666666667
14.0
16.0166666667
14.55
16.0666666667
13.2881355932
13.5
14.05
15.1
13.8833333333
14.25
14.1186440678
14.6666666667
14.5333333333
14.4166666667
14.6
15.55
15.2711864407
13.6
13.85
13.9166666667
15.25
16.2
15.3728813559
14.85
18.35
16.35
15.8
16.4915254237
14.3
15.3333333333
14.65
15.1666666667
14.65
17.1666666667
14.8474576271
16.6
16.8666666667
15.3666666667
15.85
15.3898305085
15.15
16.0
16.0833333333
14.4333333333
13.7333333333
14.6101694915
15.6166666667
14.4166666667
14.3
16.0666666667
15.3333333333
15.4237288136
16.0166666667
16.1
14.1333333333
14.8421052632
--END OF 6--
2025.85
1979.69491525
1964.3
2064.55
1990.55
2032.5
1996.2
2008.45
1855.06779661
1865.1
1891.35
1968.75
1851.15
1982.4
1978.72881356
1973.8
1962.8
1978.65
1954.35
2138.35
2029.22033898
1935.8
1937.45
1919.15
2043.55
2058.15
1936.42372881
1914.15
2099.85
2117.85
2080.95
2073.86440678
1870.05
2004.65
1949.1
2011.6
2064.9
2136.15
2020.6779661
2058.35
2046.25
2046.3
2000.25
2066.74576271
2055.0
1973.4
2020.35
1979.25
1896.9
2007.45762712
2073.55
1991.75
1998.55
2038.5
2133.25
1982.84745763
2077.25
2109.5
2001.3
2035.10526316
--END OF 7--
553.116666667
552.779661017
560.733333333
578.0
537.966666667
572.066666667
550.133333333
581.116666667
520.389830508
514.85
528.95
564.15
511.95
557.05
551.050847458
560.583333333
549.65
553.916666667
549.55
582.633333333
565.661016949
526.8
543.1
543.533333333
567.266666667
567.683333333
538.711864407
530.65
581.35
593.9
591.0
587.830508475
524.85
562.366666667
550.516666667
584.066666667
582.9
577.666666667
542.305084746
571.3
571.016666667
562.616666667
554.55
574.152542373
570.55
553.0
563.65
540.0
522.75
556.796610169
585.683333333
561.433333333
550.616666667
570.716666667
587.3
563.033898305
574.933333333
591.483333333
555.783333333
569.666666667
--END OF 8--
89.9
87.3728813559
88.4
82.7666666667
81.9666666667
98.6833333333
75.0833333333
88.2333333333
76.593220339
76.9
78.85
91.35
89.55
82.7
85.2711864407
77.3833333333
84.5833333333
83.7
83.0833333333
88.95
86.4406779661
74.95
80.35
73.0
87.1666666667
96.65
103.86440678
82.9
104.65
91.5
79.65
85.593220339
93.2833333333
92.3
88.6166666667
97.4833333333
82.6666666667
104.316666667
84.2711864407
90.3333333333
90.85
90.95
96.2333333333
87.6610169492
90.5
88.1
95.4
91.2
75.6
81.2033898305
94.7666666667
80.0
79.1166666667
80.2333333333
85.4333333333
88.3050847458
93.9333333333
99.25
84.6166666667
88.8771929825
--END OF 9--
4.1
3.62711864407
2.13333333333
3.76666666667
3.65
5.43333333333
3.08333333333
4.33333333333
2.77966101695
4.7
2.1
3.15
3.05
1.95
2.25423728814
4.73333333333
1.96666666667
3.35
2.58333333333
4.25
2.50847457627
1.43333333333
2.01666666667
2.78333333333
3.65
6.21666666667
4.76271186441
5.95
8.1
3.85
3.2
7.69491525424
4.7
5.0
2.78333333333
1.86666666667
1.51666666667
7.95
6.74576271186
6.76666666667
10.1666666667
5.61666666667
7.23333333333
3.98305084746
3.15
6.0
4.75
2.6
2.9
3.25423728814
2.56666666667
1.93333333333
1.03333333333
7.25
2.66666666667
5.52542372881
3.3
4.38333333333
1.46666666667
3.14035087719
--END OF 10--
0.916666666667
0.64406779661
0.0333333333333
0.666666666667
0.833333333333
1.06666666667
0.75
1.2
1.05084745763
0.45
0.85
1.15
0.6
0.4
0.0
0.5
1.0
0.933333333333
0.566666666667
0.183333333333
1.10169491525
0.233333333333
1.0
0.416666666667
0.1
0.983333333333
1.72881355932
2.1
3.15
1.3
1.2
1.57627118644
0.0
0.183333333333
0.4
0.316666666667
0.5
1.05
0.406779661017
1.51666666667
1.96666666667
0.466666666667
0.5
0.101694915254
0.7
1.2
1.35
0.15
0.0
0.508474576271
0.766666666667
0.233333333333
0.0
1.51666666667
1.01666666667
0.864406779661
1.13333333333
0.983333333333
0.0
0.964912280702
--END OF 11--
0.0
0.0
0.0
0.0
0.0
0.5
0.0
0.0
0.0
0.0
0.0
0.0
0.0
0.0
0.0
0.133333333333
0.366666666667
0.0
0.0
0.0
0.0
0.0
0.0
0.0
0.0
0.0
0.0
0.1
0.85
0.3
0.25
0.508474576271
0.0
0.0
0.0
0.0
0.5
0.0
0.0
0.0
1.0
0.4
0.0
0.0
0.0
0.5
0.0
0.0
0.0
0.0
0.0
0.0
0.0
0.0
0.0333333333333
0.474576271186
0.5
0.0
0.0
0.0
--END OF 12--
