6.41666666667
5.96666666667
6.75
6.78333333333
6.35593220339
6.23333333333
5.96666666667
5.58333333333
6.91666666667
6.48333333333
6.06779661017
5.88333333333
6.3
6.55
6.48333333333
6.95
6.61016949153
6.28333333333
7.06666666667
6.45
6.63333333333
6.88333333333
6.76271186441
6.7
6.55
6.36666666667
5.68333333333
6.03333333333
6.0
6.1
6.45
6.3
7.28333333333
6.57627118644
7.2
6.33333333333
6.6
6.66666666667
6.31666666667
6.50847457627
5.95
5.95
5.31666666667
6.43333333333
6.98333333333
7.22033898305
7.38333333333
7.3
8.9
8.55
8.63333333333
8.32203389831
9.3
9.35
9.85
10.1
9.61666666667
9.27118644068
10.15
6.64912280702
--END OF 1--
8.9
8.83333333333
8.5
9.41666666667
8.27118644068
9.08333333333
8.26666666667
7.98333333333
8.91666666667
8.95
9.1186440678
7.78333333333
7.65
9.05
9.38333333333
9.15
8.89830508475
9.28333333333
9.58333333333
8.35
8.93333333333
9.61666666667
9.03389830508
8.9
9.75
8.7
8.96666666667
8.08333333333
9.20338983051
9.55
8.5
8.6
9.43333333333
9.54237288136
10.1
9.4
9.21666666667
8.85
8.71666666667
8.49152542373
8.8
8.3
7.93333333333
8.33333333333
9.21666666667
9.98305084746
10.3333333333
10.45
11.25
11.8
12.4333333333
12.3559322034
12.7333333333
13.05
13.5833333333
13.5
12.9333333333
12.813559322
13.6166666667
8.80701754386
--END OF 2--
9.1
9.18333333333
8.75
9.41666666667
8.62711864407
9.93333333333
9.01666666667
8.66666666667
9.5
9.08333333333
9.1186440678
7.93333333333
8.25
9.4
9.98333333333
9.25
9.38983050847
10.6833333333
10.7833333333
8.81666666667
9.08333333333
10.3166666667
9.79661016949
9.51666666667
10.0833333333
8.7
9.76666666667
8.45
10.2033898305
10.1
9.3
8.95
9.61666666667
9.84745762712
11.2166666667
9.6
9.21666666667
9.03333333333
9.16666666667
8.76271186441
9.75
8.3
7.93333333333
8.33333333333
9.71666666667
10.2372881356
11.0333333333
10.5
11.7
12.0
13.0833333333
13.1525423729
13.4833333333
13.3666666667
13.8333333333
13.7833333333
14.1333333333
13.406779661
13.7
8.80701754386
--END OF 3--
6.41666666667
5.96666666667
6.75
6.78333333333
6.35593220339
6.23333333333
5.96666666667
5.58333333333
6.91666666667
6.48333333333
6.06779661017
5.88333333333
6.3
6.55
6.48333333333
6.95
6.61016949153
6.28333333333
7.06666666667
6.45
6.63333333333
6.88333333333
6.76271186441
6.7
6.55
6.36666666667
5.68333333333
6.03333333333
6.0
6.1
6.45
6.3
7.28333333333
6.57627118644
7.2
6.33333333333
6.6
6.66666666667
6.31666666667
6.50847457627
5.95
5.95
5.31666666667
6.43333333333
6.98333333333
7.22033898305
7.38333333333
7.3
8.9
8.55
8.63333333333
8.32203389831
9.3
9.35
9.85
10.1
9.61666666667
9.27118644068
10.15
6.64912280702
--END OF 4--
8.9
8.83333333333
8.5
9.41666666667
8.27118644068
9.08333333333
8.26666666667
7.98333333333
8.91666666667
8.95
9.1186440678
7.78333333333
7.65
9.05
9.38333333333
9.15
8.89830508475
9.28333333333
9.58333333333
8.35
8.93333333333
9.61666666667
9.03389830508
8.9
9.75
8.7
8.96666666667
8.08333333333
9.20338983051
9.55
8.5
8.6
9.43333333333
9.54237288136
10.1
9.4
9.21666666667
8.85
8.71666666667
8.49152542373
8.8
8.3
7.93333333333
8.33333333333
9.21666666667
9.98305084746
10.3333333333
10.45
11.25
11.8
12.4333333333
12.3559322034
12.7333333333
13.05
13.5833333333
13.5
12.9333333333
12.813559322
13.6166666667
8.80701754386
--END OF 5--
9.1
9.18333333333
8.75
9.41666666667
8.62711864407
9.93333333333
9.01666666667
8.66666666667
9.5
9.08333333333
9.1186440678
7.93333333333
8.25
9.4
9.98333333333
9.25
9.38983050847
10.6833333333
10.7833333333
8.81666666667
9.08333333333
10.3166666667
9.79661016949
9.51666666667
10.0833333333
8.7
9.76666666667
8.45
10.2033898305
10.1
9.3
8.95
9.61666666667
9.84745762712
11.2166666667
9.6
9.21666666667
9.03333333333
9.16666666667
8.76271186441
9.75
8.3
7.93333333333
8.33333333333
9.71666666667
10.2372881356
11.0333333333
10.5
11.7
12.0
13.0833333333
13.1525423729
13.4833333333
13.3666666667
13.8333333333
13.7833333333
14.1333333333
13.406779661
13.7
8.80701754386
--END OF 6--
1344.15
1313.9
1365.8
1340.2
1310.69491525
1223.65
1248.1
1215.55
1334.15
1357.25
1337.69491525
1256.4
1242.45
1369.35
1340.7
1320.0
1299.25423729
1304.1
1452.3
1307.3
1318.15
1401.2
1430.33898305
1377.8
1356.85
1231.25
1251.7
1272.1
1277.38983051
1218.3
1242.6
1325.1
1387.5
1353.15254237
1426.5
1366.1
1413.35
1375.7
1287.7
1227.96610169
1289.35
1255.2
1229.0
1315.35
1382.15
1451.49152542
1508.4
1563.75
1643.7
1622.1
1688.25
1702.77966102
1874.1
1840.9
1881.0
1847.2
1900.95
1885.93220339
1982.1
1343.52631579
--END OF 7--
374.85
380.766666667
384.65
370.9
374.118644068
348.7
348.916666667
333.75
372.833333333
368.95
378.559322034
349.7
341.45
394.9
372.8
382.85
364.423728814
362.983333333
397.333333333
356.75
368.666666667
395.5
390.644067797
373.033333333
381.75
364.266666667
350.033333333
358.583333333
362.762711864
365.75
351.4
361.6
399.2
379.576271186
403.516666667
372.9
384.266666667
381.533333333
356.95
350.440677966
349.566666667
359.95
346.133333333
364.3
394.65
404.271186441
412.45
431.7
471.6
465.85
485.2
476.508474576
502.166666667
515.0
525.483333333
522.233333333
518.316666667
522.610169492
548.533333333
375.421052632
--END OF 8--
52.85
50.6333333333
43.25
56.9666666667
40.3220338983
56.0166666667
44.45
50.1333333333
46.85
57.5333333333
57.5084745763
37.75
36.6
44.3
59.1
44.85
51.5423728814
65.4166666667
55.9833333333
48.45
48.0
58.3
48.6779661017
44.2833333333
57.5666666667
52.9166666667
55.6333333333
47.85
58.5762711864
67.8
45.9
44.35
54.45
58.3898305085
61.5333333333
52.9833333333
50.75
48.8166666667
44.0333333333
47.2711864407
51.5166666667
44.35
51.8833333333
46.8166666667
49.6833333333
61.7966101695
56.1
60.3
62.7
68.2
79.9
68.7966101695
71.6833333333
78.9
77.5666666667
73.05
77.35
83.8644067797
75.3666666667
50.1754385965
--END OF 9--
2.16666666667
3.8
1.41666666667
1.66666666667
2.06779661017
4.38333333333
3.31666666667
2.35
2.91666666667
1.5
2.4406779661
1.4
1.8
2.45
3.95
2.8
2.50847457627
4.1
4.01666666667
1.9
1.33333333333
2.53333333333
3.13559322034
3.01666666667
3.7
0.216666666667
4.36666666667
1.95
5.10169491525
3.8
2.9
2.05
1.98333333333
1.50847457627
4.35
3.36666666667
0.966666666667
0.4
2.9
1.64406779661
4.61666666667
1.05
0.933333333333
1.05
2.13333333333
2.77966101695
3.9
2.8
1.6
3.25
3.1
4.06779661017
3.16666666667
2.6
4.05
3.46666666667
3.65
2.74576271186
2.05
0.333333333333
--END OF 10--
0.0
0.533333333333
0.466666666667
0.0
0.474576271186
1.53333333333
1.5
0.633333333333
0.583333333333
0.283333333333
0.0
0.0
0.4
0.5
1.0
0.1
0.508474576271
1.91666666667
2.26666666667
0.816666666667
0.483333333333
1.15
1.38983050847
1.0
0.0
0.0
1.21666666667
0.5
1.20338983051
1.05
1.55
0.75
0.283333333333
0.372881355932
2.26666666667
0.483333333333
0.0166666666667
0.233333333333
0.9
0.491525423729
1.38333333333
0.0
0.0
0.0
0.5
0.254237288136
0.7
0.05
0.5
0.0
1.0
1.20338983051
1.3
0.516666666667
0.5
0.266666666667
1.8
0.71186440678
0.233333333333
0.0
--END OF 11--
0.0
0.0
0.0
0.0
0.474576271186
0.533333333333
0.5
0.266666666667
0.45
0.283333333333
0.0
0.0
0.0
0.0
0.0
0.0
0.0
0.283333333333
0.216666666667
0.5
0.0
0.0
0.508474576271
0.5
0.0
0.0
0.0
0.0
0.457627118644
0.05
0.0
0.0
0.0333333333333
0.372881355932
0.266666666667
0.0
0.0
0.0
0.0
0.0
1.0
0.0
0.0
0.0
0.0
0.0
0.45
0.05
0.0
0.0
0.0
0.508474576271
0.0
0.0
0.0
0.0
0.0
0.0
0.0
0.0
--END OF 12--
