24.35
23.6166666667
23.9830508475
21.8666666667
23.1333333333
24.55
22.4666666667
24.8166666667
25.0847457627
24.2666666667
24.2
23.65
24.6
23.4666666667
23.3559322034
24.5666666667
22.7
23.9
21.8333333333
22.7166666667
22.4406779661
24.45
23.25
24.15
22.75
22.3559322034
23.4333333333
23.9666666667
22.45
24.75
21.6
23.2033898305
24.2333333333
23.1
22.35
23.1833333333
21.4406779661
22.7833333333
22.5
24.6833333333
24.25
24.1166666667
23.5762711864
23.8166666667
24.25
23.8333333333
22.45
23.3
23.3050847458
22.5166666667
23.25
24.1166666667
22.3166666667
22.4406779661
24.25
24.15
23.45
23.2
22.75
23.7543859649
--END OF 1--
36.0333333333
34.4833333333
35.9830508475
33.3
34.0166666667
35.3
33.4166666667
36.1666666667
36.6440677966
36.3
36.2
36.6166666667
35.8666666667
33.45
36.3898305085
36.1
32.0666666667
34.1666666667
34.5
35.3166666667
33.6440677966
35.4333333333
33.0
35.7
32.25
33.6610169492
37.55
36.3333333333
33.5333333333
36.5166666667
32.75
33.8305084746
35.7666666667
35.3333333333
34.15
35.4333333333
32.8305084746
34.3
33.3833333333
37.4
36.3666666667
36.55
35.8305084746
35.7333333333
35.2166666667
34.8333333333
34.1666666667
34.7166666667
34.406779661
34.6333333333
35.4666666667
36.7666666667
31.4333333333
35.813559322
35.6666666667
36.3333333333
35.5166666667
34.3333333333
32.9833333333
35.4912280702
--END OF 2--
37.05
37.5
36.7457627119
35.1166666667
35.0833333333
36.55
34.1666666667
38.7166666667
38.5593220339
37.0666666667
36.9833333333
36.9666666667
37.65
34.8333333333
37.6271186441
37.3666666667
32.95
36.6333333333
36.1333333333
35.6833333333
34.0508474576
37.95
33.5
36.65
34.05
36.6610169492
39.4333333333
37.9666666667
34.8
37.8166666667
33.9
35.0
36.5
36.1166666667
35.1833333333
36.9333333333
34.4915254237
36.0666666667
34.0666666667
38.7166666667
38.0666666667
38.9
37.5593220339
36.5666666667
36.15
35.35
35.5166666667
35.1166666667
37.4406779661
35.4
37.6
37.6166666667
31.9
37.3220338983
37.0166666667
37.5333333333
36.5833333333
36.1
34.55
36.8771929825
--END OF 3--
22.5166666667
21.9833333333
22.2542372881
20.9166666667
21.55
22.55
21.25
22.5666666667
22.6949152542
22.35
22.4
21.85
22.6
21.95
21.9661016949
22.5166666667
21.5166666667
22.2
20.8833333333
21.65
21.3898305085
22.2666666667
21.95
22.35
21.4
21.2542372881
21.8
22.1666666667
21.1666666667
22.6666666667
20.65
21.6949152542
22.25
21.7333333333
20.9666666667
21.75
20.6610169492
21.3833333333
21.2333333333
22.4166666667
22.1166666667
22.1833333333
21.9322033898
21.8833333333
22.1
22.05
21.2666666667
21.6166666667
21.6779661017
21.0666666667
21.8333333333
22.1333333333
21.0166666667
21.0338983051
21.9666666667
22.3666666667
21.95
21.6666666667
21.6333333333
22.1929824561
--END OF 4--
33.3833333333
32.4666666667
33.2542372881
31.7
32.1833333333
32.9
31.6666666667
33.3666666667
33.6610169492
33.55
33.4166666667
33.6333333333
33.3333333333
31.85
33.593220339
33.4166666667
31.0
32.2
32.5666666667
33.0833333333
31.9661016949
33.1166666667
31.65
33.3
31.25
32.0338983051
34.3333333333
33.4
31.7666666667
33.75
31.3666666667
32.2033898305
33.2
32.9
32.2
33.0
31.5084745763
32.4833333333
31.7833333333
34.1666666667
33.5333333333
33.6333333333
33.0847457627
32.9833333333
32.75
32.5333333333
32.2166666667
32.4833333333
32.3728813559
32.3166666667
32.8666666667
33.85
30.5833333333
33.0338983051
33.0166666667
33.6
33.0666666667
32.1166666667
31.4333333333
33.1578947368
--END OF 5--
37.05
37.5
36.7457627119
35.1166666667
35.0833333333
36.55
34.1666666667
38.7166666667
38.5593220339
37.0666666667
36.9833333333
36.9666666667
37.65
34.8333333333
37.6271186441
37.3666666667
32.95
36.6333333333
36.1333333333
35.6833333333
34.0508474576
37.95
33.5
36.65
34.05
36.6610169492
39.4333333333
37.9666666667
34.8
37.8166666667
33.9
35.0
36.5
36.1166666667
35.1833333333
36.9333333333
34.4915254237
36.0666666667
34.0666666667
38.7166666667
38.0666666667
38.9
37.5593220339
36.5666666667
36.15
35.35
35.5166666667
35.1166666667
37.4406779661
35.4
37.6
37.6166666667
31.9
37.3220338983
37.0166666667
37.5333333333
36.5833333333
36.1
34.55
36.8771929825
--END OF 6--
4534.85
4280.85
4425.25423729
4179.35
4247.8
4443.75
4171.8
4626.0
4609.52542373
4456.6
4433.0
4309.0
4418.65
4288.65
4466.18644068
4554.85
4201.7
4241.65
4147.55
4236.2
4230.71186441
4513.85
4310.1
4453.95
4255.2
4263.91525424
4345.15
4458.95
4342.05
4548.3
3940.9
4191.20338983
4425.95
4291.5
4130.25
4336.6
4009.16949153
4252.8
4132.3
4602.2
4467.9
4452.15
4357.16949153
4520.75
4478.75
4496.8
4131.35
4254.3
4291.72881356
4328.55
4386.4
4543.2
4092.3
4417.62711864
4601.05
4457.1
4375.55
4421.35
4182.65
4397.36842105
--END OF 7--
1267.01666667
1211.31666667
1243.84745763
1175.26666667
1216.63333333
1253.4
1173.65
1299.6
1304.01694915
1254.95
1265.51666667
1228.66666667
1247.66666667
1195.23333333
1250.15254237
1271.18333333
1178.13333333
1207.26666667
1170.46666667
1198.31666667
1183.59322034
1274.0
1203.55
1241.2
1177.85
1177.83050847
1231.11666667
1261.56666667
1204.55
1275.91666667
1124.73333333
1198.05084746
1256.41666667
1208.68333333
1178.46666667
1218.2
1134.16949153
1179.21666667
1166.58333333
1294.91666667
1263.83333333
1258.8
1242.59322034
1276.58333333
1266.95
1262.18333333
1176.98333333
1210.7
1203.98305085
1222.01666667
1225.75
1287.21666667
1134.93333333
1226.25423729
1286.0
1261.86666667
1235.3
1227.03333333
1164.0
1247.42105263
--END OF 8--
230.5
211.35
231.101694915
222.3
210.8
207.0
208.533333333
228.3
231.016949153
238.716666667
223.85
228.883333333
211.5
201.466666667
231.983050847
230.333333333
194.333333333
219.6
229.75
232.316666667
218.915254237
231.866666667
191.75
213.65
195.85
218.050847458
255.583333333
241.083333333
217.166666667
235.0
223.1
207.559322034
214.383333333
224.783333333
214.516666667
238.5
228.084745763
225.516666667
210.183333333
251.133333333
240.616666667
240.533333333
238.016949153
232.266666667
225.1
208.6
220.183333333
222.183333333
228.728813559
236.916666667
242.7
236.033333333
189.216666667
225.06779661
232.1
239.15
238.083333333
220.616666667
207.033333333
237.842105263
--END OF 9--
9.75
13.35
10.2881355932
9.28333333333
10.3333333333
13.9
10.25
10.15
11.8813559322
9.15
11.6
13.85
14.5833333333
9.08333333333
14.8983050847
10.5166666667
9.46666666667
10.6
12.95
10.05
9.42372881356
11.8833333333
6.0
12.9
9.1
15.3728813559
17.9833333333
11.7833333333
9.8
9.83333333333
7.43333333333
8.66101694915
14.3333333333
11.85
14.4666666667
11.75
9.25423728814
12.5333333333
9.35
9.93333333333
9.48333333333
11.4166666667
12.2372881356
6.8
6.71666666667
5.16666666667
13.0666666667
8.53333333333
13.4406779661
8.35
14.6666666667
7.85
9.8
18.5762711864
11.7
8.93333333333
8.68333333333
10.4666666667
11.0333333333
10.350877193
--END OF 10--
1.01666666667
4.43333333333
0.949152542373
2.55
1.23333333333
1.6
0.766666666667
3.55
2.67796610169
1.16666666667
1.53333333333
0.766666666667
2.23333333333
2.48333333333
1.98305084746
2.21666666667
1.5
3.38333333333
2.56666666667
0.35
0.203389830508
3.81666666667
0.3
1.1
2.2
3.38983050847
2.9
2.11666666667
1.1
1.55
1.51666666667
1.59322033898
1.25
1.16666666667
1.11666666667
2.25
2.13559322034
2.45
0.833333333333
1.75
2.71666666667
4.26666666667
2.77966101695
1.31666666667
1.51666666667
0.916666666667
1.96666666667
0.166666666667
4.10169491525
1.0
2.26666666667
0.566666666667
0.283333333333
2.91525423729
1.48333333333
0.816666666667
1.36666666667
2.78333333333
2.23333333333
1.78947368421
--END OF 11--
0.266666666667
1.43333333333
0.0
0.233333333333
0.15
0.0
0.2
0.5
0.237288135593
0.2
0.0
0.333333333333
0.0
0.0
0.881355932203
0.0
0.466666666667
0.0333333333333
0.233333333333
0.183333333333
0.0847457627119
0.566666666667
0.3
0.5
1.0
0.169491525424
0.283333333333
0.25
0.466666666667
0.283333333333
0.15
0.271186440678
0.233333333333
0.0
0.0
0.0
0.203389830508
0.5
0.0833333333333
0.483333333333
0.433333333333
0.466666666667
0.508474576271
0.0
0.0
0.0
0.0
0.0
0.847457627119
0.0
1.1
0.3
0.0
0.0
0.0
0.0
0.633333333333
0.333333333333
0.4
0.0
--END OF 12--
