18.35
17.45
17.6271186441
17.5666666667
17.2
17.2
17.15
17.8
17.1016949153
16.6666666667
16.2166666667
15.5166666667
15.7666666667
16.2711864407
16.1666666667
14.8833333333
15.2666666667
15.1666666667
15.4406779661
15.0666666667
14.7
14.25
11.9833333333
14.186440678
14.1666666667
14.4833333333
13.45
12.6
13.1166666667
14.4237288136
13.5833333333
14.55
15.4
16.5
14.5593220339
15.25
15.3
13.95
15.3
15.5762711864
15.95
16.4666666667
15.3333333333
15.2666666667
15.8666666667
15.2372881356
15.6
14.9333333333
15.9333333333
16.85
16.5254237288
15.8
15.7166666667
16.6
17.3666666667
15.3050847458
16.3833333333
15.1833333333
14.8833333333
20.7333333333
--END OF 1--
28.15
25.6
26.7288135593
24.9
25.75
24.1333333333
23.8666666667
25.0333333333
25.2033898305
24.8166666667
23.0666666667
21.9
22.55
23.6610169492
23.1666666667
20.8333333333
21.6666666667
22.3666666667
21.813559322
21.4
21.4166666667
19.0666666667
16.4666666667
19.6949152542
19.9666666667
19.6833333333
18.9666666667
17.1666666667
18.4333333333
20.2203389831
20.9333333333
19.95
20.9
21.2
20.1355932203
20.6833333333
22.1
20.85
21.4833333333
22.593220339
23.25
23.3166666667
20.1666666667
22.8666666667
22.5666666667
22.2033898305
22.7
22.5166666667
22.3333333333
24.3333333333
23.5084745763
21.7
22.5833333333
24.1
25.1333333333
21.0847457627
23.65
22.2833333333
22.0166666667
30.8833333333
--END OF 2--
28.85
27.7
28.3389830508
26.7833333333
26.4833333333
24.3166666667
24.45
27.2333333333
26.9661016949
25.95
24.7166666667
22.8
24.1666666667
26.1186440678
23.8666666667
22.2333333333
22.1666666667
23.2333333333
22.8305084746
21.9166666667
22.1666666667
20.2666666667
16.9833333333
20.2881355932
20.8166666667
21.6
20.5666666667
18.3
18.8333333333
20.7796610169
22.6333333333
20.95
21.45
22.15
20.3389830508
21.7833333333
24.4166666667
22.3666666667
22.3166666667
23.3728813559
23.8833333333
24.4
21.2
24.1166666667
22.8833333333
22.406779661
23.0666666667
22.85
22.8333333333
25.4333333333
23.8983050847
22.85
23.7166666667
25.4833333333
27.1166666667
22.186440678
24.1
23.0166666667
23.15
32.25
--END OF 3--
18.25
17.45
17.6271186441
17.5166666667
17.2
17.2
17.15
17.8
17.1016949153
16.6666666667
16.2166666667
15.5166666667
15.7666666667
16.2711864407
16.1666666667
14.8833333333
15.2666666667
15.1666666667
15.4406779661
15.0666666667
14.7
14.25
11.9833333333
14.186440678
14.1666666667
14.4833333333
13.45
12.6
13.1166666667
14.4237288136
13.5833333333
14.55
15.4
16.5
14.5593220339
15.25
15.3
13.95
15.3
15.5762711864
15.95
16.4666666667
15.3333333333
15.2666666667
15.8666666667
15.2372881356
15.6
14.9333333333
15.9333333333
16.85
16.5254237288
15.8
15.7166666667
16.6
17.3666666667
15.3050847458
16.3833333333
15.1833333333
14.8833333333
20.1333333333
--END OF 4--
28.1
25.6
26.7288135593
24.9
25.75
24.1333333333
23.8666666667
25.0333333333
25.2033898305
24.8166666667
23.0666666667
21.9
22.55
23.6610169492
23.1666666667
20.8333333333
21.6666666667
22.3666666667
21.813559322
21.4
21.4166666667
19.0666666667
16.4666666667
19.6949152542
19.9666666667
19.6833333333
18.9666666667
17.1666666667
18.4333333333
20.2203389831
20.9333333333
19.95
20.9
21.2
20.1355932203
20.6833333333
22.1
20.85
21.4833333333
22.593220339
23.25
23.3166666667
20.1666666667
22.8666666667
22.5666666667
22.2033898305
22.7
22.5166666667
22.3333333333
24.3333333333
23.5084745763
21.7
22.5833333333
24.1
25.1333333333
21.0847457627
23.65
22.2833333333
22.0166666667
30.3833333333
--END OF 5--
28.85
27.7
28.3389830508
26.7833333333
26.4833333333
24.3166666667
24.45
27.2333333333
26.9661016949
25.95
24.7166666667
22.8
24.1666666667
26.1186440678
23.8666666667
22.2333333333
22.1666666667
23.2333333333
22.8305084746
21.9166666667
22.1666666667
20.2666666667
16.9833333333
20.2881355932
20.8166666667
21.6
20.5666666667
18.3
18.8333333333
20.7796610169
22.6333333333
20.95
21.45
22.15
20.3389830508
21.7833333333
24.4166666667
22.3666666667
22.3166666667
23.3728813559
23.8833333333
24.4
21.2
24.1166666667
22.8833333333
22.406779661
23.0666666667
22.85
22.8333333333
25.4333333333
23.8983050847
22.85
23.7166666667
25.4833333333
27.1166666667
22.186440678
24.1
23.0166666667
23.15
32.25
--END OF 6--
3667.95
3488.25
3439.6779661
3443.25
3258.7
3369.9
3246.5
3452.4
3301.98305085
3148.95
3072.3
3002.4
3009.65
3092.94915254
3153.75
2960.25
3006.9
2979.55
3042.96610169
2816.75
2985.05
2757.35
2373.35
2724.50847458
2619.1
2652.35
2585.9
2418.3
2635.7
2738.44067797
2784.9
2722.65
2827.65
2947.35
2751.66101695
2893.1
2958.25
2751.6
2940.8
3012.20338983
3068.1
3164.8
3008.4
3048.35
3013.2
2937.40677966
2950.9
2910.2
2989.35
3259.85
3094.01694915
2941.55
3032.9
3102.9
3328.65
3017.08474576
3093.95
2924.55
2885.8
3777.65
--END OF 7--
1021.5
969.1
954.86440678
951.833333333
916.933333333
942.666666667
921.283333333
967.85
918.06779661
886.15
853.916666667
843.766666667
851.6
878.271186441
872.016666667
806.4
837.65
823.85
831.355932203
796.916666667
814.383333333
756.033333333
671.283333333
754.118644068
750.733333333
760.566666667
739.416666667
674.166666667
730.466666667
764.677966102
772.9
766.65
801.45
826.4
761.305084746
804.716666667
822.266666667
770.0
809.316666667
822.677966102
862.433333333
874.733333333
827.766666667
851.083333333
844.35
812.813559322
820.516666667
822.7
835.816666667
894.05
873.508474576
824.6
852.35
859.45
919.783333333
827.271186441
864.75
813.516666667
797.85
1062.66666667
--END OF 8--
175.35
168.9
174.288135593
155.25
162.066666667
137.033333333
139.533333333
147.566666667
158.203389831
149.6
139.166666667
135.0
134.083333333
139.898305085
141.35
129.65
124.55
139.4
129.203389831
119.516666667
124.683333333
115.633333333
92.4
110.745762712
120.866666667
111.883333333
112.066666667
97.75
104.583333333
116.237288136
138.8
111.55
118.55
131.9
116.915254237
120.75
147.033333333
140.533333333
130.633333333
137.542372881
137.566666667
149.2
104.266666667
143.5
122.7
126.440677966
137.966666667
138.283333333
137.716666667
148.566666667
139.440677966
119.283333333
140.666666667
155.25
146.7
122.423728814
136.783333333
137.883333333
127.65
185.75
--END OF 9--
10.3
6.95
12.4237288136
6.5
6.41666666667
4.66666666667
4.0
7.35
9.10169491525
10.55
8.71666666667
5.51666666667
7.23333333333
11.5762711864
7.7
7.35
5.15
9.18333333333
5.64406779661
6.58333333333
7.26666666667
4.43333333333
4.53333333333
6.72881355932
6.08333333333
5.06666666667
5.75
4.28333333333
5.8
6.25423728814
9.15
4.2
6.5
3.55
5.79661016949
2.65
10.3666666667
7.1
4.93333333333
7.25423728814
5.9
4.43333333333
4.38333333333
7.46666666667
8.18333333333
6.98305084746
4.86666666667
5.38333333333
4.18333333333
5.63333333333
7.08474576271
6.06666666667
5.95
9.03333333333
10.9166666667
7.42372881356
5.23333333333
6.7
7.73333333333
11.5333333333
--END OF 10--
0.8
3.35
2.61016949153
2.63333333333
0.55
0.0333333333333
0.866666666667
3.78333333333
2.93220338983
1.75
2.58333333333
1.0
2.23333333333
2.57627118644
0.7
2.1
0.9
1.4
1.72881355932
0.516666666667
1.21666666667
1.93333333333
0.733333333333
0.847457627119
0.683333333333
2.23333333333
1.78333333333
1.76666666667
0.5
0.305084745763
1.9
1.75
0.9
0.65
0.508474576271
1.38333333333
2.83333333333
1.8
0.433333333333
0.898305084746
0.95
1.8
1.01666666667
1.81666666667
0.4
0.474576271186
0.416666666667
0.583333333333
0.766666666667
1.9
0.593220338983
1.5
1.45
2.06666666667
2.88333333333
1.35593220339
0.516666666667
0.916666666667
1.88333333333
1.78333333333
--END OF 11--
0.3
0.7
0.593220338983
1.3
0.116666666667
0.0
0.0
0.166666666667
0.694915254237
0.516666666667
0.0
0.0
0.533333333333
0.508474576271
0.0
0.5
0.0
0.2
0.305084745763
0.0
0.0
0.5
0.0
0.0
0.0666666666667
1.35
0.3
0.25
0.0
0.305084745763
0.2
0.5
0.05
0.45
0.0
0.333333333333
0.616666666667
0.1
0.0
0.627118644068
0.433333333333
0.183333333333
0.25
0.333333333333
0.366666666667
0.0508474576271
0.266666666667
0.0
0.15
0.0
0.0
0.933333333333
0.7
0.6
0.0
0.440677966102
0.0
0.166666666667
0.0
0.283333333333
--END OF 12--
