19.55
20.25
19.4166666667
19.6333333333
19.8666666667
20.5
19.2372881356
18.95
20.0
20.3833333333
20.2
19.2166666667
18.3389830508
19.6
20.2833333333
20.1
19.8166666667
20.4
21.2711864407
20.2833333333
20.6833333333
19.95
19.3333333333
19.5166666667
18.8983050847
18.7166666667
20.3833333333
20.4833333333
20.1
20.1
19.6440677966
18.3833333333
18.0333333333
19.3
20.3333333333
18.9152542373
18.8666666667
19.8666666667
18.8333333333
18.1166666667
19.2166666667
18.7288135593
19.4833333333
19.8333333333
18.6333333333
18.2833333333
19.6610169492
18.4833333333
18.45
19.5833333333
18.3
18.8666666667
19.186440678
18.6
19.15
19.1333333333
19.2166666667
19.1333333333
18.3898305085
20.1403508772
--END OF 1--
26.4166666667
28.9166666667
25.4666666667
26.9666666667
27.1333333333
26.3833333333
24.7118644068
26.05
27.0666666667
28.05
26.5
25.9
26.0338983051
25.3
26.5
26.6166666667
25.2833333333
27.4
28.9491525424
27.0
28.2166666667
27.2833333333
27.1666666667
25.0
23.3898305085
25.8666666667
25.9833333333
26.95
25.75
26.7833333333
25.6949152542
25.4333333333
24.8
25.2
25.15
25.1355932203
25.5
26.5666666667
26.1166666667
23.35
25.5833333333
25.2033898305
25.5333333333
27.3833333333
25.35
24.9333333333
27.1016949153
25.2833333333
24.25
25.0666666667
24.5
25.2666666667
26.0508474576
24.8833333333
26.15
26.2833333333
25.25
25.85
25.5762711864
26.8771929825
--END OF 2--
27.5333333333
30.05
25.7666666667
27.8166666667
28.05
27.8166666667
25.3050847458
26.25
27.45
28.2666666667
27.2166666667
26.4166666667
26.9322033898
26.1
26.9666666667
26.6166666667
25.5333333333
28.1
29.0508474576
27.05
28.7333333333
27.2833333333
27.8333333333
25.4833333333
23.7457627119
26.8166666667
26.0833333333
27.7166666667
26.6
28.1333333333
27.0
26.2
26.2333333333
26.05
25.75
25.8983050847
26.0166666667
26.95
26.85
24.5666666667
25.9333333333
26.0677966102
26.1833333333
28.3333333333
26.0666666667
25.3333333333
28.2372881356
25.7
24.65
25.7
25.1333333333
25.9166666667
26.0677966102
25.35
26.9833333333
27.1333333333
26.15
26.1333333333
26.7457627119
27.9298245614
--END OF 3--
19.45
19.7833333333
19.4
19.55
19.7666666667
19.85
19.2372881356
18.85
19.45
19.9666666667
19.75
19.0833333333
18.2542372881
19.35
19.7833333333
19.65
19.6
19.75
20.2881355932
19.9333333333
20.0666666667
19.7666666667
19.2333333333
19.4166666667
18.8983050847
18.6166666667
19.8833333333
19.6666666667
19.55
19.8666666667
19.6440677966
18.3833333333
18.0333333333
19.1166666667
19.6333333333
18.6440677966
18.8166666667
19.7166666667
18.8333333333
18.1166666667
19.2166666667
18.7288135593
19.2333333333
19.5833333333
18.6333333333
18.2833333333
19.4745762712
18.4833333333
18.45
19.3833333333
18.3
18.8666666667
19.1186440678
18.4166666667
19.1
19.1333333333
19.05
18.8
18.3898305085
19.7719298246
--END OF 4--
26.4166666667
28.65
25.4666666667
26.9666666667
27.1333333333
26.3833333333
24.7118644068
26.05
27.05
28.05
26.5
25.9
26.0338983051
25.3
26.5
26.6166666667
25.2833333333
27.4
28.9491525424
27.0
28.2166666667
27.2833333333
27.1666666667
25.0
23.3898305085
25.8666666667
25.9833333333
26.95
25.75
26.7833333333
25.6949152542
25.4333333333
24.8
25.2
25.15
25.1355932203
25.5
26.5666666667
26.1166666667
23.35
25.5833333333
25.2033898305
25.5333333333
27.3833333333
25.35
24.9333333333
27.1016949153
25.2833333333
24.25
25.0666666667
24.5
25.2666666667
26.0508474576
24.8833333333
26.15
26.2833333333
25.25
25.85
25.5762711864
26.8771929825
--END OF 5--
27.5333333333
30.05
25.7666666667
27.8166666667
28.05
27.8166666667
25.3050847458
26.25
27.45
28.2666666667
27.2166666667
26.4166666667
26.9322033898
26.1
26.9666666667
26.6166666667
25.5333333333
28.1
29.0508474576
27.05
28.7333333333
27.2833333333
27.8333333333
25.4833333333
23.7457627119
26.8166666667
26.0833333333
27.7166666667
26.6
28.1333333333
27.0
26.2
26.2333333333
26.05
25.75
25.8983050847
26.0166666667
26.95
26.85
24.5666666667
25.9333333333
26.0677966102
26.1833333333
28.3333333333
26.0666666667
25.3333333333
28.2372881356
25.7
24.65
25.7
25.1333333333
25.9166666667
26.0677966102
25.35
26.9833333333
27.1333333333
26.15
26.1333333333
26.7457627119
27.9298245614
--END OF 6--
3635.05
3844.85
3680.35
3718.35
3675.3
3733.4
3582.61016949
3589.3
3803.8
3809.2
3755.75
3609.35
3547.93220339
3710.55
3772.35
3654.75
3589.4
3844.65
3841.52542373
3756.8
3777.0
3654.4
3563.6
3507.05
3419.38983051
3516.0
3701.55
3821.65
3753.0
3705.2
3608.33898305
3483.0
3489.45
3694.1
3819.5
3587.18644068
3541.15
3613.35
3579.1
3486.75
3731.7
3474.0
3702.9
3756.0
3568.55
3479.4
3683.84745763
3387.3
3479.2
3498.65
3413.35
3511.25
3574.3220339
3527.3
3455.5
3407.2
3569.45
3541.5
3484.01694915
3724.68421053
--END OF 7--
997.366666667
1064.63333333
988.6
1002.45
1021.31666667
1046.88333333
990.016949153
1005.56666667
1069.95
1053.4
1031.75
1007.55
1002.71186441
1021.36666667
1045.68333333
1012.11666667
997.15
1058.01666667
1093.08474576
1037.31666667
1061.66666667
1037.81666667
1006.8
983.4
947.898305085
986.05
1048.35
1064.11666667
1031.4
1041.66666667
1008.06779661
972.666666667
961.833333333
1005.78333333
1056.38333333
993.677966102
992.316666667
1015.1
983.566666667
935.866666667
1008.25
974.101694915
1018.3
1053.25
985.6
961.6
1021.03389831
945.233333333
961.416666667
992.166666667
961.85
980.433333333
999.830508475
964.533333333
976.5
987.85
986.666666667
1002.06666667
977.203389831
1025.28070175
--END OF 8--
133.333333333
155.283333333
131.066666667
164.116666667
162.6
150.3
128.237288136
141.5
154.016666667
161.516666667
147.2
155.633333333
161.949152542
136.6
146.266666667
154.133333333
129.816666667
167.833333333
152.661016949
146.016666667
159.166666667
148.283333333
139.916666667
134.033333333
115.389830508
136.75
138.85
141.35
131.3
150.4
133.796610169
135.216666667
127.816666667
133.316666667
120.85
142.13559322
137.333333333
154.016666667
148.95
123.133333333
127.566666667
143.101694915
142.45
148.4
144.3
137.3
161.016949153
154.883333333
125.416666667
137.533333333
133.983333333
141.683333333
152.13559322
142.483333333
144.333333333
152.983333333
146.183333333
153.1
142.779661017
158.561403509
--END OF 9--
10.65
12.4666666667
3.9
6.31666666667
6.9
5.21666666667
3.15254237288
3.66666666667
4.03333333333
5.11666666667
6.6
4.46666666667
5.50847457627
4.28333333333
4.96666666667
2.6
2.71666666667
4.61666666667
7.10169491525
4.11666666667
8.31666666667
6.0
11.5833333333
3.4
3.79661016949
7.0
2.5
3.81666666667
4.1
5.56666666667
6.33898305085
4.93333333333
6.05
3.5
3.01666666667
6.18644067797
7.48333333333
4.78333333333
8.38333333333
6.7
4.61666666667
5.76271186441
3.6
3.6
3.76666666667
5.35
7.0
5.81666666667
2.26666666667
4.16666666667
3.65
4.36666666667
3.5593220339
4.6
5.16666666667
7.45
4.43333333333
4.0
6.38983050847
6.28070175439
--END OF 10--
1.15
1.43333333333
0.65
1.16666666667
1.05
2.58333333333
0.372881355932
0.5
0.6
0.7
0.466666666667
0.516666666667
0.864406779661
0.933333333333
0.566666666667
0.0
0.0
1.1
0.0
0.0666666666667
0.633333333333
0.0
0.766666666667
0.7
0.491525423729
1.85
0.2
0.9
0.85
1.95
1.8813559322
0.9
1.78333333333
1.2
1.0
1.01694915254
0.516666666667
0.483333333333
0.633333333333
1.68333333333
0.183333333333
1.01694915254
0.45
1.0
0.65
1.05
1.4406779661
0.566666666667
0.583333333333
0.783333333333
0.4
0.733333333333
0.0677966101695
0.566666666667
1.75
1.61666666667
0.383333333333
0.616666666667
1.57627118644
1.75438596491
--END OF 11--
0.733333333333
0.0
0.216666666667
0.283333333333
0.0
0.0
0.0
0.0
0.0
0.0
0.0
0.133333333333
0.101694915254
0.0
0.0
0.0
0.0
0.0
0.0
0.0
0.0
0.0
0.0
0.0
0.0
0.3
0.2
0.0
0.55
0.983333333333
0.779661016949
0.1
1.0
0.433333333333
0.5
0.508474576271
0.0
0.0
0.0
0.0
0.0
0.0
0.0
0.0
0.0
0.0
0.0
0.0
0.0
0.0
0.233333333333
0.433333333333
0.0677966101695
0.0
0.0
0.6
0.133333333333
0.0
0.406779661017
0.280701754386
--END OF 12--
