8.23333333333
9.1
8.77966101695
8.93333333333
8.36666666667
8.21666666667
8.8
8.51666666667
7.0
8.2
8.48333333333
8.66666666667
8.36666666667
8.96666666667
9.32203389831
8.91666666667
8.65
8.3
8.2
8.58333333333
7.93220338983
8.15
8.33333333333
8.26666666667
8.61666666667
8.8813559322
8.03333333333
7.93333333333
7.48333333333
6.41666666667
9.15
8.40677966102
8.65
7.71666666667
8.75
8.2
7.84745762712
7.31666666667
7.41666666667
7.9
8.36666666667
8.05
7.49152542373
7.81666666667
8.3
8.18333333333
7.35
8.0
7.9
9.15
8.23333333333
8.38333333333
8.08333333333
8.69491525424
8.06666666667
8.06666666667
8.58333333333
8.43333333333
8.46666666667
8.78571428571
--END OF 1--
11.3333333333
12.45
12.186440678
13.55
11.7666666667
11.7
12.0333333333
11.7333333333
10.0338983051
10.8666666667
11.7
12.15
11.3
11.7333333333
12.9830508475
11.5166666667
12.3
11.6
11.25
11.3333333333
10.7457627119
10.85
11.4333333333
11.7166666667
11.7666666667
11.8305084746
11.6166666667
11.4666666667
10.2
8.7
11.8166666667
11.0
11.8
10.0166666667
11.55
11.6
10.7118644068
10.7833333333
10.9666666667
11.3166666667
10.5333333333
10.2833333333
10.9491525424
11.45
11.0333333333
10.8
9.68333333333
11.2881355932
10.5
12.15
10.9833333333
11.6833333333
12.2333333333
12.2542372881
11.3666666667
10.8666666667
11.1333333333
11.9
11.9166666667
11.1428571429
--END OF 2--
11.3333333333
12.75
12.5254237288
14.5666666667
12.7666666667
11.9
12.1833333333
12.1833333333
10.1355932203
11.4333333333
11.8833333333
12.2666666667
11.4333333333
12.55
14.2372881356
13.1666666667
13.15
12.0
12.15
12.0833333333
11.813559322
11.4333333333
12.0333333333
11.7333333333
12.1
12.2033898305
12.55
12.4833333333
10.5
8.95
12.0666666667
11.5084745763
12.75
10.6166666667
11.8
12.1
11.2542372881
11.45
10.9666666667
11.6166666667
10.9833333333
10.4333333333
11.1525423729
12.1166666667
11.6333333333
11.0833333333
9.88333333333
11.6440677966
10.55
12.15
11.4333333333
11.9333333333
12.5833333333
12.7966101695
12.4833333333
11.05
11.6833333333
12.8166666667
13.3333333333
11.5
--END OF 3--
8.23333333333
9.1
8.77966101695
8.93333333333
8.36666666667
8.21666666667
8.8
8.51666666667
7.0
8.2
8.48333333333
8.66666666667
8.36666666667
8.96666666667
9.32203389831
8.91666666667
8.65
8.3
8.2
8.58333333333
7.93220338983
8.15
8.33333333333
8.26666666667
8.61666666667
8.8813559322
8.03333333333
7.93333333333
7.48333333333
6.41666666667
9.15
8.40677966102
8.65
7.71666666667
8.75
8.2
7.84745762712
7.31666666667
7.41666666667
7.9
8.36666666667
8.05
7.49152542373
7.81666666667
8.3
8.18333333333
7.35
8.0
7.9
9.15
8.23333333333
8.38333333333
8.08333333333
8.69491525424
8.06666666667
8.06666666667
8.58333333333
8.43333333333
8.46666666667
8.78571428571
--END OF 4--
11.3333333333
12.45
12.186440678
13.55
11.7666666667
11.7
12.0333333333
11.7333333333
10.0338983051
10.8666666667
11.7
12.15
11.3
11.7333333333
12.9830508475
11.5166666667
12.3
11.6
11.25
11.3333333333
10.7457627119
10.85
11.4333333333
11.7166666667
11.7666666667
11.8305084746
11.6166666667
11.4666666667
10.2
8.7
11.8166666667
11.0
11.8
10.0166666667
11.55
11.6
10.7118644068
10.7833333333
10.9666666667
11.3166666667
10.5333333333
10.2833333333
10.9491525424
11.45
11.0333333333
10.8
9.68333333333
11.2881355932
10.5
12.15
10.9833333333
11.6833333333
12.2333333333
12.2542372881
11.3666666667
10.8666666667
11.1333333333
11.9
11.9166666667
11.1428571429
--END OF 5--
11.3333333333
12.75
12.5254237288
14.5666666667
12.7666666667
11.9
12.1833333333
12.1833333333
10.1355932203
11.4333333333
11.8833333333
12.2666666667
11.4333333333
12.55
14.2372881356
13.1666666667
13.15
12.0
12.15
12.0833333333
11.813559322
11.4333333333
12.0333333333
11.7333333333
12.1
12.2033898305
12.55
12.4833333333
10.5
8.95
12.0666666667
11.5084745763
12.75
10.6166666667
11.8
12.1
11.2542372881
11.45
10.9666666667
11.6166666667
10.9833333333
10.4333333333
11.1525423729
12.1166666667
11.6333333333
11.0833333333
9.88333333333
11.6440677966
10.55
12.15
11.4333333333
11.9333333333
12.5833333333
12.7966101695
12.4833333333
11.05
11.6833333333
12.8166666667
13.3333333333
11.5
--END OF 6--
1691.85
1700.4
1705.42372881
1770.2
1629.05
1649.05
1701.5
1762.1
1539.66101695
1618.2
1658.8
1702.45
1628.35
1695.25
1833.61016949
1762.2
1629.9
1640.55
1655.7
1596.3
1633.42372881
1640.35
1653.55
1706.65
1719.95
1714.93220339
1624.1
1688.8
1615.65
1460.15
1712.1
1622.28813559
1744.05
1581.6
1757.7
1721.7
1691.54237288
1532.7
1580.8
1646.1
1596.65
1568.55
1594.42372881
1611.55
1622.45
1695.9
1506.25
1604.74576271
1592.1
1766.4
1665.45
1652.85
1699.65
1756.06779661
1631.1
1655.35
1699.15
1778.15
1749.7
1722.26785714
--END OF 7--
471.25
490.7
469.796610169
497.0
457.733333333
461.183333333
478.533333333
485.883333333
428.762711864
449.266666667
457.083333333
468.75
452.116666667
468.816666667
515.423728814
483.95
458.1
446.85
454.05
456.7
448.389830508
457.4
454.866666667
476.0
472.933333333
483.288135593
452.55
467.816666667
449.15
401.416666667
484.866666667
451.525423729
481.3
444.85
477.85
479.75
477.474576271
436.466666667
443.266666667
457.5
451.8
423.1
440.288135593
449.783333333
454.2
468.233333333
413.633333333
455.593220339
431.6
486.55
458.6
464.05
471.8
481.86440678
460.666666667
463.65
473.416666667
484.083333333
493.6
465.339285714
--END OF 8--
62.9
68.75
75.2372881356
84.75
67.05
70.65
72.3166666667
57.8666666667
54.6610169492
60.25
65.1166666667
70.3166666667
62.4666666667
71.5833333333
67.5762711864
64.1
82.65
73.9
65.2
64.8
63.2542372881
75.7333333333
70.85
59.3166666667
65.5833333333
56.4406779661
70.2333333333
75.9166666667
64.2
50.7333333333
62.6833333333
58.3220338983
67.2
51.75
58.8
79.2
69.4915254237
70.2333333333
61.3666666667
67.5
52.2166666667
59.7833333333
68.2372881356
70.3333333333
68.4833333333
61.45
56.4333333333
62.5593220339
61.1
62.8
60.95
65.35
65.6
72.5423728814
68.15
59.1333333333
65.5166666667
73.7666666667
66.9333333333
61.9464285714
--END OF 9--
1.05
4.3
3.03389830508
6.36666666667
4.01666666667
3.06666666667
1.2
3.38333333333
2.16949152542
3.33333333333
4.25
2.96666666667
2.6
4.13333333333
5.42372881356
4.2
4.95
3.4
3.75
4.2
4.1186440678
1.65
2.61666666667
1.91666666667
3.15
4.69491525424
5.43333333333
3.18333333333
2.75
1.96666666667
2.05
2.10169491525
4.2
2.6
3.7
3.3
1.62711864407
3.5
2.0
2.81666666667
2.4
1.06666666667
3.86440677966
4.45
2.18333333333
1.98333333333
2.26666666667
1.81355932203
1.45
3.85
1.9
4.05
5.4
5.18644067797
3.41666666667
2.01666666667
2.11666666667
3.81666666667
4.95
1.89285714286
--END OF 10--
0.0
0.5
0.389830508475
1.6
1.51666666667
0.0
0.0
0.383333333333
0.118644067797
1.0
0.0
0.266666666667
0.233333333333
1.16666666667
1.49152542373
2.8
1.6
0.7
1.3
1.15
1.37288135593
0.966666666667
1.01666666667
0.0166666666667
0.183333333333
0.322033898305
0.533333333333
0.966666666667
0.5
0.5
0.366666666667
0.64406779661
1.7
0.3
0.2
0.3
0.423728813559
1.08333333333
0.0
0.5
0.833333333333
0.166666666667
0.0
0.216666666667
0.85
0.433333333333
0.0
0.559322033898
0.45
0.0
0.75
0.55
0.6
0.64406779661
1.46666666667
0.233333333333
0.65
1.55
2.18333333333
0.303571428571
--END OF 11--
0.0
0.0
0.389830508475
0.3
0.316666666667
0.0
0.0
0.383333333333
0.118644067797
0.0
0.0
0.0
0.0
0.0
0.677966101695
0.0
0.5
0.0
0.0
0.0
0.0
0.5
0.0
0.0
0.0
0.0
0.0
0.5
0.0
0.0
0.0
0.508474576271
0.0
0.0
0.2
0.3
0.135593220339
0.366666666667
0.0
0.0
0.0
0.0
0.0
0.0
0.0
0.0
0.0
0.0
0.0
0.0
0.0
0.0
0.0
0.0338983050847
0.966666666667
0.0
0.0
0.0
0.933333333333
0.0
--END OF 12--
