18.3166666667
18.4576271186
17.95
18.6666666667
17.8333333333
18.2833333333
18.4333333333
17.9830508475
17.5333333333
17.2333333333
18.6
17.3
18.15
17.5084745763
17.95
18.15
17.8666666667
17.8666666667
17.4833333333
17.5423728814
17.6333333333
17.9333333333
17.8
19.6
18.1166666667
17.8474576271
17.5
17.6833333333
17.8666666667
17.2166666667
17.0333333333
17.406779661
17.2166666667
17.9333333333
17.85
17.8333333333
18.1694915254
17.9
17.35
16.8166666667
17.9
17.95
18.5762711864
17.5166666667
17.7833333333
17.8
17.0833333333
16.6666666667
18.6779661017
17.15
17.7333333333
18.1
17.9833333333
16.6440677966
17.2
16.55
18.0833333333
17.8333333333
16.3666666667
18.0862068966
--END OF 1--
23.95
24.0
24.1666666667
24.55
23.1833333333
23.6833333333
23.7333333333
23.5084745763
23.5333333333
23.45
24.75
22.7833333333
23.7666666667
23.7457627119
25.0333333333
24.5333333333
24.2333333333
23.5833333333
23.2666666667
22.6949152542
23.4333333333
23.9333333333
23.25
26.6
25.3333333333
23.6610169492
22.35
23.2666666667
24.4333333333
23.15
24.1833333333
23.9830508475
22.6
23.0333333333
23.7333333333
23.2333333333
23.2711864407
23.3
22.8
22.2166666667
22.7
23.0
23.6271186441
23.3666666667
24.25
23.6333333333
23.25
22.2
25.4406779661
22.5666666667
23.75
23.8833333333
23.3166666667
22.3389830508
23.6
21.85
24.2333333333
22.1833333333
21.9666666667
25.6896551724
--END OF 2--
24.6666666667
24.7627118644
25.3833333333
24.6833333333
24.5833333333
23.6833333333
23.9833333333
24.3898305085
24.1166666667
24.0
25.6
23.0
24.3833333333
25.1186440678
25.5333333333
25.1333333333
24.8
24.2166666667
23.4
22.6949152542
25.1333333333
24.3833333333
24.5
27.4
25.8833333333
24.0677966102
22.3833333333
23.6833333333
24.8166666667
23.4
25.0333333333
24.8813559322
23.7333333333
24.6666666667
24.65
23.4833333333
23.3220338983
23.9
23.1
22.4166666667
22.8
24.05
24.2711864407
23.5833333333
25.2666666667
24.3
23.8166666667
23.0333333333
26.3728813559
23.0333333333
24.45
24.1833333333
23.4
22.9491525424
24.15
23.5
25.3833333333
23.3833333333
22.8666666667
26.3448275862
--END OF 3--
18.3166666667
18.4576271186
17.95
18.6666666667
17.8333333333
18.2833333333
18.4333333333
17.9830508475
17.5333333333
17.2333333333
18.6
17.3
18.15
17.5084745763
17.95
18.15
17.8666666667
17.8666666667
17.4833333333
17.5423728814
17.6333333333
17.9333333333
17.8
19.4
18.1166666667
17.8474576271
17.5
17.6833333333
17.8666666667
17.2166666667
17.0333333333
17.406779661
17.2166666667
17.9333333333
17.85
17.8333333333
18.1694915254
17.9
17.35
16.8166666667
17.9
17.95
18.5254237288
17.5166666667
17.7833333333
17.8
17.0833333333
16.6666666667
18.6779661017
17.15
17.7333333333
18.1
17.9833333333
16.6440677966
17.2
16.55
18.0833333333
17.8333333333
16.3666666667
18.0862068966
--END OF 4--
23.95
24.0
24.1666666667
24.55
23.1833333333
23.6833333333
23.7333333333
23.5084745763
23.5333333333
23.45
24.75
22.7833333333
23.7666666667
23.7457627119
25.0333333333
24.5333333333
24.2333333333
23.5833333333
23.2666666667
22.6949152542
23.4333333333
23.9333333333
23.25
26.6
25.3333333333
23.6610169492
22.35
23.2666666667
24.4333333333
23.15
24.1833333333
23.9830508475
22.6
23.0333333333
23.7333333333
23.2333333333
23.2711864407
23.3
22.8
22.2166666667
22.7
23.0
23.6271186441
23.3666666667
24.25
23.6333333333
23.25
22.2
25.4406779661
22.5666666667
23.75
23.8833333333
23.3166666667
22.3389830508
23.6
21.85
24.2333333333
22.1833333333
21.9666666667
25.6896551724
--END OF 5--
24.6666666667
24.7627118644
25.3833333333
24.6833333333
24.5833333333
23.6833333333
23.9833333333
24.3898305085
24.1166666667
24.0
25.6
23.0
24.3833333333
25.1186440678
25.5333333333
25.1333333333
24.8
24.2166666667
23.4
22.6949152542
25.1333333333
24.3833333333
24.5
27.4
25.8833333333
24.0677966102
22.3833333333
23.6833333333
24.8166666667
23.4
25.0333333333
24.8813559322
23.7333333333
24.6666666667
24.65
23.4833333333
23.3220338983
23.9
23.1
22.4166666667
22.8
24.05
24.2711864407
23.5833333333
25.2666666667
24.3
23.8166666667
23.0333333333
26.3728813559
23.0333333333
24.45
24.1833333333
23.4
22.9491525424
24.15
23.5
25.3833333333
23.3833333333
22.8666666667
26.3448275862
--END OF 6--
3451.05
3354.86440678
3366.9
3432.5
3276.6
3379.2
3408.75
3429.55932203
3272.4
3247.65
3403.75
3270.05
3411.25
3311.28813559
3324.45
3292.65
3388.1
3409.35
3316.55
3325.57627119
3338.25
3354.6
3237.15
3552.0
3353.8
3326.94915254
3286.8
3308.3
3392.65
3239.15
3202.35
3251.89830508
3265.95
3316.8
3243.9
3271.65
3309.66101695
3228.9
3268.8
3123.75
3294.15
3299.25
3440.44067797
3383.0
3417.65
3320.75
3320.3
3230.9
3487.83050847
3234.25
3262.0
3388.35
3363.45
3230.94915254
3413.7
3274.5
3388.35
3242.7
3148.35
3509.17241379
--END OF 7--
951.566666667
935.610169492
934.283333333
947.833333333
914.05
942.1
944.0
955.677966102
911.716666667
913.35
952.15
909.266666667
950.333333333
925.796610169
931.716666667
927.35
932.9
943.75
939.283333333
929.491525424
938.45
939.8
903.4
1013.85
943.066666667
919.559322034
904.2
918.783333333
946.483333333
922.133333333
901.85
895.847457627
884.35
917.016666667
924.666666667
913.5
904.033898305
916.15
889.7
885.75
925.7
912.25
963.016949153
936.833333333
948.183333333
930.05
929.983333333
899.85
970.677966102
904.116666667
912.033333333
948.2
918.45
902.694915254
945.15
896.8
945.0
904.7
879.0
969.896551724
--END OF 8--
134.55
122.050847458
138.55
145.5
116.75
130.55
126.45
124.440677966
132.333333333
135.683333333
132.216666667
130.816666667
134.8
144.627118644
137.15
137.566666667
139.683333333
132.616666667
129.15
112.661016949
122.2
136.15
128.35
152.85
156.55
122.406779661
110.016666667
126.15
149.033333333
126.266666667
147.883333333
141.372881356
131.583333333
124.2
126.083333333
114.766666667
114.13559322
123.25
125.55
124.25
107.0
124.25
124.525423729
131.55
146.766666667
124.483333333
138.5
119.783333333
143.644067797
124.583333333
136.566666667
131.683333333
120.4
122.86440678
133.25
131.45
135.05
120.4
131.05
154.310344828
--END OF 9--
2.6
5.01694915254
4.68333333333
2.11666666667
6.25
1.6
2.6
5.30508474576
6.31666666667
3.75
6.08333333333
1.86666666667
5.7
6.93220338983
6.05
5.06666666667
5.1
5.06666666667
3.35
3.18644067797
7.3
3.15
4.3
5.05
5.18333333333
6.08474576271
1.85
5.28333333333
4.95
4.63333333333
6.3
9.16949152542
4.71666666667
3.88333333333
2.4
5.61666666667
3.8813559322
2.65
3.35
1.6
1.4
4.55
3.42372881356
5.83333333333
5.31666666667
4.86666666667
4.18333333333
3.21666666667
4.91525423729
4.13333333333
4.5
2.45
3.25
3.20338983051
2.95
5.0
5.85
2.3
3.9
7.18965517241
--END OF 10--
1.13333333333
1.22033898305
1.33333333333
0.383333333333
2.35
0.0
0.55
0.966101694915
0.433333333333
0.3
1.15
0.7
0.933333333333
1.06779661017
0.55
0.916666666667
0.45
0.466666666667
0.383333333333
0.0
2.65
0.75
2.05
1.45
0.6
0.949152542373
0.1
0.966666666667
0.5
0.0
1.03333333333
0.983050847458
1.5
2.45
1.55
0.5
0.152542372881
0.9
0.45
0.4
0.1
1.0
0.28813559322
0.216666666667
1.53333333333
0.95
1.2
1.35
0.593220338983
0.85
0.9
0.233333333333
0.0
0.406779661017
0.5
3.0
1.8
1.6
1.2
0.793103448276
--END OF 11--
0.0
0.71186440678
0.866666666667
0.0
0.0
0.0
0.0
0.271186440678
0.433333333333
0.0666666666667
0.383333333333
0.116666666667
0.0
0.0
0.0
0.166666666667
0.0
0.0
0.0
0.0
0.0
0.0
1.0
0.0
0.0
0.0
0.0
0.0
0.0
0.0
0.0
0.0
0.5
0.333333333333
0.666666666667
0.0
0.0
0.0
0.0
0.0
0.0
0.0
0.0
0.0
0.0
0.0
0.0
0.0
0.0
0.0
0.0
0.0
0.0
0.0
0.0
0.0
0.0
0.5
0.5
0.0
--END OF 12--
