10.4833333333
11.7166666667
10.7833333333
10.7833333333
10.7666666667
9.91525423729
10.7166666667
10.3166666667
11.5833333333
11.45
10.4666666667
10.2203389831
10.05
10.55
9.73333333333
10.4
10.3833333333
9.52542372881
9.8
11.05
10.1
10.6333333333
9.13559322034
10.2333333333
10.3333333333
11.05
10.15
9.41666666667
8.71186440678
9.15
10.4833333333
9.43333333333
10.0333333333
10.7118644068
9.83333333333
10.1333333333
9.9
9.11666666667
10.4333333333
10.593220339
9.73333333333
10.4333333333
10.7
10.5333333333
11.3898305085
10.1833333333
8.96666666667
9.91666666667
9.53333333333
9.16666666667
10.3389830508
10.8166666667
10.3666666667
10.3666666667
10.85
10.5593220339
9.95
10.05
10.55
11.125
--END OF 1--
13.8666666667
14.85
14.3833333333
14.2
15.6666666667
13.3050847458
14.6166666667
14.4666666667
15.1833333333
14.85
14.2666666667
15.1186440678
14.5666666667
13.6166666667
13.9333333333
13.1166666667
13.9
12.2372881356
13.3833333333
13.6666666667
13.2666666667
14.6833333333
12.6779661017
13.3333333333
12.9333333333
14.1
14.0
12.7166666667
11.6101694915
12.1
13.6166666667
12.4666666667
12.5333333333
13.8474576271
13.85
13.8666666667
13.0333333333
12.6
13.5666666667
12.9322033898
13.9333333333
13.6333333333
13.75
13.2333333333
14.0508474576
13.55
11.9833333333
13.1166666667
12.5333333333
12.9333333333
13.5762711864
13.3166666667
13.4666666667
13.9333333333
15.1166666667
14.0847457627
12.8
13.9
13.2
15.1785714286
--END OF 2--
14.95
15.7333333333
14.9833333333
15.2666666667
16.0166666667
13.8983050847
14.8666666667
14.9166666667
15.6333333333
14.85
14.2666666667
15.1186440678
15.6333333333
14.05
14.4333333333
14.1
14.4666666667
13.0169491525
13.4166666667
13.7666666667
13.5833333333
15.4666666667
13.3389830508
13.3333333333
13.2333333333
14.9
14.8
13.5166666667
11.7118644068
12.2833333333
14.7166666667
12.6166666667
13.25
14.2203389831
14.6833333333
14.0166666667
13.1333333333
12.9333333333
14.6333333333
13.0847457627
14.5833333333
15.8333333333
14.15
14.0333333333
14.7627118644
13.7
12.8166666667
13.8333333333
12.5333333333
13.2666666667
13.9661016949
13.6666666667
14.55
14.3
15.8666666667
14.4745762712
13.5
14.3
13.2
15.1785714286
--END OF 3--
10.4833333333
11.7166666667
10.7833333333
10.7833333333
10.7666666667
9.91525423729
10.7166666667
10.3166666667
11.5833333333
11.45
10.4666666667
10.2203389831
10.05
10.55
9.73333333333
10.4
10.3833333333
9.52542372881
9.8
11.05
10.1
10.6333333333
9.13559322034
10.2333333333
10.3333333333
11.05
10.15
9.41666666667
8.71186440678
9.15
10.4833333333
9.43333333333
10.0333333333
10.7118644068
9.83333333333
10.1333333333
9.9
9.11666666667
10.4333333333
10.593220339
9.73333333333
10.4333333333
10.7
10.5333333333
11.3898305085
10.1833333333
8.96666666667
9.91666666667
9.53333333333
9.16666666667
10.3389830508
10.8166666667
10.3666666667
10.3666666667
10.85
10.5593220339
9.95
10.05
10.55
11.125
--END OF 4--
13.8666666667
14.85
14.3833333333
14.2
15.6666666667
13.3050847458
14.6166666667
14.4666666667
15.1833333333
14.85
14.2666666667
15.1186440678
14.5666666667
13.6166666667
13.9333333333
13.1166666667
13.9
12.2372881356
13.3833333333
13.6666666667
13.2666666667
14.6833333333
12.6779661017
13.3333333333
12.9333333333
14.1
14.0
12.7166666667
11.6101694915
12.1
13.6166666667
12.4666666667
12.5333333333
13.8474576271
13.85
13.8666666667
13.0333333333
12.6
13.5666666667
12.9322033898
13.9333333333
13.6333333333
13.75
13.2333333333
14.0508474576
13.55
11.9833333333
13.1166666667
12.5333333333
12.9333333333
13.5762711864
13.3166666667
13.4666666667
13.9333333333
15.1166666667
14.0847457627
12.8
13.9
13.2
15.1785714286
--END OF 5--
14.95
15.7333333333
14.9833333333
15.2666666667
16.0166666667
13.8983050847
14.8666666667
14.9166666667
15.6333333333
14.85
14.2666666667
15.1186440678
15.6333333333
14.05
14.4333333333
14.1
14.4666666667
13.0169491525
13.4166666667
13.7666666667
13.5833333333
15.4666666667
13.3389830508
13.3333333333
13.2333333333
14.9
14.8
13.5166666667
11.7118644068
12.2833333333
14.7166666667
12.6166666667
13.25
14.2203389831
14.6833333333
14.0166666667
13.1333333333
12.9333333333
14.6333333333
13.0847457627
14.5833333333
15.8333333333
14.15
14.0333333333
14.7627118644
13.7
12.8166666667
13.8333333333
12.5333333333
13.2666666667
13.9661016949
13.6666666667
14.55
14.3
15.8666666667
14.4745762712
13.5
14.3
13.2
15.1785714286
--END OF 6--
2087.3
2192.8
2168.75
2152.25
2070.35
2068.11864407
2134.95
2149.65
2278.05
2175.45
2151.9
2060.49152542
2031.0
2015.6
2087.7
2012.35
2012.55
1898.6440678
1932.35
2050.15
1953.2
2148.75
1876.47457627
1999.5
1998.45
2109.6
2066.55
1915.2
1796.74576271
1890.75
2044.15
2021.8
1957.2
2095.72881356
1999.25
2056.95
1988.35
2032.05
2019.2
1986.40677966
2028.9
2018.7
2124.15
2061.6
2070.25423729
1953.7
1909.2
1912.35
1851.8
1863.8
1959.61016949
1973.05
2040.75
1979.55
2072.85
2087.69491525
1936.5
2009.7
2014.5
2352.69642857
--END OF 7--
571.4
610.066666667
596.3
587.716666667
582.916666667
570.898305085
584.3
587.05
621.35
597.6
599.85
571.525423729
566.816666667
566.05
573.3
557.583333333
550.833333333
516.050847458
539.55
575.516666667
535.583333333
588.016666667
523.016949153
555.15
557.4
600.85
583.2
535.75
500.050847458
506.333333333
570.4
535.533333333
541.75
568.610169492
554.466666667
563.15
543.35
549.433333333
562.416666667
554.508474576
563.7
563.45
590.8
576.4
585.305084746
551.683333333
508.833333333
528.25
508.35
510.566666667
545.101694915
559.883333333
569.75
551.483333333
578.566666667
572.050847458
537.0
555.15
558.25
639.267857143
--END OF 8--
83.3666666667
77.7333333333
78.05
75.3166666667
99.4666666667
72.2203389831
74.05
81.35
75.95
79.15
73.1
89.0508474576
86.2166666667
72.15
80.7833333333
67.3666666667
74.4333333333
59.7457627119
69.4833333333
70.7333333333
71.2
84.2333333333
77.2711864407
71.0
59.9
76.25
76.4
67.35
60.8813559322
69.2833333333
73.8333333333
62.4
57.5666666667
71.9830508475
80.0666666667
69.9666666667
61.85
68.0166666667
70.6166666667
62.7966101695
84.65
77.85
67.15
62.85
72.4745762712
65.9
68.7333333333
73.3833333333
69.6333333333
76.05
67.9491525424
65.3
66.6
70.5
74.0666666667
66.813559322
63.85
67.4
70.6
86.4285714286
--END OF 9--
2.23333333333
3.43333333333
3.78333333333
3.65
5.1
2.25423728814
3.75
3.9
4.05
2.35
2.55
3.25423728814
6.38333333333
2.81666666667
4.15
2.91666666667
2.83333333333
2.59322033898
1.38333333333
1.23333333333
2.93333333333
7.21666666667
2.83050847458
2.4
1.9
1.95
4.6
4.75
2.84745762712
2.86666666667
3.08333333333
2.5
3.4
3.62711864407
4.28333333333
2.78333333333
1.66666666667
4.66666666667
3.03333333333
0.966101694915
3.8
6.9
2.2
2.4
3.03389830508
6.11666666667
4.2
2.91666666667
1.41666666667
3.46666666667
3.37288135593
1.55
3.51666666667
3.66666666667
7.23333333333
4.59322033898
3.5
3.55
1.65
2.125
--END OF 10--
1.23333333333
0.95
1.23333333333
1.31666666667
0.65
0.949152542373
0.35
0.55
0.45
0.0
0.0
0.0
1.15
0.85
0.5
1.68333333333
0.816666666667
0.983050847458
0.0333333333333
0.0
0.5
0.5
0.508474576271
0.0
0.05
0.95
0.95
1.4
0.152542372881
0.0833333333333
1.35
0.1
0.966666666667
0.627118644068
1.3
0.0833333333333
0.5
0.566666666667
1.93333333333
0.254237288136
0.9
3.4
0.5
0.45
1.01694915254
0.5
1.16666666667
0.833333333333
0.0
0.183333333333
0.322033898305
0.55
1.95
0.216666666667
1.0
0.491525423729
1.15
0.65
0.0
0.0
--END OF 11--
0.0
0.0
0.0
0.0
0.0
0.0
0.0
0.0
0.0
0.0
0.0
0.0
0.0
0.0
0.0
0.0
0.0
0.508474576271
0.0
0.0
0.0
0.0
0.0
0.0
0.05
0.45
0.0
0.0
0.0
0.0833333333333
0.916666666667
0.0
0.0
0.0
0.0
0.0
0.0
0.0666666666667
0.433333333333
0.0
0.0
0.0
0.0
0.0
0.508474576271
0.0
0.0
0.5
0.0
0.183333333333
0.322033898305
0.0
0.0
0.216666666667
0.283333333333
0.0
0.0
0.0
0.0
0.0
--END OF 12--
