13.0833333333
13.1355932203
12.6666666667
14.2166666667
13.8666666667
13.75
13.4333333333
12.8813559322
13.4333333333
13.5833333333
13.0833333333
12.2333333333
10.9666666667
13.2881355932
12.0
13.35
14.35
12.8305084746
13.8166666667
13.2333333333
13.9333333333
12.75
12.8644067797
12.45
12.4833333333
13.3
13.5166666667
11.7
12.4237288136
12.65
12.45
13.3
14.1
12.3898305085
11.8666666667
12.2833333333
12.1166666667
11.5333333333
11.5423728814
12.5833333333
11.2
12.2166666667
12.5166666667
12.4745762712
11.6
12.25
12.05
12.4833333333
11.7118644068
11.3833333333
11.8
12.1333333333
11.5166666667
12.8983050847
12.5833333333
12.4166666667
12.0666666667
11.15
11.8305084746
13.0172413793
--END OF 1--
17.2833333333
16.8474576271
16.1
17.4333333333
17.7666666667
16.4333333333
16.7
15.813559322
16.5666666667
16.4833333333
16.5666666667
16.5
14.8833333333
16.9152542373
16.25
16.45
18.0
16.6779661017
17.3
17.3666666667
16.95
16.3166666667
16.5423728814
15.0
15.7833333333
15.9833333333
16.9333333333
14.95
15.6779661017
15.05
15.35
15.8
16.75
14.6610169492
15.4166666667
15.6833333333
15.55
15.5
14.9322033898
16.2333333333
14.4166666667
15.0333333333
16.5333333333
15.4576271186
14.7
14.85
16.05
15.5833333333
15.6271186441
14.4
15.45
16.0166666667
14.25
17.0677966102
16.3166666667
15.2166666667
15.2333333333
15.1
14.6271186441
16.5689655172
--END OF 2--
17.6833333333
17.2542372881
16.4333333333
17.95
18.3
17.1833333333
17.25
16.1355932203
16.8833333333
16.9166666667
16.75
17.5166666667
15.6333333333
17.4237288136
16.85
17.2
18.35
17.3898305085
17.6
17.9666666667
17.1166666667
17.4666666667
17.2372881356
15.9333333333
15.7833333333
16.4
17.9333333333
15.5333333333
15.7796610169
15.05
15.75
17.4
17.0
14.6610169492
15.4166666667
16.5666666667
16.3166666667
15.7333333333
15.406779661
17.5333333333
14.6666666667
15.3833333333
16.7333333333
15.9152542373
15.35
15.6
16.85
15.7333333333
16.1355932203
15.0666666667
16.7166666667
16.9833333333
14.55
17.4237288136
17.0
16.1
16.15
15.75
15.8305084746
17.775862069
--END OF 3--
13.0833333333
13.1355932203
12.6666666667
14.2166666667
13.8666666667
13.75
13.4333333333
12.8813559322
13.4333333333
13.5833333333
13.0833333333
12.2333333333
10.9666666667
13.2881355932
12.0
13.35
14.35
12.8305084746
13.8166666667
13.2333333333
13.9333333333
12.75
12.8644067797
12.45
12.4833333333
13.3
13.5166666667
11.7
12.4237288136
12.65
12.45
13.3
14.1
12.3898305085
11.8666666667
12.2833333333
12.1166666667
11.5333333333
11.5423728814
12.5833333333
11.2
12.2166666667
12.5166666667
12.4745762712
11.6
12.25
12.05
12.4833333333
11.7118644068
11.3833333333
11.8
12.1333333333
11.5166666667
12.8983050847
12.5833333333
12.4166666667
12.0666666667
11.15
11.8305084746
13.0172413793
--END OF 4--
17.2833333333
16.8474576271
16.1
17.4333333333
17.7666666667
16.4333333333
16.7
15.813559322
16.5666666667
16.4833333333
16.5666666667
16.5
14.8833333333
16.9152542373
16.25
16.45
18.0
16.6779661017
17.3
17.3666666667
16.95
16.3166666667
16.5423728814
15.0
15.7833333333
15.9833333333
16.9333333333
14.95
15.6779661017
15.05
15.35
15.8
16.75
14.6610169492
15.4166666667
15.6833333333
15.55
15.5
14.9322033898
16.2333333333
14.4166666667
15.0333333333
16.5333333333
15.4576271186
14.7
14.85
16.05
15.5833333333
15.6271186441
14.4
15.45
16.0166666667
14.25
17.0677966102
16.3166666667
15.2166666667
15.2333333333
15.1
14.6271186441
16.5689655172
--END OF 5--
17.6833333333
17.2542372881
16.4333333333
17.95
18.3
17.1833333333
17.25
16.1355932203
16.8833333333
16.9166666667
16.75
17.5166666667
15.6333333333
17.4237288136
16.85
17.2
18.35
17.3898305085
17.6
17.9666666667
17.1166666667
17.4666666667
17.2372881356
15.9333333333
15.7833333333
16.4
17.9333333333
15.5333333333
15.7796610169
15.05
15.75
17.4
17.0
14.6610169492
15.4166666667
16.5666666667
16.3166666667
15.7333333333
15.406779661
17.5333333333
14.6666666667
15.3833333333
16.7333333333
15.9152542373
15.35
15.6
16.85
15.7333333333
16.1355932203
15.0666666667
16.7166666667
16.9833333333
14.55
17.4237288136
17.0
16.1
16.15
15.75
15.8305084746
17.775862069
--END OF 6--
2527.2
2649.76271186
2550.55
2668.3
2579.75
2578.55
2526.1
2401.37288136
2614.9
2482.1
2571.5
2511.25
2300.9
2635.3220339
2458.35
2523.9
2734.8
2480.79661017
2602.45
2571.5
2637.05
2515.9
2601.55932203
2423.95
2419.0
2577.15
2686.9
2453.9
2457.81355932
2397.3
2453.25
2516.1
2636.1
2363.6440678
2388.3
2523.45
2362.2
2305.8
2370.71186441
2570.2
2302.85
2338.45
2388.05
2369.54237288
2288.85
2365.5
2420.25
2374.95
2376.30508475
2337.55
2341.9
2412.15
2288.7
2424.96610169
2377.05
2289.8
2307.25
2302.3
2303.18644068
2439.20689655
--END OF 7--
703.95
714.525423729
677.266666667
743.933333333
718.05
704.5
683.0
674.525423729
716.566666667
695.933333333
700.3
673.3
628.4
718.983050847
665.65
707.1
757.25
683.0
710.95
706.116666667
716.766666667
695.183333333
710.525423729
655.75
668.716666667
706.75
732.233333333
657.55
663.389830508
655.35
665.1
685.2
722.85
654.457627119
663.033333333
677.3
647.233333333
643.566666667
659.322033898
699.0
614.333333333
647.883333333
665.466666667
655.779661017
621.0
657.8
661.3
651.7
644.474576271
643.75
649.966666667
667.233333333
616.633333333
673.915254237
666.583333333
645.433333333
643.483333333
627.716666667
642.881355932
689.396551724
--END OF 8--
82.85
81.3898305085
70.2666666667
66.0166666667
79.65
78.3
80.9166666667
68.1694915254
68.2166666667
70.45
75.75
80.2666666667
82.6
93.5084745763
77.5
75.05
82.45
86.3050847458
73.9166666667
83.9666666667
75.0833333333
83.1333333333
74.0338983051
68.3333333333
78.5
82.7666666667
78.6333333333
69.7166666667
68.8983050847
66.75
64.9
64.05
66.05
58.2033898305
74.1166666667
72.55
77.9166666667
81.5666666667
83.4576271186
85.1833333333
78.0
64.35
81.4666666667
71.0847457627
74.15
68.35
81.7
78.05
88.8813559322
66.2666666667
77.25
74.8833333333
64.8833333333
86.6779661017
76.1666666667
72.7833333333
69.0166666667
69.5166666667
66.4237288136
85.2931034483
--END OF 9--
5.2
2.06779661017
2.85
3.45
5.2
4.41666666667
4.35
3.05084745763
1.48333333333
2.9
1.61666666667
6.1
4.98333333333
2.0
5.3
2.45
3.55
2.57627118644
3.56666666667
4.96666666667
4.48333333333
3.8
4.52542372881
2.4
2.05
2.81666666667
5.9
4.23333333333
3.27118644068
1.3
1.6
3.65
2.2
1.94915254237
2.06666666667
5.16666666667
3.51666666667
3.63333333333
1.96610169492
3.88333333333
1.56666666667
4.01666666667
4.85
3.61016949153
3.6
2.6
4.9
2.8
4.01694915254
3.05
4.91666666667
4.51666666667
0.75
4.79661016949
3.68333333333
2.98333333333
4.08333333333
6.86666666667
3.84745762712
3.79310344828
--END OF 10--
0.45
0.796610169492
0.85
0.916666666667
1.08333333333
0.716666666667
1.2
0.508474576271
0.483333333333
0.516666666667
0.183333333333
1.33333333333
0.483333333333
1.01694915254
0.85
1.15
0.5
1.25423728814
0.266666666667
0.883333333333
0.333333333333
1.31666666667
0.847457627119
0.933333333333
0.166666666667
0.5
1.68333333333
1.15
0.508474576271
0.0
0.45
2.5
0.55
0.0
0.0
1.31666666667
1.18333333333
0.133333333333
0.542372881356
2.33333333333
0.266666666667
0.5
0.233333333333
0.406779661017
1.1
0.9
0.85
0.25
0.508474576271
0.9
2.16666666667
1.43333333333
0.483333333333
0.694915254237
1.41666666667
1.5
1.3
0.716666666667
1.89830508475
1.68965517241
--END OF 11--
0.45
0.559322033898
0.0
0.0
0.0
0.0
0.0
0.0
0.0
0.0
0.0666666666667
0.933333333333
0.0
0.0
0.0
0.0
0.1
0.406779661017
0.0
0.383333333333
0.2
0.416666666667
0.0677966101695
0.433333333333
0.0
0.0
0.0666666666667
0.433333333333
0.0
0.0
0.1
0.9
0.0
0.0
0.0
0.5
0.0
0.0
0.0
0.0
0.0
0.0
0.0
0.0
0.0
0.0
0.25
0.25
0.0
0.0833333333333
0.416666666667
0.0
0.0
0.0
0.0
0.583333333333
0.416666666667
0.0
0.508474576271
0.896551724138
--END OF 12--
