12.5833333333
12.5833333333
12.3833333333
11.8833333333
12.1186440678
12.7
13.0333333333
11.9166666667
11.9666666667
12.8833333333
12.3728813559
12.8333333333
12.1333333333
11.6833333333
12.0
12.1
11.9661016949
11.7666666667
12.1
11.9666666667
11.7833333333
12.0677966102
11.8166666667
11.7166666667
11.1666666667
11.5166666667
11.8644067797
11.05
12.0833333333
11.8333333333
11.9
11.4237288136
11.7666666667
12.7166666667
12.2833333333
12.5166666667
12.9322033898
12.7666666667
13.55
13.45
12.8166666667
13.0666666667
13.5254237288
13.1166666667
12.75
13.7833333333
13.15
12.6440677966
12.6
13.0833333333
12.6333333333
12.7666666667
13.3389830508
13.6666666667
14.0666666667
13.1333333333
13.4
13.5423728814
12.95
13.2033898305
--END OF 1--
16.65
18.0166666667
17.2833333333
17.6333333333
17.186440678
19.1833333333
17.85
15.5333333333
16.4
16.9666666667
16.3898305085
17.2833333333
16.8333333333
17.4833333333
16.55
17.3
15.7457627119
16.4666666667
16.8
16.2666666667
15.9833333333
17.1694915254
16.6666666667
17.0666666667
16.4333333333
16.45
15.8983050847
15.1
17.1333333333
16.8333333333
16.65
15.6440677966
17.8166666667
17.6166666667
17.0166666667
18.05
18.7796610169
18.25
19.35
19.7833333333
19.6333333333
17.9166666667
18.7627118644
18.6666666667
19.15
21.2833333333
18.9166666667
19.5423728814
19.45
18.4
17.8833333333
17.9166666667
19.2033898305
18.6833333333
19.05
18.7833333333
19.4166666667
18.7288135593
17.55
17.9322033898
--END OF 2--
18.15
18.85
17.65
17.6333333333
17.7627118644
20.15
18.0
15.8
16.7
17.6
17.2033898305
18.1333333333
17.1833333333
17.9333333333
16.55
17.9
16.4576271186
16.8666666667
17.8333333333
16.5833333333
16.3333333333
17.7966101695
16.8666666667
18.3
17.2833333333
16.45
16.1016949153
15.7
19.8833333333
17.1833333333
18.3
16.4406779661
18.3666666667
18.5166666667
17.9333333333
18.4
19.7966101695
19.1333333333
20.8166666667
20.0333333333
20.5833333333
18.5
18.7627118644
19.2166666667
19.95
24.0
19.4
20.0508474576
19.55
19.2166666667
18.1833333333
19.1333333333
19.4237288136
19.95
20.1
19.9
20.0166666667
18.8813559322
17.8
19.0
--END OF 3--
12.5833333333
12.5833333333
12.3833333333
11.8833333333
12.1186440678
12.7
13.0333333333
11.9166666667
11.9666666667
12.8833333333
12.3728813559
12.8333333333
12.1333333333
11.6833333333
12.0
12.1
11.9661016949
11.7666666667
12.1
11.9666666667
11.7833333333
12.0677966102
11.8166666667
11.7166666667
11.1666666667
11.5166666667
11.8644067797
11.05
12.0833333333
11.8333333333
11.9
11.4237288136
11.7666666667
12.7166666667
12.2833333333
12.5166666667
12.9322033898
12.7666666667
13.55
13.45
12.8166666667
13.0666666667
13.5254237288
13.1166666667
12.75
13.7833333333
13.15
12.6440677966
12.6
13.0833333333
12.6333333333
12.7666666667
13.3389830508
13.6666666667
14.0666666667
13.1333333333
13.4
13.5423728814
12.95
13.2033898305
--END OF 4--
16.65
18.0166666667
17.2833333333
17.6333333333
17.186440678
19.1833333333
17.85
15.5333333333
16.4
16.9666666667
16.3898305085
17.2833333333
16.8333333333
17.4833333333
16.55
17.3
15.7457627119
16.4666666667
16.8
16.2666666667
15.9833333333
17.1694915254
16.6666666667
17.0666666667
16.4333333333
16.45
15.8983050847
15.1
17.1333333333
16.8333333333
16.65
15.6440677966
17.8166666667
17.6166666667
17.0166666667
18.05
18.7796610169
18.25
19.35
19.7833333333
19.6333333333
17.9166666667
18.7627118644
18.6666666667
19.15
21.2833333333
18.9166666667
19.5423728814
19.45
18.4
17.8833333333
17.9166666667
19.2033898305
18.6833333333
19.05
18.7833333333
19.4166666667
18.7288135593
17.55
17.9322033898
--END OF 5--
18.15
18.85
17.65
17.6333333333
17.7627118644
20.15
18.0
15.8
16.7
17.6
17.2033898305
18.1333333333
17.1833333333
17.9333333333
16.55
17.9
16.4576271186
16.8666666667
17.8333333333
16.5833333333
16.3333333333
17.7966101695
16.8666666667
18.3
17.2833333333
16.45
16.1016949153
15.7
19.8833333333
17.1833333333
18.3
16.4406779661
18.3666666667
18.5166666667
17.9333333333
18.4
19.7966101695
19.1333333333
20.8166666667
20.0333333333
20.5833333333
18.5
18.7627118644
19.2166666667
19.95
24.0
19.4
20.0508474576
19.55
19.2166666667
18.1833333333
19.1333333333
19.4237288136
19.95
20.1
19.9
20.0166666667
18.8813559322
17.8
19.0
--END OF 6--
2304.2
2443.4
2377.55
2268.35
2237.84745763
2431.8
2507.45
2243.7
2312.9
2312.3
2306.08474576
2364.6
2343.0
2355.45
2312.25
2408.85
2336.69491525
2358.4
2323.3
2252.15
2236.45
2294.28813559
2218.8
2335.45
2245.55
2315.25
2327.79661017
2164.8
2368.95
2241.3
2263.35
2261.33898305
2387.35
2519.5
2443.0
2509.75
2569.72881356
2430.05
2496.65
2564.4
2562.9
2466.5
2606.89830508
2446.95
2444.7
2656.85
2508.25
2422.88135593
2599.8
2504.45
2512.75
2419.6
2567.33898305
2529.65
2599.8
2557.0
2535.6
2535.61016949
2421.6
2526.76271186
--END OF 7--
657.7
691.9
669.216666667
641.833333333
639.440677966
684.633333333
700.1
637.183333333
647.666666667
650.9
655.050847458
660.9
664.8
663.95
648.7
668.85
644.372881356
655.4
651.65
626.65
616.35
653.847457627
621.633333333
656.1
627.133333333
658.283333333
644.203389831
609.65
675.8
637.2
635.05
628.084745763
671.666666667
701.866666667
671.583333333
682.633333333
718.627118644
675.983333333
707.066666667
733.4
709.816666667
693.266666667
729.491525424
708.45
699.8
753.116666667
697.466666667
689.101694915
722.95
704.416666667
709.55
684.166666667
713.711864407
703.383333333
727.766666667
694.933333333
699.416666667
706.355932203
678.75
706.491525424
--END OF 8--
93.7833333333
109.333333333
106.316666667
107.266666667
103.474576271
121.383333333
107.85
92.7333333333
94.7
97.5833333333
86.1355932203
104.85
103.55
110.85
102.7
108.65
96.6271186441
108.966666667
102.1
91.6833333333
101.633333333
95.4745762712
106.3
107.133333333
100.366666667
97.3666666667
89.7966101695
81.0
107.0
98.5
96.5
91.7796610169
114.316666667
105.683333333
90.9166666667
110.533333333
124.93220339
113.1
118.783333333
124.466666667
119.45
102.016666667
115.186440678
123.05
127.5
129.766666667
119.683333333
136.525423729
126.666666667
121.983333333
97.1333333333
100.883333333
125.559322034
115.766666667
115.566666667
113.85
121.2
110.779661017
105.65
112.169491525
--END OF 9--
4.18333333333
3.46666666667
3.71666666667
5.95
7.20338983051
6.71666666667
1.8
1.9
2.95
5.43333333333
2.61016949153
3.75
1.7
6.25
3.7
5.95
2.72881355932
2.55
5.35
3.6
2.71666666667
5.74576271186
4.11666666667
4.13333333333
6.06666666667
2.91666666667
3.42372881356
2.8
9.15
5.0
6.25
4.49152542373
4.95
4.4
5.68333333333
3.98333333333
4.84745762712
5.0
8.73333333333
4.96666666667
6.7
3.95
3.79661016949
2.95
5.7
14.3166666667
4.55
5.94915254237
2.96666666667
5.23333333333
5.95
7.1
3.93220338983
6.26666666667
4.51666666667
5.28333333333
6.53333333333
4.4406779661
3.65
5.96610169492
--END OF 10--
2.5
1.45
0.566666666667
0.0
0.627118644068
1.58333333333
0.366666666667
0.35
0.283333333333
0.866666666667
1.35593220339
1.15
0.65
0.5
0.0
0.95
1.20338983051
0.866666666667
1.11666666667
0.383333333333
0.833333333333
0.169491525424
0.0
1.86666666667
1.13333333333
0.0
0.0
0.95
3.55
0.5
2.3
0.847457627119
0.85
1.18333333333
0.833333333333
0.0
1.49152542373
1.18333333333
1.65
0.55
1.41666666667
1.06666666667
0.0
0.65
0.85
3.6
0.3
0.508474576271
0.0
1.11666666667
0.833333333333
1.85
0.0
1.15
1.7
1.65
0.5
0.0
0.5
1.33898305085
--END OF 11--
1.0
0.0
0.5
0.0
0.0
0.0
0.0
0.0
0.0
0.0
0.203389830508
0.3
0.0
0.5
0.0
0.0
0.0
0.0
0.0
0.0
0.0
0.0
0.0
0.0
0.0
0.0
0.0
0.0
0.0
0.0
0.15
0.35593220339
0.0
0.0
0.0
0.0
0.237288135593
0.0
0.466666666667
0.0333333333333
0.5
0.0
0.0
0.0
0.5
1.83333333333
0.0
0.0
0.0
0.3
0.166666666667
0.0
0.0
0.316666666667
0.183333333333
0.5
0.5
0.0
0.0
0.271186440678
--END OF 12--
