27.0166666667
25.95
25.75
26.4166666667
25.5084745763
26.0666666667
26.1666666667
27.1
26.3333333333
25.9333333333
26.3220338983
25.05
25.8
25.0833333333
23.85
24.4333333333
24.6101694915
24.25
23.75
23.65
24.6333333333
24.8644067797
24.6333333333
25.4
25.0666666667
25.5166666667
24.6666666667
24.4745762712
23.9
24.6333333333
23.7333333333
24.5333333333
23.4745762712
24.75
24.3166666667
22.4166666667
23.2333333333
22.9666666667
23.3559322034
24.1
24.15
23.9
22.95
22.8474576271
22.8333333333
22.4166666667
22.0333333333
22.6833333333
21.6166666667
23.0677966102
22.4
20.5
22.9
22.7796610169
23.3
22.0666666667
21.95
23.2333333333
22.9666666667
28.0
--END OF 1--
40.25
39.4833333333
40.3833333333
39.75
39.3220338983
40.6333333333
41.6666666667
42.75
40.9166666667
42.35
40.2711864407
39.1
38.25
36.4333333333
35.6333333333
35.4
37.406779661
35.8
37.25
34.9166666667
38.0666666667
36.7457627119
36.3
37.9666666667
38.3666666667
38.15
35.85
37.3389830508
37.5333333333
36.2166666667
33.55
36.2833333333
34.8813559322
35.25
35.55
36.2166666667
34.5166666667
34.4666666667
35.2033898305
34.65
34.6666666667
35.8833333333
32.35
33.0847457627
33.6333333333
33.9166666667
32.65
32.1333333333
32.9
33.6440677966
31.1
30.15
34.15
32.0508474576
33.0833333333
33.6
32.4333333333
32.55
33.0333333333
40.8305084746
--END OF 2--
42.0666666667
42.05
41.7166666667
42.1666666667
41.0508474576
44.2666666667
44.2
45.8166666667
43.0833333333
43.9833333333
43.0338983051
40.85
40.1333333333
38.2666666667
38.8833333333
36.6166666667
39.7966101695
36.7166666667
38.6166666667
36.8833333333
40.3
37.9830508475
37.7166666667
39.0833333333
40.3666666667
39.2166666667
37.1666666667
40.7796610169
39.6
38.65
36.5833333333
38.1333333333
35.8813559322
37.05
37.2333333333
37.5666666667
36.2333333333
36.4166666667
38.5762711864
36.0833333333
36.3833333333
38.2833333333
34.0833333333
34.6610169492
34.6166666667
34.2
33.4333333333
32.8333333333
35.0333333333
34.5254237288
33.4
32.0
35.8
33.1186440678
34.7666666667
34.4
33.5666666667
33.7166666667
33.7666666667
42.593220339
--END OF 3--
23.6
23.1666666667
22.9333333333
23.3
22.9152542373
23.25
22.9666666667
23.7666666667
23.1666666667
22.9
23.0169491525
22.5666666667
23.1333333333
22.7666666667
22.0333333333
22.25
22.186440678
22.3333333333
21.7166666667
22.0
22.5833333333
22.7627118644
22.15
22.9166666667
22.7166666667
22.9666666667
22.5166666667
22.3898305085
22.15
22.5333333333
21.65
22.4666666667
21.9830508475
22.65
22.3666666667
21.1666666667
21.6166666667
21.7166666667
21.8644067797
22.2166666667
22.15
22.05
21.7166666667
21.4915254237
21.4833333333
21.1666666667
21.0333333333
21.3833333333
20.4666666667
21.813559322
21.2
20.05
21.65
21.4406779661
21.7833333333
21.0666666667
20.8666666667
21.8833333333
21.5
24.2542372881
--END OF 4--
35.8
35.4166666667
35.8166666667
35.6166666667
35.3050847458
36.1833333333
36.5333333333
37.2833333333
36.0666666667
37.0
35.5593220339
35.1166666667
34.7833333333
33.5666666667
32.7666666667
32.9166666667
33.9830508475
33.1833333333
33.95
32.6666666667
34.6833333333
33.7288135593
33.3
34.5666666667
34.9166666667
34.65
33.1833333333
34.1186440678
34.3666666667
33.3666666667
31.7666666667
33.5833333333
32.6949152542
32.8
33.0833333333
33.2666666667
32.25
32.5166666667
32.8474576271
32.4833333333
32.5
33.2
31.15
31.5254237288
31.8166666667
32.0
31.2666666667
30.8333333333
31.3166666667
31.8983050847
30.45
29.65
32.15
31.0508474576
31.5833333333
32.0333333333
31.3333333333
31.3
31.4333333333
36.1355932203
--END OF 5--
42.0666666667
42.05
41.7166666667
42.0833333333
41.0508474576
43.6833333333
43.8
45.0666666667
42.6666666667
43.6833333333
43.0338983051
40.8
40.1333333333
38.2666666667
38.8833333333
36.6166666667
39.7966101695
36.7166666667
38.6166666667
36.8833333333
40.3
37.9830508475
37.7166666667
39.0833333333
40.3666666667
39.2166666667
37.1666666667
40.7796610169
39.6
38.65
36.5833333333
38.1333333333
35.8813559322
37.05
37.2333333333
37.5666666667
36.2333333333
36.4166666667
38.5762711864
36.0833333333
36.3833333333
38.2833333333
34.0833333333
34.6610169492
34.6166666667
34.2
33.4333333333
32.8333333333
35.0333333333
34.5254237288
33.4
32.0
35.8
33.1186440678
34.7666666667
34.4
33.5666666667
33.7166666667
33.7666666667
42.5084745763
--END OF 6--
4937.25
4808.25
4817.3
4803.8
4812.71186441
4910.9
4939.05
5087.2
4954.85
4976.45
4935.3559322
4628.4
4744.85
4622.3
4513.1
4538.55
4616.18644068
4450.85
4575.8
4466.2
4583.1
4597.3220339
4699.75
4732.95
4627.45
4691.3
4584.0
4568.18644068
4454.1
4559.9
4367.9
4530.95
4344.0
4471.5
4459.1
4357.65
4483.45
4314.3
4339.57627119
4506.4
4491.2
4509.35
4281.6
4293.45762712
4314.35
4316.0
4087.85
4212.25
4246.75
4211.33898305
4197.15
3769.5
4202.7
4176.86440678
4300.0
4199.8
4094.5
4289.8
4265.7
5104.52542373
--END OF 7--
1418.06666667
1368.53333333
1357.06666667
1369.73333333
1350.38983051
1376.41666667
1398.25
1438.21666667
1404.63333333
1417.05
1399.16949153
1328.91666667
1345.91666667
1301.46666667
1273.85
1280.13333333
1305.01694915
1253.51666667
1286.38333333
1238.6
1279.46666667
1294.3220339
1316.53333333
1323.18333333
1313.21666667
1332.11666667
1281.36666667
1290.83050847
1253.16666667
1267.53333333
1235.26666667
1276.95
1221.98305085
1264.45
1262.7
1232.7
1251.03333333
1199.55
1222.3220339
1245.8
1256.55
1263.0
1179.65
1172.94915254
1191.81666667
1203.5
1147.11666667
1193.41666667
1185.03333333
1199.28813559
1154.5
1060.9
1190.55
1167.59322034
1195.35
1172.1
1139.7
1197.08333333
1201.83333333
1427.49152542
--END OF 8--
253.733333333
268.533333333
282.533333333
257.25
264.694915254
262.65
251.066666667
276.5
284.95
295.366666667
272.711864407
252.95
239.466666667
232.833333333
238.333333333
228.95
237.169491525
222.916666667
245.033333333
225.816666667
249.05
233.966101695
221.45
245.283333333
250.633333333
233.633333333
220.516666667
256.93220339
243.733333333
218.1
213.766666667
223.266666667
214.762711864
208.75
230.666666667
229.0
210.85
229.25
217.593220339
209.733333333
220.866666667
233.066666667
188.966666667
201.796610169
219.083333333
219.833333333
191.616666667
181.433333333
201.383333333
202.338983051
185.9
185.85
221.65
182.610169492
203.25
208.9
193.0
197.883333333
205.05
268.949152542
--END OF 9--
13.7833333333
12.7833333333
13.2166666667
14.15
11.2372881356
22.5333333333
25.6666666667
19.5166666667
12.4833333333
17.0833333333
19.9322033898
21.1666666667
12.7833333333
8.93333333333
12.3166666667
8.65
14.8983050847
11.6166666667
15.1166666667
12.0
17.4
11.0169491525
12.6666666667
11.2166666667
12.9666666667
10.4333333333
10.6833333333
17.9830508475
17.6
16.9833333333
10.0833333333
13.0833333333
12.7457627119
12.8
11.3
17.1
12.75
11.3
19.1016949153
10.2166666667
10.7166666667
13.1
9.03333333333
11.1186440678
8.61666666667
7.4
10.1666666667
10.8
16.35
7.49152542373
8.5
11.3
12.45
11.4745762712
9.68333333333
8.88333333333
12.6166666667
8.45
8.2
12.406779661
--END OF 10--
2.13333333333
3.31666666667
1.86666666667
3.15
2.79661016949
5.01666666667
3.31666666667
4.48333333333
3.18333333333
1.76666666667
3.30508474576
1.85
2.63333333333
2.76666666667
4.48333333333
0.966666666667
2.93220338983
1.06666666667
2.15
1.8
3.18333333333
1.71186440678
2.2
1.23333333333
3.0
1.51666666667
1.8
4.84745762712
3.11666666667
3.5
4.13333333333
2.48333333333
1.40677966102
2.7
2.68333333333
2.0
2.35
2.55
4.50847457627
1.7
2.25
3.35
2.03333333333
2.62711864407
1.31666666667
0.233333333333
0.783333333333
0.433333333333
3.2
1.30508474576
3.9
2.35
1.65
1.45762711864
2.7
0.983333333333
1.25
1.5
1.05
2.61016949153
--END OF 11--
0.0
0.0
0.05
0.683333333333
0.0
0.466666666667
0.216666666667
1.01666666667
0.95
0.833333333333
0.661016949153
0.2
0.5
0.0
1.1
0.0333333333333
0.508474576271
0.3
0.566666666667
0.5
0.0
0.0
0.433333333333
0.0
0.433333333333
0.766666666667
0.366666666667
0.0
0.366666666667
0.133333333333
0.866666666667
0.166666666667
0.508474576271
0.0
0.233333333333
0.0
0.616666666667
0.35
0.406779661017
0.0
1.4
0.433333333333
0.466666666667
0.508474576271
0.466666666667
0.0
0.05
0.4
0.733333333333
0.28813559322
0.25
0.75
0.5
0.508474576271
0.3
0.0
0.0
0.733333333333
0.466666666667
0.169491525424
--END OF 12--
