15.4915254237
15.2666666667
15.6833333333
17.1833333333
16.6333333333
15.5833333333
14.9491525424
14.95
14.9666666667
15.0333333333
14.8833333333
15.3333333333
14.4406779661
13.1666666667
14.2666666667
14.3333333333
13.55
14.9666666667
14.0847457627
13.2666666667
13.15
14.75
14.65
14.0666666667
14.0677966102
15.2166666667
13.7333333333
13.7
14.8
13.6
14.4237288136
14.5833333333
13.5833333333
13.3166666667
13.2833333333
13.7833333333
13.2372881356
13.3
13.0
13.65
14.0
14.45
12.6440677966
13.1833333333
13.8833333333
13.8833333333
13.1166666667
13.7966101695
15.35
13.3833333333
12.9166666667
13.0
13.6
13.9152542373
14.2333333333
12.95
14.75
13.8666666667
12.5084745763
15.0
--END OF 1--
21.3559322034
20.3666666667
20.5833333333
23.0833333333
22.9333333333
21.8833333333
20.6949152542
19.7
20.4833333333
20.5666666667
19.9
21.0
19.3559322034
19.0666666667
18.9666666667
19.65
19.4666666667
20.1166666667
18.9491525424
18.5166666667
17.05
19.45
18.55
18.2666666667
18.6949152542
20.3
17.4
18.6666666667
20.2166666667
19.6833333333
18.0847457627
19.7
18.4666666667
18.05
17.7333333333
18.3166666667
17.9491525424
18.15
18.3
18.5
18.05
19.35
17.6949152542
17.7166666667
18.4833333333
17.8666666667
18.1166666667
18.0508474576
19.9
16.8333333333
17.8333333333
17.6
18.5666666667
19.0
18.9333333333
17.6666666667
19.1
19.0166666667
16.7288135593
20.0517241379
--END OF 2--
21.9661016949
20.9666666667
21.7833333333
23.3333333333
23.3333333333
22.8333333333
21.6610169492
20.5333333333
21.55
21.3833333333
20.7333333333
21.7833333333
19.6779661017
19.2666666667
19.3833333333
20.2833333333
19.85
20.8
19.2372881356
18.5166666667
17.15
20.05
19.4
18.6666666667
18.9491525424
20.5
18.0
19.9166666667
20.5166666667
20.0166666667
18.9661016949
20.2833333333
18.8833333333
18.5833333333
18.0166666667
18.6166666667
18.1525423729
18.65
18.85
19.35
18.4
20.35
17.7966101695
17.9666666667
19.2666666667
18.1333333333
19.1166666667
18.6271186441
20.6833333333
17.45
18.8833333333
17.8333333333
19.0166666667
19.4576271186
19.3833333333
18.2833333333
19.45
19.4166666667
17.2203389831
20.5689655172
--END OF 3--
15.4915254237
15.2666666667
15.6833333333
17.1833333333
16.6333333333
15.5833333333
14.9491525424
14.95
14.9666666667
15.0333333333
14.8833333333
15.3333333333
14.4406779661
13.1666666667
14.2666666667
14.3333333333
13.55
14.9666666667
14.0847457627
13.2666666667
13.15
14.75
14.65
14.0666666667
14.0677966102
15.2166666667
13.7333333333
13.7
14.8
13.6
14.4237288136
14.5833333333
13.5833333333
13.3166666667
13.2833333333
13.7833333333
13.2372881356
13.3
13.0
13.65
14.0
14.45
12.6440677966
13.1833333333
13.8833333333
13.8833333333
13.1166666667
13.7966101695
15.35
13.3833333333
12.9166666667
13.0
13.6
13.9152542373
14.2333333333
12.95
14.75
13.8666666667
12.5084745763
15.0
--END OF 4--
21.3559322034
20.3666666667
20.5833333333
23.0833333333
22.9333333333
21.8833333333
20.6949152542
19.7
20.4833333333
20.5666666667
19.9
21.0
19.3559322034
19.0666666667
18.9666666667
19.65
19.4666666667
20.1166666667
18.9491525424
18.5166666667
17.05
19.45
18.55
18.2666666667
18.6949152542
20.3
17.4
18.6666666667
20.2166666667
19.6833333333
18.0847457627
19.7
18.4666666667
18.05
17.7333333333
18.3166666667
17.9491525424
18.15
18.3
18.5
18.05
19.35
17.6949152542
17.7166666667
18.4833333333
17.8666666667
18.1166666667
18.0508474576
19.9
16.8333333333
17.8333333333
17.6
18.5666666667
19.0
18.9333333333
17.6666666667
19.1
19.0166666667
16.7288135593
20.0517241379
--END OF 5--
21.9661016949
20.9666666667
21.7833333333
23.3333333333
23.3333333333
22.8333333333
21.6610169492
20.5333333333
21.55
21.3833333333
20.7333333333
21.7833333333
19.6779661017
19.2666666667
19.3833333333
20.2833333333
19.85
20.8
19.2372881356
18.5166666667
17.15
20.05
19.4
18.6666666667
18.9491525424
20.5
18.0
19.9166666667
20.5166666667
20.0166666667
18.9661016949
20.2833333333
18.8833333333
18.5833333333
18.0166666667
18.6166666667
18.1525423729
18.65
18.85
19.35
18.4
20.35
17.7966101695
17.9666666667
19.2666666667
18.1333333333
19.1166666667
18.6271186441
20.6833333333
17.45
18.8833333333
17.8333333333
19.0166666667
19.4576271186
19.3833333333
18.2833333333
19.45
19.4166666667
17.2203389831
20.5689655172
--END OF 6--
2967.96610169
2830.5
2897.25
3072.6
3040.2
2886.9
2842.57627119
2784.55
2889.1
2788.8
2793.0
2891.15
2729.89830508
2591.65
2700.65
2748.35
2582.7
2782.0
2627.74576271
2494.3
2495.7
2793.45
2676.75
2602.5
2588.33898305
2719.85
2512.05
2638.7
2755.05
2644.9
2641.83050847
2777.95
2520.1
2534.95
2460.15
2578.1
2525.94915254
2506.2
2504.4
2558.1
2594.55
2638.5
2458.6779661
2550.4
2613.55
2652.15
2530.1
2507.49152542
2692.35
2499.25
2519.0
2456.6
2611.8
2652.55932203
2674.95
2608.45
2766.6
2625.15
2470.83050847
2801.84482759
--END OF 7--
813.322033898
792.1
810.95
861.6
862.6
815.766666667
784.576271186
779.583333333
798.033333333
788.116666667
780.4
815.433333333
775.101694915
729.033333333
752.166666667
753.55
737.083333333
774.816666667
736.203389831
700.783333333
685.9
773.45
754.0
735.55
722.661016949
779.15
709.65
725.533333333
778.8
744.166666667
736.949152542
758.55
711.733333333
707.866666667
697.066666667
719.333333333
701.847457627
703.9
697.45
715.4
716.65
741.75
693.813559322
712.65
718.666666667
724.4
704.25
715.830508475
769.9
680.5
691.95
688.483333333
716.683333333
742.389830508
749.55
720.983333333
775.45
746.1
683.610169492
788.672413793
--END OF 8--
114.033898305
109.55
109.4
133.0
132.85
132.166666667
122.305084746
108.416666667
123.75
118.866666667
110.383333333
121.166666667
113.06779661
114.933333333
109.016666667
111.533333333
122.466666667
114.216666667
109.033898305
99.2666666667
89.9
103.65
99.6
101.45
100.440677966
96.4833333333
91.3
110.866666667
115.016666667
106.666666667
90.5762711864
110.666666667
105.35
95.7666666667
105.233333333
109.5
103.033898305
103.45
110.25
100.75
99.0
103.6
102.576271186
108.766666667
114.133333333
94.8166666667
114.566666667
96.8983050847
110.366666667
86.5666666667
115.15
93.3166666667
99.7333333333
110.728813559
109.7
116.366666667
104.15
107.95
101.372881356
107.24137931
--END OF 9--
5.83050847458
6.25
3.45
5.9
6.4
6.66666666667
5.66101694915
5.26666666667
4.05
5.61666666667
4.4
4.66666666667
4.01694915254
3.31666666667
2.51666666667
4.8
5.13333333333
3.81666666667
2.84745762712
4.81666666667
2.15
2.75
2.45
1.7
3.33898305085
3.65
2.23333333333
4.73333333333
3.11666666667
5.61666666667
2.72881355932
5.75
2.66666666667
2.93333333333
2.36666666667
2.43333333333
3.13559322034
3.1
5.25
4.85
3.1
6.85
3.50847457627
1.0
4.2
3.23333333333
4.21666666667
4.16949152542
4.03333333333
3.26666666667
3.8
2.68333333333
4.93333333333
5.52542372881
3.25
3.46666666667
2.25
2.95
2.47457627119
2.18965517241
--END OF 10--
0.864406779661
0.9
0.75
0.0
0.7
0.933333333333
1.49152542373
1.08333333333
1.5
1.13333333333
0.75
1.46666666667
0.542372881356
0.0
0.516666666667
0.483333333333
0.683333333333
0.95
0.372881355932
0.0
0.2
0.8
0.95
0.55
0.508474576271
0.5
1.0
2.0
0.5
0.65
1.37288135593
1.0
0.5
0.733333333333
0.533333333333
0.5
0.35593220339
0.65
0.25
0.75
0.75
1.6
0.152542372881
0.5
1.0
0.233333333333
1.5
1.06779661017
1.13333333333
1.21666666667
1.08333333333
0.283333333333
0.416666666667
0.593220338983
0.5
0.866666666667
0.75
0.75
0.898305084746
0.827586206897
--END OF 11--
0.0
0.25
0.75
0.0
0.0
0.0
0.0338983050847
0.9
0.15
0.816666666667
0.0666666666667
0.0
0.0
0.0
0.0
0.0
0.0
0.0
0.0
0.0
0.0
0.0
0.0
0.5
0.0
0.0
0.0
0.5
0.0
0.0
0.0
0.316666666667
0.183333333333
0.0
0.0
0.0
0.0
0.5
0.25
0.75
0.0
0.0
0.0
0.0
0.0
0.0
0.0
0.0677966101695
0.433333333333
0.0166666666667
0.483333333333
0.0
0.0
0.0
0.0
0.0
0.0
0.0
0.0
0.258620689655
--END OF 12--
