12.25
12.55
12.2
12.25
12.0508474576
12.8833333333
10.95
11.3333333333
10.9166666667
11.45
12.45
12.2033898305
12.85
12.4
12.25
12.0333333333
11.7966101695
11.35
12.3833333333
12.3833333333
12.7666666667
12.5593220339
11.7333333333
12.1833333333
12.2166666667
12.35
12.0169491525
12.4
11.9666666667
12.1166666667
12.0333333333
12.65
12.6949152542
11.5166666667
12.2833333333
11.1666666667
11.6666666667
11.4406779661
11.9333333333
12.1833333333
12.85
11.85
11.7288135593
12.3
12.05
11.95
12.0166666667
11.4915254237
12.1833333333
11.6833333333
12.7
12.1333333333
10.6949152542
12.4833333333
12.3
11.8333333333
12.0
12.0847457627
12.45
11.8596491228
--END OF 1--
16.9833333333
18.1
17.4833333333
17.55
16.813559322
17.0666666667
15.3333333333
15.7833333333
15.3166666667
17.0166666667
17.3333333333
16.593220339
18.1
16.6
17.45
16.3333333333
16.5762711864
15.0666666667
16.7166666667
17.35
17.05
18.3898305085
15.0
16.1666666667
15.5166666667
18.0833333333
17.1525423729
16.3
16.4666666667
17.0666666667
17.25
17.45
17.0338983051
16.0
17.2833333333
15.95
15.8
16.0
16.15
16.4
16.6666666667
16.9666666667
15.8644067797
16.5
16.35
16.45
16.1166666667
15.4915254237
16.8166666667
15.9166666667
17.35
16.6
14.8474576271
17.0333333333
17.25
15.7
16.7833333333
17.2542372881
16.6
17.0877192982
--END OF 2--
18.4166666667
18.9333333333
17.7333333333
17.75
17.593220339
17.3166666667
15.9333333333
16.4166666667
15.9833333333
17.4
18.2
16.9322033898
19.1
17.55
17.5
17.0333333333
16.6949152542
15.0666666667
16.85
17.85
17.75
18.813559322
15.2833333333
16.9833333333
15.9666666667
18.25
17.4406779661
17.85
16.8666666667
17.3166666667
17.9666666667
17.45
17.2372881356
16.9833333333
18.0833333333
16.9
16.65
16.7796610169
16.3166666667
17.6833333333
16.9333333333
17.55
17.1694915254
16.6
16.75
16.8
16.2166666667
15.5254237288
17.1833333333
16.1833333333
17.6
17.45
15.4745762712
17.35
17.5333333333
15.85
17.0833333333
18.1186440678
17.75
17.9824561404
--END OF 3--
12.25
12.55
12.2
12.25
12.0508474576
12.8833333333
10.95
11.3333333333
10.9166666667
11.45
12.45
12.2033898305
12.85
12.4
12.25
12.0333333333
11.7966101695
11.35
12.3833333333
12.3833333333
12.7666666667
12.5593220339
11.7333333333
12.1833333333
12.2166666667
12.35
12.0169491525
12.4
11.9666666667
12.1166666667
12.0333333333
12.65
12.6949152542
11.5166666667
12.2833333333
11.1666666667
11.6666666667
11.4406779661
11.9333333333
12.1833333333
12.85
11.85
11.7288135593
12.3
12.05
11.95
12.0166666667
11.4915254237
12.1833333333
11.6833333333
12.7
12.1333333333
10.6949152542
12.4833333333
12.3
11.8333333333
12.0
12.0847457627
12.45
11.8596491228
--END OF 4--
16.9833333333
18.1
17.4833333333
17.55
16.813559322
17.0666666667
15.3333333333
15.7833333333
15.3166666667
17.0166666667
17.3333333333
16.593220339
18.1
16.6
17.45
16.3333333333
16.5762711864
15.0666666667
16.7166666667
17.35
17.05
18.3898305085
15.0
16.1666666667
15.5166666667
18.0833333333
17.1525423729
16.3
16.4666666667
17.0666666667
17.25
17.45
17.0338983051
16.0
17.2833333333
15.95
15.8
16.0
16.15
16.4
16.6666666667
16.9666666667
15.8644067797
16.5
16.35
16.45
16.1166666667
15.4915254237
16.8166666667
15.9166666667
17.35
16.6
14.8474576271
17.0333333333
17.25
15.7
16.7833333333
17.2542372881
16.6
17.0877192982
--END OF 5--
18.4166666667
18.9333333333
17.7333333333
17.75
17.593220339
17.3166666667
15.9333333333
16.4166666667
15.9833333333
17.4
18.2
16.9322033898
19.1
17.55
17.5
17.0333333333
16.6949152542
15.0666666667
16.85
17.85
17.75
18.813559322
15.2833333333
16.9833333333
15.9666666667
18.25
17.4406779661
17.85
16.8666666667
17.3166666667
17.9666666667
17.45
17.2372881356
16.9833333333
18.0833333333
16.9
16.65
16.7796610169
16.3166666667
17.6833333333
16.9333333333
17.55
17.1694915254
16.6
16.75
16.8
16.2166666667
15.5254237288
17.1833333333
16.1833333333
17.6
17.45
15.4745762712
17.35
17.5333333333
15.85
17.0833333333
18.1186440678
17.75
17.9824561404
--END OF 6--
2308.95
2424.35
2348.65
2460.55
2450.74576271
2472.35
2254.5
2315.4
2173.4
2216.3
2273.4
2339.54237288
2354.25
2379.3
2431.8
2198.55
2294.79661017
2231.85
2345.1
2415.5
2452.95
2407.62711864
2298.3
2334.5
2345.25
2400.25
2290.72881356
2295.0
2392.5
2288.25
2386.95
2335.35
2351.38983051
2228.35
2257.3
2343.75
2370.45
2218.11864407
2275.4
2250.9
2334.35
2321.4
2227.22033898
2264.7
2242.35
2241.75
2337.3
2194.16949153
2319.7
2191.05
2277.1
2225.55
2056.93220339
2296.85
2338.4
2306.8
2279.65
2306.38983051
2248.35
2342.52631579
--END OF 7--
650.233333333
676.2
676.466666667
684.266666667
668.813559322
687.816666667
617.5
646.316666667
613.283333333
626.85
650.8
652.661016949
679.9
654.1
681.45
633.4
656.118644068
623.0
665.983333333
674.95
668.5
670.254237288
622.716666667
651.416666667
653.3
667.3
647.220338983
639.55
652.15
646.6
671.783333333
657.6
664.101694915
626.083333333
645.983333333
645.05
640.05
623.576271186
639.433333333
634.016666667
653.283333333
655.683333333
627.118644068
644.65
636.6
627.45
651.35
624.813559322
653.633333333
616.633333333
661.316666667
634.5
581.203389831
661.35
653.75
643.433333333
644.533333333
649.13559322
638.0
660.754385965
--END OF 8--
108.183333333
111.8
113.0
105.833333333
95.0
96.1333333333
94.3
92.8666666667
87.5
111.55
98.7666666667
90.7288135593
105.65
93.1
96.55
98.7
100.084745763
80.8166666667
95.3166666667
101.95
105.016666667
107.491525424
88.8333333333
93.2166666667
75.8
98.5666666667
96.5593220339
92.5
93.55
100.7
112.8
107.05
95.406779661
94.35
106.616666667
99.1333333333
82.9833333333
96.8305084746
103.6
99.75
85.5166666667
102.1
99.0169491525
87.4
96.35
97.85
84.8
91.186440678
95.1
99.25
97.0666666667
102.75
92.3728813559
100.616666667
106.083333333
80.0333333333
98.5833333333
105.898305085
102.9
119.438596491
--END OF 9--
4.63333333333
4.86666666667
3.25
5.63333333333
5.72881355932
3.61666666667
2.85
3.13333333333
4.11666666667
4.13333333333
7.43333333333
3.84745762712
5.6
3.7
3.8
4.3
3.25423728814
1.91666666667
1.98333333333
3.83333333333
4.23333333333
4.67796610169
1.46666666667
2.2
1.88333333333
3.93333333333
2.35593220339
4.05
3.0
3.85
3.15
3.1
3.64406779661
5.55
4.96666666667
3.3
4.03333333333
6.28813559322
0.916666666667
3.76666666667
3.03333333333
4.3
3.81355932203
3.0
3.85
4.15
2.75
1.28813559322
1.76666666667
3.2
5.13333333333
3.63333333333
3.50847457627
3.45
3.1
2.76666666667
3.13333333333
4.22033898305
4.15
4.45614035088
--END OF 10--
1.76666666667
0.916666666667
0.5
0.45
1.37288135593
0.566666666667
0.983333333333
0.533333333333
1.03333333333
0.466666666667
0.416666666667
0.542372881356
1.6
1.4
0.45
1.1
0.169491525424
0.0
0.266666666667
1.0
1.45
0.796610169492
0.5
1.31666666667
0.683333333333
0.0
0.203389830508
1.8
0.0
0.35
1.31666666667
0.0
0.0
1.11666666667
0.966666666667
0.95
0.966666666667
1.52542372881
0.216666666667
1.95
0.45
0.683333333333
2.0
0.0
0.8
0.45
0.25
0.0338983050847
0.466666666667
0.283333333333
0.633333333333
1.46666666667
1.03389830508
0.833333333333
0.666666666667
0.5
0.0
1.16949152542
1.35
1.26315789474
--END OF 11--
1.76666666667
0.666666666667
0.0
0.0
0.423728813559
0.0833333333333
0.466666666667
0.533333333333
0.5
0.0
0.0
0.0
0.0
0.0
0.0
0.5
0.0
0.0
0.0
0.0
0.0
0.0
0.0
0.316666666667
0.183333333333
0.0
0.203389830508
0.8
0.0
0.0
0.0
0.0
0.0
0.0
0.0833333333333
0.95
0.466666666667
0.0
0.0
0.0
0.0
0.0
0.0
0.0
0.0
0.0
0.0
0.0338983050847
0.466666666667
0.0
0.0
0.5
0.0
0.0
0.0
0.0
0.0
0.0
0.0
0.736842105263
--END OF 12--
