11.4333333333
10.7457627119
10.8666666667
10.8666666667
10.6666666667
11.35
10.4166666667
10.4915254237
11.3
11.35
11.0833333333
10.6833333333
12.1333333333
11.7966101695
10.6833333333
11.6833333333
11.0
11.2333333333
12.2203389831
11.75
11.3833333333
10.6
10.8
10.5833333333
11.0847457627
11.75
12.1833333333
11.55
10.7
11.5593220339
11.3
11.7333333333
11.95
12.5
11.6949152542
11.9
11.1666666667
11.3166666667
11.85
12.7
12.9491525424
12.7
11.4
11.75
12.35
12.4
12.8813559322
12.3666666667
12.0166666667
12.0333333333
11.6666666667
12.3220338983
12.7333333333
12.3333333333
11.9833333333
11.1833333333
12.2203389831
12.1833333333
11.7666666667
11.1724137931
--END OF 1--
14.0
14.2203389831
14.15
13.9666666667
14.0666666667
13.7333333333
13.3333333333
13.9491525424
13.4
14.05
14.6833333333
13.9333333333
15.6333333333
14.406779661
13.6333333333
14.4666666667
14.65
14.2333333333
15.2711864407
15.5333333333
14.7333333333
13.4833333333
13.4666666667
13.5333333333
14.0
15.05
15.2833333333
14.8
14.4166666667
14.5593220339
13.9833333333
15.2666666667
15.4833333333
15.2
15.6949152542
15.0666666667
14.1833333333
15.0833333333
14.7666666667
15.25
16.1016949153
16.0
14.75
16.6
16.85
15.2
16.6101694915
15.7
15.85
15.75
15.7166666667
15.3898305085
16.5833333333
16.1833333333
15.8
14.35
15.9322033898
15.8333333333
15.8166666667
14.224137931
--END OF 2--
14.0
14.2203389831
14.4
14.2166666667
14.4666666667
13.95
13.4333333333
14.0338983051
13.9
14.2
14.9833333333
14.3833333333
16.0333333333
15.1016949153
14.05
14.9333333333
15.1833333333
15.0833333333
15.4237288136
15.8
14.9333333333
13.8
14.8666666667
13.9
14.0508474576
15.7
15.3333333333
15.7
14.65
14.5593220339
14.1333333333
15.35
16.65
15.2
16.1016949153
15.0833333333
14.2166666667
16.65
15.3666666667
15.8
16.6440677966
16.35
14.75
16.65
17.2
15.9
17.7288135593
15.9833333333
16.5
16.2166666667
15.7166666667
15.593220339
16.6333333333
16.6833333333
16.1166666667
14.95
16.186440678
16.3333333333
15.9666666667
14.5862068966
--END OF 3--
11.4333333333
10.7457627119
10.8666666667
10.8666666667
10.6666666667
11.35
10.4166666667
10.4915254237
11.3
11.35
11.0833333333
10.6833333333
12.1333333333
11.7966101695
10.6833333333
11.6833333333
11.0
11.2333333333
12.2203389831
11.75
11.3833333333
10.6
10.8
10.5833333333
11.0847457627
11.75
12.1833333333
11.55
10.7
11.5593220339
11.3
11.7333333333
11.95
12.5
11.6949152542
11.9
11.1666666667
11.3166666667
11.85
12.7
12.9491525424
12.7
11.4
11.75
12.35
12.4
12.8813559322
12.3666666667
12.0166666667
12.0333333333
11.6666666667
12.3220338983
12.7333333333
12.3333333333
11.9833333333
11.1833333333
12.2203389831
12.1833333333
11.7666666667
11.1724137931
--END OF 4--
14.0
14.2203389831
14.15
13.9666666667
14.0666666667
13.7333333333
13.3333333333
13.9491525424
13.4
14.05
14.6833333333
13.9333333333
15.6333333333
14.406779661
13.6333333333
14.4666666667
14.65
14.2333333333
15.2711864407
15.5333333333
14.7333333333
13.4833333333
13.4666666667
13.5333333333
14.0
15.05
15.2833333333
14.8
14.4166666667
14.5593220339
13.9833333333
15.2666666667
15.4833333333
15.2
15.6949152542
15.0666666667
14.1833333333
15.0833333333
14.7666666667
15.25
16.1016949153
16.0
14.75
16.6
16.85
15.2
16.6101694915
15.7
15.85
15.75
15.7166666667
15.3898305085
16.5833333333
16.1833333333
15.8
14.35
15.9322033898
15.8333333333
15.8166666667
14.224137931
--END OF 5--
14.0
14.2203389831
14.4
14.2166666667
14.4666666667
13.95
13.4333333333
14.0338983051
13.9
14.2
14.9833333333
14.3833333333
16.0333333333
15.1016949153
14.05
14.9333333333
15.1833333333
15.0833333333
15.4237288136
15.8
14.9333333333
13.8
14.8666666667
13.9
14.0508474576
15.7
15.3333333333
15.7
14.65
14.5593220339
14.1333333333
15.35
16.65
15.2
16.1016949153
15.0833333333
14.2166666667
16.65
15.3666666667
15.8
16.6440677966
16.35
14.75
16.65
17.2
15.9
17.7288135593
15.9833333333
16.5
16.2166666667
15.7166666667
15.593220339
16.6333333333
16.6833333333
16.1166666667
14.95
16.186440678
16.3333333333
15.9666666667
14.5862068966
--END OF 6--
2134.7
2125.52542373
2118.7
2102.8
2112.65
2149.0
2013.8
2060.08474576
2138.85
2195.85
2216.85
2102.1
2325.75
2229.55932203
2079.8
2203.7
2187.9
2119.8
2293.22033898
2283.0
2232.45
2127.5
2072.4
2166.0
2167.88135593
2236.8
2289.15
2234.25
2112.15
2224.11864407
2192.85
2240.7
2264.65
2284.15
2346.55932203
2289.85
2128.0
2224.2
2279.5
2286.35
2330.08474576
2397.3
2258.25
2259.75
2418.75
2357.7
2453.94915254
2293.7
2364.65
2319.05
2206.1
2313.96610169
2445.45
2457.55
2376.65
2261.0
2375.54237288
2411.55
2312.7
2111.17241379
--END OF 7--
592.516666667
581.13559322
591.6
584.583333333
583.116666667
613.35
556.65
573.203389831
584.7
594.9
613.65
589.0
644.55
620.322033898
568.016666667
616.333333333
603.933333333
587.683333333
637.203389831
628.066666667
605.466666667
588.966666667
579.5
595.733333333
609.949152542
634.75
643.85
616.3
579.15
619.762711864
592.5
620.0
632.316666667
643.05
648.220338983
629.166666667
590.933333333
616.433333333
634.116666667
651.683333333
665.644067797
657.75
619.4
628.0
675.5
653.15
678.457627119
637.933333333
662.433333333
641.116666667
632.433333333
645.796610169
675.316666667
671.116666667
663.95
607.383333333
660.474576271
644.8
641.45
582.913793103
--END OF 8--
76.9666666667
72.2542372881
74.5333333333
70.25
65.65
65.55
71.9833333333
73.4237288136
52.1
62.65
74.9
77.5
73.7
62.4406779661
66.3
79.0333333333
73.4333333333
70.7
75.2203389831
81.35
72.3166666667
68.1666666667
77.2166666667
73.6666666667
72.3050847458
83.4
74.0
67.85
79.0333333333
75.3728813559
70.05
85.4333333333
74.4833333333
71.4
89.4915254237
78.9
71.4
82.3666666667
65.1
78.5833333333
80.2033898305
75.05
64.25
89.2
81.8
72.95
87.4915254237
89.35
78.25
91.4166666667
82.4
83.186440678
87.9666666667
79.5
77.0666666667
78.45
80.8983050847
84.4
87.95
64.6551724138
--END OF 9--
0.866666666667
2.18644067797
1.83333333333
3.5
4.06666666667
1.5
1.4
0.983050847458
2.0
1.75
2.6
2.05
3.1
1.91525423729
3.03333333333
3.45
2.51666666667
3.63333333333
1.62711864407
1.73333333333
1.43333333333
2.21666666667
3.71666666667
3.01666666667
1.4406779661
2.95
1.95
3.85
1.61666666667
2.28813559322
0.933333333333
1.03333333333
5.53333333333
0.633333333333
1.72881355932
1.15
1.46666666667
6.3
3.46666666667
2.51666666667
1.79661016949
1.75
0.55
5.25
6.1
1.95
4.28813559322
1.6
2.43333333333
3.18333333333
4.96666666667
2.03389830508
3.13333333333
3.86666666667
0.9
2.6
1.30508474576
2.6
2.5
3.22413793103
--END OF 10--
0.0
0.0
0.0
0.0
0.0
0.0
0.0
0.0
0.85
0.5
0.65
0.2
0.5
1.20338983051
0.616666666667
0.716666666667
0.783333333333
1.0
0.0
0.0
0.0
0.383333333333
1.65
0.466666666667
0.0508474576271
0.9
0.05
1.2
0.1
0.0
0.0
0.0
1.5
0.0
0.983050847458
0.0333333333333
0.0
1.46666666667
0.316666666667
0.933333333333
0.796610169492
0.5
0.0
0.0
0.2
0.8
1.52542372881
0.433333333333
1.25
0.816666666667
0.0
0.508474576271
0.0
0.666666666667
0.366666666667
1.0
0.254237288136
0.25
0.0
0.448275862069
--END OF 11--
0.0
0.0
0.0
0.0
0.0
0.0
0.0
0.0
0.0
0.0
0.0
0.0
0.0
0.0
0.0
0.0
0.0
0.0
0.0
0.0
0.0
0.316666666667
0.35
0.333333333333
0.0
0.45
0.05
0.5
0.0
0.0
0.0
0.0
0.0
0.0
0.0
0.0
0.0
0.966666666667
0.0333333333333
0.0
0.0
0.0
0.0
0.0
0.0
0.0
1.01694915254
0.433333333333
0.0666666666667
0.0
0.0
0.0
0.0
0.183333333333
0.0833333333333
0.0
0.254237288136
0.25
0.0
0.0
--END OF 12--
