16.0166666667
16.3220338983
16.35
17.55
15.8166666667
14.8333333333
15.95
16.4237288136
16.0166666667
17.1833333333
16.6666666667
15.8666666667
16.0833333333
15.9830508475
16.3833333333
17.05
17.1
16.0666666667
17.1016949153
15.3
16.0333333333
15.6666666667
15.9333333333
15.3728813559
16.2666666667
16.0666666667
15.8666666667
16.4166666667
16.8813559322
16.0
16.1666666667
16.1166666667
15.5
15.9322033898
16.1333333333
16.1333333333
15.6833333333
17.2333333333
16.5254237288
15.55
15.8833333333
15.4166666667
16.1
17.5762711864
16.5666666667
16.9
16.6833333333
16.0
15.6610169492
15.85
15.9333333333
15.7833333333
14.45
16.0847457627
15.5333333333
15.8833333333
16.3333333333
15.0833333333
14.9830508475
16.0701754386
--END OF 1--
22.55
23.3559322034
22.8833333333
23.7
22.25
21.1666666667
22.5833333333
22.4915254237
22.45
23.8333333333
22.0166666667
22.4666666667
23.6833333333
23.7966101695
22.25
24.9333333333
25.1166666667
22.2666666667
24.2542372881
21.4666666667
22.0333333333
21.3166666667
22.2
22.813559322
23.25
23.9
22.75
24.45
22.6271186441
21.3
21.8333333333
21.1833333333
22.4333333333
22.0677966102
22.2333333333
22.7166666667
21.3666666667
23.05
21.7627118644
22.0
20.4333333333
21.5833333333
22.2
23.5423728814
23.1333333333
24.7166666667
24.2333333333
23.5
23.4745762712
23.2333333333
22.3333333333
23.4833333333
21.7166666667
22.0677966102
22.0833333333
21.1166666667
23.1
20.4833333333
21.6101694915
22.6315789474
--END OF 2--
22.9833333333
24.3050847458
23.5666666667
25.7
22.85
22.1666666667
22.8833333333
23.1016949153
23.2166666667
24.4333333333
23.5166666667
23.3166666667
24.6833333333
24.4915254237
22.9
25.4333333333
25.7666666667
22.5166666667
24.9322033898
21.8833333333
22.4166666667
21.5333333333
22.7333333333
23.5254237288
23.65
24.7333333333
23.95
25.3333333333
22.9152542373
21.8666666667
22.35
21.2166666667
22.9833333333
23.406779661
22.6
23.0
21.9166666667
23.4166666667
22.406779661
23.55
20.4333333333
22.2666666667
22.65
24.0847457627
23.8833333333
25.95
25.25
23.5333333333
24.9661016949
24.0333333333
23.2
24.65
22.5166666667
22.5593220339
22.65
21.4666666667
23.3833333333
21.1333333333
23.8474576271
23.2456140351
--END OF 3--
16.0166666667
16.3220338983
16.35
17.55
15.8166666667
14.8333333333
15.95
16.4237288136
16.0166666667
17.1833333333
16.6666666667
15.8666666667
16.0833333333
15.9830508475
16.3833333333
17.05
17.1
16.0666666667
17.1016949153
15.3
16.0333333333
15.6666666667
15.9333333333
15.3728813559
16.2666666667
16.0666666667
15.8666666667
16.4166666667
16.8813559322
16.0
16.1666666667
16.1166666667
15.5
15.9322033898
16.1333333333
16.1333333333
15.6833333333
17.2333333333
16.5254237288
15.55
15.8833333333
15.4166666667
16.1
17.5762711864
16.5666666667
16.9
16.6833333333
16.0
15.6610169492
15.85
15.9333333333
15.7833333333
14.45
16.0847457627
15.5333333333
15.8833333333
16.3333333333
15.0833333333
14.9830508475
16.0701754386
--END OF 4--
22.55
23.3559322034
22.8833333333
23.7
22.25
21.1666666667
22.5833333333
22.4915254237
22.45
23.8333333333
22.0166666667
22.4666666667
23.6833333333
23.7966101695
22.25
24.9333333333
25.1166666667
22.2666666667
24.2542372881
21.4666666667
22.0333333333
21.3166666667
22.2
22.813559322
23.25
23.9
22.75
24.45
22.6271186441
21.3
21.8333333333
21.1833333333
22.4333333333
22.0677966102
22.2333333333
22.7166666667
21.3666666667
23.05
21.7627118644
22.0
20.4333333333
21.5833333333
22.2
23.5423728814
23.1333333333
24.7166666667
24.2333333333
23.5
23.4745762712
23.2333333333
22.3333333333
23.4833333333
21.7166666667
22.0677966102
22.0833333333
21.1166666667
23.1
20.4833333333
21.6101694915
22.6315789474
--END OF 5--
22.9833333333
24.3050847458
23.5666666667
25.7
22.85
22.1666666667
22.8833333333
23.1016949153
23.2166666667
24.4333333333
23.5166666667
23.3166666667
24.6833333333
24.4915254237
22.9
25.4333333333
25.7666666667
22.5166666667
24.9322033898
21.8833333333
22.4166666667
21.5333333333
22.7333333333
23.5254237288
23.65
24.7333333333
23.95
25.3333333333
22.9152542373
21.8666666667
22.35
21.2166666667
22.9833333333
23.406779661
22.6
23.0
21.9166666667
23.4166666667
22.406779661
23.55
20.4333333333
22.2666666667
22.65
24.0847457627
23.8833333333
25.95
25.25
23.5333333333
24.9661016949
24.0333333333
23.2
24.65
22.5166666667
22.5593220339
22.65
21.4666666667
23.3833333333
21.1333333333
23.8474576271
23.2456140351
--END OF 6--
3031.35
3086.38983051
3045.75
3212.4
2975.1
2824.55
2987.75
3159.91525424
3042.0
3237.6
3065.4
3093.15
3128.25
3036.91525424
3095.55
3261.4
3232.4
3107.3
3244.3220339
3043.0
3040.4
3007.75
3109.05
2928.45762712
3111.4
3166.8
3081.7
3076.5
3114.05084746
3060.1
3043.7
3025.4
2978.3
2985.61016949
3027.7
2993.2
2935.4
3164.2
3077.23728814
3021.15
2860.8
2880.05
3041.85
3226.37288136
3046.0
3236.9
3175.3
3031.35
3049.62711864
3051.0
2973.15
3117.55
2967.35
3046.6779661
3016.85
2962.5
3064.0
2949.75
2849.23728814
2996.42105263
--END OF 7--
852.816666667
855.728813559
850.316666667
914.75
837.233333333
784.366666667
844.316666667
862.86440678
853.883333333
904.65
866.9
865.75
877.85
861.457627119
853.833333333
907.066666667
918.916666667
848.983333333
892.93220339
851.65
839.1
848.433333333
862.933333333
830.338983051
873.35
866.95
843.233333333
874.833333333
875.966101695
858.533333333
842.033333333
826.6
813.266666667
829.186440678
850.966666667
853.75
813.333333333
900.633333333
857.06779661
856.2
810.4
815.75
846.65
905.389830508
865.033333333
920.866666667
885.266666667
844.116666667
856.627118644
859.5
831.2
877.083333333
798.883333333
865.847457627
849.966666667
814.583333333
856.25
792.1
796.966101695
839.210526316
--END OF 8--
130.466666667
144.644067797
143.733333333
146.35
130.166666667
135.666666667
139.0
130.457627119
134.55
140.3
123.05
133.9
133.95
145.254237288
120.75
154.5
153.666666667
120.95
142.203389831
124.933333333
141.916666667
117.566666667
133.183333333
146.016949153
135.466666667
152.266666667
137.533333333
152.833333333
122.152542373
119.383333333
130.433333333
114.4
134.25
128.152542373
133.366666667
132.666666667
129.233333333
125.983333333
112.881355932
124.8
103.7
127.866666667
137.75
136.389830508
149.483333333
142.2
148.766666667
140.7
139.610169492
138.266666667
131.566666667
140.416666667
144.116666667
131.627118644
130.65
126.366666667
140.666666667
109.7
130.847457627
136.473684211
--END OF 9--
4.85
5.66101694915
4.45
6.08333333333
3.11666666667
5.21666666667
3.26666666667
4.94915254237
5.68333333333
4.1
5.9
5.55
8.35
7.76271186441
5.08333333333
5.18333333333
7.08333333333
4.15
7.83050847458
4.61666666667
4.35
3.43333333333
5.36666666667
6.32203389831
5.1
5.03333333333
6.96666666667
6.8
3.66101694915
2.5
2.8
3.4
5.51666666667
5.01694915254
2.0
5.98333333333
3.96666666667
5.06666666667
6.25423728814
6.85
3.55
6.23333333333
2.2
3.49152542373
4.36666666667
9.1
7.66666666667
7.45
11.3220338983
8.48333333333
7.2
8.15
7.35
5.5593220339
7.38333333333
1.73333333333
4.33333333333
5.0
9.57627118644
5.42105263158
--END OF 10--
0.7
1.5593220339
1.1
3.05
0.966666666667
1.63333333333
0.516666666667
0.915254237288
0.966666666667
1.05
2.1
1.5
1.95
0.847457627119
0.2
0.566666666667
1.0
0.166666666667
0.915254237288
0.666666666667
0.833333333333
0.316666666667
0.683333333333
0.966101694915
0.55
1.05
1.83333333333
1.08333333333
0.135593220339
0.85
0.716666666667
0.0
0.666666666667
1.35593220339
0.416666666667
0.0833333333333
1.0
0.833333333333
1.28813559322
1.9
0.1
1.43333333333
0.4
0.627118644068
1.06666666667
1.63333333333
1.46666666667
0.25
2.59322033898
1.41666666667
0.916666666667
1.36666666667
0.55
0.338983050847
0.666666666667
0.4
0.5
1.2
3.03389830508
0.666666666667
--END OF 11--
0.333333333333
0.542372881356
0.0333333333333
0.0
0.0833333333333
0.916666666667
0.0
0.0
0.0
0.0
1.5
0.25
0.75
0.0
0.0333333333333
0.466666666667
0.0
0.0
0.474576271186
0.0
0.0
0.0
0.0
0.0
0.0
0.0
0.15
0.25
0.135593220339
0.633333333333
0.0
0.0
0.533333333333
0.474576271186
0.416666666667
0.0833333333333
0.0
0.0
0.0
0.5
0.0
0.0
0.0
0.0
0.183333333333
0.316666666667
0.0
0.0
0.271186440678
0.233333333333
0.0
0.0
0.0
0.305084745763
0.166666666667
0.4
0.0
0.0
0.728813559322
0.0
--END OF 12--
