10.8833333333
11.1355932203
10.35
10.9166666667
11.0
12.1333333333
12.3333333333
11.4745762712
10.5666666667
10.85
11.4166666667
10.7333333333
10.3333333333
11.1694915254
10.4666666667
9.83333333333
8.66666666667
9.31666666667
8.8813559322
10.95
10.15
10.3
10.2
9.55
10.3559322034
10.45
10.4166666667
10.0666666667
9.33333333333
8.95
10.2881355932
10.3833333333
10.5
9.48333333333
9.93333333333
10.6779661017
9.66666666667
10.1833333333
10.1833333333
10.1166666667
9.56666666667
10.8474576271
10.2166666667
10.5833333333
10.2166666667
8.53333333333
9.77966101695
10.2833333333
9.55
9.5
9.31666666667
8.66666666667
9.83050847458
9.8
9.88333333333
10.5166666667
10.25
9.06779661017
9.95
10.8245614035
--END OF 1--
16.2333333333
16.7457627119
13.9
15.1666666667
16.6
16.8333333333
15.5333333333
15.8983050847
14.25
15.6333333333
15.9333333333
15.0166666667
14.4666666667
14.8813559322
13.4666666667
12.8166666667
12.3
12.6666666667
13.0847457627
14.45
13.35
13.05
12.95
12.15
13.6271186441
13.5
13.8333333333
13.2166666667
12.6833333333
12.3666666667
14.2203389831
13.2666666667
14.9166666667
12.6833333333
14.95
14.7627118644
14.2666666667
14.1333333333
12.7333333333
13.8166666667
13.4166666667
14.7966101695
14.2833333333
13.7833333333
13.5666666667
12.2166666667
13.1016949153
13.4666666667
13.4
13.3833333333
11.9166666667
12.7666666667
12.8644067797
13.4
13.7833333333
14.1666666667
13.65
12.4237288136
14.2333333333
14.4912280702
--END OF 2--
16.75
17.4406779661
15.3
16.9166666667
17.95
17.1333333333
16.3333333333
16.6949152542
15.4333333333
15.7666666667
16.4833333333
16.2
15.4333333333
15.593220339
13.8666666667
13.3666666667
12.85
13.3166666667
13.186440678
14.8
13.6
13.7
13.75
12.65
13.6271186441
13.8833333333
14.35
13.4166666667
13.1666666667
12.6666666667
14.7457627119
13.2666666667
14.9166666667
12.6833333333
15.4
15.2203389831
14.6333333333
14.6333333333
13.3833333333
14.7666666667
14.1166666667
16.1694915254
14.3166666667
14.2833333333
14.0833333333
12.7166666667
13.1016949153
13.5833333333
13.95
14.5166666667
12.2666666667
13.2333333333
13.7118644068
13.55
14.0833333333
14.3166666667
14.4
12.5254237288
14.8666666667
14.701754386
--END OF 3--
10.8833333333
11.1355932203
10.35
10.9166666667
11.0
12.1333333333
12.3333333333
11.4745762712
10.5666666667
10.85
11.4166666667
10.7333333333
10.3333333333
11.1694915254
10.4666666667
9.83333333333
8.66666666667
9.31666666667
8.8813559322
10.95
10.15
10.3
10.2
9.55
10.3559322034
10.45
10.4166666667
10.0666666667
9.33333333333
8.95
10.2881355932
10.3833333333
10.5
9.48333333333
9.93333333333
10.6779661017
9.66666666667
10.1833333333
10.1833333333
10.1166666667
9.56666666667
10.8474576271
10.2166666667
10.5833333333
10.2166666667
8.53333333333
9.77966101695
10.2833333333
9.55
9.5
9.31666666667
8.66666666667
9.83050847458
9.8
9.88333333333
10.5166666667
10.25
9.06779661017
9.95
10.8245614035
--END OF 4--
16.2333333333
16.7457627119
13.9
15.1666666667
16.6
16.8333333333
15.5333333333
15.8983050847
14.25
15.6333333333
15.9333333333
15.0166666667
14.4666666667
14.8813559322
13.4666666667
12.8166666667
12.3
12.6666666667
13.0847457627
14.45
13.35
13.05
12.95
12.15
13.6271186441
13.5
13.8333333333
13.2166666667
12.6833333333
12.3666666667
14.2203389831
13.2666666667
14.9166666667
12.6833333333
14.95
14.7627118644
14.2666666667
14.1333333333
12.7333333333
13.8166666667
13.4166666667
14.7966101695
14.2833333333
13.7833333333
13.5666666667
12.2166666667
13.1016949153
13.4666666667
13.4
13.3833333333
11.9166666667
12.7666666667
12.8644067797
13.4
13.7833333333
14.1666666667
13.65
12.4237288136
14.2333333333
14.4912280702
--END OF 5--
16.75
17.4406779661
15.3
16.9166666667
17.95
17.1333333333
16.3333333333
16.6949152542
15.4333333333
15.7666666667
16.4833333333
16.2
15.4333333333
15.593220339
13.8666666667
13.3666666667
12.85
13.3166666667
13.186440678
14.8
13.6
13.7
13.75
12.65
13.6271186441
13.8833333333
14.35
13.4166666667
13.1666666667
12.6666666667
14.7457627119
13.2666666667
14.9166666667
12.6833333333
15.4
15.2203389831
14.6333333333
14.6333333333
13.3833333333
14.7666666667
14.1166666667
16.1694915254
14.3166666667
14.2833333333
14.0833333333
12.7166666667
13.1016949153
13.5833333333
13.95
14.5166666667
12.2666666667
13.2333333333
13.7118644068
13.55
14.0833333333
14.3166666667
14.4
12.5254237288
14.8666666667
14.701754386
--END OF 6--
2151.8
2192.89830508
2086.35
2150.55
2166.3
2320.5
2301.75
2242.62711864
2131.0
2133.2
2238.1
2217.95
2180.85
2158.06779661
2005.35
1928.4
1833.0
1818.05
1950.66101695
2079.15
1981.5
1933.8
1908.45
1813.5
2037.0
1941.5
2032.85
1923.55
1843.0
1778.7
1975.27118644
1938.6
1982.95
1908.85
1993.15
2007.3559322
1934.7
1987.05
1974.15
1974.6
1893.9
2082.86440678
1915.85
1985.0
1992.75
1724.3
1939.72881356
1943.1
1972.35
1978.65
1865.45
1799.55
1867.01694915
1949.85
2026.05
2080.65
2092.95
1797.40677966
1974.7
2233.10526316
--END OF 7--
595.366666667
618.93220339
583.6
597.65
601.9
638.6
629.0
621.13559322
594.733333333
586.533333333
612.716666667
608.183333333
578.033333333
611.118644068
563.933333333
525.05
514.9
512.966666667
530.93220339
575.6
554.15
538.15
531.9
506.1
561.406779661
557.216666667
567.9
527.8
512.833333333
494.8
551.762711864
555.333333333
569.15
522.116666667
555.366666667
564.220338983
530.1
558.7
535.2
560.3
532.0
577.983050847
543.216666667
573.733333333
557.9
483.316666667
538.661016949
541.533333333
534.666666667
550.25
507.866666667
492.066666667
503.813559322
538.8
553.55
569.55
567.2
498.847457627
551.266666667
606.385964912
--END OF 8--
96.1166666667
109.186440678
73.95
94.55
99.3166666667
103.9
85.95
100.508474576
92.8166666667
96.45
101.483333333
92.7666666667
97.5333333333
79.9491525424
77.25
70.05
76.6666666667
75.3
87.6949152542
81.3
80.9
66.5
67.9
71.9
64.4406779661
80.2833333333
77.7333333333
81.6666666667
84.4166666667
69.7333333333
86.7966101695
72.0166666667
88.6
64.6833333333
95.0833333333
87.2203389831
87.4666666667
76.4
76.5
76.85
83.2
82.2881355932
81.7666666667
81.6333333333
87.5
87.1166666667
81.3559322034
75.9333333333
77.15
81.65
61.0
67.6333333333
70.7288135593
74.95
80.3
85.4
76.7
72.6779661017
88.9833333333
88.0175438596
--END OF 9--
5.8
4.66101694915
6.0
5.7
9.86666666667
2.85
2.3
3.86440677966
4.36666666667
3.86666666667
4.88333333333
5.0
4.03333333333
3.28813559322
2.15
3.8
2.48333333333
2.81666666667
2.81355932203
2.65
1.3
2.55
3.25
3.15
2.89830508475
0.816666666667
2.3
2.36666666667
2.35
1.43333333333
2.64406779661
0.25
2.9
2.4
5.53333333333
4.47457627119
5.13333333333
3.6
2.0
4.6
3.55
5.89830508475
3.38333333333
2.98333333333
1.13333333333
2.23333333333
1.38983050847
2.53333333333
2.61666666667
3.61666666667
2.7
3.31666666667
4.49152542373
1.4
4.3
3.9
2.4
1.61016949153
5.63333333333
1.15789473684
--END OF 10--
0.366666666667
1.15254237288
2.4
2.15
1.93333333333
0.15
0.9
0.949152542373
1.96666666667
0.2
0.683333333333
1.85
0.966666666667
1.01694915254
0.5
0.5
1.0
1.0
0.254237288136
0.75
0.05
0.95
0.95
0.55
0.0
0.683333333333
0.316666666667
0.0
0.5
0.416666666667
1.10169491525
0.0
0.0
0.0
1.0
0.508474576271
0.25
0.95
0.8
1.55
1.0
1.67796610169
0.183333333333
0.85
0.966666666667
0.5
0.0
0.216666666667
0.866666666667
1.28333333333
0.133333333333
0.566666666667
1.10169491525
0.35
0.5
0.25
1.25
0.0
0.983333333333
0.0
--END OF 11--
0.0
0.0
0.5
0.95
0.666666666667
0.15
0.4
0.610169491525
0.433333333333
0.0666666666667
0.0
0.0333333333333
0.466666666667
1.01694915254
0.0
0.5
0.0
0.5
0.0
0.0
0.05
0.95
0.0
0.0
0.0
0.0
0.0
0.0
0.0
0.0
0.0
0.0
0.0
0.0
0.0
0.508474576271
0.0
0.0
0.0
0.45
0.05
1.01694915254
0.0
0.0333333333333
0.466666666667
0.0
0.0
0.216666666667
0.283333333333
0.5
0.0
0.5
0.457627118644
0.05
0.0
0.0
0.0
0.0
0.0
0.0
--END OF 12--
