21.5333333333
21.8
20.6440677966
20.7833333333
21.1166666667
20.9
21.3
19.95
21.5254237288
21.55
20.3166666667
19.8333333333
20.8166666667
19.85
21.406779661
21.4333333333
20.4666666667
21.1
19.9833333333
20.5
20.7118644068
20.4333333333
20.1166666667
19.45
20.8
20.1525423729
20.3666666667
20.1
21.3666666667
19.65
20.15
20.813559322
20.5666666667
20.0333333333
20.7
21.2166666667
20.5666666667
20.6610169492
21.3333333333
20.4166666667
18.2166666667
19.05
20.2542372881
21.35
20.7333333333
19.8833333333
20.7333333333
19.2
19.4237288136
19.5666666667
21.5666666667
20.7333333333
21.1
20.406779661
19.5
20.9333333333
20.3333333333
19.65
19.7166666667
20.2653061224
--END OF 1--
30.0
29.5833333333
28.3220338983
26.9833333333
28.8166666667
28.4333333333
28.8
26.6
27.2372881356
28.4666666667
27.8666666667
25.8
27.5333333333
27.7666666667
27.6949152542
28.8
28.2333333333
28.2333333333
27.3666666667
28.0333333333
28.3728813559
26.7333333333
28.3666666667
26.6
26.4
26.9661016949
27.5
26.3833333333
28.25
26.2333333333
26.8833333333
27.3559322034
27.9166666667
26.7166666667
26.4833333333
28.6
26.6666666667
27.0677966102
29.3833333333
28.6666666667
25.2166666667
25.6
28.2203389831
27.95
27.45
26.5166666667
26.6833333333
25.9833333333
26.5084745763
27.0166666667
29.2666666667
27.95
27.4333333333
28.3050847458
26.45
28.6333333333
27.2333333333
26.55
25.8666666667
26.9591836735
--END OF 2--
30.6333333333
30.8166666667
29.2372881356
27.6833333333
29.4666666667
29.2833333333
29.1
28.35
27.9152542373
29.7833333333
28.2166666667
26.3333333333
28.9166666667
28.1166666667
28.3728813559
31.0666666667
28.9166666667
28.3333333333
28.5833333333
29.6833333333
29.1186440678
27.1833333333
29.4
27.05
26.85
27.6610169492
27.8
27.0666666667
29.7
27.4666666667
27.6833333333
27.6779661017
29.45
27.1333333333
27.8
29.4666666667
26.9833333333
27.593220339
30.6333333333
29.9
26.2666666667
26.25
28.2203389831
29.2
29.1166666667
26.75
27.05
26.2333333333
27.6440677966
27.45
29.2666666667
29.05
28.2666666667
28.5593220339
27.4
29.6333333333
27.6833333333
27.65
27.2666666667
27.8367346939
--END OF 3--
20.65
20.8333333333
20.186440678
20.1333333333
20.1666666667
20.1833333333
20.4
19.8
20.7288135593
20.7666666667
19.7666666667
19.5333333333
20.0833333333
19.5333333333
20.5254237288
20.5333333333
19.9333333333
20.1166666667
19.4333333333
19.8833333333
20.0169491525
19.6833333333
19.65
19.25
20.15
19.7966101695
19.8833333333
19.7833333333
20.6666666667
19.4666666667
19.7833333333
20.1186440678
19.9666666667
19.8
20.0833333333
20.2166666667
19.7166666667
19.9661016949
20.3333333333
19.8666666667
18.1666666667
19.0
19.6610169492
20.35
20.1166666667
19.5333333333
20.0333333333
19.0666666667
19.1016949153
19.25
20.5666666667
19.95
20.15
19.7118644068
19.2
20.2333333333
19.8333333333
19.45
19.5166666667
20.0
--END OF 4--
29.6
29.4333333333
28.2881355932
26.9833333333
28.8166666667
28.4166666667
28.55
26.6
27.2372881356
28.3166666667
27.8666666667
25.8
27.5333333333
27.7166666667
27.6949152542
28.8
28.2333333333
28.1166666667
27.3666666667
28.0333333333
28.3728813559
26.6833333333
28.3666666667
26.6
26.4
26.9661016949
27.5
26.3833333333
28.25
26.2333333333
26.8833333333
27.3559322034
27.9166666667
26.7166666667
26.4833333333
28.6
26.6666666667
27.0677966102
29.0833333333
28.55
25.2166666667
25.6
27.9830508475
27.8166666667
27.45
26.5166666667
26.6833333333
25.9833333333
26.5084745763
27.0
29.0666666667
27.9166666667
27.4333333333
28.2542372881
26.45
28.5333333333
27.2333333333
26.55
25.8666666667
26.9591836735
--END OF 5--
30.6333333333
30.8166666667
29.2372881356
27.6833333333
29.4666666667
29.2833333333
29.1
28.35
27.9152542373
29.7833333333
28.2166666667
26.3333333333
28.9166666667
28.1166666667
28.3728813559
31.0666666667
28.9166666667
28.3333333333
28.5833333333
29.6833333333
29.1186440678
27.1833333333
29.4
27.05
26.85
27.6610169492
27.8
27.0666666667
29.7
27.4666666667
27.6833333333
27.6779661017
29.45
27.1333333333
27.8
29.4666666667
26.9833333333
27.593220339
30.6333333333
29.9
26.2666666667
26.25
28.2203389831
29.2
29.1166666667
26.75
27.05
26.2333333333
27.6440677966
27.45
29.2666666667
29.05
28.2666666667
28.5593220339
27.4
29.6333333333
27.6833333333
27.65
27.2666666667
27.8367346939
--END OF 6--
3977.7
3878.45
3790.93220339
3761.55
3930.9
3807.9
3861.75
3671.1
3822.50847458
3918.55
3789.6
3633.0
3838.35
3666.2
3762.61016949
3983.95
3896.9
4075.9
3824.1
3768.8
3840.66101695
3810.9
3838.1
3713.25
3767.55
3810.10169492
3740.9
3829.55
3941.7
3648.65
3694.95
3735.71186441
3732.2
3643.3
3721.0
3871.35
3845.6
3824.49152542
4014.0
3774.65
3651.9
3603.9
3863.18644068
3900.65
3775.5
3665.3
3825.3
3582.2
3711.05084746
3660.8
3976.05
3901.65
3902.5
3813.30508475
3670.8
3882.75
3727.5
3616.5
3718.5
3749.26530612
--END OF 7--
1118.8
1108.36666667
1054.62711864
1041.65
1089.0
1064.8
1066.1
1015.55
1068.38983051
1103.13333333
1058.03333333
1007.98333333
1067.8
1026.25
1074.40677966
1104.41666667
1077.63333333
1126.56666667
1057.0
1067.06666667
1067.74576271
1058.05
1065.78333333
1011.65
1058.8
1042.91525424
1041.58333333
1048.48333333
1118.65
1005.05
1035.08333333
1056.06779661
1062.85
1021.88333333
1036.78333333
1090.98333333
1063.88333333
1056.69491525
1120.35
1071.18333333
989.25
1003.4
1081.50847458
1102.26666667
1064.3
1033.73333333
1064.93333333
995.916666667
1015.6440678
1018.5
1111.91666667
1088.35
1089.1
1077.3559322
1015.05
1084.85
1040.9
1011.75
1019.4
1024.18367347
--END OF 8--
189.65
174.216666667
165.423728814
145.05
166.0
164.566666667
166.85
158.0
142.86440678
167.866666667
153.833333333
150.316666667
159.316666667
170.783333333
159.186440678
163.233333333
162.533333333
164.866666667
145.833333333
162.15
161.949152542
161.95
173.733333333
151.5
132.35
148.813559322
144.3
135.5
146.016666667
153.866666667
147.2
165.033898305
157.583333333
151.2
141.866666667
154.316666667
146.5
148.254237288
166.2
169.283333333
156.9
136.7
156.186440678
166.35
153.783333333
145.133333333
140.016666667
145.366666667
159.525423729
158.033333333
163.2
154.866666667
151.9
153.423728814
137.75
166.65
153.15
147.85
139.9
140.448979592
--END OF 9--
3.51666666667
6.88333333333
7.69491525424
5.5
6.05
4.91666666667
6.6
6.05
3.37288135593
5.3
7.95
3.45
7.16666666667
5.45
3.10169491525
7.0
5.31666666667
2.66666666667
6.75
8.56666666667
7.69491525424
3.35
5.96666666667
5.65
4.0
3.96610169492
6.58333333333
6.98333333333
5.86666666667
3.33333333333
5.73333333333
3.57627118644
5.78333333333
4.76666666667
5.66666666667
8.53333333333
3.45
5.06779661017
8.25
8.16666666667
5.45
5.05
5.50847457627
6.56666666667
7.16666666667
2.98333333333
2.18333333333
5.15
5.33898305085
4.85
4.98333333333
5.06666666667
5.41666666667
5.81355932203
7.1
6.65
5.3
6.7
7.6
8.67346938776
--END OF 10--
0.95
2.1
1.37288135593
1.3
1.05
1.06666666667
0.5
2.35
0.779661016949
1.91666666667
0.516666666667
0.816666666667
2.3
0.4
0.745762711864
3.68333333333
1.15
0.0
1.68333333333
1.93333333333
1.25423728814
0.9
1.25
0.6
0.6
0.881355932203
0.566666666667
0.983333333333
2.45
1.65
1.21666666667
0.525423728814
1.9
0.583333333333
1.5
1.0
0.616666666667
0.593220338983
2.45
1.61666666667
1.5
1.0
0.0
0.85
2.31666666667
0.383333333333
0.616666666667
0.5
1.40677966102
0.583333333333
0.0333333333333
1.8
1.26666666667
0.0
0.55
1.45
0.5
1.15
2.6
0.755102040816
--END OF 11--
0.383333333333
0.5
0.237288135593
0.0
0.0
0.2
0.0
0.95
0.0508474576271
0.0
0.383333333333
0.35
0.266666666667
0.4
0.508474576271
0.416666666667
0.0833333333333
0.0
0.5
0.5
0.0
0.25
0.616666666667
0.0
0.2
0.305084745763
0.0
0.0
0.5
0.0
0.3
0.0
0.0
0.0
0.0
0.0
0.0
0.0
0.0
0.0
0.0
0.5
0.0
0.5
0.0
0.383333333333
0.116666666667
0.0
0.0
0.466666666667
0.0333333333333
0.0
0.5
0.0
0.5
0.0
0.0
0.0
0.0
0.142857142857
--END OF 12--
