12.8
12.7966101695
14.5833333333
13.1833333333
12.9666666667
12.7833333333
13.3833333333
12.6101694915
13.1333333333
12.7333333333
13.0666666667
13.3333333333
13.2833333333
14.9830508475
14.5666666667
14.1833333333
13.45
12.5333333333
13.2542372881
12.85
12.9833333333
14.4
13.85
12.7833333333
12.6779661017
13.0166666667
12.7166666667
13.6166666667
13.3666666667
13.8813559322
13.1666666667
13.55
12.4166666667
13.7333333333
13.5423728814
13.1833333333
13.95
12.8
12.0333333333
12.7
13.7457627119
12.9166666667
13.65
12.0666666667
12.4833333333
14.186440678
13.7166666667
14.35
13.8666666667
13.95
14.0
13.3389830508
12.5166666667
13.8833333333
14.1333333333
13.0333333333
13.1355932203
13.25
13.7833333333
13.1228070175
--END OF 1--
18.9666666667
17.4406779661
18.95
18.85
18.85
18.6833333333
19.0
17.6610169492
19.8333333333
17.8333333333
18.0166666667
19.05
19.3333333333
20.3389830508
20.0666666667
20.2
19.3
18.5833333333
17.4745762712
18.3833333333
18.7333333333
19.1166666667
19.0833333333
17.8166666667
17.0677966102
18.2166666667
17.4666666667
17.7166666667
19.4666666667
19.8813559322
18.4
16.9833333333
17.3666666667
19.6166666667
18.9322033898
18.9666666667
19.2333333333
19.25
17.7666666667
17.8666666667
18.4406779661
18.3166666667
19.25
18.0166666667
17.2833333333
20.7627118644
18.1666666667
18.8333333333
21.1666666667
20.1
20.1
19.0508474576
17.2166666667
18.9333333333
19.2333333333
18.4666666667
18.1016949153
18.75
18.4333333333
17.9824561404
--END OF 2--
19.5333333333
18.1186440678
20.3333333333
19.2166666667
18.9833333333
19.3333333333
19.3833333333
19.1016949153
20.2833333333
18.8333333333
18.4666666667
20.1666666667
20.3833333333
20.7457627119
20.8833333333
20.7333333333
20.4166666667
19.5333333333
17.7457627119
19.25
20.05
19.9833333333
20.0333333333
19.2833333333
17.5593220339
18.7166666667
18.7666666667
18.5666666667
20.05
20.5762711864
20.2166666667
17.3333333333
17.6833333333
20.4166666667
19.2542372881
19.6666666667
19.7333333333
21.0666666667
17.8
18.7833333333
19.593220339
18.5666666667
19.25
19.0166666667
18.4333333333
22.2203389831
19.5166666667
19.4666666667
22.1833333333
20.7666666667
20.1666666667
19.2711864407
17.25
19.05
19.6333333333
18.9
18.4576271186
20.0
18.5333333333
19.0350877193
--END OF 3--
12.8
12.7966101695
14.5833333333
13.1833333333
12.9666666667
12.7833333333
13.3833333333
12.6101694915
13.1333333333
12.7333333333
13.0666666667
13.3333333333
13.2833333333
14.9830508475
14.5666666667
14.1833333333
13.45
12.5333333333
13.2542372881
12.85
12.9833333333
14.4
13.85
12.7833333333
12.6779661017
13.0166666667
12.7166666667
13.6166666667
13.3666666667
13.8813559322
13.1666666667
13.55
12.4166666667
13.7333333333
13.5423728814
13.1833333333
13.95
12.8
12.0333333333
12.7
13.7457627119
12.9166666667
13.65
12.0666666667
12.4833333333
14.186440678
13.7166666667
14.35
13.8666666667
13.95
14.0
13.3389830508
12.5166666667
13.8833333333
14.1333333333
13.0333333333
13.1355932203
13.25
13.7833333333
13.1228070175
--END OF 4--
18.9666666667
17.4406779661
18.95
18.85
18.85
18.6833333333
19.0
17.6610169492
19.8333333333
17.8333333333
18.0166666667
19.05
19.3333333333
20.3389830508
20.0666666667
20.2
19.3
18.5833333333
17.4745762712
18.3833333333
18.7333333333
19.1166666667
19.0833333333
17.8166666667
17.0677966102
18.2166666667
17.4666666667
17.7166666667
19.4666666667
19.8813559322
18.4
16.9833333333
17.3666666667
19.6166666667
18.9322033898
18.9666666667
19.2333333333
19.25
17.7666666667
17.8666666667
18.4406779661
18.3166666667
19.25
18.0166666667
17.2833333333
20.7627118644
18.1666666667
18.8333333333
21.1666666667
20.1
20.1
19.0508474576
17.2166666667
18.9333333333
19.2333333333
18.4666666667
18.1016949153
18.75
18.4333333333
17.9824561404
--END OF 5--
19.5333333333
18.1186440678
20.3333333333
19.2166666667
18.9833333333
19.3333333333
19.3833333333
19.1016949153
20.2833333333
18.8333333333
18.4666666667
20.1666666667
20.3833333333
20.7457627119
20.8833333333
20.7333333333
20.4166666667
19.5333333333
17.7457627119
19.25
20.05
19.9833333333
20.0333333333
19.2833333333
17.5593220339
18.7166666667
18.7666666667
18.5666666667
20.05
20.5762711864
20.2166666667
17.3333333333
17.6833333333
20.4166666667
19.2542372881
19.6666666667
19.7333333333
21.0666666667
17.8
18.7833333333
19.593220339
18.5666666667
19.25
19.0166666667
18.4333333333
22.2203389831
19.5166666667
19.4666666667
22.1833333333
20.7666666667
20.1666666667
19.2711864407
17.25
19.05
19.6333333333
18.9
18.4576271186
20.0
18.5333333333
19.0350877193
--END OF 6--
2528.45
2473.52542373
2697.85
2542.2
2400.05
2566.35
2490.3
2435.84745763
2593.05
2403.0
2530.65
2553.1
2472.3
2758.6779661
2685.55
2703.5
2598.3
2445.05
2412.15254237
2502.9
2511.7
2755.9
2633.95
2459.2
2458.88135593
2448.0
2381.25
2505.0
2557.2
2598.0
2484.75
2504.5
2344.35
2581.25
2440.06779661
2503.6
2649.45
2532.25
2352.25
2383.8
2519.59322034
2517.3
2646.0
2428.65
2524.95
2718.20338983
2561.5
2634.65
2611.85
2649.75
2613.45
2520.66101695
2384.1
2559.6
2619.55
2478.3
2399.84745763
2572.65
2581.5
2489.47368421
--END OF 7--
708.516666667
697.186440678
750.566666667
712.383333333
686.266666667
717.916666667
709.683333333
682.101694915
724.4
680.1
709.55
720.983333333
700.05
778.084745763
763.7
767.466666667
726.966666667
682.133333333
675.830508475
703.816666667
704.016666667
759.633333333
733.916666667
691.95
676.779661017
691.35
675.8
706.5
721.166666667
746.186440678
693.3
692.6
661.266666667
738.35
710.949152542
691.766666667
735.933333333
722.95
654.4
686.633333333
724.576271186
705.75
740.55
672.1
686.35
755.627118644
712.516666667
717.783333333
735.766666667
742.633333333
733.05
703.847457627
673.733333333
725.333333333
735.5
698.2
686.0
708.65
722.25
707.98245614
--END OF 8--
117.3
101.847457627
102.683333333
115.316666667
119.366666667
114.133333333
115.216666667
106.644067797
118.3
106.15
95.55
119.05
120.5
124.355932203
113.716666667
128.916666667
117.85
116.683333333
100.93220339
100.85
104.633333333
105.05
109.7
111.766666667
100.220338983
115.9
102.0
103.55
117.633333333
116.677966102
108.9
94.1833333333
108.183333333
116.333333333
110.949152542
119.966666667
116.0
132.483333333
103.95
110.483333333
105.830508475
111.45
122.3
115.6
100.15
132.203389831
97.4166666667
113.95
136.133333333
130.733333333
125.55
110.559322034
102.4
109.8
122.783333333
106.666666667
109.220338983
119.4
94.9
103.614035088
--END OF 9--
5.15
4.52542372881
6.16666666667
5.3
5.55
7.05
3.61666666667
4.47457627119
5.75
5.2
2.9
5.15
7.25
3.42372881356
7.1
5.58333333333
8.38333333333
10.9833333333
3.16949152542
5.56666666667
7.61666666667
5.0
4.55
4.81666666667
2.22033898305
3.7
4.75
3.2
4.41666666667
5.30508474576
8.01666666667
2.43333333333
2.7
5.45
4.4406779661
5.3
4.11666666667
8.13333333333
5.36666666667
6.45
3.47457627119
3.0
1.15
4.65
3.15
6.30508474576
5.73333333333
4.46666666667
9.56666666667
4.23333333333
3.55
6.47457627119
2.71666666667
2.91666666667
1.85
3.45
4.30508474576
7.05
2.3
6.68421052632
--END OF 10--
0.333333333333
0.508474576271
1.91666666667
0.616666666667
0.0
1.0
0.666666666667
2.59322033898
0.45
1.5
0.25
1.58333333333
1.7
0.508474576271
0.85
0.766666666667
1.6
1.96666666667
0.0169491525424
1.6
1.48333333333
1.41666666667
1.0
2.06666666667
0.898305084746
0.15
2.3
1.1
0.55
0.542372881356
3.3
0.6
0.85
1.33333333333
0.491525423729
0.9
0.583333333333
2.66666666667
0.0333333333333
0.5
1.52542372881
0.0
0.0
1.4
1.85
1.91525423729
1.81666666667
0.85
1.48333333333
1.15
0.366666666667
0.0
0.0
0.0
0.283333333333
0.716666666667
0.152542372881
1.35
0.0
1.36842105263
--END OF 11--
0.0
0.474576271186
0.0333333333333
0.0
0.0
0.0
0.0
0.0508474576271
0.45
0.5
0.0
0.35
0.15
0.0
0.0
0.0
0.0
0.0
0.0
0.0
0.316666666667
0.183333333333
0.0
0.5
0.0
0.0
0.0
0.5
0.05
0.542372881356
0.416666666667
0.0
0.0
0.0
0.0
0.0
0.0
0.166666666667
0.0
0.0
0.508474576271
0.0
0.0
1.0
0.0
0.508474576271
0.0
0.0
0.0
0.0
0.0
0.0
0.0
0.0
0.0
0.0
0.0
0.0
0.0
0.0
--END OF 12--
