19.1
19.5254237288
20.1666666667
19.45
19.6
19.1333333333
19.9666666667
19.406779661
19.6333333333
19.2
20.35
19.8333333333
19.6333333333
19.8833333333
19.9830508475
20.15
19.0
18.6666666667
19.3666666667
18.2372881356
19.9333333333
18.7833333333
19.1333333333
20.8333333333
19.6333333333
19.9661016949
19.3833333333
19.9
18.8833333333
19.3
18.9333333333
18.813559322
18.6333333333
19.8
19.25
20.0
20.1166666667
19.0
20.2
18.1833333333
19.8333333333
18.4166666667
20.3
20.0847457627
19.7333333333
18.8333333333
19.1166666667
19.95
18.55
18.8644067797
19.4833333333
18.9333333333
19.7666666667
17.9166666667
18.6101694915
19.6166666667
19.45
19.0833333333
18.3333333333
19.6896551724
--END OF 1--
26.0166666667
26.813559322
26.2833333333
25.7
26.5166666667
25.6333333333
26.3833333333
26.7627118644
26.3333333333
25.7
26.8833333333
26.1333333333
24.9833333333
26.6833333333
27.7118644068
26.1666666667
26.4
25.15
25.7166666667
24.2033898305
25.55
25.05
25.0166666667
27.3
26.2666666667
26.5762711864
26.3833333333
26.2
24.75
25.45
25.8833333333
25.4745762712
25.1166666667
25.6666666667
26.75
27.1833333333
25.8333333333
26.6610169492
26.1
24.9166666667
26.35
25.25
25.8333333333
25.3728813559
26.1833333333
25.2333333333
26.1166666667
26.1
25.9
25.2711864407
25.5166666667
24.4
26.2833333333
23.65
25.6779661017
26.5
26.15
25.2666666667
25.2833333333
25.0
--END OF 2--
26.4166666667
27.0847457627
26.5833333333
25.7
27.5166666667
26.2833333333
27.1166666667
27.7627118644
27.0333333333
26.7166666667
27.5166666667
26.1333333333
25.1833333333
27.1833333333
28.3050847458
26.9666666667
26.6833333333
25.8
26.4833333333
24.7118644068
25.6666666667
26.0
25.4166666667
27.5333333333
26.9833333333
27.0169491525
26.3833333333
27.2
25.1833333333
25.9
25.9833333333
26.1186440678
25.6833333333
26.4666666667
27.4333333333
29.0166666667
27.0
26.9322033898
26.8833333333
25.75
26.7
26.25
26.7666666667
25.8474576271
26.4833333333
25.6833333333
26.65
27.0
26.3
25.7627118644
26.6166666667
25.0666666667
26.6666666667
24.1166666667
26.5254237288
27.25
26.5333333333
26.2333333333
25.8666666667
25.9827586207
--END OF 3--
19.1
19.5254237288
19.8333333333
19.2
19.2333333333
19.1333333333
19.6666666667
19.3559322034
19.2833333333
19.15
19.9166666667
19.5833333333
19.3833333333
19.6833333333
19.7288135593
19.55
19.0
18.6666666667
19.1166666667
18.2203389831
19.4333333333
18.75
18.9833333333
20.1833333333
19.3
19.7627118644
19.0333333333
19.65
18.8833333333
19.3
18.9333333333
18.813559322
18.6
19.5833333333
19.1166666667
19.8166666667
19.7
19.0
19.8
18.1833333333
19.6833333333
18.4166666667
19.7333333333
19.813559322
19.4333333333
18.8333333333
19.1166666667
19.6
18.55
18.8644067797
19.1833333333
18.8833333333
19.4166666667
17.9166666667
18.5593220339
19.4666666667
19.3333333333
18.9833333333
18.2166666667
19.4310344828
--END OF 4--
26.0166666667
26.813559322
26.2833333333
25.7
26.4666666667
25.6333333333
26.3833333333
26.7627118644
26.3333333333
25.7
26.8833333333
26.1333333333
24.9833333333
26.6833333333
27.7118644068
26.1666666667
26.4
25.15
25.7166666667
24.2033898305
25.55
25.05
25.0166666667
27.3
26.2666666667
26.5762711864
26.3833333333
26.2
24.75
25.45
25.8833333333
25.4745762712
25.1166666667
25.6666666667
26.75
27.1833333333
25.8333333333
26.6610169492
26.1
24.9166666667
26.35
25.25
25.8333333333
25.3728813559
26.1833333333
25.2333333333
26.1166666667
26.1
25.9
25.2711864407
25.5166666667
24.4
26.2833333333
23.65
25.6779661017
26.5
26.15
25.2666666667
25.2833333333
25.0
--END OF 5--
26.4166666667
27.0847457627
26.5833333333
25.7
27.5166666667
26.2833333333
27.1166666667
27.7627118644
27.0333333333
26.7166666667
27.5166666667
26.1333333333
25.1833333333
27.1833333333
28.3050847458
26.9666666667
26.6833333333
25.8
26.4833333333
24.7118644068
25.6666666667
26.0
25.4166666667
27.5333333333
26.9833333333
27.0169491525
26.3833333333
27.2
25.1833333333
25.9
25.9833333333
26.1186440678
25.6833333333
26.4666666667
27.4333333333
29.0166666667
27.0
26.9322033898
26.8833333333
25.75
26.7
26.25
26.7666666667
25.8474576271
26.4833333333
25.6833333333
26.65
27.0
26.3
25.7627118644
26.6166666667
25.0666666667
26.6666666667
24.1166666667
26.5254237288
27.25
26.5333333333
26.2333333333
25.8666666667
25.9827586207
--END OF 6--
3516.55
3557.18644068
3680.3
3643.15
3726.75
3538.65
3716.35
3575.79661017
3690.6
3606.1
3717.9
3583.8
3602.25
3655.05
3727.52542373
3640.45
3708.2
3521.6
3647.9
3511.06779661
3679.95
3610.7
3624.35
3814.5
3640.05
3607.6779661
3676.5
3638.55
3455.3
3569.55
3593.1
3559.47457627
3628.8
3644.75
3605.15
3607.15
3621.0
3665.18644068
3635.3
3392.05
3672.7
3491.15
3767.7
3562.88135593
3606.75
3482.4
3566.85
3709.5
3451.05
3519.91525424
3589.4
3474.0
3636.15
3383.85
3620.33898305
3610.05
3517.6
3600.15
3507.1
3583.70689655
--END OF 7--
982.85
1012.42372881
1025.1
1022.51666667
1031.86666667
995.333333333
1023.31666667
993.288135593
1027.65
997.9
1033.06666667
1013.9
1003.9
1030.15
1039.38983051
1030.71666667
1027.53333333
978.083333333
1017.38333333
973.677966102
1045.35
993.15
1013.93333333
1064.33333333
1027.71666667
1024.25423729
1029.95
1019.35
971.333333333
989.75
1021.2
990.830508475
1005.66666667
1007.66666667
997.733333333
1021.73333333
1002.86666667
995.423728814
1033.5
957.4
1026.41666667
970.933333333
1036.26666667
998.06779661
1012.7
969.35
999.35
1024.55
959.55
975.627118644
988.25
970.983333333
1015.16666667
939.1
990.186440678
1006.63333333
985.116666667
980.95
966.166666667
999.137931034
--END OF 8--
144.216666667
151.593220339
131.783333333
139.666666667
154.633333333
141.833333333
139.85
162.288135593
157.4
148.433333333
150.583333333
155.45
140.75
146.3
169.0
143.116666667
138.866666667
136.066666667
139.216666667
143.13559322
138.683333333
141.983333333
127.45
146.883333333
149.266666667
143.847457627
150.85
151.6
132.666666667
149.3
150.2
136.796610169
143.866666667
144.65
152.25
162.35
141.25
153.237288136
138.116666667
136.433333333
144.233333333
133.916666667
131.4
137.389830508
147.0
135.7
153.283333333
142.85
151.15
145.0
141.566666667
136.533333333
142.066666667
136.433333333
155.949152542
147.416666667
152.983333333
132.55
148.966666667
122.965517241
--END OF 9--
6.9
3.86440677966
4.51666666667
2.5
5.85
6.95
6.95
6.77966101695
5.55
5.65
7.23333333333
1.7
2.9
4.75
5.8813559322
6.46666666667
6.33333333333
6.53333333333
4.63333333333
3.42372881356
2.31666666667
2.56666666667
3.98333333333
3.83333333333
4.2
3.84745762712
6.1
5.05
4.06666666667
5.5
4.8
6.62711864407
2.81666666667
4.55
7.0
6.9
6.75
7.15254237288
5.71666666667
5.56666666667
2.4
7.43333333333
4.75
3.69491525424
4.35
4.3
3.61666666667
5.8
7.45
3.5593220339
4.45
4.53333333333
6.3
5.01666666667
4.54237288136
4.95
4.2
5.81666666667
6.21666666667
4.39655172414
--END OF 10--
0.733333333333
0.271186440678
0.333333333333
0.0
1.31666666667
0.616666666667
0.783333333333
0.898305084746
0.7
1.73333333333
0.2
0.0
0.5
1.1
0.745762711864
0.0
0.383333333333
0.983333333333
1.13333333333
1.01694915254
0.0166666666667
1.36666666667
0.616666666667
0.0
0.983333333333
0.525423728814
0.0
1.5
0.633333333333
0.45
0.05
1.20338983051
0.95
1.26666666667
0.75
2.36666666667
1.36666666667
0.610169491525
0.9
0.65
0.4
1.41666666667
1.48333333333
0.64406779661
0.0
0.5
0.65
1.3
0.6
0.796610169492
1.75
1.21666666667
0.5
0.5
1.06779661017
0.833333333333
0.783333333333
1.56666666667
0.933333333333
1.74137931034
--END OF 11--
0.0
0.0
0.0
0.0
0.0
0.116666666667
0.5
0.389830508475
0.0
0.166666666667
0.0
0.0
0.0
0.0
0.0
0.0
0.0
0.0833333333333
0.416666666667
0.0
0.0
0.5
0.0
0.0
0.0
0.0
0.0
0.5
0.0
0.0
0.0
0.0
0.0
0.5
0.0
0.883333333333
0.116666666667
0.0
0.0166666666667
0.483333333333
0.0666666666667
0.433333333333
0.0
0.203389830508
0.0
0.0
0.433333333333
0.0
0.0
0.542372881356
0.466666666667
0.0
0.0
0.0
0.322033898305
0.45
0.233333333333
0.233333333333
0.0
0.0
--END OF 12--
