20.4
20.3833333333
20.1166666667
18.8833333333
20.3220338983
19.55
20.4
19.8166666667
19.9833333333
19.45
20.1186440678
19.6166666667
20.3166666667
19.7333333333
20.0333333333
19.15
20.3559322034
20.3333333333
20.7
19.8
19.95
20.2833333333
20.2203389831
20.25
19.8833333333
19.9
20.4333333333
20.05
20.3389830508
20.85
21.55
21.0666666667
20.2166666667
20.0338983051
20.5666666667
21.2
20.9333333333
20.8666666667
20.1666666667
20.0
20.5666666667
19.8666666667
21.35
21.3833333333
20.8833333333
21.4237288136
20.2
19.5833333333
19.35
19.25
19.5762711864
20.3333333333
20.3666666667
19.9166666667
19.6833333333
19.3833333333
20.2033898305
20.4833333333
20.3833333333
20.0566037736
--END OF 1--
27.35
28.0833333333
26.15
25.9
27.6610169492
25.7
27.8
26.1833333333
26.85
27.3166666667
26.3728813559
25.85
27.9166666667
26.4833333333
24.9333333333
24.8
28.0
26.8
26.7833333333
26.9
25.8
27.6
27.1355932203
26.4
26.5833333333
27.7833333333
27.0666666667
26.0833333333
28.2711864407
27.95
28.7
27.6333333333
26.8166666667
26.7796610169
26.0
27.5
27.4
28.0166666667
27.2
25.9830508475
27.25
26.6666666667
27.3666666667
27.55
26.9333333333
28.9830508475
26.5166666667
25.4333333333
26.4
26.6833333333
26.3220338983
27.7
26.95
27.1333333333
27.6166666667
26.7666666667
26.8813559322
27.6666666667
27.6666666667
27.0943396226
--END OF 2--
28.1666666667
28.65
26.9833333333
26.1166666667
28.3389830508
26.1833333333
28.9
28.0
27.8666666667
29.0833333333
27.5254237288
26.2666666667
29.1666666667
27.8333333333
25.5333333333
26.15
28.5423728814
27.7
28.1166666667
27.4
26.8333333333
28.3666666667
28.3898305085
27.1166666667
27.35
28.1666666667
28.0666666667
26.4833333333
28.593220339
29.0166666667
29.45
28.3
27.0666666667
27.3050847458
26.5833333333
28.1333333333
27.9
28.3333333333
27.8333333333
26.6101694915
27.25
27.3
27.7166666667
29.15
27.05
30.1016949153
28.1833333333
25.4833333333
27.8
27.4833333333
27.593220339
28.5833333333
27.9333333333
28.05
28.15
27.1166666667
26.9491525424
27.9
28.2666666667
28.5094339623
--END OF 3--
19.9
19.7833333333
19.75
18.8833333333
19.8813559322
19.45
19.8666666667
19.7166666667
19.5166666667
19.25
19.6949152542
19.3
19.8166666667
19.7333333333
19.5833333333
19.1
19.8474576271
19.85
20.15
19.7
19.75
19.9
19.7966101695
19.8833333333
19.3833333333
19.2833333333
19.8
19.6666666667
19.6949152542
20.3666666667
20.65
20.2666666667
19.8666666667
19.8305084746
20.1833333333
20.45
20.2833333333
20.1166666667
19.95
19.8474576271
20.05
19.5333333333
20.6
20.55
20.1833333333
20.4406779661
19.7666666667
19.3833333333
19.05
18.9833333333
19.5762711864
19.8833333333
19.8166666667
19.6
19.6333333333
19.3833333333
19.8474576271
19.9833333333
19.75
19.7735849057
--END OF 4--
27.35
27.9833333333
26.15
25.9
27.6610169492
25.7
27.7
26.1833333333
26.85
27.3166666667
26.3728813559
25.7833333333
27.9166666667
26.4833333333
24.9333333333
24.8
27.8983050847
26.8
26.7833333333
26.9
25.8
27.6
27.1355932203
26.4
26.5833333333
27.7666666667
27.0666666667
26.0833333333
28.2711864407
27.95
28.6
27.6333333333
26.8166666667
26.7796610169
26.0
27.45
27.4
28.0166666667
27.2
25.9830508475
27.25
26.65
27.35
27.55
26.9333333333
28.9830508475
26.5166666667
25.4333333333
26.4
26.6833333333
26.3220338983
27.7
26.95
27.1333333333
27.6166666667
26.7666666667
26.8305084746
27.6666666667
27.6666666667
27.0943396226
--END OF 5--
28.1666666667
28.65
26.9833333333
26.1166666667
28.3389830508
26.1833333333
28.9
28.0
27.8666666667
29.0833333333
27.5254237288
26.2666666667
29.1666666667
27.8333333333
25.5333333333
26.15
28.5423728814
27.7
28.1166666667
27.4
26.8333333333
28.3666666667
28.3898305085
27.1166666667
27.35
28.1666666667
28.0666666667
26.4833333333
28.593220339
29.0166666667
29.45
28.3
27.0666666667
27.3050847458
26.5833333333
28.1333333333
27.9
28.3333333333
27.8333333333
26.6101694915
27.25
27.3
27.7166666667
29.15
27.05
30.1016949153
28.1833333333
25.4833333333
27.8
27.4833333333
27.593220339
28.5833333333
27.9333333333
28.05
28.15
27.1166666667
26.9491525424
27.9
28.2666666667
28.5094339623
--END OF 6--
3712.6
3789.0
3568.15
3545.25
3683.89830508
3655.65
3765.75
3709.6
3758.2
3696.9
3591.81355932
3632.9
3826.65
3646.95
3507.6
3500.4
3744.3559322
3762.0
3710.5
3661.4
3586.5
3777.75
3784.47457627
3754.35
3735.4
3860.6
3863.3
3763.7
3801.71186441
3810.6
3907.5
3764.65
3701.85
3678.05084746
3701.75
3807.3
3827.45
3822.25
3672.5
3638.28813559
3703.1
3701.25
3856.25
3787.45
3838.25
3929.69491525
3798.3
3724.5
3666.75
3634.25
3680.44067797
3755.55
3750.2
3684.7
3670.85
3714.35
3707.94915254
3830.2
3751.25
3696.73584906
--END OF 7--
1047.5
1062.5
1011.51666667
979.283333333
1040.44067797
1010.45
1062.98333333
1022.75
1044.76666667
1043.68333333
1025.6779661
1004.3
1061.8
1018.0
996.6
983.25
1055.22033898
1047.1
1037.3
1022.38333333
1002.91666667
1055.95
1048.54237288
1039.91666667
1060.15
1068.71666667
1074.48333333
1046.15
1056.3220339
1054.63333333
1090.9
1046.2
1021.4
1025.52542373
1034.31666667
1056.81666667
1092.7
1071.46666667
1027.61666667
1013.6440678
1024.3
1029.98333333
1069.45
1081.5
1063.5
1100.37288136
1046.7
1023.4
1043.3
1020.96666667
1024.49152542
1056.5
1046.11666667
1036.21666667
1034.7
1026.96666667
1025.10169492
1067.05
1045.86666667
1034.22641509
--END OF 8--
155.333333333
156.233333333
148.1
152.15
154.610169492
135.716666667
161.733333333
145.633333333
148.083333333
150.883333333
149.898305085
139.316666667
160.95
163.4
135.95
126.95
148.06779661
135.233333333
149.733333333
146.333333333
140.283333333
162.95
160.474576271
140.5
138.616666667
162.8
141.066666667
136.35
173.677966102
160.133333333
168.8
155.266666667
158.85
155.338983051
141.033333333
157.683333333
139.05
161.183333333
152.983333333
156.101694915
143.433333333
141.916666667
141.066666667
148.783333333
133.75
169.508474576
151.683333333
134.0
155.35
163.116666667
150.254237288
159.583333333
143.566666667
144.533333333
161.383333333
146.666666667
155.322033898
164.766666667
155.5
164.811320755
--END OF 9--
7.86666666667
6.2
4.21666666667
4.83333333333
4.50847457627
4.23333333333
7.93333333333
8.91666666667
6.88333333333
8.9
5.30508474576
4.0
6.45
3.75
2.8
6.3
6.1186440678
5.58333333333
5.36666666667
7.48333333333
6.71666666667
3.98333333333
6.66101694915
4.86666666667
5.0
5.43333333333
5.21666666667
3.96666666667
7.13559322034
5.55
4.6
5.38333333333
4.8
6.05084745763
3.08333333333
5.46666666667
3.68333333333
4.55
7.98333333333
2.59322033898
5.0
6.13333333333
3.01666666667
4.4
3.03333333333
6.89830508475
5.43333333333
3.95
7.25
5.23333333333
6.10169491525
3.68333333333
5.06666666667
8.38333333333
7.08333333333
5.35
4.25423728814
2.85
8.48333333333
5.0
--END OF 10--
1.23333333333
0.8
1.28333333333
0.216666666667
1.15254237288
0.166666666667
1.56666666667
2.36666666667
0.816666666667
2.1
1.57627118644
0.716666666667
1.95
2.3
0.5
1.85
0.661016949153
1.06666666667
2.31666666667
0.45
1.41666666667
0.683333333333
1.38983050847
0.633333333333
1.33333333333
0.766666666667
1.66666666667
0.633333333333
0.271186440678
1.66666666667
1.4
0.866666666667
0.5
0.881355932203
0.133333333333
0.783333333333
0.7
0.0166666666667
1.01666666667
1.0
0.0
0.55
0.583333333333
1.5
0.383333333333
1.71186440678
2.06666666667
0.2
2.15
1.0
1.62711864407
1.11666666667
1.68333333333
1.33333333333
0.25
0.0
0.0
0.4
0.5
1.96226415094
--END OF 11--
0.0166666666667
0.0
0.0
0.0
0.406779661017
0.0
0.333333333333
0.966666666667
0.15
0.6
0.28813559322
0.0
0.5
0.0
0.5
0.0
0.0
0.0
0.5
0.0
0.0
0.433333333333
0.0
0.0
0.0
0.0
0.0
0.0
0.0
0.5
0.3
0.0
0.0
0.0
0.0
0.0
0.0
0.0
0.0
0.0
0.0
0.55
0.0833333333333
1.5
0.0
0.508474576271
1.26666666667
0.0
0.1
0.4
0.0
0.0
0.333333333333
0.166666666667
0.233333333333
0.0
0.0
0.0
0.0
1.11320754717
--END OF 12--
