10.6666666667
10.8166666667
11.6333333333
11.9166666667
10.7627118644
12.05
11.15
12.05
12.1333333333
10.5333333333
11.1694915254
11.2833333333
10.8
11.1666666667
11.45
10.0847457627
10.7166666667
11.35
10.6333333333
11.5166666667
12.0
12.0
10.95
10.8833333333
10.85
11.5423728814
11.5166666667
11.0333333333
10.0166666667
11.3
10.7796610169
12.2666666667
11.3333333333
10.9666666667
11.75
11.2711864407
11.4
10.6666666667
9.81666666667
10.8166666667
12.0847457627
10.85
12.3
11.3166666667
10.2833333333
10.8813559322
11.2
11.0
11.4
11.0166666667
10.8305084746
11.35
11.7333333333
10.45
10.45
10.6949152542
11.3333333333
11.4833333333
11.1166666667
11.2280701754
--END OF 1--
14.6
13.9833333333
14.8166666667
16.1833333333
15.2542372881
14.95
14.45
15.5
16.6333333333
14.9833333333
14.1186440678
15.3666666667
13.9
15.0666666667
15.05
14.593220339
13.6333333333
15.1166666667
14.0166666667
14.5166666667
15.7288135593
16.6
14.2
15.4833333333
14.7
16.4237288136
16.1
15.2833333333
14.65
15.6333333333
15.2372881356
15.7
15.1666666667
14.7
15.3666666667
15.1016949153
14.8
14.2666666667
14.3666666667
14.8166666667
16.0847457627
14.6166666667
16.3166666667
15.3666666667
13.2666666667
14.0338983051
15.5666666667
15.7333333333
16.3333333333
15.25
14.1355932203
15.8
15.4333333333
14.0
13.5
13.8644067797
14.35
15.8
14.45
15.3333333333
--END OF 2--
15.3166666667
15.4333333333
15.05
16.55
16.3559322034
15.0
14.8
16.05
17.4833333333
15.0833333333
14.4576271186
15.8333333333
14.1666666667
16.1166666667
16.1666666667
15.3220338983
14.0333333333
16.1666666667
14.1
14.6166666667
16.0338983051
17.65
14.7
16.6333333333
15.05
17.3389830508
16.3
15.8833333333
15.55
16.1166666667
15.5593220339
16.45
15.65
15.25
15.6166666667
15.3220338983
14.8
15.2166666667
15.2666666667
15.9666666667
17.1355932203
15.2333333333
17.05
15.7666666667
14.0833333333
15.0677966102
16.8333333333
16.5666666667
17.6333333333
15.5333333333
14.186440678
16.2
15.6833333333
14.05
14.55
14.6271186441
14.45
16.3333333333
15.1666666667
15.649122807
--END OF 3--
10.6666666667
10.8166666667
11.6333333333
11.9166666667
10.7627118644
12.05
11.15
12.05
12.1333333333
10.5333333333
11.1694915254
11.2833333333
10.8
11.1666666667
11.45
10.0847457627
10.7166666667
11.35
10.6333333333
11.5166666667
12.0
12.0
10.95
10.8833333333
10.85
11.5423728814
11.5166666667
11.0333333333
10.0166666667
11.3
10.7796610169
12.2666666667
11.3333333333
10.9666666667
11.75
11.2711864407
11.4
10.6666666667
9.81666666667
10.8166666667
12.0847457627
10.85
12.3
11.3166666667
10.2833333333
10.8813559322
11.2
11.0
11.4
11.0166666667
10.8305084746
11.35
11.7333333333
10.45
10.45
10.6949152542
11.3333333333
11.4833333333
11.1166666667
11.2280701754
--END OF 4--
14.6
13.9833333333
14.8166666667
16.1833333333
15.2542372881
14.95
14.45
15.5
16.6333333333
14.9833333333
14.1186440678
15.3666666667
13.9
15.0666666667
15.05
14.593220339
13.6333333333
15.1166666667
14.0166666667
14.5166666667
15.7288135593
16.6
14.2
15.4833333333
14.7
16.4237288136
16.1
15.2833333333
14.65
15.6333333333
15.2372881356
15.7
15.1666666667
14.7
15.3666666667
15.1016949153
14.8
14.2666666667
14.3666666667
14.8166666667
16.0847457627
14.6166666667
16.3166666667
15.3666666667
13.2666666667
14.0338983051
15.5666666667
15.7333333333
16.3333333333
15.25
14.1355932203
15.8
15.4333333333
14.0
13.5
13.8644067797
14.35
15.8
14.45
15.3333333333
--END OF 5--
15.3166666667
15.4333333333
15.05
16.55
16.3559322034
15.0
14.8
16.05
17.4833333333
15.0833333333
14.4576271186
15.8333333333
14.1666666667
16.1166666667
16.1666666667
15.3220338983
14.0333333333
16.1666666667
14.1
14.6166666667
16.0338983051
17.65
14.7
16.6333333333
15.05
17.3389830508
16.3
15.8833333333
15.55
16.1166666667
15.5593220339
16.45
15.65
15.25
15.6166666667
15.3220338983
14.8
15.2166666667
15.2666666667
15.9666666667
17.1355932203
15.2333333333
17.05
15.7666666667
14.0833333333
15.0677966102
16.8333333333
16.5666666667
17.6333333333
15.5333333333
14.186440678
16.2
15.6833333333
14.05
14.55
14.6271186441
14.45
16.3333333333
15.1666666667
15.649122807
--END OF 6--
2179.45
2039.7
2196.25
2256.8
2087.54237288
2222.25
2144.55
2260.5
2314.05
2143.8
2129.59322034
2246.8
2140.7
2176.25
2122.25
2095.3220339
2142.7
2205.1
1973.05
2137.95
2177.23728814
2233.35
2211.15
2201.25
2117.85
2251.98305085
2247.0
2224.45
2211.6
2224.2
2172.96610169
2314.55
2232.7
2148.05
2289.3
2273.28813559
2139.75
2101.5
2077.2
2143.8
2234.74576271
2158.9
2359.2
2226.0
2091.8
2173.72881356
2249.0
2235.9
2242.45
2117.15
2064.20338983
2245.2
2262.3
2163.9
2011.8
2057.28813559
2152.65
2189.8
2221.05
2275.78947368
--END OF 7--
600.166666667
565.633333333
610.633333333
638.4
581.949152542
628.25
596.95
635.05
647.85
590.4
602.779661017
636.1
589.383333333
597.716666667
602.55
586.644067797
590.8
606.75
557.333333333
601.366666667
616.542372881
640.05
611.6
612.45
586.25
636.389830508
631.266666667
617.25
606.966666667
610.233333333
593.406779661
635.666666667
604.866666667
591.15
629.183333333
622.016949153
609.3
575.6
580.9
604.85
628.711864407
595.166666667
665.25
615.116666667
584.7
615.93220339
615.433333333
606.866666667
619.0
592.833333333
581.322033898
611.2
638.2
595.6
558.3
564.915254237
597.583333333
624.883333333
606.116666667
634.98245614
--END OF 8--
76.7333333333
81.3166666667
75.6833333333
85.8166666667
86.6271186441
67.45
71.35
80.35
94.05
94.1
78.6101694915
85.9333333333
69.6833333333
81.0166666667
86.3
88.8644067797
80.5166666667
87.6833333333
69.3666666667
71.2666666667
83.3050847458
92.35
73.8
90.8
79.3
89.186440678
86.7333333333
79.8666666667
92.5666666667
86.3166666667
91.0847457627
79.2
76.5
76.9166666667
84.1666666667
85.8474576271
75.4
78.3
84.9
84.45
100.491525424
82.5833333333
92.4833333333
81.9833333333
79.9
78.4406779661
84.9333333333
95.5666666667
87.9166666667
91.3333333333
77.0
85.9
84.3
72.7
75.45
74.6101694915
68.05
85.0833333333
77.1833333333
80.6315789474
--END OF 9--
5.31666666667
3.53333333333
2.21666666667
4.15
5.61016949153
0.9
2.7
3.3
5.1
2.65
1.23728813559
3.88333333333
2.86666666667
5.21666666667
3.53333333333
3.16949152542
1.63333333333
4.55
2.53333333333
3.28333333333
5.89830508475
7.5
1.45
6.55
2.55
8.25423728814
5.88333333333
2.93333333333
5.95
3.16666666667
2.64406779661
2.23333333333
4.23333333333
6.95
2.0
2.79661016949
1.25
3.85
5.75
2.55
2.32203389831
4.25
3.88333333333
3.6
1.88333333333
2.40677966102
4.88333333333
4.36666666667
6.61666666667
3.05
0.728813559322
5.05
3.8
1.15
2.2
3.13559322034
1.86666666667
4.0
1.85
3.80701754386
--END OF 10--
0.783333333333
1.98333333333
0.233333333333
0.383333333333
2.15254237288
0.0
0.55
0.95
0.9
0.15
0.694915254237
0.766666666667
0.366666666667
1.56666666667
2.15
1.35593220339
0.583333333333
1.66666666667
0.133333333333
0.0
0.508474576271
1.5
0.95
1.85
0.5
1.38983050847
0.5
1.1
0.85
0.85
0.0169491525424
1.06666666667
0.416666666667
1.0
0.5
0.338983050847
0.0
1.25
1.5
1.1
1.74576271186
1.31666666667
0.6
0.35
1.15
1.23728813559
1.75
1.33333333333
2.03333333333
0.55
0.135593220339
0.0
0.0
0.05
1.45
1.35593220339
0.166666666667
0.966666666667
1.03333333333
0.508771929825
--END OF 11--
0.5
0.0
0.0
0.0
0.0
0.0
0.1
0.4
0.0
0.0
0.0
0.5
0.366666666667
0.633333333333
0.0833333333333
0.423728813559
0.5
0.0
0.0
0.0
0.0
0.0
0.0
0.5
0.0
0.169491525424
0.0
0.1
0.85
0.0166666666667
0.0169491525424
0.483333333333
0.0
0.0
0.0
0.169491525424
0.0
0.0
0.5
0.0
0.508474576271
0.0
0.0
0.0
0.133333333333
0.372881355932
1.36666666667
0.133333333333
0.533333333333
0.0
0.0
0.0
0.0
0.05
0.95
0.508474576271
0.0
0.0
0.5
0.0
--END OF 12--
