11.1666666667
11.4666666667
11.2333333333
10.6949152542
11.0333333333
10.5
10.6333333333
12.0
10.55
10.3220338983
10.0
10.2166666667
10.6
10.1333333333
10.3833333333
9.37288135593
10.3666666667
9.68333333333
10.45
11.3833333333
11.7833333333
10.7457627119
10.5
10.3333333333
10.0166666667
12.0333333333
11.7333333333
11.2203389831
11.6
11.5833333333
10.8666666667
10.9
10.406779661
11.45
11.1
10.6
10.5
10.8333333333
10.6779661017
10.7333333333
10.4833333333
11.9
11.3166666667
10.5166666667
11.4237288136
10.6833333333
11.0166666667
12.3333333333
10.7166666667
11.6833333333
10.5254237288
11.4666666667
10.45
10.85
10.9166666667
11.406779661
11.0666666667
11.3833333333
12.25
10.5964912281
--END OF 1--
15.2666666667
16.7666666667
14.8333333333
14.7966101695
15.6
15.2166666667
15.2166666667
16.7333333333
15.7166666667
13.3050847458
13.6
14.5333333333
15.5
14.6
14.5166666667
13.5084745763
14.8833333333
13.4833333333
13.5
15.6333333333
16.6833333333
14.9322033898
15.0666666667
15.5
15.25
16.4333333333
16.9833333333
15.6949152542
15.35
16.7666666667
15.5
16.2833333333
13.9830508475
15.55
15.2833333333
14.2
14.7
14.8833333333
15.7796610169
14.3
14.5
15.2333333333
15.8
15.3666666667
15.9152542373
15.2
14.0666666667
16.2833333333
14.45
16.5166666667
13.9661016949
15.3666666667
14.75
15.5166666667
15.2
16.4237288136
16.25
15.2833333333
15.85
14.5263157895
--END OF 2--
16.4666666667
17.4666666667
15.5833333333
15.406779661
15.9333333333
15.8166666667
15.2166666667
17.2833333333
16.35
13.8305084746
14.3
15.3333333333
15.5
15.5166666667
15.8166666667
14.1525423729
15.0333333333
13.4833333333
13.5
16.5833333333
18.1333333333
15.3220338983
15.4833333333
15.9333333333
16.1333333333
17.05
17.3833333333
15.9661016949
15.7
17.0666666667
16.25
16.3833333333
14.6949152542
16.0
16.3166666667
14.45
14.95
15.6833333333
16.5593220339
15.4166666667
15.0166666667
16.4166666667
16.2
15.7
16.4406779661
16.3833333333
14.3833333333
16.6833333333
14.75
16.7833333333
14.9661016949
15.3666666667
14.9
15.9666666667
15.5666666667
16.9322033898
17.0
15.4333333333
16.1
15.2631578947
--END OF 3--
11.1666666667
11.4666666667
11.2333333333
10.6949152542
11.0333333333
10.5
10.6333333333
12.0
10.55
10.3220338983
10.0
10.2166666667
10.6
10.1333333333
10.3833333333
9.37288135593
10.3666666667
9.68333333333
10.45
11.3833333333
11.7833333333
10.7457627119
10.5
10.3333333333
10.0166666667
12.0333333333
11.7333333333
11.2203389831
11.6
11.5833333333
10.8666666667
10.9
10.406779661
11.45
11.1
10.6
10.5
10.8333333333
10.6779661017
10.7333333333
10.4833333333
11.9
11.3166666667
10.5166666667
11.4237288136
10.6833333333
11.0166666667
12.3333333333
10.7166666667
11.6833333333
10.5254237288
11.4666666667
10.45
10.85
10.9166666667
11.406779661
11.0666666667
11.3833333333
12.25
10.5964912281
--END OF 4--
15.2666666667
16.7666666667
14.8333333333
14.7966101695
15.6
15.2166666667
15.2166666667
16.7333333333
15.7166666667
13.3050847458
13.6
14.5333333333
15.5
14.6
14.5166666667
13.5084745763
14.8833333333
13.4833333333
13.5
15.6333333333
16.6833333333
14.9322033898
15.0666666667
15.5
15.25
16.4333333333
16.9833333333
15.6949152542
15.35
16.7666666667
15.5
16.2833333333
13.9830508475
15.55
15.2833333333
14.2
14.7
14.8833333333
15.7796610169
14.3
14.5
15.2333333333
15.8
15.3666666667
15.9152542373
15.2
14.0666666667
16.2833333333
14.45
16.5166666667
13.9661016949
15.3666666667
14.75
15.5166666667
15.2
16.4237288136
16.25
15.2833333333
15.85
14.5263157895
--END OF 5--
16.4666666667
17.4666666667
15.5833333333
15.406779661
15.9333333333
15.8166666667
15.2166666667
17.2833333333
16.35
13.8305084746
14.3
15.3333333333
15.5
15.5166666667
15.8166666667
14.1525423729
15.0333333333
13.4833333333
13.5
16.5833333333
18.1333333333
15.3220338983
15.4833333333
15.9333333333
16.1333333333
17.05
17.3833333333
15.9661016949
15.7
17.0666666667
16.25
16.3833333333
14.6949152542
16.0
16.3166666667
14.45
14.95
15.6833333333
16.5593220339
15.4166666667
15.0166666667
16.4166666667
16.2
15.7
16.4406779661
16.3833333333
14.3833333333
16.6833333333
14.75
16.7833333333
14.9661016949
15.3666666667
14.9
15.9666666667
15.5666666667
16.9322033898
17.0
15.4333333333
16.1
15.2631578947
--END OF 6--
2106.6
2236.5
2148.9
2053.6779661
2098.35
2097.1
2058.75
2243.65
2180.95
1958.74576271
1981.95
2056.8
2134.4
1977.75
2059.6
1963.16949153
2039.95
1998.0
2056.65
2182.5
2322.45
1999.27118644
2013.75
2071.7
1971.85
2256.35
2318.0
2137.22033898
2189.3
2163.45
2090.4
2198.1
1981.3220339
2080.2
2144.85
2050.8
2068.35
2116.2
2035.93220339
2078.15
2065.85
2198.25
2180.8
2106.45
2173.93220339
2187.9
2130.65
2276.95
2045.95
2240.25
2011.52542373
2163.15
2041.05
2157.0
2202.8
2260.11864407
2247.1
2209.4
2368.3
2131.63157895
--END OF 7--
598.2
633.55
611.05
567.542372881
590.816666667
577.733333333
570.266666667
637.216666667
607.75
547.186440678
553.283333333
576.6
588.766666667
563.4
570.35
548.338983051
565.283333333
544.55
552.15
609.25
634.8
565.949152542
565.35
579.683333333
567.466666667
635.65
631.6
589.915254237
612.916666667
614.15
576.866666667
607.983333333
550.898305085
592.55
596.333333333
559.25
566.2
581.8
581.423728814
578.7
577.683333333
624.416666667
605.366666667
578.566666667
604.949152542
601.583333333
602.033333333
642.25
570.516666667
630.6
552.915254237
605.05
571.2
604.15
610.233333333
625.728813559
617.75
623.85
647.9
596.824561404
--END OF 8--
91.75
112.55
84.35
82.813559322
98.4833333333
92.9
93.4833333333
98.1333333333
92.65
73.6440677966
80.85
86.2166666667
97.3833333333
93.3333333333
81.0333333333
71.8983050847
86.3
85.35
71.3
90.65
92.3
90.4745762712
99.6
96.1666666667
103.7
101.9
108.533333333
100.966101695
77.9166666667
99.6333333333
90.35
100.283333333
85.5254237288
88.95
91.3666666667
86.2
92.3
87.6
111.949152542
72.9833333333
80.3166666667
89.9
95.4833333333
92.8
89.2203389831
94.9666666667
75.5833333333
91.3666666667
78.8333333333
94.4166666667
85.186440678
91.2
92.8
94.1
84.9833333333
100.915254237
106.283333333
88.65
88.3833333333
80.350877193
--END OF 9--
4.3
5.9
2.05
4.74576271186
2.66666666667
3.25
3.4
3.8
6.66666666667
2.23728813559
2.78333333333
3.41666666667
2.46666666667
5.45
4.81666666667
4.28813559322
4.96666666667
2.5
1.35
4.4
6.9
2.38983050847
3.51666666667
4.1
4.71666666667
2.38333333333
5.01666666667
2.05084745763
4.91666666667
4.18333333333
3.48333333333
4.63333333333
2.35593220339
3.8
3.68333333333
2.6
3.45
4.8
5.23728813559
4.08333333333
3.61666666667
2.8
3.86666666667
5.0
4.10169491525
5.31666666667
2.31666666667
2.28333333333
3.6
6.03333333333
2.89830508475
1.4
2.15
4.0
5.51666666667
4.38983050847
5.2
2.11666666667
2.6
4.71929824561
--END OF 10--
1.55
1.05
1.0
1.01694915254
0.233333333333
0.633333333333
0.0
1.0
0.5
0.322033898305
1.4
1.25
0.0333333333333
0.65
2.18333333333
1.18644067797
0.166666666667
0.0
0.0
1.1
1.8
0.491525423729
0.616666666667
0.65
1.31666666667
0.9
0.7
0.440677966102
0.633333333333
0.5
1.2
0.0
1.01694915254
0.5
1.15
0.5
0.05
0.6
1.30508474576
1.38333333333
1.06666666667
1.93333333333
0.5
0.466666666667
0.542372881356
1.55
0.45
0.5
0.5
0.216666666667
0.796610169492
0.0
0.4
0.816666666667
0.183333333333
0.881355932203
0.5
0.0
0.0
0.719298245614
--END OF 11--
0.95
0.0
1.0
0.0
0.233333333333
0.366666666667
0.0
0.0
0.0
0.0
0.0
0.0
0.0
0.0
0.0
0.0
0.0
0.0
0.0
0.35
0.55
0.101694915254
0.0
0.0
0.0
0.0
0.0
0.0
0.0
0.0
0.0
0.0
0.508474576271
0.0
0.366666666667
0.0
0.0
0.0
0.0
0.0
0.0
0.0
0.0
0.0
0.0
0.416666666667
0.0833333333333
0.5
0.0
0.0
0.508474576271
0.0
0.0
0.0
0.0
0.0
0.5
0.0
0.0
0.19298245614
--END OF 12--
