16.2333333333
16.65
15.65
15.0333333333
15.8666666667
15.7627118644
16.2666666667
15.9166666667
15.15
15.5166666667
15.85
15.8983050847
15.3
14.4166666667
15.4666666667
15.0333333333
15.95
16.0
14.9833333333
15.0666666667
16.0333333333
15.6833333333
13.5333333333
15.6440677966
15.6833333333
15.75
15.3166666667
16.0833333333
16.1694915254
15.55
15.0
15.35
16.25
15.3
14.9491525424
15.3333333333
14.4333333333
15.3833333333
16.2
14.9
16.0508474576
16.0666666667
15.2333333333
15.6333333333
14.8
14.6779661017
15.9833333333
15.65
15.35
16.05
16.05
15.4745762712
16.0166666667
14.5666666667
15.05
15.1333333333
15.9833333333
16.8305084746
15.7
14.4736842105
--END OF 1--
20.65
21.65
20.6833333333
19.7666666667
20.0333333333
19.9661016949
19.3
19.1166666667
19.9333333333
20.3333333333
19.9333333333
21.3559322034
19.65
19.6
19.8166666667
19.1333333333
21.2
20.6440677966
20.5833333333
20.0166666667
20.75
20.8333333333
19.25
21.0
20.3833333333
20.65
19.55
20.4333333333
20.2711864407
20.65
20.6
19.75
21.05
20.75
19.1355932203
20.2333333333
19.9
19.0333333333
21.0833333333
19.1833333333
19.5254237288
21.1833333333
22.0833333333
20.4833333333
20.9833333333
19.5084745763
21.3333333333
20.3
20.45
22.1
20.35
19.2711864407
20.6666666667
20.1666666667
19.95
19.65
20.65
22.5084745763
21.3166666667
19.4210526316
--END OF 2--
21.0333333333
21.9666666667
20.7833333333
20.1666666667
20.7166666667
20.3389830508
19.7
19.3333333333
20.2666666667
22.6
20.7166666667
21.9661016949
19.8
19.9833333333
20.5166666667
20.4333333333
22.1
21.3389830508
20.8166666667
20.6166666667
21.05
21.1833333333
20.95
21.1186440678
20.6
21.6166666667
19.8
21.1666666667
20.8983050847
21.5
21.25
20.5
21.7
22.2
19.9322033898
20.55
21.05
19.3666666667
21.9833333333
19.4
20.0508474576
21.5166666667
22.7833333333
21.0333333333
21.1333333333
20.4745762712
22.3833333333
21.0
20.85
23.1
21.9
19.9322033898
21.3833333333
21.5666666667
20.6
20.05
21.0833333333
22.9830508475
22.3833333333
19.7894736842
--END OF 3--
16.2333333333
16.65
15.65
15.0333333333
15.8666666667
15.7627118644
16.2666666667
15.9166666667
15.15
15.5166666667
15.85
15.8983050847
15.3
14.4166666667
15.4666666667
15.0333333333
15.95
16.0
14.9833333333
15.0666666667
16.0333333333
15.6833333333
13.5333333333
15.6440677966
15.6833333333
15.75
15.3166666667
16.0833333333
16.1694915254
15.55
15.0
15.35
16.25
15.3
14.9491525424
15.3333333333
14.4333333333
15.3833333333
16.2
14.9
16.0508474576
16.0666666667
15.2333333333
15.6333333333
14.8
14.6779661017
15.9833333333
15.65
15.35
16.05
16.05
15.4745762712
16.0166666667
14.5666666667
15.05
15.1333333333
15.9833333333
16.8305084746
15.7
14.4736842105
--END OF 4--
20.65
21.65
20.6833333333
19.7666666667
20.0333333333
19.9661016949
19.3
19.1166666667
19.9333333333
20.3333333333
19.9333333333
21.3559322034
19.65
19.6
19.8166666667
19.1333333333
21.2
20.6440677966
20.5833333333
20.0166666667
20.75
20.8333333333
19.25
21.0
20.3833333333
20.65
19.55
20.4333333333
20.2711864407
20.65
20.6
19.75
21.05
20.75
19.1355932203
20.2333333333
19.9
19.0333333333
21.0833333333
19.1833333333
19.5254237288
21.1833333333
22.0833333333
20.4833333333
20.9833333333
19.5084745763
21.3333333333
20.3
20.45
22.1
20.35
19.2711864407
20.6666666667
20.1666666667
19.95
19.65
20.65
22.5084745763
21.3166666667
19.4210526316
--END OF 5--
21.0333333333
21.9666666667
20.7833333333
20.1666666667
20.7166666667
20.3389830508
19.7
19.3333333333
20.2666666667
22.6
20.7166666667
21.9661016949
19.8
19.9833333333
20.5166666667
20.4333333333
22.1
21.3389830508
20.8166666667
20.6166666667
21.05
21.1833333333
20.95
21.1186440678
20.6
21.6166666667
19.8
21.1666666667
20.8983050847
21.5
21.25
20.5
21.7
22.2
19.9322033898
20.55
21.05
19.3666666667
21.9833333333
19.4
20.0508474576
21.5166666667
22.7833333333
21.0333333333
21.1333333333
20.4745762712
22.3833333333
21.0
20.85
23.1
21.9
19.9322033898
21.3833333333
21.5666666667
20.6
20.05
21.0833333333
22.9830508475
22.3833333333
19.7894736842
--END OF 6--
3058.6
3043.9
2851.35
2834.6
2890.7
2954.08474576
2975.0
3035.0
2936.9
2876.85
2923.3
2959.47457627
2982.3
2922.75
3013.5
2891.55
2926.5
3062.03389831
2982.1
2890.8
2885.6
2966.2
2681.95
2973.25423729
2909.95
2965.65
2810.25
3033.25
2965.11864407
2918.25
2983.35
2956.35
3001.5
2874.3
2883.76271186
2910.25
2890.6
2852.95
2999.7
3017.7
2956.16949153
2979.65
2896.25
2901.45
2984.35
2847.50847458
2943.6
2851.2
2906.55
3036.75
2999.1
2935.77966102
2950.8
2939.5
2794.75
2826.75
2892.9
3115.88135593
2944.1
2768.68421053
--END OF 7--
823.3
850.6
807.916666667
794.8
806.316666667
811.220338983
823.166666667
829.316666667
803.716666667
810.783333333
792.333333333
833.457627119
817.15
800.683333333
822.8
786.7
816.2
851.457627119
820.833333333
794.433333333
827.983333333
811.916666667
743.466666667
826.966101695
815.316666667
820.883333333
778.3
834.466666667
814.762711864
814.05
802.05
811.15
829.55
795.85
794.881355932
819.95
795.383333333
798.5
827.65
836.566666667
829.813559322
837.4
817.433333333
805.416666667
819.233333333
797.525423729
832.9
801.3
789.7
850.15
834.2
798.033898305
821.083333333
819.85
778.583333333
783.033333333
814.85
859.271186441
829.366666667
765.701754386
--END OF 8--
117.6
115.883333333
109.516666667
97.8
103.0
97.813559322
94.5
89.2333333333
95.1833333333
106.15
100.5
115.508474576
104.1
109.483333333
104.0
103.55
112.65
100.93220339
116.816666667
100.016666667
111.55
116.3
113.783333333
115.966101695
102.633333333
101.016666667
100.333333333
98.4333333333
107.033898305
107.2
101.6
101.55
108.4
113.05
99.8813559322
114.016666667
116.95
100.1
106.016666667
95.2333333333
89.4237288136
109.366666667
134.716666667
101.966666667
129.85
102.898305085
123.4
118.7
117.15
114.7
88.3
94.4576271186
118.5
115.833333333
107.85
104.516666667
108.65
128.084745763
114.85
96.4912280702
--END OF 9--
3.53333333333
4.1
4.05
5.13333333333
5.66666666667
3.42372881356
2.43333333333
1.1
5.76666666667
8.63333333333
4.28333333333
4.83050847458
2.65
3.86666666667
2.9
4.3
8.25
5.0
4.21666666667
5.48333333333
2.31666666667
4.65
8.33333333333
3.13559322034
2.55
6.81666666667
3.01666666667
1.95
3.54237288136
4.95
4.95
3.55
5.3
8.3
4.96610169492
3.5
5.18333333333
2.15
5.31666666667
2.01666666667
2.25423728814
2.28333333333
5.38333333333
5.31666666667
2.8
4.0
6.45
2.75
2.9
5.1
6.5
3.35593220339
2.48333333333
5.46666666667
5.03333333333
3.9
2.58333333333
3.20338983051
5.26666666667
4.94736842105
--END OF 10--
0.75
0.55
0.316666666667
0.0
0.916666666667
0.593220338983
0.716666666667
0.3
0.5
3.08333333333
1.4
0.508474576271
0.3
0.633333333333
0.5
1.5
1.25
1.0
0.616666666667
0.916666666667
0.333333333333
0.7
2.46666666667
0.220338983051
0.333333333333
1.45
0.0
0.683333333333
0.830508474576
1.4
1.25
1.1
0.9
1.65
1.4406779661
0.616666666667
1.66666666667
0.533333333333
1.15
0.316666666667
0.728813559322
0.55
1.0
0.5
0.266666666667
0.338983050847
1.85
1.05
0.5
2.0
2.05
0.966101694915
0.9
1.96666666667
0.533333333333
0.5
0.633333333333
0.881355932203
1.36666666667
0.789473684211
--END OF 11--
0.0
0.0
0.0
0.0
0.383333333333
0.118644067797
0.0
0.0
0.0
0.5
0.0
0.0
0.0
0.0
0.0
0.5
0.25
0.762711864407
0.0
0.0
0.0
0.0
0.5
0.0
0.0
0.0
0.0
0.0666666666667
0.440677966102
0.6
0.9
0.5
0.15
0.35
0.0
0.0
0.5
0.0333333333333
0.466666666667
0.0
0.220338983051
0.283333333333
0.0
0.0
0.0
0.0
0.0
0.5
0.5
0.0
0.15
0.35593220339
0.283333333333
1.08333333333
0.133333333333
0.0
0.5
0.0
0.366666666667
0.0
--END OF 12--
