7.68333333333
7.66666666667
6.98305084746
8.1
7.5
8.6
7.9
7.46666666667
6.35593220339
6.51666666667
6.76666666667
7.53333333333
7.51666666667
7.08333333333
7.1186440678
7.23333333333
7.63333333333
7.16666666667
7.26666666667
7.3
8.20338983051
7.48333333333
7.1
7.21666666667
6.93333333333
7.05
6.96610169492
8.05
7.93333333333
6.25
6.7
6.27118644068
7.1
7.38333333333
6.95
6.75
6.71666666667
7.5593220339
7.66666666667
6.33333333333
7.18333333333
6.9
6.75
7.30508474576
6.8
6.9
7.11666666667
6.55
6.27118644068
6.58333333333
6.76666666667
7.01666666667
7.41666666667
6.65
6.45762711864
7.35
6.55
6.05
6.9
8.40350877193
--END OF 1--
10.4333333333
10.5166666667
9.42372881356
10.85
10.95
11.95
11.0
9.76666666667
10.0847457627
9.58333333333
9.85
9.23333333333
9.85
10.05
9.47457627119
9.5
10.25
10.6166666667
10.4333333333
9.23333333333
10.4745762712
9.53333333333
9.4
8.76666666667
9.03333333333
9.75
8.91525423729
10.5333333333
10.3833333333
8.41666666667
9.41666666667
8.50847457627
9.81666666667
10.2833333333
9.43333333333
9.06666666667
9.11666666667
9.38983050847
9.76666666667
8.33333333333
9.43333333333
9.4
9.0
9.35593220339
9.15
9.48333333333
10.1833333333
8.51666666667
9.18644067797
8.63333333333
8.8
9.01666666667
9.41666666667
8.43333333333
8.67796610169
10.3
9.1
8.35
9.95
11.2631578947
--END OF 2--
10.55
11.05
9.77966101695
11.25
11.55
12.6
11.1
9.96666666667
10.593220339
10.0666666667
10.5666666667
9.63333333333
9.9
10.5333333333
9.64406779661
10.05
10.25
10.6166666667
10.8833333333
9.28333333333
11.6440677966
9.68333333333
9.9
9.11666666667
9.58333333333
9.9
9.20338983051
10.7833333333
10.75
8.46666666667
9.76666666667
8.77966101695
10.4
10.5
9.71666666667
9.61666666667
9.46666666667
9.69491525424
9.81666666667
8.58333333333
9.73333333333
9.85
9.65
10.1525423729
9.41666666667
10.0333333333
10.2333333333
8.51666666667
9.28813559322
8.63333333333
9.1
9.43333333333
10.0
8.93333333333
8.67796610169
10.8
9.1
8.8
10.4
11.3684210526
--END OF 3--
7.68333333333
7.66666666667
6.98305084746
8.1
7.5
8.6
7.9
7.46666666667
6.35593220339
6.51666666667
6.76666666667
7.53333333333
7.51666666667
7.08333333333
7.1186440678
7.23333333333
7.63333333333
7.16666666667
7.26666666667
7.3
8.20338983051
7.48333333333
7.1
7.21666666667
6.93333333333
7.05
6.96610169492
8.05
7.93333333333
6.25
6.7
6.27118644068
7.1
7.38333333333
6.95
6.75
6.71666666667
7.5593220339
7.66666666667
6.33333333333
7.18333333333
6.9
6.75
7.30508474576
6.8
6.9
7.11666666667
6.55
6.27118644068
6.58333333333
6.76666666667
7.01666666667
7.41666666667
6.65
6.45762711864
7.35
6.55
6.05
6.9
8.40350877193
--END OF 4--
10.4333333333
10.5166666667
9.42372881356
10.85
10.95
11.95
11.0
9.76666666667
10.0847457627
9.58333333333
9.85
9.23333333333
9.85
10.05
9.47457627119
9.5
10.25
10.6166666667
10.4333333333
9.23333333333
10.4745762712
9.53333333333
9.4
8.76666666667
9.03333333333
9.75
8.91525423729
10.5333333333
10.3833333333
8.41666666667
9.41666666667
8.50847457627
9.81666666667
10.2833333333
9.43333333333
9.06666666667
9.11666666667
9.38983050847
9.76666666667
8.33333333333
9.43333333333
9.4
9.0
9.35593220339
9.15
9.48333333333
10.1833333333
8.51666666667
9.18644067797
8.63333333333
8.8
9.01666666667
9.41666666667
8.43333333333
8.67796610169
10.3
9.1
8.35
9.95
11.2631578947
--END OF 5--
10.55
11.05
9.77966101695
11.25
11.55
12.6
11.1
9.96666666667
10.593220339
10.0666666667
10.5666666667
9.63333333333
9.9
10.5333333333
9.64406779661
10.05
10.25
10.6166666667
10.8833333333
9.28333333333
11.6440677966
9.68333333333
9.9
9.11666666667
9.58333333333
9.9
9.20338983051
10.7833333333
10.75
8.46666666667
9.76666666667
8.77966101695
10.4
10.5
9.71666666667
9.61666666667
9.46666666667
9.69491525424
9.81666666667
8.58333333333
9.73333333333
9.85
9.65
10.1525423729
9.41666666667
10.0333333333
10.2333333333
8.51666666667
9.28813559322
8.63333333333
9.1
9.43333333333
10.0
8.93333333333
8.67796610169
10.8
9.1
8.8
10.4
11.3684210526
--END OF 6--
1495.55
1528.1
1385.49152542
1543.5
1491.45
1676.85
1532.85
1476.15
1500.10169492
1491.8
1432.8
1397.4
1531.85
1467.25
1414.3220339
1475.3
1462.15
1502.7
1418.3
1423.8
1491.66101695
1458.45
1415.4
1399.95
1431.3
1474.65
1411.72881356
1545.95
1515.25
1276.2
1385.35
1324.52542373
1453.4
1446.6
1400.4
1308.45
1396.5
1446.45762712
1431.75
1307.25
1368.75
1346.85
1338.9
1399.06779661
1438.55
1393.55
1432.1
1330.5
1320.05084746
1310.5
1334.2
1323.15
1468.75
1346.45
1364.84745763
1443.45
1378.35
1278.45
1347.0
1679.57894737
--END OF 7--
412.65
429.283333333
387.033898305
427.5
409.85
468.95
442.85
414.4
407.711864407
403.35
381.733333333
397.5
420.066666667
404.233333333
399.016949153
424.916666667
417.016666667
424.883333333
400.833333333
392.283333333
426.661016949
412.85
400.3
397.65
403.3
411.5
375.796610169
435.916666667
430.9
349.116666667
386.266666667
378.474576271
392.933333333
406.266666667
382.666666667
366.5
392.9
398.474576271
404.05
372.0
381.6
387.6
373.6
396.627118644
391.3
396.733333333
404.566666667
371.3
358.389830508
363.45
378.583333333
383.116666667
417.366666667
369.033333333
376.033898305
400.15
378.15
348.0
378.45
460.754385965
--END OF 8--
69.1333333333
63.5666666667
53.9491525424
70.0
75.85
75.2
62.4
61.8
70.9661016949
66.5
68.0333333333
50.8
47.2833333333
57.8
55.4237288136
59.2833333333
67.5666666667
62.6833333333
59.4166666667
43.45
65.0847457627
48.4
52.85
35.9
58.15
60.2
48.8474576271
58.05
56.05
44.1833333333
53.4833333333
48.813559322
65.0833333333
61.5
60.1666666667
59.3666666667
45.45
46.1016949153
65.2
43.95
53.85
49.05
52.5
52.8305084746
52.3666666667
52.3166666667
53.1666666667
47.9333333333
64.406779661
42.6833333333
50.0833333333
50.7833333333
54.1333333333
42.85
53.4406779661
65.6
56.25
45.15
61.2
57.7894736842
--END OF 9--
1.18333333333
2.86666666667
2.47457627119
2.15
5.0
4.3
3.55
0.7
2.96610169492
3.01666666667
4.81666666667
1.66666666667
1.16666666667
3.71666666667
2.13559322034
1.0
1.58333333333
3.15
4.11666666667
0.65
2.79661016949
1.85
2.35
1.05
2.45
1.05
1.64406779661
2.61666666667
2.3
2.36666666667
3.98333333333
1.76271186441
3.51666666667
2.0
1.86666666667
1.8
1.91666666667
1.30508474576
0.05
0.75
2.95
2.7
2.0
2.77966101695
1.45
2.45
3.41666666667
1.08333333333
2.15254237288
2.3
1.55
2.33333333333
1.68333333333
3.0
1.20338983051
3.05
1.2
1.8
3.6
3.87719298246
--END OF 10--
0.116666666667
0.383333333333
0.508474576271
0.3
1.2
1.0
0.4
0.2
0.406779661017
0.616666666667
1.38333333333
0.433333333333
0.0666666666667
0.0
0.0
0.5
0.0
0.0
0.5
0.0
1.27118644068
0.25
0.5
0.5
0.35
0.15
0.338983050847
0.4
0.766666666667
0.0
0.383333333333
0.118644067797
0.5
0.116666666667
0.383333333333
1.0
0.0
0.508474576271
0.05
0.45
0.8
0.7
1.15
0.593220338983
0.266666666667
0.883333333333
0.116666666667
0.0
0.0
0.0
0.5
0.766666666667
0.733333333333
0.5
0.0
0.5
0.0
0.75
0.85
0.456140350877
--END OF 11--
0.0
0.0
0.0
0.3
0.2
0.0
0.0
0.1
0.406779661017
0.0
0.0
0.0
0.0
0.0
0.0
0.0
0.0
0.0
0.0
0.0
0.508474576271
0.0
0.5
0.5
0.0
0.0
0.0
0.0
0.0
0.0
0.0
0.0
0.5
0.0
0.0
0.0
0.0
0.0
0.0
0.0
0.5
0.0
0.5
0.0
0.0
0.5
0.0
0.0
0.0
0.0
0.0
0.0
0.5
0.0
0.0
0.0
0.0
0.0
0.0
0.0
--END OF 12--
