17.406779661
16.7333333333
15.55
17.45
16.7333333333
16.55
16.3389830508
16.25
16.7166666667
17.1333333333
16.5166666667
15.6666666667
15.8305084746
17.65
17.9
15.0
15.75
15.8644067797
16.7166666667
17.15
16.5333333333
15.5333333333
16.3050847458
17.15
17.05
15.15
16.6833333333
16.4576271186
15.8333333333
16.2333333333
16.7333333333
17.15
17.6440677966
16.0333333333
16.5833333333
15.8333333333
16.3833333333
16.3220338983
16.75
15.65
17.5333333333
16.3166666667
17.7627118644
17.2333333333
15.5166666667
16.8
17.0166666667
16.6
17.1525423729
15.8
16.75
16.0
16.9
16.3898305085
16.05
16.7333333333
15.85
16.6833333333
17.1186440678
16.6206896552
--END OF 1--
24.0169491525
23.7333333333
22.15
25.4
23.7833333333
23.2
24.2203389831
23.8666666667
23.6
24.3166666667
22.45
21.0833333333
21.2542372881
23.3833333333
23.7166666667
22.3666666667
23.1166666667
22.7118644068
23.7166666667
24.95
23.9333333333
20.9833333333
23.1525423729
24.55
24.4333333333
21.2333333333
23.7666666667
23.4745762712
22.9166666667
23.75
22.75
25.3
26.0847457627
22.7833333333
23.8833333333
23.3833333333
24.3
23.6949152542
24.1
22.3
24.1833333333
23.3
23.8305084746
23.1166666667
22.1
23.4333333333
23.8333333333
24.5166666667
23.4745762712
22.05
22.5
21.95
21.9
22.8305084746
23.0
23.8
22.2833333333
24.1
24.2711864407
24.3620689655
--END OF 2--
25.4915254237
24.3333333333
23.6
26.1666666667
24.55
23.8
25.2033898305
25.3666666667
24.1833333333
24.6333333333
22.8333333333
22.15
21.2542372881
24.5666666667
25.0
23.3833333333
23.7
23.186440678
24.7166666667
25.3
25.1333333333
21.3333333333
25.3050847458
25.8333333333
26.0166666667
22.3833333333
24.5666666667
24.1525423729
24.5
25.2833333333
23.5833333333
25.7833333333
27.4237288136
23.7833333333
25.3333333333
24.6
25.7666666667
24.6271186441
25.55
22.6666666667
24.8833333333
25.05
25.3559322034
23.3166666667
22.7666666667
24.0666666667
24.7666666667
25.5166666667
24.1016949153
23.2
23.05
22.75
21.9
23.1694915254
23.45
24.7
22.6333333333
25.3666666667
25.8305084746
25.224137931
--END OF 3--
17.406779661
16.7333333333
15.55
17.45
16.7333333333
16.55
16.3389830508
16.25
16.7166666667
17.1333333333
16.5166666667
15.6666666667
15.8305084746
17.65
17.9
15.0
15.75
15.8644067797
16.7166666667
17.15
16.5333333333
15.5333333333
16.3050847458
17.15
17.05
15.15
16.6833333333
16.4576271186
15.8333333333
16.2333333333
16.7333333333
17.15
17.6440677966
16.0333333333
16.5833333333
15.8333333333
16.3833333333
16.3220338983
16.75
15.65
17.5333333333
16.3166666667
17.7627118644
17.2333333333
15.5166666667
16.8
17.0166666667
16.6
17.1525423729
15.8
16.75
16.0
16.9
16.3898305085
16.05
16.7333333333
15.85
16.6833333333
17.1186440678
16.6206896552
--END OF 4--
24.0169491525
23.7333333333
22.15
25.4
23.7833333333
23.2
24.2203389831
23.8666666667
23.6
24.3166666667
22.45
21.0833333333
21.2542372881
23.3833333333
23.7166666667
22.3666666667
23.1166666667
22.7118644068
23.7166666667
24.95
23.9333333333
20.9833333333
23.1525423729
24.55
24.4333333333
21.2333333333
23.7666666667
23.4745762712
22.9166666667
23.75
22.75
25.3
26.0847457627
22.7833333333
23.8833333333
23.3833333333
24.3
23.6949152542
24.1
22.3
24.1833333333
23.3
23.8305084746
23.1166666667
22.1
23.4333333333
23.8333333333
24.5166666667
23.4745762712
22.05
22.5
21.95
21.9
22.8305084746
23.0
23.8
22.2833333333
24.1
24.2711864407
24.3620689655
--END OF 5--
25.4915254237
24.3333333333
23.6
26.1666666667
24.55
23.8
25.2033898305
25.3666666667
24.1833333333
24.6333333333
22.8333333333
22.15
21.2542372881
24.5666666667
25.0
23.3833333333
23.7
23.186440678
24.7166666667
25.3
25.1333333333
21.3333333333
25.3050847458
25.8333333333
26.0166666667
22.3833333333
24.5666666667
24.1525423729
24.5
25.2833333333
23.5833333333
25.7833333333
27.4237288136
23.7833333333
25.3333333333
24.6
25.7666666667
24.6271186441
25.55
22.6666666667
24.8833333333
25.05
25.3559322034
23.3166666667
22.7666666667
24.0666666667
24.7666666667
25.5166666667
24.1016949153
23.2
23.05
22.75
21.9
23.1694915254
23.45
24.7
22.6333333333
25.3666666667
25.8305084746
25.224137931
--END OF 6--
3216.86440678
3225.45
3045.7
3351.65
3078.4
3006.0
3038.49152542
3053.9
3120.7
3134.05
3075.95
2910.25
2890.47457627
3164.55
3171.3
2901.55
3132.45
3069.15254237
3242.35
3108.15
3109.2
2972.4
3065.28813559
3191.05
3368.55
2847.95
3074.0
3081.15254237
2935.45
3056.3
3146.15
3195.3
3254.94915254
3061.2
3007.2
2999.15
3100.35
3063.91525424
3076.6
2926.8
3260.85
2988.8
3296.38983051
3156.25
2987.75
3229.45
3184.15
3198.05
3319.57627119
2968.95
3046.8
2930.7
3082.5
3007.72881356
2950.2
3114.1
3000.7
3237.85
3161.23728814
3140.94827586
--END OF 7--
889.372881356
890.8
841.65
932.833333333
871.183333333
869.9
850.186440678
863.833333333
872.766666667
883.716666667
860.616666667
809.016666667
818.677966102
898.116666667
905.766666667
808.016666667
873.316666667
875.593220339
909.75
891.45
881.85
811.05
855.881355932
897.266666667
921.166666667
797.916666667
869.533333333
860.423728814
829.983333333
874.933333333
879.316666667
903.45
929.508474576
872.3
852.1
843.016666667
881.166666667
863.728813559
877.35
833.866666667
915.8
851.716666667
910.711864407
880.75
838.516666667
903.783333333
896.45
898.65
908.305084746
825.25
859.35
831.4
855.85
845.711864407
843.75
879.816666667
838.316666667
887.983333333
904.474576271
903.120689655
--END OF 8--
138.220338983
146.85
136.266666667
162.6
151.683333333
127.0
147.016949153
147.5
146.9
152.45
131.183333333
138.083333333
125.033898305
136.183333333
134.9
135.333333333
145.633333333
134.694915254
147.0
146.6
155.15
113.4
137.881355932
149.516666667
141.566666667
132.316666667
147.316666667
126.542372881
148.283333333
161.7
131.733333333
149.3
173.389830508
148.5
143.2
149.5
161.2
149.305084746
135.183333333
135.016666667
151.333333333
144.966666667
144.271186441
135.15
135.95
140.3
142.183333333
169.0
148.423728814
126.35
137.8
122.15
121.35
137.949152542
144.3
140.383333333
134.516666667
158.1
158.355932203
150.982758621
--END OF 9--
8.76271186441
5.25
6.46666666667
6.46666666667
7.23333333333
4.0
7.66101694915
8.61666666667
4.78333333333
4.7
2.7
5.33333333333
1.52542372881
6.36666666667
6.6
6.01666666667
4.45
6.15254237288
4.63333333333
6.5
5.35
3.7
7.83050847458
6.31666666667
10.0
5.78333333333
5.16666666667
7.45762711864
7.98333333333
6.46666666667
5.65
6.56666666667
8.37288135593
5.6
11.1
7.58333333333
9.06666666667
6.93220338983
9.21666666667
3.11666666667
3.23333333333
8.1
5.25423728814
4.15
3.86666666667
6.13333333333
5.83333333333
5.5
3.05084745763
5.4
3.6
7.05
3.0
6.18644067797
5.36666666667
8.16666666667
3.98333333333
8.36666666667
5.50847457627
5.60344827586
--END OF 10--
2.20338983051
1.0
2.03333333333
1.1
0.933333333333
1.05
1.76271186441
2.51666666667
0.75
0.75
0.733333333333
1.26666666667
0.0
1.15
1.53333333333
2.01666666667
0.633333333333
0.71186440678
1.51666666667
0.5
1.95
0.25
3.38983050847
1.8
1.75
1.35
0.8
1.0
1.78333333333
2.31666666667
1.33333333333
0.683333333333
1.72881355932
1.45
2.1
1.16666666667
2.53333333333
0.932203389831
2.01666666667
0.566666666667
1.38333333333
2.6
2.05084745763
0.0
0.916666666667
1.08333333333
1.46666666667
1.96666666667
0.71186440678
1.8
0.4
0.5
0.0
0.0
0.733333333333
0.833333333333
0.733333333333
1.13333333333
2.16949152542
1.29310344828
--END OF 11--
0.677966101695
0.0
0.0833333333333
0.616666666667
0.0
0.55
0.457627118644
0.266666666667
0.0
0.0
0.0
0.0
0.0
0.0
0.166666666667
0.333333333333
0.0
0.0
0.633333333333
0.4
0.0
0.0
1.01694915254
0.183333333333
0.316666666667
0.0
0.4
0.372881355932
0.6
0.566666666667
0.5
0.233333333333
0.559322033898
0.45
0.5
0.533333333333
0.0
0.338983050847
0.366666666667
0.0666666666667
0.0833333333333
0.416666666667
1.01694915254
0.0
0.0
0.0
0.266666666667
0.0
0.0
0.0
0.0
0.0
0.0
0.0
0.233333333333
0.0666666666667
0.233333333333
0.166666666667
0.0
0.48275862069
--END OF 12--
