16.406779661
15.5833333333
16.7833333333
15.2333333333
14.75
14.5
14.2
15.2372881356
16.1333333333
15.7333333333
16.55
16.9666666667
15.65
15.6271186441
15.7666666667
15.5833333333
15.9833333333
14.7833333333
15.8644067797
16.2
16.15
15.1833333333
14.6
15.85
15.1016949153
15.45
15.5166666667
15.4166666667
15.7166666667
16.3666666667
15.6440677966
15.5666666667
14.95
14.8
14.7333333333
15.6949152542
15.7
15.95
14.9
15.8
15.1166666667
15.8644067797
15.2833333333
15.6333333333
15.8333333333
14.5666666667
14.8813559322
14.75
15.55
13.9833333333
13.8333333333
14.5666666667
14.9322033898
14.1166666667
14.6166666667
15.3333333333
13.8166666667
14.3
15.5593220339
16.5172413793
--END OF 1--
21.2033898305
19.1833333333
21.1833333333
19.0333333333
19.65
20.2
19.3
19.9322033898
20.6833333333
20.1333333333
21.0
22.1666666667
20.1666666667
20.2881355932
20.5333333333
20.6666666667
20.5
18.7333333333
19.9491525424
20.45
20.6
19.0833333333
19.35
19.75
18.5254237288
19.7166666667
20.2166666667
20.2666666667
19.9666666667
20.8666666667
20.6440677966
21.4
19.25
18.7833333333
20.25
20.7457627119
21.25
20.75
19.9
20.85
19.9833333333
20.7627118644
19.55
20.4666666667
20.3333333333
19.4666666667
19.5084745763
18.9
19.25
18.5166666667
18.4333333333
18.8
21.4576271186
19.0666666667
19.2166666667
18.9333333333
17.8666666667
20.1833333333
20.3220338983
22.0862068966
--END OF 2--
22.5423728814
19.4333333333
22.2833333333
20.2333333333
20.5
21.4
19.55
20.2711864407
21.4
20.7166666667
21.2166666667
22.3666666667
20.9166666667
20.7118644068
21.0166666667
20.7166666667
20.8
18.7333333333
20.406779661
21.6
21.9
19.6333333333
19.6
20.4
19.186440678
20.0666666667
20.5
21.0666666667
20.3333333333
21.2666666667
21.2033898305
22.0333333333
20.7333333333
19.9666666667
20.8666666667
21.2372881356
22.55
20.9
20.1
21.3
20.7666666667
21.7796610169
19.55
20.9166666667
20.5833333333
19.8166666667
19.7288135593
19.65
19.5833333333
19.0666666667
18.7166666667
19.7333333333
22.9661016949
19.2666666667
20.1666666667
19.6333333333
18.4166666667
20.4333333333
20.5254237288
22.4310344828
--END OF 3--
16.406779661
15.5833333333
16.7833333333
15.2333333333
14.75
14.5
14.2
15.2372881356
16.1333333333
15.7333333333
16.55
16.9666666667
15.65
15.6271186441
15.7666666667
15.5833333333
15.9833333333
14.7833333333
15.8644067797
16.2
16.15
15.1833333333
14.6
15.85
15.1016949153
15.45
15.5166666667
15.4166666667
15.7166666667
16.3666666667
15.6440677966
15.5666666667
14.95
14.8
14.7333333333
15.6949152542
15.7
15.95
14.9
15.8
15.1166666667
15.8644067797
15.2833333333
15.6333333333
15.8333333333
14.5666666667
14.8813559322
14.75
15.55
13.9833333333
13.8333333333
14.5666666667
14.9322033898
14.1166666667
14.6166666667
15.3333333333
13.8166666667
14.3
15.5593220339
16.5172413793
--END OF 4--
21.2033898305
19.1833333333
21.1833333333
19.0333333333
19.65
20.2
19.3
19.9322033898
20.6833333333
20.1333333333
21.0
22.1666666667
20.1666666667
20.2881355932
20.5333333333
20.6666666667
20.5
18.7333333333
19.9491525424
20.45
20.6
19.0833333333
19.35
19.75
18.5254237288
19.7166666667
20.2166666667
20.2666666667
19.9666666667
20.8666666667
20.6440677966
21.4
19.25
18.7833333333
20.25
20.7457627119
21.25
20.75
19.9
20.85
19.9833333333
20.7627118644
19.55
20.4666666667
20.3333333333
19.4666666667
19.5084745763
18.9
19.25
18.5166666667
18.4333333333
18.8
21.4576271186
19.0666666667
19.2166666667
18.9333333333
17.8666666667
20.1833333333
20.3220338983
22.0862068966
--END OF 5--
22.5423728814
19.4333333333
22.2833333333
20.2333333333
20.5
21.4
19.55
20.2711864407
21.4
20.7166666667
21.2166666667
22.3666666667
20.9166666667
20.7118644068
21.0166666667
20.7166666667
20.8
18.7333333333
20.406779661
21.6
21.9
19.6333333333
19.6
20.4
19.186440678
20.0666666667
20.5
21.0666666667
20.3333333333
21.2666666667
21.2033898305
22.0333333333
20.7333333333
19.9666666667
20.8666666667
21.2372881356
22.55
20.9
20.1
21.3
20.7666666667
21.7796610169
19.55
20.9166666667
20.5833333333
19.8166666667
19.7288135593
19.65
19.5833333333
19.0666666667
18.7166666667
19.7333333333
22.9661016949
19.2666666667
20.1666666667
19.6333333333
18.4166666667
20.4333333333
20.5254237288
22.4310344828
--END OF 6--
3059.33898305
2912.1
3008.85
2979.3
2953.95
2960.7
2847.3
2879.84745763
2997.1
2874.4
3026.45
3207.85
3035.5
2923.83050847
3009.3
2995.25
2965.85
2938.85
2983.6779661
3069.3
3084.9
2916.9
2833.2
2953.65
2819.03389831
2838.35
2988.15
2919.3
2950.95
3022.3
2937.40677966
2967.8
2868.85
2895.2
2975.95
2970.76271186
2923.35
3045.3
2922.15
2991.9
2872.1
3067.06779661
2928.0
2879.0
3021.05
2788.7
2796.0
2866.45
2895.15
2748.8
2816.65
2838.35
2939.69491525
2819.25
2755.95
2825.55
2654.1
2732.5
2905.93220339
3044.53448276
--END OF 7--
847.06779661
791.3
844.9
827.85
806.45
812.55
788.55
808.983050847
824.383333333
809.45
852.833333333
879.45
812.166666667
822.677966102
826.016666667
823.983333333
816.633333333
795.483333333
818.830508475
836.1
845.6
796.15
787.95
821.05
789.610169492
791.216666667
810.5
801.25
805.416666667
842.15
810.745762712
825.816666667
801.3
790.016666667
823.716666667
825.406779661
805.7
848.75
789.0
813.15
787.6
838.610169492
804.966666667
806.5
830.466666667
764.95
774.13559322
784.6
795.333333333
767.866666667
766.75
778.366666667
801.542372881
784.85
772.8
784.0
733.683333333
773.483333333
801.288135593
855.155172414
--END OF 8--
107.322033898
97.85
119.2
100.6
94.35
116.35
111.05
107.762711864
112.066666667
108.433333333
108.866666667
111.683333333
101.166666667
101.220338983
100.066666667
101.483333333
111.616666667
91.0333333333
100.813559322
113.25
104.4
96.5
101.2
100.65
88.2542372881
106.133333333
100.25
108.55
104.316666667
101.116666667
109.271186441
124.966666667
106.616666667
97.3333333333
114.383333333
108.898305085
113.6
91.8
106.65
123.7
111.35
116.118644068
96.1166666667
114.983333333
101.066666667
103.35
106.423728814
101.933333333
98.1333333333
94.25
106.75
91.0166666667
121.440677966
102.35
100.7
91.25
84.2
115.683333333
121.355932203
129.534482759
--END OF 9--
6.76271186441
2.2
4.4
3.1
5.1
7.45
1.5
2.35593220339
4.33333333333
3.31666666667
2.36666666667
4.7
3.63333333333
2.10169491525
3.96666666667
4.08333333333
3.65
3.06666666667
4.37288135593
4.95
4.4
2.95
2.15
3.85
5.25423728814
2.8
2.18333333333
3.26666666667
3.3
4.23333333333
5.08474576271
6.28333333333
5.73333333333
4.41666666667
6.16666666667
4.57627118644
10.25
2.9
3.55
3.55
4.33333333333
5.03389830508
4.11666666667
4.06666666667
2.83333333333
4.08333333333
5.50847457627
2.48333333333
1.7
2.85
3.95
4.08333333333
9.72881355932
4.05
6.4
3.95
1.83333333333
2.61666666667
3.03389830508
3.05172413793
--END OF 10--
2.30508474576
0.05
0.85
2.05
1.55
1.2
0.35
0.389830508475
1.11666666667
0.733333333333
0.266666666667
0.0
0.5
0.677966101695
0.5
0.333333333333
0.5
0.0
0.152542372881
1.75
2.35
0.75
0.05
0.45
0.338983050847
0.3
0.4
0.983333333333
0.483333333333
0.5
0.576271186441
1.06666666667
2.2
1.65
1.4
0.830508474576
2.1
0.4
0.15
0.55
1.01666666667
1.77966101695
0.0
0.5
0.683333333333
0.816666666667
0.0169491525424
1.36666666667
0.616666666667
0.5
0.133333333333
1.38333333333
2.52542372881
0.2
0.95
1.3
0.65
0.416666666667
0.559322033898
0.344827586207
--END OF 11--
0.491525423729
0.0
0.0
0.0
0.0
0.0
0.0
0.0
0.0
0.5
0.0
0.0
0.0
0.169491525424
0.333333333333
0.0
0.0
0.0
0.0
0.5
0.0
0.5
0.0
0.0
0.0
0.0
0.0333333333333
0.466666666667
0.0
0.0
0.169491525424
0.0
0.0
0.5
0.0
0.0
1.0
0.0
0.15
0.35
0.3
0.508474576271
0.0
0.0
0.0
0.0
0.0
0.0
0.0
0.0
0.0
0.0
1.01694915254
0.05
0.45
0.0
0.433333333333
0.0
0.0
0.0172413793103
--END OF 12--
