7.33333333333
7.06666666667
8.01694915254
7.8
6.75
7.96666666667
7.91666666667
7.8
6.76271186441
7.61666666667
7.35
6.85
7.55
7.73333333333
6.79661016949
7.85
7.33333333333
6.86666666667
7.55
7.77966101695
7.58333333333
7.6
7.8
7.53333333333
6.96610169492
7.33333333333
7.7
7.8
7.16666666667
7.89830508475
6.96666666667
7.1
7.16666666667
7.63333333333
7.93220338983
7.55
7.18333333333
7.61666666667
7.96666666667
7.36666666667
7.08474576271
7.65
7.4
7.21666666667
7.46666666667
7.57627118644
7.15
7.43333333333
7.4
7.25
7.23728813559
8.25
8.58333333333
7.45
7.8
7.72881355932
7.08333333333
7.6
7.7
8.14035087719
--END OF 1--
8.45
8.61666666667
9.1186440678
9.11666666667
9.15
9.56666666667
9.66666666667
9.66666666667
9.0
9.51666666667
9.75
8.1
9.3
9.48333333333
8.93220338983
9.31666666667
9.36666666667
8.4
8.68333333333
9.50847457627
9.0
9.5
9.3
10.1333333333
8.81355932203
9.38333333333
9.35
9.1
8.31666666667
10.1016949153
9.06666666667
9.6
9.23333333333
9.06666666667
9.25423728814
9.11666666667
8.63333333333
9.45
9.31666666667
9.38333333333
9.54237288136
10.25
9.2
8.66666666667
9.11666666667
9.1186440678
8.91666666667
9.1
9.78333333333
9.23333333333
9.13559322034
10.0833333333
9.63333333333
9.31666666667
9.85
9.52542372881
9.68333333333
9.6
9.15
10.1403508772
--END OF 2--
8.73333333333
8.73333333333
9.69491525424
9.55
9.15
9.56666666667
9.66666666667
9.76666666667
9.10169491525
9.76666666667
9.8
8.2
10.15
9.53333333333
9.08474576271
9.31666666667
9.71666666667
8.45
9.26666666667
9.83050847458
9.0
9.71666666667
9.85
10.8333333333
8.84745762712
9.68333333333
9.35
9.1
8.66666666667
10.8644067797
10.25
10.1166666667
9.33333333333
9.56666666667
9.71186440678
9.11666666667
8.78333333333
9.45
9.33333333333
9.76666666667
10.1016949153
10.4
9.3
9.16666666667
9.31666666667
9.16949152542
9.55
10.6333333333
10.3166666667
10.6666666667
9.30508474576
10.3333333333
9.63333333333
9.51666666667
9.85
9.52542372881
9.83333333333
10.2
9.8
11.2105263158
--END OF 3--
7.33333333333
7.06666666667
8.01694915254
7.8
6.75
7.96666666667
7.91666666667
7.8
6.76271186441
7.61666666667
7.35
6.85
7.55
7.73333333333
6.79661016949
7.85
7.33333333333
6.86666666667
7.55
7.77966101695
7.58333333333
7.6
7.8
7.53333333333
6.96610169492
7.33333333333
7.7
7.8
7.16666666667
7.89830508475
6.96666666667
7.1
7.16666666667
7.63333333333
7.93220338983
7.55
7.18333333333
7.61666666667
7.96666666667
7.36666666667
7.08474576271
7.65
7.4
7.21666666667
7.46666666667
7.57627118644
7.15
7.43333333333
7.4
7.25
7.23728813559
8.25
8.58333333333
7.45
7.8
7.72881355932
7.08333333333
7.6
7.7
8.14035087719
--END OF 4--
8.45
8.61666666667
9.1186440678
9.11666666667
9.15
9.56666666667
9.66666666667
9.66666666667
9.0
9.51666666667
9.75
8.1
9.3
9.48333333333
8.93220338983
9.31666666667
9.36666666667
8.4
8.68333333333
9.50847457627
9.0
9.5
9.3
10.1333333333
8.81355932203
9.38333333333
9.35
9.1
8.31666666667
10.1016949153
9.06666666667
9.6
9.23333333333
9.06666666667
9.25423728814
9.11666666667
8.63333333333
9.45
9.31666666667
9.38333333333
9.54237288136
10.25
9.2
8.66666666667
9.11666666667
9.1186440678
8.91666666667
9.1
9.78333333333
9.23333333333
9.13559322034
10.0833333333
9.63333333333
9.31666666667
9.85
9.52542372881
9.68333333333
9.6
9.15
10.1403508772
--END OF 5--
8.73333333333
8.73333333333
9.69491525424
9.55
9.15
9.56666666667
9.66666666667
9.76666666667
9.10169491525
9.76666666667
9.8
8.2
10.15
9.53333333333
9.08474576271
9.31666666667
9.71666666667
8.45
9.26666666667
9.83050847458
9.0
9.71666666667
9.85
10.8333333333
8.84745762712
9.68333333333
9.35
9.1
8.66666666667
10.8644067797
10.25
10.1166666667
9.33333333333
9.56666666667
9.71186440678
9.11666666667
8.78333333333
9.45
9.33333333333
9.76666666667
10.1016949153
10.4
9.3
9.16666666667
9.31666666667
9.16949152542
9.55
10.6333333333
10.3166666667
10.6666666667
9.30508474576
10.3333333333
9.63333333333
9.51666666667
9.85
9.52542372881
9.83333333333
10.2
9.8
11.2105263158
--END OF 6--
1484.85
1497.15
1605.61016949
1532.2
1450.25
1647.9
1542.65
1598.25
1603.72881356
1611.3
1580.4
1435.65
1587.6
1542.75
1501.6779661
1553.4
1593.3
1450.55
1571.35
1650.66101695
1563.0
1647.55
1575.95
1589.05
1555.3220339
1561.05
1498.35
1500.6
1547.1
1624.52542373
1496.4
1600.45
1550.45
1460.45
1590.30508475
1522.95
1478.45
1568.9
1547.4
1607.35
1569.55932203
1614.3
1525.95
1515.9
1528.95
1555.77966102
1475.55
1567.95
1600.9
1473.65
1504.01694915
1639.25
1636.15
1614.7
1593.75
1563.50847458
1541.25
1591.8
1608.0
1697.78947368
--END OF 7--
397.066666667
408.216666667
424.745762712
410.5
401.8
446.883333333
430.55
431.716666667
425.661016949
437.75
428.4
382.75
430.0
428.15
416.084745763
430.583333333
433.25
397.133333333
405.05
437.0
421.5
438.55
428.566666667
425.266666667
423.644067797
430.2
414.45
413.95
414.1
453.220338983
397.633333333
445.75
417.233333333
396.916666667
433.661016949
419.333333333
399.216666667
427.55
434.433333333
434.283333333
432.915254237
431.85
409.65
415.9
431.1
422.016949153
400.783333333
430.216666667
425.4
408.016666667
408.915254237
445.983333333
441.783333333
424.766666667
431.566666667
426.457627119
418.7
422.5
429.55
466.789473684
--END OF 8--
31.75
40.95
41.2542372881
45.2833333333
50.25
41.75
42.5333333333
42.8333333333
38.813559322
41.7
38.3
32.15
51.7
47.45
47.1355932203
44.2333333333
45.7
29.9333333333
34.6666666667
37.7288135593
32.75
34.7666666667
43.25
53.9166666667
42.7966101695
41.2
39.05
39.4
27.95
52.2881355932
50.8833333333
51.8
40.3
41.3
36.1694915254
41.1166666667
43.25
44.8666666667
39.4833333333
38.75
51.8813559322
49.3
44.05
38.3
38.35
39.4576271186
48.9333333333
42.1666666667
39.8666666667
38.05
35.2033898305
46.6166666667
38.0
40.4666666667
42.9833333333
45.6610169492
44.05
46.8
32.05
49.4035087719
--END OF 9--
0.533333333333
1.55
1.67796610169
1.43333333333
1.48333333333
1.28333333333
1.06666666667
1.73333333333
1.10169491525
1.95
2.95
0.8
1.85
0.8
1.83050847458
1.05
1.5
1.0
1.06666666667
0.966101694915
1.41666666667
2.88333333333
1.61666666667
3.4
0.372881355932
1.8
1.15
0.35
0.5
3.23728813559
2.8
2.96666666667
1.4
2.03333333333
1.10169491525
1.03333333333
0.766666666667
0.9
0.35
2.6
2.52542372881
3.4
1.5
1.2
1.1
0.71186440678
1.38333333333
3.91666666667
4.73333333333
5.31666666667
2.61016949153
1.58333333333
0.0
2.18333333333
1.31666666667
1.16949152542
2.7
1.9
2.25
3.54385964912
--END OF 10--
0.383333333333
0.116666666667
0.728813559322
0.283333333333
0.0
0.0
0.0
0.216666666667
0.28813559322
0.5
0.0
0.0
1.0
0.15
0.35593220339
0.0
0.433333333333
0.0666666666667
0.833333333333
0.677966101695
0.0
0.383333333333
0.733333333333
0.383333333333
0.0
0.5
0.0
0.0
0.0
0.898305084746
2.1
0.8
0.216666666667
0.883333333333
0.627118644068
0.0
0.5
0.0
0.0166666666667
0.483333333333
1.01694915254
0.0
0.1
0.4
0.0
0.0
0.0
2.36666666667
1.13333333333
2.53333333333
0.474576271186
0.0
0.0
0.0
0.0
0.0
0.0
0.75
0.75
2.0350877193
--END OF 11--
0.0
0.0
0.220338983051
0.283333333333
0.0
0.0
0.0
0.0
0.0
0.0
0.0
0.0
0.0
0.0
0.0
0.0
0.433333333333
0.0666666666667
0.5
0.0
0.0
0.0
0.0
0.0
0.0
0.0
0.0
0.0
0.0
0.28813559322
0.216666666667
0.0
0.0
0.0
0.508474576271
0.0
0.0
0.0
0.0
0.0
0.0
0.0
0.0
0.0
0.0
0.0
0.0
0.733333333333
0.266666666667
0.0
0.0
0.0
0.0
0.0
0.0
0.0
0.0
0.25
0.25
0.0
--END OF 12--
