12.0166666667
13.6440677966
11.1833333333
11.4666666667
11.6
10.7
11.7333333333
12.1525423729
10.5
11.9
10.6
10.8333333333
10.3
11.7796610169
12.0
9.98333333333
10.6166666667
10.8
10.6949152542
11.1
10.7
11.3666666667
10.6166666667
11.3833333333
10.7966101695
11.85
12.1166666667
11.9
12.0333333333
11.5833333333
10.3898305085
11.4
10.5333333333
12.7166666667
11.75
11.6271186441
11.7
11.45
12.5
11.1666666667
12.45
12.5254237288
12.7
13.2166666667
11.7
11.95
12.6610169492
12.3333333333
13.3
13.75
14.1666666667
13.75
14.7796610169
14.8833333333
14.65
13.1666666667
14.65
13.6
15.1694915254
10.5263157895
--END OF 1--
15.8
19.0508474576
16.0833333333
15.45
15.7833333333
15.2166666667
16.7666666667
16.7627118644
14.7
15.5
14.45
15.5833333333
13.9
15.4745762712
16.5166666667
13.1166666667
14.75
15.1333333333
15.3728813559
14.8166666667
15.1833333333
15.7166666667
14.5833333333
15.3166666667
15.0
16.2
15.9166666667
15.6
16.5833333333
15.8333333333
14.9322033898
15.9833333333
15.55
17.35
17.0833333333
17.7966101695
16.8166666667
16.2
16.1
15.4833333333
16.9
18.0169491525
17.1
18.7166666667
16.75
16.6
18.186440678
16.6666666667
17.8666666667
18.9333333333
19.6
19.4
21.0508474576
20.0666666667
20.05
18.9666666667
19.6
18.45
19.5423728814
14.7719298246
--END OF 2--
16.4666666667
20.9830508475
17.2833333333
15.7833333333
17.0333333333
15.3833333333
17.3666666667
17.8983050847
16.1
15.75
14.8
16.2333333333
14.9
15.8305084746
17.15
13.3833333333
15.55
15.4
16.1694915254
15.2666666667
15.6166666667
15.8666666667
14.95
15.65
15.2542372881
16.25
16.8666666667
15.95
17.2833333333
16.3333333333
15.0847457627
16.5833333333
16.6166666667
17.5
17.3333333333
18.0847457627
17.25
16.9666666667
16.6
15.7
17.8
18.4576271186
17.6
19.2666666667
17.1
17.4
19.4406779661
17.6833333333
18.3166666667
19.1333333333
19.75
19.9333333333
21.6949152542
20.75
21.9
19.4333333333
20.95
19.65
20.3898305085
15.7894736842
--END OF 3--
12.0166666667
13.6440677966
11.1833333333
11.4666666667
11.6
10.7
11.7333333333
12.1525423729
10.5
11.9
10.6
10.8333333333
10.3
11.7796610169
12.0
9.98333333333
10.6166666667
10.8
10.6949152542
11.1
10.7
11.3666666667
10.6166666667
11.3833333333
10.7966101695
11.85
12.1166666667
11.9
12.0333333333
11.5833333333
10.3898305085
11.4
10.5333333333
12.7166666667
11.75
11.6271186441
11.7
11.45
12.5
11.1666666667
12.45
12.5254237288
12.7
13.2166666667
11.7
11.95
12.6610169492
12.3333333333
13.3
13.75
14.1666666667
13.75
14.7796610169
14.8833333333
14.65
13.1666666667
14.65
13.6
15.1694915254
10.5263157895
--END OF 4--
15.8
19.0508474576
16.0833333333
15.45
15.7833333333
15.2166666667
16.7666666667
16.7627118644
14.7
15.5
14.45
15.5833333333
13.9
15.4745762712
16.5166666667
13.1166666667
14.75
15.1333333333
15.3728813559
14.8166666667
15.1833333333
15.7166666667
14.5833333333
15.3166666667
15.0
16.2
15.9166666667
15.6
16.5833333333
15.8333333333
14.9322033898
15.9833333333
15.55
17.35
17.0833333333
17.7966101695
16.8166666667
16.2
16.1
15.4833333333
16.9
18.0169491525
17.1
18.7166666667
16.75
16.6
18.186440678
16.6666666667
17.8666666667
18.9333333333
19.6
19.4
21.0508474576
20.0666666667
20.05
18.9666666667
19.6
18.45
19.5423728814
14.7719298246
--END OF 5--
16.4666666667
20.9830508475
17.2833333333
15.7833333333
17.0333333333
15.3833333333
17.3666666667
17.8983050847
16.1
15.75
14.8
16.2333333333
14.9
15.8305084746
17.15
13.3833333333
15.55
15.4
16.1694915254
15.2666666667
15.6166666667
15.8666666667
14.95
15.65
15.2542372881
16.25
16.8666666667
15.95
17.2833333333
16.3333333333
15.0847457627
16.5833333333
16.6166666667
17.5
17.3333333333
18.0847457627
17.25
16.9666666667
16.6
15.7
17.8
18.4576271186
17.6
19.2666666667
17.1
17.4
19.4406779661
17.6833333333
18.3166666667
19.1333333333
19.75
19.9333333333
21.6949152542
20.75
21.9
19.4333333333
20.95
19.65
20.3898305085
15.7894736842
--END OF 6--
2277.6
2559.10169492
2181.5
2170.3
2228.05
2112.25
2291.3
2295.10169492
2136.9
2157.9
2119.65
2041.65
2037.6
2197.93220339
2315.6
1959.75
2059.35
2083.15
2259.76271186
2032.75
2071.1
2103.85
2066.6
2190.45
2157.10169492
2315.85
2272.95
2386.05
2425.8
2278.95
2008.11864407
2207.4
2119.7
2322.9
2274.1
2330.03389831
2236.8
2255.85
2339.35
2166.0
2381.4
2384.08474576
2367.6
2468.55
2326.65
2350.05
2415.81355932
2422.9
2564.65
2611.6
2667.25
2704.5
2767.52542373
2711.1
2715.5
2645.05
2741.3
2607.45
2821.93220339
2064.10526316
--END OF 7--
629.966666667
706.305084746
601.666666667
614.283333333
620.95
579.9
642.366666667
636.966101695
602.6
607.75
582.25
580.05
564.75
610.355932203
639.25
541.733333333
578.916666667
574.916666667
614.474576271
572.15
581.0
602.166666667
585.25
606.333333333
607.322033898
646.7
649.1
656.9
662.7
628.3
560.542372881
621.583333333
592.233333333
668.683333333
631.033333333
653.661016949
638.666666667
617.533333333
637.25
596.233333333
664.9
672.016949153
658.8
688.65
645.35
646.7
676.423728814
674.116666667
716.1
722.9
739.15
757.916666667
774.779661017
762.266666667
764.833333333
739.166666667
776.033333333
716.116666667
767.203389831
567.701754386
--END OF 8--
84.9333333333
108.610169492
90.75
89.3666666667
93.8833333333
88.4166666667
87.65
105.050847458
102.45
85.45
86.15
86.85
82.2
92.5254237288
87.7666666667
71.2833333333
87.1333333333
87.1166666667
86.8983050847
87.1833333333
87.5166666667
96.3166666667
85.7333333333
90.3666666667
86.8983050847
96.9
81.15
94.05
97.7
93.3
91.5762711864
96.7166666667
96.45
105.7
107.65
121.118644068
98.1833333333
103.166666667
83.05
86.5333333333
101.816666667
105.152542373
82.8
118.0
106.05
106.05
108.644067797
90.6166666667
90.95
105.75
115.383333333
115.0
117.576271186
126.383333333
118.466666667
117.35
117.75
106.9
105.305084746
85.3859649123
--END OF 9--
3.71666666667
7.59322033898
7.58333333333
3.23333333333
5.06666666667
2.76666666667
6.41666666667
4.08474576271
3.7
5.65
4.2
7.1
4.0
1.76271186441
5.11666666667
1.73333333333
4.3
3.85
5.37288135593
2.83333333333
5.2
2.86666666667
2.73333333333
2.86666666667
4.89830508475
1.25
3.55
1.7
5.0
1.45
1.40677966102
2.48333333333
6.4
3.86666666667
6.5
5.03389830508
6.2
5.98333333333
3.9
5.05
3.11666666667
4.66101694915
4.55
5.95
2.95
4.5
8.15254237288
4.33333333333
3.61666666667
2.26666666667
3.36666666667
2.1
7.15254237288
5.91666666667
8.01666666667
3.31666666667
3.93333333333
5.48333333333
3.93220338983
4.29824561404
--END OF 10--
1.06666666667
2.64406779661
2.16666666667
0.35
2.18333333333
0.316666666667
0.783333333333
1.49152542373
1.6
0.0
0.0
1.4
1.15
0.457627118644
0.933333333333
0.4
0.666666666667
0.266666666667
1.10169491525
0.716666666667
0.833333333333
0.533333333333
0.466666666667
0.533333333333
0.0
0.2
1.45
0.35
1.0
0.7
0.305084745763
0.7
1.66666666667
0.0
0.2
0.271186440678
0.8
1.2
1.0
0.0666666666667
1.41666666667
0.525423728814
1.0
1.0
0.5
0.5
1.52542372881
1.11666666667
0.516666666667
0.366666666667
0.133333333333
0.8
0.779661016949
1.0
3.61666666667
1.08333333333
1.88333333333
1.6
1.08474576271
1.31578947368
--END OF 11--
0.0166666666667
1.49152542373
0.0333333333333
0.0
0.233333333333
0.0
0.0
0.305084745763
0.2
0.0
0.0
0.0
0.5
0.0
0.0
0.0
0.5
0.0
0.0
0.0
0.0
0.0
0.0
0.0
0.0
0.0
0.15
0.35
0.5
0.45
0.0508474576271
0.0
0.0
0.0
0.2
0.0
0.0
0.0
0.0
0.0
0.0
0.0
0.0
0.0
0.5
0.5
0.508474576271
0.5
0.0
0.0
0.0
0.0
0.0
0.0
0.0
0.0
0.166666666667
0.333333333333
0.0
1.0
--END OF 12--
