9.0
9.05
8.95
8.43333333333
9.23333333333
8.35593220339
9.08333333333
8.63333333333
10.1
9.33333333333
9.61666666667
9.47457627119
9.4
8.93333333333
9.56666666667
8.6
8.5593220339
9.86666666667
9.58333333333
8.96666666667
8.93333333333
9.06666666667
9.33898305085
9.2
9.66666666667
10.0666666667
9.71666666667
9.06666666667
9.74576271186
10.0
9.6
8.78333333333
9.31666666667
8.79661016949
9.3
8.88333333333
9.35
10.0666666667
9.68333333333
9.71186440678
9.35
9.55
9.55
10.0666666667
10.0508474576
10.0833333333
8.96666666667
9.65
10.6666666667
10.1166666667
9.83050847458
10.4166666667
10.45
10.0333333333
10.25
10.9491525424
11.1666666667
10.2666666667
11.7
9.41071428571
--END OF 1--
11.1666666667
11.4333333333
11.9
10.3166666667
11.8833333333
11.4576271186
12.0333333333
10.8333333333
13.2166666667
11.5166666667
11.7833333333
12.1694915254
12.85
12.0333333333
12.5166666667
12.2
12.1186440678
12.1833333333
12.2166666667
11.6166666667
11.3833333333
11.2833333333
11.6610169492
11.9666666667
11.7333333333
11.7666666667
11.5
11.5
11.3728813559
12.55
12.25
11.2833333333
11.9666666667
11.1016949153
11.8333333333
11.2
11.6166666667
13.4
11.8666666667
12.5423728814
12.7833333333
11.9333333333
12.0
11.75
12.7627118644
12.4833333333
11.6166666667
12.0
13.9166666667
12.4166666667
12.6779661017
13.5333333333
12.9
12.2166666667
12.05
12.6610169492
13.5166666667
12.55
15.4333333333
11.5535714286
--END OF 2--
11.4666666667
11.6333333333
12.0833333333
11.3833333333
12.2166666667
11.8983050847
12.3166666667
11.6
13.5
11.7666666667
12.5833333333
12.2203389831
13.65
12.6833333333
13.0666666667
12.55
12.5254237288
12.3666666667
13.1333333333
11.7666666667
11.3833333333
11.3166666667
12.0508474576
12.7
12.5
12.55
12.2833333333
12.2666666667
11.7288135593
12.7
12.9
11.5333333333
13.2166666667
11.3559322034
12.6833333333
11.25
11.6166666667
13.8333333333
12.4166666667
12.8644067797
13.15
12.5833333333
12.7333333333
12.1166666667
13.9661016949
12.9333333333
11.9666666667
12.5
14.0666666667
13.7166666667
13.1186440678
13.85
13.45
12.6666666667
12.8833333333
13.0508474576
13.6
12.55
15.4333333333
11.5535714286
--END OF 3--
9.0
9.05
8.95
8.43333333333
9.23333333333
8.35593220339
9.08333333333
8.63333333333
10.1
9.33333333333
9.61666666667
9.47457627119
9.4
8.93333333333
9.56666666667
8.6
8.5593220339
9.86666666667
9.58333333333
8.96666666667
8.93333333333
9.06666666667
9.33898305085
9.2
9.66666666667
10.0666666667
9.71666666667
9.06666666667
9.74576271186
10.0
9.6
8.78333333333
9.31666666667
8.79661016949
9.3
8.88333333333
9.35
10.0666666667
9.68333333333
9.71186440678
9.35
9.55
9.55
10.0666666667
10.0508474576
10.0833333333
8.96666666667
9.65
10.6666666667
10.1166666667
9.83050847458
10.4166666667
10.45
10.0333333333
10.25
10.9491525424
11.1666666667
10.2666666667
11.7
9.41071428571
--END OF 4--
11.1666666667
11.4333333333
11.9
10.3166666667
11.8833333333
11.4576271186
12.0333333333
10.8333333333
13.2166666667
11.5166666667
11.7833333333
12.1694915254
12.85
12.0333333333
12.5166666667
12.2
12.1186440678
12.1833333333
12.2166666667
11.6166666667
11.3833333333
11.2833333333
11.6610169492
11.9666666667
11.7333333333
11.7666666667
11.5
11.5
11.3728813559
12.55
12.25
11.2833333333
11.9666666667
11.1016949153
11.8333333333
11.2
11.6166666667
13.4
11.8666666667
12.5423728814
12.7833333333
11.9333333333
12.0
11.75
12.7627118644
12.4833333333
11.6166666667
12.0
13.9166666667
12.4166666667
12.6779661017
13.5333333333
12.9
12.2166666667
12.05
12.6610169492
13.5166666667
12.55
15.4333333333
11.5535714286
--END OF 5--
11.4666666667
11.6333333333
12.0833333333
11.3833333333
12.2166666667
11.8983050847
12.3166666667
11.6
13.5
11.7666666667
12.5833333333
12.2203389831
13.65
12.6833333333
13.0666666667
12.55
12.5254237288
12.3666666667
13.1333333333
11.7666666667
11.3833333333
11.3166666667
12.0508474576
12.7
12.5
12.55
12.2833333333
12.2666666667
11.7288135593
12.7
12.9
11.5333333333
13.2166666667
11.3559322034
12.6833333333
11.25
11.6166666667
13.8333333333
12.4166666667
12.8644067797
13.15
12.5833333333
12.7333333333
12.1166666667
13.9661016949
12.9333333333
11.9666666667
12.5
14.0666666667
13.7166666667
13.1186440678
13.85
13.45
12.6666666667
12.8833333333
13.0508474576
13.6
12.55
15.4333333333
11.5535714286
--END OF 6--
1731.0
1778.6
1787.15
1779.9
1785.25
1855.47457627
1905.9
1711.65
1952.6
1814.7
1851.6
1789.77966102
1929.45
1857.3
1954.8
1782.15
1749.15254237
1871.85
1814.5
1824.0
1725.75
1797.55
1810.72881356
1870.9
1913.7
1939.95
1936.4
1764.85
1854.0
1879.95
1840.5
1746.45
1889.7
1855.42372881
1793.5
1755.15
1824.85
1932.5
1830.0
1892.08474576
1921.7
2018.25
1938.75
1872.45
1945.83050847
1990.65
1914.45
1991.1
2054.4
2064.9
1961.13559322
2041.85
2065.75
1938.8
1927.05
2028.45762712
2181.2
2035.75
2264.45
1863.91071429
--END OF 7--
475.8
487.216666667
491.25
487.616666667
507.983333333
497.118644068
533.166666667
476.033333333
549.666666667
498.216666667
514.233333333
501.457627119
530.55
503.1
531.5
492.75
494.457627119
523.533333333
517.05
492.616666667
478.583333333
486.683333333
499.101694915
527.466666667
524.616666667
536.0
532.733333333
496.866666667
522.915254237
520.5
522.5
488.25
520.1
512.593220339
503.633333333
482.95
507.066666667
542.783333333
522.0
526.372881356
525.4
547.05
541.466666667
525.466666667
532.559322034
552.7
528.3
547.0
570.8
565.0
537.610169492
559.933333333
586.45
539.533333333
537.533333333
568.474576271
602.183333333
564.0
629.733333333
504.625
--END OF 8--
53.4
60.0666666667
72.1833333333
52.4
65.45
71.1355932203
65.75
54.8333333333
61.3333333333
54.6
59.3
63.7966101695
65.6
57.8
64.95
79.15
65.2033898305
65.85
69.0166666667
58.7166666667
57.8166666667
57.65
50.6440677966
71.75
63.7833333333
63.9333333333
48.9666666667
51.7666666667
51.4406779661
66.55
58.7
59.45
55.8
53.5762711864
57.3
55.8333333333
54.8166666667
62.8666666667
61.1
57.0
58.6833333333
68.9333333333
55.5833333333
48.1666666667
67.3050847458
62.0
49.95
58.3
68.25
64.2
60.0508474576
70.0666666667
59.4333333333
51.25
50.8
50.8474576271
63.35
56.7
86.7
53.4642857143
--END OF 9--
1.13333333333
2.5
1.83333333333
2.16666666667
4.13333333333
2.28813559322
1.35
2.66666666667
2.78333333333
1.73333333333
1.58333333333
1.42372881356
5.45
3.15
2.95
2.6
5.66101694915
1.55
4.73333333333
2.18333333333
1.55
0.4
2.27118644068
2.73333333333
2.33333333333
1.16666666667
1.9
2.81666666667
1.61016949153
2.8
4.2
1.6
2.9
2.57627118644
3.16666666667
1.0
0.466666666667
4.88333333333
2.2
3.49152542373
3.75
2.23333333333
3.8
0.833333333333
3.45762711864
1.7
2.8
1.35
2.65
3.4
2.67796610169
3.86666666667
3.13333333333
1.75
2.41666666667
1.20338983051
0.616666666667
0.45
2.78333333333
0.392857142857
--END OF 10--
0.416666666667
0.5
0.0333333333333
0.466666666667
0.0833333333333
0.813559322034
0.616666666667
0.716666666667
0.283333333333
0.5
1.0
0.0508474576271
1.3
0.85
0.8
0.4
0.610169491525
0.283333333333
0.716666666667
0.433333333333
0.0666666666667
0.0333333333333
0.694915254237
1.28333333333
0.516666666667
0.983333333333
1.4
1.6
0.305084745763
0.2
1.05
0.45
1.8
0.542372881356
1.16666666667
0.0
0.0
0.5
0.5
0.0
0.483333333333
0.733333333333
0.783333333333
0.483333333333
2.25423728814
0.65
0.65
0.6
0.4
1.0
0.949152542373
0.566666666667
0.5
0.783333333333
0.983333333333
0.661016949153
0.0833333333333
0.0
0.0
0.0892857142857
--END OF 11--
0.0
0.0
0.0333333333333
0.466666666667
0.0
0.0
0.0
0.0
0.0
0.0
0.0
0.0508474576271
0.45
0.2
0.3
0.0
0.0
0.0
0.0
0.0
0.0
0.0333333333333
0.474576271186
0.0
0.516666666667
0.983333333333
0.0
0.0
0.0
0.0
0.0
0.0
1.0
0.0
0.5
0.0
0.0
0.0
0.0
0.0
0.0
0.0
0.0
0.466666666667
0.0338983050847
0.0
0.0
0.0
0.0
0.0
0.0
0.0
0.0
0.0
0.0
0.0
0.0
0.0
0.0
0.0
--END OF 12--
