17.2666666667
17.4166666667
17.35
18.0
17.4833333333
17.5
18.05
17.7
16.65
16.9
17.7966101695
19.1833333333
18.4166666667
17.4333333333
18.5666666667
18.1355932203
18.0166666667
17.7
17.9
17.2333333333
18.0833333333
17.3220338983
17.55
17.25
17.7166666667
18.85
19.2833333333
17.3389830508
18.35
17.5833333333
17.75
18.0333333333
18.8305084746
18.35
18.05
18.95
18.35
18.1833333333
17.9830508475
19.8166666667
18.7833333333
17.65
18.35
19.2203389831
17.8833333333
18.45
18.7166666667
18.25
18.6333333333
17.7796610169
17.8
18.2333333333
17.3666666667
18.9166666667
18.5833333333
18.6101694915
18.05
18.55
17.65
17.7719298246
--END OF 1--
25.55
25.7833333333
25.9833333333
26.4576271186
25.8666666667
25.25
25.9666666667
26.5
26.2
24.55
26.2033898305
27.8833333333
27.1166666667
25.7
27.3833333333
28.3898305085
27.9166666667
24.8666666667
27.5833333333
27.0833333333
26.8833333333
25.9152542373
24.7
25.3666666667
27.1
26.5
28.2333333333
25.1186440678
25.9
25.0
25.5
25.8666666667
28.0
27.3333333333
25.4166666667
26.8166666667
26.4833333333
26.3
25.2542372881
27.65
27.35
24.85
25.9
28.6610169492
26.2333333333
26.5
27.6
26.5666666667
25.2833333333
25.5762711864
25.35
26.7333333333
25.7
26.5333333333
25.7833333333
27.3220338983
27.1166666667
26.9
25.25
25.2807017544
--END OF 2--
27.0166666667
26.8833333333
26.9166666667
27.6101694915
28.0166666667
26.6833333333
27.4666666667
27.2
27.6
26.0
27.0169491525
28.75
30.2333333333
26.6833333333
28.85
29.5084745763
28.85
26.05
29.0333333333
27.9166666667
28.0666666667
28.3050847458
25.05
27.4666666667
28.0166666667
28.85
30.5
25.6949152542
25.9333333333
25.85
26.05
26.35
29.0338983051
27.8333333333
27.2
27.7833333333
27.2666666667
27.9
25.5084745763
28.55
28.1
25.0333333333
27.4333333333
29.9152542373
27.1666666667
27.7
29.4333333333
27.65
26.0
27.2711864407
26.3666666667
27.4833333333
26.85
27.4
26.6333333333
29.2542372881
28.25
27.9
27.35
26.4035087719
--END OF 3--
17.2666666667
17.4166666667
17.35
18.0
17.4833333333
17.5
18.05
17.7
16.65
16.9
17.7966101695
19.1833333333
18.4166666667
17.4333333333
18.5666666667
18.1355932203
18.0166666667
17.7
17.9
17.2333333333
18.0833333333
17.3220338983
17.55
17.25
17.7166666667
18.75
19.1333333333
17.3389830508
18.35
17.5833333333
17.75
17.8833333333
18.8305084746
18.3166666667
17.9833333333
18.7666666667
18.35
18.1833333333
17.9322033898
19.6166666667
18.7333333333
17.65
18.35
19.0508474576
17.8833333333
18.45
18.7166666667
18.25
18.6333333333
17.7796610169
17.8
18.2333333333
17.3666666667
18.7166666667
18.5833333333
18.6101694915
18.05
18.55
17.65
17.7192982456
--END OF 4--
25.55
25.7833333333
25.9833333333
26.4576271186
25.8666666667
25.25
25.9666666667
26.5
26.2
24.55
26.2033898305
27.8833333333
27.1166666667
25.7
27.3833333333
28.2881355932
27.7333333333
24.8666666667
27.5833333333
27.0833333333
26.8833333333
25.9152542373
24.7
25.3666666667
27.0833333333
26.5
28.2333333333
25.1186440678
25.9
25.0
25.5
25.8666666667
28.0
27.1333333333
25.4166666667
26.8166666667
26.4833333333
26.3
25.2542372881
27.65
27.35
24.85
25.9
28.5084745763
26.2333333333
26.5
27.6
26.5666666667
25.2833333333
25.5762711864
25.35
26.7333333333
25.7
26.5333333333
25.7833333333
27.3220338983
27.0666666667
26.9
25.25
25.2807017544
--END OF 5--
27.0166666667
26.8833333333
26.9166666667
27.6101694915
28.0166666667
26.6833333333
27.4666666667
27.2
27.6
26.0
27.0169491525
28.75
30.2333333333
26.6833333333
28.85
29.5084745763
28.85
26.05
29.0333333333
27.9166666667
28.0666666667
28.3050847458
25.05
27.4666666667
28.0166666667
28.85
30.5
25.6949152542
25.9333333333
25.85
26.05
26.35
29.0338983051
27.8333333333
27.2
27.7833333333
27.2666666667
27.9
25.5084745763
28.55
28.1
25.0333333333
27.4333333333
29.9152542373
27.1666666667
27.7
29.4333333333
27.65
26.0
27.2711864407
26.3666666667
27.4833333333
26.85
27.4
26.6333333333
29.2542372881
28.25
27.9
27.35
26.4035087719
--END OF 6--
3256.8
3343.1
3203.3
3315.3559322
3277.45
3317.45
3357.8
3297.6
3233.25
3127.05
3336.40677966
3484.35
3454.75
3321.65
3530.45
3385.22033898
3451.95
3264.9
3375.05
3269.2
3434.9
3313.06779661
3205.5
3298.15
3418.95
3586.05
3571.2
3381.25423729
3380.05
3375.9
3433.25
3470.4
3458.33898305
3322.7
3317.05
3396.7
3403.75
3392.25
3335.74576271
3596.8
3476.25
3398.95
3397.2
3642.91525424
3370.3
3462.55
3584.4
3405.6
3360.0
3356.49152542
3312.65
3556.75
3284.7
3430.8
3307.6
3365.03389831
3417.5
3385.2
3358.65
3265.26315789
--END OF 7--
923.866666667
914.766666667
905.016666667
928.93220339
928.716666667
935.65
949.6
928.55
910.2
892.5
927.13559322
981.416666667
967.883333333
923.283333333
981.25
963.728813559
971.383333333
917.75
947.683333333
933.683333333
949.783333333
928.559322034
906.65
919.466666667
953.5
971.6
999.05
944.169491525
953.25
934.683333333
961.333333333
969.916666667
974.389830508
954.016666667
946.116666667
957.133333333
942.7
965.95
941.559322034
1018.18333333
968.083333333
948.25
963.0
1028.18644068
952.7
961.65
1000.71666667
939.133333333
944.933333333
935.983050847
925.55
986.016666667
906.816666667
967.333333333
940.183333333
960.033898305
964.966666667
959.6
921.2
927.473684211
--END OF 8--
176.733333333
169.416666667
163.7
183.728813559
162.7
155.883333333
157.183333333
150.95
156.7
150.75
160.983050847
177.933333333
175.066666667
159.033333333
188.2
180.389830508
181.183333333
150.683333333
175.35
176.783333333
170.716666667
152.661016949
156.45
158.15
185.133333333
156.2
178.716666667
150.949152542
156.683333333
143.333333333
174.016666667
166.283333333
176.830508475
162.283333333
165.883333333
172.933333333
175.6
178.833333333
157.830508475
161.15
182.833333333
149.2
150.216666667
166.966101695
174.183333333
162.033333333
177.9
166.05
150.016666667
169.593220339
156.25
166.416666667
147.916666667
165.466666667
170.166666667
174.508474576
180.766666667
173.3
156.1
145.350877193
--END OF 9--
6.7
7.91666666667
8.93333333333
5.83050847458
8.33333333333
7.86666666667
9.7
9.5
12.8
7.55
6.33898305085
7.76666666667
12.85
5.96666666667
7.83333333333
13.0677966102
9.81666666667
8.0
12.6
9.71666666667
8.98333333333
14.6101694915
4.85
8.73333333333
6.91666666667
10.95
10.4
6.13559322034
4.28333333333
7.71666666667
5.31666666667
4.55
8.22033898305
10.4833333333
9.65
6.61666666667
8.48333333333
8.98333333333
4.54237288136
8.41666666667
6.4
5.61666666667
10.0666666667
12.0508474576
4.58333333333
7.35
7.28333333333
8.95
4.76666666667
7.16949152542
6.9
9.83333333333
12.3333333333
7.46666666667
7.2
9.94915254237
9.48333333333
8.25
6.9
7.24561403509
--END OF 10--
2.06666666667
1.35
1.21666666667
1.62711864407
3.63333333333
2.2
1.16666666667
0.95
2.2
2.2
1.22033898305
0.766666666667
4.36666666667
1.76666666667
1.63333333333
1.35593220339
1.36666666667
0.75
2.15
1.11666666667
1.71666666667
3.5593220339
0.5
2.33333333333
0.916666666667
2.9
2.65
0.372881355932
0.133333333333
1.15
0.816666666667
0.0666666666667
1.50847457627
1.23333333333
1.81666666667
1.58333333333
0.883333333333
1.46666666667
0.542372881356
1.0
0.933333333333
0.3
0.95
1.66101694915
0.916666666667
0.983333333333
2.66666666667
1.98333333333
0.583333333333
1.47457627119
1.33333333333
1.0
0.6
1.45
0.9
3.86440677966
1.78333333333
0.9
3.6
1.54385964912
--END OF 11--
0.0
0.0
0.0
0.0
0.0
0.0
0.0
0.0
0.5
0.65
0.35593220339
0.0
0.433333333333
0.0666666666667
0.533333333333
0.71186440678
0.566666666667
0.333333333333
0.0
0.0
0.266666666667
0.508474576271
0.0
0.85
0.116666666667
1.0
0.9
0.0
0.0
0.0
0.0
0.0
0.322033898305
0.383333333333
0.5
0.0
0.0
0.0
0.0
0.266666666667
0.333333333333
0.0
0.45
0.203389830508
0.616666666667
0.7
0.0
0.5
0.0
0.508474576271
0.0
0.5
0.0
0.0
0.0
0.0
0.0
0.0
0.5
0.245614035088
--END OF 12--
