9.6
10.2372881356
9.7
10.1166666667
9.15
9.55
10.1666666667
9.84745762712
10.2833333333
9.9
10.1
10.05
8.68333333333
9.94915254237
9.3
10.5666666667
9.43333333333
10.45
9.84745762712
9.48333333333
9.76666666667
9.98333333333
9.6
10.45
10.2711864407
10.7166666667
9.63333333333
10.1166666667
10.6
9.93220338983
9.95
10.5833333333
10.6166666667
10.35
10.8
9.47457627119
10.55
10.9333333333
10.7833333333
9.53333333333
10.813559322
10.05
10.4666666667
9.53333333333
9.38333333333
10.4666666667
9.45762711864
10.3333333333
10.7833333333
9.58333333333
9.4
9.62711864407
9.95
10.6333333333
11.0333333333
9.7
10.3333333333
10.6779661017
10.25
9.56896551724
--END OF 1--
11.8666666667
12.406779661
13.25
13.95
12.9666666667
12.1166666667
13.1166666667
12.813559322
14.3
12.2
13.25
11.85
11.7833333333
13.9152542373
12.7333333333
13.9833333333
12.7833333333
13.6833333333
13.5593220339
12.8166666667
12.75
13.3
12.8333333333
14.35
13.1186440678
13.3166666667
12.8833333333
13.8166666667
13.05
12.7627118644
12.8333333333
14.2833333333
13.7
13.95
13.65
12.593220339
14.25
14.0833333333
14.6833333333
13.3833333333
14.0508474576
14.15
13.4666666667
12.5333333333
12.3333333333
13.7666666667
12.406779661
12.7333333333
13.7666666667
13.4
12.85
13.5423728814
14.2666666667
13.4666666667
13.6833333333
12.8
13.4833333333
13.0677966102
14.1
12.6379310345
--END OF 2--
12.8666666667
14.2542372881
14.5166666667
14.5333333333
13.5166666667
12.1333333333
14.3166666667
13.3898305085
14.9166666667
12.35
14.55
12.2
12.7833333333
14.6610169492
13.0
14.3666666667
13.6833333333
14.1833333333
13.8644067797
13.1333333333
13.1833333333
14.7333333333
13.6
14.8166666667
13.2033898305
14.2666666667
14.0833333333
15.5666666667
14.65
13.5254237288
13.4166666667
15.0333333333
13.8666666667
14.45
13.9333333333
12.9152542373
14.3666666667
14.5666666667
15.3333333333
13.7333333333
14.8644067797
14.5
13.8166666667
13.8833333333
12.9333333333
14.3166666667
14.1186440678
12.9
14.15
14.0166666667
13.45
14.1016949153
14.2666666667
14.1
14.5
13.45
13.4833333333
13.2711864407
14.9
13.0689655172
--END OF 3--
9.6
10.2372881356
9.7
10.1166666667
9.15
9.55
10.1666666667
9.84745762712
10.2833333333
9.9
10.1
10.05
8.68333333333
9.94915254237
9.3
10.5666666667
9.43333333333
10.45
9.84745762712
9.48333333333
9.76666666667
9.98333333333
9.6
10.45
10.2711864407
10.7166666667
9.63333333333
10.1166666667
10.6
9.93220338983
9.95
10.5833333333
10.6166666667
10.35
10.8
9.47457627119
10.55
10.9333333333
10.7833333333
9.53333333333
10.813559322
10.05
10.4666666667
9.53333333333
9.38333333333
10.4666666667
9.45762711864
10.3333333333
10.7833333333
9.58333333333
9.4
9.62711864407
9.95
10.6333333333
11.0333333333
9.7
10.3333333333
10.6779661017
10.25
9.56896551724
--END OF 4--
11.8666666667
12.406779661
13.25
13.95
12.9666666667
12.1166666667
13.1166666667
12.813559322
14.3
12.2
13.25
11.85
11.7833333333
13.9152542373
12.7333333333
13.9833333333
12.7833333333
13.6833333333
13.5593220339
12.8166666667
12.75
13.3
12.8333333333
14.35
13.1186440678
13.3166666667
12.8833333333
13.8166666667
13.05
12.7627118644
12.8333333333
14.2833333333
13.7
13.95
13.65
12.593220339
14.25
14.0833333333
14.6833333333
13.3833333333
14.0508474576
14.15
13.4666666667
12.5333333333
12.3333333333
13.7666666667
12.406779661
12.7333333333
13.7666666667
13.4
12.85
13.5423728814
14.2666666667
13.4666666667
13.6833333333
12.8
13.4833333333
13.0677966102
14.1
12.6379310345
--END OF 5--
12.8666666667
14.2542372881
14.5166666667
14.5333333333
13.5166666667
12.1333333333
14.3166666667
13.3898305085
14.9166666667
12.35
14.55
12.2
12.7833333333
14.6610169492
13.0
14.3666666667
13.6833333333
14.1833333333
13.8644067797
13.1333333333
13.1833333333
14.7333333333
13.6
14.8166666667
13.2033898305
14.2666666667
14.0833333333
15.5666666667
14.65
13.5254237288
13.4166666667
15.0333333333
13.8666666667
14.45
13.9333333333
12.9152542373
14.3666666667
14.5666666667
15.3333333333
13.7333333333
14.8644067797
14.5
13.8166666667
13.8833333333
12.9333333333
14.3166666667
14.1186440678
12.9
14.15
14.0166666667
13.45
14.1016949153
14.2666666667
14.1
14.5
13.45
13.4833333333
13.2711864407
14.9
13.0689655172
--END OF 6--
1901.2
2059.3220339
2002.55
1976.55
1862.5
1863.8
2029.9
1921.16949153
2018.5
1977.6
2027.85
1899.15
1813.35
1901.54237288
1937.35
2057.75
1946.85
2027.45
1875.20338983
1863.15
1943.6
1970.45
1916.5
1996.55
2036.84745763
2005.05
2033.25
2013.9
2104.95
2077.22033898
1886.1
2013.2
2012.9
2049.1
2093.35
1875.20338983
2052.15
2023.3
2097.15
1938.55
2039.08474576
1932.3
1975.05
1949.7
1842.3
2144.7
1999.62711864
2118.05
2123.7
1904.2
1860.6
1957.16949153
1986.8
2069.75
2071.45
1949.15
2040.75
2066.54237288
2064.6
2029.70689655
--END OF 7--
515.766666667
558.644067797
563.5
555.166666667
516.166666667
514.3
543.4
522.440677966
559.366666667
538.45
550.35
520.1
496.1
534.06779661
519.283333333
574.283333333
549.733333333
562.883333333
527.847457627
533.466666667
533.083333333
547.816666667
519.5
567.883333333
552.915254237
549.45
556.2
569.45
576.9
562.271186441
522.616666667
560.1
560.6
567.75
579.283333333
519.86440678
574.133333333
574.416666667
585.733333333
535.316666667
577.169491525
540.65
556.95
548.3
499.6
574.0
550.694915254
586.133333333
579.4
528.983333333
520.9
535.406779661
552.333333333
570.75
592.85
545.3
562.933333333
574.559322034
562.15
557.482758621
--END OF 8--
64.65
60.0508474576
69.9166666667
72.0166666667
74.6
62.4
64.0333333333
64.6779661017
75.1333333333
61.5
68.9
57.9
63.4
77.1186440678
62.7833333333
66.0166666667
75.4666666667
72.1166666667
72.5254237288
64.25
66.6833333333
68.5666666667
63.9833333333
79.4
62.9661016949
65.8
68.4
74.95
63.35
60.7288135593
58.8333333333
76.0666666667
71.5333333333
77.7
67.3
55.7966101695
69.8666666667
80.4
76.35
71.2333333333
70.1016949153
82.1
70.05
69.9
66.0
74.45
68.3728813559
56.9
61.1833333333
79.9166666667
66.5
70.3220338983
78.0333333333
71.4666666667
69.2833333333
69.0833333333
68.8333333333
66.3898305085
70.7
75.0172413793
--END OF 9--
3.61666666667
3.98305084746
5.68333333333
4.43333333333
5.3
2.33333333333
5.3
3.37288135593
5.3
1.1
4.65
0.9
5.5
5.06779661017
3.78333333333
3.88333333333
5.06666666667
2.65
5.5593220339
4.18333333333
3.65
5.88333333333
3.53333333333
3.76666666667
1.83050847458
4.45
4.05
6.65
3.55
2.86440677966
5.53333333333
7.6
2.61666666667
3.01666666667
3.03333333333
4.28813559322
3.55
2.53333333333
4.01666666667
3.28333333333
3.89830508475
5.25
2.85
3.5
4.2
6.05
4.27118644068
1.8
3.26666666667
3.0
4.63333333333
4.18644067797
3.36666666667
2.6
2.8
2.23333333333
3.06666666667
1.25423728814
5.1
4.25862068966
--END OF 10--
1.7
2.18644067797
1.05
0.35
0.333333333333
0.0
1.46666666667
0.64406779661
1.03333333333
0.15
1.85
0.4
1.35
1.54237288136
0.233333333333
0.516666666667
1.36666666667
0.75
0.677966101695
0.666666666667
0.833333333333
2.33333333333
1.16666666667
0.5
0.0
1.65
1.55
2.5
1.85
1.05084745763
1.13333333333
1.01666666667
0.266666666667
0.733333333333
0.45
0.830508474576
0.216666666667
0.783333333333
1.0
0.466666666667
1.05084745763
0.0
0.6
2.4
1.0
0.75
2.77966101695
0.15
1.13333333333
1.16666666667
1.11666666667
1.03389830508
0.0
0.916666666667
1.08333333333
1.0
0.0
0.254237288136
1.25
0.568965517241
--END OF 11--
0.0
1.52542372881
0.0
0.0
0.0
0.0
0.5
0.508474576271
0.7
0.15
0.85
0.0
0.75
0.254237288136
0.0
0.0
0.0
0.0
0.0
0.0
0.0
0.0
0.0
0.0
0.0
0.15
0.35
0.5
1.5
0.508474576271
0.0
0.0
0.0
0.0
0.0
0.0
0.0
0.0
0.5
0.0
0.508474576271
0.0
0.0
0.0
0.0
0.0
0.491525423729
0.0166666666667
0.0
0.0
0.0
0.0
0.0
0.266666666667
0.233333333333
0.5
0.0
0.254237288136
0.75
0.0
--END OF 12--
