23.35
25.0
25.95
25.0
24.6
23.4333333333
24.2
25.9
25.0833333333
24.1333333333
24.1016949153
25.4333333333
24.7833333333
24.9166666667
24.5833333333
24.8333333333
24.8644067797
25.8
25.6833333333
26.2333333333
25.7166666667
24.7288135593
24.2
24.1666666667
23.9333333333
24.9
24.2166666667
25.2033898305
25.5166666667
25.8666666667
24.3333333333
24.9833333333
24.7627118644
25.3
25.3
25.5666666667
25.3666666667
25.0
24.5166666667
25.9333333333
24.2666666667
25.05
26.7166666667
25.9491525424
26.0666666667
26.0333333333
27.3
25.7833333333
24.1355932203
25.8333333333
27.9333333333
27.0833333333
26.5833333333
25.7833333333
25.7796610169
25.6
26.05
26.5333333333
27.05
22.9649122807
--END OF 1--
32.4166666667
34.65
35.4833333333
34.3389830508
34.8666666667
34.0833333333
36.5833333333
36.6
34.7333333333
33.75
33.6271186441
34.35
35.0333333333
34.1333333333
33.3833333333
33.2166666667
35.3898305085
36.6833333333
37.15
35.9333333333
37.2666666667
33.5254237288
35.4166666667
34.3
32.8333333333
35.0666666667
35.3
34.5254237288
35.4333333333
37.4166666667
35.7166666667
37.2666666667
34.6779661017
34.45
35.65
35.8666666667
34.0333333333
34.0508474576
34.05
34.1333333333
34.45
35.6833333333
36.5833333333
36.7966101695
36.8166666667
36.3666666667
37.55
36.4333333333
35.0847457627
36.3333333333
38.1666666667
38.2333333333
39.05
36.7833333333
36.5423728814
36.4666666667
36.0666666667
37.1333333333
37.5833333333
32.3157894737
--END OF 2--
33.4666666667
35.95
37.9666666667
35.8305084746
36.0666666667
35.4833333333
38.5333333333
37.4333333333
35.3
34.4333333333
34.1355932203
35.7333333333
36.65
36.2833333333
34.9333333333
34.2833333333
35.9322033898
38.2
38.7833333333
38.5166666667
38.8
34.2033898305
36.2333333333
35.4833333333
34.8
36.3666666667
37.05
35.3389830508
37.6833333333
40.0333333333
37.6666666667
39.15
35.7288135593
35.6
36.25
36.8833333333
35.0
35.406779661
34.7
35.8666666667
35.7333333333
36.3
37.5166666667
38.406779661
38.3333333333
37.2666666667
39.2333333333
37.6833333333
36.5254237288
37.6333333333
39.25
39.2833333333
39.8333333333
37.9333333333
37.4576271186
38.7166666667
37.7166666667
39.8
39.1166666667
32.649122807
--END OF 3--
21.8833333333
22.75
23.0666666667
22.6440677966
22.55
21.6166666667
22.0833333333
23.2333333333
22.7166666667
22.3166666667
22.1694915254
22.6666666667
22.55
22.6333333333
22.6
22.7333333333
22.5762711864
23.15
23.05
23.35
22.8666666667
22.6440677966
22.1333333333
22.05
22.0833333333
22.7166666667
22.0
22.4576271186
22.9666666667
22.75
22.1666666667
22.7833333333
22.3559322034
22.75
22.9
23.05
22.8666666667
22.7966101695
22.4333333333
23.0166666667
22.0833333333
22.45
23.5
23.1355932203
23.3166666667
23.1833333333
23.9166666667
23.0
22.2372881356
23.2333333333
24.05
23.7666666667
23.5333333333
23.0333333333
23.1355932203
22.8833333333
23.0666666667
23.25
23.5833333333
21.4561403509
--END OF 4--
31.2166666667
32.6
33.0666666667
32.4406779661
32.65
31.95
33.5333333333
33.6166666667
32.6
32.1166666667
31.8474576271
32.1833333333
32.5333333333
32.2833333333
31.8666666667
31.7333333333
33.0169491525
33.7333333333
34.05
33.2333333333
34.05
31.8474576271
32.9333333333
32.1833333333
31.4666666667
32.8333333333
32.5666666667
32.0847457627
33.0333333333
34.0
33.0166666667
34.1666666667
32.3389830508
32.2
33.05
33.4
32.25
32.2881355932
32.1833333333
32.1166666667
32.2166666667
33.0
33.6166666667
33.7627118644
33.7333333333
33.6666666667
34.2833333333
33.5833333333
32.7457627119
33.5833333333
34.6833333333
34.65
35.2
33.8833333333
33.593220339
33.5166666667
33.3166666667
33.7666666667
34.2833333333
31.1052631579
--END OF 5--
33.4666666667
35.95
37.9666666667
35.8305084746
36.0666666667
35.4833333333
38.5333333333
37.4333333333
35.3
34.4333333333
34.1355932203
35.7333333333
36.65
36.2833333333
34.9333333333
34.2833333333
35.9322033898
38.2
38.7833333333
38.5166666667
38.8
34.2033898305
36.2333333333
35.4833333333
34.8
36.3666666667
37.05
35.3389830508
37.6833333333
40.0333333333
37.6666666667
39.15
35.7288135593
35.6
36.25
36.8833333333
35.0
35.406779661
34.7
35.8666666667
35.7333333333
36.3
37.5166666667
38.406779661
38.3333333333
37.2666666667
39.2333333333
37.6833333333
36.5254237288
37.6333333333
39.25
39.2833333333
39.8333333333
37.9333333333
37.4576271186
38.7166666667
37.7166666667
39.8
39.1166666667
32.649122807
--END OF 6--
4215.55
4615.8
4710.3
4556.44067797
4510.9
4518.85
4602.15
4706.3
4555.9
4519.65
4512.91525424
4598.15
4537.55
4633.55
4498.55
4558.5
4630.93220339
4733.35
4607.1
4751.45
4784.5
4574.08474576
4604.35
4608.1
4373.25
4534.3
4572.35
4706.23728814
4688.1
4848.9
4641.75
4702.75
4626.30508475
4552.05
4678.2
4630.75
4488.7
4489.77966102
4499.9
4713.9
4652.1
4653.35
4852.8
4797.10169492
4761.95
4815.65
4983.5
4698.2
4463.6440678
4697.55
5034.45
4938.55
4930.05
4879.35
4742.94915254
4740.3
4846.95
4893.0
5030.0
4353.36842105
--END OF 7--
1194.13333333
1294.35
1326.55
1265.81355932
1264.0
1256.66666667
1292.41666667
1316.33333333
1280.36666667
1247.2
1255.88135593
1298.9
1288.4
1292.96666667
1246.56666667
1265.26666667
1288.83050847
1319.5
1320.63333333
1337.9
1346.21666667
1272.86440678
1292.01666667
1280.76666667
1223.53333333
1287.48333333
1289.5
1293.37288136
1311.91666667
1372.15
1302.73333333
1325.23333333
1288.76271186
1279.1
1291.55
1287.05
1270.28333333
1266.11864407
1246.9
1310.28333333
1273.25
1301.1
1376.71666667
1333.18644068
1322.68333333
1342.16666667
1396.31666667
1323.71666667
1262.44067797
1323.8
1409.86666667
1391.1
1381.9
1351.05
1311.55932203
1332.91666667
1368.61666667
1366.73333333
1400.31666667
1206.21052632
--END OF 8--
176.133333333
210.25
208.216666667
188.881355932
202.566666667
217.083333333
233.133333333
219.866666667
203.766666667
196.0
189.06779661
201.116666667
213.333333333
198.933333333
197.3
185.05
215.322033898
234.583333333
234.05
216.533333333
227.483333333
190.033898305
211.266666667
213.416666667
196.716666667
206.4
219.166666667
193.406779661
210.033333333
240.333333333
238.133333333
238.8
210.542372881
212.25
207.35
217.483333333
208.483333333
200.101694915
203.983333333
188.033333333
205.8
220.9
220.65
231.355932203
230.783333333
215.2
219.866666667
225.616666667
208.0
223.1
232.8
222.833333333
234.933333333
230.4
214.661016949
225.666666667
208.35
230.083333333
222.716666667
193.684210526
--END OF 9--
7.93333333333
6.25
11.9333333333
11.0338983051
9.91666666667
11.95
16.05
10.8833333333
5.65
7.15
6.66101694915
9.71666666667
10.5833333333
10.4666666667
7.18333333333
6.3
9.83050847458
7.56666666667
11.25
10.5666666667
10.0333333333
4.69491525424
10.05
6.91666666667
8.43333333333
10.3666666667
9.65
6.91525423729
10.3833333333
13.0333333333
9.25
13.45
9.22033898305
7.0
7.4
9.33333333333
4.93333333333
8.40677966102
10.4
9.08333333333
9.28333333333
7.48333333333
7.38333333333
8.62711864407
10.1166666667
8.55
9.48333333333
10.2833333333
11.2881355932
9.5
7.38333333333
9.95
10.05
7.75
8.69491525424
12.45
8.78333333333
12.6166666667
8.76666666667
5.49122807018
--END OF 10--
1.5
1.8
3.31666666667
2.08474576271
1.86666666667
2.03333333333
2.73333333333
0.733333333333
0.766666666667
0.883333333333
0.813559322034
1.98333333333
2.48333333333
2.53333333333
1.48333333333
1.46666666667
0.593220338983
1.9
1.75
3.71666666667
2.48333333333
0.542372881356
1.23333333333
1.76666666667
3.01666666667
1.53333333333
2.58333333333
0.949152542373
2.55
3.11666666667
2.51666666667
2.5
1.33898305085
1.3
0.2
1.81666666667
1.53333333333
1.27118644068
0.416666666667
1.6
1.45
1.0
0.833333333333
1.37288135593
2.01666666667
1.2
1.61666666667
1.35
1.89830508475
1.4
1.28333333333
1.35
1.26666666667
1.65
1.42372881356
2.85
2.48333333333
3.41666666667
2.58333333333
0.385964912281
--END OF 11--
0.1
0.4
0.316666666667
0.28813559322
0.366666666667
0.533333333333
1.03333333333
0.0
0.5
0.383333333333
0.118644067797
0.0
0.466666666667
0.733333333333
0.166666666667
0.666666666667
0.0508474576271
0.65
0.433333333333
0.5
0.4
0.135593220339
0.0666666666667
0.266666666667
0.666666666667
0.0
0.233333333333
0.0
1.2
0.333333333333
0.4
0.733333333333
0.966101694915
0.55
0.0
0.0
0.0
0.0
0.233333333333
1.1
0.666666666667
0.183333333333
0.15
0.0
0.0
0.0
0.0
0.0
0.508474576271
0.55
0.883333333333
0.166666666667
0.416666666667
0.4
0.372881355932
0.7
0.266666666667
1.23333333333
0.5
0.0
--END OF 12--
