12.5
14.1
13.4333333333
13.6101694915
13.5166666667
13.25
13.9666666667
14.95
13.7333333333
13.8474576271
14.3
13.85
14.2
13.5
14.15
15.3050847458
13.5833333333
12.5333333333
12.7333333333
13.4666666667
14.0677966102
13.6833333333
13.8166666667
13.0333333333
14.5833333333
13.8333333333
14.0508474576
13.35
13.5833333333
13.75
13.55
14.3728813559
14.3166666667
13.3333333333
12.9833333333
13.8333333333
14.75
14.3220338983
13.1333333333
13.7
13.8
13.3
14.4237288136
14.2
14.8333333333
13.9166666667
15.1
13.4833333333
14.6440677966
13.9166666667
14.0833333333
13.8666666667
14.1833333333
15.2203389831
14.45
13.6166666667
14.7833333333
14.2833333333
14.1186440678
13.1052631579
--END OF 1--
16.75
17.8333333333
18.4333333333
17.6779661017
18.7666666667
18.8833333333
18.8666666667
20.1666666667
19.8833333333
19.2203389831
18.9
19.9
20.3
19.05
19.85
21.3220338983
19.1166666667
17.05
18.1666666667
18.15
18.4915254237
19.0833333333
18.9833333333
18.0
19.25
19.1
18.9322033898
18.85
17.6833333333
18.45
18.3
19.4915254237
19.0333333333
18.7833333333
18.55
18.4166666667
19.9
18.9152542373
19.6666666667
18.4333333333
19.8333333333
17.7166666667
19.3389830508
20.35
20.55
19.4666666667
20.7
17.7833333333
18.6949152542
18.5333333333
20.5
19.4833333333
20.2666666667
21.0508474576
20.7666666667
18.5166666667
19.8666666667
21.6166666667
18.4576271186
17.0175438596
--END OF 2--
17.0833333333
18.3666666667
19.1833333333
18.1525423729
19.6833333333
20.55
19.75
20.5
19.9833333333
19.9830508475
19.7
20.55
20.55
19.6
20.8
22.1694915254
19.8666666667
17.6333333333
19.3
18.5333333333
18.7118644068
19.6333333333
19.7
18.2333333333
19.35
19.1166666667
19.9322033898
19.9
19.0333333333
19.35
18.6
19.7796610169
20.05
19.1166666667
19.2333333333
19.4666666667
20.1166666667
20.1186440678
20.6666666667
19.5166666667
21.5
19.7333333333
19.593220339
21.4666666667
20.7
20.0166666667
20.85
18.1833333333
19.0508474576
19.2333333333
21.75
19.8333333333
20.6166666667
21.4237288136
20.8833333333
18.6333333333
20.7666666667
22.85
19.5762711864
17.6140350877
--END OF 3--
12.5
14.1
13.4333333333
13.6101694915
13.5166666667
13.25
13.9666666667
14.95
13.7333333333
13.8474576271
14.3
13.85
14.2
13.5
14.15
15.3050847458
13.5833333333
12.5333333333
12.7333333333
13.4666666667
14.0677966102
13.6833333333
13.8166666667
13.0333333333
14.5833333333
13.8333333333
14.0508474576
13.35
13.5833333333
13.75
13.55
14.3728813559
14.3166666667
13.3333333333
12.9833333333
13.8333333333
14.75
14.3220338983
13.1333333333
13.7
13.8
13.3
14.4237288136
14.2
14.8333333333
13.9166666667
15.1
13.4833333333
14.6440677966
13.9166666667
14.0833333333
13.8666666667
14.1833333333
15.2203389831
14.45
13.6166666667
14.7833333333
14.2833333333
14.1186440678
13.1052631579
--END OF 4--
16.75
17.8333333333
18.4333333333
17.6779661017
18.7666666667
18.8833333333
18.8666666667
20.1666666667
19.8833333333
19.2203389831
18.9
19.9
20.3
19.05
19.85
21.3220338983
19.1166666667
17.05
18.1666666667
18.15
18.4915254237
19.0833333333
18.9833333333
18.0
19.25
19.1
18.9322033898
18.85
17.6833333333
18.45
18.3
19.4915254237
19.0333333333
18.7833333333
18.55
18.4166666667
19.9
18.9152542373
19.6666666667
18.4333333333
19.8333333333
17.7166666667
19.3389830508
20.35
20.55
19.4666666667
20.7
17.7833333333
18.6949152542
18.5333333333
20.5
19.4833333333
20.2666666667
21.0508474576
20.7666666667
18.5166666667
19.8666666667
21.6166666667
18.4576271186
17.0175438596
--END OF 5--
17.0833333333
18.3666666667
19.1833333333
18.1525423729
19.6833333333
20.55
19.75
20.5
19.9833333333
19.9830508475
19.7
20.55
20.55
19.6
20.8
22.1694915254
19.8666666667
17.6333333333
19.3
18.5333333333
18.7118644068
19.6333333333
19.7
18.2333333333
19.35
19.1166666667
19.9322033898
19.9
19.0333333333
19.35
18.6
19.7796610169
20.05
19.1166666667
19.2333333333
19.4666666667
20.1166666667
20.1186440678
20.6666666667
19.5166666667
21.5
19.7333333333
19.593220339
21.4666666667
20.7
20.0166666667
20.85
18.1833333333
19.0508474576
19.2333333333
21.75
19.8333333333
20.6166666667
21.4237288136
20.8833333333
18.6333333333
20.7666666667
22.85
19.5762711864
17.6140350877
--END OF 6--
2487.75
2571.6
2576.5
2553.15254237
2611.0
2550.0
2587.6
2775.2
2656.7
2628.96610169
2709.15
2680.8
2727.4
2582.55
2799.9
2774.94915254
2585.55
2437.35
2414.75
2603.45
2746.01694915
2636.0
2615.4
2634.2
2798.7
2587.85
2570.08474576
2493.15
2631.0
2703.75
2551.05
2676.81355932
2677.8
2535.05
2494.2
2593.55
2688.3
2681.03389831
2651.45
2596.25
2689.4
2559.0
2571.76271186
2713.6
2734.8
2635.95
2872.8
2576.25
2779.06779661
2630.6
2762.1
2706.05
2775.4
2868.20338983
2771.3
2597.9
2785.2
2765.8
2578.6779661
2551.15789474
--END OF 7--
684.666666667
730.55
723.65
714.661016949
731.883333333
718.366666667
731.166666667
774.966666667
727.866666667
739.881355932
751.7
750.7
761.766666667
711.65
758.65
786.86440678
711.183333333
670.983333333
683.233333333
714.85
751.610169492
731.033333333
733.5
725.133333333
776.566666667
733.466666667
729.016949153
716.25
737.95
756.05
710.65
751.610169492
747.933333333
717.983333333
700.983333333
728.7
763.4
755.661016949
728.8
730.783333333
743.4
703.816666667
737.779661017
761.716666667
777.416666667
741.25
820.1
716.9
758.949152542
745.6
758.6
754.066666667
784.65
791.762711864
770.85
718.25
773.8
774.333333333
731.898305085
693.789473684
--END OF 8--
86.15
91.0333333333
108.466666667
98.5593220339
102.266666667
112.55
116.733333333
101.666666667
104.166666667
115.559322034
106.8
102.55
122.116666667
108.25
121.7
123.86440678
114.516666667
89.3166666667
108.35
102.35
99.4576271186
110.35
121.183333333
101.183333333
96.7333333333
109.966666667
105.355932203
106.65
96.55
105.7
104.05
106.949152542
108.333333333
104.866666667
112.516666667
105.283333333
114.516666667
97.2203389831
127.25
106.333333333
118.583333333
103.2
116.644067797
120.266666667
122.733333333
128.95
124.9
102.95
105.796610169
106.216666667
130.383333333
108.383333333
117.85
129.593220339
129.483333333
107.333333333
117.466666667
128.583333333
104.728813559
97.5789473684
--END OF 9--
2.56666666667
2.71666666667
5.7
2.61016949153
7.28333333333
7.0
3.45
6.38333333333
8.35
2.67796610169
3.15
6.3
5.3
4.8
5.2
5.94915254237
6.83333333333
5.18333333333
3.88333333333
2.9
1.22033898305
3.9
4.23333333333
4.18333333333
1.56666666667
3.5
4.89830508475
8.0
3.65
4.05
4.2
4.15254237288
3.71666666667
3.83333333333
5.7
3.36666666667
2.05
6.33898305085
6.35
5.43333333333
6.03333333333
5.88333333333
2.08474576271
6.58333333333
5.1
2.6
3.45
2.05
1.49152542373
3.6
6.76666666667
5.43333333333
6.4
3.06779661017
3.5
1.76666666667
5.65
8.21666666667
5.05084745763
3.24561403509
--END OF 10--
0.65
0.716666666667
1.06666666667
0.389830508475
1.6
3.1
1.46666666667
0.666666666667
0.0
1.01694915254
0.95
1.0
0.15
0.9
1.5
1.18644067797
0.9
0.95
1.71666666667
0.55
0.220338983051
1.0
0.5
0.0
0.0
0.0
1.06779661017
1.5
1.45
0.75
0.6
0.152542372881
1.48333333333
0.75
1.05
1.2
0.45
1.49152542373
1.4
1.48333333333
2.61666666667
3.6
0.508474576271
1.76666666667
0.1
1.0
0.5
0.65
0.35593220339
0.866666666667
1.78333333333
0.916666666667
0.666666666667
0.474576271186
0.0333333333333
0.116666666667
1.78333333333
1.58333333333
1.03389830508
0.894736842105
--END OF 11--
0.366666666667
0.383333333333
0.116666666667
0.0
0.266666666667
0.233333333333
0.5
0.0
0.0
0.0
0.5
0.0
0.0
0.0
0.0
0.0
0.0
0.133333333333
0.866666666667
0.0
0.0
0.0
0.0
0.0
0.0
0.0
0.305084745763
0.2
0.5
0.0
0.0
0.0
0.5
0.0
0.15
0.216666666667
0.433333333333
0.898305084746
0.183333333333
0.0
0.716666666667
0.283333333333
0.0
0.0
0.0
0.0
0.0
0.2
0.305084745763
0.5
0.966666666667
0.0
0.5
0.0
0.0
0.0
0.0
0.0166666666667
0.491525423729
0.140350877193
--END OF 12--
