15.2833333333
15.9491525424
14.4666666667
14.8333333333
13.6666666667
10.8
11.2666666667
12.2542372881
12.75
12.25
11.8666666667
12.9166666667
13.0166666667
12.6440677966
13.8666666667
12.4833333333
12.5666666667
13.25
11.6333333333
11.406779661
12.2
11.9833333333
10.5833333333
10.7833333333
10.7966101695
9.4
10.0
9.73333333333
9.9
10.15
9.86440677966
9.23333333333
8.88333333333
8.73333333333
9.51666666667
8.13333333333
8.98305084746
8.6
9.05
8.8
9.01666666667
8.10169491525
8.43333333333
8.65
9.01666666667
8.75
8.2
8.71186440678
7.95
7.48333333333
7.66666666667
8.3
8.74576271186
7.78333333333
7.36666666667
6.95
7.23333333333
6.8813559322
7.41666666667
15.350877193
--END OF 1--
20.4333333333
21.2542372881
18.9666666667
19.5833333333
17.6
14.9166666667
14.8666666667
15.0169491525
16.3
16.0166666667
15.7166666667
17.2666666667
17.5166666667
17.3050847458
17.85
17.2833333333
16.1833333333
17.25
15.8666666667
13.7288135593
15.75
14.3833333333
13.0166666667
12.7166666667
13.5762711864
12.5
12.8
12.7166666667
13.05
12.8
12.186440678
12.55
11.35
11.1333333333
12.25
10.5
11.7966101695
10.95
11.1333333333
11.6333333333
12.1333333333
10.8813559322
11.1333333333
10.4
11.2166666667
11.9
10.7
11.4745762712
9.96666666667
9.08333333333
10.35
10.75
10.7118644068
9.66666666667
8.95
9.73333333333
9.51666666667
8.27118644068
9.51666666667
20.9824561404
--END OF 2--
21.0
21.8983050847
19.9
20.55
18.2833333333
15.0
15.6166666667
15.0169491525
16.85
16.5333333333
15.8666666667
17.2666666667
18.3666666667
17.3050847458
18.2333333333
18.0
16.7833333333
17.7666666667
16.9
14.2033898305
16.35
14.5166666667
13.0166666667
12.7166666667
13.7796610169
12.85
13.05
13.3833333333
13.7
12.8
12.3898305085
13.2
11.65
11.5833333333
12.25
10.5
11.8644067797
11.2666666667
12.0166666667
11.7666666667
12.3333333333
11.3389830508
11.8833333333
10.9
11.2166666667
12.85
10.7
11.7288135593
9.96666666667
9.48333333333
10.5
10.8
11.3220338983
9.66666666667
9.11666666667
10.0666666667
9.51666666667
8.47457627119
9.61666666667
21.3333333333
--END OF 3--
15.2833333333
15.9491525424
14.4666666667
14.8333333333
13.6666666667
10.8
11.2666666667
12.2542372881
12.75
12.25
11.8666666667
12.9166666667
13.0166666667
12.6440677966
13.8666666667
12.4833333333
12.5666666667
13.25
11.6333333333
11.406779661
12.2
11.9833333333
10.5833333333
10.7833333333
10.7966101695
9.4
10.0
9.73333333333
9.9
10.15
9.86440677966
9.23333333333
8.88333333333
8.73333333333
9.51666666667
8.13333333333
8.98305084746
8.6
9.05
8.8
9.01666666667
8.10169491525
8.43333333333
8.65
9.01666666667
8.75
8.2
8.71186440678
7.95
7.48333333333
7.66666666667
8.3
8.74576271186
7.78333333333
7.36666666667
6.95
7.23333333333
6.8813559322
7.41666666667
15.350877193
--END OF 4--
20.4333333333
21.2542372881
18.9666666667
19.5833333333
17.6
14.9166666667
14.8666666667
15.0169491525
16.3
16.0166666667
15.7166666667
17.2666666667
17.5166666667
17.3050847458
17.85
17.2833333333
16.1833333333
17.25
15.8666666667
13.7288135593
15.75
14.3833333333
13.0166666667
12.7166666667
13.5762711864
12.5
12.8
12.7166666667
13.05
12.8
12.186440678
12.55
11.35
11.1333333333
12.25
10.5
11.7966101695
10.95
11.1333333333
11.6333333333
12.1333333333
10.8813559322
11.1333333333
10.4
11.2166666667
11.9
10.7
11.4745762712
9.96666666667
9.08333333333
10.35
10.75
10.7118644068
9.66666666667
8.95
9.73333333333
9.51666666667
8.27118644068
9.51666666667
20.9824561404
--END OF 5--
21.0
21.8983050847
19.9
20.55
18.2833333333
15.0
15.6166666667
15.0169491525
16.85
16.5333333333
15.8666666667
17.2666666667
18.3666666667
17.3050847458
18.2333333333
18.0
16.7833333333
17.7666666667
16.9
14.2033898305
16.35
14.5166666667
13.0166666667
12.7166666667
13.7796610169
12.85
13.05
13.3833333333
13.7
12.8
12.3898305085
13.2
11.65
11.5833333333
12.25
10.5
11.8644067797
11.2666666667
12.0166666667
11.7666666667
12.3333333333
11.3389830508
11.8833333333
10.9
11.2166666667
12.85
10.7
11.7288135593
9.96666666667
9.48333333333
10.5
10.8
11.3220338983
9.66666666667
9.11666666667
10.0666666667
9.51666666667
8.47457627119
9.61666666667
21.3333333333
--END OF 6--
2845.8
3021.81355932
2776.2
2932.35
2657.8
2121.65
2113.25
2255.59322034
2363.7
2285.1
2270.55
2464.05
2485.95
2445.86440678
2526.1
2396.1
2303.65
2442.5
2244.8
2169.81355932
2312.0
2205.85
2094.7
2069.45
2037.76271186
1777.95
1986.3
1856.4
1887.75
1959.6
1870.88135593
1797.8
1788.95
1852.8
1874.9
1614.25
1797.25423729
1696.7
1689.85
1784.95
1776.45
1758.50847458
1675.95
1656.3
1745.25
1775.7
1619.85
1668.66101695
1584.2
1585.15
1573.6
1608.2
1654.47457627
1546.9
1415.75
1456.95
1477.1
1483.27118644
1554.0
3003.21052632
--END OF 7--
791.933333333
840.898305085
787.066666667
800.583333333
736.233333333
593.6
589.916666667
610.966101695
663.3
650.4
628.65
691.8
698.95
688.474576271
707.2
671.066666667
648.683333333
675.55
628.066666667
614.711864407
641.583333333
614.783333333
569.266666667
563.8
555.457627119
497.6
540.45
512.866666667
525.65
532.7
521.169491525
506.016666667
504.833333333
505.933333333
529.833333333
461.883333333
503.983050847
471.366666667
479.683333333
481.616666667
492.2
469.796610169
467.65
469.55
477.6
493.2
449.35
478.457627119
432.533333333
446.133333333
432.35
457.05
456.491525424
422.433333333
397.583333333
405.25
409.433333333
404.915254237
424.1
821.245614035
--END OF 8--
114.916666667
115.830508475
110.0
110.2
98.3166666667
83.8666666667
85.7166666667
69.7627118644
74.3
85.0
85.95
89.75
90.8
95.7796610169
91.55
91.05
79.1
85.6
91.5833333333
62.9491525424
75.65
72.9333333333
53.5666666667
61.1333333333
69.6610169492
69.5
70.4
57.8166666667
71.6
59.5
62.1694915254
78.8
53.0833333333
54.3666666667
63.5666666667
52.8
58.8644067797
46.05
57.3833333333
58.5166666667
61.6666666667
47.6949152542
62.7
43.85
57.35
57.3
51.35
61.4406779661
55.7166666667
51.6666666667
54.0166666667
62.3666666667
56.7796610169
52.3833333333
39.75
55.0166666667
58.0
38.9322033898
45.25
112.385964912
--END OF 9--
6.2
5.38983050847
3.85
3.4
2.81666666667
2.86666666667
4.03333333333
3.08474576271
5.1
2.3
3.2
1.8
6.1
2.1186440678
3.51666666667
6.03333333333
5.0
5.16666666667
5.65
0.881355932203
2.06666666667
2.0
1.06666666667
1.01666666667
2.77966101695
1.65
1.9
4.53333333333
2.85
1.85
0.542372881356
2.56666666667
2.53333333333
0.966666666667
0.266666666667
0.733333333333
1.52542372881
2.2
3.11666666667
2.08333333333
2.6
2.18644067797
2.35
2.6
2.05
4.4
0.9
1.57627118644
0.5
0.5
4.5
2.68333333333
3.10169491525
1.13333333333
0.9
2.45
1.25
0.694915254237
1.35
5.49122807018
--END OF 10--
0.666666666667
0.508474576271
1.31666666667
0.95
0.6
0.15
1.48333333333
0.0
0.1
0.9
0.0
0.0
1.5
0.0
0.633333333333
1.0
0.866666666667
0.75
1.75
0.881355932203
1.0
0.133333333333
0.0
0.0
0.508474576271
0.6
0.5
0.733333333333
0.8
0.0
0.338983050847
0.666666666667
0.533333333333
0.466666666667
0.0
0.0
0.169491525424
0.416666666667
1.41666666667
0.366666666667
0.133333333333
0.508474576271
1.0
1.0
0.0
1.5
0.0
0.508474576271
0.0
0.5
0.0
0.0
1.01694915254
0.0
0.5
0.5
0.0
0.0
0.0
0.877192982456
--END OF 11--
0.0
0.508474576271
1.0
0.0
0.366666666667
0.133333333333
0.0
0.0
0.0
0.0
0.0
0.0
0.5
0.0
0.0
0.0
0.5
0.0
0.0
0.0
0.5
0.0
0.0
0.0
0.0
0.0
0.0
0.0
0.0
0.0
0.0
0.5
0.0
0.0
0.0
0.0
0.169491525424
0.333333333333
0.0
0.0
0.0
0.0
0.5
0.0
0.0
0.0
0.0
0.0
0.0
0.0
0.0
0.0
0.0
0.0
0.0
0.0
0.0
0.0
0.0
0.0
--END OF 12--
