17.25
15.55
16.3
16.7118644068
16.4333333333
16.55
16.75
17.4166666667
15.3666666667
15.9333333333
16.6101694915
16.35
16.2333333333
16.9833333333
17.4333333333
15.3728813559
16.6166666667
16.25
16.6
15.2
17.3
17.0508474576
15.45
16.0
16.6166666667
16.85
16.7288135593
16.2166666667
16.7833333333
16.7666666667
17.0666666667
16.7166666667
16.1525423729
15.7333333333
15.95
15.35
15.9833333333
17.8474576271
16.2666666667
16.2666666667
17.6166666667
16.8
16.4833333333
15.9322033898
17.0833333333
16.3166666667
17.8
16.4
17.1525423729
15.8
16.4333333333
16.1833333333
15.2833333333
15.9491525424
16.1333333333
16.7166666667
16.7333333333
16.1833333333
16.1
17.0188679245
--END OF 1--
21.25
18.85
19.7
20.6101694915
19.55
20.3666666667
20.2
20.6833333333
18.2
19.9333333333
19.9830508475
19.9
20.2333333333
20.6166666667
20.95
19.2711864407
20.2166666667
19.5
20.6
18.95
20.8
21.1525423729
18.45
19.8833333333
20.5166666667
19.8666666667
20.2542372881
20.1666666667
20.9833333333
20.55
21.3833333333
20.45
19.7627118644
19.7333333333
20.35
18.85
19.1833333333
21.1016949153
20.2166666667
19.6166666667
21.6
20.55
21.8333333333
19.813559322
20.4833333333
18.55
21.65
20.0
20.9830508475
19.35
20.2833333333
19.8333333333
18.5833333333
19.4915254237
20.4333333333
20.2166666667
21.1
19.2
19.65
20.679245283
--END OF 2--
21.7
19.65
20.05
20.8983050847
20.0
20.8166666667
20.3
20.7666666667
18.8
21.6833333333
20.3220338983
20.3333333333
20.9833333333
20.6166666667
21.75
19.3220338983
20.6666666667
20.6
21.0
19.35
21.15
21.1525423729
18.7
20.4666666667
20.7666666667
20.2166666667
21.0508474576
20.3
21.7
21.0333333333
21.3833333333
20.9166666667
20.2542372881
20.0833333333
20.95
19.2
19.8833333333
21.4576271186
20.2166666667
20.5333333333
22.45
21.55
23.1333333333
20.406779661
20.7833333333
19.1
22.15
20.25
21.3389830508
19.85
20.9833333333
20.3833333333
18.8833333333
20.6101694915
20.9666666667
20.8666666667
21.8
19.4166666667
20.1833333333
21.2264150943
--END OF 3--
17.25
15.55
16.3
16.7118644068
16.4333333333
16.55
16.75
17.4166666667
15.3666666667
15.9333333333
16.6101694915
16.35
16.2333333333
16.9833333333
17.4333333333
15.3728813559
16.6166666667
16.25
16.6
15.2
17.3
17.0508474576
15.45
16.0
16.6166666667
16.85
16.7288135593
16.2166666667
16.7833333333
16.7666666667
17.0666666667
16.7166666667
16.1525423729
15.7333333333
15.95
15.35
15.9833333333
17.8474576271
16.2666666667
16.2666666667
17.6166666667
16.8
16.4833333333
15.9322033898
17.0833333333
16.3166666667
17.8
16.4
17.1525423729
15.8
16.4333333333
16.1833333333
15.2833333333
15.9491525424
16.1333333333
16.7166666667
16.7333333333
16.1833333333
16.1
17.0188679245
--END OF 4--
21.25
18.85
19.7
20.6101694915
19.55
20.3666666667
20.2
20.6833333333
18.2
19.9333333333
19.9830508475
19.9
20.2333333333
20.6166666667
20.95
19.2711864407
20.2166666667
19.5
20.6
18.95
20.8
21.1525423729
18.45
19.8833333333
20.5166666667
19.8666666667
20.2542372881
20.1666666667
20.9833333333
20.55
21.3833333333
20.45
19.7627118644
19.7333333333
20.35
18.85
19.1833333333
21.1016949153
20.2166666667
19.6166666667
21.6
20.55
21.8333333333
19.813559322
20.4833333333
18.55
21.65
20.0
20.9830508475
19.35
20.2833333333
19.8333333333
18.5833333333
19.4915254237
20.4333333333
20.2166666667
21.1
19.2
19.65
20.679245283
--END OF 5--
21.7
19.65
20.05
20.8983050847
20.0
20.8166666667
20.3
20.7666666667
18.8
21.6833333333
20.3220338983
20.3333333333
20.9833333333
20.6166666667
21.75
19.3220338983
20.6666666667
20.6
21.0
19.35
21.15
21.1525423729
18.7
20.4666666667
20.7666666667
20.2166666667
21.0508474576
20.3
21.7
21.0333333333
21.3833333333
20.9166666667
20.2542372881
20.0833333333
20.95
19.2
19.8833333333
21.4576271186
20.2166666667
20.5333333333
22.45
21.55
23.1333333333
20.406779661
20.7833333333
19.1
22.15
20.25
21.3389830508
19.85
20.9833333333
20.3833333333
18.8833333333
20.6101694915
20.9666666667
20.8666666667
21.8
19.4166666667
20.1833333333
21.2264150943
--END OF 6--
3257.25
3049.2
3057.75
3154.47457627
3092.6
3158.15
3126.55
3220.95
2923.15
3068.1
3151.88135593
3201.75
3076.05
3135.05
3234.95
2986.3220339
3156.15
3064.35
3138.9
2920.5
3129.45
3215.28813559
2959.55
3096.0
3134.15
3165.05
3057.50847458
2986.65
3149.25
3141.95
3252.4
3140.45
3089.38983051
2948.85
3210.9
2905.35
3055.2
3302.08474576
3185.8
3028.05
3259.75
3129.1
3145.45
2988.50847458
3097.15
2953.15
3337.8
3128.55
3204.86440678
2971.8
3155.1
3107.7
2972.55
3005.38983051
3024.9
3148.4
3145.85
3103.2
3051.5
3231.39622642
--END OF 7--
898.45
817.5
844.95
873.711864407
854.966666667
856.483333333
861.016666667
870.85
790.2
831.816666667
856.406779661
869.0
850.016666667
873.816666667
887.583333333
800.237288136
877.4
838.25
854.2
784.65
877.5
882.93220339
802.966666667
834.9
867.066666667
863.283333333
848.101694915
828.033333333
873.083333333
868.5
887.35
855.116666667
850.152542373
826.25
861.6
802.7
824.4
909.237288136
869.566666667
843.1
901.2
874.2
855.083333333
827.423728814
859.05
827.566666667
911.683333333
849.65
887.06779661
816.7
868.9
848.25
809.55
806.898305085
854.116666667
854.316666667
867.833333333
827.05
838.083333333
870.20754717
--END OF 8--
96.7
78.7
75.25
93.7627118644
87.5
80.2333333333
92.7
91.0666666667
78.9166666667
99.0333333333
88.5254237288
96.2
95.8833333333
86.8
86.3166666667
85.3728813559
88.95
84.7
94.9
102.5
84.95
96.6779661017
79.95
101.016666667
92.2
75.9333333333
83.6949152542
95.25
93.0833333333
99.05
95.0
91.3666666667
81.5254237288
91.9
99.8
88.95
85.5
89.5084745763
82.0
84.85
86.5333333333
84.45
109.8
88.2203389831
87.3
79.95
103.433333333
89.2666666667
91.3728813559
81.7
92.8
79.1
72.25
87.8644067797
98.6333333333
88.8666666667
95.0666666667
77.0666666667
90.0833333333
90.1886792453
--END OF 9--
3.1
2.3
3.6
2.94915254237
1.63333333333
4.78333333333
1.06666666667
3.08333333333
2.5
5.01666666667
4.16949152542
1.83333333333
2.33333333333
2.56666666667
4.78333333333
3.5593220339
1.85
3.8
2.55
2.25
3.75
1.38983050847
2.08333333333
2.25
3.21666666667
2.78333333333
6.16949152542
4.71666666667
4.65
2.1
1.65
3.68333333333
3.76271186441
4.0
2.75
3.1
3.35
2.76271186441
2.33333333333
3.85
5.96666666667
6.93333333333
6.11666666667
4.16949152542
1.9
2.06666666667
2.05
3.46666666667
2.94915254237
4.2
3.2
5.0
3.35
5.94915254237
3.18333333333
2.73333333333
5.06666666667
2.18333333333
2.6
4.2641509434
--END OF 10--
1.0
0.95
0.5
0.525423728814
0.816666666667
0.5
0.0
0.0833333333333
1.0
2.8
0.593220338983
0.533333333333
1.0
0.0
1.5
0.0
0.9
1.55
0.55
0.5
0.5
0.0
0.583333333333
0.8
0.3
0.316666666667
0.474576271186
0.0333333333333
1.26666666667
0.733333333333
0.0
0.916666666667
0.593220338983
0.0
0.5
0.4
1.1
0.508474576271
0.0
1.31666666667
1.15
1.0
1.45
0.71186440678
0.383333333333
1.0
0.5
0.5
0.508474576271
0.8
0.2
0.6
0.4
2.03389830508
0.733333333333
0.583333333333
1.2
0.566666666667
0.5
0.622641509434
--END OF 11--
0.0
0.5
0.5
0.0
0.0
0.5
0.0
0.0
0.0
0.5
0.0
0.0
0.0
0.0
0.0
0.0
0.0
0.0
0.0
0.0
0.0
0.0
0.0
0.0
0.0
0.0
0.474576271186
0.0333333333333
0.0
0.0
0.0
0.0
0.508474576271
0.0
0.5
0.25
0.25
0.0
0.0
0.0
0.5
0.433333333333
0.55
0.0169491525424
0.0
0.0
0.5
0.0
0.508474576271
0.0
0.0
0.0
0.0
0.0
0.0
0.283333333333
0.216666666667
0.0833333333333
0.416666666667
0.566037735849
--END OF 12--
