23.4833333333
23.55
22.5
22.6333333333
23.1525423729
22.7166666667
21.7
20.95
23.1833333333
22.6833333333
24.4406779661
22.5666666667
22.4333333333
22.6333333333
22.0666666667
21.85
22.0508474576
21.9333333333
21.4166666667
20.7333333333
21.6166666667
21.55
22.7796610169
21.65
21.7833333333
21.8666666667
22.4333333333
20.7
23.5423728814
22.1333333333
21.7666666667
20.6
21.2
20.186440678
21.05
21.3
21.45
21.5
22.75
19.9661016949
19.95
21.4333333333
20.2
22.15
21.7666666667
20.406779661
21.8
20.7833333333
20.75
21.25
18.5833333333
20.2542372881
20.3166666667
20.7
21.85
20.9166666667
21.35
20.8813559322
20.9166666667
23.0175438596
--END OF 1--
34.75
35.4
33.9166666667
31.85
34.2203389831
32.2833333333
29.75
30.4
32.6
32.15
33.7627118644
31.3333333333
32.9166666667
31.9
31.1666666667
30.6833333333
31.4745762712
30.5833333333
31.4833333333
29.35
30.3166666667
31.2166666667
32.4915254237
31.8166666667
31.5666666667
30.1833333333
31.0
29.75
33.3220338983
30.1333333333
29.6333333333
30.45
30.1
28.4745762712
30.9833333333
30.1
30.45
30.95
32.3
28.3220338983
28.7
30.1833333333
28.35
29.4833333333
31.8
30.4576271186
31.0833333333
30.7166666667
30.05
28.7833333333
27.3166666667
27.6101694915
27.4833333333
29.1
30.2
29.0833333333
30.95
29.1525423729
28.7833333333
32.5964912281
--END OF 2--
37.2
38.7
35.1666666667
34.7333333333
37.4915254237
33.55
31.6166666667
32.3
34.8833333333
33.8666666667
36.6101694915
32.9666666667
33.9666666667
35.4166666667
33.3833333333
33.2166666667
33.3220338983
31.8333333333
35.1
31.0333333333
32.25
32.7166666667
33.7118644068
32.3
33.4166666667
31.6166666667
32.3833333333
30.75
35.2881355932
30.9333333333
30.9333333333
32.5
31.0166666667
30.4237288136
31.8833333333
33.15
32.0
32.75
33.65
29.5254237288
29.8
30.7666666667
29.1166666667
30.2666666667
33.05
30.8474576271
31.6833333333
32.0666666667
31.5166666667
30.7666666667
28.55
28.2711864407
28.8833333333
30.6
30.6
30.3
32.2
30.5084745763
29.8333333333
33.9298245614
--END OF 3--
21.9
21.7
21.2166666667
21.2833333333
21.5084745763
21.4166666667
20.7
20.15
21.8833333333
21.4
22.4576271186
21.3833333333
21.3333333333
21.5333333333
21.0666666667
20.85
21.0169491525
20.7833333333
20.4166666667
19.8833333333
20.6666666667
20.6
21.3728813559
20.65
20.7333333333
20.8666666667
21.2333333333
20.2166666667
21.9661016949
21.0666666667
20.8
20.05
20.2333333333
19.7966101695
20.35
20.6
20.75
20.45
21.5
19.5593220339
19.6166666667
20.4333333333
19.65
21.1
20.75
19.8644067797
20.6
19.7833333333
20.05
20.4666666667
18.5833333333
19.6949152542
19.85
20.15
20.85
20.2166666667
20.45
20.186440678
20.2666666667
21.4385964912
--END OF 4--
32.6666666667
32.85
32.05
30.8333333333
32.1355932203
31.0666666667
29.5166666667
29.8333333333
31.45
31.0333333333
31.9830508475
30.4333333333
31.5166666667
30.95
30.3333333333
30.2166666667
30.6101694915
29.9333333333
30.65
29.1333333333
29.7
30.4333333333
31.2203389831
30.6833333333
30.6666666667
29.7333333333
30.2666666667
29.4333333333
31.6610169492
29.7833333333
29.2833333333
30.0333333333
29.7
28.406779661
30.3833333333
29.7
30.0
30.35
31.25
28.3220338983
28.65
29.7
28.35
29.35
30.7666666667
29.8305084746
30.1
29.75
29.6166666667
28.7333333333
27.3166666667
27.6101694915
27.4833333333
28.9
29.75
29.0833333333
30.15
29.1525423729
28.7833333333
31.2105263158
--END OF 5--
37.2
38.7
35.1666666667
34.7333333333
37.4915254237
33.55
31.6166666667
32.3
34.8833333333
33.8666666667
36.6101694915
32.9666666667
33.9666666667
35.4166666667
33.3833333333
33.2166666667
33.3220338983
31.8333333333
35.1
31.0333333333
32.25
32.7166666667
33.7118644068
32.3
33.4166666667
31.6166666667
32.3833333333
30.75
35.2881355932
30.9333333333
30.9333333333
32.5
31.0166666667
30.4237288136
31.8833333333
33.15
32.0
32.75
33.65
29.5254237288
29.8
30.7666666667
29.1166666667
30.2666666667
33.05
30.8474576271
31.6833333333
32.0666666667
31.5166666667
30.7666666667
28.55
28.2711864407
28.8833333333
30.6
30.6
30.3
32.2
30.5084745763
29.8333333333
33.9298245614
--END OF 6--
4436.3
4486.05
4342.1
4133.55
4353.66101695
4296.05
4075.45
4004.65
4198.55
4116.4
4374.96610169
4156.9
4267.6
4246.05
4022.9
4112.5
4053.40677966
4063.8
4124.15
3958.2
4071.15
4083.35
4215.86440678
4060.4
4121.8
4120.2
4145.15
3964.45
4257.15254237
4044.9
3935.3
3789.05
3928.5
3729.40677966
3859.2
3991.8
4024.5
3945.6
4268.1
3669.0
3805.05
4027.4
3807.4
3988.45
4139.35
3944.23728814
4104.35
4047.25
3827.2
3968.2
3688.7
3839.59322034
3807.8
3846.15
4019.25
3923.55
3993.6
3807.45762712
3708.9
4339.52631579
--END OF 7--
1230.36666667
1263.3
1217.15
1173.7
1239.44067797
1197.26666667
1130.4
1108.51666667
1175.16666667
1159.65
1237.93220339
1154.11666667
1193.91666667
1178.18333333
1139.66666667
1148.03333333
1150.30508475
1133.45
1135.98333333
1123.36666667
1131.5
1144.11666667
1185.23728814
1137.11666667
1155.3
1141.86666667
1149.28333333
1089.41666667
1194.54237288
1119.35
1107.76666667
1079.38333333
1093.55
1033.38983051
1092.33333333
1110.1
1099.25
1104.85
1182.15
1035.88135593
1053.36666667
1122.11666667
1060.01666667
1132.6
1155.55
1083.88135593
1150.91666667
1126.91666667
1096.91666667
1099.98333333
1015.41666667
1047.22033898
1044.25
1071.65
1125.05
1078.18333333
1102.1
1065.25423729
1052.85
1209.22807018
--END OF 8--
215.35
232.7
205.383333333
184.566666667
213.0
211.5
162.75
193.583333333
198.45
199.3
201.661016949
196.733333333
198.25
186.7
188.4
182.2
189.762711864
181.8
192.266666667
179.3
172.316666667
185.933333333
199.796610169
212.016666667
201.9
179.583333333
187.25
175.633333333
198.949152542
183.366666667
163.85
190.35
179.8
170.186440678
189.033333333
184.5
179.55
196.5
187.05
177.949152542
164.183333333
179.433333333
155.066666667
162.7
200.133333333
200.203389831
183.3
168.516666667
185.216666667
156.466666667
186.066666667
163.322033898
163.416666667
179.35
163.4
172.183333333
195.75
183.254237288
169.116666667
198.842105263
--END OF 9--
13.5666666667
16.95
11.1666666667
10.9333333333
14.2033898305
9.88333333333
7.71666666667
11.0
11.7
8.43333333333
11.9152542373
6.76666666667
7.08333333333
13.8666666667
10.4666666667
10.1
11.0
8.5
16.3
5.61666666667
9.35
10.1166666667
8.28813559322
6.46666666667
6.3
5.41666666667
8.41666666667
7.3
12.4915254237
5.28333333333
7.26666666667
12.0333333333
7.6
9.30508474576
7.93333333333
11.25
13.0
10.5
12.5
8.32203389831
8.33333333333
5.88333333333
7.2
5.6
9.8
6.10169491525
6.3
14.7
6.91666666667
6.91666666667
6.7
9.40677966102
8.13333333333
9.9
7.05
6.45
8.75
6.08474576271
7.11666666667
7.82456140351
--END OF 10--
3.96666666667
4.75
1.16666666667
3.7
4.71186440678
2.05
3.26666666667
2.45
3.38333333333
2.8
3.72881355932
2.0
1.36666666667
4.85
3.53333333333
3.35
2.15254237288
1.05
5.63333333333
2.11666666667
1.76666666667
2.26666666667
1.20338983051
1.23333333333
2.58333333333
1.68333333333
2.18333333333
1.13333333333
2.79661016949
1.38333333333
1.76666666667
2.4
1.56666666667
2.42372881356
1.28333333333
4.1
1.9
3.3
0.35
1.59322033898
2.01666666667
0.933333333333
1.61666666667
1.25
2.35
0.745762711864
0.816666666667
2.15
1.36666666667
2.98333333333
1.66666666667
1.06779661017
2.2
2.05
0.95
1.83333333333
2.05
2.06779661017
1.28333333333
1.78947368421
--END OF 11--
0.566666666667
1.45
0.2
1.2
1.28813559322
0.0
1.0
0.1
0.316666666667
0.0
0.389830508475
1.26666666667
0.616666666667
0.233333333333
0.0
0.166666666667
0.338983050847
0.8
0.7
1.4
0.15
0.35
0.508474576271
0.0
1.5
0.683333333333
0.35
0.233333333333
0.508474576271
0.5
0.833333333333
1.66666666667
0.5
0.0
0.333333333333
0.0
0.0
0.5
0.0
0.0
0.5
0.3
0.0
0.0
0.0
0.0
0.0
0.316666666667
1.01666666667
1.16666666667
0.5
0.0
0.0
0.5
0.0
0.4
0.1
0.915254237288
0.316666666667
0.368421052632
--END OF 12--
