27.8333333333
27.1186440678
27.5166666667
28.35
27.6
27.2666666667
27.1355932203
26.7666666667
27.3333333333
26.55
25.9
26.3833333333
25.406779661
26.35
26.05
26.7
25.5333333333
27.0833333333
25.5423728814
25.4666666667
25.4833333333
26.8333333333
26.0677966102
26.0833333333
26.3666666667
26.7
26.15
25.35
27.3050847458
27.3666666667
26.8166666667
25.55
26.4333333333
26.7966101695
27.4833333333
27.3666666667
25.4
26.9661016949
27.3666666667
25.9
26.4666666667
26.8166666667
27.0508474576
27.0666666667
26.8666666667
26.2
27.0333333333
26.9
26.7627118644
26.9
25.9
25.7333333333
26.9
27.813559322
27.3
27.4833333333
27.9833333333
26.3
25.8644067797
28.5166666667
--END OF 1--
43.9166666667
43.3389830508
42.4833333333
40.8833333333
41.7666666667
40.0833333333
41.6610169492
41.65
42.8833333333
41.55
40.0833333333
41.1833333333
39.6610169492
39.8
40.5333333333
42.0166666667
39.9166666667
42.8333333333
40.5593220339
39.85
39.7166666667
40.4666666667
39.6101694915
39.2666666667
39.3666666667
39.85
40.9
39.5666666667
39.4745762712
41.5
40.55
38.4
40.8666666667
39.7627118644
43.45
40.6333333333
39.4833333333
41.3898305085
39.0333333333
39.75
41.75
39.85
41.0
40.5
40.1
39.1666666667
39.4333333333
41.25
40.1016949153
41.05
38.9333333333
41.2666666667
40.6
41.6440677966
41.6
42.4
41.8666666667
40.9166666667
39.3559322034
43.85
--END OF 2--
46.0166666667
45.2711864407
44.8666666667
42.3166666667
45.1333333333
41.8166666667
43.8983050847
44.35
47.35
43.6
41.65
43.2333333333
41.7457627119
42.85
42.5833333333
44.0666666667
41.0833333333
45.2166666667
43.0847457627
42.0666666667
41.4
43.2833333333
41.0508474576
42.3166666667
42.3833333333
41.1833333333
43.9166666667
41.3833333333
42.186440678
44.0666666667
42.65
40.3333333333
42.6833333333
41.7627118644
46.7833333333
43.25
42.8666666667
43.406779661
40.1666666667
40.6
43.3166666667
41.95
42.7288135593
42.8833333333
42.3333333333
41.4166666667
42.3833333333
43.3
41.0
43.7333333333
41.0333333333
43.6
43.1
45.3050847458
44.4833333333
45.6333333333
43.9166666667
45.0333333333
42.813559322
45.1
--END OF 3--
24.25
23.7457627119
24.0166666667
24.5666666667
23.9
23.7666666667
23.7288135593
23.55
23.75
23.3833333333
23.0
23.4
22.7627118644
23.45
23.2
23.35
22.65
23.5166666667
23.0169491525
22.9
23.05
23.6
22.8983050847
23.1166666667
23.2833333333
23.5166666667
23.2666666667
22.9
23.9491525424
23.8
23.6166666667
22.7833333333
23.4
23.593220339
24.1166666667
24.0
22.9166666667
23.6271186441
23.6833333333
22.9
23.5833333333
23.7166666667
23.813559322
23.6166666667
23.6333333333
23.2
23.7833333333
23.5
23.7118644068
23.85
23.0666666667
23.0666666667
23.5166666667
24.1016949153
23.9333333333
23.8833333333
24.35
23.3833333333
23.1186440678
24.6
--END OF 4--
37.9833333333
37.7288135593
37.2333333333
36.3666666667
36.7666666667
35.75
36.7118644068
36.7333333333
37.4666666667
36.5666666667
35.5333333333
36.4
35.4237288136
35.6
36.05
36.7833333333
35.4666666667
37.25
36.0169491525
35.65
35.6166666667
35.9666666667
35.1694915254
35.2166666667
35.1
35.6166666667
36.3
35.45
35.593220339
36.6166666667
36.1166666667
34.6833333333
36.3333333333
35.6779661017
37.8333333333
36.1833333333
35.5
36.593220339
35.0166666667
35.4666666667
36.85
35.7
36.2542372881
35.8166666667
35.6833333333
35.2666666667
35.4333333333
36.4
35.8644067797
36.2166666667
35.3
36.5833333333
36.15
36.593220339
36.6166666667
37.1333333333
36.8166666667
36.2833333333
35.3728813559
38.0333333333
--END OF 5--
45.25
44.6101694915
44.4
42.15
44.4833333333
41.75
43.5762711864
43.9833333333
46.2333333333
43.2333333333
41.6166666667
43.0833333333
41.4915254237
42.85
42.5166666667
43.65
41.0166666667
44.4333333333
43.0847457627
41.9666666667
41.4
43.2333333333
41.0508474576
42.3166666667
42.2833333333
41.1833333333
43.7166666667
41.3833333333
41.9322033898
43.7666666667
42.2833333333
40.3166666667
42.6333333333
41.7288135593
45.85
43.2
42.35
43.3559322034
40.1666666667
40.6
43.1
41.95
42.7288135593
42.8833333333
42.3333333333
41.4166666667
42.1333333333
43.0
41.0
43.5833333333
40.9666666667
43.5
42.9
44.6101694915
44.05
44.7166666667
43.5666666667
44.3333333333
42.7627118644
44.4
--END OF 6--
5115.55
5086.98305085
5126.05
5107.55
5069.25
4947.45
5034.71186441
4946.65
5156.95
4976.1
4965.6
4921.6
4901.13559322
4842.6
4922.0
5062.8
4862.7
5168.25
4731.61016949
4793.35
4807.45
4926.9
4972.27118644
4867.6
4887.65
4780.45
4854.25
4733.65
4984.98305085
5033.85
4842.4
4736.35
4943.45
4882.27118644
5125.9
5046.85
4740.65
4900.37288136
5116.0
4846.2
5021.8
4972.4
5019.3559322
4986.2
4930.4
4791.55
4878.75
5117.6
5040.71186441
5020.15
4850.3
4807.65
4998.7
5078.6440678
5052.2
5134.75
5077.95
4899.7
4734.05084746
5115.65
--END OF 7--
1456.31666667
1438.59322034
1435.81666667
1434.1
1441.81666667
1389.98333333
1413.16949153
1402.01666667
1445.56666667
1405.6
1399.9
1386.86666667
1363.20338983
1367.65
1368.5
1435.88333333
1365.35
1454.91666667
1334.6440678
1354.86666667
1346.68333333
1412.3
1390.69491525
1364.28333333
1384.05
1372.16666667
1375.11666667
1347.43333333
1411.37288136
1419.61666667
1383.85
1342.51666667
1397.6
1387.0
1450.9
1401.38333333
1337.73333333
1414.88135593
1425.21666667
1373.93333333
1398.26666667
1393.83333333
1424.33898305
1405.88333333
1395.7
1349.06666667
1385.35
1438.66666667
1411.0
1405.13333333
1360.48333333
1352.01666667
1420.28333333
1457.10169492
1431.13333333
1453.83333333
1438.55
1383.31666667
1352.27118644
1464.55
--END OF 8--
293.583333333
283.474576271
274.4
251.133333333
263.616666667
237.383333333
266.694915254
274.3
294.9
275.416666667
262.666666667
264.75
265.101694915
260.25
268.716666667
293.4
265.05
279.266666667
271.084745763
269.283333333
255.45
252.0
251.830508475
254.25
255.95
242.666666667
268.333333333
259.0
241.508474576
269.816666667
254.366666667
242.416666667
273.916666667
252.118644068
281.15
250.283333333
273.883333333
276.457627119
251.383333333
265.066666667
270.483333333
259.816666667
260.677966102
274.15
258.266666667
248.033333333
251.9
262.15
259.915254237
262.0
254.016666667
283.6
252.25
258.576271186
259.916666667
274.25
271.3
282.6
265.423728814
282.916666667
--END OF 9--
19.6
18.406779661
18.15
12.35
16.9
15.9
16.3389830508
19.1166666667
19.7833333333
18.3166666667
11.8
17.5833333333
15.3728813559
14.75
17.6833333333
15.4166666667
14.2833333333
20.5
18.9491525424
15.1666666667
15.65
17.5166666667
13.8983050847
17.1166666667
15.9333333333
15.35
18.2333333333
17.2333333333
13.3220338983
17.1333333333
15.8833333333
14.8666666667
14.3
12.8813559322
20.5166666667
17.9333333333
16.8
13.6610169492
7.08333333333
12.2833333333
17.5166666667
12.5166666667
12.7627118644
15.1166666667
15.0833333333
12.9833333333
13.25
12.9333333333
9.50847457627
17.2666666667
14.8666666667
16.0833333333
16.35
18.8474576271
15.25
14.5166666667
13.5
17.2333333333
16.9322033898
16.8333333333
--END OF 10--
3.13333333333
2.76271186441
3.33333333333
1.68333333333
3.93333333333
1.96666666667
2.77966101695
2.78333333333
5.93333333333
2.61666666667
2.6
2.38333333333
2.66101694915
4.3
3.3
2.71666666667
1.81666666667
3.53333333333
3.71186440678
3.1
2.01666666667
3.23333333333
1.50847457627
4.1
4.7
1.91666666667
5.5
1.96666666667
4.01694915254
3.36666666667
2.66666666667
2.51666666667
1.43333333333
2.76271186441
4.81666666667
3.58333333333
4.91666666667
2.57627118644
1.05
1.35
1.46666666667
3.05
2.32203389831
2.63333333333
2.43333333333
3.38333333333
4.5
3.7
0.915254237288
3.06666666667
2.66666666667
3.38333333333
3.86666666667
5.52542372881
4.23333333333
5.68333333333
2.36666666667
5.46666666667
5.16949152542
1.58333333333
--END OF 11--
0.0
0.203389830508
0.166666666667
0.0
0.466666666667
0.333333333333
0.542372881356
0.2
0.4
0.0
0.5
0.0
0.728813559322
0.9
0.266666666667
0.65
0.2
0.233333333333
2.06779661017
1.35
0.116666666667
0.166666666667
0.0
0.9
0.666666666667
0.5
0.3
0.166666666667
0.338983050847
0.266666666667
1.13333333333
0.0
0.05
0.966101694915
1.26666666667
0.883333333333
0.116666666667
0.71186440678
0.133333333333
0.166666666667
0.0666666666667
1.9
0.338983050847
0.683333333333
0.483333333333
0.466666666667
0.2
0.3
0.0
0.0833333333333
0.116666666667
0.166666666667
0.5
0.593220338983
0.75
0.333333333333
1.18333333333
1.3
0.881355932203
0.45
--END OF 12--
