10.3
9.43333333333
9.26666666667
10.8
10.8813559322
10.8
10.95
11.1
10.7
11.05
11.1
10.4237288136
10.7
10.7833333333
11.05
10.8166666667
9.96666666667
11.3389830508
11.3333333333
10.1666666667
10.7333333333
10.4166666667
10.8474576271
10.2833333333
10.45
9.38333333333
10.9333333333
10.4
9.47457627119
10.3166666667
10.7
10.0
9.05
10.0
9.81355932203
9.98333333333
9.95
10.6
10.9
10.6166666667
10.3559322034
9.73333333333
11.0833333333
10.6
10.0833333333
11.95
9.86440677966
10.2333333333
10.2333333333
9.9
10.5833333333
10.2372881356
10.8
10.3333333333
10.5
10.2833333333
9.93333333333
9.93220338983
10.3
10.1228070175
--END OF 1--
14.0
12.3
12.25
13.5166666667
14.1186440678
14.3
15.25
15.0
14.6
14.95
14.25
14.3220338983
14.0
14.35
14.6333333333
13.7166666667
13.4333333333
14.593220339
15.25
13.35
13.35
14.1
14.2542372881
13.5833333333
13.6
12.8833333333
14.3333333333
13.95
12.7288135593
13.7666666667
13.9833333333
12.8666666667
12.35
13.1333333333
13.6440677966
13.2333333333
13.0833333333
13.1
13.8166666667
13.0666666667
13.813559322
13.5333333333
13.3833333333
13.1
12.6833333333
14.2
13.3050847458
13.6166666667
13.2166666667
12.1
13.25
12.7627118644
13.85
13.9833333333
14.0833333333
13.1333333333
13.0833333333
13.2372881356
13.3
12.8771929825
--END OF 2--
14.2833333333
12.3
12.7
14.1166666667
14.5254237288
15.6
15.6
15.9
15.0
15.2
14.55
14.6779661017
14.65
14.65
14.6833333333
14.1666666667
14.0666666667
14.6610169492
15.6833333333
13.8666666667
13.5
14.9666666667
15.2033898305
14.2333333333
13.8
13.2333333333
14.3833333333
14.7
12.9830508475
14.45
15.4166666667
13.2
13.3333333333
14.3333333333
14.1525423729
13.55
13.0833333333
13.4
14.0333333333
13.15
14.0169491525
14.4333333333
13.7333333333
13.9
13.4833333333
15.55
13.6440677966
14.3833333333
13.5
12.2166666667
13.8333333333
13.3898305085
14.5666666667
14.8833333333
14.4666666667
13.45
14.0833333333
14.7457627119
13.6
13.2631578947
--END OF 3--
10.3
9.43333333333
9.26666666667
10.8
10.8813559322
10.8
10.95
11.1
10.7
11.05
11.1
10.4237288136
10.7
10.7833333333
11.05
10.8166666667
9.96666666667
11.3389830508
11.3333333333
10.1666666667
10.7333333333
10.4166666667
10.8474576271
10.2833333333
10.45
9.38333333333
10.9333333333
10.4
9.47457627119
10.3166666667
10.7
10.0
9.05
10.0
9.81355932203
9.98333333333
9.95
10.6
10.9
10.6166666667
10.3559322034
9.73333333333
11.0833333333
10.6
10.0833333333
11.95
9.86440677966
10.2333333333
10.2333333333
9.9
10.5833333333
10.2372881356
10.8
10.3333333333
10.5
10.2833333333
9.93333333333
9.93220338983
10.3
10.1228070175
--END OF 4--
14.0
12.3
12.25
13.5166666667
14.1186440678
14.3
15.25
15.0
14.6
14.95
14.25
14.3220338983
14.0
14.35
14.6333333333
13.7166666667
13.4333333333
14.593220339
15.25
13.35
13.35
14.1
14.2542372881
13.5833333333
13.6
12.8833333333
14.3333333333
13.95
12.7288135593
13.7666666667
13.9833333333
12.8666666667
12.35
13.1333333333
13.6440677966
13.2333333333
13.0833333333
13.1
13.8166666667
13.0666666667
13.813559322
13.5333333333
13.3833333333
13.1
12.6833333333
14.2
13.3050847458
13.6166666667
13.2166666667
12.1
13.25
12.7627118644
13.85
13.9833333333
14.0833333333
13.1333333333
13.0833333333
13.2372881356
13.3
12.8771929825
--END OF 5--
14.2833333333
12.3
12.7
14.1166666667
14.5254237288
15.6
15.6
15.9
15.0
15.2
14.55
14.6779661017
14.65
14.65
14.6833333333
14.1666666667
14.0666666667
14.6610169492
15.6833333333
13.8666666667
13.5
14.9666666667
15.2033898305
14.2333333333
13.8
13.2333333333
14.3833333333
14.7
12.9830508475
14.45
15.4166666667
13.2
13.3333333333
14.3333333333
14.1525423729
13.55
13.0833333333
13.4
14.0333333333
13.15
14.0169491525
14.4333333333
13.7333333333
13.9
13.4833333333
15.55
13.6440677966
14.3833333333
13.5
12.2166666667
13.8333333333
13.3898305085
14.5666666667
14.8833333333
14.4666666667
13.45
14.0833333333
14.7457627119
13.6
13.2631578947
--END OF 6--
2177.15
1995.05
1899.25
1995.15
2109.0
2133.6
2201.55
2200.65
2147.7
2170.05
2142.0
2131.72881356
2203.05
2232.75
2117.4
2175.65
2029.85
2152.22033898
2250.65
1995.3
2128.9
2126.85
2132.18644068
2126.4
2159.4
1946.25
2142.15
2088.15
1992.50847458
2076.25
2092.25
2018.55
1958.1
1972.75
1960.57627119
2040.7
1971.7
2114.3
2177.05
2137.15
2046.0
2046.15
2099.55
2093.4
2012.85
2188.5
2006.6440678
1985.45
2018.75
1996.45
2060.1
2089.6779661
2139.55
2069.35
2086.1
2055.2
2002.05
2027.6440678
2098.2
2087.36842105
--END OF 7--
587.933333333
542.333333333
537.416666667
569.083333333
588.694915254
581.45
606.85
591.75
589.3
589.75
590.4
582.762711864
617.716666667
613.033333333
594.233333333
581.083333333
549.45
605.898305085
620.566666667
552.566666667
578.3
592.233333333
590.355932203
572.15
581.75
540.55
581.3
565.0
534.745762712
566.8
580.133333333
555.516666667
541.266666667
545.6
549.0
548.466666667
542.266666667
562.0
591.75
583.983333333
571.559322034
554.55
566.3
562.9
539.8
615.15
546.847457627
542.983333333
538.133333333
533.85
568.166666667
566.525423729
583.216666667
564.65
571.0
552.45
544.716666667
557.13559322
566.3
554.228070175
--END OF 8--
73.2666666667
56.25
69.15
68.25
64.5423728814
79.2
79.25
84.55
71.15
82.9
72.75
77.406779661
67.2
75.25
70.4
75.9333333333
71.85
66.0
80.0666666667
73.1833333333
57.6
77.2666666667
76.6610169492
67.3
66.7
71.25
72.15
79.55
60.1016949153
71.4
62.15
66.2166666667
66.6833333333
82.0333333333
77.593220339
70.6833333333
62.9833333333
52.7166666667
63.3333333333
67.0166666667
68.2711864407
77.7
68.45
69.95
53.85
60.35
70.9491525424
77.4166666667
72.5
66.9666666667
68.6666666667
60.6440677966
62.0666666667
67.1333333333
75.0833333333
55.35
74.2166666667
67.3559322034
66.15
69.5789473684
--END OF 9--
3.68333333333
2.55
2.1
2.03333333333
2.69491525424
5.85
4.55
5.0
6.2
4.05
2.15
3.83050847458
3.75
2.9
2.6
1.78333333333
3.03333333333
3.13559322034
2.1
2.5
1.08333333333
5.33333333333
5.10169491525
3.4
2.4
4.75
2.3
3.6
2.10169491525
4.25
7.03333333333
2.56666666667
4.5
2.76666666667
3.13559322034
2.51666666667
1.65
1.98333333333
2.98333333333
0.883333333333
2.96610169492
3.4
1.25
1.85
4.3
2.4
1.16949152542
6.03333333333
1.96666666667
1.23333333333
2.98333333333
1.91525423729
3.95
6.03333333333
2.28333333333
3.51666666667
2.45
3.96610169492
1.4
1.54385964912
--END OF 10--
0.233333333333
0.0166666666667
0.983333333333
0.816666666667
0.796610169492
2.4
0.5
0.5
0.4
0.6
0.6
0.64406779661
0.95
1.1
0.216666666667
0.433333333333
0.45
0.118644067797
0.366666666667
0.55
0.25
1.05
1.61016949153
1.2
0.5
0.65
0.35
1.1
0.406779661017
0.733333333333
1.65
0.45
1.2
1.45
0.610169491525
0.416666666667
0.0
0.5
0.316666666667
0.183333333333
0.0
1.5
0.65
1.05
1.1
2.15
0.593220338983
0.466666666667
0.783333333333
0.216666666667
1.06666666667
0.915254237288
1.05
1.51666666667
0.666666666667
0.566666666667
1.25
1.66101694915
0.4
0.80701754386
--END OF 11--
0.0
0.0
0.0
0.5
0.101694915254
0.9
0.0
0.0
0.0
0.0
0.0
0.0
0.0
0.0
0.0
0.0
0.383333333333
0.118644067797
0.0
0.0
0.0
0.0
0.0
0.0
0.0
0.0
0.0
0.0
0.0
0.5
0.383333333333
0.116666666667
0.0
0.0
0.0
0.0
0.0
0.0
0.0
0.0
0.0
0.35
0.3
0.55
0.4
0.4
0.0338983050847
0.466666666667
0.0
0.0
0.0
0.0
0.516666666667
0.483333333333
0.0
0.0
0.0
0.966101694915
0.05
0.0
--END OF 12--
