17.55
16.0833333333
16.4166666667
17.4237288136
17.2166666667
18.5333333333
17.5166666667
17.5666666667
17.7333333333
17.2881355932
17.7
17.15
17.6166666667
18.2
16.0833333333
16.5423728814
16.3666666667
17.0
17.3833333333
17.7333333333
16.9666666667
16.593220339
17.6333333333
17.3833333333
17.2333333333
17.6833333333
17.5593220339
17.6666666667
16.75
17.7333333333
16.5666666667
17.3333333333
18.1694915254
18.6666666667
18.0
17.4833333333
19.25
18.4333333333
16.5423728814
17.25
17.2
18.4333333333
17.9666666667
17.7
18.6271186441
18.35
17.7
17.6
19.0166666667
18.9830508475
17.6
18.6
18.25
18.95
18.6610169492
18.35
19.05
18.05
18.0333333333
18.3018867925
--END OF 1--
24.3166666667
24.0
25.85
26.1694915254
26.3833333333
25.9333333333
25.6
27.3166666667
25.8666666667
25.5423728814
25.1
24.5
26.6333333333
26.4
23.6833333333
25.1186440678
25.7666666667
26.5
26.2666666667
26.7666666667
25.1666666667
26.0338983051
24.6
25.4833333333
25.4666666667
25.3166666667
26.9322033898
26.1
26.0333333333
25.8833333333
23.8166666667
26.6666666667
26.3389830508
27.6666666667
25.4166666667
26.1833333333
28.3166666667
28.3833333333
26.3050847458
26.55
26.9166666667
27.35
26.1
26.1166666667
26.3050847458
25.35
26.9833333333
26.9166666667
28.5166666667
27.8305084746
28.35
28.7
27.65
27.9
25.8644067797
27.2166666667
29.4166666667
28.25
26.9166666667
25.8679245283
--END OF 2--
26.2833333333
24.6
26.8333333333
27.7288135593
27.7333333333
26.5666666667
27.5166666667
28.7833333333
26.85
26.3050847458
26.3
26.0
28.4166666667
28.8
25.4333333333
26.8813559322
28.0666666667
27.6666666667
27.7833333333
27.6666666667
26.25
27.3220338983
25.6333333333
27.6333333333
26.5166666667
26.0833333333
28.5762711864
27.5
26.35
26.9833333333
24.35
27.7333333333
26.8305084746
28.7666666667
26.3666666667
27.0333333333
29.5833333333
29.8
28.3559322034
27.8
27.3833333333
29.0666666667
26.8166666667
26.35
27.4237288136
25.65
27.6
27.4833333333
29.5833333333
29.7627118644
29.6
30.55
28.9666666667
28.85
26.8983050847
29.2166666667
30.35
29.9333333333
27.8666666667
27.4150943396
--END OF 3--
17.55
16.0833333333
16.4166666667
17.4237288136
17.2166666667
18.5333333333
17.5166666667
17.5666666667
17.7333333333
17.2881355932
17.7
17.15
17.6166666667
18.2
16.0833333333
16.5423728814
16.3666666667
17.0
17.3833333333
17.7333333333
16.9666666667
16.593220339
17.6333333333
17.3833333333
17.2333333333
17.6833333333
17.5593220339
17.6666666667
16.75
17.7333333333
16.5666666667
17.3333333333
18.1694915254
18.6666666667
18.0
17.4833333333
19.1
18.4333333333
16.5423728814
17.25
17.2
18.4333333333
17.9666666667
17.7
18.6271186441
18.35
17.6666666667
17.6
18.95
18.9322033898
17.6
18.4333333333
18.25
18.85
18.6610169492
18.35
19.0
18.05
17.9666666667
18.3018867925
--END OF 4--
24.3166666667
24.0
25.85
26.1694915254
26.3833333333
25.9333333333
25.6
27.3166666667
25.8666666667
25.5423728814
25.1
24.5
26.6166666667
26.4
23.6833333333
25.1186440678
25.7666666667
26.5
26.2666666667
26.7666666667
25.1666666667
26.0338983051
24.6
25.4833333333
25.4666666667
25.3166666667
26.9322033898
26.1
26.0333333333
25.8833333333
23.8166666667
26.6666666667
26.3389830508
27.6666666667
25.4166666667
26.1833333333
28.3166666667
28.2833333333
26.2542372881
26.55
26.9166666667
27.35
26.1
26.1166666667
26.3050847458
25.35
26.9
26.9166666667
28.2833333333
27.6949152542
28.3
28.4833333333
27.65
27.9
25.8644067797
27.2166666667
29.1166666667
28.25
26.9166666667
25.8679245283
--END OF 5--
26.2833333333
24.6
26.8333333333
27.7288135593
27.7333333333
26.5666666667
27.5166666667
28.7833333333
26.85
26.3050847458
26.3
26.0
28.4166666667
28.8
25.4333333333
26.8813559322
28.0666666667
27.6666666667
27.7833333333
27.6666666667
26.25
27.3220338983
25.6333333333
27.6333333333
26.5166666667
26.0833333333
28.5762711864
27.5
26.35
26.9833333333
24.35
27.7333333333
26.8305084746
28.7666666667
26.3666666667
27.0333333333
29.5833333333
29.8
28.3559322034
27.8
27.3833333333
29.0666666667
26.8166666667
26.35
27.4237288136
25.65
27.6
27.4833333333
29.5833333333
29.7627118644
29.6
30.55
28.9666666667
28.85
26.8983050847
29.2166666667
30.35
29.9333333333
27.8666666667
27.4150943396
--END OF 6--
3201.9
3039.5
3148.9
3309.20338983
3331.65
3371.25
3237.2
3360.7
3430.7
3356.69491525
3332.1
3192.45
3359.75
3447.9
3066.15
3148.52542373
3190.65
3230.5
3234.95
3260.2
3239.25
3139.22033898
3233.25
3319.75
3183.95
3342.95
3354.76271186
3264.35
3206.1
3397.8
3129.25
3438.35
3401.59322034
3491.65
3321.5
3204.3
3586.5
3513.7
3235.22033898
3329.2
3261.05
3420.95
3285.0
3327.85
3418.42372881
3289.5
3357.1
3352.85
3458.8
3535.22033898
3446.45
3510.95
3451.0
3480.7
3508.88135593
3491.3
3603.85
3338.55
3314.55
3294.05660377
--END OF 7--
897.466666667
839.966666667
891.733333333
920.016949153
940.266666667
949.583333333
920.683333333
964.8
952.483333333
929.169491525
929.45
894.15
943.716666667
972.0
864.65
902.423728814
910.266666667
901.533333333
920.65
924.55
908.15
890.644067797
926.716666667
927.616666667
897.616666667
932.183333333
929.372881356
919.1
896.966666667
936.3
866.4
932.9
936.86440678
977.9
934.616666667
906.266666667
992.516666667
986.366666667
917.762711864
923.05
913.283333333
960.533333333
924.566666667
933.433333333
965.762711864
924.35
947.8
947.716666667
989.85
992.423728814
961.616666667
989.616666667
977.75
989.483333333
974.86440678
988.05
1011.05
952.9
949.766666667
931.716981132
--END OF 8--
151.616666667
162.183333333
159.233333333
173.728813559
186.316666667
165.083333333
160.183333333
181.033333333
153.25
161.186440678
161.65
153.7
174.966666667
154.05
162.1
167.033898305
171.333333333
178.633333333
176.016666667
176.133333333
149.133333333
163.813559322
153.033333333
160.55
161.816666667
159.916666667
180.796610169
173.4
173.166666667
176.2
157.983333333
180.1
168.711864407
171.166666667
145.6
175.133333333
169.65
187.9
182.322033898
166.516666667
192.566666667
171.466666667
159.75
167.183333333
167.016949153
157.85
177.033333333
171.383333333
183.066666667
175.322033898
197.916666667
192.066666667
177.466666667
181.816666667
154.610169492
166.616666667
191.65
180.083333333
162.05
160.226415094
--END OF 9--
6.41666666667
6.55
10.85
8.64406779661
8.1
6.75
10.8666666667
9.35
8.38333333333
10.3220338983
6.05
7.6
10.6
12.45
7.8
10.1694915254
11.0
8.36666666667
9.93333333333
10.45
7.11666666667
9.49152542373
4.5
9.71666666667
8.51666666667
5.88333333333
9.81355932203
8.68333333333
6.26666666667
6.05
3.5
6.76666666667
7.5593220339
7.68333333333
6.5
9.76666666667
12.5666666667
12.35
10.5762711864
11.3333333333
8.15
10.0333333333
6.11666666667
4.56666666667
5.45762711864
4.65
8.48333333333
7.85
7.81666666667
9.86440677966
13.3
11.35
11.5666666667
9.76666666667
8.27118644068
15.8333333333
10.8833333333
13.35
10.15
7.84905660377
--END OF 10--
2.13333333333
0.75
1.31666666667
2.50847457627
2.46666666667
1.05
2.26666666667
2.3
1.0
1.40677966102
1.05
2.55
1.98333333333
3.15
2.35
2.22033898305
2.58333333333
1.71666666667
1.8
1.31666666667
1.4
1.13559322034
1.2
3.45
1.26666666667
1.13333333333
1.37288135593
1.45
0.0833333333333
1.35
0.566666666667
1.35
0.694915254237
1.18333333333
1.46666666667
1.1
1.9
2.26666666667
3.22033898305
1.95
0.516666666667
2.71666666667
1.15
0.4
1.5593220339
0.8
0.566666666667
0.8
1.71666666667
2.77966101695
1.48333333333
2.35
1.31666666667
1.48333333333
1.03389830508
2.58333333333
1.48333333333
2.85
1.75
1.58490566038
--END OF 11--
0.466666666667
0.0
0.0
0.0
0.0
0.0
0.4
0.683333333333
0.983333333333
0.0
0.0
0.55
0.55
0.4
0.95
0.661016949153
0.683333333333
0.683333333333
0.483333333333
0.216666666667
0.0
1.01694915254
0.0
0.2
0.5
0.116666666667
0.762711864407
0.0
0.0
0.45
0.466666666667
0.65
0.389830508475
0.283333333333
0.0
0.0
0.5
0.0
0.745762711864
0.0333333333333
0.0
0.666666666667
0.0
0.0
0.203389830508
0.0
0.0
0.3
0.433333333333
0.169491525424
0.483333333333
1.28333333333
0.266666666667
0.0
0.0
1.0
0.0
0.0
0.433333333333
0.0377358490566
--END OF 12--
