13.2542372881
12.65
13.35
13.15
13.3
13.0333333333
12.3559322034
12.6666666667
12.0333333333
12.8666666667
13.15
13.7
13.4406779661
12.8333333333
13.2
12.9833333333
13.3
12.9333333333
12.3559322034
13.4
13.1833333333
13.2166666667
12.5333333333
12.4237288136
11.9166666667
12.6333333333
11.6666666667
12.2666666667
13.593220339
12.0666666667
13.1833333333
13.3833333333
13.35
12.75
13.2711864407
12.3833333333
13.0
13.0333333333
13.7
13.7966101695
13.2166666667
12.35
12.5
13.1666666667
12.6666666667
12.1525423729
12.2166666667
13.5
13.4
12.9322033898
14.05
13.7666666667
12.8666666667
13.35
12.4237288136
13.1833333333
12.8
13.3666666667
13.6833333333
12.8596491228
--END OF 1--
17.6610169492
17.45
19.1
17.35
18.25
17.7333333333
17.2881355932
18.6666666667
18.25
18.15
18.5666666667
19.7833333333
19.3728813559
17.7333333333
17.3
18.7333333333
18.3166666667
18.1333333333
16.9491525424
18.45
19.1
18.1666666667
17.0333333333
16.6779661017
17.9833333333
17.9666666667
17.7166666667
17.0833333333
19.3050847458
17.4833333333
18.3666666667
18.4
17.9166666667
17.8833333333
18.7457627119
17.2333333333
18.2
17.7333333333
18.5
20.0338983051
18.2
17.9166666667
16.8166666667
17.8666666667
17.9333333333
16.9491525424
16.3166666667
17.9833333333
18.6
18.2542372881
19.7
19.3166666667
18.3666666667
17.6
17.813559322
18.5
17.0666666667
18.3
19.35
17.8947368421
--END OF 2--
18.2711864407
18.45
19.95
17.75
19.3
18.8833333333
17.3898305085
19.75
18.9166666667
18.15
19.15
20.2833333333
20.5593220339
19.5333333333
19.6666666667
19.4333333333
18.4666666667
19.7166666667
17.4406779661
19.0
19.8166666667
19.2666666667
17.6833333333
17.813559322
18.15
18.7666666667
18.5333333333
17.6333333333
19.9830508475
18.55
19.2
19.3666666667
18.5333333333
18.3666666667
20.2033898305
17.9333333333
19.0
18.3833333333
19.65
20.8305084746
19.6333333333
18.4666666667
17.9833333333
19.05
18.75
17.9152542373
16.45
18.5833333333
19.3166666667
18.6779661017
20.75
20.5666666667
18.5666666667
18.8
18.5593220339
19.9666666667
17.7
18.35
20.5833333333
18.4561403509
--END OF 3--
13.2542372881
12.65
13.35
13.15
13.3
13.0333333333
12.3559322034
12.6666666667
12.0333333333
12.8666666667
13.15
13.7
13.4406779661
12.8333333333
13.2
12.9833333333
13.3
12.9333333333
12.3559322034
13.4
13.1833333333
13.2166666667
12.5333333333
12.4237288136
11.9166666667
12.6333333333
11.6666666667
12.2666666667
13.593220339
12.0666666667
13.1833333333
13.3833333333
13.35
12.75
13.2711864407
12.3833333333
13.0
13.0333333333
13.7
13.7966101695
13.2166666667
12.35
12.5
13.1666666667
12.6666666667
12.1525423729
12.2166666667
13.5
13.4
12.9322033898
14.05
13.7666666667
12.8666666667
13.35
12.4237288136
13.1833333333
12.8
13.3666666667
13.6833333333
12.8596491228
--END OF 4--
17.6610169492
17.45
19.1
17.35
18.25
17.7333333333
17.2881355932
18.6666666667
18.25
18.15
18.5666666667
19.7833333333
19.3728813559
17.7333333333
17.3
18.7333333333
18.3166666667
18.1333333333
16.9491525424
18.45
19.1
18.1666666667
17.0333333333
16.6779661017
17.9833333333
17.9666666667
17.7166666667
17.0833333333
19.3050847458
17.4833333333
18.3666666667
18.4
17.9166666667
17.8833333333
18.7457627119
17.2333333333
18.2
17.7333333333
18.5
20.0338983051
18.2
17.9166666667
16.8166666667
17.8666666667
17.9333333333
16.9491525424
16.3166666667
17.9833333333
18.6
18.2542372881
19.7
19.3166666667
18.3666666667
17.6
17.813559322
18.5
17.0666666667
18.3
19.35
17.8947368421
--END OF 5--
18.2711864407
18.45
19.95
17.75
19.3
18.8833333333
17.3898305085
19.75
18.9166666667
18.15
19.15
20.2833333333
20.5593220339
19.5333333333
19.6666666667
19.4333333333
18.4666666667
19.7166666667
17.4406779661
19.0
19.8166666667
19.2666666667
17.6833333333
17.813559322
18.15
18.7666666667
18.5333333333
17.6333333333
19.9830508475
18.55
19.2
19.3666666667
18.5333333333
18.3666666667
20.2033898305
17.9333333333
19.0
18.3833333333
19.65
20.8305084746
19.6333333333
18.4666666667
17.9833333333
19.05
18.75
17.9152542373
16.45
18.5833333333
19.3166666667
18.6779661017
20.75
20.5666666667
18.5666666667
18.8
18.5593220339
19.9666666667
17.7
18.35
20.5833333333
18.4561403509
--END OF 6--
2525.94915254
2523.3
2543.7
2502.3
2420.4
2432.1
2434.83050847
2491.25
2374.15
2509.7
2675.05
2586.0
2632.01694915
2445.5
2398.05
2406.6
2501.2
2395.4
2320.57627119
2496.15
2592.65
2409.3
2386.35
2515.62711864
2357.1
2383.85
2450.8
2345.2
2526.76271186
2359.25
2506.3
2532.1
2482.9
2443.9
2505.76271186
2379.9
2444.1
2458.95
2565.6
2622.66101695
2529.35
2435.65
2298.7
2432.9
2448.7
2347.57627119
2416.7
2587.6
2499.7
2503.3220339
2682.15
2627.85
2440.2
2448.45
2415.50847458
2472.6
2419.2
2513.45
2541.6
2387.0
--END OF 7--
702.559322034
691.35
710.05
679.3
684.75
682.9
682.661016949
691.65
657.916666667
691.75
716.55
712.4
718.711864407
689.216666667
683.483333333
695.2
700.1
684.583333333
652.966101695
707.55
719.016666667
687.55
682.85
689.898305085
667.283333333
676.333333333
673.55
654.216666667
714.915254237
661.283333333
709.366666667
715.816666667
706.3
685.6
711.406779661
672.35
684.2
689.55
722.75
739.86440678
705.383333333
671.266666667
648.2
681.633333333
678.65
644.728813559
643.216666667
713.616666667
720.133333333
694.288135593
755.65
737.95
701.9
694.15
668.169491525
702.25
680.466666667
707.7
729.5
678.701754386
--END OF 8--
89.1525423729
91.35
118.5
93.25
99.4
93.95
97.6101694915
113.983333333
121.216666667
102.933333333
103.5
118.416666667
118.745762712
100.05
90.9333333333
102.733333333
104.233333333
106.45
89.186440678
99.9
113.5
105.75
98.3
97.3050847458
103.233333333
100.7
120.216666667
108.066666667
115.949152542
106.483333333
97.5
110.6
103.833333333
108.833333333
109.881355932
103.2
111.75
100.4
98.15
120.559322034
91.6
102.566666667
104.416666667
98.8
106.366666667
101.644067797
101.25
100.533333333
109.433333333
109.779661017
127.6
123.2
111.95
103.95
110.322033898
111.716666667
96.3833333333
108.35
126.466666667
110.614035088
--END OF 9--
4.22033898305
5.05
5.4
3.0
8.3
7.35
4.16949152542
7.35
6.5
4.26666666667
4.38333333333
7.26666666667
7.22033898305
7.08333333333
9.3
5.0
4.0
6.81666666667
2.91525423729
4.85
6.68333333333
7.2
3.85
3.93220338983
8.35
5.55
4.51666666667
3.63333333333
5.01694915254
4.91666666667
6.98333333333
4.45
2.83333333333
2.81666666667
6.64406779661
3.0
3.85
4.0
6.45
6.94915254237
7.7
6.53333333333
3.66666666667
4.73333333333
6.1
4.23728813559
1.85
2.8
4.41666666667
4.69491525424
5.5
6.15
3.45
3.3
3.33898305085
4.75
2.41666666667
2.16666666667
6.9
5.47368421053
--END OF 10--
1.15254237288
1.55
1.25
0.4
1.25
1.95
0.0847457627119
1.2
0.716666666667
0.0
0.933333333333
0.0666666666667
1.69491525424
2.33333333333
2.81666666667
1.1
0.2
2.41666666667
0.440677966102
0.25
1.0
1.65
1.0
0.508474576271
0.0333333333333
0.966666666667
1.28333333333
0.966666666667
0.949152542373
2.0
1.2
1.41666666667
1.06666666667
0.816666666667
2.06779661017
1.1
0.85
1.0
1.5
0.728813559322
0.816666666667
0.266666666667
2.0
2.0
0.75
1.64406779661
0.133333333333
1.0
1.03333333333
0.847457627119
1.9
1.6
0.5
1.5
1.06779661017
2.26666666667
0.95
0.0
1.51666666667
1.10526315789
--END OF 11--
0.0
0.0
0.0
0.0
0.0
0.0
0.0
0.283333333333
0.216666666667
0.0
0.0
0.0
0.118644067797
0.383333333333
0.0
0.0
0.116666666667
0.316666666667
0.440677966102
0.25
0.25
0.0
0.0
0.0
0.0
0.0
0.0
0.0
0.508474576271
0.0166666666667
0.483333333333
0.0
0.0
0.0
0.0
0.0
0.0
0.0
0.0
0.0
0.0
0.0
0.233333333333
0.266666666667
0.0
0.372881355932
0.133333333333
0.0
0.0
0.0
0.1
1.4
0.0
0.3
0.203389830508
1.43333333333
0.0666666666667
0.0
0.0
0.0
--END OF 12--
