16.8
15.2033898305
16.9166666667
16.9666666667
17.0333333333
15.8166666667
15.5666666667
16.4745762712
17.1333333333
16.3166666667
16.9833333333
16.85
17.0833333333
17.406779661
17.2333333333
17.05
16.0166666667
17.0
17.0338983051
16.9
17.75
15.2666666667
16.85
16.0169491525
16.4333333333
14.7
15.4833333333
16.6166666667
16.8983050847
15.9333333333
16.2666666667
16.9833333333
16.8166666667
16.3220338983
16.0666666667
16.2833333333
16.3166666667
16.15
16.3050847458
16.5333333333
16.3166666667
17.1
17.1
15.9830508475
15.8333333333
16.0
15.9833333333
16.5666666667
16.406779661
16.1
15.9833333333
16.6
16.3333333333
15.4406779661
15.8333333333
16.6
15.6333333333
16.4666666667
15.5084745763
16.275862069
--END OF 1--
22.9833333333
23.4745762712
23.0666666667
23.6666666667
23.85
22.8833333333
23.3
23.3728813559
24.2166666667
23.1333333333
24.1
23.4
24.5333333333
24.9661016949
23.1833333333
24.5833333333
22.5833333333
23.0166666667
23.6101694915
24.3
26.35
23.0
23.3
22.2203389831
24.1333333333
24.3166666667
22.6
23.2166666667
22.7627118644
23.2
24.5666666667
24.75
23.6333333333
23.0847457627
23.9
23.7333333333
22.2666666667
23.35
23.3050847458
23.7333333333
24.95
25.0
24.45
23.2542372881
23.7166666667
22.1833333333
23.3333333333
24.3666666667
24.8305084746
23.0333333333
22.9666666667
25.1833333333
23.4
22.0508474576
23.3333333333
23.45
22.7833333333
23.5666666667
23.2203389831
24.0862068966
--END OF 2--
23.4666666667
25.2033898305
24.2
24.4
25.6666666667
23.7333333333
25.0833333333
23.8813559322
25.1833333333
24.1833333333
25.2166666667
23.6
25.2333333333
26.3389830508
24.0
25.3166666667
22.65
24.4
24.6610169492
25.9666666667
27.9333333333
23.5666666667
24.05
23.8305084746
26.0833333333
24.4166666667
23.25
24.35
23.7627118644
23.85
25.5666666667
25.5166666667
24.4
23.9322033898
25.3
24.1333333333
22.5166666667
23.9
24.1186440678
24.5333333333
25.6833333333
26.0333333333
25.0
23.3559322034
24.9666666667
23.5333333333
24.3166666667
25.05
25.5084745763
23.3166666667
23.65
26.0
24.6
22.6440677966
23.9333333333
24.05
24.0333333333
24.6333333333
25.5254237288
24.3965517241
--END OF 3--
16.8
15.2033898305
16.9166666667
16.9666666667
17.0333333333
15.8166666667
15.5666666667
16.4745762712
17.1333333333
16.3166666667
16.9833333333
16.85
17.0833333333
17.406779661
17.2333333333
17.05
16.0166666667
17.0
17.0338983051
16.9
17.75
15.2666666667
16.85
16.0169491525
16.4333333333
14.7
15.4833333333
16.6166666667
16.8983050847
15.9333333333
16.2666666667
16.9833333333
16.8166666667
16.3220338983
16.0666666667
16.2833333333
16.3166666667
16.15
16.3050847458
16.5333333333
16.3166666667
17.1
17.1
15.9830508475
15.8333333333
16.0
15.9833333333
16.5666666667
16.406779661
16.1
15.9833333333
16.6
16.3333333333
15.4406779661
15.8333333333
16.6
15.6333333333
16.4666666667
15.5084745763
16.275862069
--END OF 4--
22.9833333333
23.4745762712
23.0666666667
23.6666666667
23.85
22.8833333333
23.3
23.3728813559
24.2166666667
23.1333333333
24.1
23.4
24.5333333333
24.9661016949
23.1833333333
24.5833333333
22.5833333333
23.0166666667
23.6101694915
24.3
26.35
23.0
23.3
22.2203389831
24.1333333333
24.3166666667
22.6
23.2166666667
22.7627118644
23.2
24.5666666667
24.75
23.6333333333
23.0847457627
23.9
23.7333333333
22.2666666667
23.35
23.3050847458
23.7333333333
24.95
25.0
24.45
23.2542372881
23.7166666667
22.1833333333
23.3333333333
24.3666666667
24.8305084746
23.0333333333
22.9666666667
25.1833333333
23.4
22.0508474576
23.3333333333
23.45
22.7833333333
23.5666666667
23.2203389831
24.0862068966
--END OF 5--
23.4666666667
25.2033898305
24.2
24.4
25.6666666667
23.7333333333
25.0833333333
23.8813559322
25.1833333333
24.1833333333
25.2166666667
23.6
25.2333333333
26.3389830508
24.0
25.3166666667
22.65
24.4
24.6610169492
25.9666666667
27.9333333333
23.5666666667
24.05
23.8305084746
26.0833333333
24.4166666667
23.25
24.35
23.7627118644
23.85
25.5666666667
25.5166666667
24.4
23.9322033898
25.3
24.1333333333
22.5166666667
23.9
24.1186440678
24.5333333333
25.6833333333
26.0333333333
25.0
23.3559322034
24.9666666667
23.5333333333
24.3166666667
25.05
25.5084745763
23.3166666667
23.65
26.0
24.6
22.6440677966
23.9333333333
24.05
24.0333333333
24.6333333333
25.5254237288
24.3965517241
--END OF 6--
3156.3
3041.59322034
3086.45
3102.35
3126.0
2998.65
2954.7
3101.79661017
3162.95
3070.65
3271.8
3105.15
3064.65
3212.28813559
3136.45
3259.65
3064.9
3155.6
3187.98305085
3145.85
3234.7
2978.0
3050.0
2955.3559322
3059.55
2965.0
3051.45
3133.95
3104.69491525
3027.75
3178.7
3141.1
3138.95
3046.22033898
3097.0
3032.45
3009.15
3078.05
3093.50847458
3065.4
3084.15
3161.5
3161.4
2985.45762712
2982.1
2928.55
2931.7
3087.45
3131.23728814
3111.85
2998.95
3122.6
3075.4
2905.57627119
2968.8
3135.15
3018.15
3083.35
3008.89830508
3159.10344828
--END OF 7--
904.016666667
859.254237288
863.95
875.216666667
879.916666667
843.783333333
836.716666667
869.271186441
881.2
842.816666667
923.15
860.9
855.85
905.610169492
887.083333333
900.833333333
852.833333333
889.916666667
886.677966102
886.316666667
914.366666667
827.183333333
866.55
825.949152542
872.25
849.416666667
853.15
875.233333333
869.491525424
844.333333333
878.2
884.433333333
878.183333333
853.898305085
851.55
840.95
827.216666667
849.65
849.576271186
857.45
870.9
890.766666667
891.95
852.101694915
835.3
828.733333333
827.8
869.483333333
870.101694915
864.283333333
837.166666667
878.95
863.45
817.93220339
829.65
871.9
859.3
881.45
849.644067797
885.224137931
--END OF 8--
156.583333333
149.694915254
134.966666667
152.15
143.55
137.316666667
148.35
136.966101695
157.05
143.433333333
152.15
133.55
150.9
150.237288136
121.983333333
146.966666667
137.733333333
133.466666667
139.847457627
152.616666667
174.533333333
141.566666667
148.933333333
144.745762712
151.65
152.8
156.05
143.366666667
136.661016949
156.966666667
157.433333333
159.4
137.383333333
133.050847458
152.916666667
159.8
130.416666667
161.866666667
142.152542373
150.35
163.65
165.933333333
156.5
152.711864407
156.083333333
131.45
149.666666667
153.9
168.271186441
133.066666667
142.216666667
171.966666667
147.383333333
139.576271186
147.95
148.65
145.9
146.616666667
155.745762712
157.655172414
--END OF 9--
3.1
10.1186440678
5.7
2.76666666667
8.26666666667
6.25
9.01666666667
5.61016949153
8.61666666667
6.95
3.88333333333
7.15
6.75
9.76271186441
7.25
6.26666666667
3.2
4.75
4.50847457627
5.91666666667
9.25
6.58333333333
5.3
5.45762711864
9.35
9.0
3.23333333333
5.06666666667
5.4406779661
3.01666666667
7.81666666667
6.11666666667
8.35
5.10169491525
6.06666666667
4.68333333333
4.8
5.45
4.35593220339
6.35
7.68333333333
5.6
4.35
1.67796610169
8.38333333333
7.36666666667
8.41666666667
8.9
8.08474576271
6.56666666667
6.3
8.16666666667
6.85
5.49152542373
7.3
6.95
6.6
8.33333333333
9.08474576271
4.86206896552
--END OF 10--
0.783333333333
2.94915254237
1.43333333333
1.38333333333
2.75
1.31666666667
1.93333333333
0.847457627119
1.28333333333
1.96666666667
1.3
0.15
1.15
2.05084745763
0.766666666667
1.31666666667
0.183333333333
1.83333333333
1.77966101695
2.06666666667
2.31666666667
0.866666666667
0.7
2.93220338983
2.95
0.6
1.0
1.68333333333
0.881355932203
0.816666666667
1.45
1.08333333333
1.48333333333
1.40677966102
2.0
0.5
0.5
0.5
1.47457627119
1.55
0.933333333333
1.38333333333
0.8
0.152542372881
1.96666666667
1.86666666667
1.5
1.11666666667
1.08474576271
0.716666666667
0.5
0.7
1.85
0.949152542373
1.25
0.5
1.05
1.75
2.91525423729
0.51724137931
--END OF 11--
0.0
0.508474576271
0.0
0.0
0.0
0.566666666667
0.433333333333
0.0
0.0
0.0
0.0
0.0
0.0
0.0
0.0
0.0
0.0
0.5
0.508474576271
0.783333333333
0.183333333333
0.366666666667
0.633333333333
0.152542372881
1.35
0.0
0.0
0.533333333333
0.0
0.5
0.0
0.466666666667
0.0
0.0
0.5
0.0
0.0
0.0
0.0
0.0
0.0
0.233333333333
0.0
0.0
0.0
0.0
0.0
0.0
0.0
0.0
0.233333333333
0.0
0.316666666667
0.440677966102
0.25
0.0
0.0
0.85
1.03389830508
0.0
--END OF 12--
