10.2711864407
9.9
10.9333333333
10.7333333333
10.5833333333
9.53333333333
10.2372881356
10.7166666667
9.25
9.81666666667
10.4666666667
10.0
10.813559322
11.1
9.88333333333
9.9
10.3
9.96610169492
9.26666666667
10.6666666667
10.3333333333
9.43333333333
10.8305084746
10.35
10.9666666667
10.9833333333
9.93333333333
9.16666666667
9.57627118644
9.46666666667
9.28333333333
9.13333333333
9.1
9.69491525424
9.75
9.81666666667
9.71666666667
9.35
9.37288135593
10.0666666667
10.1833333333
9.93333333333
9.51666666667
10.5333333333
10.8644067797
10.35
9.33333333333
10.6666666667
9.71666666667
10.813559322
9.56666666667
9.31666666667
9.78333333333
9.45
9.77966101695
10.5
9.38333333333
9.7
9.48333333333
10.1379310345
--END OF 1--
14.2033898305
13.3666666667
14.4833333333
14.8666666667
14.6333333333
13.7
15.5762711864
14.4666666667
13.0833333333
13.8666666667
14.2833333333
14.25
15.4576271186
14.85
14.7333333333
14.1
13.9
13.1525423729
12.8666666667
14.6166666667
13.7
13.1333333333
14.2881355932
14.0333333333
14.8666666667
15.7833333333
13.85
13.55
13.8644067797
12.4666666667
13.6333333333
12.8833333333
12.5
12.0
13.6833333333
13.8
12.6
12.5333333333
11.813559322
14.5333333333
14.1333333333
13.6833333333
13.2
14.8666666667
14.5423728814
15.2
12.9833333333
13.8166666667
13.0666666667
13.9152542373
12.8
13.2666666667
12.7
13.3333333333
12.8983050847
13.6166666667
13.8333333333
13.4833333333
12.9166666667
14.8103448276
--END OF 2--
15.0338983051
13.75
14.5333333333
15.5166666667
14.6333333333
14.05
16.1186440678
14.4666666667
13.25
14.35
15.1666666667
14.9833333333
16.4915254237
15.8
15.2333333333
14.35
14.2
13.9491525424
13.3333333333
15.6333333333
14.7
13.6166666667
14.4406779661
14.5333333333
15.0833333333
16.4166666667
14.0
13.8166666667
14.6101694915
13.0166666667
14.5333333333
13.5333333333
13.0
12.5593220339
14.8
14.2833333333
12.6
12.7833333333
12.3898305085
14.8666666667
15.2
14.3666666667
13.5
15.1833333333
15.0847457627
15.6
13.7333333333
14.7166666667
13.2666666667
14.2203389831
13.1833333333
13.3833333333
13.2666666667
13.9166666667
13.6440677966
14.4166666667
15.2333333333
13.8166666667
12.9833333333
15.1724137931
--END OF 3--
10.2711864407
9.9
10.9333333333
10.7333333333
10.5833333333
9.53333333333
10.2372881356
10.7166666667
9.25
9.81666666667
10.4666666667
10.0
10.813559322
11.1
9.88333333333
9.9
10.3
9.96610169492
9.26666666667
10.6666666667
10.3333333333
9.43333333333
10.8305084746
10.35
10.9666666667
10.9833333333
9.93333333333
9.16666666667
9.57627118644
9.46666666667
9.28333333333
9.13333333333
9.1
9.69491525424
9.75
9.81666666667
9.71666666667
9.35
9.37288135593
10.0666666667
10.1833333333
9.93333333333
9.51666666667
10.5333333333
10.8644067797
10.35
9.33333333333
10.6666666667
9.71666666667
10.813559322
9.56666666667
9.31666666667
9.78333333333
9.45
9.77966101695
10.5
9.38333333333
9.7
9.48333333333
10.1379310345
--END OF 4--
14.2033898305
13.3666666667
14.4833333333
14.8666666667
14.6333333333
13.7
15.5762711864
14.4666666667
13.0833333333
13.8666666667
14.2833333333
14.25
15.4576271186
14.85
14.7333333333
14.1
13.9
13.1525423729
12.8666666667
14.6166666667
13.7
13.1333333333
14.2881355932
14.0333333333
14.8666666667
15.7833333333
13.85
13.55
13.8644067797
12.4666666667
13.6333333333
12.8833333333
12.5
12.0
13.6833333333
13.8
12.6
12.5333333333
11.813559322
14.5333333333
14.1333333333
13.6833333333
13.2
14.8666666667
14.5423728814
15.2
12.9833333333
13.8166666667
13.0666666667
13.9152542373
12.8
13.2666666667
12.7
13.3333333333
12.8983050847
13.6166666667
13.8333333333
13.4833333333
12.9166666667
14.8103448276
--END OF 5--
15.0338983051
13.75
14.5333333333
15.5166666667
14.6333333333
14.05
16.1186440678
14.4666666667
13.25
14.35
15.1666666667
14.9833333333
16.4915254237
15.8
15.2333333333
14.35
14.2
13.9491525424
13.3333333333
15.6333333333
14.7
13.6166666667
14.4406779661
14.5333333333
15.0833333333
16.4166666667
14.0
13.8166666667
14.6101694915
13.0166666667
14.5333333333
13.5333333333
13.0
12.5593220339
14.8
14.2833333333
12.6
12.7833333333
12.3898305085
14.8666666667
15.2
14.3666666667
13.5
15.1833333333
15.0847457627
15.6
13.7333333333
14.7166666667
13.2666666667
14.2203389831
13.1833333333
13.3833333333
13.2666666667
13.9166666667
13.6440677966
14.4166666667
15.2333333333
13.8166666667
12.9833333333
15.1724137931
--END OF 6--
1938.71186441
1904.95
2045.0
2098.65
2113.65
1933.8
2053.6779661
2091.25
1784.25
1931.75
2020.25
2031.3
2067.76271186
2050.5
1933.65
1924.35
1947.3
1886.94915254
1794.6
2106.3
2029.4
1941.6
2055.10169492
1917.2
2016.85
2170.1
1963.95
1735.75
1945.72881356
1831.35
1812.45
1851.9
1713.45
1780.6779661
1850.0
1867.35
1843.7
1834.9
1847.6440678
1978.85
2043.35
2021.7
1955.0
2035.15
2023.57627119
1957.2
1984.05
2008.5
1906.2
2013.81355932
1893.45
1884.5
1903.45
1899.25
1939.06779661
2001.5
1914.2
1987.5
1844.45
1959.51724138
--END OF 7--
545.661016949
527.133333333
571.083333333
585.016666667
596.533333333
545.6
588.576271186
574.9
496.533333333
539.083333333
558.366666667
565.033333333
593.016949153
585.85
543.35
545.2
550.1
519.203389831
500.033333333
580.883333333
575.066666667
536.233333333
566.915254237
540.6
564.866666667
597.133333333
547.266666667
497.933333333
542.305084746
516.35
517.9
513.85
480.3
492.305084746
516.516666667
536.433333333
508.166666667
515.3
496.474576271
554.433333333
567.216666667
570.266666667
537.85
558.65
565.474576271
557.25
539.9
570.55
529.25
570.06779661
526.35
524.55
532.766666667
519.85
529.525423729
555.466666667
529.866666667
549.583333333
510.366666667
557.413793103
--END OF 8--
79.8983050847
79.05
78.7666666667
99.55
88.6333333333
86.4
105.983050847
78.5166666667
72.8333333333
88.0333333333
87.55
82.3833333333
89.7796610169
85.6
101.65
76.7
86.2
82.5593220339
70.3333333333
89.3833333333
82.1166666667
74.8666666667
78.7796610169
82.3333333333
82.9
94.2833333333
87.2666666667
88.7666666667
90.5084745763
72.85
92.8
78.9
69.7
77.2542372881
93.0833333333
89.0166666667
69.7333333333
71.8666666667
60.8813559322
84.5833333333
84.9833333333
74.4333333333
79.0666666667
90.05
87.2711864407
89.7
72.0
79.65
72.5
69.0
68.7666666667
79.3333333333
61.2
76.4166666667
71.3728813559
68.45
83.2833333333
82.95
71.3833333333
99.5689655172
--END OF 9--
5.91525423729
2.71666666667
3.25
3.71666666667
3.18333333333
2.8
4.0
2.46666666667
3.21666666667
2.28333333333
4.8
4.06666666667
5.42372881356
2.95
5.0
2.25
1.8
3.05084745763
2.76666666667
2.93333333333
2.41666666667
3.11666666667
1.52542372881
4.61666666667
2.63333333333
4.95
2.3
4.31666666667
3.45762711864
2.05
4.6
3.3
4.65
2.20338983051
4.63333333333
5.0
1.93333333333
2.46666666667
1.94915254237
3.85
4.18333333333
2.55
2.88333333333
6.18333333333
4.0
4.85
3.25
2.9
1.85
3.13559322034
4.18333333333
2.81666666667
2.08333333333
3.31666666667
3.15254237288
4.06666666667
6.68333333333
3.43333333333
2.5
3.72413793103
--END OF 10--
1.08474576271
0.583333333333
0.283333333333
0.716666666667
0.0
0.0
0.64406779661
0.0333333333333
0.0666666666667
0.65
1.68333333333
0.816666666667
1.28813559322
1.1
0.5
0.15
0.55
1.28813559322
0.683333333333
1.75
1.51666666667
0.733333333333
0.0
1.0
0.416666666667
1.08333333333
0.0
0.483333333333
1.03389830508
1.0
0.95
0.9
0.2
0.796610169492
1.26666666667
0.9
0.0
0.5
0.932203389831
0.583333333333
1.31666666667
0.683333333333
0.5
0.366666666667
0.135593220339
0.5
1.1
1.4
0.25
0.762711864407
0.783333333333
0.216666666667
0.366666666667
0.633333333333
0.796610169492
1.05
2.46666666667
0.666666666667
0.0
0.896551724138
--END OF 11--
0.338983050847
0.166666666667
0.0
0.0
0.0
0.0
0.0
0.0
0.0
0.0
0.0666666666667
0.433333333333
0.220338983051
0.45
0.0
0.0
0.0
0.0
0.0
0.333333333333
0.4
0.266666666667
0.0
0.0
0.0
0.0
0.0
0.366666666667
0.135593220339
0.0
0.0
0.0
0.0
0.338983050847
0.166666666667
0.0
0.0
0.0
0.423728813559
0.0833333333333
0.0
0.0
0.0
0.366666666667
0.135593220339
0.0
0.5
0.5
0.0
0.0
0.0
0.0
0.0
0.0
0.423728813559
0.416666666667
0.633333333333
0.0
0.0
0.0
--END OF 12--
