9.4
9.31666666667
9.83333333333
11.7333333333
10.5084745763
10.35
10.15
10.35
9.88333333333
9.71666666667
10.8644067797
10.8666666667
10.7166666667
10.95
9.7
10.5166666667
10.6949152542
10.35
10.9333333333
10.2666666667
10.2666666667
10.5593220339
9.93333333333
10.3
10.75
10.9333333333
10.2033898305
9.51666666667
10.35
10.6
10.7
10.55
9.93220338983
10.6333333333
9.4
10.0333333333
9.3
9.13559322034
10.15
11.1333333333
10.0833333333
10.8
10.7627118644
10.55
10.9833333333
10.0333333333
10.2
9.85
10.0
10.6166666667
10.4
10.4666666667
10.7166666667
10.7966101695
10.8
10.3
10.2333333333
9.88333333333
9.51666666667
10.3157894737
--END OF 1--
13.35
12.3
13.1333333333
15.6666666667
13.5254237288
13.85
13.45
13.85
13.7833333333
12.8666666667
15.0
14.7166666667
14.4833333333
14.35
12.8166666667
14.9166666667
14.7118644068
15.0166666667
13.9833333333
14.7666666667
14.1
14.0338983051
14.7333333333
14.15
14.45
14.4833333333
14.3050847458
12.2666666667
14.2666666667
14.6166666667
14.4166666667
13.7833333333
14.1355932203
14.2
12.2166666667
14.35
14.3166666667
13.6949152542
13.4
14.3833333333
14.4333333333
14.7
14.1694915254
13.9666666667
14.9166666667
13.6666666667
14.7
14.0
12.813559322
14.2333333333
13.8666666667
14.3
14.55
13.6949152542
15.1
13.75
13.8333333333
14.0333333333
12.5166666667
14.0175438596
--END OF 2--
14.7666666667
13.3833333333
14.1
16.5166666667
14.0338983051
14.2
13.9
14.85
14.7833333333
13.3666666667
15.6271186441
15.1333333333
15.0833333333
15.05
12.9666666667
15.3
15.2372881356
15.0166666667
14.5
14.85
14.1
15.0508474576
15.6333333333
14.55
14.45
14.7333333333
14.7118644068
12.5166666667
14.4166666667
16.25
15.2666666667
14.05
14.9322033898
14.6666666667
12.8166666667
14.9
14.9
14.3220338983
13.4
14.8333333333
15.3333333333
15.15
14.2711864407
14.85
15.2333333333
15.0166666667
15.45
14.7333333333
13.2033898305
14.5666666667
14.1666666667
14.7166666667
15.1333333333
14.2033898305
15.8
14.0
14.3333333333
14.3833333333
12.9166666667
14.6315789474
--END OF 3--
9.4
9.31666666667
9.83333333333
11.7333333333
10.5084745763
10.35
10.15
10.35
9.88333333333
9.71666666667
10.8644067797
10.8666666667
10.7166666667
10.95
9.7
10.5166666667
10.6949152542
10.35
10.9333333333
10.2666666667
10.2666666667
10.5593220339
9.93333333333
10.3
10.75
10.9333333333
10.2033898305
9.51666666667
10.35
10.6
10.7
10.55
9.93220338983
10.6333333333
9.4
10.0333333333
9.3
9.13559322034
10.15
11.1333333333
10.0833333333
10.8
10.7627118644
10.55
10.9833333333
10.0333333333
10.2
9.85
10.0
10.6166666667
10.4
10.4666666667
10.7166666667
10.7966101695
10.8
10.3
10.2333333333
9.88333333333
9.51666666667
10.3157894737
--END OF 4--
13.35
12.3
13.1333333333
15.6666666667
13.5254237288
13.85
13.45
13.85
13.7833333333
12.8666666667
15.0
14.7166666667
14.4833333333
14.35
12.8166666667
14.9166666667
14.7118644068
15.0166666667
13.9833333333
14.7666666667
14.1
14.0338983051
14.7333333333
14.15
14.45
14.4833333333
14.3050847458
12.2666666667
14.2666666667
14.6166666667
14.4166666667
13.7833333333
14.1355932203
14.2
12.2166666667
14.35
14.3166666667
13.6949152542
13.4
14.3833333333
14.4333333333
14.7
14.1694915254
13.9666666667
14.9166666667
13.6666666667
14.7
14.0
12.813559322
14.2333333333
13.8666666667
14.3
14.55
13.6949152542
15.1
13.75
13.8333333333
14.0333333333
12.5166666667
14.0175438596
--END OF 5--
14.7666666667
13.3833333333
14.1
16.5166666667
14.0338983051
14.2
13.9
14.85
14.7833333333
13.3666666667
15.6271186441
15.1333333333
15.0833333333
15.05
12.9666666667
15.3
15.2372881356
15.0166666667
14.5
14.85
14.1
15.0508474576
15.6333333333
14.55
14.45
14.7333333333
14.7118644068
12.5166666667
14.4166666667
16.25
15.2666666667
14.05
14.9322033898
14.6666666667
12.8166666667
14.9
14.9
14.3220338983
13.4
14.8333333333
15.3333333333
15.15
14.2711864407
14.85
15.2333333333
15.0166666667
15.45
14.7333333333
13.2033898305
14.5666666667
14.1666666667
14.7166666667
15.1333333333
14.2033898305
15.8
14.0
14.3333333333
14.3833333333
12.9166666667
14.6315789474
--END OF 6--
2095.8
1916.05
1977.8
2113.55
2104.93220339
2004.15
1954.8
1983.15
2077.95
1962.0
2126.23728814
2064.25
2038.15
2064.25
1918.3
2102.25
2092.93220339
2027.25
2040.5
2052.75
1902.45
1976.69491525
2025.0
1987.2
2104.35
2178.0
2021.23728814
1992.2
2029.95
2097.45
2031.1
2041.0
2081.74576271
2141.55
1916.9
2030.45
1974.8
1950.45762712
2025.6
2159.25
2019.6
2062.95
2072.69491525
2031.0
2088.35
2038.55
2040.45
1965.15
1929.71186441
2014.25
1982.15
1988.55
2095.1
2036.49152542
2103.9
2007.6
2129.85
1899.45
1942.65
2076.73684211
--END OF 7--
565.25
536.983333333
541.933333333
600.783333333
571.542372881
558.8
539.9
562.45
574.25
548.9
586.966101695
582.283333333
573.333333333
579.316666667
519.683333333
587.366666667
573.457627119
570.983333333
575.883333333
567.633333333
531.816666667
558.915254237
556.9
551.9
588.4
591.15
548.830508475
539.483333333
562.7
579.816666667
575.833333333
564.366666667
573.762711864
598.35
527.65
563.566666667
563.45
534.203389831
559.85
600.75
569.75
565.3
571.915254237
571.633333333
577.6
554.05
575.183333333
539.833333333
530.389830508
558.216666667
546.816666667
563.8
581.4
574.355932203
584.15
552.35
582.4
528.8
539.95
586.543859649
--END OF 8--
79.7
70.7166666667
80.4666666667
95.1833333333
66.5762711864
77.0
71.35
73.75
83.45
75.6
89.186440678
87.55
86.9333333333
72.15
70.6833333333
92.7666666667
85.3728813559
104.933333333
78.5166666667
84.9333333333
76.65
80.2542372881
87.2
88.1
84.1
87.1
89.3220338983
64.9
87.95
88.75
78.0333333333
79.1666666667
86.1016949153
80.8166666667
71.9833333333
90.9333333333
91.6666666667
86.9152542373
73.95
76.3
94.6
81.1
84.6779661017
72.3333333333
92.2666666667
80.9
90.7666666667
84.6666666667
63.5084745763
80.4666666667
79.8666666667
79.35
78.4166666667
72.4576271186
82.55
70.55
83.1
86.0
65.9
83.6842105263
--END OF 9--
5.5
3.23333333333
2.75
5.86666666667
2.45762711864
1.1
3.65
3.7
5.15
2.8
3.79661016949
2.7
2.93333333333
3.56666666667
2.78333333333
2.41666666667
4.72881355932
2.58333333333
1.91666666667
2.88333333333
4.66666666667
3.69491525424
7.45
4.4
2.5
2.5
2.71186440678
4.18333333333
3.08333333333
3.93333333333
5.5
2.71666666667
5.1186440678
2.05
3.38333333333
4.23333333333
3.45
3.59322033898
2.7
2.15
3.55
4.95
2.52542372881
3.21666666667
2.08333333333
5.13333333333
3.85
3.98333333333
3.32203389831
3.63333333333
2.66666666667
2.13333333333
3.36666666667
1.45762711864
4.35
2.35
2.6
4.1
2.05
2.36842105263
--END OF 10--
2.2
1.03333333333
1.18333333333
1.28333333333
0.508474576271
0.5
0.65
1.15
1.55
0.65
0.915254237288
0.566666666667
0.5
1.5
0.5
0.333333333333
1.18644067797
0.0
0.816666666667
0.183333333333
0.0
0.966101694915
1.05
0.5
0.0
0.5
0.542372881356
0.6
0.366666666667
2.06666666667
1.01666666667
0.416666666667
1.64406779661
1.0
0.883333333333
0.566666666667
0.966666666667
0.847457627119
0.0
0.5
1.65
0.85
0.0
1.43333333333
0.35
1.6
1.45
0.75
0.64406779661
0.283333333333
0.466666666667
0.85
0.5
0.796610169492
0.4
0.0
1.05
0.45
0.4
1.14035087719
--END OF 11--
0.533333333333
0.0
0.0
0.5
0.0
0.5
0.15
0.35
0.0
0.0
0.0
0.0
0.5
0.0
0.0
0.0
0.0
0.0
0.0
0.0
0.0
0.508474576271
0.0
0.5
0.0
0.0
0.0
0.0
0.0
0.5
0.0
0.0
0.0
0.0
0.0
0.5
0.0
0.0
0.0
0.0
0.0
0.0
0.0
0.0
0.0
0.0
0.0
0.0
0.0
0.0
0.0
0.0
0.0
0.101694915254
0.4
0.0
0.0
0.0
0.0
0.491228070175
--END OF 12--
