11.8305084746
12.2
11.4666666667
11.1
11.1833333333
11.1166666667
11.4237288136
11.1833333333
12.0833333333
11.05
11.2166666667
12.0666666667
11.1186440678
12.1
10.95
11.5
12.75
10.7333333333
11.0847457627
11.2
12.3666666667
11.2166666667
10.5
10.8983050847
11.1
10.95
10.35
10.65
10.8666666667
11.5762711864
10.9666666667
11.25
11.8
12.0666666667
11.45
12.2881355932
11.1333333333
12.1333333333
12.2833333333
12.0166666667
12.5166666667
12.1355932203
11.4
13.0
12.4333333333
11.9833333333
12.4745762712
9.9
10.2166666667
11.25
12.0
12.8833333333
12.186440678
12.7666666667
12.75
11.5833333333
11.8166666667
11.4833333333
12.7966101695
12.1228070175
--END OF 1--
16.0677966102
17.35
16.1833333333
15.7
14.9166666667
15.0333333333
15.8305084746
15.9666666667
16.5333333333
15.3666666667
15.9833333333
16.7666666667
14.1355932203
16.0
15.95
16.45
15.75
14.2333333333
15.4237288136
16.0833333333
16.6333333333
17.3
15.9166666667
15.0
15.1833333333
14.45
14.6666666667
14.1
14.7333333333
16.1694915254
14.2666666667
16.0
15.45
15.9166666667
15.3
16.9491525424
16.0333333333
18.2
17.55
17.0333333333
16.6166666667
15.7118644068
15.4166666667
15.9833333333
15.8833333333
16.45
16.6610169492
14.0
13.8166666667
14.9
16.9
18.85
17.9491525424
17.55
18.4333333333
15.6666666667
16.0333333333
16.2
18.1016949153
16.649122807
--END OF 2--
16.5762711864
18.0166666667
16.9333333333
16.3666666667
15.6
15.5333333333
16.0508474576
16.9166666667
16.8833333333
15.3666666667
16.2333333333
16.9666666667
14.4406779661
16.6
17.05
16.9
17.7
15.4833333333
15.7288135593
16.65
17.9666666667
18.5833333333
17.2166666667
15.5254237288
17.1833333333
16.0
14.8666666667
14.95
15.3
16.5593220339
14.9666666667
16.65
15.5
16.4666666667
16.55
18.2203389831
16.9833333333
19.0666666667
18.0166666667
17.7
16.8
16.2711864407
15.4166666667
16.15
17.1333333333
17.3333333333
17.3050847458
14.25
14.7166666667
16.35
17.7
19.65
18.813559322
18.25
18.7666666667
16.0833333333
16.8166666667
16.5666666667
18.1525423729
16.649122807
--END OF 3--
11.8305084746
12.2
11.4666666667
11.1
11.1833333333
11.1166666667
11.4237288136
11.1833333333
12.0833333333
11.05
11.2166666667
12.0666666667
11.1186440678
12.1
10.95
11.5
12.75
10.7333333333
11.0847457627
11.2
12.3666666667
11.2166666667
10.5
10.8983050847
11.1
10.95
10.35
10.65
10.8666666667
11.5762711864
10.9666666667
11.25
11.8
12.0666666667
11.45
12.2881355932
11.1333333333
12.1333333333
12.2833333333
12.0166666667
12.5166666667
12.1355932203
11.4
13.0
12.4333333333
11.9833333333
12.4745762712
9.9
10.2166666667
11.25
12.0
12.8833333333
12.186440678
12.7666666667
12.75
11.5833333333
11.8166666667
11.4833333333
12.7966101695
12.1228070175
--END OF 4--
16.0677966102
17.35
16.1833333333
15.7
14.9166666667
15.0333333333
15.8305084746
15.9666666667
16.5333333333
15.3666666667
15.9833333333
16.7666666667
14.1355932203
16.0
15.95
16.45
15.75
14.2333333333
15.4237288136
16.0833333333
16.6333333333
17.3
15.9166666667
15.0
15.1833333333
14.45
14.6666666667
14.1
14.7333333333
16.1694915254
14.2666666667
16.0
15.45
15.9166666667
15.3
16.9491525424
16.0333333333
18.2
17.55
17.0333333333
16.6166666667
15.7118644068
15.4166666667
15.9833333333
15.8833333333
16.45
16.6610169492
14.0
13.8166666667
14.9
16.9
18.85
17.9491525424
17.55
18.4333333333
15.6666666667
16.0333333333
16.2
18.1016949153
16.649122807
--END OF 5--
16.5762711864
18.0166666667
16.9333333333
16.3666666667
15.6
15.5333333333
16.0508474576
16.9166666667
16.8833333333
15.3666666667
16.2333333333
16.9666666667
14.4406779661
16.6
17.05
16.9
17.7
15.4833333333
15.7288135593
16.65
17.9666666667
18.5833333333
17.2166666667
15.5254237288
17.1833333333
16.0
14.8666666667
14.95
15.3
16.5593220339
14.9666666667
16.65
15.5
16.4666666667
16.55
18.2203389831
16.9833333333
19.0666666667
18.0166666667
17.7
16.8
16.2711864407
15.4166666667
16.15
17.1333333333
17.3333333333
17.3050847458
14.25
14.7166666667
16.35
17.7
19.65
18.813559322
18.25
18.7666666667
16.0833333333
16.8166666667
16.5666666667
18.1525423729
16.649122807
--END OF 6--
2278.52542373
2342.5
2166.15
2069.0
2268.85
2162.6
2239.16949153
2268.15
2357.75
2123.05
2250.7
2280.3
2077.37288136
2317.8
2086.5
2306.7
2284.8
2107.05
2186.54237288
2202.95
2328.9
2285.65
2101.65
2071.22033898
2115.35
2063.6
2176.5
2092.5
2142.95
2173.27118644
2138.1
2192.7
2300.25
2195.1
2239.8
2297.89830508
2205.9
2446.1
2358.75
2355.3
2387.15
2270.79661017
2215.4
2462.4
2388.95
2321.7
2383.93220339
1954.2
2039.25
2221.35
2296.5
2605.85
2404.37288136
2390.1
2395.5
2234.0
2265.05
2227.1
2432.84745763
2295.0
--END OF 7--
644.186440678
661.816666667
615.316666667
591.516666667
628.916666667
603.05
619.084745763
615.066666667
663.95
603.516666667
618.933333333
636.416666667
587.220338983
641.95
587.9
640.8
637.3
586.5
612.728813559
606.766666667
655.4
623.733333333
569.633333333
573.186440678
598.983333333
582.716666667
586.533333333
570.866666667
589.916666667
617.084745763
592.1
604.9
630.8
607.4
598.75
628.322033898
622.816666667
676.116666667
651.816666667
646.1
660.783333333
637.254237288
615.266666667
670.816666667
666.466666667
637.416666667
663.711864407
552.85
552.95
611.95
640.4
711.483333333
656.627118644
662.15
673.25
622.833333333
607.533333333
613.283333333
676.830508475
647.947368421
--END OF 8--
93.1694915254
103.383333333
97.2
99.7333333333
79.3166666667
91.0166666667
90.813559322
95.15
90.9166666667
94.85
101.416666667
104.616666667
72.3559322034
93.75
91.85
91.45
90.55
80.8
88.2203389831
97.1833333333
93.45
99.9166666667
100.116666667
81.6101694915
99.0166666667
79.0
81.5666666667
78.4666666667
86.35
102.254237288
82.15
93.45
92.15
90.95
85.15
103.338983051
89.65
110.75
108.366666667
101.066666667
86.35
83.0847457627
82.7833333333
79.6833333333
87.4833333333
98.7166666667
95.0
84.8
81.35
85.3
106.45
114.3
109.305084746
104.533333333
130.166666667
105.1
92.7
96.1833333333
111.271186441
100.842105263
--END OF 9--
2.18644067797
3.25
4.9
4.1
3.05
3.35
2.64406779661
4.51666666667
2.0
1.06666666667
3.11666666667
2.51666666667
0.745762711864
2.6
9.05
3.7
5.9
4.2
2.1186440678
3.95
5.2
8.2
7.56666666667
5.47457627119
5.36666666667
3.51666666667
3.25
4.26666666667
3.8
3.59322033898
3.7
4.25
1.7
3.9
4.45
6.47457627119
5.28333333333
5.73333333333
5.45
7.35
2.85
2.37288135593
0.516666666667
1.16666666667
3.61666666667
4.95
4.15254237288
3.45
2.7
5.05
5.0
6.55
6.93220338983
6.73333333333
3.65
2.21666666667
5.78333333333
4.31666666667
4.84745762712
2.0
--END OF 10--
1.0
0.766666666667
0.65
1.06666666667
0.933333333333
0.15
0.423728813559
1.26666666667
0.233333333333
0.0
0.0
0.5
0.508474576271
0.95
1.0
0.8
2.4
1.35
0.440677966102
0.583333333333
1.33333333333
2.2
1.41666666667
0.983050847458
3.01666666667
1.8
0.3
1.38333333333
0.816666666667
0.338983050847
0.6
0.75
0.35
1.0
2.15
2.03389830508
1.66666666667
1.38333333333
0.416666666667
0.766666666667
0.233333333333
0.508474576271
0.0
0.183333333333
1.33333333333
1.48333333333
1.18644067797
0.4
1.15
1.8
0.8
1.1
1.01694915254
0.5
0.683333333333
0.316666666667
1.51666666667
0.483333333333
0.0677966101695
0.0
--END OF 11--
0.0
0.0
0.433333333333
0.566666666667
0.0
0.0
0.0
0.766666666667
0.233333333333
0.0
0.0
0.0
0.0
0.0
0.0
0.0
0.15
0.35
0.0
0.0
0.0
0.05
0.45
0.0
0.95
1.05
0.0
0.0
0.316666666667
0.186440677966
0.0
0.0
0.05
0.45
0.2
0.813559322034
0.883333333333
0.25
0.0
0.0
0.0
0.0
0.0
0.0166666666667
0.5
0.683333333333
0.0
0.0
0.0
0.5
0.0
0.0
0.0
0.5
0.0
0.0
0.0
0.0
0.0
0.0
--END OF 12--
