18.7288135593
17.7333333333
17.5166666667
18.4
18.2166666667
17.7966101695
17.7333333333
17.9333333333
18.6
18.8666666667
18.2881355932
17.65
17.4666666667
18.4166666667
17.5
18.3559322034
18.35
16.9333333333
17.5833333333
19.2
18.8813559322
18.7333333333
17.8333333333
17.6
17.8666666667
17.0338983051
17.1
17.4666666667
17.0333333333
18.4237288136
17.9666666667
18.0166666667
17.6166666667
17.3666666667
16.5666666667
17.0
17.4333333333
18.05
16.7666666667
16.6333333333
18.0508474576
18.0
17.1833333333
17.0833333333
17.6666666667
17.1186440678
16.5666666667
17.9333333333
17.1166666667
16.5833333333
16.9491525424
16.8333333333
16.6
17.6333333333
16.6166666667
18.3728813559
16.9166666667
17.5166666667
18.3
17.1833333333
--END OF 1--
29.4237288136
26.0833333333
26.4833333333
27.0666666667
26.55
26.5762711864
26.0833333333
26.7333333333
28.1333333333
26.9666666667
27.2033898305
26.65
25.4333333333
26.8333333333
25.6
27.0
28.35
24.0333333333
26.1166666667
28.25
27.7796610169
26.8333333333
26.8833333333
26.45
26.8333333333
26.0847457627
25.4833333333
26.7166666667
24.9333333333
27.4915254237
26.2666666667
25.4833333333
26.05
26.5166666667
24.65
24.5593220339
27.2
26.1166666667
24.1166666667
25.2166666667
28.2203389831
25.35
26.5
24.9
25.15
26.0169491525
24.4333333333
26.6833333333
24.8333333333
23.6166666667
25.6271186441
25.6333333333
25.15
27.8333333333
24.3333333333
25.8644067797
25.5666666667
25.2166666667
26.0166666667
26.3
--END OF 2--
32.2542372881
27.05
29.6666666667
28.85
27.8333333333
27.3728813559
27.1333333333
28.3333333333
29.5666666667
28.05
29.3220338983
27.4333333333
25.6166666667
29.35
26.4166666667
27.8813559322
29.15
25.8666666667
29.7
29.8166666667
29.3898305085
29.4833333333
28.6166666667
29.2
27.9833333333
27.2033898305
25.9166666667
28.2833333333
25.8333333333
29.0338983051
28.15
26.4833333333
27.1666666667
27.8333333333
25.75
27.0
29.4333333333
26.9333333333
25.1666666667
25.8833333333
29.7457627119
26.25
27.05
25.7166666667
26.4833333333
27.2033898305
24.7
27.25
25.5
24.7833333333
27.2372881356
26.6
26.2166666667
28.9666666667
26.1166666667
26.8474576271
26.1166666667
27.6833333333
27.0666666667
26.75
--END OF 3--
18.4745762712
17.7333333333
17.5166666667
18.4
18.2166666667
17.7966101695
17.7333333333
17.9333333333
18.6
18.8666666667
18.2881355932
17.65
17.4666666667
18.4166666667
17.5
18.3559322034
18.35
16.9333333333
17.5666666667
19.1166666667
18.8813559322
18.7333333333
17.8333333333
17.6
17.8666666667
17.0338983051
17.1
17.4666666667
17.0333333333
18.4237288136
17.9666666667
18.0166666667
17.6166666667
17.3666666667
16.5666666667
17.0
17.4333333333
18.05
16.7666666667
16.6333333333
18.0
17.9666666667
17.1833333333
17.0833333333
17.6666666667
17.1186440678
16.5666666667
17.9333333333
17.1166666667
16.5833333333
16.9491525424
16.8333333333
16.6
17.6333333333
16.6166666667
18.3728813559
16.9166666667
17.5166666667
18.3
17.1833333333
--END OF 4--
29.0
26.0833333333
26.4833333333
27.0666666667
26.55
26.5762711864
26.0833333333
26.7333333333
28.0833333333
26.95
27.2033898305
26.65
25.4333333333
26.8333333333
25.6
27.0
28.35
24.0333333333
26.1166666667
28.25
27.7796610169
26.8333333333
26.8833333333
26.45
26.8333333333
26.0338983051
25.4833333333
26.7166666667
24.9333333333
27.4915254237
26.2666666667
25.4833333333
26.05
26.5166666667
24.65
24.5593220339
27.1833333333
26.1166666667
24.1166666667
25.2166666667
27.9830508475
25.35
26.4666666667
24.9
25.15
25.9661016949
24.4333333333
26.6833333333
24.8333333333
23.6166666667
25.6271186441
25.6333333333
25.15
27.7833333333
24.3333333333
25.8644067797
25.5666666667
25.2166666667
26.0166666667
26.3
--END OF 5--
32.2542372881
27.05
29.6666666667
28.85
27.8333333333
27.3728813559
27.1333333333
28.3333333333
29.5666666667
28.05
29.3220338983
27.4333333333
25.6166666667
29.35
26.4166666667
27.8813559322
29.15
25.8666666667
29.7
29.8166666667
29.3898305085
29.4833333333
28.6166666667
29.2
27.9833333333
27.2033898305
25.9166666667
28.2833333333
25.8333333333
29.0338983051
28.15
26.4833333333
27.1666666667
27.8333333333
25.75
27.0
29.4333333333
26.9333333333
25.1666666667
25.8833333333
29.7457627119
26.25
27.05
25.7166666667
26.4833333333
27.2033898305
24.7
27.25
25.5
24.7833333333
27.2372881356
26.6
26.2166666667
28.9666666667
26.1166666667
26.8474576271
26.1166666667
27.6833333333
27.0666666667
26.75
--END OF 6--
3561.10169492
3376.2
3409.75
3392.8
3315.95
3388.93220339
3307.8
3354.55
3484.5
3447.35
3398.23728814
3297.95
3237.15
3311.6
3359.7
3389.59322034
3435.95
3095.7
3391.8
3524.5
3490.77966102
3477.45
3427.25
3316.8
3323.45
3161.89830508
3233.2
3338.45
3200.75
3469.11864407
3321.4
3306.25
3257.65
3213.15
3125.15
3154.27118644
3335.15
3323.4
3180.95
3177.75
3487.52542373
3296.8
3310.45
3221.65
3250.2
3234.10169492
3128.45
3309.5
3210.35
3117.5
3214.52542373
3203.55
3267.35
3381.25
3304.85
3394.37288136
3187.95
3324.2
3392.95
3339.25
--END OF 7--
1019.44067797
946.35
949.816666667
964.433333333
942.65
941.118644068
939.9
947.133333333
988.9
966.35
955.796610169
933.583333333
907.516666667
957.5
928.8
951.525423729
972.65
882.6
948.3
1007.46666667
982.338983051
976.0
971.483333333
935.95
938.35
900.305084746
911.333333333
930.166666667
890.216666667
957.491525424
935.616666667
933.766666667
926.183333333
915.75
875.016666667
889.033898305
932.5
936.366666667
895.883333333
891.283333333
980.06779661
925.733333333
920.666666667
899.45
921.8
912.508474576
880.083333333
933.383333333
924.3
870.233333333
928.389830508
915.8
924.083333333
952.95
914.966666667
968.508474576
906.783333333
930.066666667
948.95
933.55
--END OF 8--
203.254237288
173.866666667
181.483333333
173.5
160.85
171.423728814
163.0
176.116666667
184.916666667
165.033333333
182.474576271
173.716666667
157.233333333
174.233333333
142.983333333
164.271186441
188.7
161.65
164.95
185.9
176.745762712
177.3
184.716666667
183.35
179.433333333
172.033898305
164.983333333
178.283333333
167.416666667
192.593220339
171.85
144.666666667
159.7
155.366666667
154.35
155.457627119
182.933333333
160.65
168.166666667
164.566666667
195.118644068
149.983333333
176.666666667
159.316666667
169.4
169.474576271
148.983333333
172.783333333
153.6
145.05
183.084745763
171.683333333
164.6
186.75
155.45
172.491525424
157.45
154.75
153.5
169.683333333
--END OF 9--
12.593220339
8.05
10.6833333333
8.33333333333
7.58333333333
8.15254237288
8.55
9.0
7.71666666667
6.36666666667
10.6271186441
9.36666666667
6.91666666667
10.0333333333
9.66666666667
6.52542372881
8.13333333333
7.86666666667
13.1166666667
9.93333333333
9.66101694915
11.1
9.25
9.5
9.2
11.6101694915
7.13333333333
10.2666666667
6.78333333333
7.50847457627
10.1
7.6
11.8833333333
15.4833333333
8.81666666667
12.6271186441
12.1
7.91666666667
5.6
8.0
9.84745762712
7.25
6.8
6.96666666667
6.38333333333
9.01694915254
4.81666666667
6.15
5.55
6.58333333333
8.98305084746
7.58333333333
8.58333333333
11.8333333333
8.93333333333
6.57627118644
9.38333333333
8.41666666667
9.63333333333
8.38333333333
--END OF 10--
4.1186440678
1.56666666667
5.68333333333
2.76666666667
2.2
1.40677966102
1.5
2.18333333333
1.86666666667
1.65
2.10169491525
1.0
0.25
2.81666666667
1.1
1.72881355932
1.26666666667
3.06666666667
4.93333333333
2.51666666667
1.69491525424
3.3
2.35
4.15
1.16666666667
1.57627118644
0.666666666667
2.48333333333
1.16666666667
2.32203389831
1.38333333333
1.66666666667
1.96666666667
1.76666666667
1.11666666667
3.35593220339
2.73333333333
1.36666666667
1.25
0.6
2.81355932203
1.2
0.4
0.383333333333
1.61666666667
1.57627118644
0.566666666667
0.566666666667
0.7
1.76666666667
2.30508474576
1.1
1.18333333333
1.58333333333
2.2
0.457627118644
0.0
2.81666666667
1.48333333333
0.966666666667
--END OF 11--
0.966101694915
0.0
0.0
0.0
0.6
0.0
0.5
1.26666666667
0.7
0.533333333333
0.406779661017
0.0
0.0833333333333
0.85
0.0666666666667
0.0
0.0
0.716666666667
1.28333333333
0.0
1.01694915254
0.0
0.0
1.9
0.1
0.508474576271
0.0
0.3
0.0
0.0
0.0
0.0
0.0
0.316666666667
0.183333333333
0.322033898305
0.266666666667
0.383333333333
0.0
0.0
0.0
0.0
0.266666666667
0.0
0.266666666667
0.0
0.0
0.0
0.35
0.516666666667
0.932203389831
0.35
0.433333333333
0.0
0.4
0.0
0.0
1.75
0.316666666667
0.316666666667
--END OF 12--
