19.7166666667
20.4
20.0833333333
20.2033898305
21.6666666667
21.3
20.3666666667
19.6
20.9666666667
20.7333333333
20.5593220339
20.2333333333
20.5
21.8666666667
21.5333333333
21.6101694915
21.2333333333
21.4833333333
20.6666666667
20.3666666667
20.4666666667
20.186440678
20.1666666667
20.1333333333
20.9833333333
21.0833333333
20.6333333333
21.6271186441
19.9333333333
20.0166666667
19.85
20.7166666667
19.2711864407
19.7666666667
21.25
21.1166666667
21.3833333333
21.7333333333
20.7288135593
21.0166666667
20.2333333333
19.95
20.8
20.5593220339
20.9666666667
20.6166666667
20.2666666667
20.6166666667
19.1166666667
19.7796610169
21.2166666667
21.6166666667
20.3166666667
20.75
19.4166666667
20.5084745763
20.0833333333
19.0
19.6333333333
20.0862068966
--END OF 1--
27.7333333333
28.9666666667
27.65
28.5254237288
29.5166666667
28.95
27.8666666667
27.5
29.1166666667
29.4
29.4745762712
28.7666666667
29.0833333333
29.9
29.6166666667
30.0508474576
28.7
29.3666666667
28.4666666667
28.4166666667
29.0166666667
27.9322033898
28.9166666667
27.8333333333
28.9333333333
26.7833333333
28.2833333333
29.8813559322
28.55
28.8666666667
28.2833333333
28.45
26.2033898305
28.3333333333
28.2
29.4166666667
29.0166666667
29.8
28.4237288136
29.45
29.6166666667
27.1
28.3
26.406779661
28.5
28.8166666667
28.15
29.9166666667
26.7666666667
28.1016949153
29.2166666667
28.8166666667
27.8166666667
28.9166666667
27.9333333333
26.8474576271
27.6333333333
27.1
26.7333333333
27.5517241379
--END OF 2--
28.9666666667
29.6166666667
29.3166666667
30.6779661017
31.0666666667
30.4
29.8
28.4
30.05
31.55
31.186440678
30.3166666667
31.0166666667
31.15
30.6333333333
31.0677966102
29.6333333333
31.1333333333
30.7833333333
29.6
31.0166666667
29.186440678
30.7166666667
29.0833333333
30.7833333333
27.8833333333
29.8333333333
32.0847457627
30.3166666667
29.4333333333
29.1833333333
29.8166666667
28.4576271186
29.25
29.7333333333
30.6
29.2833333333
30.75
29.3220338983
30.9666666667
31.1
28.65
28.75
27.2542372881
29.1166666667
30.05
28.7
31.3166666667
29.05
29.5762711864
30.6
32.1833333333
29.65
29.8833333333
28.3833333333
29.0338983051
29.5833333333
28.1
27.9333333333
29.0344827586
--END OF 3--
19.2666666667
19.7
19.7666666667
19.6101694915
20.7666666667
20.3666666667
19.5333333333
19.05
20.1
19.85
20.0169491525
19.7833333333
19.75
20.8666666667
20.7333333333
20.6271186441
20.2333333333
20.5333333333
20.0333333333
19.8833333333
19.9166666667
19.6779661017
19.6666666667
19.7333333333
20.2333333333
20.1833333333
19.9333333333
20.6610169492
19.4333333333
19.2166666667
19.15
20.0
19.0169491525
19.35
20.2333333333
20.3833333333
20.6666666667
20.9166666667
20.0847457627
20.3666666667
19.7833333333
19.7
20.25
19.9152542373
19.9666666667
20.2
19.9333333333
20.0166666667
18.7666666667
19.3559322034
20.4333333333
20.6333333333
19.8833333333
20.0166666667
18.9
19.7118644068
19.5833333333
18.85
19.5333333333
19.4655172414
--END OF 4--
27.7333333333
28.8166666667
27.65
28.5254237288
29.05
28.8
27.8666666667
27.35
29.1166666667
29.15
29.1525423729
28.65
28.9
29.3833333333
29.3666666667
29.6779661017
28.7
29.2
28.2333333333
28.4166666667
28.7166666667
27.7966101695
28.6166666667
27.8333333333
28.8333333333
26.7833333333
28.1833333333
29.5762711864
28.55
28.6666666667
28.2833333333
28.45
26.2033898305
28.1333333333
28.1666666667
29.0
28.7333333333
29.5
28.4237288136
28.9833333333
29.3
27.1
28.3
26.406779661
28.4833333333
28.6166666667
28.15
29.45
26.7666666667
28.0847457627
29.05
28.7166666667
27.75
28.8
27.8833333333
26.8474576271
27.6333333333
27.1
26.7333333333
27.5517241379
--END OF 5--
28.9666666667
29.6166666667
29.3166666667
30.6779661017
31.0666666667
30.4
29.8
28.4
30.05
31.55
31.186440678
30.3166666667
31.0166666667
31.15
30.6333333333
31.0677966102
29.6333333333
31.1333333333
30.7833333333
29.6
31.0166666667
29.186440678
30.7166666667
29.0833333333
30.7833333333
27.8833333333
29.8333333333
32.0847457627
30.3166666667
29.4333333333
29.1833333333
29.8166666667
28.4576271186
29.25
29.7333333333
30.6
29.2833333333
30.75
29.3220338983
30.9666666667
31.1
28.65
28.75
27.2542372881
29.1166666667
30.05
28.7
31.3166666667
29.05
29.5762711864
30.6
32.1833333333
29.65
29.8833333333
28.3833333333
29.0338983051
29.5833333333
28.1
27.9333333333
29.0344827586
--END OF 6--
3819.7
3849.45
3796.4
3888.76271186
3993.65
3930.7
3858.4
3683.55
3923.25
3849.25
3842.38983051
3785.65
3949.7
4022.7
3956.1
3991.57627119
3876.8
3949.65
3782.75
3798.0
3811.55
3797.33898305
3907.05
3744.3
3967.5
3885.15
3833.1
3991.57627119
3856.85
3954.7
3946.5
3995.8
3626.74576271
3873.35
3878.7
3923.7
3849.85
3857.7
3888.55932203
3999.8
3830.8
3729.9
3820.95
3741.30508475
3937.8
3821.1
3743.9
3872.1
3702.75
3762.96610169
4019.6
3938.35
3754.05
3957.1
3670.95
3888.30508475
3769.95
3694.8
3633.75
3924.0
--END OF 7--
1061.71666667
1087.86666667
1064.21666667
1072.71186441
1121.25
1086.7
1070.15
1038.1
1100.45
1076.23333333
1070.11864407
1070.63333333
1094.18333333
1126.01666667
1107.15
1117.11864407
1076.03333333
1094.31666667
1074.15
1062.56666667
1062.1
1047.54237288
1087.7
1050.6
1113.45
1077.5
1071.8
1115.47457627
1065.95
1086.01666667
1093.8
1095.76666667
1010.69491525
1072.05
1097.38333333
1090.18333333
1078.16666667
1101.71666667
1081.33898305
1113.21666667
1067.05
1027.65
1068.7
1038.6779661
1094.31666667
1057.31666667
1026.6
1081.53333333
1030.51666667
1047.79661017
1119.8
1106.96666667
1040.71666667
1090.45
1029.08333333
1060.84745763
1053.45
1025.9
1008.3
1073.60344828
--END OF 8--
175.2
175.25
152.716666667
169.745762712
174.316666667
154.183333333
160.366666667
168.3
166.616666667
162.816666667
174.203389831
163.983333333
170.633333333
156.966666667
169.866666667
172.694915254
153.483333333
166.783333333
154.083333333
163.25
163.566666667
167.830508475
175.8
165.35
165.75
137.2
164.4
169.542372881
180.733333333
175.05
172.066666667
160.9
159.728813559
162.816666667
161.9
178.45
165.566666667
175.816666667
155.406779661
168.383333333
185.15
156.15
156.9
145.169491525
158.3
166.616666667
162.616666667
174.783333333
159.6
158.983050847
167.916666667
158.716666667
164.966666667
164.483333333
163.85
147.203389831
156.5
147.75
156.5
166.672413793
--END OF 9--
8.23333333333
7.66666666667
8.06666666667
8.86440677966
6.36666666667
9.45
9.75
9.85
9.65
13.45
13.6440677966
9.4
9.1
9.7
6.38333333333
8.06779661017
8.26666666667
8.96666666667
10.3666666667
7.56666666667
12.7
6.69491525424
6.6
8.1
6.7
4.35
8.2
9.45762711864
11.05
8.35
6.65
8.25
9.89830508475
10.1
6.43333333333
6.76666666667
3.68333333333
4.13333333333
7.27118644068
8.73333333333
10.9833333333
8.6
4.6
5.89830508475
4.68333333333
6.28333333333
7.15
11.5166666667
11.95
10.8474576271
7.48333333333
9.71666666667
8.81666666667
5.46666666667
7.35
11.2542372881
10.0
9.85
7.35
6.58620689655
--END OF 10--
1.4
0.916666666667
2.1
3.49152542373
2.25
1.81666666667
3.15
1.5
1.1
2.95
2.15254237288
2.15
2.0
1.35
1.4
1.47457627119
1.38333333333
2.18333333333
4.16666666667
1.88333333333
3.23333333333
1.57627118644
2.6
1.3
1.95
1.65
2.1
3.57627118644
2.81666666667
0.883333333333
1.03333333333
1.23333333333
3.25423728814
0.583333333333
2.1
2.11666666667
0.0
0.866666666667
1.35593220339
1.95
1.85
2.1
0.7
0.915254237288
0.783333333333
2.26666666667
0.516666666667
1.78333333333
3.38333333333
1.96610169492
2.31666666667
5.68333333333
2.21666666667
1.88333333333
0.55
2.59322033898
2.45
1.7
1.8
2.1724137931
--END OF 11--
0.0333333333333
0.0
0.466666666667
0.186440677966
0.85
0.9
0.4
0.1
0.0
0.0
0.0
0.0
0.8
0.666666666667
0.4
0.423728813559
0.0833333333333
0.0
0.483333333333
0.516666666667
0.35
0.423728813559
0.0
0.55
1.45
0.5
0.4
0.101694915254
0.0
0.0
0.0
0.666666666667
0.338983050847
0.0
0.333333333333
0.0
0.0
0.0
0.0
1.31666666667
0.05
0.0
0.1
0.406779661017
0.0
0.0
0.0
0.0
0.233333333333
0.440677966102
0.0
0.5
0.166666666667
0.0333333333333
0.433333333333
0.576271186441
0.75
0.25
0.0
0.48275862069
--END OF 12--
