16.3666666667
16.3
15.7666666667
16.1694915254
15.7666666667
15.9833333333
15.4
14.7666666667
15.2333333333
16.2711864407
15.5166666667
16.0
15.4833333333
15.2833333333
15.1
16.3389830508
16.0333333333
15.6833333333
16.0166666667
15.4833333333
14.0
14.6
16.0166666667
15.5333333333
14.95
15.5084745763
14.5166666667
16.5333333333
15.6833333333
14.6333333333
15.1
14.8644067797
14.8333333333
15.1666666667
14.6166666667
14.2833333333
14.5593220339
15.65
14.25
15.0833333333
14.1
15.4576271186
14.6333333333
14.9833333333
14.5833333333
16.2833333333
15.4915254237
14.8666666667
16.0
14.9666666667
14.9833333333
15.8
15.1694915254
14.5
15.45
15.2
15.2666666667
15.5762711864
16.3333333333
16.4210526316
--END OF 1--
23.35
23.4166666667
21.9833333333
23.3559322034
23.9166666667
21.5666666667
21.7333333333
20.9833333333
20.2333333333
22.9491525424
22.35
21.3
21.1833333333
22.8833333333
20.75
21.5423728814
21.8666666667
22.6166666667
21.75
21.75
20.8305084746
20.2333333333
21.1666666667
21.5
21.3166666667
20.2711864407
20.4666666667
21.1833333333
21.5833333333
20.0333333333
22.0333333333
21.0508474576
20.35
21.6
20.4666666667
20.0833333333
18.813559322
21.6166666667
19.5666666667
20.0166666667
20.0666666667
21.8474576271
20.2833333333
20.7333333333
20.9333333333
21.9833333333
21.1355932203
20.1333333333
21.4333333333
20.25
20.95
21.9
21.3898305085
21.5166666667
21.7166666667
22.6
23.1833333333
22.2203389831
21.3166666667
23.1929824561
--END OF 2--
25.05
24.5833333333
22.7833333333
23.8644067797
24.2833333333
21.9833333333
22.4166666667
21.3833333333
20.8333333333
23.8644067797
23.25
22.5
22.1333333333
23.9333333333
21.65
22.7118644068
22.2
23.3166666667
22.45
22.7
21.5084745763
20.2666666667
21.8666666667
22.3
22.0833333333
21.2711864407
21.1166666667
21.5833333333
21.7833333333
20.5833333333
22.8833333333
21.9491525424
20.9
22.05
21.3166666667
21.0333333333
19.813559322
22.1166666667
20.2833333333
20.8333333333
20.8333333333
22.7796610169
21.4833333333
21.2333333333
21.7833333333
22.3333333333
21.6949152542
20.4666666667
22.4
21.6
21.6666666667
22.0
22.4237288136
21.9
22.0666666667
23.65
23.65
22.813559322
22.4166666667
23.7192982456
--END OF 3--
16.3666666667
16.3
15.7666666667
16.1694915254
15.7666666667
15.9833333333
15.4
14.7666666667
15.2333333333
16.2711864407
15.5166666667
16.0
15.4833333333
15.2833333333
15.1
16.3389830508
16.0333333333
15.6833333333
16.0166666667
15.4833333333
14.0
14.6
16.0166666667
15.5333333333
14.95
15.5084745763
14.5166666667
16.5333333333
15.6833333333
14.6333333333
15.1
14.8644067797
14.8333333333
15.1666666667
14.6166666667
14.2833333333
14.5593220339
15.65
14.25
15.0833333333
14.1
15.4576271186
14.6333333333
14.9833333333
14.5833333333
16.2833333333
15.4915254237
14.8666666667
16.0
14.9666666667
14.9833333333
15.8
15.1694915254
14.5
15.45
15.2
15.2666666667
15.5762711864
16.3333333333
16.4210526316
--END OF 4--
23.35
23.4166666667
21.9833333333
23.3559322034
23.9166666667
21.5666666667
21.7333333333
20.9833333333
20.2333333333
22.9491525424
22.35
21.3
21.1833333333
22.8833333333
20.75
21.5423728814
21.8666666667
22.6166666667
21.75
21.75
20.8305084746
20.2333333333
21.1666666667
21.5
21.3166666667
20.2711864407
20.4666666667
21.1833333333
21.5833333333
20.0333333333
22.0333333333
21.0508474576
20.35
21.6
20.4666666667
20.0833333333
18.813559322
21.6166666667
19.5666666667
20.0166666667
20.0666666667
21.8474576271
20.2833333333
20.7333333333
20.9333333333
21.9833333333
21.1355932203
20.1333333333
21.4333333333
20.25
20.95
21.9
21.3898305085
21.5166666667
21.7166666667
22.6
23.1833333333
22.2203389831
21.3166666667
23.1929824561
--END OF 5--
25.05
24.5833333333
22.7833333333
23.8644067797
24.2833333333
21.9833333333
22.4166666667
21.3833333333
20.8333333333
23.8644067797
23.25
22.5
22.1333333333
23.9333333333
21.65
22.7118644068
22.2
23.3166666667
22.45
22.7
21.5084745763
20.2666666667
21.8666666667
22.3
22.0833333333
21.2711864407
21.1166666667
21.5833333333
21.7833333333
20.5833333333
22.8833333333
21.9491525424
20.9
22.05
21.3166666667
21.0333333333
19.813559322
22.1166666667
20.2833333333
20.8333333333
20.8333333333
22.7796610169
21.4833333333
21.2333333333
21.7833333333
22.3333333333
21.6949152542
20.4666666667
22.4
21.6
21.6666666667
22.0
22.4237288136
21.9
22.0666666667
23.65
23.65
22.813559322
22.4166666667
23.7192982456
--END OF 6--
3106.1
3020.0
2908.95
3018.20338983
2963.0
2911.45
2927.5
2852.5
2898.1
3026.38983051
3034.0
2958.0
2929.35
2969.4
2845.5
2939.38983051
2986.3
2987.45
2998.0
2894.05
2746.37288136
2741.8
2912.05
2848.05
2781.95
2848.27118644
2746.95
3051.3
2989.05
2725.35
2890.35
2741.59322034
2796.75
2829.25
2748.55
2819.75
2708.6440678
2967.6
2738.35
2787.8
2684.05
2920.22033898
2730.15
2847.75
2721.0
3046.95
2865.61016949
2818.2
2942.0
2815.05
2868.3
2904.25
2870.38983051
2821.05
2963.75
2986.55
2865.85
3077.74576271
3035.3
2987.78947368
--END OF 7--
866.133333333
854.383333333
827.283333333
852.06779661
840.533333333
839.633333333
826.083333333
804.483333333
813.366666667
855.288135593
857.3
836.8
814.85
829.55
796.85
836.508474576
832.866666667
828.566666667
835.266666667
817.766666667
766.694915254
767.6
805.416666667
813.316666667
789.1
798.813559322
769.4
846.15
836.25
769.25
805.183333333
758.050847458
780.8
801.333333333
771.116666667
797.783333333
759.661016949
833.65
754.75
781.533333333
757.25
817.474576271
776.65
789.9
771.3
851.95
791.118644068
796.683333333
815.433333333
780.166666667
805.7
817.716666667
799.983050847
767.833333333
820.716666667
844.416666667
809.883333333
838.322033898
858.216666667
843.385964912
--END OF 8--
148.8
132.316666667
128.866666667
154.830508475
145.833333333
115.383333333
129.183333333
138.666666667
114.15
141.694915254
137.85
128.1
138.35
151.95
132.5
122.305084746
123.566666667
131.766666667
123.0
130.216666667
122.966101695
118.15
117.516666667
127.966666667
121.383333333
116.745762712
130.3
112.95
131.7
107.0
132.183333333
128.830508475
114.55
137.266666667
126.55
113.15
107.813559322
131.666666667
118.65
110.116666667
120.3
130.881355932
129.45
121.0
137.4
135.05
122.508474576
114.433333333
121.95
117.966666667
129.533333333
148.933333333
136.050847458
144.15
139.716666667
143.566666667
137.283333333
132.847457627
121.0
139.035087719
--END OF 9--
6.66666666667
7.85
3.05
4.03389830508
8.43333333333
2.76666666667
4.03333333333
3.15
2.28333333333
6.32203389831
7.56666666667
4.9
4.05
6.7
3.75
6.96610169492
4.13333333333
6.8
4.71666666667
5.36666666667
8.03389830508
5.33333333333
3.46666666667
4.46666666667
5.75
4.05084745763
5.45
2.55
1.55
5.3
7.93333333333
7.89830508475
6.86666666667
4.91666666667
5.35
5.38333333333
4.5593220339
3.8
4.65
3.95
4.41666666667
6.54237288136
5.4
2.75
5.85
3.45
3.59322033898
3.8
6.15
6.08333333333
5.58333333333
4.06666666667
6.20338983051
5.81666666667
3.98333333333
6.15
9.83333333333
4.18644067797
3.4
6.0701754386
--END OF 10--
2.26666666667
2.25
1.18333333333
0.610169491525
0.416666666667
0.583333333333
0.5
0.0666666666667
1.35
1.20338983051
1.2
1.55
1.0
1.5
1.55
1.72881355932
0.516666666667
0.966666666667
0.883333333333
1.05
1.15254237288
0.0833333333333
0.766666666667
0.733333333333
0.5
0.457627118644
0.55
0.0
0.35
0.45
0.933333333333
0.406779661017
0.516666666667
0.516666666667
1.15
1.5
1.5593220339
0.766666666667
1.16666666667
1.45
1.25
1.5593220339
1.9
0.85
1.1
0.5
0.508474576271
0.2
1.05
1.45
0.966666666667
0.0
1.01694915254
0.5
0.0
1.73333333333
0.616666666667
0.457627118644
1.7
0.736842105263
--END OF 11--
1.73333333333
0.266666666667
0.7
0.406779661017
0.0
0.0
0.0
0.0
0.0
0.0
0.166666666667
0.5
0.0
0.25
0.25
0.508474576271
0.0
0.0
0.0
0.5
0.0
0.0
0.5
0.0
0.5
0.0
0.5
0.0
0.35
0.15
0.266666666667
0.0
0.0
0.0
0.0
0.5
0.0
0.0
0.283333333333
0.45
0.133333333333
0.0
0.0
0.0
0.0
0.0
0.0
0.0333333333333
0.466666666667
1.0
0.0
0.0
0.0
0.0
0.0
0.233333333333
0.05
0.457627118644
0.0
0.0
--END OF 12--
