19.6166666667
20.3
19.4
19.9830508475
19.8166666667
19.8
20.2
19.4333333333
19.65
19.3333333333
20.186440678
19.1
20.1833333333
20.2166666667
20.1
20.25
19.186440678
19.25
20.1833333333
19.7833333333
21.1
20.9152542373
19.8333333333
20.2166666667
20.5333333333
18.8
18.9833333333
20.2881355932
20.4166666667
18.4833333333
18.6166666667
20.65
19.5333333333
19.7118644068
21.3
20.1833333333
19.2166666667
19.7
20.1355932203
19.85
19.5833333333
19.55
19.4333333333
18.15
18.2881355932
18.8333333333
18.6833333333
19.25
18.6
19.95
20.7457627119
19.55
19.5166666667
19.95
20.9833333333
19.6333333333
20.0169491525
21.1333333333
20.0333333333
20.8421052632
--END OF 1--
26.15
26.3
27.2833333333
27.2881355932
28.1166666667
26.8
28.7333333333
25.8333333333
27.7833333333
26.1833333333
27.2203389831
27.65
27.9666666667
27.0666666667
27.5166666667
27.5333333333
27.1525423729
26.9333333333
27.55
26.0833333333
28.4166666667
27.6949152542
28.1333333333
27.0666666667
27.6333333333
26.4
27.6666666667
28.7966101695
28.5666666667
25.75
25.8833333333
29.3166666667
25.6666666667
26.1016949153
28.4166666667
27.8833333333
26.75
26.3
27.1016949153
27.7666666667
26.1833333333
26.65
26.2666666667
24.6
25.5423728814
26.2333333333
25.2666666667
26.9833333333
26.0166666667
27.3166666667
27.4576271186
27.2333333333
25.5833333333
27.35
26.9833333333
27.1333333333
28.7796610169
27.7833333333
27.6833333333
28.9122807018
--END OF 2--
26.75
27.1333333333
28.4666666667
27.7796610169
29.0333333333
29.45
29.3833333333
26.25
28.3666666667
27.3833333333
28.5084745763
29.65
28.7333333333
27.6
28.3166666667
29.2166666667
28.2372881356
27.75
28.65
27.2666666667
29.6833333333
28.8983050847
28.7333333333
27.9166666667
28.4333333333
26.75
28.9
30.4745762712
29.85
26.6166666667
26.65
30.3333333333
26.1333333333
26.3050847458
29.3666666667
28.2666666667
28.4166666667
26.95
27.7457627119
27.9666666667
26.9833333333
27.1833333333
27.45
25.2666666667
26.5254237288
26.9333333333
25.5166666667
27.3333333333
26.4833333333
27.5666666667
28.1186440678
28.1833333333
25.8333333333
28.2666666667
28.95
28.3166666667
29.4576271186
28.7333333333
28.9833333333
29.2280701754
--END OF 3--
19.6
19.9
19.25
19.593220339
19.5166666667
19.65
19.8
19.3
19.35
19.1333333333
19.8813559322
18.85
19.6833333333
19.8333333333
19.8
19.8
19.1186440678
19.25
19.8833333333
19.5833333333
20.3833333333
20.2203389831
19.3833333333
19.5166666667
19.7333333333
18.6
18.9333333333
19.9491525424
19.8
18.3666666667
18.6166666667
19.8166666667
19.3166666667
19.5423728814
20.5
19.5
19.1166666667
19.2833333333
19.813559322
19.75
19.4333333333
19.5166666667
19.4166666667
18.15
18.2881355932
18.8333333333
18.5666666667
18.9166666667
18.35
19.4
20.1694915254
19.35
19.4
19.6
20.2
19.5833333333
19.7118644068
20.2833333333
19.5833333333
20.3859649123
--END OF 4--
26.15
26.3
27.2833333333
27.2881355932
28.1166666667
26.8
28.7333333333
25.8333333333
27.7833333333
26.1833333333
27.186440678
27.5833333333
27.9666666667
27.0333333333
27.45
27.5333333333
27.1525423729
26.9333333333
27.55
26.0833333333
28.2666666667
27.6949152542
28.0833333333
27.0666666667
27.6333333333
26.4
27.6166666667
28.7966101695
28.5333333333
25.5833333333
25.8833333333
29.0166666667
25.6666666667
26.1016949153
28.25
27.8
26.75
26.3
27.1016949153
27.7666666667
26.1833333333
26.65
26.2666666667
24.6
25.5423728814
26.2333333333
25.2666666667
26.9833333333
26.0166666667
27.3166666667
27.4576271186
27.2333333333
25.5833333333
27.35
26.9833333333
27.1333333333
28.593220339
27.7833333333
27.6833333333
28.7192982456
--END OF 5--
26.75
27.1333333333
28.4666666667
27.7796610169
29.0333333333
29.45
29.3833333333
26.25
28.3666666667
27.3833333333
28.5084745763
29.65
28.7333333333
27.6
28.3166666667
29.2166666667
28.2372881356
27.75
28.65
27.2666666667
29.6833333333
28.8983050847
28.7333333333
27.9166666667
28.4333333333
26.75
28.9
30.4745762712
29.85
26.6166666667
26.65
30.3333333333
26.1333333333
26.3050847458
29.3666666667
28.2666666667
28.4166666667
26.95
27.7457627119
27.9666666667
26.9833333333
27.1833333333
27.45
25.2666666667
26.5254237288
26.9333333333
25.5166666667
27.3333333333
26.4833333333
27.5666666667
28.1186440678
28.1833333333
25.8333333333
28.2666666667
28.95
28.3166666667
29.4576271186
28.7333333333
28.9833333333
29.2280701754
--END OF 6--
3637.65
3787.35
3748.45
3635.84745763
3768.05
3647.55
3793.25
3678.6
3754.05
3639.15
3815.18644068
3637.55
3820.25
3691.45
3771.9
3859.6
3662.94915254
3605.85
3668.1
3673.0
3795.0
3917.44067797
3725.25
3750.45
3869.1
3663.9
3651.6
3815.28813559
3797.95
3683.5
3553.65
3854.15
3622.55
3563.94915254
3946.55
3762.05
3662.45
3635.05
3646.88135593
3785.1
3627.0
3627.3
3652.6
3400.95
3422.23728814
3601.3
3655.15
3709.3
3684.8
3755.05
3807.05084746
3571.1
3504.0
3655.45
3706.5
3721.15
3692.84745763
3916.35
3832.5
3781.15789474
--END OF 7--
1010.18333333
1037.05
1023.15
1020.06779661
1031.63333333
1018.1
1059.26666667
1013.61666667
1035.91666667
1003.15
1051.72881356
1033.1
1056.01666667
1020.26666667
1026.38333333
1058.08333333
1002.98305085
987.766666667
1025.88333333
997.15
1076.65
1067.55932203
1053.2
1052.9
1084.1
1009.35
1026.7
1069.98305085
1065.93333333
1011.03333333
1000.71666667
1103.35
998.366666667
997.728813559
1083.7
1064.4
1021.46666667
1006.61666667
1023.38983051
1044.1
996.7
1012.55
999.45
939.3
952.525423729
1001.51666667
1006.76666667
1016.55
1011.41666667
1046.25
1052.86440678
994.266666667
993.4
1031.23333333
1033.85
1028.03333333
1042.01694915
1072.15
1052.55
1065.42105263
--END OF 8--
146.65
146.9
173.65
156.389830508
172.45
155.6
148.833333333
135.2
168.233333333
140.6
154.050847458
176.35
160.683333333
138.9
153.55
162.5
153.406779661
160.016666667
157.916666667
136.316666667
157.416666667
154.779661017
171.25
147.35
155.7
151.25
163.716666667
182.0
177.95
158.283333333
145.3
170.95
141.883333333
150.305084746
164.25
166.666666667
155.25
147.083333333
140.118644068
156.55
148.55
156.716666667
154.016666667
133.433333333
148.677966102
151.116666667
146.483333333
166.083333333
159.383333333
162.166666667
161.915254237
157.3
136.233333333
152.683333333
153.333333333
162.083333333
166.237288136
151.05
152.85
158.842105263
--END OF 9--
2.45
4.08333333333
3.75
5.47457627119
6.0
8.85
8.16666666667
4.35
5.63333333333
6.3
7.05084745763
7.9
7.41666666667
6.9
8.11666666667
7.08333333333
9.01694915254
7.95
7.86666666667
8.35
7.85
5.72881355932
4.25
8.0
5.85
8.7
9.66666666667
6.16949152542
7.31666666667
6.3
4.48333333333
8.78333333333
2.9
4.89830508475
5.1
6.81666666667
8.71666666667
4.8
6.69491525424
3.83333333333
5.9
6.53333333333
7.76666666667
7.16666666667
6.64406779661
5.98333333333
3.63333333333
5.1
4.95
5.36666666667
3.25423728814
7.51666666667
3.53333333333
6.98333333333
6.56666666667
8.48333333333
9.71186440678
5.6
8.25
5.84210526316
--END OF 10--
0.666666666667
1.28333333333
1.76666666667
0.593220338983
1.51666666667
4.4
0.983333333333
0.8
0.6
2.2
1.69491525424
3.36666666667
0.816666666667
0.666666666667
0.766666666667
1.25
1.4406779661
0.683333333333
1.05
1.95
1.71666666667
1.30508474576
0.9
0.25
1.2
0.15
2.01666666667
2.06779661017
1.93333333333
0.816666666667
1.15
1.3
0.683333333333
0.0
1.31666666667
0.0833333333333
1.81666666667
0.2
1.20338983051
0.05
1.6
0.616666666667
1.3
0.733333333333
1.13559322034
1.08333333333
0.266666666667
0.533333333333
0.766666666667
0.366666666667
0.983050847458
1.53333333333
0.0
0.85
3.25
1.61666666667
0.864406779661
1.8
1.95
0.526315789474
--END OF 11--
0.5
0.0
0.0
0.0
0.0
0.5
0.0
0.0
0.0
0.0
0.508474576271
0.566666666667
0.483333333333
0.0166666666667
0.0
0.5
0.389830508475
0.0833333333333
0.0
0.0
0.0
0.0
0.0
0.0
0.35
0.15
0.0
0.898305084746
0.283333333333
0.0
0.5
0.0
0.0
0.0
0.0
0.0
0.0
0.0
0.0
0.0
0.3
0.2
0.0
0.7
0.305084745763
0.0
0.0
0.0
0.0
0.366666666667
0.508474576271
0.5
0.0
0.0
0.766666666667
0.233333333333
0.0
0.0
0.0
0.0
--END OF 12--
