27.25
26.5833333333
26.4
26.1833333333
26.3666666667
27.2166666667
27.5333333333
26.2542372881
25.9833333333
27.9666666667
25.1833333333
25.3166666667
27.25
26.9333333333
26.2372881356
27.6166666667
26.65
26.95
28.6166666667
26.5833333333
25.5593220339
26.6666666667
26.35
25.8
27.8
25.4333333333
25.0677966102
25.8333333333
26.4666666667
27.35
27.05
26.5423728814
27.7333333333
27.2833333333
27.6333333333
27.7333333333
25.95
28.6610169492
30.55
28.4833333333
29.4
28.8
29.3220338983
28.45
29.7
30.5333333333
28.1666666667
29.5333333333
29.2372881356
31.0166666667
28.65
28.5166666667
30.3833333333
29.2542372881
28.8833333333
29.6333333333
29.5833333333
30.2166666667
30.8666666667
26.8596491228
--END OF 1--
38.3
36.7666666667
37.4833333333
36.0833333333
35.1166666667
37.25
36.5333333333
37.2372881356
36.5833333333
38.75
34.6333333333
33.9333333333
37.3166666667
37.85
37.3728813559
36.9333333333
35.2333333333
36.2166666667
39.1
37.6166666667
35.6101694915
36.5
35.1
36.4
38.3666666667
36.1
36.3389830508
34.35
36.3166666667
36.5333333333
35.85
35.7627118644
39.2
37.25
37.5666666667
39.0166666667
37.75
39.7796610169
40.6
39.0333333333
39.9
41.1166666667
42.4237288136
41.4166666667
42.0166666667
41.25
37.2833333333
40.4
40.4576271186
42.9833333333
40.3333333333
39.95
43.0333333333
40.1186440678
40.8333333333
41.1833333333
40.8666666667
43.7833333333
41.55
38.0877192982
--END OF 2--
39.65
37.6666666667
38.9
38.6333333333
36.2666666667
38.85
38.3666666667
37.7288135593
38.4166666667
39.7
35.65
35.45
38.6166666667
39.5
38.3050847458
38.9
36.55
36.6833333333
40.2666666667
38.7666666667
36.8474576271
37.4166666667
35.5
37.35
40.2333333333
38.8166666667
38.4745762712
35.8333333333
38.8333333333
38.5166666667
36.6166666667
36.9491525424
41.3166666667
38.1
38.7666666667
41.0333333333
38.45
40.7288135593
42.35
41.8666666667
41.4166666667
42.7166666667
45.2372881356
43.1666666667
43.9166666667
42.35
38.3333333333
42.25
42.4915254237
43.9
41.6833333333
41.9666666667
44.95
40.8813559322
42.0833333333
43.3333333333
42.4333333333
45.8666666667
43.1333333333
40.0350877193
--END OF 3--
23.8666666667
23.45
23.2833333333
23.3333333333
23.3333333333
23.6
23.8666666667
23.2372881356
23.1833333333
24.1833333333
22.85
22.9666666667
23.8333333333
23.6833333333
23.3898305085
24.0333333333
23.5
23.6
24.7166666667
23.6
22.8983050847
23.3166666667
23.4
23.15
24.2666666667
22.8
22.5084745763
23.0333333333
23.3666666667
24.0166666667
23.75
23.4915254237
24.1333333333
23.6166666667
24.0833333333
24.1333333333
23.1333333333
24.5593220339
25.85
24.4333333333
25.0666666667
24.6333333333
25.2033898305
24.4666666667
25.3666666667
25.9166666667
24.5
25.4333333333
25.0169491525
26.0333333333
24.65
24.5166666667
25.9166666667
25.0508474576
24.7666666667
25.5833333333
25.3333333333
25.6833333333
26.0666666667
23.6315789474
--END OF 4--
34.7666666667
33.7333333333
34.3
33.3833333333
32.8833333333
33.95
33.55
34.1186440678
33.7
35.0833333333
32.6166666667
32.35
34.1666666667
34.6166666667
34.2711864407
33.8666666667
33.0
33.5666666667
35.35
34.35
33.1186440678
33.5833333333
32.8
33.5
34.9
33.2
33.3389830508
32.3666666667
33.4333333333
33.7166666667
33.1
33.1186440678
35.2166666667
33.9333333333
34.3833333333
34.9333333333
34.35
35.3728813559
35.85
35.0666666667
35.5833333333
36.3166666667
37.1525423729
36.35
37.0
36.45
34.0833333333
36.0
36.0338983051
37.5
35.8666666667
35.6166666667
37.4333333333
35.7288135593
36.1
36.3333333333
36.2166666667
38.1333333333
36.6333333333
34.649122807
--END OF 5--
39.65
37.6666666667
38.9
38.6333333333
36.2666666667
38.85
38.3666666667
37.7288135593
38.4166666667
39.7
35.65
35.45
38.6166666667
39.5
38.3050847458
38.9
36.55
36.6833333333
40.2666666667
38.7666666667
36.8474576271
37.4166666667
35.5
37.35
40.2333333333
38.8166666667
38.4745762712
35.8333333333
38.8333333333
38.5166666667
36.6166666667
36.9491525424
41.3
38.1
38.7166666667
41.0333333333
38.45
40.7288135593
42.35
41.8666666667
41.4166666667
42.5333333333
44.593220339
43.1333333333
43.6166666667
42.3333333333
38.3333333333
42.25
42.3220338983
43.5833333333
41.5666666667
41.8833333333
44.3833333333
40.8813559322
42.0333333333
43.3333333333
42.1166666667
45.2333333333
42.9333333333
40.0350877193
--END OF 6--
5006.75
4903.8
4877.55
4730.1
4803.55
4896.35
5116.55
4919.74576271
4625.0
5081.8
4712.0
4670.05
4967.8
4884.6
4865.94915254
5106.2
4819.5
4800.9
5149.3
4883.7
4673.94915254
4850.55
4773.75
4770.75
4949.2
4750.2
4752.0
4771.0
4941.85
4998.75
4938.75
4896.15254237
5010.55
4955.05
5077.4
5117.8
4844.55
5180.28813559
5584.65
5275.65
5351.05
5468.05
5479.3220339
5288.6
5475.45
5540.0
5277.9
5410.6
5352.86440678
5616.65
5299.4
5365.3
5531.15
5317.11864407
5352.05
5422.05
5268.05
5550.8
5525.55
5051.89473684
--END OF 7--
1413.58333333
1368.03333333
1371.26666667
1328.3
1346.81666667
1391.58333333
1422.68333333
1373.96610169
1317.63333333
1425.66666667
1289.15
1302.46666667
1381.35
1383.81666667
1365.74576271
1410.21666667
1353.36666667
1351.76666667
1436.45
1363.96666667
1319.27118644
1376.26666667
1330.9
1315.15
1386.51666667
1318.6
1336.74576271
1307.33333333
1373.85
1363.41666667
1377.53333333
1360.50847458
1413.7
1409.58333333
1404.6
1447.55
1347.93333333
1469.06779661
1539.95
1477.3
1500.16666667
1532.21666667
1529.22033898
1491.6
1521.15
1560.51666667
1444.75
1510.68333333
1497.93220339
1582.26666667
1480.81666667
1511.75
1546.61666667
1497.44067797
1510.41666667
1522.3
1515.85
1567.43333333
1549.1
1408.78947368
--END OF 8--
225.183333333
215.233333333
226.466666667
229.0
203.45
213.2
192.95
217.305084746
201.833333333
217.166666667
196.15
184.216666667
217.466666667
221.983333333
209.677966102
202.833333333
187.316666667
193.133333333
233.25
214.716666667
206.0
208.2
190.7
215.15
226.3
227.616666667
227.084745763
200.85
208.55
197.466666667
201.0
189.949152542
228.333333333
206.066666667
217.866666667
225.25
226.4
238.237288136
200.35
237.2
235.25
236.816666667
250.728813559
247.683333333
235.65
242.55
199.483333333
235.366666667
228.983050847
249.8
241.383333333
224.35
245.866666667
228.881355932
238.166666667
231.1
220.45
255.35
237.466666667
219.578947368
--END OF 9--
9.73333333333
9.33333333333
11.45
10.15
6.56666666667
9.91666666667
9.75
8.49152542373
12.9
10.7833333333
6.46666666667
7.81666666667
6.41666666667
10.3333333333
9.49152542373
10.0333333333
7.41666666667
7.68333333333
9.73333333333
12.1833333333
11.3050847458
7.06666666667
6.55
9.65
11.2833333333
13.4833333333
9.98305084746
7.56666666667
11.2666666667
11.7666666667
5.61666666667
6.64406779661
13.1833333333
8.41666666667
8.86666666667
14.5166666667
10.2
11.2711864407
11.95
10.15
6.85
12.0666666667
15.0847457627
15.1
15.45
8.61666666667
4.86666666667
8.25
12.6779661017
8.9
11.2666666667
13.9666666667
12.8
9.96610169492
11.15
14.4
12.75
14.4833333333
9.08333333333
11.0526315789
--END OF 10--
1.46666666667
1.11666666667
1.81666666667
4.2
1.31666666667
1.73333333333
2.03333333333
1.22033898305
3.3
1.3
1.68333333333
1.21666666667
1.68333333333
1.93333333333
1.18644067797
3.0
1.68333333333
0.7
1.06666666667
1.78333333333
1.16949152542
1.01666666667
0.65
1.9
3.2
4.8
2.42372881356
2.46666666667
2.3
2.83333333333
1.13333333333
1.83050847458
2.91666666667
1.01666666667
1.58333333333
2.93333333333
1.0
1.15254237288
1.6
4.03333333333
1.73333333333
2.3
3.61016949153
2.43333333333
2.06666666667
1.11666666667
1.36666666667
2.88333333333
3.27118644068
1.51666666667
1.6
2.13333333333
3.31666666667
1.25423728814
1.2
2.2
2.16666666667
3.1
2.01666666667
2.38596491228
--END OF 11--
0.0
0.0
0.55
1.2
0.65
0.766666666667
0.466666666667
0.0
0.0
0.2
0.0
0.0
1.06666666667
0.0
0.0
0.783333333333
0.183333333333
0.0
0.5
0.4
0.186440677966
0.4
0.0
0.0
0.366666666667
0.0
1.05084745763
0.0
0.5
0.0
0.0333333333333
0.474576271186
0.166666666667
0.0
0.466666666667
0.4
0.0
0.508474576271
0.25
0.75
0.433333333333
0.0
0.593220338983
0.216666666667
0.183333333333
0.15
0.0
0.0
0.0
0.0
0.266666666667
0.25
0.716666666667
0.0338983050847
0.166666666667
0.5
0.4
0.35
0.0
0.526315789474
--END OF 12--
