12.0166666667
11.6833333333
10.186440678
10.7166666667
10.9166666667
10.8166666667
10.2666666667
10.2666666667
12.4915254237
10.7333333333
11.0166666667
11.9666666667
11.0333333333
11.35
11.0677966102
10.8166666667
11.3666666667
10.6833333333
11.5833333333
9.71666666667
11.2033898305
10.15
9.98333333333
10.7
12.1333333333
10.1333333333
10.6949152542
12.2
10.9333333333
10.9833333333
11.8666666667
10.6440677966
10.4333333333
11.6333333333
11.9666666667
11.1
11.2333333333
11.1525423729
10.3333333333
10.3166666667
10.75
11.2166666667
10.4333333333
10.8644067797
11.55
11.25
11.25
10.25
11.2666666667
10.7627118644
11.7166666667
11.8
11.5666666667
10.6666666667
10.4
11.5084745763
12.05
11.5166666667
11.0
11.0172413793
--END OF 1--
15.4833333333
14.6333333333
13.8474576271
13.7166666667
14.4
14.9166666667
13.9666666667
13.3333333333
15.8474576271
13.8333333333
13.8166666667
14.9166666667
14.9333333333
15.4
14.6440677966
15.1833333333
15.3666666667
13.75
14.6166666667
14.1166666667
15.0338983051
13.45
13.1333333333
15.4166666667
15.9833333333
14.2333333333
15.3050847458
16.2
14.4333333333
15.2833333333
15.5166666667
14.7796610169
15.3666666667
15.5333333333
16.05
15.5333333333
14.5666666667
15.3389830508
14.25
14.15
15.55
15.4833333333
14.6166666667
14.0
15.85
15.8
15.6
13.95
15.2666666667
14.2372881356
15.6666666667
16.2666666667
15.7333333333
14.0
14.35
14.9661016949
15.6833333333
14.9833333333
14.2833333333
14.4137931034
--END OF 2--
15.8666666667
16.3666666667
14.6101694915
13.8
14.4
15.3666666667
14.7333333333
14.3166666667
15.9491525424
15.0833333333
13.8166666667
15.2166666667
15.2333333333
15.45
14.9491525424
15.6833333333
15.5
13.9666666667
14.95
15.1666666667
16.0169491525
14.1666666667
13.8666666667
15.7833333333
16.8833333333
15.2833333333
15.4406779661
16.75
15.5833333333
15.5833333333
16.3666666667
15.6271186441
15.5833333333
16.1
16.4333333333
16.1666666667
15.3666666667
15.6101694915
14.8
14.5166666667
15.9333333333
15.6166666667
15.8666666667
14.8813559322
16.3
16.45
16.3
14.9
15.7666666667
14.4915254237
16.2166666667
16.95
15.7333333333
14.05
14.7
15.4237288136
15.75
15.3833333333
15.05
14.8275862069
--END OF 3--
12.0166666667
11.6833333333
10.186440678
10.7166666667
10.9166666667
10.8166666667
10.2666666667
10.2666666667
12.4915254237
10.7333333333
11.0166666667
11.9666666667
11.0333333333
11.35
11.0677966102
10.8166666667
11.3666666667
10.6833333333
11.5833333333
9.71666666667
11.2033898305
10.15
9.98333333333
10.7
12.1333333333
10.1333333333
10.6949152542
12.2
10.9333333333
10.9833333333
11.8666666667
10.6440677966
10.4333333333
11.6333333333
11.9666666667
11.1
11.2333333333
11.1525423729
10.3333333333
10.3166666667
10.75
11.2166666667
10.4333333333
10.8644067797
11.55
11.25
11.25
10.25
11.2666666667
10.7627118644
11.7166666667
11.8
11.5666666667
10.6666666667
10.4
11.5084745763
12.05
11.5166666667
11.0
11.0172413793
--END OF 4--
15.4833333333
14.6333333333
13.8474576271
13.7166666667
14.4
14.9166666667
13.9666666667
13.3333333333
15.8474576271
13.8333333333
13.8166666667
14.9166666667
14.9333333333
15.4
14.6440677966
15.1833333333
15.3666666667
13.75
14.6166666667
14.1166666667
15.0338983051
13.45
13.1333333333
15.4166666667
15.9833333333
14.2333333333
15.3050847458
16.2
14.4333333333
15.2833333333
15.5166666667
14.7796610169
15.3666666667
15.5333333333
16.05
15.5333333333
14.5666666667
15.3389830508
14.25
14.15
15.55
15.4833333333
14.6166666667
14.0
15.85
15.8
15.6
13.95
15.2666666667
14.2372881356
15.6666666667
16.2666666667
15.7333333333
14.0
14.35
14.9661016949
15.6833333333
14.9833333333
14.2833333333
14.4137931034
--END OF 5--
15.8666666667
16.3666666667
14.6101694915
13.8
14.4
15.3666666667
14.7333333333
14.3166666667
15.9491525424
15.0833333333
13.8166666667
15.2166666667
15.2333333333
15.45
14.9491525424
15.6833333333
15.5
13.9666666667
14.95
15.1666666667
16.0169491525
14.1666666667
13.8666666667
15.7833333333
16.8833333333
15.2833333333
15.4406779661
16.75
15.5833333333
15.5833333333
16.3666666667
15.6271186441
15.5833333333
16.1
16.4333333333
16.1666666667
15.3666666667
15.6101694915
14.8
14.5166666667
15.9333333333
15.6166666667
15.8666666667
14.8813559322
16.3
16.45
16.3
14.9
15.7666666667
14.4915254237
16.2166666667
16.95
15.7333333333
14.05
14.7
15.4237288136
15.75
15.3833333333
15.05
14.8275862069
--END OF 6--
2294.55
2225.15
2008.93220339
2004.15
2080.35
2199.15
1986.85
2115.7
2366.18644068
2064.75
2077.65
2269.05
2108.85
2113.95
2111.23728814
2083.6
2192.85
2060.35
2245.4
2052.95
2196.25423729
2116.6
2046.3
2041.9
2386.45
2034.9
2055.81355932
2318.4
2222.4
2235.15
2334.15
2027.6440678
2124.65
2207.65
2286.3
2140.5
2121.45
2183.38983051
2029.05
2135.75
2099.35
2152.9
2066.3
2114.13559322
2204.4
2244.3
2167.65
1964.55
2190.0
2158.22033898
2318.2
2250.85
2337.95
2210.5
2163.6
2207.13559322
2272.35
2224.3
2128.7
2141.84482759
--END OF 7--
622.316666667
610.45
557.508474576
558.95
566.633333333
589.283333333
557.483333333
570.883333333
660.93220339
564.1
586.2
631.5
595.1
578.9
585.084745763
587.766666667
602.466666667
563.316666667
613.383333333
562.6
621.305084746
581.616666667
569.266666667
579.266666667
643.733333333
551.633333333
576.169491525
648.0
605.25
621.25
643.5
567.050847458
581.1
617.816666667
635.083333333
589.9
583.283333333
600.06779661
573.0
592.833333333
592.583333333
614.6
581.95
589.152542373
618.0
617.3
607.55
545.85
608.75
590.898305085
635.066666667
618.883333333
626.216666667
604.966666667
598.933333333
609.915254237
627.116666667
612.55
582.516666667
589.482758621
--END OF 8--
86.7833333333
74.2666666667
87.2542372881
77.3333333333
81.8666666667
83.9333333333
79.9333333333
74.7166666667
77.5254237288
72.55
69.0
72.9
86.25
97.05
85.0338983051
96.8833333333
86.1666666667
82.9333333333
78.2666666667
87.1333333333
81.6271186441
82.2833333333
75.95
89.9166666667
93.45
81.9333333333
88.8305084746
89.55
81.55
90.0
87.7
77.3559322034
86.25
87.25
86.9666666667
96.3833333333
79.0
92.8474576271
85.6666666667
79.4833333333
91.7
91.05
81.8333333333
70.7796610169
90.6
81.6
92.6
75.0
82.7
72.3220338983
84.1666666667
89.45
93.0333333333
81.2833333333
74.8
80.3898305085
91.2166666667
78.5666666667
82.0166666667
72.6034482759
--END OF 9--
2.01666666667
4.86666666667
1.8813559322
1.78333333333
1.71666666667
3.88333333333
4.31666666667
2.68333333333
1.13559322034
5.2
1.15
0.5
0.8
3.55
1.69491525424
2.65
2.3
0.816666666667
2.36666666667
6.4
7.16949152542
2.18333333333
2.1
5.85
5.98333333333
8.2
5.16949152542
3.65
2.7
2.55
5.15
7.32203389831
5.91666666667
3.93333333333
3.13333333333
3.83333333333
2.93333333333
2.5593220339
3.6
2.06666666667
3.55
3.48333333333
5.85
3.13559322034
4.15
3.25
2.85
3.85
5.05
1.76271186441
2.91666666667
6.65
1.61666666667
1.73333333333
4.21666666667
1.28813559322
1.68333333333
2.18333333333
2.25
4.05172413793
--END OF 10--
0.566666666667
2.9
1.03389830508
0.183333333333
0.0
0.0
1.18333333333
1.31666666667
0.661016949153
1.35
0.0
0.5
0.5
0.05
0.457627118644
1.0
0.183333333333
0.316666666667
0.516666666667
1.61666666667
1.38983050847
1.28333333333
1.21666666667
0.266666666667
0.5
1.15
0.186440677966
0.6
1.3
0.5
0.8
1.33898305085
0.383333333333
0.516666666667
0.483333333333
0.183333333333
1.2
0.627118644068
1.0
0.366666666667
0.133333333333
0.116666666667
1.3
1.61016949153
0.5
1.0
1.15
1.75
0.5
0.101694915254
0.5
0.5
0.0
0.0833333333333
0.416666666667
1.01694915254
0.216666666667
0.55
0.833333333333
0.862068965517
--END OF 11--
0.166666666667
0.0
0.0
0.0
0.0
0.0
0.0
1.0
0.0
0.0
0.0
0.0
0.0
0.0
0.0
0.0
0.0
0.0
0.0
0.0
0.0
0.0
0.0
0.0
0.266666666667
0.233333333333
0.0
0.2
0.8
0.0
0.0
0.0
0.0
0.0
0.0
0.183333333333
0.316666666667
0.0
0.0
0.0
0.0
0.116666666667
0.45
0.440677966102
0.0
0.5
0.3
0.2
0.0
0.0
0.0
0.0
0.0
0.0833333333333
0.416666666667
0.0
0.0
0.266666666667
0.35
0.344827586207
--END OF 12--
