13.05
12.7833333333
13.3666666667
11.7833333333
12.6333333333
13.7666666667
13.2203389831
13.4166666667
12.1666666667
13.2333333333
13.1333333333
12.6666666667
13.2542372881
13.5333333333
13.0166666667
13.5833333333
12.8833333333
12.7796610169
13.3333333333
13.0333333333
13.1333333333
13.15
11.813559322
12.7166666667
14.4
13.5833333333
13.45
13.8644067797
12.8666666667
12.9
13.3666666667
13.05
13.813559322
12.3833333333
13.15
13.45
13.2166666667
14.05
12.8983050847
12.7333333333
12.4666666667
12.4666666667
13.8666666667
13.3559322034
12.8666666667
12.85
13.1
13.9
13.8474576271
14.65
13.8
14.0666666667
13.2
14.8833333333
13.8983050847
13.45
13.6166666667
13.2833333333
14.5333333333
12.2105263158
--END OF 1--
19.2666666667
18.4333333333
19.1666666667
16.9333333333
17.6333333333
19.5666666667
18.7288135593
19.9333333333
18.1
18.6333333333
18.3166666667
17.1333333333
19.6101694915
19.4166666667
19.35
19.7166666667
17.85
17.5423728814
18.2333333333
18.9833333333
19.4666666667
18.0
17.5423728814
18.2
20.35
19.2333333333
19.9666666667
20.2542372881
19.0833333333
18.7333333333
19.6833333333
19.85
18.406779661
18.5333333333
19.85
18.65
19.0666666667
19.7
17.7118644068
19.15
18.0833333333
18.9
19.4
18.4406779661
18.4833333333
19.4166666667
18.4666666667
18.9166666667
20.5423728814
19.9
20.55
20.2333333333
18.25
20.1833333333
20.7118644068
19.5166666667
20.0
18.9333333333
18.9666666667
16.3157894737
--END OF 2--
20.5333333333
19.1833333333
19.9166666667
17.3833333333
18.6833333333
20.0666666667
19.0
20.2333333333
19.0166666667
19.95
18.8
17.8666666667
20.5254237288
20.4166666667
20.35
20.8666666667
18.85
18.6101694915
19.2333333333
19.2333333333
19.75
18.6
19.0847457627
19.0166666667
21.4666666667
19.2333333333
21.2833333333
20.6440677966
19.55
19.2166666667
20.3833333333
20.4666666667
19.5593220339
19.4833333333
20.6
19.3
19.4666666667
19.95
17.7627118644
19.9
18.5833333333
19.2666666667
20.05
18.8983050847
19.15
20.2666666667
18.8833333333
20.1666666667
21.8644067797
21.2
21.55
20.9
19.7
22.1833333333
21.6101694915
20.5333333333
20.7833333333
19.55
19.2666666667
16.7368421053
--END OF 3--
13.05
12.7833333333
13.3666666667
11.7833333333
12.6333333333
13.7666666667
13.2203389831
13.4166666667
12.1666666667
13.2333333333
13.1333333333
12.6666666667
13.2542372881
13.5333333333
13.0166666667
13.5833333333
12.8833333333
12.7796610169
13.3333333333
13.0333333333
13.1333333333
13.15
11.813559322
12.7166666667
14.4
13.5833333333
13.45
13.8644067797
12.8666666667
12.9
13.3666666667
13.05
13.813559322
12.3833333333
13.15
13.45
13.2166666667
14.05
12.8983050847
12.7333333333
12.4666666667
12.4666666667
13.8666666667
13.3559322034
12.8666666667
12.85
13.1
13.9
13.8474576271
14.65
13.8
14.0666666667
13.2
14.8833333333
13.8983050847
13.45
13.6166666667
13.2833333333
14.5333333333
12.2105263158
--END OF 4--
19.2666666667
18.4333333333
19.1666666667
16.9333333333
17.6333333333
19.5666666667
18.7288135593
19.9333333333
18.1
18.6333333333
18.3166666667
17.1333333333
19.6101694915
19.4166666667
19.35
19.7166666667
17.85
17.5423728814
18.2333333333
18.9833333333
19.4666666667
18.0
17.5423728814
18.2
20.35
19.2333333333
19.9666666667
20.2542372881
19.0833333333
18.7333333333
19.6833333333
19.85
18.406779661
18.5333333333
19.85
18.65
19.0666666667
19.7
17.7118644068
19.15
18.0833333333
18.9
19.4
18.4406779661
18.4833333333
19.4166666667
18.4666666667
18.9166666667
20.5423728814
19.9
20.55
20.2333333333
18.25
20.1833333333
20.7118644068
19.5166666667
20.0
18.9333333333
18.9666666667
16.3157894737
--END OF 5--
20.5333333333
19.1833333333
19.9166666667
17.3833333333
18.6833333333
20.0666666667
19.0
20.2333333333
19.0166666667
19.95
18.8
17.8666666667
20.5254237288
20.4166666667
20.35
20.8666666667
18.85
18.6101694915
19.2333333333
19.2333333333
19.75
18.6
19.0847457627
19.0166666667
21.4666666667
19.2333333333
21.2833333333
20.6440677966
19.55
19.2166666667
20.3833333333
20.4666666667
19.5593220339
19.4833333333
20.6
19.3
19.4666666667
19.95
17.7627118644
19.9
18.5833333333
19.2666666667
20.05
18.8983050847
19.15
20.2666666667
18.8833333333
20.1666666667
21.8644067797
21.2
21.55
20.9
19.7
22.1833333333
21.6101694915
20.5333333333
20.7833333333
19.55
19.2666666667
16.7368421053
--END OF 6--
2454.7
2508.6
2515.35
2267.4
2427.0
2557.35
2637.15254237
2584.0
2433.35
2458.2
2444.25
2353.05
2446.16949153
2587.25
2595.7
2657.5
2422.45
2301.86440678
2436.75
2412.15
2521.9
2372.55
2378.28813559
2339.65
2698.1
2569.85
2527.25
2611.6779661
2444.1
2424.6
2495.6
2560.0
2544.66101695
2425.05
2465.25
2579.25
2536.3
2645.25
2534.94915254
2583.2
2381.0
2417.3
2549.25
2448.81355932
2499.55
2519.8
2604.55
2616.75
2593.6779661
2654.85
2632.65
2551.85
2523.3
2709.3
2640.10169492
2564.4
2580.8
2533.9
2571.75
2360.52631579
--END OF 7--
699.116666667
700.8
706.65
629.25
681.25
731.9
727.203389831
713.383333333
675.75
696.833333333
698.733333333
659.9
690.542372881
734.833333333
727.45
739.3
679.266666667
664.338983051
686.25
678.05
722.15
679.1
663.644067797
667.516666667
758.983333333
709.233333333
714.216666667
730.728813559
688.483333333
686.833333333
708.366666667
702.733333333
716.06779661
671.55
709.05
720.3
705.0
749.75
699.389830508
720.733333333
679.116666667
673.8
728.6
695.898305085
700.9
711.8
730.383333333
728.2
736.0
744.25
740.25
739.083333333
698.25
776.2
744.949152542
724.983333333
738.733333333
725.766666667
722.35
653.210526316
--END OF 8--
119.966666667
117.3
125.55
106.05
107.7
132.6
114.474576271
128.566666667
108.1
114.033333333
106.183333333
101.566666667
133.644067797
125.016666667
117.3
125.883333333
108.833333333
98.0
107.05
117.15
130.0
115.85
111.305084746
116.8
128.033333333
110.733333333
124.566666667
126.338983051
129.4
115.15
121.033333333
121.066666667
116.966101695
131.7
115.2
122.55
122.633333333
116.9
103.271186441
126.516666667
120.566666667
122.683333333
107.733333333
106.610169492
110.133333333
121.066666667
108.733333333
111.883333333
131.559322034
110.7
132.95
133.483333333
127.0
116.55
127.254237288
116.716666667
132.833333333
120.283333333
121.816666667
101.315789474
--END OF 9--
8.56666666667
4.15
7.2
3.65
4.55
3.65
2.30508474576
4.41666666667
6.46666666667
6.88333333333
4.23333333333
5.53333333333
6.69491525424
4.56666666667
6.0
7.18333333333
5.68333333333
6.37288135593
5.7
3.2
3.46666666667
3.8
6.25423728814
5.61666666667
6.6
4.16666666667
8.08333333333
5.84745762712
5.18333333333
5.48333333333
6.33333333333
8.23333333333
4.32203389831
4.65
9.45
6.45
4.26666666667
3.25
3.18644067797
5.01666666667
2.71666666667
5.45
4.56666666667
5.45762711864
5.66666666667
8.75
3.93333333333
5.23333333333
5.42372881356
6.0
5.75
3.65
4.2
7.6
6.37288135593
8.25
4.63333333333
5.08333333333
2.41666666667
3.36842105263
--END OF 10--
1.93333333333
0.45
0.7
0.3
0.95
0.55
0.372881355932
0.5
0.816666666667
1.98333333333
0.383333333333
0.833333333333
1.27118644068
1.43333333333
0.866666666667
1.55
1.7
1.15254237288
1.25
0.5
0.666666666667
0.55
1.61016949153
0.95
1.41666666667
0.0
1.23333333333
0.271186440678
0.983333333333
0.516666666667
1.0
0.516666666667
1.50847457627
0.55
0.95
0.4
0.4
0.2
0.0
1.0
0.5
0.466666666667
1.0
0.0
1.06666666667
1.13333333333
0.7
1.23333333333
1.98305084746
2.0
1.55
0.866666666667
1.6
1.85
1.61016949153
1.46666666667
0.783333333333
0.55
0.0
0.789473684211
--END OF 11--
0.816666666667
0.05
0.7
0.3
0.0
0.0
0.0
0.0
0.0
0.5
0.0
0.0
0.0
0.0
0.5
0.0
0.0
0.0
0.0
0.0
0.0
0.0
0.0
0.0
0.5
0.0
0.5
0.0
0.0
0.0
0.5
0.5
0.508474576271
0.0
0.0
0.0
0.0
0.0
0.0
0.5
0.0
0.0
0.5
0.0
0.0
0.5
0.0
0.5
0.508474576271
0.5
0.2
0.2
0.0
0.0
0.0
0.0
0.5
0.0
0.0
0.0
--END OF 12--
