16.6
16.1833333333
14.55
15.75
15.4166666667
14.8305084746
15.9833333333
16.3833333333
14.8833333333
15.3166666667
15.4833333333
16.35
15.3728813559
15.05
14.9666666667
15.6
15.6
15.7457627119
14.8333333333
15.0666666667
14.6666666667
15.3
17.3050847458
16.0333333333
15.6833333333
15.2166666667
15.6166666667
15.3728813559
15.15
16.25
16.4833333333
16.9666666667
14.9166666667
15.6949152542
15.7166666667
15.65
16.8666666667
16.3666666667
15.9830508475
14.9333333333
16.0
15.5333333333
14.75
14.5084745763
15.15
15.4
16.45
17.3
16.6440677966
14.5333333333
16.6666666667
16.3833333333
15.95
15.1016949153
16.1
15.9833333333
15.8
14.6166666667
15.2881355932
15.8571428571
--END OF 1--
23.2333333333
22.3833333333
21.4166666667
21.9166666667
22.3666666667
21.4576271186
22.45
22.1166666667
20.35
21.2166666667
21.8333333333
22.4666666667
22.4237288136
20.55
21.9166666667
23.3
22.3666666667
22.4237288136
22.7166666667
20.4833333333
18.1333333333
21.3666666667
24.7288135593
23.0666666667
21.6333333333
21.75
21.8666666667
21.0508474576
21.0
21.9333333333
23.45
22.8833333333
21.5666666667
22.6271186441
22.1666666667
21.4666666667
23.25
23.4833333333
21.0169491525
20.9666666667
22.9666666667
21.75
21.5
21.3728813559
22.9166666667
22.0
22.85
22.9
22.3559322034
22.1333333333
23.7166666667
22.35
22.3333333333
22.0677966102
22.35
23.5666666667
22.6333333333
20.95
21.7118644068
23.3214285714
--END OF 2--
23.3166666667
22.8166666667
21.6333333333
23.05
23.5833333333
22.3559322034
23.4833333333
22.3666666667
21.7166666667
22.55
22.9666666667
23.7333333333
23.4237288136
22.0
22.6666666667
24.2333333333
23.8166666667
22.7627118644
24.45
22.15
18.3833333333
22.2166666667
26.186440678
23.6666666667
22.55
22.6333333333
22.9333333333
21.3898305085
21.45
22.4166666667
25.0166666667
23.65
22.8166666667
23.9322033898
22.9333333333
21.9
24.8166666667
24.5666666667
21.2881355932
21.5
23.6666666667
22.2666666667
21.8166666667
21.5762711864
23.4
23.1
23.45
23.0
23.3220338983
23.45
25.1166666667
22.35
22.7333333333
22.1355932203
23.2333333333
23.6833333333
23.9333333333
21.9666666667
22.6949152542
23.8571428571
--END OF 3--
16.6
16.1833333333
14.55
15.75
15.4166666667
14.8305084746
15.9833333333
16.3833333333
14.8833333333
15.3166666667
15.4833333333
16.35
15.3728813559
15.05
14.9666666667
15.6
15.6
15.7457627119
14.8333333333
15.0666666667
14.6666666667
15.3
17.3050847458
16.0333333333
15.6833333333
15.2166666667
15.6166666667
15.3728813559
15.15
16.25
16.4833333333
16.9666666667
14.9166666667
15.6949152542
15.7166666667
15.65
16.8666666667
16.3666666667
15.9830508475
14.9333333333
16.0
15.5333333333
14.75
14.5084745763
15.15
15.4
16.45
17.3
16.6440677966
14.5333333333
16.6666666667
16.3833333333
15.95
15.1016949153
16.1
15.9833333333
15.8
14.6166666667
15.2881355932
15.8571428571
--END OF 4--
23.2333333333
22.3833333333
21.4166666667
21.9166666667
22.3666666667
21.4576271186
22.45
22.1166666667
20.35
21.2166666667
21.8333333333
22.4666666667
22.4237288136
20.55
21.9166666667
23.3
22.3666666667
22.4237288136
22.7166666667
20.4833333333
18.1333333333
21.3666666667
24.7288135593
23.0666666667
21.6333333333
21.75
21.8666666667
21.0508474576
21.0
21.9333333333
23.45
22.8833333333
21.5666666667
22.6271186441
22.1666666667
21.4666666667
23.25
23.4833333333
21.0169491525
20.9666666667
22.9666666667
21.75
21.5
21.3728813559
22.9166666667
22.0
22.85
22.9
22.3559322034
22.1333333333
23.7166666667
22.35
22.3333333333
22.0677966102
22.35
23.5666666667
22.6333333333
20.95
21.7118644068
23.3214285714
--END OF 5--
23.3166666667
22.8166666667
21.6333333333
23.05
23.5833333333
22.3559322034
23.4833333333
22.3666666667
21.7166666667
22.55
22.9666666667
23.7333333333
23.4237288136
22.0
22.6666666667
24.2333333333
23.8166666667
22.7627118644
24.45
22.15
18.3833333333
22.2166666667
26.186440678
23.6666666667
22.55
22.6333333333
22.9333333333
21.3898305085
21.45
22.4166666667
25.0166666667
23.65
22.8166666667
23.9322033898
22.9333333333
21.9
24.8166666667
24.5666666667
21.2881355932
21.5
23.6666666667
22.2666666667
21.8166666667
21.5762711864
23.4
23.1
23.45
23.0
23.3220338983
23.45
25.1166666667
22.35
22.7333333333
22.1355932203
23.2333333333
23.6833333333
23.9333333333
21.9666666667
22.6949152542
23.8571428571
--END OF 6--
3138.5
2997.5
2774.15
2945.8
2953.35
2856.40677966
2907.7
3030.55
2809.05
2903.55
2974.35
3079.3
2880.30508475
2875.2
2930.55
2940.2
2992.5
3015.15254237
2865.85
2808.9
2709.55
2916.8
3307.42372881
3028.5
2851.0
2878.05
2901.05
2875.6779661
2859.75
3062.5
3043.0
3192.85
2919.45
2881.77966102
2918.85
2889.3
3132.2
3063.5
2967.40677966
2826.95
2966.05
2963.45
2896.6
2783.89830508
2879.6
2892.3
2968.5
3108.45
3008.33898305
2791.85
3093.0
2963.45
3122.3
2917.77966102
3027.75
3026.0
2891.55
2807.5
2910.61016949
3042.21428571
--END OF 7--
880.916666667
824.416666667
779.8
821.333333333
837.333333333
792.711864407
826.216666667
856.666666667
787.05
820.166666667
837.633333333
853.35
821.084745763
798.95
822.3
842.65
835.366666667
841.271186441
808.133333333
784.966666667
750.966666667
824.2
924.93220339
843.183333333
802.7
800.283333333
812.833333333
782.644067797
792.25
840.716666667
854.316666667
889.5
824.7
810.033898305
823.3
820.383333333
881.233333333
880.716666667
829.881355932
794.316666667
850.033333333
817.083333333
812.016666667
780.711864407
826.883333333
815.4
840.65
883.3
857.237288136
780.833333333
865.516666667
832.85
859.85
813.491525424
845.016666667
839.083333333
826.833333333
790.75
827.627118644
854.696428571
--END OF 8--
129.283333333
127.733333333
137.766666667
133.55
137.333333333
141.101694915
139.1
131.166666667
121.516666667
121.6
135.6
131.683333333
130.457627119
134.45
145.8
150.183333333
144.233333333
131.355932203
144.933333333
115.416666667
86.9833333333
135.766666667
155.949152542
141.833333333
133.033333333
133.883333333
129.933333333
128.322033898
128.7
121.233333333
151.316666667
141.233333333
124.6
139.016949153
128.866666667
128.0
135.533333333
155.383333333
125.949152542
133.0
153.316666667
129.916666667
142.883333333
140.627118644
159.866666667
131.0
126.4
125.25
119.949152542
141.733333333
139.45
122.1
138.95
136.0
145.883333333
145.933333333
143.65
133.366666667
131.13559322
151.482142857
--END OF 9--
5.08333333333
5.06666666667
5.96666666667
4.46666666667
8.83333333333
7.96610169492
5.33333333333
3.56666666667
6.23333333333
5.86666666667
4.11666666667
4.13333333333
6.27118644068
3.95
3.55
8.91666666667
6.98333333333
5.23728813559
9.75
9.18333333333
1.88333333333
3.2
7.52542372881
4.63333333333
4.46666666667
5.83333333333
6.28333333333
6.54237288136
4.05
4.03333333333
5.0
6.25
7.7
6.69491525424
6.91666666667
3.18333333333
9.23333333333
5.3
2.8813559322
4.21666666667
3.88333333333
5.53333333333
4.83333333333
3.69491525424
5.01666666667
6.65
5.95
3.55
5.72881355932
8.68333333333
9.26666666667
3.7
4.83333333333
6.81355932203
7.51666666667
5.4
7.31666666667
5.45
7.30508474576
6.25
--END OF 10--
0.116666666667
0.216666666667
0.383333333333
1.83333333333
2.05
1.66101694915
1.36666666667
0.4
0.916666666667
1.45
1.76666666667
1.68333333333
1.33898305085
2.2
1.3
0.8
2.31666666667
0.440677966102
2.4
1.46666666667
0.166666666667
1.5
1.33898305085
0.5
1.21666666667
1.06666666667
1.05
0.593220338983
0.65
0.8
2.45
1.2
2.2
1.91525423729
0.816666666667
0.633333333333
2.51666666667
1.71666666667
0.728813559322
0.716666666667
0.983333333333
0.683333333333
0.416666666667
0.118644067797
1.03333333333
1.0
1.0
0.1
1.50847457627
1.48333333333
1.0
0.0
0.4
0.186440677966
1.78333333333
0.316666666667
1.75
0.9
0.949152542373
1.0
--END OF 11--
0.05
0.216666666667
0.0
0.5
0.0
0.372881355932
0.266666666667
0.0
0.5
0.0166666666667
0.483333333333
0.766666666667
0.745762711864
0.5
0.0
0.0
0.5
0.0
0.466666666667
0.0
0.0
0.0
0.0
0.0
0.0
0.0
0.5
0.0
0.0
0.0
0.1
0.433333333333
0.7
0.101694915254
0.5
0.0
0.5
0.0
0.220338983051
0.55
0.0
0.5
0.0
0.0
0.333333333333
0.0
0.0
0.1
0.71186440678
0.0
0.0
0.0
0.0
0.0
0.0
0.0
0.566666666667
0.5
0.0
0.0
--END OF 12--
