14.5833333333
14.8666666667
14.85
14.3166666667
14.0
14.2542372881
13.8833333333
14.8
13.7166666667
14.85
14.7
14.4833333333
13.6101694915
13.8
13.6166666667
15.2333333333
14.6833333333
13.8813559322
14.3666666667
15.0
14.2166666667
14.9333333333
15.2
14.2542372881
14.6
14.3833333333
13.8833333333
15.0333333333
14.0833333333
14.8474576271
14.75
14.9
14.45
14.65
14.4915254237
14.7666666667
13.8
15.2333333333
15.4666666667
14.8
15.186440678
14.8666666667
14.45
14.8
14.6166666667
14.4237288136
14.4333333333
13.6333333333
14.1666666667
14.3833333333
14.35
12.9491525424
14.3166666667
14.45
15.3833333333
14.7833333333
14.8666666667
14.3050847458
15.7166666667
14.9464285714
--END OF 1--
18.1666666667
17.95
18.0
17.75
18.3
17.3559322034
17.4833333333
16.9
16.3666666667
18.9333333333
19.2666666667
17.9833333333
16.406779661
17.8
17.5666666667
18.6833333333
18.7333333333
17.2881355932
18.0166666667
19.4166666667
19.3666666667
18.5666666667
18.25
16.6440677966
18.85
18.4833333333
17.5833333333
18.6666666667
18.0
18.8474576271
18.45
19.4
18.6
18.15
17.9491525424
18.6833333333
17.4833333333
19.35
18.5
18.5166666667
19.5423728814
19.1333333333
19.8833333333
18.8333333333
18.9666666667
17.6610169492
18.5333333333
17.8333333333
18.5666666667
17.9333333333
18.35
17.3050847458
18.7
19.95
20.5
18.6166666667
17.6666666667
17.8813559322
19.2666666667
19.1071428571
--END OF 2--
18.7833333333
17.9666666667
18.3
17.9333333333
18.3666666667
18.1525423729
18.65
18.0833333333
16.85
19.5666666667
20.3333333333
18.9166666667
16.5593220339
18.55
18.0166666667
18.9333333333
18.7833333333
18.0508474576
18.1
20.1833333333
20.4833333333
19.0833333333
18.8333333333
16.9152542373
19.4166666667
19.0
18.5166666667
19.4833333333
18.6833333333
18.9491525424
19.2
20.75
18.7
18.2
18.186440678
19.5333333333
17.75
19.6166666667
19.2833333333
19.8
19.9830508475
19.8333333333
20.35
19.0666666667
20.15
17.7457627119
19.0833333333
18.1333333333
19.4166666667
18.2333333333
19.4
17.5593220339
18.8333333333
20.0666666667
20.55
19.1666666667
18.3666666667
19.1525423729
20.6
20.5178571429
--END OF 3--
14.5833333333
14.8666666667
14.85
14.3166666667
14.0
14.2542372881
13.8833333333
14.8
13.7166666667
14.85
14.7
14.4833333333
13.6101694915
13.8
13.6166666667
15.2333333333
14.6833333333
13.8813559322
14.3666666667
15.0
14.2166666667
14.9333333333
15.2
14.2542372881
14.6
14.3833333333
13.8833333333
15.0333333333
14.0833333333
14.8474576271
14.75
14.9
14.45
14.65
14.4915254237
14.7666666667
13.8
15.2333333333
15.4666666667
14.8
15.186440678
14.8666666667
14.45
14.8
14.6166666667
14.4237288136
14.4333333333
13.6333333333
14.1666666667
14.3833333333
14.35
12.9491525424
14.3166666667
14.45
15.3833333333
14.7833333333
14.8666666667
14.3050847458
15.7166666667
14.9464285714
--END OF 4--
18.1666666667
17.95
18.0
17.75
18.3
17.3559322034
17.4833333333
16.9
16.3666666667
18.9333333333
19.2666666667
17.9833333333
16.406779661
17.8
17.5666666667
18.6833333333
18.7333333333
17.2881355932
18.0166666667
19.4166666667
19.3666666667
18.5666666667
18.25
16.6440677966
18.85
18.4833333333
17.5833333333
18.6666666667
18.0
18.8474576271
18.45
19.4
18.6
18.15
17.9491525424
18.6833333333
17.4833333333
19.35
18.5
18.5166666667
19.5423728814
19.1333333333
19.8833333333
18.8333333333
18.9666666667
17.6610169492
18.5333333333
17.8333333333
18.5666666667
17.9333333333
18.35
17.3050847458
18.7
19.95
20.5
18.6166666667
17.6666666667
17.8813559322
19.2666666667
19.1071428571
--END OF 5--
18.7833333333
17.9666666667
18.3
17.9333333333
18.3666666667
18.1525423729
18.65
18.0833333333
16.85
19.5666666667
20.3333333333
18.9166666667
16.5593220339
18.55
18.0166666667
18.9333333333
18.7833333333
18.0508474576
18.1
20.1833333333
20.4833333333
19.0833333333
18.8333333333
16.9152542373
19.4166666667
19.0
18.5166666667
19.4833333333
18.6833333333
18.9491525424
19.2
20.75
18.7
18.2
18.186440678
19.5333333333
17.75
19.6166666667
19.2833333333
19.8
19.9830508475
19.8333333333
20.35
19.0666666667
20.15
17.7457627119
19.0833333333
18.1333333333
19.4166666667
18.2333333333
19.4
17.5593220339
18.8333333333
20.0666666667
20.55
19.1666666667
18.3666666667
19.1525423729
20.6
20.5178571429
--END OF 6--
2872.5
2753.05
2843.8
2679.3
2683.8
2744.08474576
2686.1
2703.2
2622.6
2812.0
2875.0
2744.15
2622.91525424
2761.65
2695.35
2974.65
2827.5
2739.30508475
2769.25
2806.95
2816.75
2967.4
2850.75
2717.03389831
2803.25
2755.95
2594.75
2860.9
2730.55
2852.33898305
2772.75
2844.15
2692.65
2717.4
2825.18644068
2828.55
2699.85
2971.3
2865.6
2772.15
2866.57627119
2836.55
2885.2
2917.3
2863.95
2700.05084746
2797.25
2796.75
2785.35
2710.05
2797.8
2670.45762712
2847.75
2856.9
2920.7
2875.45
2775.5
2734.47457627
2982.8
2931.75
--END OF 7--
778.3
764.6
773.366666667
742.05
744.95
746.542372881
742.883333333
733.483333333
712.8
765.3
783.183333333
740.166666667
718.491525424
758.8
738.7
801.7
770.2
746.440677966
754.566666667
779.866666667
765.966666667
802.15
785.266666667
744.355932203
777.3
758.133333333
719.6
775.45
748.6
780.610169492
766.9
782.8
742.2
753.25
756.525423729
764.533333333
724.183333333
802.066666667
793.45
782.533333333
784.288135593
772.783333333
776.183333333
796.616666667
786.85
742.627118644
770.216666667
751.2
763.9
739.4
762.4
717.915254237
763.466666667
782.4
788.466666667
798.433333333
767.633333333
741.203389831
816.633333333
802.071428571
--END OF 8--
86.9166666667
73.1833333333
70.9666666667
76.3
87.1333333333
78.4576271186
73.0166666667
69.0833333333
71.05
90.2
94.8333333333
83.4
64.7457627119
81.2
92.1
85.75
93.15
87.5593220339
87.7166666667
102.366666667
95.6666666667
87.55
80.2666666667
71.8644067797
104.45
100.15
93.9
91.85
77.2
89.6949152542
88.85
98.6
98.45
82.05
80.0847457627
91.1
76.0833333333
90.4833333333
84.8166666667
83.8666666667
99.3898305085
93.7333333333
105.833333333
87.2666666667
89.2833333333
75.3728813559
87.1333333333
79.15
94.7
85.55
85.6
89.6101694915
87.9166666667
107.483333333
108.4
83.7833333333
79.2833333333
87.9152542373
89.0333333333
96.2857142857
--END OF 9--
2.95
1.91666666667
1.83333333333
2.93333333333
3.1
2.71186440678
5.33333333333
3.36666666667
1.71666666667
5.48333333333
5.66666666667
3.85
1.23728813559
5.65
2.75
1.6
4.75
2.71186440678
1.71666666667
3.35
8.41666666667
1.8
4.51666666667
1.23728813559
2.46666666667
2.0
2.51666666667
3.63333333333
6.05
1.98305084746
3.3
4.15
4.4
3.5
2.28813559322
4.13333333333
3.48333333333
2.1
3.98333333333
4.56666666667
5.96610169492
5.23333333333
5.88333333333
2.05
6.05
2.81355932203
2.35
4.35
6.2
4.75
3.85
2.57627118644
2.63333333333
3.65
3.38333333333
2.73333333333
3.08333333333
4.20338983051
3.13333333333
5.07142857143
--END OF 10--
1.3
0.0166666666667
0.5
0.333333333333
0.166666666667
1.62711864407
1.9
1.86666666667
0.633333333333
0.5
1.41666666667
1.0
0.0847457627119
1.0
0.6
0.4
0.1
0.915254237288
0.0833333333333
1.41666666667
0.85
0.616666666667
1.11666666667
0.389830508475
0.966666666667
1.0
1.58333333333
0.95
0.433333333333
0.152542372881
1.0
1.8
0.05
0.0
0.440677966102
0.666666666667
0.566666666667
0.6
1.43333333333
2.35
0.847457627119
0.783333333333
0.6
0.283333333333
1.63333333333
0.0847457627119
0.6
0.5
1.75
0.75
1.0
0.0
0.433333333333
0.0666666666667
0.0833333333333
1.25
1.16666666667
1.33898305085
2.05
2.44642857143
--END OF 11--
0.483333333333
0.0166666666667
0.0
0.0
0.0
0.0
0.5
0.366666666667
0.133333333333
0.0
0.916666666667
0.5
0.0847457627119
0.0
0.0
0.0
0.0
0.0
0.0
0.0
0.0
0.0
0.0
0.0
0.0
0.0
0.2
0.0
0.0
0.152542372881
0.5
0.85
0.0
0.0
0.0
0.166666666667
0.0
0.0
0.0
0.0
0.0
0.0
0.0
0.0166666666667
0.483333333333
0.0
0.433333333333
0.5
0.0
0.0
0.0
0.0
0.0
0.0
0.0
0.0
0.0
0.35593220339
1.16666666667
0.107142857143
--END OF 12--
