15.1333333333
14.95
16.1
14.8666666667
15.3389830508
15.6
15.0
15.1
14.9
14.9666666667
14.7288135593
15.1166666667
15.4
15.3333333333
15.1666666667
15.2333333333
15.8983050847
15.5833333333
15.0333333333
14.6666666667
14.9166666667
14.7666666667
15.5593220339
15.2
15.4666666667
15.8833333333
15.9
15.6779661017
15.9333333333
15.7166666667
14.8
16.0166666667
15.6166666667
15.593220339
14.7166666667
15.45
16.3833333333
17.45
15.55
15.7627118644
15.65
15.7
15.95
15.45
17.15
16.5762711864
15.6166666667
16.5
15.5333333333
15.5666666667
17.2372881356
15.5333333333
16.3
14.9166666667
16.65
15.6166666667
16.7627118644
15.3333333333
16.2166666667
14.7413793103
--END OF 1--
20.5333333333
21.65
22.8666666667
20.4666666667
22.2033898305
21.85
21.4
21.9
21.55
22.4
21.0677966102
21.4166666667
21.55
22.3
21.9833333333
22.1
22.3050847458
23.1
21.3
21.4166666667
22.15
21.75
22.9152542373
22.05
23.5166666667
22.1333333333
23.4
22.5084745763
22.6333333333
24.2
21.25
22.9833333333
22.3666666667
22.6949152542
22.7666666667
22.4833333333
23.6166666667
24.45
22.2666666667
23.593220339
22.35
22.7
23.45
24.2
22.55
23.6440677966
22.1666666667
23.3333333333
23.0833333333
23.5166666667
25.9830508475
23.5833333333
24.8166666667
22.75
24.6333333333
22.5333333333
23.6949152542
24.25
23.7333333333
21.3448275862
--END OF 2--
21.2333333333
22.8333333333
23.7666666667
20.6833333333
23.3050847458
22.55
22.2
23.1
22.75
24.05
22.186440678
21.9166666667
22.0
23.1833333333
23.3833333333
22.6666666667
23.1355932203
23.7333333333
21.9166666667
22.6833333333
23.3666666667
22.1666666667
24.186440678
23.75
24.55
23.6833333333
24.15
24.4237288136
23.95
24.6833333333
22.0666666667
23.2333333333
23.1333333333
23.1186440678
23.4166666667
23.1333333333
25.15
25.4333333333
22.7166666667
25.0677966102
22.75
23.6
24.05
25.45
23.15
24.6779661017
23.2333333333
24.0833333333
23.5833333333
25.1333333333
26.5423728814
24.3166666667
25.1
23.6833333333
26.2666666667
23.3166666667
24.406779661
25.0833333333
25.1666666667
23.3793103448
--END OF 3--
15.1333333333
14.95
16.1
14.8666666667
15.3389830508
15.6
15.0
15.1
14.9
14.9666666667
14.7288135593
15.1166666667
15.4
15.3333333333
15.1666666667
15.2333333333
15.8983050847
15.5833333333
15.0333333333
14.6666666667
14.9166666667
14.7666666667
15.5593220339
15.2
15.4666666667
15.8833333333
15.9
15.6779661017
15.9333333333
15.7166666667
14.8
16.0166666667
15.6166666667
15.593220339
14.7166666667
15.45
16.3833333333
17.45
15.55
15.7627118644
15.65
15.7
15.95
15.45
17.15
16.5762711864
15.6166666667
16.5
15.5333333333
15.5666666667
17.2372881356
15.5333333333
16.3
14.9166666667
16.65
15.6166666667
16.7627118644
15.3333333333
16.2166666667
14.7413793103
--END OF 4--
20.5333333333
21.65
22.8666666667
20.4666666667
22.2033898305
21.85
21.4
21.9
21.55
22.4
21.0677966102
21.4166666667
21.55
22.3
21.9833333333
22.1
22.3050847458
23.1
21.3
21.4166666667
22.15
21.75
22.9152542373
22.05
23.5166666667
22.1333333333
23.4
22.5084745763
22.6333333333
24.2
21.25
22.9833333333
22.3666666667
22.6949152542
22.7666666667
22.4833333333
23.6166666667
24.45
22.2666666667
23.593220339
22.35
22.7
23.45
24.2
22.55
23.6440677966
22.1666666667
23.3333333333
23.0833333333
23.5166666667
25.9830508475
23.5833333333
24.8166666667
22.75
24.6333333333
22.5333333333
23.6949152542
24.25
23.7333333333
21.3448275862
--END OF 5--
21.2333333333
22.8333333333
23.7666666667
20.6833333333
23.3050847458
22.55
22.2
23.1
22.75
24.05
22.186440678
21.9166666667
22.0
23.1833333333
23.3833333333
22.6666666667
23.1355932203
23.7333333333
21.9166666667
22.6833333333
23.3666666667
22.1666666667
24.186440678
23.75
24.55
23.6833333333
24.15
24.4237288136
23.95
24.6833333333
22.0666666667
23.2333333333
23.1333333333
23.1186440678
23.4166666667
23.1333333333
25.15
25.4333333333
22.7166666667
25.0677966102
22.75
23.6
24.05
25.45
23.15
24.6779661017
23.2333333333
24.0833333333
23.5833333333
25.1333333333
26.5423728814
24.3166666667
25.1
23.6833333333
26.2666666667
23.3166666667
24.406779661
25.0833333333
25.1666666667
23.3793103448
--END OF 6--
2846.4
2836.85
3069.45
2687.45
2858.54237288
2888.7
2782.05
2873.25
2814.3
2827.75
2960.69491525
2830.15
2799.9
2919.35
2860.1
2931.2
2901.81355932
3026.65
2830.0
2807.85
2905.4
2875.4
2901.10169492
2886.15
2949.3
2920.95
3003.6
3025.27118644
3002.05
2997.7
2900.65
3088.35
2868.95
3031.88135593
2869.2
2807.6
3142.7
3181.4
2922.85
2984.38983051
2981.55
2971.5
2905.05
2984.7
3065.85
3086.6440678
2921.75
3074.25
3008.1
3076.4
3124.83050847
3023.75
3161.15
2971.9
3125.1
2966.4
3107.79661017
2942.9
3050.9
2815.13793103
--END OF 7--
797.216666667
803.183333333
846.016666667
753.55
800.203389831
806.8
782.55
801.35
786.4
806.4
823.389830508
805.716666667
792.916666667
812.133333333
815.066666667
792.816666667
815.423728814
831.283333333
787.5
770.216666667
788.466666667
798.416666667
811.644067797
795.9
824.8
820.8
833.05
833.745762712
837.8
842.083333333
778.783333333
856.733333333
814.933333333
842.474576271
799.8
804.85
874.983333333
901.15
827.916666667
836.423728814
826.55
830.15
826.1
826.05
868.6
865.593220339
804.816666667
858.1
828.683333333
842.833333333
892.050847458
840.6
884.783333333
825.266666667
874.783333333
827.733333333
880.796610169
827.516666667
849.116666667
796.655172414
--END OF 8--
124.85
133.55
152.566666667
142.0
150.661016949
127.45
130.6
135.2
133.65
149.316666667
123.93220339
126.05
125.6
130.416666667
131.9
146.466666667
150.084745763
149.566666667
128.183333333
142.65
133.866666667
134.8
146.457627119
137.3
149.3
142.2
137.15
138.355932203
139.233333333
155.366666667
134.766666667
130.65
146.466666667
143.474576271
150.7
132.483333333
150.5
162.383333333
131.633333333
164.016949153
141.35
127.2
136.4
150.5
120.9
151.0
139.0
148.75
144.0
152.866666667
178.542372881
162.8
159.666666667
140.216666667
155.1
139.25
148.288135593
158.2
153.666666667
131.620689655
--END OF 9--
4.73333333333
6.53333333333
5.0
3.81666666667
3.45762711864
3.45
5.7
6.3
6.25
9.05
6.25423728814
4.88333333333
6.53333333333
7.11666666667
6.95
3.03333333333
2.79661016949
6.45
4.8
6.61666666667
9.36666666667
8.06666666667
9.13559322034
7.15
9.86666666667
7.3
6.15
8.94915254237
6.41666666667
11.6666666667
5.66666666667
7.83333333333
6.23333333333
3.28813559322
11.0166666667
6.36666666667
8.31666666667
3.73333333333
3.7
8.16949152542
5.55
7.65
9.15
15.0
5.4
7.13559322034
6.66666666667
5.78333333333
6.9
9.23333333333
8.05084745763
7.7
6.36666666667
7.73333333333
8.63333333333
4.31666666667
4.28813559322
10.8666666667
5.93333333333
7.08620689655
--END OF 10--
0.966666666667
1.81666666667
1.03333333333
0.316666666667
1.40677966102
1.25
1.1
1.25
1.95
2.31666666667
1.1186440678
0.5
0.5
0.966666666667
1.46666666667
0.9
1.84745762712
1.28333333333
0.683333333333
1.81666666667
1.56666666667
0.5
1.79661016949
1.85
1.56666666667
1.15
1.1
3.06779661017
1.91666666667
0.75
1.21666666667
0.0
0.866666666667
0.576271186441
0.433333333333
1.01666666667
1.7
1.13333333333
0.95
1.37288135593
0.65
1.45
1.1
1.95
0.6
1.81355932203
1.35
0.883333333333
0.833333333333
1.71666666667
0.322033898305
0.633333333333
0.0833333333333
1.08333333333
2.03333333333
1.08333333333
0.542372881356
0.85
1.6
3.06896551724
--END OF 11--
0.0
0.2
0.0
0.0
0.0
0.5
0.0
0.0
0.0
0.116666666667
0.661016949153
0.0
0.0
0.0
0.933333333333
0.0666666666667
0.0
0.0
0.0166666666667
0.75
0.233333333333
0.0
0.169491525424
1.2
0.3
0.0
0.0
0.0
0.0
0.0
0.0
0.0
0.0
0.0
0.0
0.0
0.383333333333
0.683333333333
0.0
0.457627118644
0.05
0.0
0.0
0.0
0.5
0.305084745763
0.366666666667
0.0
0.166666666667
0.0
0.322033898305
0.216666666667
0.0
0.466666666667
0.85
0.0833333333333
0.203389830508
0.0666666666667
0.5
1.03448275862
--END OF 12--
