23.0666666667
21.6
21.7118644068
21.6166666667
22.2333333333
21.4333333333
21.2166666667
20.6166666667
21.0508474576
21.1166666667
21.3
20.7333333333
21.8166666667
21.55
20.8474576271
22.2833333333
21.2166666667
22.0333333333
21.8333333333
20.8833333333
21.3559322034
21.1666666667
20.85
21.9
21.1666666667
20.4833333333
21.7288135593
21.3666666667
21.4833333333
22.1166666667
20.2166666667
21.9491525424
21.2833333333
22.3666666667
21.4666666667
21.45
22.2166666667
20.5593220339
20.6666666667
20.7333333333
21.25
23.95
20.4237288136
22.35
23.15
21.3833333333
22.5166666667
22.45
23.0169491525
22.5666666667
22.2333333333
22.1166666667
22.0
22.05
20.1694915254
21.85
21.4166666667
22.0833333333
20.9333333333
22.9473684211
--END OF 1--
33.2166666667
32.3166666667
32.9322033898
31.15
31.4333333333
30.0333333333
30.0666666667
31.0333333333
30.7118644068
31.4166666667
32.25
32.3166666667
30.65
31.8666666667
31.3220338983
31.0333333333
31.4666666667
31.2166666667
32.1833333333
29.4833333333
30.0677966102
30.1833333333
29.5
31.1333333333
31.85
30.2666666667
29.8474576271
31.9166666667
31.4
30.6333333333
29.15
31.3050847458
30.6333333333
31.4
29.5
30.6333333333
30.9166666667
29.4237288136
29.75
31.9666666667
31.7166666667
33.5833333333
28.5762711864
31.4
32.4333333333
30.95
33.2666666667
31.5833333333
34.2711864407
33.0666666667
31.6333333333
32.0333333333
31.0166666667
31.05
30.3220338983
31.0833333333
30.1
30.8333333333
30.0
30.9473684211
--END OF 2--
34.6
33.35
33.6271186441
32.7333333333
32.4833333333
30.7666666667
30.8166666667
32.1833333333
30.9491525424
32.3666666667
33.3833333333
34.3
32.2666666667
32.8166666667
31.7966101695
31.8833333333
32.6833333333
33.2
34.95
30.6333333333
31.813559322
31.2166666667
32.1666666667
32.9666666667
33.5
31.2666666667
31.4576271186
32.7333333333
34.3
32.3166666667
29.9166666667
33.1525423729
31.8333333333
32.2666666667
30.4333333333
32.1166666667
31.7166666667
31.1525423729
31.75
32.3
33.4
35.7666666667
29.3220338983
31.9333333333
33.2166666667
31.7
34.9
34.5333333333
34.8644067797
34.25
33.2
32.8666666667
31.4833333333
31.9
32.3559322034
32.2166666667
31.6166666667
31.7666666667
31.7833333333
31.4736842105
--END OF 3--
21.7666666667
20.55
20.7118644068
20.5833333333
21.0666666667
20.5333333333
20.2333333333
19.9666666667
20.3559322034
20.3333333333
20.2666666667
19.9166666667
20.65
20.65
20.0
21.2833333333
20.2166666667
21.1333333333
20.8333333333
19.9333333333
20.406779661
20.3166666667
19.85
20.8
20.1666666667
19.55
20.6610169492
20.3333333333
20.4833333333
21.0666666667
19.7166666667
20.8983050847
20.3833333333
21.2333333333
20.7333333333
20.45
20.8166666667
19.813559322
19.7166666667
19.7666666667
20.1666666667
21.95
19.5762711864
21.25
21.75
20.4833333333
21.4166666667
21.35
21.6101694915
21.3833333333
21.0833333333
20.9
21.0
21.05
19.8813559322
20.85
20.5166666667
21.0833333333
20.2333333333
21.6315789474
--END OF 4--
31.8
31.15
31.593220339
30.45
30.4166666667
29.6833333333
29.6166666667
30.1333333333
29.9491525424
30.5833333333
30.9166666667
30.8833333333
29.95
30.8166666667
30.4237288136
30.2833333333
30.5333333333
30.4833333333
30.9666666667
29.1833333333
29.8813559322
29.7
29.25
30.3
30.6333333333
29.6333333333
29.3220338983
30.6666666667
30.4
30.0
29.05
30.4915254237
29.9833333333
30.5166666667
29.3166666667
29.9333333333
30.1666666667
29.0169491525
29.1166666667
30.85
30.4333333333
31.7166666667
28.2372881356
30.7166666667
31.35
30.3
31.85
30.55
32.3898305085
31.6333333333
30.5666666667
31.0
30.4333333333
30.35
29.9322033898
30.2166666667
29.7
30.25
29.5833333333
30.1052631579
--END OF 5--
34.6
33.35
33.6271186441
32.7333333333
32.4833333333
30.7666666667
30.8166666667
32.1833333333
30.9491525424
32.3666666667
33.3833333333
34.3
32.2666666667
32.8166666667
31.7966101695
31.8833333333
32.6833333333
33.2
34.95
30.6333333333
31.813559322
31.2166666667
32.1666666667
32.9666666667
33.5
31.2666666667
31.4576271186
32.7333333333
34.3
32.3166666667
29.9166666667
33.1525423729
31.8333333333
32.2666666667
30.4333333333
32.1166666667
31.7166666667
31.1525423729
31.75
32.3
33.4
35.7666666667
29.3220338983
31.9333333333
33.2166666667
31.7
34.9
34.5333333333
34.8644067797
34.25
33.2
32.8666666667
31.4833333333
31.9
32.3559322034
32.2166666667
31.6166666667
31.7666666667
31.7833333333
31.4736842105
--END OF 6--
4130.55
4050.75
4014.10169492
4000.75
3982.05
3943.2
4074.2
3952.3
3949.88135593
3956.45
3950.5
4086.2
4132.6
4003.85
3963.20338983
4084.95
4012.9
4054.8
4051.35
3974.65
3895.37288136
3956.1
3905.95
4050.85
4051.5
3883.4
3977.03389831
4024.75
4099.35
4030.95
3859.1
4061.74576271
3936.75
4046.25
3935.45
3935.6
4051.55
3889.42372881
3992.45
4052.4
4086.6
4511.65
3958.06779661
4058.45
4143.05
3917.45
4098.95
4199.75
4176.0
4202.45
4132.25
4123.05
3952.0
4108.65
3912.71186441
4062.7
3951.2
4103.5
3948.2
4152.31578947
--END OF 7--
1159.4
1130.36666667
1147.25423729
1151.86666667
1144.53333333
1112.26666667
1128.71666667
1102.98333333
1105.93220339
1125.51666667
1129.15
1138.58333333
1138.21666667
1124.46666667
1100.25423729
1144.0
1141.46666667
1146.03333333
1147.48333333
1111.25
1105.93220339
1101.58333333
1088.85
1157.25
1155.2
1108.76666667
1123.86440678
1140.55
1143.45
1131.38333333
1058.81666667
1149.13559322
1103.7
1137.7
1083.08333333
1110.68333333
1148.01666667
1099.91525424
1103.46666667
1139.08333333
1151.01666667
1259.76666667
1093.98305085
1142.8
1185.4
1098.51666667
1161.9
1167.08333333
1185.83050847
1168.26666667
1159.35
1159.78333333
1124.31666667
1129.95
1092.45762712
1147.45
1092.9
1124.68333333
1110.13333333
1143.0
--END OF 8--
216.466666667
210.283333333
214.898305085
196.933333333
192.733333333
187.6
186.85
198.733333333
189.06779661
206.5
202.466666667
213.466666667
197.166666667
209.0
198.288135593
191.45
212.716666667
193.95
212.933333333
173.116666667
182.915254237
201.583333333
184.866666667
186.633333333
195.5
195.983333333
173.983050847
205.65
202.65
184.333333333
181.466666667
181.576271186
179.25
193.1
178.933333333
177.816666667
190.85
181.271186441
184.966666667
208.0
198.1
207.65
169.220338983
178.983333333
192.033333333
186.4
200.083333333
198.783333333
210.881355932
207.05
199.7
196.916666667
184.7
195.75
191.305084746
178.283333333
195.866666667
177.216666667
182.216666667
185.526315789
--END OF 9--
9.58333333333
7.98333333333
10.2372881356
8.73333333333
7.46666666667
3.98333333333
5.55
9.33333333333
8.54237288136
6.35
12.7
13.35
8.45
8.33333333333
8.79661016949
3.85
7.05
8.46666666667
12.9
9.66666666667
9.18644067797
5.25
11.6333333333
7.45
12.75
6.91666666667
9.8813559322
10.6
13.7
8.51666666667
5.86666666667
12.1016949153
10.95
7.91666666667
5.6
10.35
6.66666666667
9.15254237288
9.68333333333
7.68333333333
11.85
8.95
4.84745762712
6.88333333333
7.7
8.88333333333
12.25
8.51666666667
11.593220339
9.61666666667
6.75
6.75
6.53333333333
6.75
9.27118644068
6.43333333333
5.4
7.33333333333
9.66666666667
5.89473684211
--END OF 10--
2.0
1.11666666667
0.864406779661
2.06666666667
1.25
0.95
0.866666666667
1.7
0.576271186441
1.48333333333
1.93333333333
2.98333333333
2.95
1.45
0.830508474576
1.45
2.03333333333
2.46666666667
3.53333333333
2.0
2.25423728814
1.23333333333
3.11666666667
2.78333333333
2.46666666667
1.25
2.61016949153
1.33333333333
4.1
2.55
0.916666666667
2.10169491525
1.9
1.01666666667
1.81666666667
2.43333333333
0.55
2.54237288136
3.18333333333
0.433333333333
1.81666666667
3.18333333333
1.27118644068
0.75
1.5
1.06666666667
2.61666666667
4.21666666667
0.779661016949
1.76666666667
2.03333333333
0.316666666667
0.933333333333
1.0
3.27118644068
1.86666666667
2.66666666667
1.61666666667
2.0
1.0
--END OF 11--
0.5
0.15
0.457627118644
0.266666666667
0.0
0.0
0.0
0.2
0.0
0.166666666667
0.3
0.0
0.5
0.5
0.0
0.0
0.266666666667
1.03333333333
0.916666666667
0.35
0.0
0.166666666667
0.5
0.5
0.0
0.0
0.0
0.0
0.0
0.5
0.0
0.0
0.0
0.166666666667
0.0
0.0
0.5
0.508474576271
1.0
0.183333333333
0.483333333333
0.5
0.0
0.0
0.0
0.0
0.15
0.65
0.135593220339
0.85
0.25
0.0
0.0
0.0
0.440677966102
0.0666666666667
0.383333333333
0.116666666667
0.5
0.0
--END OF 12--
