20.3
20.406779661
19.0
19.7833333333
20.45
19.5666666667
19.25
19.406779661
19.2
19.5
20.15
21.35
20.8166666667
19.55
20.3389830508
19.4333333333
20.1166666667
20.9666666667
20.5166666667
20.4833333333
19.2203389831
20.35
20.2
19.4333333333
20.8833333333
19.3050847458
18.95
20.85
20.75
19.0
18.95
20.0847457627
20.0333333333
19.3833333333
20.45
20.5
20.8
21.0169491525
21.15
19.9166666667
19.9666666667
20.2833333333
19.4333333333
20.9491525424
20.2166666667
20.15
19.75
21.2833333333
19.7796610169
20.1833333333
19.3333333333
19.7
19.8666666667
20.5166666667
20.3220338983
18.7666666667
19.4
19.8666666667
18.45
19.5689655172
--END OF 1--
26.5333333333
26.7966101695
26.0166666667
27.8
26.8833333333
26.2166666667
24.8166666667
25.5593220339
26.8
26.75
27.25
28.6
29.4333333333
26.5
27.4915254237
27.0
27.6833333333
29.0166666667
28.9666666667
28.5
27.4237288136
27.0833333333
26.5666666667
26.7333333333
28.0
26.813559322
25.35
27.05
27.55
26.9
25.6
26.7288135593
25.8333333333
24.7
26.95
27.2333333333
28.4333333333
28.8644067797
28.5833333333
27.3333333333
27.1833333333
28.7166666667
25.8833333333
27.1355932203
26.4666666667
26.95
25.9
27.3833333333
27.1355932203
25.7
26.8666666667
26.9333333333
27.25
27.05
27.2372881356
25.8
27.0833333333
25.6
25.5166666667
27.0172413793
--END OF 2--
27.6166666667
27.8474576271
28.0
28.6666666667
28.6666666667
26.4
25.7833333333
25.8474576271
27.95
28.1
28.5
29.05
31.4
27.25
28.4745762712
28.2166666667
28.45
29.85
29.9666666667
29.9666666667
28.3389830508
28.25
27.65
27.4833333333
28.7
27.4406779661
25.9
28.9
28.45
27.75
26.65
27.3389830508
26.1333333333
25.95
28.2166666667
28.0
29.5
30.0169491525
30.3
28.1166666667
28.1166666667
31.25
27.1
29.186440678
27.2166666667
28.05
27.25
28.6333333333
28.3728813559
26.7
27.5166666667
27.3833333333
27.8
27.3833333333
29.593220339
26.9166666667
28.1333333333
26.0333333333
26.55
27.6551724138
--END OF 3--
19.7166666667
19.9322033898
18.9333333333
19.2666666667
19.8833333333
19.15
19.2166666667
19.1016949153
18.9
19.5
20.05
20.7
20.2166666667
19.55
20.0338983051
19.4333333333
19.8333333333
20.2
20.0333333333
19.9666666667
19.0508474576
19.9166666667
19.95
19.4333333333
19.9666666667
19.0508474576
18.95
20.25
20.05
19.0
18.95
19.7966101695
19.7166666667
19.3333333333
19.95
20.0
20.25
20.5084745763
20.55
19.7
19.7333333333
19.9333333333
19.3833333333
20.0847457627
19.8666666667
19.8
19.4
20.2833333333
19.5762711864
19.7666666667
19.2833333333
19.45
19.35
20.0333333333
19.7627118644
18.7333333333
19.0833333333
19.7833333333
18.45
19.4827586207
--END OF 4--
26.5333333333
26.7966101695
26.0166666667
27.8
26.8833333333
26.2166666667
24.8166666667
25.5593220339
26.8
26.75
27.25
28.55
29.0666666667
26.5
27.4915254237
27.0
27.6833333333
28.7166666667
28.9666666667
28.45
27.3898305085
27.0833333333
26.5666666667
26.7333333333
28.0
26.813559322
25.35
27.05
27.55
26.9
25.6
26.7288135593
25.8333333333
24.7
26.95
27.2333333333
28.4333333333
28.6271186441
28.4833333333
27.3333333333
27.1833333333
28.7166666667
25.8833333333
27.1355932203
26.4666666667
26.95
25.9
27.3833333333
27.1355932203
25.7
26.8666666667
26.9333333333
27.0666666667
26.9833333333
27.2372881356
25.8
27.0833333333
25.6
25.5166666667
26.9655172414
--END OF 5--
27.6166666667
27.8474576271
28.0
28.6666666667
28.6666666667
26.4
25.7833333333
25.8474576271
27.95
28.1
28.5
29.05
31.4
27.25
28.4745762712
28.2166666667
28.45
29.85
29.9666666667
29.9666666667
28.3389830508
28.25
27.65
27.4833333333
28.7
27.4406779661
25.9
28.9
28.45
27.75
26.65
27.3389830508
26.1333333333
25.95
28.2166666667
28.0
29.5
30.0169491525
30.3
28.1166666667
28.1166666667
31.25
27.1
29.186440678
27.2166666667
28.05
27.25
28.6333333333
28.3728813559
26.7
27.5166666667
27.3833333333
27.8
27.3833333333
29.593220339
26.9166666667
28.1333333333
26.0333333333
26.55
27.6551724138
--END OF 6--
3720.35
3746.44067797
3584.15
3738.6
3678.4
3770.45
3566.15
3711.76271186
3654.8
3723.9
3796.5
3925.35
3855.85
3688.2
3780.86440678
3635.25
3666.4
3869.3
3743.35
3709.65
3667.88135593
3719.85
3676.45
3614.05
3879.0
3603.71186441
3507.3
3802.65
3760.5
3558.6
3511.8
3692.44067797
3686.5
3461.5
3738.25
3780.4
3781.45
3829.47457627
3874.95
3690.2
3752.0
3844.55
3654.25
3796.01694915
3776.25
3817.05
3664.35
3932.85
3682.57627119
3650.1
3673.05
3660.25
3674.55
3803.85
3717.05084746
3546.9
3712.55
3678.5
3518.75
3630.77586207
--END OF 7--
1028.2
1032.03389831
1011.41666667
1050.0
1049.55
1028.86666667
996.0
1024.44067797
1032.93333333
1030.4
1056.25
1104.95
1082.93333333
1013.35
1053.55932203
1013.98333333
1036.31666667
1079.58333333
1061.25
1055.58333333
1023.20338983
1039.28333333
1015.38333333
1013.61666667
1072.45
1017.52542373
985.05
1061.8
1044.45
998.3
985.35
1012.50847458
1011.76666667
967.833333333
1033.86666667
1058.01666667
1063.13333333
1072.16949153
1078.43333333
1030.86666667
1025.81666667
1074.43333333
1008.9
1078.76271186
1061.5
1048.4
1006.7
1075.55
1031.55932203
1010.68333333
1024.51666667
1017.36666667
1039.76666667
1054.65
1044.18644068
985.816666667
1022.65
1009.73333333
975.033333333
1011.39655172
--END OF 8--
134.533333333
139.576271186
145.75
162.9
145.4
149.083333333
128.133333333
139.288135593
161.966666667
155.2
162.3
153.6
170.25
144.45
158.847457627
161.366666667
157.45
160.266666667
176.15
177.416666667
164.966101695
153.55
146.9
151.6
155.866666667
159.542372881
144.65
153.85
158.2
149.0
154.05
155.508474576
126.583333333
129.566666667
152.233333333
141.666666667
160.266666667
166.610169492
162.116666667
152.216666667
158.433333333
166.283333333
133.05
141.915254237
134.25
140.65
146.45
143.9
156.610169492
132.433333333
159.483333333
154.966666667
149.65
147.966666667
150.13559322
144.966666667
168.85
125.916666667
138.416666667
156.0
--END OF 9--
7.71666666667
6.40677966102
5.23333333333
8.03333333333
7.56666666667
4.58333333333
3.16666666667
4.83050847458
6.01666666667
8.15
3.65
7.1
13.4333333333
5.9
6.40677966102
8.23333333333
4.55
9.3
5.68333333333
8.08333333333
5.32203389831
5.21666666667
4.33333333333
6.43333333333
6.11666666667
5.1186440678
4.15
7.0
6.85
8.45
2.65
4.94915254237
4.08333333333
5.6
6.28333333333
3.25
6.88333333333
7.06779661017
7.81666666667
7.7
7.88333333333
10.8166666667
6.08333333333
7.74576271186
4.7
7.95
4.7
5.7
7.54237288136
5.6
5.61666666667
6.88333333333
5.73333333333
3.06666666667
7.5593220339
7.76666666667
9.66666666667
4.51666666667
6.1
4.36206896552
--END OF 10--
1.66666666667
1.47457627119
2.61666666667
1.1
2.46666666667
0.2
1.71666666667
0.338983050847
1.56666666667
1.9
1.95
0.65
2.48333333333
1.3
1.25423728814
1.45
0.983333333333
1.15
1.23333333333
1.5
0.932203389831
1.61666666667
1.91666666667
1.0
0.866666666667
0.847457627119
0.55
2.45
1.15
1.2
1.4
0.762711864407
0.5
0.5
1.11666666667
0.65
1.71666666667
1.37288135593
1.83333333333
1.36666666667
1.0
3.36666666667
1.78333333333
2.03389830508
0.65
1.2
1.75
1.65
1.49152542373
0.966666666667
0.5
0.5
0.883333333333
0.65
4.27118644068
1.51666666667
1.7
0.716666666667
1.73333333333
0.793103448276
--END OF 11--
0.5
0.0169491525424
0.483333333333
0.0
0.0
0.2
0.216666666667
0.28813559322
0.0
0.0
0.5
0.0
0.233333333333
0.0
0.0
0.0
0.0
0.0
0.0
0.0333333333333
0.135593220339
0.0
0.0
0.5
0.5
0.0
0.0
1.0
0.0
0.1
0.7
0.203389830508
0.5
0.5
0.383333333333
0.116666666667
0.5
0.338983050847
1.23333333333
0.0
0.666666666667
0.833333333333
0.566666666667
0.949152542373
0.0
0.0
0.5
0.0
0.0
0.0
0.0
0.5
0.0
0.0
0.762711864407
0.283333333333
0.316666666667
0.183333333333
0.0
0.0344827586207
--END OF 12--
