20.75
24.1166666667
25.6440677966
24.8166666667
23.6833333333
22.75
21.7666666667
23.3333333333
22.7627118644
24.3
23.45
22.3666666667
22.4166666667
22.7833333333
22.3728813559
23.75
22.6666666667
23.4333333333
23.9833333333
23.5833333333
23.4576271186
23.4333333333
22.3333333333
23.75
22.4166666667
22.7627118644
22.8
22.3333333333
22.7166666667
23.8666666667
23.6610169492
23.9
23.6666666667
23.1333333333
22.8833333333
22.9666666667
22.1355932203
22.5833333333
21.9166666667
23.25
24.1666666667
22.0677966102
22.9333333333
22.8666666667
24.7833333333
24.2166666667
23.8474576271
22.8
22.9166666667
22.8833333333
23.0166666667
24.05
22.3220338983
22.45
23.35
23.25
22.2
23.0677966102
24.9833333333
21.350877193
--END OF 1--
29.2
35.7333333333
36.2542372881
35.45
34.6333333333
31.3833333333
32.0333333333
33.1333333333
32.2542372881
33.3833333333
33.15
30.5666666667
31.2166666667
32.0333333333
32.0169491525
33.0666666667
30.9666666667
32.1833333333
31.0833333333
33.6166666667
33.1525423729
32.3
30.8166666667
32.55
30.4333333333
29.9661016949
31.7
30.75
30.9166666667
32.1333333333
30.6271186441
31.5
33.2333333333
31.3
30.9666666667
32.3
31.6101694915
31.9
31.0666666667
31.6166666667
31.1666666667
29.8474576271
30.5333333333
31.0833333333
32.1166666667
32.6166666667
31.9830508475
30.4
30.2833333333
30.3333333333
30.2666666667
31.0
30.1355932203
30.65
30.05
30.3333333333
29.3666666667
29.5254237288
33.95
29.0350877193
--END OF 2--
30.8666666667
38.0333333333
43.5254237288
39.6333333333
38.4666666667
34.15
35.5333333333
34.5333333333
35.2542372881
35.6333333333
35.3666666667
32.4833333333
32.9166666667
34.6333333333
34.0
34.8166666667
32.2166666667
37.2833333333
34.3833333333
37.4666666667
35.3559322034
33.6833333333
33.7333333333
34.2166666667
32.95
31.0677966102
34.2333333333
32.65
32.2
34.2166666667
34.4576271186
32.7
34.1166666667
32.1166666667
32.9333333333
33.6666666667
34.0338983051
34.4166666667
33.1166666667
34.3333333333
33.0833333333
32.3220338983
32.1
31.6833333333
33.9833333333
33.8166666667
32.6949152542
31.5
31.8833333333
32.6333333333
32.6666666667
32.35
31.7457627119
31.9166666667
31.0333333333
31.8
31.15
29.8644067797
35.4166666667
29.8245614035
--END OF 3--
19.75
21.9166666667
22.5593220339
22.2833333333
21.75
21.2333333333
20.5833333333
21.5666666667
21.2203389831
22.3333333333
22.0
21.3666666667
21.2666666667
21.6166666667
21.2881355932
21.9666666667
21.2166666667
21.8833333333
22.2833333333
21.8666666667
21.7118644068
21.6166666667
21.3
22.0666666667
21.15
21.5762711864
21.8
21.1833333333
21.65
22.2333333333
22.0169491525
22.35
21.9333333333
21.85
21.6333333333
21.6333333333
20.8644067797
21.0666666667
20.95
21.8666666667
22.3
21.0677966102
21.4333333333
21.1833333333
22.55
22.4333333333
22.1186440678
21.6
21.2666666667
21.1333333333
21.2166666667
22.05
21.2372881356
21.3166666667
21.8833333333
21.65
21.15
21.7457627119
22.8
20.298245614
--END OF 4--
28.8
32.95
33.3389830508
32.7833333333
32.2
30.2666666667
30.5833333333
31.6
30.9830508475
31.7333333333
31.6333333333
29.9833333333
30.5666666667
31.0
31.0847457627
31.5166666667
29.9666666667
31.1333333333
30.1333333333
31.9333333333
31.4915254237
31.0
30.0666666667
31.4166666667
29.5833333333
29.593220339
30.75
30.1333333333
30.1666666667
31.05
29.9661016949
30.8
31.7333333333
30.6
30.2666666667
31.0833333333
30.5423728814
30.5333333333
30.1333333333
30.6666666667
30.2666666667
29.4745762712
29.6166666667
30.1333333333
31.1166666667
31.2666666667
30.9830508475
29.8
29.5166666667
29.5333333333
29.5666666667
30.25
29.8305084746
30.05
29.6833333333
29.7833333333
29.3666666667
29.2033898305
32.05
28.7719298246
--END OF 5--
30.8666666667
38.0333333333
43.3220338983
39.6333333333
38.4666666667
34.15
35.5333333333
34.5333333333
35.2542372881
35.6333333333
35.3666666667
32.4833333333
32.9166666667
34.6333333333
34.0
34.8166666667
32.2166666667
37.2833333333
34.3833333333
37.4666666667
35.3559322034
33.6833333333
33.7333333333
34.2166666667
32.95
31.0677966102
34.2333333333
32.65
32.2
34.2166666667
34.4576271186
32.7
34.1166666667
32.1166666667
32.9333333333
33.6666666667
34.0338983051
34.4166666667
33.1166666667
34.3333333333
33.0833333333
32.3220338983
32.1
31.6833333333
33.9833333333
33.8166666667
32.6949152542
31.5
31.8833333333
32.6333333333
32.6666666667
32.35
31.7457627119
31.9166666667
31.0333333333
31.8
31.15
29.8644067797
35.4166666667
29.8245614035
--END OF 6--
4059.65
4580.5
4941.61016949
4750.55
4520.95
4447.85
4381.15
4412.05
4498.83050847
4518.7
4423.15
4229.65
4213.4
4277.95
4248.45762712
4527.65
4306.5
4470.45
4560.45
4523.55
4490.38983051
4522.65
4310.95
4451.8
4435.2
4274.89830508
4277.85
4196.7
4198.65
4395.0
4411.06779661
4403.25
4523.7
4346.3
4261.1
4411.75
4240.77966102
4373.2
4202.5
4434.3
4511.75
4232.74576271
4305.75
4388.9
4494.8
4524.5
4379.13559322
4285.65
4379.35
4321.95
4448.25
4482.3
4107.10169492
4287.65
4345.05
4383.4
4207.75
4333.72881356
4540.2
4090.26315789
--END OF 7--
1122.36666667
1288.51666667
1364.91525424
1328.5
1281.08333333
1220.63333333
1190.86666667
1221.81666667
1226.88135593
1246.11666667
1213.78333333
1156.25
1172.86666667
1176.01666667
1185.38983051
1241.18333333
1199.3
1219.35
1240.45
1242.53333333
1253.03389831
1251.35
1182.56666667
1239.26666667
1211.15
1183.3559322
1182.96666667
1174.45
1155.85
1212.36666667
1213.77966102
1225.3
1253.61666667
1214.33333333
1180.65
1215.93333333
1183.66101695
1215.13333333
1170.78333333
1216.75
1233.78333333
1161.91525424
1192.78333333
1228.85
1252.56666667
1235.95
1217.01694915
1182.95
1212.45
1205.5
1222.1
1235.85
1154.6779661
1183.43333333
1187.61666667
1186.3
1133.73333333
1177.55932203
1281.7
1131.26315789
--END OF 8--
161.233333333
217.15
199.762711864
199.833333333
209.0
179.783333333
190.5
177.7
186.322033898
185.5
186.366666667
166.416666667
173.083333333
176.316666667
185.813559322
194.5
168.45
194.45
170.75
186.633333333
190.610169492
162.433333333
175.933333333
180.066666667
164.983333333
151.661016949
172.266666667
173.85
166.316666667
179.066666667
151.101694915
154.7
177.8
166.366666667
177.866666667
181.3
175.593220339
182.933333333
175.383333333
159.1
144.9
154.0
173.316666667
179.016666667
156.7
167.916666667
169.13559322
157.45
148.666666667
153.2
159.7
148.15
154.830508475
167.85
147.65
155.15
154.466666667
129.847457627
185.033333333
156.736842105
--END OF 9--
10.6333333333
17.85
22.6610169492
17.4166666667
17.7833333333
11.4166666667
15.75
15.2333333333
14.2711864407
10.6666666667
14.2833333333
11.5833333333
10.2166666667
12.3833333333
11.2372881356
8.21666666667
10.65
17.8
10.7
17.1333333333
12.9830508475
11.7666666667
11.3333333333
8.5
9.91666666667
5.71186440678
13.0666666667
10.1
11.1666666667
12.3333333333
13.0
9.65
11.3
6.75
8.95
10.0333333333
13.6779661017
15.7833333333
9.08333333333
13.7333333333
11.9
10.7457627119
8.71666666667
6.15
10.1333333333
12.1333333333
9.25423728814
7.3
9.06666666667
10.25
9.8
7.1
10.2711864407
6.75
7.61666666667
9.08333333333
9.41666666667
6.1186440678
8.93333333333
7.21052631579
--END OF 10--
2.93333333333
2.5
10.7457627119
6.0
3.95
3.45
4.7
1.88333333333
3.08474576271
3.51666666667
2.56666666667
1.98333333333
2.23333333333
4.1
2.71186440678
3.18333333333
2.0
6.8
4.4
5.53333333333
3.32203389831
2.2
4.11666666667
2.43333333333
2.95
1.71186440678
4.26666666667
3.35
2.06666666667
3.26666666667
6.59322033898
1.4
1.33333333333
1.31666666667
3.08333333333
1.95
4.08474576271
3.46666666667
3.21666666667
3.48333333333
1.66666666667
2.84745762712
2.13333333333
0.85
2.7
2.23333333333
1.05084745763
1.5
2.18333333333
4.0
3.0
2.3
1.98305084746
1.73333333333
1.48333333333
2.18333333333
3.01666666667
0.491525423729
1.98333333333
1.42105263158
--END OF 11--
0.0333333333333
1.08333333333
3.06779661017
1.95
0.95
1.28333333333
2.05
0.0
0.508474576271
0.516666666667
0.583333333333
0.883333333333
0.55
0.333333333333
0.169491525424
0.0
0.0
0.45
0.4
1.48333333333
1.1186440678
0.7
0.85
0.516666666667
0.9
0.576271186441
0.933333333333
0.0
0.0
0.0
0.677966101695
0.5
0.0
0.0
0.0
0.366666666667
0.847457627119
1.0
0.0
0.233333333333
0.35
0.423728813559
0.5
0.5
0.0
0.0
0.0
0.0
0.266666666667
0.2
0.75
0.05
0.372881355932
0.8
0.166666666667
0.5
0.183333333333
0.322033898305
0.766666666667
0.0
--END OF 12--
