13.0
12.3666666667
13.4915254237
13.4333333333
13.9
14.6
13.9
12.7833333333
14.0
14.9833333333
13.9
14.0333333333
13.7833333333
13.05
13.1525423729
13.3
13.0
12.5
14.0
12.95
13.8983050847
14.2
13.2666666667
12.8833333333
13.2833333333
13.4666666667
13.5423728814
14.2333333333
13.5666666667
12.8333333333
13.3666666667
13.8644067797
13.2333333333
14.1
14.3333333333
12.1833333333
14.5833333333
14.1186440678
12.75
13.9833333333
14.1
13.4
13.2203389831
13.7666666667
13.4166666667
13.2166666667
12.85
14.15
13.3220338983
14.1
14.0333333333
13.6833333333
14.7333333333
13.5
13.7288135593
14.1
14.3833333333
13.35
13.25
14.1206896552
--END OF 1--
17.55
16.3666666667
17.4915254237
17.5666666667
18.05
19.3666666667
20.0333333333
16.6
18.1694915254
19.9333333333
17.75
17.5666666667
19.1
18.0
17.8983050847
18.15
17.5
17.0
18.5
18.0
18.6949152542
19.0833333333
17.55
16.8
17.45
17.7833333333
18.0338983051
18.7166666667
17.2666666667
18.8666666667
18.2166666667
18.2372881356
17.9833333333
18.35
18.0333333333
17.7333333333
18.8833333333
18.593220339
15.75
18.8333333333
18.0333333333
17.35
17.0169491525
18.0666666667
18.6833333333
17.2166666667
18.25
20.0
17.813559322
18.35
18.9833333333
17.8833333333
19.1833333333
18.35
18.7796610169
19.2
19.05
17.5333333333
18.35
18.2068965517
--END OF 2--
18.05
17.4166666667
18.9491525424
18.0333333333
18.6
20.2666666667
20.5666666667
17.2166666667
18.9491525424
21.2
18.1666666667
17.5666666667
20.4666666667
18.0333333333
18.813559322
18.35
17.9
17.9
18.9
19.3
19.2033898305
19.85
18.4833333333
17.6333333333
18.45
18.1
18.2711864407
20.0666666667
19.1666666667
19.6833333333
18.8333333333
19.0847457627
18.4833333333
19.0
18.8833333333
18.5833333333
18.8833333333
18.593220339
16.4
19.7166666667
18.9833333333
18.4166666667
17.186440678
18.75
19.4333333333
17.6833333333
18.85
20.55
18.2542372881
18.7
19.6333333333
18.3833333333
19.1833333333
18.6
19.5423728814
19.65
19.6333333333
17.9833333333
18.5833333333
18.8793103448
--END OF 3--
13.0
12.3666666667
13.4915254237
13.4333333333
13.9
14.6
13.9
12.7833333333
14.0
14.9833333333
13.9
14.0333333333
13.7833333333
13.05
13.1525423729
13.3
13.0
12.5
14.0
12.95
13.8983050847
14.2
13.2666666667
12.8833333333
13.2833333333
13.4666666667
13.5423728814
14.2333333333
13.5666666667
12.8333333333
13.3666666667
13.8644067797
13.2333333333
14.1
14.3333333333
12.1833333333
14.5833333333
14.1186440678
12.75
13.9833333333
14.1
13.4
13.2203389831
13.7666666667
13.4166666667
13.2166666667
12.85
14.15
13.3220338983
14.1
14.0333333333
13.6833333333
14.7333333333
13.5
13.7288135593
14.1
14.3833333333
13.35
13.25
14.1206896552
--END OF 4--
17.55
16.3666666667
17.4915254237
17.5666666667
18.05
19.3666666667
20.0333333333
16.6
18.1694915254
19.9333333333
17.75
17.5666666667
19.1
18.0
17.8983050847
18.15
17.5
17.0
18.5
18.0
18.6949152542
19.0833333333
17.55
16.8
17.45
17.7833333333
18.0338983051
18.7166666667
17.2666666667
18.8666666667
18.2166666667
18.2372881356
17.9833333333
18.35
18.0333333333
17.7333333333
18.8833333333
18.593220339
15.75
18.8333333333
18.0333333333
17.35
17.0169491525
18.0666666667
18.6833333333
17.2166666667
18.25
20.0
17.813559322
18.35
18.9833333333
17.8833333333
19.1833333333
18.35
18.7796610169
19.2
19.05
17.5333333333
18.35
18.2068965517
--END OF 5--
18.05
17.4166666667
18.9491525424
18.0333333333
18.6
20.2666666667
20.5666666667
17.2166666667
18.9491525424
21.2
18.1666666667
17.5666666667
20.4666666667
18.0333333333
18.813559322
18.35
17.9
17.9
18.9
19.3
19.2033898305
19.85
18.4833333333
17.6333333333
18.45
18.1
18.2711864407
20.0666666667
19.1666666667
19.6833333333
18.8333333333
19.0847457627
18.4833333333
19.0
18.8833333333
18.5833333333
18.8833333333
18.593220339
16.4
19.7166666667
18.9833333333
18.4166666667
17.186440678
18.75
19.4333333333
17.6833333333
18.85
20.55
18.2542372881
18.7
19.6333333333
18.3833333333
19.1833333333
18.6
19.5423728814
19.65
19.6333333333
17.9833333333
18.5833333333
18.8793103448
--END OF 6--
2592.0
2491.5
2557.52542373
2594.8
2591.15
2722.95
2589.7
2459.3
2667.15254237
2763.6
2695.45
2646.2
2704.1
2668.15
2645.59322034
2768.4
2555.85
2556.6
2752.65
2641.35
2623.27118644
2664.25
2572.15
2477.6
2563.5
2646.0
2729.44067797
2727.6
2591.35
2587.45
2576.35
2743.11864407
2634.3
2821.65
2701.5
2544.75
2728.8
2608.27118644
2472.85
2621.0
2601.35
2546.3
2479.01694915
2626.45
2548.0
2541.85
2565.35
2734.5
2668.11864407
2713.2
2719.05
2614.95
2826.3
2582.55
2566.52542373
2717.65
2763.75
2634.45
2542.5
2716.65517241
--END OF 7--
712.85
685.85
710.745762712
707.816666667
732.266666667
763.5
719.3
670.116666667
733.237288136
771.6
734.216666667
738.683333333
749.083333333
728.616666667
715.457627119
740.05
711.7
708.5
744.2
707.45
729.949152542
740.566666667
709.483333333
698.116666667
704.55
728.783333333
727.254237288
758.483333333
711.35
711.816666667
715.516666667
745.661016949
733.85
771.75
758.65
688.45
753.05
724.694915254
673.95
729.783333333
715.666666667
697.35
679.576271186
726.366666667
711.066666667
702.983333333
703.1
760.016666667
732.0
743.15
753.65
711.85
778.1
714.55
718.881355932
754.85
759.433333333
713.5
697.85
741.793103448
--END OF 8--
90.05
79.6
89.5593220339
89.6166666667
92.7166666667
105.933333333
120.916666667
90.0166666667
98.1694915254
106.7
79.95
79.2833333333
101.05
104.383333333
102.084745763
96.5
97.0
100.8
96.65
93.7
95.1186440678
108.483333333
94.3666666667
94.25
95.7666666667
98.45
91.8983050847
105.5
95.4333333333
118.466666667
98.4166666667
99.2033898305
97.15
88.3
106.2
110.4
100.95
98.186440678
83.1833333333
100.266666667
92.2333333333
100.616666667
95.8644067797
98.0
105.483333333
82.8166666667
92.4
105.15
86.9322033898
93.55
115.3
104.7
103.55
97.6
104.728813559
106.15
100.183333333
87.2333333333
100.95
99.3103448276
--END OF 9--
3.15
7.95
6.76271186441
3.08333333333
4.71666666667
5.63333333333
8.16666666667
2.9
4.05084745763
6.9
3.48333333333
1.23333333333
8.38333333333
3.25
5.91525423729
3.2
3.1
2.95
3.15
6.7
4.13559322034
3.65
3.08333333333
2.51666666667
3.7
2.18333333333
3.8813559322
4.76666666667
5.85
6.11666666667
5.81666666667
5.06779661017
4.0
3.35
2.8
6.45
1.5
1.5593220339
1.26666666667
5.76666666667
5.46666666667
4.46666666667
3.28813559322
2.85
5.76666666667
3.15
5.55
8.18333333333
3.42372881356
3.2
3.65
3.5
1.5
4.1
6.27118644068
4.3
3.03333333333
2.88333333333
4.88333333333
3.36206896552
--END OF 10--
0.5
0.7
1.66101694915
0.65
0.516666666667
0.733333333333
0.9
0.866666666667
0.932203389831
1.26666666667
0.816666666667
0.0
1.96666666667
0.0333333333333
1.01694915254
0.0
0.55
1.55
0.85
1.8
0.762711864407
1.33333333333
1.75
1.38333333333
1.9
0.433333333333
0.406779661017
2.2
2.4
1.11666666667
0.866666666667
1.28813559322
0.75
1.25
1.25
1.0
0.0
0.0
1.0
0.783333333333
1.13333333333
2.01666666667
0.542372881356
1.03333333333
1.0
0.716666666667
0.5
0.75
0.796610169492
0.25
0.5
0.5
0.0
0.2
1.32203389831
0.166666666667
0.783333333333
0.6
0.2
1.03448275862
--END OF 11--
0.0
0.0
0.338983050847
0.166666666667
0.0
0.0
0.133333333333
0.366666666667
0.508474576271
0.683333333333
0.316666666667
0.0
0.5
0.0
0.508474576271
0.0
0.0
0.1
0.4
0.5
0.0
0.3
0.0
0.0
0.0
0.0
0.118644067797
0.45
1.43333333333
0.116666666667
0.5
0.389830508475
0.5
0.0
0.8
0.2
0.0
0.0
0.0
0.5
0.0
0.5
0.0
0.0
0.5
0.216666666667
0.283333333333
0.0
0.305084745763
0.2
0.0
0.0
0.0
0.0
0.0
0.0
0.283333333333
0.216666666667
0.0
0.0
--END OF 12--
