16.3728813559
15.95
16.0333333333
16.5833333333
15.9833333333
14.9833333333
15.0333333333
15.3728813559
16.05
16.55
15.6833333333
15.7166666667
15.8
16.5084745763
16.1333333333
16.3666666667
14.9833333333
15.85
14.2666666667
16.1355932203
15.9666666667
14.6333333333
15.4
16.25
16.6
15.4576271186
15.8666666667
15.9
15.7333333333
16.1833333333
17.3220338983
15.8666666667
15.6833333333
15.05
16.3833333333
17.2833333333
15.8983050847
15.4
15.5
15.1
14.8833333333
15.75
15.2203389831
16.25
15.2166666667
16.0
15.4333333333
15.2
15.3728813559
14.8666666667
14.2666666667
16.0
16.5
16.1
15.2372881356
15.1
14.75
15.3333333333
16.4666666667
15.4655172414
--END OF 1--
21.4915254237
21.5
21.2333333333
21.1333333333
20.1833333333
19.7166666667
19.9333333333
21.406779661
22.3
20.9666666667
20.2333333333
20.45
21.35
21.7627118644
20.2333333333
20.7166666667
20.05
21.3166666667
18.7
20.0677966102
20.6166666667
19.1833333333
20.5
21.0
22.1
19.9152542373
21.0666666667
20.9333333333
20.8833333333
21.7833333333
21.5254237288
20.6
20.4666666667
19.95
19.55
21.2166666667
20.6949152542
19.5
19.45
20.1
20.0333333333
20.7
20.7457627119
21.7166666667
19.6333333333
21.1333333333
19.95
21.2166666667
20.2033898305
19.3833333333
19.7166666667
20.65
21.4
21.2166666667
20.6101694915
20.55
19.7
20.5833333333
20.8166666667
20.2931034483
--END OF 2--
21.7457627119
21.8
21.4833333333
21.9833333333
20.4333333333
20.3
21.1333333333
21.8644067797
22.8
21.4
21.1
21.3
22.2166666667
22.6440677966
21.1333333333
20.7333333333
21.3666666667
21.95
19.4166666667
20.3050847458
20.9166666667
19.5333333333
20.85
22.25
22.3
20.1016949153
21.6333333333
21.2666666667
20.95
22.0333333333
21.8474576271
20.85
21.3
20.0
19.95
21.6166666667
21.1525423729
20.05
20.3
21.05
20.7833333333
21.2
21.4915254237
22.7
20.1
21.2833333333
19.95
22.2
20.7796610169
19.5333333333
20.2833333333
21.1
21.9
21.4
21.0169491525
21.1666666667
19.9
20.8333333333
21.5666666667
20.9137931034
--END OF 3--
16.3728813559
15.95
16.0333333333
16.5833333333
15.9833333333
14.9833333333
15.0333333333
15.3728813559
16.05
16.55
15.6833333333
15.7166666667
15.8
16.5084745763
16.1333333333
16.3666666667
14.9833333333
15.85
14.2666666667
16.1355932203
15.9666666667
14.6333333333
15.4
16.25
16.6
15.4576271186
15.8666666667
15.9
15.7333333333
16.1833333333
17.3220338983
15.8666666667
15.6833333333
15.05
16.3833333333
17.2833333333
15.8983050847
15.4
15.5
15.1
14.8833333333
15.75
15.2203389831
16.25
15.2166666667
16.0
15.4333333333
15.2
15.3728813559
14.8666666667
14.2666666667
16.0
16.5
16.1
15.2372881356
15.1
14.75
15.3333333333
16.4666666667
15.4655172414
--END OF 4--
21.4915254237
21.5
21.2333333333
21.1333333333
20.1833333333
19.7166666667
19.9333333333
21.406779661
22.3
20.9666666667
20.2333333333
20.45
21.35
21.7627118644
20.2333333333
20.7166666667
20.05
21.3166666667
18.7
20.0677966102
20.6166666667
19.1833333333
20.5
21.0
22.1
19.9152542373
21.0666666667
20.9333333333
20.8833333333
21.7833333333
21.5254237288
20.6
20.4666666667
19.95
19.55
21.2166666667
20.6949152542
19.5
19.45
20.1
20.0333333333
20.7
20.7457627119
21.7166666667
19.6333333333
21.1333333333
19.95
21.2166666667
20.2033898305
19.3833333333
19.7166666667
20.65
21.4
21.2166666667
20.6101694915
20.55
19.7
20.5833333333
20.8166666667
20.2931034483
--END OF 5--
21.7457627119
21.8
21.4833333333
21.9833333333
20.4333333333
20.3
21.1333333333
21.8644067797
22.8
21.4
21.1
21.3
22.2166666667
22.6440677966
21.1333333333
20.7333333333
21.3666666667
21.95
19.4166666667
20.3050847458
20.9166666667
19.5333333333
20.85
22.25
22.3
20.1016949153
21.6333333333
21.2666666667
20.95
22.0333333333
21.8474576271
20.85
21.3
20.0
19.95
21.6166666667
21.1525423729
20.05
20.3
21.05
20.7833333333
21.2
21.4915254237
22.7
20.1
21.2833333333
19.95
22.2
20.7796610169
19.5333333333
20.2833333333
21.1
21.9
21.4
21.0169491525
21.1666666667
19.9
20.8333333333
21.5666666667
20.9137931034
--END OF 6--
3047.84745763
3005.4
2993.55
3083.85
3094.65
2862.7
2892.75
3000.71186441
3122.85
3099.9
2937.65
2915.45
3047.7
3098.69491525
2976.65
3131.95
2861.2
3008.4
2710.3
3041.38983051
3022.2
2931.0
2947.5
3074.7
3058.95
2881.22033898
2921.55
3010.45
2946.25
3017.75
3083.59322034
2847.35
2916.75
2830.15
3044.8
3109.05
3014.03389831
2785.2
2991.75
2955.75
2888.85
3029.1
3007.47457627
3150.35
2910.7
2981.6
2973.45
2919.1
2948.84745763
2836.2
2742.15
2976.55
3063.05
2978.5
2951.69491525
2907.65
2934.0
2950.65
3019.65
2884.13793103
--END OF 7--
850.525423729
845.75
846.45
851.6
836.45
782.833333333
806.1
831.084745763
850.566666667
860.633333333
816.983333333
824.95
846.833333333
871.86440678
829.116666667
870.35
799.4
850.383333333
741.066666667
832.711864407
836.3
791.5
815.35
860.65
854.85
799.508474576
825.683333333
829.35
819.966666667
848.55
872.372881356
814.466666667
809.45
793.15
833.666666667
874.516666667
832.0
782.65
811.3
818.5
816.7
854.35
828.338983051
876.0
798.1
833.016666667
807.2
807.083333333
827.406779661
793.816666667
753.75
815.35
863.716666667
839.35
811.389830508
794.233333333
783.65
811.5
833.25
818.379310345
--END OF 8--
100.813559322
102.2
112.8
112.1
102.85
97.25
106.8
115.898305085
109.6
98.2166666667
98.5666666667
102.383333333
131.25
115.101694915
98.0833333333
101.966666667
114.75
117.166666667
95.5666666667
95.7627118644
106.15
100.35
121.45
114.05
122.45
88.5423728814
108.533333333
114.366666667
114.65
114.683333333
107.033898305
99.65
112.633333333
99.8333333333
82.3666666667
106.366666667
102.271186441
83.05
90.9
120.35
102.6
110.7
115.118644068
121.8
101.216666667
112.583333333
101.116666667
118.283333333
109.593220339
106.15
96.4166666667
114.416666667
99.9166666667
112.233333333
116.93220339
113.616666667
108.5
112.05
121.3
117.172413793
--END OF 9--
5.61016949153
4.45
3.1
2.9
1.9
4.78333333333
4.35
4.98305084746
9.3
2.48333333333
4.71666666667
5.78333333333
4.31666666667
4.08474576271
3.81666666667
1.73333333333
5.5
3.65
4.91666666667
3.20338983051
4.55
2.4
3.75
3.85
4.15
2.86440677966
3.71666666667
3.91666666667
2.75
3.45
3.57627118644
3.78333333333
5.6
4.03333333333
1.2
3.21666666667
3.62711864407
5.95
3.55
3.25
5.1
3.0
4.42372881356
4.51666666667
4.75
5.31666666667
3.1
6.11666666667
1.98305084746
2.3
6.63333333333
2.66666666667
4.81666666667
3.58333333333
4.06779661017
6.65
3.95
4.0
3.55
3.29310344828
--END OF 10--
0.135593220339
0.6
0.4
1.5
0.5
1.01666666667
1.85
0.406779661017
0.5
0.583333333333
1.65
0.766666666667
1.38333333333
1.22033898305
1.08333333333
0.0166666666667
1.88333333333
0.8
0.466666666667
0.542372881356
0.5
0.5
0.75
1.75
0.4
0.28813559322
0.816666666667
0.283333333333
0.216666666667
0.5
0.677966101695
0.65
1.11666666667
0.133333333333
0.5
0.5
0.813559322034
0.7
0.95
1.75
1.05
1.1
1.23728813559
1.13333333333
0.366666666667
0.0
0.0
1.0
0.728813559322
0.283333333333
0.5
0.666666666667
0.55
0.283333333333
0.28813559322
0.416666666667
0.2
0.3
1.05
0.896551724138
--END OF 11--
0.0
0.0
0.0
0.0
0.0
0.483333333333
0.45
0.406779661017
0.0
0.0
1.0
0.5
0.0333333333333
0.474576271186
0.0
0.0166666666667
0.483333333333
0.0
0.466666666667
0.0338983050847
0.0
0.0
0.0
0.5
0.0
0.186440677966
0.316666666667
0.0
0.0
0.0
0.0
0.0
0.0
0.0
0.0
0.0
0.0
0.0
0.0
0.0
0.25
0.25
0.0
0.5
0.0
0.0
0.0
0.0
0.0
0.0
0.0
0.0
0.0
0.0
0.0
0.0
0.0
0.0
0.0
0.0
--END OF 12--
