15.25
15.5666666667
15.6833333333
16.0
16.2666666667
15.7166666667
15.4666666667
14.7
16.05
15.0
16.0
16.6
15.8
15.1333333333
15.7333333333
16.0169491525
15.6333333333
15.4666666667
14.2166666667
15.7333333333
16.5
16.1694915254
15.5833333333
14.7833333333
14.8
16.1666666667
15.0
14.5423728814
15.5166666667
16.35
15.1
15.3833333333
15.0677966102
15.9
15.4
15.35
15.55
15.85
15.3220338983
16.5
15.6833333333
15.05
15.2166666667
14.9661016949
14.2333333333
15.1833333333
14.3333333333
16.15
14.25
15.5254237288
15.8166666667
16.3166666667
14.6166666667
16.1166666667
15.7796610169
15.4
14.9
16.1333333333
14.3166666667
15.7169811321
--END OF 1--
20.35
21.7666666667
20.7333333333
21.593220339
21.3666666667
21.75
20.8666666667
20.8333333333
22.6
20.186440678
20.4
21.1
20.75
21.0333333333
20.9333333333
20.0169491525
19.9666666667
20.8
21.0
20.9166666667
21.8833333333
21.3559322034
20.8166666667
20.7833333333
20.6333333333
21.4833333333
19.8166666667
20.4915254237
21.5
22.75
21.7
20.2833333333
20.6779661017
21.1
20.3
20.95
21.6
20.95
20.4745762712
21.6333333333
22.4666666667
20.5166666667
20.1
20.1525423729
18.8333333333
20.1833333333
19.2333333333
21.25
20.15
20.8474576271
21.7166666667
22.1166666667
21.2833333333
21.6333333333
22.1016949153
20.65
19.8
22.0
20.0
21.6981132075
--END OF 2--
20.35
22.1166666667
21.1333333333
22.2203389831
22.6166666667
22.0166666667
21.2666666667
21.9833333333
23.2
21.0338983051
20.4
21.35
21.3
21.7833333333
21.2833333333
20.7288135593
20.5166666667
21.0333333333
21.7333333333
21.1
22.3333333333
21.5084745763
21.7666666667
21.85
21.35
22.7833333333
20.2666666667
21.3559322034
21.8333333333
23.5
22.7
20.4833333333
21.3728813559
21.55
21.3166666667
21.0833333333
22.55
21.2
20.813559322
22.3666666667
22.7166666667
21.0166666667
21.0
20.1525423729
19.7333333333
20.3333333333
20.0333333333
21.75
21.25
22.2881355932
23.1166666667
22.3833333333
21.75
22.55
22.4237288136
21.4666666667
20.1666666667
23.5833333333
20.5
21.9245283019
--END OF 3--
15.25
15.5666666667
15.6833333333
16.0
16.2666666667
15.7166666667
15.4666666667
14.7
16.05
15.0
16.0
16.6
15.8
15.1333333333
15.7333333333
16.0169491525
15.6333333333
15.4666666667
14.2166666667
15.7333333333
16.5
16.1694915254
15.5833333333
14.7833333333
14.8
16.1666666667
15.0
14.5423728814
15.5166666667
16.35
15.1
15.3833333333
15.0677966102
15.9
15.4
15.35
15.55
15.85
15.3220338983
16.5
15.6833333333
15.05
15.2166666667
14.9661016949
14.2333333333
15.1833333333
14.3333333333
16.15
14.25
15.5254237288
15.8166666667
16.3166666667
14.6166666667
16.1166666667
15.7796610169
15.4
14.9
16.1333333333
14.3166666667
15.7169811321
--END OF 4--
20.35
21.7666666667
20.7333333333
21.593220339
21.3666666667
21.75
20.8666666667
20.8333333333
22.6
20.186440678
20.4
21.1
20.75
21.0333333333
20.9333333333
20.0169491525
19.9666666667
20.8
21.0
20.9166666667
21.8833333333
21.3559322034
20.8166666667
20.7833333333
20.6333333333
21.4833333333
19.8166666667
20.4915254237
21.5
22.75
21.7
20.2833333333
20.6779661017
21.1
20.3
20.95
21.6
20.95
20.4745762712
21.6333333333
22.4666666667
20.5166666667
20.1
20.1525423729
18.8333333333
20.1833333333
19.2333333333
21.25
20.15
20.8474576271
21.7166666667
22.1166666667
21.2833333333
21.6333333333
22.1016949153
20.65
19.8
22.0
20.0
21.6981132075
--END OF 5--
20.35
22.1166666667
21.1333333333
22.2203389831
22.6166666667
22.0166666667
21.2666666667
21.9833333333
23.2
21.0338983051
20.4
21.35
21.3
21.7833333333
21.2833333333
20.7288135593
20.5166666667
21.0333333333
21.7333333333
21.1
22.3333333333
21.5084745763
21.7666666667
21.85
21.35
22.7833333333
20.2666666667
21.3559322034
21.8333333333
23.5
22.7
20.4833333333
21.3728813559
21.55
21.3166666667
21.0833333333
22.55
21.2
20.813559322
22.3666666667
22.7166666667
21.0166666667
21.0
20.1525423729
19.7333333333
20.3333333333
20.0333333333
21.75
21.25
22.2881355932
23.1166666667
22.3833333333
21.75
22.55
22.4237288136
21.4666666667
20.1666666667
23.5833333333
20.5
21.9245283019
--END OF 6--
2785.0
2995.0
2883.05
2964.66101695
2902.35
2933.05
2850.2
2820.05
3022.7
2821.83050847
2875.05
2974.5
2939.55
2890.05
2912.1
2922.10169492
2842.4
2862.7
2806.55
2922.7
3050.2
2879.38983051
2877.0
2870.35
2859.35
2967.35
2833.25
2832.71186441
2918.25
3025.65
3020.4
2831.25
2817.86440678
2913.65
2887.95
2851.7
3002.5
3037.15
2867.38983051
3112.8
2921.95
2824.7
2952.3
2875.42372881
2763.3
2866.95
2740.65
2978.25
2767.2
2868.71186441
2974.25
3073.5
2914.25
2894.9
2870.84745763
2902.35
2819.85
3016.75
2691.9
2867.66037736
--END OF 7--
788.233333333
824.283333333
814.05
831.728813559
825.466666667
824.316666667
806.516666667
789.35
851.4
784.915254237
805.5
840.6
823.5
808.4
812.35
804.728813559
808.15
812.733333333
786.116666667
806.766666667
850.266666667
819.203389831
818.05
797.316666667
789.2
822.033333333
770.2
800.203389831
822.916666667
853.5
840.6
806.5
786.06779661
810.55
804.783333333
793.35
822.266666667
840.966666667
804.830508475
860.35
823.033333333
795.733333333
814.616666667
806.762711864
771.6
809.05
763.65
831.8
774.7
791.169491525
832.066666667
862.916666667
818.6
826.633333333
818.847457627
814.433333333
794.316666667
839.15
750.15
817.509433962
--END OF 8--
113.45
120.333333333
106.333333333
122.881355932
114.483333333
121.133333333
112.4
124.583333333
129.933333333
107.762711864
104.45
107.65
111.35
133.35
117.1
99.1694915254
107.033333333
122.1
135.533333333
112.716666667
112.05
112.627118644
115.466666667
119.816666667
129.583333333
131.033333333
114.8
112.983050847
125.466666667
133.4
131.35
105.8
108.169491525
123.566666667
107.75
114.116666667
113.066666667
111.533333333
105.745762712
103.033333333
125.383333333
109.533333333
120.433333333
114.898305085
105.4
114.8
118.95
114.75
119.4
115.86440678
127.583333333
127.083333333
125.133333333
112.833333333
126.220338983
126.066666667
104.883333333
128.616666667
122.333333333
121.547169811
--END OF 9--
2.43333333333
5.65
3.9
5.62711864407
5.86666666667
6.75
4.18333333333
6.28333333333
6.33333333333
4.08474576271
3.8
1.9
5.2
5.4
2.5
2.89830508475
3.88333333333
3.11666666667
6.9
3.48333333333
6.4
3.71186440678
5.4
7.95
3.21666666667
5.4
2.95
6.37288135593
4.55
3.9
8.9
3.25
6.54237288136
5.63333333333
3.75
5.75
6.48333333333
2.26666666667
4.96610169492
6.3
7.08333333333
6.28333333333
4.83333333333
3.50847457627
3.9
2.65
3.65
2.9
4.45
7.96610169492
7.2
3.58333333333
5.43333333333
5.55
7.01694915254
2.76666666667
2.35
7.01666666667
4.68333333333
3.32075471698
--END OF 10--
0.0
0.5
0.0
0.271186440678
2.2
0.35
0.7
1.5
1.0
1.50847457627
0.0
0.0
0.5
0.2
0.5
1.30508474576
0.75
0.5
0.933333333333
0.433333333333
0.783333333333
0.220338983051
1.61666666667
1.7
0.833333333333
2.1
0.683333333333
0.864406779661
0.283333333333
1.4
1.5
0.0
1.40677966102
0.9
1.71666666667
0.216666666667
1.28333333333
0.416666666667
0.593220338983
0.5
0.0
1.0
1.41666666667
0.0847457627119
1.5
0.5
0.8
0.7
1.0
1.79661016949
1.9
0.366666666667
0.666666666667
1.45
0.71186440678
1.15
0.333333333333
2.36666666667
0.6
0.22641509434
--END OF 11--
0.0
0.0
0.0
0.0
0.0
0.0
0.0
0.5
0.0
0.0
0.0
0.0
0.0
0.0
0.0
0.0
0.0
0.0
0.0
0.0
0.283333333333
0.220338983051
0.383333333333
0.616666666667
0.433333333333
0.566666666667
0.0
0.0
0.0
0.0
0.0
0.0
0.508474576271
0.0
0.0
0.0
0.5
0.0
0.0
0.5
0.0
0.0
0.0
0.0
0.0
0.0
0.0
0.0
0.35
0.389830508475
0.633333333333
0.0
0.0
0.933333333333
0.0677966101695
0.0
0.116666666667
0.883333333333
0.0
0.0
--END OF 12--
