24.65
24.1666666667
24.0
23.0166666667
24.2333333333
23.75
23.15
23.9166666667
24.593220339
24.4666666667
24.4333333333
24.7833333333
24.9833333333
23.25
22.9661016949
22.6833333333
22.5833333333
23.6166666667
22.4
23.0333333333
22.8983050847
23.3333333333
23.25
22.25
23.1333333333
24.6
22.9491525424
23.5
24.1
22.8666666667
21.9833333333
23.2881355932
22.7833333333
22.2333333333
23.45
22.9333333333
23.2166666667
22.7118644068
22.2833333333
22.5
23.5333333333
22.4833333333
21.3333333333
21.8983050847
23.15
22.65
22.9833333333
22.35
22.5254237288
23.1833333333
22.9333333333
22.75
23.1
21.7833333333
22.8813559322
23.3333333333
22.2833333333
22.5166666667
22.55
23.7924528302
--END OF 1--
34.35
34.65
34.9661016949
31.25
33.6666666667
32.5666666667
31.45
33.45
34.1525423729
33.0833333333
33.6666666667
33.7666666667
33.8833333333
32.1833333333
31.9491525424
32.0833333333
30.6833333333
32.9166666667
30.7666666667
31.3166666667
31.7118644068
32.8833333333
32.8166666667
30.5
31.7166666667
33.95
32.2542372881
33.9166666667
33.7666666667
31.55
30.95
32.2033898305
30.3833333333
30.8166666667
33.1833333333
31.6833333333
33.6
32.7796610169
29.9333333333
30.1666666667
33.2
31.2833333333
30.7
31.4576271186
32.0
31.3
32.1833333333
31.3833333333
31.3220338983
30.95
31.95
32.6833333333
31.8333333333
29.7
32.1016949153
32.5333333333
29.4333333333
32.6833333333
31.2
32.320754717
--END OF 2--
35.6333333333
35.8166666667
35.8983050847
32.7333333333
34.7666666667
33.3166666667
32.3
34.9666666667
35.6949152542
34.3833333333
34.3333333333
34.0
34.6166666667
33.3333333333
32.5084745763
32.9
31.4166666667
33.6666666667
31.5833333333
32.0166666667
33.0338983051
34.0333333333
33.15
30.6
33.4333333333
33.95
32.2542372881
34.7
34.6333333333
31.75
32.2166666667
33.4237288136
32.05
31.9
35.0
32.7166666667
34.7666666667
34.1355932203
31.2833333333
30.6166666667
34.2666666667
33.5
32.1333333333
32.6101694915
33.4
32.2166666667
32.75
32.1166666667
31.5084745763
32.4333333333
32.7333333333
33.4166666667
33.5833333333
30.15
33.5762711864
33.0333333333
32.1333333333
33.7166666667
32.15
32.4528301887
--END OF 3--
22.6833333333
22.2
22.2033898305
21.5833333333
22.25
22.1666666667
21.8166666667
22.1166666667
22.3898305085
22.5166666667
22.4333333333
22.55
22.55
21.9
21.6949152542
21.5833333333
21.2333333333
21.7
21.0
21.5833333333
21.4406779661
21.6833333333
21.4166666667
21.15
21.5166666667
22.7
21.8474576271
21.95
22.3
21.5
20.9833333333
21.8644067797
21.5833333333
21.2333333333
22.05
21.6833333333
21.95
21.5593220339
21.2333333333
21.25
21.5833333333
21.3
20.4
20.8305084746
21.9
21.4
21.8333333333
21.35
21.3728813559
21.6833333333
21.6166666667
21.5
21.7333333333
20.95
21.5762711864
21.9833333333
21.2833333333
21.45
21.45
22.1509433962
--END OF 4--
32.4333333333
32.6166666667
32.6610169492
30.4
31.8666666667
31.25
30.65
31.8833333333
32.1355932203
31.7666666667
32.0333333333
32.0333333333
32.1
31.05
30.8474576271
31.1333333333
29.7666666667
31.2333333333
29.9166666667
30.3666666667
30.5593220339
31.4333333333
31.1833333333
29.55
30.5333333333
32.2
31.1694915254
32.1333333333
32.0333333333
30.6
30.05
31.0338983051
29.9
30.15
31.65
30.8
32.1666666667
31.3728813559
29.5333333333
29.5666666667
31.4
30.2833333333
30.1333333333
30.5423728814
31.1
30.5666666667
30.9666666667
30.5666666667
30.4915254237
30.0666666667
30.9666666667
31.3833333333
30.8333333333
29.2666666667
30.9830508475
31.1833333333
29.2333333333
31.3
30.4
31.3018867925
--END OF 5--
35.6333333333
35.8166666667
35.8983050847
32.7333333333
34.7666666667
33.3166666667
32.3
34.9666666667
35.6949152542
34.3833333333
34.3333333333
34.0
34.6166666667
33.3333333333
32.5084745763
32.9
31.4166666667
33.6666666667
31.5833333333
32.0166666667
33.0338983051
34.0333333333
33.15
30.6
33.4333333333
33.95
32.2542372881
34.7
34.6333333333
31.75
32.2166666667
33.4237288136
32.05
31.9
35.0
32.7166666667
34.7666666667
34.1355932203
31.2833333333
30.6166666667
34.2666666667
33.5
32.1333333333
32.6101694915
33.4
32.2166666667
32.75
32.1166666667
31.5084745763
32.4333333333
32.7333333333
33.4166666667
33.5833333333
30.15
33.5762711864
33.0333333333
32.1333333333
33.7166666667
32.15
32.4528301887
--END OF 6--
4453.05
4564.95
4530.3559322
4388.2
4382.75
4338.25
4308.75
4418.8
4458.86440678
4338.05
4362.75
4452.6
4501.6
4279.85
4263.30508475
4209.45
4182.85
4367.5
4284.1
4232.9
4254.10169492
4356.0
4357.2
4288.95
4380.95
4557.3
4246.93220339
4293.85
4472.05
4265.8
4137.6
4302.96610169
4218.6
4255.6
4296.85
4240.9
4250.35
4325.08474576
4085.55
4116.2
4436.8
4286.25
3975.2
4183.06779661
4207.2
4155.5
4239.15
4329.5
4143.05084746
4175.35
4262.85
4301.8
4149.0
3920.3
4166.89830508
4306.05
4120.5
4272.25
4240.2
4255.58490566
--END OF 7--
1240.55
1257.93333333
1257.18644068
1186.03333333
1229.33333333
1213.86666667
1203.01666667
1228.41666667
1257.98305085
1233.58333333
1236.6
1251.73333333
1261.5
1196.58333333
1190.28813559
1170.43333333
1178.61666667
1241.3
1187.05
1189.63333333
1191.6779661
1219.3
1230.13333333
1184.7
1216.91666667
1277.25
1181.47457627
1215.15
1248.21666667
1202.41666667
1140.23333333
1189.13559322
1162.55
1163.21666667
1194.28333333
1180.6
1199.46666667
1203.28813559
1144.45
1156.38333333
1237.88333333
1187.05
1115.33333333
1175.42372881
1177.11666667
1166.78333333
1178.31666667
1178.58333333
1163.96610169
1184.16666667
1196.93333333
1190.68333333
1172.48333333
1091.28333333
1192.10169492
1192.95
1142.25
1190.0
1156.85
1191.11320755
--END OF 8--
207.116666667
208.533333333
219.0
191.233333333
203.033333333
195.083333333
181.433333333
197.65
197.169491525
197.183333333
202.4
188.433333333
181.366666667
192.9
188.966101695
174.966666667
186.1
192.216666667
178.433333333
195.4
204.254237288
200.9
183.016666667
193.6
183.616666667
192.05
186.406779661
206.883333333
193.4
166.216666667
190.466666667
192.813559322
168.95
173.183333333
197.7
187.45
197.066666667
198.203389831
173.2
168.65
209.55
192.266666667
178.5
189.355932203
185.683333333
183.633333333
192.25
183.95
185.084745763
173.35
180.5
204.566666667
206.05
177.666666667
188.13559322
191.8
162.4
205.716666667
173.9
175.113207547
--END OF 9--
8.45
7.31666666667
8.77966101695
8.1
8.5
6.08333333333
5.5
7.98333333333
10.8983050847
5.96666666667
5.83333333333
9.51666666667
10.8
6.91666666667
7.45762711864
11.4
3.2
7.45
6.41666666667
4.96666666667
4.57627118644
7.3
9.5
2.0
6.03333333333
6.25
5.79661016949
6.65
7.9
6.08333333333
11.55
6.50847457627
6.46666666667
7.68333333333
11.4666666667
5.6
8.76666666667
8.8813559322
6.65
6.31666666667
8.73333333333
9.53333333333
10.8166666667
6.74576271186
10.1166666667
4.95
8.86666666667
3.58333333333
6.54237288136
7.15
7.26666666667
7.23333333333
6.28333333333
3.35
9.83050847458
8.0
8.45
8.6
7.55
6.60377358491
--END OF 10--
1.76666666667
1.91666666667
1.05084745763
1.65
1.4
0.783333333333
1.3
2.03333333333
2.64406779661
1.78333333333
0.816666666667
0.233333333333
1.16666666667
2.0
0.338983050847
0.766666666667
0.733333333333
1.0
1.0
0.3
1.52542372881
1.1
0.4
0.15
3.25
0.0
0.0
0.9
1.13333333333
0.4
1.38333333333
1.81355932203
1.76666666667
1.46666666667
1.88333333333
0.933333333333
1.21666666667
2.05084745763
1.75
0.6
1.61666666667
2.55
2.35
1.33898305085
1.68333333333
1.15
0.683333333333
1.15
0.491525423729
1.78333333333
1.21666666667
1.21666666667
2.96666666667
0.816666666667
2.22033898305
0.8
3.35
1.36666666667
1.25
0.264150943396
--END OF 11--
0.0
0.4
0.169491525424
0.0
0.166666666667
0.0
0.0
0.0
0.0
0.5
0.5
0.0
0.0
0.0
0.0
0.0
0.0
0.5
0.5
0.0
1.01694915254
0.2
0.3
0.0
0.0
0.0
0.0
0.9
0.0
0.0
0.0
0.542372881356
0.466666666667
0.5
0.283333333333
0.583333333333
0.0
0.0
0.0
0.0
0.05
1.43333333333
0.25
0.169491525424
0.5
0.4
0.0
0.0
0.0
0.0
0.0
0.0
0.5
0.0
0.372881355932
0.0
1.0
0.0
0.0
0.245283018868
--END OF 12--
