23.5166666667
24.45
24.8833333333
24.3050847458
25.6166666667
25.7666666667
24.8
23.3333333333
24.2166666667
25.55
26.1694915254
24.45
24.5333333333
26.3833333333
25.0666666667
23.2833333333
25.0508474576
24.4666666667
24.05
23.9666666667
24.0
24.4576271186
23.8833333333
25.05
23.1166666667
24.25
23.6166666667
25.0
23.7166666667
24.9
25.6833333333
24.6166666667
23.7333333333
23.6101694915
24.4833333333
23.7833333333
24.1166666667
25.4333333333
25.2033898305
25.3333333333
24.35
24.2166666667
24.15
23.1
24.406779661
23.5666666667
22.2
23.25
23.2166666667
25.3666666667
24.1016949153
24.6166666667
23.6833333333
23.8833333333
24.05
24.2333333333
23.6271186441
23.5666666667
23.9666666667
24.8421052632
--END OF 1--
33.4833333333
34.2166666667
35.7333333333
34.3389830508
35.8833333333
37.9166666667
35.7333333333
32.45
33.4166666667
34.75
35.1016949153
35.1166666667
33.8833333333
37.65
33.6666666667
33.5666666667
36.2711864407
34.5666666667
33.9
33.65
33.2333333333
33.9491525424
32.8666666667
33.5833333333
31.9333333333
35.6333333333
32.3333333333
34.0338983051
33.2166666667
34.45
34.9833333333
34.7166666667
33.5333333333
32.6440677966
33.6333333333
34.2
34.7
35.8666666667
34.7457627119
34.7166666667
34.1333333333
35.45
33.3666666667
33.0833333333
33.9152542373
34.4
31.7833333333
32.8666666667
32.5166666667
34.7
33.6779661017
33.6166666667
32.5333333333
33.05
32.85
32.6666666667
31.3559322034
32.3333333333
32.7333333333
35.3859649123
--END OF 2--
33.9666666667
35.4
37.2666666667
36.6440677966
37.5666666667
38.4333333333
36.8166666667
33.5
34.3666666667
36.4833333333
39.0
37.3
35.9333333333
38.8333333333
34.6666666667
34.2333333333
38.1525423729
35.2833333333
35.2833333333
35.5
34.1
34.3220338983
34.0333333333
34.0333333333
32.5
36.65
33.0833333333
35.7627118644
35.5666666667
36.15
35.8166666667
36.4666666667
34.8833333333
33.3389830508
33.95
34.8666666667
35.8666666667
36.1333333333
35.4406779661
36.5166666667
35.0666666667
36.25
33.7333333333
34.0166666667
35.3898305085
35.4166666667
32.65
34.1166666667
33.1166666667
35.05
33.9152542373
34.7833333333
34.1666666667
34.7
33.1666666667
33.2
31.8305084746
32.85
33.4
36.5438596491
--END OF 3--
21.7
22.2333333333
22.6166666667
22.1525423729
23.0333333333
23.0666666667
22.6333333333
21.9
22.2333333333
23.0666666667
23.4576271186
22.2166666667
22.1166666667
23.45
22.8166666667
21.5833333333
22.7457627119
22.3666666667
22.1
22.15
22.25
22.406779661
22.1
22.5
21.4166666667
22.1333333333
21.6833333333
22.3898305085
21.8166666667
22.4
22.8333333333
22.4666666667
21.8333333333
21.8644067797
22.2333333333
22.1333333333
22.2
23.0
22.8305084746
22.95
22.5
22.35
22.3333333333
21.6333333333
22.2711864407
21.7833333333
20.8666666667
21.4833333333
21.6333333333
22.8833333333
22.2203389831
22.5
22.1666666667
22.0
22.2
22.2833333333
21.7627118644
21.6
22.1333333333
22.6315789474
--END OF 4--
31.7166666667
32.2166666667
33.2833333333
32.1355932203
33.2
34.5333333333
33.05
31.35
31.9166666667
32.6666666667
32.9322033898
32.65
31.9166666667
34.4
31.9666666667
31.65
33.6440677966
32.3166666667
31.8833333333
32.0666666667
31.7833333333
32.1694915254
31.5833333333
31.7833333333
30.6666666667
32.8833333333
30.9333333333
31.9830508475
31.4666666667
32.45
32.6
32.4166666667
31.5833333333
31.3050847458
31.8166666667
32.2166666667
32.5166666667
33.2333333333
32.6610169492
32.5833333333
32.25
32.9666666667
31.7333333333
31.85
31.9830508475
32.2666666667
30.5666666667
31.2666666667
31.0833333333
32.5166666667
32.0
31.9333333333
31.3333333333
31.7166666667
31.5333333333
31.5166666667
30.3559322034
31.0333333333
31.5166666667
32.7719298246
--END OF 5--
33.9666666667
35.4
37.2666666667
36.6440677966
37.5666666667
38.4333333333
36.8166666667
33.5
34.3666666667
36.4833333333
39.0
37.3
35.9333333333
38.8333333333
34.6666666667
34.2333333333
38.1525423729
35.2833333333
35.2833333333
35.5
34.1
34.3220338983
34.0333333333
34.0333333333
32.5
36.65
33.0833333333
35.7627118644
35.5666666667
36.15
35.8166666667
36.4666666667
34.8833333333
33.3389830508
33.95
34.8666666667
35.8666666667
36.1333333333
35.4406779661
36.5166666667
35.0666666667
36.25
33.7333333333
34.0166666667
35.3898305085
35.4166666667
32.65
34.1166666667
33.1166666667
35.05
33.9152542373
34.7833333333
34.1666666667
34.7
33.1666666667
33.2
31.8305084746
32.85
33.4
36.5438596491
--END OF 6--
4435.1
4533.5
4734.65
4595.28813559
4758.05
4749.75
4497.0
4258.45
4290.5
4605.1
4704.96610169
4563.3
4609.75
4779.6
4445.4
4447.0
4556.03389831
4517.9
4488.15
4373.05
4365.35
4485.30508475
4414.2
4541.55
4336.45
4444.0
4406.7
4620.25423729
4586.55
4558.05
4709.55
4583.25
4426.05
4371.66101695
4546.05
4363.35
4495.2
4669.65
4510.22033898
4593.3
4452.9
4474.8
4472.05
4243.7
4513.77966102
4466.65
4250.9
4503.6
4406.25
4540.85
4490.28813559
4471.1
4379.0
4294.05
4395.05
4302.0
4365.3559322
4368.8
4488.6
4585.26315789
--END OF 7--
1237.83333333
1277.55
1307.41666667
1291.47457627
1318.08333333
1324.81666667
1269.58333333
1202.13333333
1215.91666667
1297.91666667
1315.66101695
1284.1
1290.53333333
1370.45
1260.3
1227.71666667
1280.25423729
1264.18333333
1262.33333333
1239.31666667
1219.03333333
1252.77966102
1233.75
1287.68333333
1218.98333333
1275.45
1243.15
1312.25423729
1266.3
1275.85
1323.51666667
1281.6
1231.9
1213.98305085
1268.53333333
1223.7
1245.26666667
1289.91666667
1264.6440678
1286.83333333
1250.7
1253.36666667
1247.98333333
1200.33333333
1260.06779661
1250.9
1195.68333333
1242.01666667
1216.41666667
1279.33333333
1244.47457627
1249.93333333
1213.2
1210.46666667
1219.1
1208.8
1221.03389831
1215.55
1234.73333333
1274.70175439
--END OF 8--
207.05
210.533333333
215.25
203.542372881
212.533333333
223.516666667
213.716666667
198.083333333
194.7
208.566666667
210.169491525
212.666666667
214.183333333
224.25
183.9
206.483333333
216.610169492
200.666666667
184.933333333
193.1
204.883333333
196.457627119
194.0
188.2
190.416666667
237.516666667
199.983333333
197.525423729
205.6
199.05
208.166666667
206.55
213.05
202.644067797
216.183333333
203.75
221.016666667
219.066666667
224.016949153
214.116666667
203.3
205.133333333
188.933333333
191.9
209.220338983
211.333333333
189.316666667
194.933333333
187.766666667
223.866666667
199.694915254
200.283333333
194.533333333
211.416666667
198.05
184.483333333
188.016949153
211.483333333
194.9
222.0
--END OF 9--
5.81666666667
7.11666666667
6.66666666667
8.62711864407
10.2333333333
13.9166666667
10.6666666667
6.8
8.76666666667
7.73333333333
12.1694915254
9.7
6.43333333333
9.28333333333
5.35
7.3
15.2203389831
8.78333333333
9.65
8.88333333333
7.83333333333
6.37288135593
6.95
5.51666666667
6.96666666667
7.18333333333
4.63333333333
6.54237288136
10.05
9.9
6.41666666667
13.1
7.05
5.1186440678
3.83333333333
8.31666666667
8.5
8.18333333333
6.49152542373
5.96666666667
8.18333333333
12.8666666667
6.58333333333
9.55
9.66101694915
9.96666666667
6.33333333333
7.06666666667
6.23333333333
5.55
5.84745762712
4.63333333333
7.51666666667
5.83333333333
2.86666666667
4.36666666667
2.93220338983
4.55
4.95
7.28070175439
--END OF 10--
0.816666666667
1.45
1.95
2.89830508475
2.0
0.8
1.11666666667
1.71666666667
1.25
1.83333333333
4.47457627119
2.35
3.11666666667
2.0
1.65
1.03333333333
2.08474576271
1.03333333333
2.68333333333
3.38333333333
1.35
0.474576271186
1.98333333333
0.816666666667
1.05
1.98333333333
0.666666666667
2.40677966102
3.55
2.85
1.03333333333
1.6
1.35
1.0
0.183333333333
0.633333333333
1.61666666667
0.616666666667
1.35593220339
3.23333333333
1.81666666667
0.45
0.616666666667
1.35
2.27118644068
1.81666666667
1.03333333333
1.88333333333
0.5
0.8
0.237288135593
1.65
2.48333333333
2.31666666667
0.0166666666667
0.783333333333
0.559322033898
0.583333333333
0.666666666667
1.21052631579
--END OF 11--
0.166666666667
0.0
0.3
0.508474576271
0.0
0.116666666667
0.65
0.0
0.166666666667
0.333333333333
1.01694915254
1.21666666667
0.25
0.0
0.5
0.533333333333
0.0169491525424
0.316666666667
0.0
0.0
0.0
0.0
0.166666666667
0.0
0.116666666667
0.383333333333
0.216666666667
0.542372881356
0.25
0.5
0.333333333333
0.0
0.5
0.508474576271
0.0
0.0
0.233333333333
0.0
0.169491525424
0.166666666667
0.333333333333
0.0
0.0
0.0
0.305084745763
0.233333333333
0.0
0.333333333333
0.0
0.0
0.0
1.0
0.0
0.5
0.0
0.283333333333
0.220338983051
0.0
0.0
0.526315789474
--END OF 12--
