14.6949152542
14.7666666667
15.2333333333
13.65
14.3666666667
14.2833333333
15.3333333333
14.7796610169
14.8333333333
14.4333333333
14.7
14.85
15.0666666667
14.9661016949
15.1
14.3
15.2
14.15
15.2666666667
13.9152542373
13.7333333333
14.8833333333
14.5666666667
14.25
13.1
12.186440678
13.2166666667
13.15
13.2833333333
12.8
12.6101694915
13.3
14.4
15.0666666667
17.2166666667
21.1166666667
28.6949152542
29.9166666667
35.7166666667
39.8333333333
34.1833333333
37.186440678
49.8666666667
38.8166666667
41.5666666667
41.5666666667
47.1833333333
45.1694915254
44.4
41.75
41.6833333333
39.95
40.7288135593
37.5333333333
36.9333333333
37.0166666667
35.1666666667
34.5423728814
34.1833333333
15.5
--END OF 1--
18.4915254237
17.6833333333
18.9333333333
18.2333333333
17.6666666667
18.55
18.6833333333
19.3559322034
18.3
18.5
18.9166666667
19.2333333333
19.55
19.4576271186
19.2
18.25
18.55
17.35
18.6666666667
18.6271186441
17.3666666667
18.7666666667
17.9166666667
18.55
15.75
14.8305084746
16.8833333333
17.85
17.45
17.3666666667
17.0338983051
17.95
17.7
18.8666666667
22.8333333333
28.5333333333
37.3389830508
39.2333333333
49.0833333333
55.1166666667
47.7666666667
51.1016949153
67.2
52.1
56.8666666667
56.6166666667
63.95
61.3559322034
59.9666666667
55.6666666667
56.2666666667
55.95
54.5593220339
51.15
50.1833333333
52.3833333333
48.4666666667
46.5762711864
47.75
19.8103448276
--END OF 2--
18.5423728814
18.2666666667
20.2666666667
18.8166666667
17.7666666667
19.4
18.9666666667
19.813559322
19.85
19.0833333333
19.05
19.2666666667
20.2333333333
20.3050847458
19.8
19.1
18.85
18.05
18.8666666667
19.3389830508
17.8666666667
19.3166666667
19.0
18.8166666667
16.4333333333
14.8474576271
16.9833333333
18.3
18.1333333333
18.55
17.8305084746
18.15
18.55
19.3666666667
23.2
29.4833333333
39.0508474576
41.35
51.3
56.55
49.6666666667
52.7288135593
68.8333333333
53.3833333333
59.4666666667
59.7333333333
66.4333333333
63.8813559322
62.95
57.0
57.85
58.3
56.4915254237
52.6666666667
52.4666666667
53.5166666667
51.05
48.6271186441
49.0833333333
19.9310344828
--END OF 3--
14.6949152542
14.7666666667
15.2333333333
13.65
14.3666666667
14.2833333333
15.3333333333
14.7796610169
14.8333333333
14.4333333333
14.7
14.85
15.0666666667
14.9661016949
15.1
14.3
15.2
14.15
15.2666666667
13.9152542373
13.7333333333
14.8833333333
14.5666666667
14.25
13.1
12.186440678
13.2166666667
13.15
13.2833333333
12.8
12.6101694915
13.3
14.4
15.0666666667
17.1333333333
20.2333333333
24.813559322
25.4
28.2833333333
29.8833333333
27.6333333333
28.6440677966
34.1333333333
29.35
30.5333333333
30.5166666667
33.0333333333
32.186440678
31.85
30.9
30.7166666667
30.25
30.4406779661
28.8833333333
28.6666666667
28.8166666667
28.0666666667
27.7796610169
27.5666666667
15.5
--END OF 4--
18.4915254237
17.6833333333
18.9333333333
18.2333333333
17.6666666667
18.55
18.6833333333
19.3559322034
18.3
18.5
18.9166666667
19.2333333333
19.55
19.4576271186
19.2
18.25
18.55
17.35
18.6666666667
18.6271186441
17.3666666667
18.7666666667
17.9166666667
18.55
15.75
14.8305084746
16.8833333333
17.85
17.45
17.3666666667
17.0338983051
17.95
17.7
18.8666666667
22.8333333333
28.3833333333
34.2881355932
35.25
40.75
43.4333333333
40.0666666667
41.2881355932
48.05
41.9333333333
44.0
43.8833333333
46.9166666667
46.0
45.4666666667
43.75
43.8833333333
43.95
43.4237288136
41.7833333333
41.2833333333
42.3666666667
40.5
39.5593220339
39.9666666667
19.8103448276
--END OF 5--
18.5423728814
18.2666666667
20.2666666667
18.8166666667
17.7666666667
19.4
18.9666666667
19.813559322
19.85
19.0833333333
19.05
19.2666666667
20.2333333333
20.3050847458
19.8
19.1
18.85
18.05
18.8666666667
19.3389830508
17.8666666667
19.3166666667
19.0
18.8166666667
16.4333333333
14.8474576271
16.9833333333
18.3
18.1333333333
18.55
17.8305084746
18.15
18.55
19.3666666667
23.2
29.4833333333
39.0508474576
40.7666666667
48.7333333333
51.8166666667
47.6333333333
49.2033898305
58.4
49.9833333333
53.4666666667
53.45
57.3833333333
56.0677966102
55.5333333333
52.2
52.6
52.8
52.0677966102
49.4666666667
49.3
50.0333333333
48.6666666667
47.0677966102
47.1833333333
19.9310344828
--END OF 6--
2728.93220339
2740.75
2820.85
2590.45
2716.95
2740.8
2745.15
2777.84745763
2851.45
2725.7
2845.2
2880.8
2883.65
2880.45762712
2931.75
2786.1
2821.5
2634.75
2820.45
2688.20338983
2639.8
2798.25
2702.55
2690.1
2612.55
2347.42372881
2426.75
2547.65
2548.65
2602.85
2561.6440678
2530.2
2629.95
2794.35
3271.35
3872.25
5355.55932203
5535.1
6622.15
7467.95
6405.05
6897.05084746
9219.45
6988.8
7822.3
7761.95
8718.3
8437.83050847
8229.25
7755.5
7613.75
7362.45
7413.15254237
7033.35
6844.8
6919.85
6547.2
6507.30508475
6297.3
2848.24137931
--END OF 7--
764.610169492
762.183333333
790.9
718.316666667
742.333333333
769.7
775.65
785.779661017
788.6
755.733333333
781.583333333
804.2
787.166666667
799.86440678
823.4
759.95
781.6
727.65
786.6
754.983050847
734.0
771.066666667
742.883333333
751.333333333
701.9
630.847457627
684.966666667
687.266666667
697.1
704.616666667
680.779661017
701.9
748.95
782.2
894.0
1071.08333333
1474.20338983
1521.15
1837.28333333
2062.3
1768.9
1931.23728814
2558.05
1971.21666667
2158.76666667
2145.23333333
2414.5
2307.98305085
2281.48333333
2143.48333333
2115.23333333
2053.5
2056.16949153
1948.8
1893.13333333
1914.53333333
1823.93333333
1764.38983051
1754.9
807.913793103
--END OF 8--
87.1186440678
82.2333333333
86.0666666667
98.55
73.1833333333
87.5
80.6833333333
95.8644067797
81.15
93.9333333333
87.6333333333
95.9
97.5833333333
98.6440677966
92.35
81.9
83.5
79.3
90.4
87.8644067797
83.5833333333
97.8166666667
93.0333333333
80.1333333333
65.7666666667
59.0508474576
95.7833333333
95.5
91.5333333333
88.0333333333
93.6610169492
96.25
86.85
88.55
119.366666667
146.966666667
188.101694915
200.733333333
269.433333333
298.766666667
248.583333333
274.508474576
352.45
271.983333333
292.583333333
294.966666667
335.366666667
290.661016949
302.7
280.3
290.15
290.05
264.305084746
260.533333333
255.85
279.766666667
254.916666667
240.542372881
244.416666667
101.827586207
--END OF 9--
2.03389830508
2.26666666667
5.45
4.2
1.2
4.05
0.9
3.4406779661
4.13333333333
2.45
3.43333333333
3.41666666667
3.91666666667
4.96610169492
3.55
2.8
2.15
2.8
1.35
5.22033898305
2.76666666667
4.36666666667
2.85
3.53333333333
1.56666666667
1.83050847458
2.73333333333
4.71666666667
4.95
5.35
4.61016949153
3.2
2.1
1.5
4.05
7.4
8.79661016949
13.3166666667
16.45
12.65
13.8166666667
12.9322033898
13.4833333333
12.3833333333
19.0166666667
20.0
18.2666666667
23.3220338983
18.85
13.2166666667
14.9
21.7
19.7288135593
12.4666666667
16.1166666667
16.2333333333
16.8666666667
15.6779661017
19.9
2.06896551724
--END OF 10--
0.0
0.416666666667
1.83333333333
0.933333333333
0.15
1.25
0.5
0.745762711864
2.51666666667
0.933333333333
0.35
0.183333333333
0.716666666667
0.525423728814
0.95
1.05
0.5
1.0
0.35
1.16949152542
0.5
0.5
0.833333333333
0.166666666667
0.983333333333
0.0169491525424
0.0
1.0
0.783333333333
1.63333333333
1.10169491525
0.5
1.65
0.4
0.666666666667
1.78333333333
2.54237288136
2.81666666667
2.76666666667
2.11666666667
2.43333333333
1.8813559322
1.76666666667
2.0
3.51666666667
4.25
2.98333333333
3.8813559322
3.71666666667
1.23333333333
2.35
2.9
2.22033898305
1.86666666667
2.55
1.71666666667
4.36666666667
2.64406779661
1.78333333333
0.275862068966
--END OF 11--
0.0
0.0
0.0
0.0
0.0
0.0
0.0
0.0
0.166666666667
0.333333333333
0.0
0.0
0.0
0.0
0.0
0.5
0.0
0.5
0.0
0.0
0.5
0.0
0.833333333333
0.166666666667
0.483333333333
0.0169491525424
0.0
0.0
0.766666666667
0.233333333333
0.0
0.0
0.0
0.0
0.0
0.5
1.01694915254
0.0
0.433333333333
0.266666666667
1.38333333333
0.203389830508
0.566666666667
0.683333333333
0.116666666667
0.583333333333
0.733333333333
1.0
0.35
0.333333333333
0.383333333333
0.7
0.152542372881
0.266666666667
0.0
0.0
0.9
1.49152542373
0.0
0.0
--END OF 12--
