15.9166666667
16.4333333333
16.2833333333
16.9
17.4745762712
16.4
16.6166666667
16.2666666667
15.9
15.65
14.5084745763
15.6
16.1666666667
15.5166666667
14.5833333333
15.6166666667
13.6271186441
15.6833333333
15.4166666667
13.7833333333
15.0166666667
14.95
14.9830508475
14.2333333333
15.45
15.0
15.45
15.2881355932
15.1166666667
14.7333333333
15.2166666667
15.1833333333
15.25
15.5762711864
14.7
15.15
16.3333333333
15.7166666667
14.8474576271
15.4
15.4
15.5833333333
16.2833333333
15.3559322034
15.8666666667
15.35
16.6333333333
15.6
15.6833333333
15.9491525424
15.9166666667
17.2166666667
15.7
16.0333333333
16.3559322034
16.0166666667
16.2166666667
17.1833333333
16.9166666667
16.9122807018
--END OF 1--
23.3166666667
24.2666666667
24.15
23.5
24.8813559322
23.05
23.85
23.0333333333
22.5333333333
21.75
21.9661016949
23.6166666667
21.9666666667
22.3166666667
23.0166666667
22.2666666667
20.7457627119
21.6833333333
22.3833333333
20.6333333333
23.0666666667
20.35
21.2372881356
19.8833333333
20.75
21.0
21.55
21.1355932203
22.65
21.9666666667
22.2166666667
22.5333333333
22.0833333333
23.2372881356
22.3166666667
21.9666666667
23.75
22.0833333333
20.8813559322
21.4
21.4
22.4833333333
22.0833333333
22.3220338983
22.9666666667
21.85
23.1833333333
22.2166666667
22.6333333333
23.6440677966
22.6
24.4333333333
24.1666666667
23.7
23.2372881356
22.3666666667
24.7166666667
24.4333333333
24.7666666667
25.3333333333
--END OF 2--
24.1
24.8666666667
24.8666666667
23.9666666667
26.0847457627
24.05
24.9333333333
23.7666666667
23.85
22.4
22.7118644068
24.2166666667
22.8666666667
23.3833333333
24.0
23.8
21.4406779661
23.2666666667
23.3333333333
22.3333333333
24.3
21.3166666667
21.2372881356
20.6333333333
22.1
21.8
22.0
21.7796610169
23.2833333333
21.9833333333
22.5166666667
23.75
22.85
24.3389830508
22.7
22.9833333333
24.6666666667
23.3166666667
21.3220338983
22.7
22.45
23.2
22.4833333333
22.9830508475
24.05
23.15
25.0333333333
22.9166666667
23.3833333333
25.3050847458
23.5666666667
25.4
26.5166666667
23.7
23.8644067797
23.9666666667
25.4166666667
24.6833333333
25.9166666667
26.2105263158
--END OF 3--
15.9166666667
16.4333333333
16.2833333333
16.9
17.4745762712
16.4
16.6166666667
16.2666666667
15.9
15.65
14.5084745763
15.6
16.1666666667
15.5166666667
14.5833333333
15.6166666667
13.6271186441
15.6833333333
15.4166666667
13.7833333333
15.0166666667
14.95
14.9830508475
14.2333333333
15.45
15.0
15.45
15.2881355932
15.1166666667
14.7333333333
15.2166666667
15.1833333333
15.25
15.5762711864
14.7
15.15
16.3333333333
15.7166666667
14.8474576271
15.4
15.4
15.5833333333
16.2833333333
15.3559322034
15.8666666667
15.35
16.6333333333
15.6
15.6833333333
15.9491525424
15.9166666667
17.2166666667
15.7
16.0333333333
16.3559322034
16.0166666667
16.2166666667
17.1833333333
16.9166666667
16.9122807018
--END OF 4--
23.3166666667
24.2666666667
24.15
23.5
24.8813559322
23.05
23.85
23.0333333333
22.5333333333
21.75
21.9661016949
23.6166666667
21.9666666667
22.3166666667
23.0166666667
22.2666666667
20.7457627119
21.6833333333
22.3833333333
20.6333333333
23.0666666667
20.35
21.2372881356
19.8833333333
20.75
21.0
21.55
21.1355932203
22.65
21.9666666667
22.2166666667
22.5333333333
22.0833333333
23.2372881356
22.3166666667
21.9666666667
23.75
22.0833333333
20.8813559322
21.4
21.4
22.4833333333
22.0833333333
22.3220338983
22.9666666667
21.85
23.1833333333
22.2166666667
22.6333333333
23.6440677966
22.6
24.4333333333
24.1666666667
23.7
23.2372881356
22.3666666667
24.7166666667
24.4333333333
24.7666666667
25.3333333333
--END OF 5--
24.1
24.8666666667
24.8666666667
23.9666666667
26.0847457627
24.05
24.9333333333
23.7666666667
23.85
22.4
22.7118644068
24.2166666667
22.8666666667
23.3833333333
24.0
23.8
21.4406779661
23.2666666667
23.3333333333
22.3333333333
24.3
21.3166666667
21.2372881356
20.6333333333
22.1
21.8
22.0
21.7796610169
23.2833333333
21.9833333333
22.5166666667
23.75
22.85
24.3389830508
22.7
22.9833333333
24.6666666667
23.3166666667
21.3220338983
22.7
22.45
23.2
22.4833333333
22.9830508475
24.05
23.15
25.0333333333
22.9166666667
23.3833333333
25.3050847458
23.5666666667
25.4
26.5166666667
23.7
23.8644067797
23.9666666667
25.4166666667
24.6833333333
25.9166666667
26.2105263158
--END OF 6--
3088.2
3200.85
3137.55
3205.15
3238.11864407
3053.55
3106.05
3050.15
3031.75
2999.25
2814.91525424
3008.05
3036.45
2884.0
2869.15
2985.8
2718.55932203
2990.55
2960.8
2732.8
2815.7
2829.15
2795.84745763
2645.25
2807.1
2727.15
2856.75
2853.3559322
2817.2
2778.55
2837.7
2917.1
2929.65
2975.89830508
2880.35
2927.0
2977.75
2883.75
2835.15254237
2781.75
2782.65
2950.55
3031.35
3003.45762712
3132.2
2888.25
3018.9
2930.1
2923.95
3013.77966102
3044.2
3192.8
3028.5
3086.9
2979.15254237
2959.2
3043.95
3165.6
3158.1
3193.42105263
--END OF 7--
867.4
891.283333333
878.65
895.7
891.237288136
848.8
876.85
854.083333333
839.0
831.7
787.033898305
842.116666667
846.116666667
831.883333333
795.5
824.966666667
758.288135593
828.1
825.166666667
765.916666667
801.566666667
774.616666667
801.033898305
748.45
788.05
779.75
809.45
799.711864407
803.25
777.583333333
802.55
809.883333333
822.85
836.084745763
804.666666667
813.95
861.833333333
811.683333333
797.474576271
803.9
790.7
844.05
860.6
845.813559322
871.4
824.883333333
858.35
811.85
815.516666667
844.508474576
845.066666667
891.25
843.916666667
860.183333333
842.423728814
833.0
872.8
891.75
901.55
888.035087719
--END OF 8--
146.65
141.95
155.916666667
133.916666667
158.033898305
130.2
150.966666667
141.283333333
135.05
134.65
132.779661017
158.966666667
125.733333333
136.166666667
158.566666667
140.483333333
142.694915254
131.266666667
140.3
137.0
153.683333333
115.7
125.93220339
116.75
124.55
127.25
119.7
125.542372881
144.583333333
144.633333333
129.166666667
133.733333333
129.033333333
149.949152542
141.0
131.2
141.2
123.416666667
122.186440678
133.85
128.15
139.916666667
128.4
126.254237288
142.15
135.316666667
140.25
134.833333333
134.65
153.644067797
131.716666667
143.25
161.35
159.35
131.745762712
136.95
161.4
133.3
144.8
168.105263158
--END OF 9--
5.1
7.33333333333
7.71666666667
3.75
6.96610169492
9.2
6.41666666667
6.61666666667
6.83333333333
4.25
8.22033898305
4.86666666667
7.21666666667
7.66666666667
9.25
6.4
6.13559322034
4.35
6.03333333333
8.31666666667
7.31666666667
5.68333333333
2.1186440678
3.25
4.15
5.85
4.4
4.81355932203
7.95
5.01666666667
7.61666666667
10.3833333333
9.1
9.77966101695
5.86666666667
7.36666666667
7.91666666667
9.4
6.06779661017
4.9
6.95
5.35
4.0
8.52542372881
8.56666666667
6.68333333333
8.01666666667
5.21666666667
5.43333333333
9.01694915254
8.26666666667
9.25
10.2166666667
5.36666666667
8.5593220339
8.15
6.5
8.15
11.2
8.78947368421
--END OF 10--
0.933333333333
0.716666666667
1.4
0.583333333333
1.4406779661
1.25
0.8
0.75
1.81666666667
0.65
1.18644067797
1.0
1.83333333333
1.28333333333
1.73333333333
1.81666666667
1.15254237288
2.21666666667
1.53333333333
1.58333333333
1.73333333333
0.583333333333
0.0
0.25
1.75
0.5
0.5
1.33898305085
0.983333333333
0.166666666667
0.5
2.38333333333
0.85
0.983050847458
0.5
1.21666666667
1.15
1.26666666667
0.881355932203
1.9
1.1
0.9
0.55
1.20338983051
1.45
2.41666666667
2.86666666667
1.0
1.05
1.94915254237
0.833333333333
0.833333333333
3.83333333333
0.0
1.20338983051
1.85
0.8
0.3
1.7
1.35087719298
--END OF 11--
0.5
0.0
0.0
0.0
0.35593220339
0.55
0.0
0.05
0.45
0.0
0.0
0.0
0.283333333333
0.216666666667
0.0
0.2
0.508474576271
1.5
0.766666666667
0.166666666667
0.5
0.5
0.0
0.0
0.0
0.0
0.0
0.0
0.0
0.0
0.0
0.383333333333
0.116666666667
0.440677966102
0.0
0.0
0.0
0.366666666667
0.135593220339
0.5
0.5
0.0
0.0
0.0
0.0
0.0
0.0
0.0
0.283333333333
0.220338983051
0.5
0.0
0.666666666667
0.0
0.0
0.5
0.5
0.0
0.0
0.526315789474
--END OF 12--
