20.1833333333
22.45
20.7796610169
20.7333333333
21.4
21.5833333333
20.9166666667
20.3833333333
21.1016949153
20.9666666667
21.1666666667
21.2166666667
20.75
20.7833333333
21.3050847458
21.05
20.2166666667
20.9666666667
21.75
19.9
20.8474576271
20.9666666667
20.0333333333
20.7833333333
20.9166666667
20.9322033898
21.75
20.3666666667
21.5166666667
20.3666666667
20.813559322
21.3333333333
21.1
20.45
21.0333333333
20.7333333333
21.2033898305
20.2166666667
19.8833333333
21.1166666667
21.0166666667
21.6101694915
21.0166666667
20.1333333333
21.9833333333
22.4
20.4666666667
20.8983050847
20.6333333333
21.35
21.2333333333
22.1
20.6271186441
21.0166666667
22.1833333333
19.7333333333
19.9333333333
21.2372881356
20.9833333333
19.9655172414
--END OF 1--
27.0166666667
30.6833333333
28.2881355932
28.9833333333
29.5
29.35
28.5
29.0333333333
29.5593220339
28.3833333333
30.4
30.9666666667
28.6833333333
27.9333333333
29.6271186441
27.7833333333
26.95
27.9833333333
29.25
29.1666666667
28.8983050847
28.1666666667
30.4333333333
27.9833333333
28.8166666667
28.0847457627
29.5833333333
27.3833333333
30.3333333333
28.4666666667
29.9661016949
29.7833333333
30.7833333333
29.0666666667
29.3666666667
27.9333333333
28.8644067797
27.15
27.4833333333
29.0666666667
28.7
29.0
30.2333333333
28.4333333333
30.3
30.6166666667
28.25
29.0847457627
29.4333333333
29.25
27.9666666667
29.6
28.2542372881
29.9166666667
28.2333333333
28.1833333333
28.8333333333
30.1525423729
28.3166666667
26.4310344828
--END OF 2--
27.55
31.95
29.8474576271
30.9833333333
31.85
31.1666666667
29.3333333333
30.6333333333
30.3220338983
29.0333333333
32.1166666667
32.2333333333
29.4666666667
28.7666666667
31.0847457627
27.7833333333
27.6
30.4833333333
30.6166666667
30.25
29.9830508475
29.4833333333
31.0833333333
29.5833333333
30.5166666667
29.7457627119
30.05
28.25
31.4666666667
29.45
31.5254237288
30.75
31.9166666667
30.2333333333
31.0333333333
29.0833333333
30.8813559322
28.8166666667
29.3833333333
29.5166666667
29.5166666667
30.2881355932
31.1166666667
29.2
31.8333333333
32.4333333333
30.2666666667
30.4576271186
31.2333333333
29.5166666667
29.9166666667
30.3
29.1694915254
31.6666666667
29.7833333333
29.5
30.1333333333
31.0169491525
28.75
26.6551724138
--END OF 3--
19.3333333333
21.45
20.0847457627
20.0333333333
20.55
20.6333333333
20.3166666667
19.9833333333
20.3050847458
20.3333333333
20.25
20.4666666667
20.1333333333
19.9
20.3050847458
20.15
19.7166666667
20.1666666667
20.8166666667
19.65
20.2203389831
20.25
19.8333333333
20.1833333333
20.0166666667
20.1355932203
20.75
19.75
20.5833333333
19.8333333333
20.0677966102
20.55
20.4166666667
19.9666666667
20.3666666667
20.0333333333
20.2033898305
19.8666666667
19.5833333333
20.3166666667
20.3
20.6101694915
20.35
19.8333333333
20.9666666667
21.35
19.9666666667
20.2542372881
20.0166666667
20.4
20.3333333333
21.1166666667
20.0169491525
20.1166666667
21.0833333333
19.5666666667
19.3333333333
20.2542372881
19.9833333333
19.3793103448
--END OF 4--
27.0166666667
30.0833333333
28.2881355932
28.8833333333
29.3
29.15
28.3166666667
29.0333333333
29.4576271186
28.1666666667
29.85
30.2166666667
28.5666666667
27.9333333333
29.2711864407
27.7833333333
26.95
27.9833333333
29.0
28.9666666667
28.7796610169
28.15
29.8333333333
27.9833333333
28.6166666667
28.0847457627
29.5
27.3666666667
29.7666666667
28.2833333333
29.4406779661
29.4833333333
30.1333333333
28.8
28.9666666667
27.8166666667
28.5762711864
27.15
27.4833333333
29.0166666667
28.6
29.0
29.8833333333
28.2833333333
29.8
29.9833333333
28.1833333333
29.0338983051
29.2
29.0166666667
27.9666666667
29.35
28.2542372881
29.4333333333
28.1833333333
28.1
28.4333333333
29.593220339
28.3166666667
26.4310344828
--END OF 5--
27.55
31.95
29.8474576271
30.9833333333
31.85
31.1666666667
29.3333333333
30.6333333333
30.3220338983
29.0333333333
32.1166666667
32.2333333333
29.4666666667
28.7666666667
31.0847457627
27.7833333333
27.6
30.4833333333
30.6166666667
30.25
29.9830508475
29.4833333333
31.0833333333
29.5833333333
30.5166666667
29.7457627119
30.05
28.25
31.4666666667
29.45
31.5254237288
30.75
31.9166666667
30.2333333333
31.0333333333
29.0833333333
30.8813559322
28.8166666667
29.3833333333
29.5166666667
29.5166666667
30.2881355932
31.1166666667
29.2
31.8333333333
32.4333333333
30.2666666667
30.4576271186
31.2333333333
29.5166666667
29.9166666667
30.3
29.1694915254
31.6666666667
29.7833333333
29.5
30.1333333333
31.0169491525
28.75
26.6551724138
--END OF 6--
3945.55
4095.7
3879.86440678
4003.5
4015.35
3982.9
3813.9
3852.2
3859.62711864
3853.05
4006.9
4068.45
3946.95
3870.15
3951.20338983
3941.25
3798.65
3884.85
3986.65
3775.2
3931.62711864
3822.3
3869.1
3809.25
3929.25
3863.18644068
4095.45
3762.6
3939.15
3934.35
3941.33898305
3991.3
3937.15
3938.8
3887.5
3817.45
3969.96610169
3902.05
3831.15
3896.4
3888.75
3894.05084746
4038.95
3768.9
4104.5
4076.15
3793.6
3854.69491525
3843.0
3959.6
3981.05
4036.6
3795.86440678
4033.15
4061.25
3681.45
3902.1
4080.55932203
3870.1
3770.53448276
--END OF 7--
1069.83333333
1138.8
1068.55932203
1095.9
1115.35
1124.78333333
1070.96666667
1060.95
1091.44067797
1076.9
1108.8
1131.21666667
1083.73333333
1072.8
1109.6440678
1088.61666667
1047.43333333
1084.06666667
1120.9
1051.53333333
1081.3559322
1081.73333333
1055.7
1060.6
1085.65
1069.89830508
1139.03333333
1061.55
1102.81666667
1061.78333333
1089.89830508
1106.5
1090.5
1077.45
1096.7
1084.35
1115.54237288
1052.75
1049.45
1094.3
1083.75
1086.54237288
1114.61666667
1053.1
1127.76666667
1130.58333333
1060.46666667
1080.72881356
1076.05
1104.76666667
1092.06666667
1130.2
1071.55932203
1130.46666667
1122.15
1028.65
1080.75
1134.30508475
1090.66666667
1050.74137931
--END OF 8--
150.55
177.45
160.254237288
154.25
154.0
174.35
159.433333333
181.15
170.372881356
147.15
177.6
168.116666667
156.133333333
161.633333333
167.898305085
140.716666667
155.15
149.6
148.983333333
164.766666667
164.13559322
155.516666667
179.95
160.65
170.2
159.06779661
149.85
158.45
188.766666667
158.666666667
162.694915254
170.333333333
188.2
172.3
167.4
157.233333333
168.644067797
153.016666667
171.55
160.7
166.483333333
160.728813559
169.15
157.15
157.166666667
180.583333333
159.766666667
155.93220339
181.85
164.1
148.233333333
169.533333333
174.271186441
177.566666667
147.55
166.65
164.5
178.983050847
163.0
145.051724138
--END OF 9--
5.6
6.88333333333
6.0
8.55
11.75
8.95
7.73333333333
9.8
6.45762711864
6.06666666667
10.2833333333
14.0166666667
9.06666666667
6.41666666667
9.81355932203
3.86666666667
6.23333333333
8.4
10.7
12.1666666667
6.98305084746
6.66666666667
12.05
8.9
7.55
8.72881355932
5.81666666667
5.71666666667
8.06666666667
7.9
11.6779661017
8.51666666667
9.18333333333
8.86666666667
10.0833333333
5.76666666667
9.8813559322
6.01666666667
6.55
7.3
6.2
10.0508474576
8.36666666667
7.43333333333
11.8333333333
10.2
11.4333333333
11.9491525424
8.71666666667
4.68333333333
7.41666666667
5.83333333333
5.25423728814
8.1
6.05
11.2666666667
9.55
7.40677966102
3.31666666667
4.41379310345
--END OF 10--
0.716666666667
2.16666666667
2.61016949153
2.05
4.0
2.61666666667
1.18333333333
2.16666666667
0.813559322034
0.8
1.1
1.5
1.06666666667
1.0
2.47457627119
0.0
0.866666666667
2.85
1.95
1.06666666667
1.18644067797
1.4
1.35
2.0
2.05
2.03389830508
0.483333333333
1.0
1.5
1.51666666667
2.4406779661
0.7
0.866666666667
1.96666666667
2.25
1.63333333333
2.8813559322
2.15
3.0
0.6
0.633333333333
1.27118644068
1.35
0.9
1.53333333333
1.85
2.58333333333
1.67796610169
2.31666666667
0.1
3.0
1.0
0.966101694915
2.21666666667
1.75
1.21666666667
1.95
1.16949152542
0.85
0.0
--END OF 11--
0.0
0.5
0.966101694915
1.4
0.15
0.0
0.45
0.05
0.0
0.6
0.6
0.0
0.0
0.483333333333
0.525423728814
0.0
0.0
0.966666666667
0.0333333333333
0.0
0.0
0.416666666667
0.15
0.05
0.45
1.01694915254
0.0
0.0
0.266666666667
0.466666666667
0.508474576271
0.0
0.0
0.366666666667
0.133333333333
0.0
0.508474576271
0.15
0.35
0.0
0.0
0.0
0.0
0.5
0.0
0.0
0.483333333333
0.0169491525424
0.0
0.0
0.0
0.0
0.0
0.3
0.0
0.5
0.0
0.0
0.0
0.0
--END OF 12--
