7.88333333333
6.1186440678
7.85
6.9
7.31666666667
6.81666666667
7.66666666667
7.89830508475
8.25
7.96666666667
8.45
8.25
8.55
8.23728813559
7.65
8.4
7.76666666667
8.21666666667
8.42372881356
7.88333333333
8.68333333333
7.56666666667
8.53333333333
7.86440677966
7.81666666667
8.15
8.65
8.0
8.43333333333
8.1186440678
8.61666666667
7.98333333333
9.05
8.45
8.66101694915
8.76666666667
9.46666666667
7.91666666667
7.56666666667
8.13333333333
7.52542372881
8.63333333333
8.15
8.35
7.26666666667
8.18644067797
7.78333333333
7.43333333333
6.9
7.36666666667
7.66101694915
7.81666666667
7.55
8.3
8.23333333333
7.98333333333
8.27118644068
8.48333333333
8.0
8.15517241379
--END OF 1--
10.6333333333
8.47457627119
10.2666666667
9.71666666667
10.2666666667
10.0166666667
10.5166666667
11.0
11.5
10.9166666667
12.25
10.65
11.65
10.6949152542
10.0
11.65
10.2333333333
11.1666666667
11.5084745763
10.6333333333
10.9
10.0666666667
11.2
10.2542372881
10.6666666667
11.75
11.6
10.7
10.2333333333
10.0169491525
11.0333333333
11.4166666667
11.6333333333
11.0666666667
11.6440677966
12.2833333333
12.9166666667
11.3
10.55
11.15
10.0169491525
12.2833333333
11.25
12.5
10.6666666667
11.1525423729
10.5333333333
10.3666666667
10.5666666667
9.96666666667
10.3728813559
10.95
11.3166666667
11.2166666667
10.5333333333
11.25
11.2033898305
10.8333333333
11.35
10.3448275862
--END OF 2--
11.8166666667
8.59322033898
11.2833333333
10.3
10.5333333333
10.8333333333
11.2833333333
11.2542372881
12.55
12.4666666667
12.35
10.8
12.05
10.9322033898
10.3166666667
12.6333333333
10.35
11.5666666667
11.9152542373
10.8833333333
11.6
10.2666666667
11.25
10.5593220339
10.9166666667
12.8
12.6
11.8
10.2333333333
10.0169491525
11.4333333333
11.4166666667
11.6333333333
11.85
12.9491525424
13.5833333333
12.95
11.8833333333
10.9166666667
11.5666666667
10.5593220339
12.9833333333
12.05
12.75
10.7166666667
11.3050847458
10.5333333333
10.6666666667
10.9166666667
10.85
10.8474576271
11.4166666667
11.75
11.4666666667
10.7333333333
11.3666666667
12.813559322
11.6833333333
11.8
10.3448275862
--END OF 3--
7.88333333333
6.1186440678
7.85
6.9
7.31666666667
6.81666666667
7.66666666667
7.89830508475
8.25
7.96666666667
8.45
8.25
8.55
8.23728813559
7.65
8.4
7.76666666667
8.21666666667
8.42372881356
7.88333333333
8.68333333333
7.56666666667
8.53333333333
7.86440677966
7.81666666667
8.15
8.65
8.0
8.43333333333
8.1186440678
8.61666666667
7.98333333333
9.05
8.45
8.66101694915
8.76666666667
9.46666666667
7.91666666667
7.56666666667
8.13333333333
7.52542372881
8.63333333333
8.15
8.35
7.26666666667
8.18644067797
7.78333333333
7.43333333333
6.9
7.36666666667
7.66101694915
7.81666666667
7.55
8.3
8.23333333333
7.98333333333
8.27118644068
8.48333333333
8.0
8.15517241379
--END OF 4--
10.6333333333
8.47457627119
10.2666666667
9.71666666667
10.2666666667
10.0166666667
10.5166666667
11.0
11.5
10.9166666667
12.25
10.65
11.65
10.6949152542
10.0
11.65
10.2333333333
11.1666666667
11.5084745763
10.6333333333
10.9
10.0666666667
11.2
10.2542372881
10.6666666667
11.75
11.6
10.7
10.2333333333
10.0169491525
11.0333333333
11.4166666667
11.6333333333
11.0666666667
11.6440677966
12.2833333333
12.9166666667
11.3
10.55
11.15
10.0169491525
12.2833333333
11.25
12.5
10.6666666667
11.1525423729
10.5333333333
10.3666666667
10.5666666667
9.96666666667
10.3728813559
10.95
11.3166666667
11.2166666667
10.5333333333
11.25
11.2033898305
10.8333333333
11.35
10.3448275862
--END OF 5--
11.8166666667
8.59322033898
11.2833333333
10.3
10.5333333333
10.8333333333
11.2833333333
11.2542372881
12.55
12.4666666667
12.35
10.8
12.05
10.9322033898
10.3166666667
12.6333333333
10.35
11.5666666667
11.9152542373
10.8833333333
11.6
10.2666666667
11.25
10.5593220339
10.9166666667
12.8
12.6
11.8
10.2333333333
10.0169491525
11.4333333333
11.4166666667
11.6333333333
11.85
12.9491525424
13.5833333333
12.95
11.8833333333
10.9166666667
11.5666666667
10.5593220339
12.9833333333
12.05
12.75
10.7166666667
11.3050847458
10.5333333333
10.6666666667
10.9166666667
10.85
10.8474576271
11.4166666667
11.75
11.4666666667
10.7333333333
11.3666666667
12.813559322
11.6833333333
11.8
10.3448275862
--END OF 6--
1530.25
1413.45762712
1567.6
1514.15
1544.3
1491.35
1571.9
1525.57627119
1684.6
1576.35
1601.55
1575.0
1638.75
1642.01694915
1524.55
1741.7
1577.3
1596.05
1638.91525424
1593.3
1740.8
1525.25
1685.05
1553.28813559
1625.7
1716.9
1737.6
1661.7
1625.7
1691.33898305
1641.8
1680.5
1772.4
1631.6
1775.69491525
1729.7
1794.0
1593.95
1577.35
1585.8
1568.33898305
1753.2
1656.0
1727.4
1627.65
1712.38983051
1571.75
1566.35
1524.25
1465.0
1490.49152542
1551.7
1499.3
1652.5
1662.45
1612.9
1602.30508475
1624.2
1662.9
1582.39655172
--END OF 7--
424.15
380.966101695
435.616666667
419.416666667
437.366666667
404.533333333
429.683333333
424.06779661
466.95
440.65
448.1
431.95
457.55
449.084745763
426.466666667
478.566666667
436.383333333
446.1
465.93220339
440.933333333
482.95
418.733333333
456.583333333
440.0
451.4
455.15
469.95
449.45
439.4
456.627118644
454.733333333
464.566666667
497.783333333
459.883333333
476.220338983
476.533333333
513.333333333
448.8
421.15
451.683333333
443.474576271
494.75
448.2
485.3
434.7
466.474576271
433.1
436.883333333
419.583333333
420.266666667
424.389830508
432.45
428.183333333
450.45
455.316666667
452.883333333
459.016949153
454.05
446.4
439.448275862
--END OF 8--
63.4833333333
50.7966101695
63.15
53.0666666667
57.3333333333
64.7
63.15
59.406779661
65.2166666667
66.05
70.1
62.75
70.35
53.5254237288
50.25
70.05
52.15
59.7166666667
68.6779661017
63.3333333333
60.5833333333
59.45
59.3166666667
54.7966101695
61.9
58.55
69.35
70.15
44.3
49.4576271186
60.65
70.7
67.8833333333
57.5666666667
64.6779661017
71.8833333333
71.4333333333
67.05
59.15
61.3333333333
54.4745762712
71.4
59.85
75.15
69.25
66.6101694915
65.2
57.45
71.1
64.6666666667
60.3728813559
57.0166666667
70.1833333333
63.9833333333
54.3833333333
57.85
66.3050847458
55.35
75.45
57.4310344828
--END OF 9--
4.61666666667
2.01694915254
2.33333333333
2.53333333333
2.26666666667
4.0
4.13333333333
5.79661016949
3.08333333333
5.0
5.15
0.9
2.85
1.91525423729
1.6
4.43333333333
2.73333333333
2.45
3.1186440678
3.71666666667
2.48333333333
0.983333333333
3.05
3.30508474576
2.0
6.5
5.05
2.05
0.5
0.949152542373
4.21666666667
2.23333333333
0.15
3.58333333333
4.4406779661
6.83333333333
3.16666666667
2.45
2.38333333333
4.03333333333
2.18644067797
3.5
5.35
3.35
3.95
2.52542372881
1.33333333333
2.91666666667
2.61666666667
3.46666666667
4.03389830508
3.71666666667
4.06666666667
3.1
1.18333333333
2.88333333333
4.23728813559
3.85
3.65
1.94827586207
--END OF 10--
1.83333333333
0.169491525424
1.61666666667
0.383333333333
0.466666666667
0.5
0.0333333333333
0.203389830508
1.7
2.5
0.0
0.0
0.75
0.389830508475
0.366666666667
1.66666666667
0.333333333333
0.5
0.474576271186
0.0333333333333
1.0
0.0
0.0
0.508474576271
0.5
1.25
1.7
2.05
0.0
0.0
1.0
0.0
0.0
1.11666666667
2.08474576271
2.23333333333
0.1
0.783333333333
0.216666666667
0.666666666667
0.847457627119
1.65
1.5
0.35
0.0
0.508474576271
0.0
0.5
0.5
1.41666666667
0.593220338983
0.966666666667
0.533333333333
0.0
0.5
0.0
2.4406779661
1.6
0.5
0.0
--END OF 11--
0.5
0.0
0.116666666667
0.383333333333
0.466666666667
0.0333333333333
0.0
0.0
0.566666666667
0.0
0.0
0.0
0.0
0.0
0.0
0.433333333333
0.0666666666667
0.0
0.0
0.0
0.5
0.0
0.0
0.0
0.0
0.5
0.0
0.0
0.0
0.0
0.0
0.0
0.0
0.483333333333
0.525423728814
0.466666666667
0.0333333333333
0.0
0.0
0.0
0.0
0.0
0.0
0.0
0.0
0.0
0.0
0.0
0.0
0.0
0.0
0.0
0.5
0.0
0.0
0.0
0.457627118644
0.55
0.0
0.0
--END OF 12--
