29.7
29.05
29.85
30.45
30.7833333333
28.9491525424
29.1666666667
30.0166666667
29.6
30.45
29.2833333333
29.3050847458
29.6166666667
29.1833333333
30.0833333333
30.0833333333
29.55
29.3220338983
29.75
29.3666666667
28.7666666667
29.0833333333
28.4833333333
29.0169491525
30.1666666667
28.95
28.6
28.9833333333
30.8666666667
29.3220338983
29.25
27.4833333333
28.1333333333
28.4
28.6101694915
28.3166666667
26.5666666667
28.95
27.8333333333
29.3333333333
28.1694915254
27.8333333333
29.0166666667
28.9333333333
28.9333333333
28.3166666667
29.4576271186
27.5
27.4833333333
27.4833333333
28.9166666667
28.6333333333
29.1186440678
28.05
28.95
28.75
28.9166666667
28.55
27.9661016949
29.375
--END OF 1--
40.0333333333
41.7
42.1666666667
43.55
42.4333333333
40.1186440678
40.6166666667
43.4166666667
41.3166666667
41.6833333333
40.9
41.7627118644
41.3666666667
40.2
42.2166666667
43.15
43.2166666667
41.0
40.95
41.3166666667
40.9666666667
38.7833333333
38.5333333333
40.0677966102
41.85
40.1333333333
40.3166666667
40.4666666667
41.3666666667
39.406779661
40.0333333333
38.3833333333
39.0333333333
39.2
39.7627118644
40.7166666667
37.7666666667
41.5
40.55
40.4166666667
39.8813559322
39.6666666667
40.1
39.6333333333
38.65
38.9833333333
40.4237288136
39.5333333333
37.9833333333
39.3
38.75
39.1333333333
39.0
40.35
39.95
39.3166666667
39.2333333333
38.9333333333
39.6440677966
42.6964285714
--END OF 2--
41.4166666667
42.45
42.6333333333
44.6666666667
42.9833333333
42.1525423729
42.7
45.6
42.65
42.7
42.25
43.3559322034
42.6
41.6833333333
44.2166666667
45.1
45.1833333333
41.6610169492
42.2666666667
42.2833333333
41.4
39.1833333333
39.8833333333
41.1186440678
43.2166666667
41.8
40.6333333333
42.3666666667
42.5
40.7966101695
40.7833333333
39.9166666667
40.2833333333
40.5166666667
41.6271186441
42.1833333333
38.3833333333
42.8333333333
41.5833333333
41.8833333333
41.2542372881
40.25
40.6333333333
40.7
39.3
41.8166666667
41.9830508475
40.3333333333
39.2166666667
40.3833333333
40.4833333333
40.2
39.4576271186
41.95
42.1
41.0333333333
40.55
40.0833333333
40.4406779661
44.3214285714
--END OF 3--
25.35
25.05
25.15
25.9833333333
25.95
24.9491525424
25.1166666667
25.5166666667
25.4833333333
25.8833333333
25.25
25.2711864407
25.5666666667
25.1333333333
25.6666666667
25.6166666667
25.4666666667
25.2711864407
25.4666666667
25.1166666667
24.9166666667
25.0833333333
24.5333333333
24.7627118644
25.5666666667
24.9333333333
24.6666666667
24.8666666667
26.0333333333
25.1016949153
25.1166666667
23.85
24.3666666667
24.7
24.7288135593
24.35
23.1666666667
24.7666666667
23.8833333333
25.1
24.1016949153
24.0333333333
25.0166666667
24.7833333333
24.9333333333
24.4333333333
25.2542372881
24.1166666667
23.9333333333
23.95
24.9
24.6833333333
25.1186440678
24.2
24.95
24.6166666667
24.9
24.55
24.0169491525
25.1071428571
--END OF 4--
35.8
36.6
36.7833333333
37.9666666667
37.2333333333
35.7966101695
35.9166666667
37.6666666667
36.55
36.9666666667
36.2833333333
36.813559322
36.5333333333
35.9
37.15
37.7
37.6666666667
36.2881355932
36.2666666667
36.4666666667
36.3666666667
35.0833333333
34.9333333333
35.4237288136
36.75
35.7833333333
35.9333333333
35.7333333333
36.5166666667
35.1525423729
35.6666666667
34.7333333333
35.25
35.4166666667
35.6101694915
36.0166666667
34.1
36.4166666667
35.8666666667
35.95
35.5254237288
35.4833333333
35.9
35.6166666667
35.1
35.2333333333
35.9322033898
35.6666666667
34.6
35.2333333333
34.8333333333
35.15
35.0338983051
35.7666666667
35.6
35.2833333333
35.2166666667
34.9333333333
35.3898305085
37.25
--END OF 5--
41.3166666667
42.35
42.4833333333
44.3
42.9333333333
42.1525423729
42.7
44.9833333333
42.65
42.6833333333
42.25
43.1016949153
42.5666666667
41.6833333333
43.95
44.6
44.6166666667
41.6610169492
42.2666666667
42.05
41.4
39.1833333333
39.8833333333
41.1186440678
43.0666666667
41.8
40.6333333333
42.3166666667
42.5
40.7966101695
40.7833333333
39.9166666667
40.2833333333
40.5166666667
41.5423728814
42.0833333333
38.3166666667
42.7666666667
41.5833333333
41.8
41.1525423729
40.25
40.6333333333
40.7
39.3
41.7666666667
41.9830508475
40.3333333333
39.2166666667
40.3833333333
40.4833333333
40.2
39.4576271186
41.8
42.05
41.0333333333
40.55
40.0833333333
40.4406779661
43.9107142857
--END OF 6--
5347.65
5336.7
5436.75
5492.8
5594.8
5230.06779661
5313.85
5503.65
5401.75
5412.35
5381.75
5329.01694915
5404.85
5380.95
5611.35
5565.25
5475.8
5392.42372881
5316.05
5431.2
5332.2
5228.55
5167.5
5440.77966102
5422.25
5280.75
5188.65
5228.7
5427.6
5247.71186441
5334.95
5205.0
5159.15
5266.25
5184.05084746
5173.45
5146.95
5411.85
5247.6
5277.95
5184.05084746
5154.0
5218.25
5177.95
5207.4
5107.0
5243.38983051
5068.3
5196.15
5079.65
5259.75
5257.65
5287.6779661
5210.0
5401.2
5233.75
5228.35
5205.2
5169.50847458
5468.625
--END OF 7--
1505.65
1504.95
1535.98333333
1553.41666667
1562.8
1467.96610169
1490.88333333
1552.46666667
1505.0
1527.85
1510.85
1505.47457627
1519.1
1497.46666667
1554.6
1543.85
1543.13333333
1490.11864407
1496.91666667
1529.06666667
1485.76666667
1455.8
1439.9
1514.15254237
1542.5
1472.26666667
1452.61666667
1483.25
1542.71666667
1478.06779661
1492.65
1435.11666667
1441.48333333
1465.21666667
1451.54237288
1460.9
1426.63333333
1521.38333333
1471.73333333
1500.9
1451.20338983
1451.36666667
1470.08333333
1465.38333333
1461.41666667
1435.48333333
1474.79661017
1425.33333333
1412.71666667
1407.06666667
1472.65
1457.53333333
1473.08474576
1471.75
1494.55
1470.05
1471.46666667
1462.3
1447.77966102
1523.57142857
--END OF 8--
218.866666667
249.7
263.233333333
268.766666667
239.266666667
229.406779661
234.233333333
260.15
235.083333333
240.566666667
235.15
257.830508475
239.3
231.516666667
250.766666667
257.416666667
260.266666667
240.644067797
242.433333333
253.033333333
256.533333333
224.2
223.4
229.389830508
240.783333333
231.35
238.2
247.416666667
231.45
222.0
223.116666667
235.266666667
212.0
227.7
226.101694915
245.85
231.483333333
239.483333333
254.966666667
247.233333333
240.06779661
237.583333333
230.5
231.35
209.633333333
231.816666667
222.542372881
238.516666667
217.966666667
220.95
224.083333333
216.483333333
225.220338983
248.733333333
225.65
216.5
215.6
232.816666667
225.610169492
261.089285714
--END OF 9--
9.36666666667
8.85
11.1833333333
12.1666666667
8.03333333333
12.2033898305
12.4
16.6333333333
12.3666666667
10.7333333333
8.03333333333
9.96610169492
10.7833333333
6.83333333333
10.7166666667
11.55
13.65
5.40677966102
8.11666666667
6.58333333333
8.2
6.35
10.9
6.98305084746
10.5666666667
9.88333333333
6.93333333333
9.88333333333
9.61666666667
7.38983050847
8.63333333333
8.81666666667
11.0166666667
8.1
13.7118644068
11.7833333333
5.71666666667
12.6666666667
9.83333333333
8.78333333333
12.7796610169
9.61666666667
7.46666666667
10.8333333333
6.56666666667
10.8666666667
13.6610169492
10.8666666667
8.33333333333
11.35
8.85
11.9333333333
4.66101694915
9.73333333333
10.35
11.4666666667
10.3833333333
6.55
10.593220339
15.4821428571
--END OF 10--
2.0
1.5
0.366666666667
1.21666666667
0.833333333333
2.89830508475
3.06666666667
2.1
1.61666666667
0.966666666667
1.9
2.38983050847
1.68333333333
2.43333333333
2.76666666667
2.35
2.36666666667
0.64406779661
1.76666666667
1.16666666667
0.616666666667
0.7
1.35
1.35593220339
1.06666666667
2.23333333333
0.45
2.95
1.31666666667
2.0
0.766666666667
2.26666666667
2.53333333333
1.48333333333
2.10169491525
2.03333333333
0.75
2.21666666667
1.48333333333
2.26666666667
1.47457627119
0.883333333333
0.65
0.666666666667
0.9
4.21666666667
1.27118644068
0.816666666667
1.18333333333
1.55
2.2
1.48333333333
0.661016949153
1.4
3.65
2.23333333333
1.45
1.35
1.15254237288
2.41071428571
--END OF 11--
0.35
0.3
0.316666666667
0.933333333333
0.05
0.966101694915
0.5
0.566666666667
0.366666666667
0.366666666667
0.65
1.22033898305
0.483333333333
0.5
0.0
0.75
0.583333333333
0.305084745763
1.03333333333
0.1
0.166666666667
0.0
0.0
0.0
0.4
0.216666666667
0.116666666667
0.616666666667
0.316666666667
0.508474576271
0.116666666667
0.383333333333
0.0
0.5
1.01694915254
0.0
0.0
0.4
0.0
0.0
0.474576271186
0.2
0.0
0.0
0.0
1.88333333333
0.118644067797
0.0
0.0
0.316666666667
0.683333333333
0.0
0.0
0.633333333333
0.3
0.6
0.4
0.466666666667
0.610169491525
0.0
--END OF 12--
