19.5166666667
19.9166666667
19.3
20.3
19.4
19.9491525424
20.2833333333
20.3666666667
18.5833333333
19.5166666667
19.8833333333
19.0508474576
18.8666666667
18.8333333333
19.7166666667
20.7333333333
19.9322033898
19.6833333333
19.4833333333
20.0166666667
20.05
20.2542372881
18.85
20.8166666667
21.1166666667
21.2166666667
20.45
19.8644067797
20.3833333333
21.5
21.1666666667
19.9333333333
20.4745762712
20.4666666667
20.9666666667
20.4166666667
21.1666666667
20.7288135593
20.85
19.85
21.1
21.2833333333
20.45
19.2881355932
20.5166666667
20.1
19.7666666667
21.6333333333
20.1525423729
19.65
20.8166666667
20.1833333333
20.2333333333
18.4
19.5762711864
20.15
18.75
19.3666666667
17.8666666667
18.8245614035
--END OF 1--
28.5833333333
29.1666666667
27.45
27.95
26.95
27.0
27.1166666667
27.3166666667
27.9333333333
27.3333333333
27.3666666667
28.3559322034
27.8666666667
25.9666666667
28.8
28.6333333333
27.1186440678
26.2333333333
28.5666666667
28.0833333333
29.6
27.9491525424
26.6
29.7666666667
29.4333333333
28.3333333333
28.7333333333
27.8644067797
28.0833333333
29.2833333333
28.8
28.0166666667
29.0847457627
29.7833333333
29.8166666667
27.8166666667
29.5666666667
29.5593220339
28.4333333333
29.2833333333
29.7
29.5
30.2333333333
28.6440677966
29.0833333333
28.6166666667
27.3
28.9666666667
27.2542372881
29.05
29.1833333333
28.8833333333
27.2833333333
26.0333333333
26.5762711864
27.4833333333
28.2333333333
26.25
26.2666666667
26.1403508772
--END OF 2--
29.2
30.1
29.05
28.85
27.95
27.1525423729
27.6
28.9666666667
28.75
28.7666666667
28.1833333333
29.0508474576
29.95
26.3
29.7
29.0333333333
27.7627118644
26.7833333333
29.05
28.7333333333
30.4
29.7457627119
27.4
31.3666666667
30.2666666667
28.3333333333
29.4666666667
29.1186440678
29.9
29.6833333333
29.7333333333
29.35
30.1016949153
30.4833333333
30.6166666667
29.2666666667
31.2833333333
30.6440677966
29.3666666667
29.9
31.2833333333
29.8333333333
31.2166666667
29.186440678
29.7
29.6166666667
28.05
29.0666666667
29.2711864407
29.4
30.1833333333
29.4333333333
28.6333333333
27.1833333333
27.9491525424
27.8833333333
29.6166666667
27.3333333333
26.8333333333
26.350877193
--END OF 3--
19.1666666667
19.4166666667
19.25
19.95
19.4
19.7966101695
19.95
20.0
18.5833333333
19.5166666667
19.8166666667
18.9661016949
18.7
18.7
19.45
20.0333333333
19.7118644068
19.6333333333
19.2333333333
19.6666666667
19.65
19.6610169492
18.8333333333
20.1833333333
20.1333333333
20.7
20.0
19.7457627119
19.7166666667
20.6833333333
20.3
19.8833333333
19.8644067797
19.75
20.2666666667
19.8666666667
20.25
20.0677966102
20.0333333333
19.7
20.15
20.3333333333
19.8666666667
19.0338983051
19.8166666667
19.7333333333
19.5333333333
20.8166666667
19.813559322
19.35
20.1
19.7833333333
19.8833333333
18.4
19.4406779661
19.6833333333
18.5666666667
19.2666666667
17.8666666667
18.6666666667
--END OF 4--
28.4333333333
28.9166666667
27.45
27.95
26.95
27.0
27.1166666667
27.3166666667
27.8833333333
27.3333333333
27.3666666667
28.3389830508
27.8166666667
25.9666666667
28.5833333333
28.5
27.1186440678
26.2333333333
28.5166666667
28.0833333333
29.0333333333
27.9491525424
26.6
29.2833333333
29.3333333333
28.05
28.7333333333
27.813559322
28.0833333333
29.1166666667
28.75
28.0166666667
28.9322033898
29.4
29.3666666667
27.8166666667
29.4833333333
29.2711864407
28.35
29.0666666667
29.4
29.3166666667
29.75
28.4915254237
28.7333333333
28.4666666667
27.25
28.9166666667
27.2542372881
28.9833333333
29.15
28.8333333333
27.2833333333
26.0333333333
26.5762711864
27.4833333333
28.1833333333
26.25
26.2666666667
26.1403508772
--END OF 5--
29.2
30.1
29.05
28.85
27.95
27.1525423729
27.6
28.9666666667
28.75
28.7666666667
28.1833333333
29.0508474576
29.95
26.3
29.7
29.0333333333
27.7627118644
26.7833333333
29.05
28.7333333333
30.4
29.7457627119
27.4
31.3666666667
30.2666666667
28.3333333333
29.4666666667
29.1186440678
29.9
29.6833333333
29.7333333333
29.35
30.1016949153
30.4833333333
30.6166666667
29.2666666667
31.2833333333
30.6440677966
29.3666666667
29.9
31.2833333333
29.8333333333
31.2166666667
29.186440678
29.7
29.6166666667
28.05
29.0666666667
29.2711864407
29.4
30.1833333333
29.4333333333
28.6333333333
27.1833333333
27.9491525424
27.8833333333
29.6166666667
27.3333333333
26.8333333333
26.350877193
--END OF 6--
3700.05
3712.05
3527.25
3785.4
3613.8
3646.42372881
3655.1
3694.05
3508.5
3612.95
3652.4
3631.11864407
3760.0
3736.5
3800.3
3705.05
3664.77966102
3570.6
3677.35
3685.25
3779.3
3926.38983051
3629.9
3779.3
3867.5
3902.6
3723.55
3752.6440678
3886.6
3880.05
3967.75
3714.2
3791.13559322
3787.6
3825.75
3794.25
3902.05
3839.84745763
3805.65
3704.1
3877.35
3856.15
3928.4
3796.93220339
3782.7
3793.45
3686.85
3842.85
3713.84745763
3694.4
3809.15
3769.05
3645.75
3487.6
3599.44067797
3679.1
3583.9
3527.65
3492.3
3692.84210526
--END OF 7--
1037.95
1043.13333333
1004.05
1050.5
1013.4
1016.30508475
1029.45
1048.03333333
983.883333333
1023.0
1021.71666667
1022.23728814
1055.98333333
1037.06666667
1069.06666667
1051.46666667
1038.49152542
1003.0
1026.66666667
1045.05
1075.73333333
1079.37288136
1013.2
1070.45
1080.88333333
1075.15
1029.83333333
1039.45762712
1062.8
1093.48333333
1099.9
1042.41666667
1060.77966102
1070.11666667
1085.15
1058.55
1093.53333333
1084.94915254
1080.33333333
1025.45
1093.76666667
1092.46666667
1080.06666667
1063.13559322
1065.01666667
1067.86666667
1029.4
1090.4
1033.37288136
1036.31666667
1062.16666667
1052.1
1019.35
965.883333333
1017.81355932
1033.03333333
985.8
988.733333333
981.1
1012.73684211
--END OF 8--
170.116666667
183.8
173.3
161.35
166.0
154.93220339
144.283333333
152.116666667
167.966666667
172.183333333
157.583333333
178.118644068
171.733333333
147.1
176.283333333
171.2
157.762711864
148.2
173.35
168.483333333
182.5
157.542372881
154.333333333
191.466666667
172.766666667
158.766666667
168.15
168.949152542
157.866666667
170.266666667
153.1
170.55
173.288135593
192.3
165.7
155.2
164.566666667
173.796610169
147.683333333
184.85
183.133333333
174.8
186.633333333
171.288135593
167.766666667
166.116666667
163.683333333
165.816666667
150.93220339
163.7
167.8
175.65
164.7
152.9
179.389830508
165.883333333
186.866666667
143.316666667
170.2
151.789473684
--END OF 9--
10.0166666667
10.5
5.25
3.8
6.95
4.20338983051
4.0
5.65
13.4333333333
6.78333333333
8.2
8.5593220339
8.3
6.23333333333
8.01666666667
8.33333333333
4.25423728814
2.15
6.5
6.16666666667
6.6
9.35593220339
5.96666666667
8.88333333333
6.41666666667
2.11666666667
11.05
6.77966101695
8.05
5.78333333333
8.03333333333
7.11666666667
9.33898305085
6.46666666667
9.1
6.25
9.66666666667
7.1186440678
5.38333333333
6.68333333333
7.9
7.2
9.68333333333
9.33898305085
9.43333333333
8.88333333333
5.23333333333
4.91666666667
7.16949152542
7.98333333333
7.85
7.4
5.25
6.85
3.30508474576
4.86666666667
9.13333333333
7.28333333333
6.83333333333
5.42105263158
--END OF 10--
1.03333333333
1.35
1.6
0.75
0.8
0.203389830508
0.5
1.63333333333
0.866666666667
2.31666666667
1.31666666667
1.1186440678
4.15
0.0833333333333
1.31666666667
0.75
0.983050847458
1.0
0.966666666667
1.25
1.08333333333
2.38983050847
1.18333333333
2.53333333333
1.36666666667
0.0
1.03333333333
1.16949152542
2.2
0.6
0.566666666667
1.1
1.5593220339
0.683333333333
1.3
2.15
1.95
1.69491525424
1.43333333333
0.516666666667
2.28333333333
0.516666666667
0.933333333333
0.661016949153
0.85
0.916666666667
0.95
0.133333333333
3.59322033898
0.1
1.56666666667
0.1
1.9
1.51666666667
1.96610169492
0.333333333333
2.2
1.38333333333
0.933333333333
0.210526315789
--END OF 11--
0.0
0.583333333333
0.35
0.0
0.0
0.0
0.5
0.0
0.0
0.0
0.0
0.0
0.0
0.0
0.0
0.0
0.0
0.0
0.0
0.0
0.1
0.847457627119
0.0666666666667
0.0
0.0
0.0
0.0333333333333
0.491525423729
0.65
0.1
0.0666666666667
0.433333333333
0.0
0.0
0.1
0.4
0.616666666667
0.525423728814
0.0
0.0
0.0
0.0
0.166666666667
0.372881355932
0.133333333333
0.0
0.0
0.0
0.0
0.0
0.0
0.0
1.0
0.816666666667
0.457627118644
0.133333333333
0.533333333333
0.333333333333
0.0666666666667
0.0
--END OF 12--
