10.35
12.0166666667
11.75
11.2203389831
10.7
11.3
11.4166666667
11.6333333333
11.05
11.5166666667
10.8813559322
10.8833333333
10.9
11.65
12.0
11.0847457627
10.4666666667
10.7666666667
10.75
11.0833333333
11.0169491525
11.1333333333
12.1
13.6666666667
11.6
12.5666666667
12.4237288136
12.3
12.65
11.1
10.75
11.4406779661
12.5333333333
11.5333333333
12.3666666667
11.2166666667
11.9830508475
11.4
11.3166666667
12.2333333333
11.7333333333
10.813559322
11.3333333333
11.3333333333
11.4333333333
11.05
11.2372881356
11.3
11.6833333333
12.0
10.8666666667
10.3050847458
10.65
11.5166666667
10.2666666667
11.95
11.8813559322
11.6333333333
10.0333333333
10.6140350877
--END OF 1--
13.9666666667
16.0166666667
14.8
14.7627118644
14.2
14.8833333333
14.3166666667
14.55
13.9166666667
14.5833333333
15.4915254237
14.0333333333
14.85
15.7
16.25
15.593220339
13.6833333333
14.3333333333
13.2166666667
14.4
14.3898305085
14.3166666667
16.3666666667
17.9
15.0833333333
15.8333333333
16.1694915254
15.95
16.65
15.2
14.1
16.593220339
17.1333333333
15.6666666667
16.5666666667
14.9666666667
15.0
14.6
14.8166666667
15.3166666667
15.65
14.9661016949
15.4833333333
14.9833333333
15.1333333333
14.55
14.3559322034
16.3333333333
15.8166666667
15.55
15.6333333333
14.0847457627
15.2
15.7833333333
14.1833333333
15.9333333333
14.7288135593
15.1833333333
13.8833333333
14.4736842105
--END OF 2--
15.25
16.5166666667
15.45
15.7288135593
15.25
15.1333333333
14.6166666667
14.95
14.4666666667
14.8833333333
15.6440677966
15.0833333333
15.15
16.05
16.9
16.2372881356
13.8
14.9166666667
14.1166666667
15.25
14.7796610169
14.65
16.6833333333
18.6666666667
15.4333333333
17.0833333333
16.4745762712
18.1
17.0
15.9
14.55
17.1525423729
17.4
15.8333333333
17.1833333333
16.05
15.1694915254
15.2166666667
15.3
15.6333333333
16.35
16.0169491525
16.3333333333
15.5333333333
15.3333333333
15.25
14.7966101695
16.9833333333
16.7666666667
15.9666666667
15.9166666667
15.2203389831
15.7166666667
16.25
15.25
17.05
15.2203389831
15.2833333333
14.7333333333
14.9649122807
--END OF 3--
10.35
12.0166666667
11.75
11.2203389831
10.7
11.3
11.4166666667
11.6333333333
11.05
11.5166666667
10.8813559322
10.8833333333
10.9
11.65
12.0
11.0847457627
10.4666666667
10.7666666667
10.75
11.0833333333
11.0169491525
11.1333333333
12.1
13.6666666667
11.6
12.5666666667
12.4237288136
12.3
12.65
11.1
10.75
11.4406779661
12.5333333333
11.5333333333
12.3666666667
11.2166666667
11.9830508475
11.4
11.3166666667
12.2333333333
11.7333333333
10.813559322
11.3333333333
11.3333333333
11.4333333333
11.05
11.2372881356
11.3
11.6833333333
12.0
10.8666666667
10.3050847458
10.65
11.5166666667
10.2666666667
11.95
11.8813559322
11.6333333333
10.0333333333
10.6140350877
--END OF 4--
13.9666666667
16.0166666667
14.8
14.7627118644
14.2
14.8833333333
14.3166666667
14.55
13.9166666667
14.5833333333
15.4915254237
14.0333333333
14.85
15.7
16.25
15.593220339
13.6833333333
14.3333333333
13.2166666667
14.4
14.3898305085
14.3166666667
16.3666666667
17.9
15.0833333333
15.8333333333
16.1694915254
15.95
16.65
15.2
14.1
16.593220339
17.1333333333
15.6666666667
16.5666666667
14.9666666667
15.0
14.6
14.8166666667
15.3166666667
15.65
14.9661016949
15.4833333333
14.9833333333
15.1333333333
14.55
14.3559322034
16.3333333333
15.8166666667
15.55
15.6333333333
14.0847457627
15.2
15.7833333333
14.1833333333
15.9333333333
14.7288135593
15.1833333333
13.8833333333
14.4736842105
--END OF 5--
15.25
16.5166666667
15.45
15.7288135593
15.25
15.1333333333
14.6166666667
14.95
14.4666666667
14.8833333333
15.6440677966
15.0833333333
15.15
16.05
16.9
16.2372881356
13.8
14.9166666667
14.1166666667
15.25
14.7796610169
14.65
16.6833333333
18.6666666667
15.4333333333
17.0833333333
16.4745762712
18.1
17.0
15.9
14.55
17.1525423729
17.4
15.8333333333
17.1833333333
16.05
15.1694915254
15.2166666667
15.3
15.6333333333
16.35
16.0169491525
16.3333333333
15.5333333333
15.3333333333
15.25
14.7966101695
16.9833333333
16.7666666667
15.9666666667
15.9166666667
15.2203389831
15.7166666667
16.25
15.25
17.05
15.2203389831
15.2833333333
14.7333333333
14.9649122807
--END OF 6--
2139.7
2280.05
2160.0
2179.57627119
2106.35
2294.35
2200.9
2185.4
2144.2
2184.6
2244.86440678
2085.3
2113.95
2166.6
2326.95
2142.45762712
2106.25
2103.6
2158.65
2212.45
2115.45762712
2195.5
2364.2
2551.5
2213.55
2433.45
2354.28813559
2309.1
2378.85
2257.35
2126.25
2324.94915254
2431.85
2236.25
2367.7
2187.15
2218.11864407
2195.85
2171.35
2235.3
2166.65
2202.45762712
2326.95
2266.05
2238.45
2141.55
2101.77966102
2234.35
2266.0
2281.8
2131.55
2057.49152542
2153.65
2285.2
2106.05
2272.05
2205.55932203
2207.85
2055.9
2141.78947368
--END OF 7--
591.3
647.333333333
613.383333333
603.694915254
595.4
636.933333333
608.016666667
612.55
593.4
609.2
614.694915254
592.15
590.9
616.5
642.6
604.745762712
570.633333333
583.15
569.5
590.8
582.542372881
598.55
648.8
716.783333333
622.2
675.55
651.06779661
648.0
654.6
620.75
586.35
630.711864407
680.75
623.566666667
658.55
595.616666667
616.152542373
604.466666667
605.816666667
628.6
614.716666667
612.694915254
630.65
631.3
631.55
596.9
583.169491525
625.133333333
619.666666667
628.9
600.716666667
572.813559322
601.8
626.966666667
569.933333333
629.683333333
620.661016949
605.95
566.5
593.350877193
--END OF 8--
82.4666666667
88.55
76.1833333333
78.6101694915
70.15
82.4333333333
76.1
76.1
71.8833333333
65.6166666667
85.8813559322
70.75
73.9
92.95
91.05
84.3389830508
71.5
72.1
58.5333333333
84.55
81.0
69.4
86.4
94.1833333333
81.85
77.1
79.1016949153
86.25
99.2
76.45
68.8
103.949152542
96.35
88.7666666667
87.6666666667
89.2
79.4576271186
76.5
78.9166666667
90.4
79.05
82.2372881356
91.2
84.4
84.45
81.05
65.9152542373
95.3333333333
92.4666666667
82.0333333333
80.4833333333
92.0
93.8
92.6166666667
79.3666666667
84.9833333333
70.813559322
71.45
73.3
87.8947368421
--END OF 9--
5.83333333333
4.75
4.26666666667
2.84745762712
5.25
3.13333333333
2.48333333333
2.53333333333
2.05
2.68333333333
4.81355932203
6.25
2.7
4.9
3.45
5.52542372881
3.06666666667
3.35
2.71666666667
3.66666666667
3.28813559322
3.8
2.73333333333
4.93333333333
1.5
5.03333333333
3.40677966102
7.15
3.15
4.5
2.45
3.91525423729
2.03333333333
2.25
6.6
5.33333333333
3.50847457627
4.03333333333
2.41666666667
2.1
4.9
4.15254237288
4.6
3.15
1.55
3.65
3.16949152542
3.5
5.4
3.0
4.2
4.84745762712
5.55
4.58333333333
5.05
4.2
2.61016949153
4.9
5.85
3.24561403509
--END OF 10--
2.08333333333
1.1
0.85
1.38983050847
1.0
0.5
0.5
0.666666666667
0.5
0.0
0.35593220339
0.8
0.35
0.05
1.1
1.08474576271
0.283333333333
0.883333333333
0.95
1.05
0.610169491525
0.516666666667
0.566666666667
0.733333333333
0.616666666667
1.15
0.237288135593
2.65
0.35
1.3
0.9
1.1186440678
0.5
0.133333333333
1.36666666667
0.833333333333
0.169491525424
0.566666666667
0.433333333333
0.583333333333
1.03333333333
1.30508474576
0.95
0.5
0.25
1.0
0.593220338983
0.783333333333
1.03333333333
0.0
0.333333333333
1.25423728814
0.6
0.5
1.88333333333
1.86666666667
0.220338983051
0.0
1.05
0.80701754386
--END OF 11--
0.0
0.0
0.0
0.0
0.0
0.0
0.0
0.0
0.0
0.0
0.0
0.15
0.35
0.0
0.0
0.0
0.0
0.0
0.0
0.5
0.0
0.0
0.0666666666667
0.366666666667
0.0
0.0
0.0
0.0
0.0
0.0
0.0
0.271186440678
0.0
0.0
0.0
0.5
0.0
0.0
0.0
0.0
0.116666666667
0.389830508475
0.35
0.5
0.15
0.0
0.186440677966
0.75
0.0666666666667
0.0
0.0
0.0677966101695
0.433333333333
0.0
0.0
0.0
0.0
0.0
0.5
0.0
--END OF 12--
