27.1666666667
27.5166666667
25.9333333333
28.5254237288
28.5333333333
27.4166666667
27.1833333333
27.0333333333
27.3333333333
26.55
26.406779661
26.8166666667
26.4666666667
26.7833333333
28.1833333333
27.6779661017
27.8166666667
28.2
25.75
27.4833333333
26.4333333333
27.0847457627
27.4166666667
28.2333333333
27.5166666667
27.1833333333
28.1166666667
27.4915254237
28.6333333333
27.9166666667
28.0333333333
27.6166666667
25.5666666667
28.1016949153
29.1166666667
28.2833333333
26.6666666667
27.0
27.593220339
28.95
27.9
27.0666666667
28.4333333333
28.4406779661
27.8
27.2666666667
28.6666666667
30.3833333333
28.1333333333
27.8813559322
27.6
27.4
27.1166666667
26.4666666667
27.0847457627
26.9666666667
26.4
28.05
26.6333333333
27.2586206897
--END OF 1--
37.9333333333
37.4833333333
36.8333333333
39.3220338983
39.7
40.1333333333
37.2333333333
36.6333333333
37.9333333333
35.25
35.9322033898
37.25
37.2833333333
38.3666666667
38.8666666667
38.9491525424
38.7666666667
38.35
38.05
38.4666666667
37.6833333333
38.2711864407
39.2833333333
39.2
39.4
38.1
37.4666666667
39.4915254237
38.4
38.5666666667
39.6
37.4666666667
35.5666666667
39.3389830508
39.9833333333
39.7333333333
36.65
36.5833333333
36.0508474576
39.4
38.8
37.5166666667
38.2166666667
37.406779661
38.4
38.6666666667
39.6333333333
40.5666666667
39.6333333333
39.0677966102
38.9333333333
38.0833333333
37.0833333333
36.0166666667
37.3898305085
37.9166666667
37.7333333333
39.55
38.1333333333
38.6379310345
--END OF 2--
39.4333333333
38.1666666667
38.05
41.406779661
41.25
41.1166666667
38.7333333333
37.8333333333
38.6
35.65
39.0169491525
38.2833333333
38.4666666667
39.8333333333
39.7333333333
41.2542372881
39.4666666667
40.4833333333
40.25
39.6333333333
39.0833333333
39.2711864407
40.5333333333
41.8
40.45
39.35
38.4166666667
40.0338983051
40.7833333333
40.7
40.7
39.4
36.8333333333
40.2372881356
43.2
42.0666666667
37.8833333333
38.0333333333
37.3898305085
40.4
40.05
39.4833333333
40.4
37.9491525424
38.8
39.3833333333
40.6
41.7333333333
41.0333333333
40.406779661
40.8333333333
39.2
38.4333333333
37.0166666667
38.7796610169
38.3166666667
39.0
40.75
39.4333333333
39.3620689655
--END OF 3--
23.5666666667
23.8666666667
22.9333333333
24.5084745763
24.55
23.8833333333
23.8833333333
23.7333333333
23.8833333333
23.45
23.406779661
23.4333333333
23.3333333333
23.2666666667
24.5
24.1355932203
24.1666666667
24.4833333333
22.8666666667
23.95
23.2833333333
23.6271186441
23.9
24.5
24.0333333333
23.6666666667
24.1666666667
23.7457627119
24.6666666667
24.0166666667
24.25
24.0
22.95
24.3220338983
25.1166666667
24.4333333333
23.6166666667
23.5833333333
24.1016949153
24.95
24.15
23.8
24.6333333333
24.5423728814
24.15
23.8333333333
24.6666666667
25.9333333333
24.2
24.1694915254
23.9
23.65
23.8
23.4333333333
23.8983050847
23.6833333333
23.5166666667
24.25
23.5833333333
23.6379310345
--END OF 4--
34.4166666667
34.2166666667
33.8
35.3220338983
35.65
35.9
34.0333333333
33.6833333333
34.55
32.9
33.1355932203
34.2166666667
34.0666666667
34.7166666667
34.95
35.1016949153
35.0
34.8833333333
34.4833333333
34.6333333333
34.2333333333
34.6440677966
35.2833333333
35.4166666667
35.35
34.5666666667
34.1166666667
35.2542372881
34.9333333333
34.6333333333
35.5166666667
34.45
33.0666666667
35.406779661
35.7333333333
35.5333333333
33.8
33.6666666667
33.3728813559
35.5
35.0
34.3166666667
34.7166666667
34.3050847458
34.8333333333
35.1333333333
35.6166666667
36.1
35.4666666667
35.1694915254
35.0333333333
34.3
33.95
33.5333333333
34.3898305085
34.6
34.4333333333
35.6
34.5833333333
34.7068965517
--END OF 5--
39.4333333333
38.1666666667
38.05
41.2881355932
41.25
41.1166666667
38.7333333333
37.8333333333
38.6
35.65
39.0169491525
38.2833333333
38.4666666667
39.8333333333
39.7333333333
41.2542372881
39.4666666667
40.4833333333
40.25
39.6333333333
39.0833333333
39.2711864407
40.5333333333
41.8
40.45
39.35
38.4166666667
40.0338983051
40.7833333333
40.7
40.7
39.4
36.8333333333
40.2372881356
43.15
42.0666666667
37.8833333333
38.0333333333
37.3898305085
40.4
40.05
39.4833333333
40.4
37.9491525424
38.8
39.3833333333
40.6
41.7166666667
41.0333333333
40.406779661
40.8333333333
39.2
38.4333333333
37.0166666667
38.7796610169
38.3166666667
39.0
40.75
39.4333333333
39.3620689655
--END OF 6--
5045.65
5048.25
4861.75
5084.59322034
5141.1
5146.25
4924.95
4966.8
4945.45
4814.55
4853.23728814
4944.5
4837.0
5015.35
5103.25
5074.01694915
4889.95
5012.75
4978.45
5006.55
4759.1
5028.20338983
5121.2
5137.2
5084.7
5065.4
5058.75
5127.40677966
5188.9
5092.95
5123.85
4975.75
4790.25
5079.20338983
5179.9
5201.2
4894.95
5045.95
4894.47457627
5271.45
5060.1
4956.35
5054.6
5117.23728814
5036.55
5041.7
5281.8
5323.1
5252.5
5094.55932203
5006.5
5013.05
4719.25
4857.6
4984.77966102
4939.1
4895.8
5122.65
5061.9
5103.87931034
--END OF 7--
1418.51666667
1409.95
1364.06666667
1444.89830508
1448.03333333
1422.15
1386.4
1376.95
1392.66666667
1335.1
1346.30508475
1372.45
1357.75
1408.05
1433.61666667
1424.08474576
1405.3
1420.88333333
1384.1
1405.48333333
1349.2
1415.96610169
1438.51666667
1438.68333333
1421.1
1416.03333333
1420.45
1439.38983051
1442.81666667
1436.55
1429.9
1398.8
1324.95
1432.42372881
1470.21666667
1443.71666667
1363.91666667
1399.15
1365.22033898
1468.1
1430.95
1372.6
1426.91666667
1425.05084746
1413.41666667
1417.81666667
1458.46666667
1512.28333333
1456.7
1444.66101695
1412.86666667
1424.75
1354.15
1351.58333333
1393.61016949
1390.86666667
1374.55
1419.95
1395.65
1432.96551724
--END OF 8--
223.283333333
226.85
219.4
235.762711864
224.416666667
246.483333333
210.75
204.0
212.6
184.6
189.237288136
211.616666667
231.316666667
240.433333333
227.716666667
230.525423729
234.283333333
217.383333333
231.366666667
232.466666667
221.95
215.016949153
231.9
224.833333333
233.816666667
218.133333333
206.15
240.86440678
209.166666667
222.516666667
223.883333333
201.5
193.833333333
236.627118644
244.366666667
228.2
217.1
199.183333333
208.084745763
226.2
230.3
221.616666667
224.966666667
202.440677966
223.8
237.283333333
220.783333333
218.033333333
229.833333333
217.084745763
240.866666667
240.1
230.533333333
202.816666667
198.711864407
223.383333333
222.116666667
241.35
225.4
232.862068966
--END OF 9--
9.85
5.53333333333
8.38333333333
10.6271186441
10.2833333333
11.0
10.6
8.8
6.31666666667
7.9
14.7288135593
8.66666666667
9.13333333333
14.1166666667
7.85
10.406779661
8.5
11.4666666667
11.7333333333
10.8833333333
10.1166666667
12.1016949153
10.8833333333
12.7166666667
11.2166666667
8.88333333333
7.95
5.71186440678
10.8166666667
10.35
11.1166666667
12.0833333333
10.2333333333
9.15254237288
14.0833333333
14.6
8.58333333333
9.8
5.13559322034
8.85
6.5
9.66666666667
8.78333333333
5.08474576271
7.08333333333
6.6
8.8
11.3
10.8666666667
11.5254237288
12.1833333333
6.41666666667
5.96666666667
7.68333333333
12.0508474576
7.26666666667
6.96666666667
9.1
11.15
8.05172413793
--END OF 10--
1.58333333333
0.566666666667
1.53333333333
3.42372881356
2.51666666667
1.25
2.25
1.9
0.883333333333
0.8
4.16949152542
1.28333333333
1.51666666667
1.95
1.18333333333
3.69491525424
0.95
3.2
3.51666666667
1.13333333333
1.68333333333
1.83050847458
1.66666666667
3.95
1.71666666667
1.5
1.3
0.966101694915
3.1
3.08333333333
1.4
2.56666666667
1.3
1.40677966102
5.11666666667
3.86666666667
2.3
1.76666666667
2.4406779661
1.65
1.65
2.43333333333
3.01666666667
0.796610169492
0.583333333333
0.766666666667
1.36666666667
1.5
2.16666666667
2.13559322034
2.61666666667
1.81666666667
0.55
1.43333333333
2.52542372881
0.6
1.83333333333
1.15
1.3
0.862068965517
--END OF 11--
0.333333333333
0.0
0.766666666667
0.457627118644
0.35
0.0
0.5
0.5
0.5
0.05
1.98305084746
0.0
0.0
0.5
0.133333333333
0.949152542373
0.0
0.0
0.5
0.266666666667
0.733333333333
0.0
0.5
0.5
0.25
0.316666666667
0.2
0.0
0.5
0.2
0.0
0.433333333333
0.533333333333
0.0
0.916666666667
0.0833333333333
0.0
0.0
0.0
0.15
0.35
0.3
0.866666666667
0.508474576271
0.0
0.3
0.4
0.0
0.5
0.338983050847
0.766666666667
0.133333333333
0.5
0.0
0.0
0.0
0.0
0.0
0.0
0.0
--END OF 12--
