22.593220339
21.6166666667
22.5333333333
21.4333333333
21.5666666667
22.6
21.0166666667
20.2203389831
20.8166666667
20.2166666667
20.3833333333
20.2666666667
19.25
19.7966101695
18.8833333333
18.6333333333
18.65
18.5666666667
18.4666666667
19.3220338983
19.5833333333
19.8333333333
19.15
18.2833333333
18.3559322034
18.7833333333
18.55
17.3
16.8
16.6833333333
18.0847457627
15.9333333333
16.2833333333
15.15
16.4833333333
16.7118644068
16.9833333333
17.0666666667
14.7166666667
15.5333333333
16.1666666667
15.3050847458
15.7666666667
15.7333333333
15.2166666667
14.9166666667
15.2033898305
15.1333333333
14.3333333333
14.3666666667
13.75
13.7666666667
14.4237288136
14.3333333333
15.75
13.8
14.9333333333
13.9833333333
13.593220339
22.0188679245
--END OF 1--
33.5423728814
31.3166666667
32.8
31.2333333333
32.25
32.1166666667
32.5666666667
31.2203389831
29.9333333333
29.7833333333
30.4
29.8666666667
29.7833333333
30.2033898305
27.4333333333
27.6166666667
28.1
27.7666666667
27.8333333333
28.9830508475
28.2
28.3
27.75
26.7333333333
26.4745762712
26.2833333333
26.8
25.1
24.9333333333
24.1
24.0169491525
24.2666666667
24.4333333333
23.95
24.8833333333
23.9661016949
24.1
24.7
20.8
22.5166666667
25.1
22.5423728814
23.6333333333
22.5666666667
22.85
23.0666666667
22.6949152542
21.8333333333
20.8333333333
21.05
19.05
20.6166666667
20.406779661
22.05
20.7166666667
20.7666666667
21.15
19.7
20.2542372881
32.4339622642
--END OF 2--
35.7457627119
32.6666666667
34.1
32.0
33.3
34.0166666667
33.3333333333
32.4406779661
31.8
30.85
31.3333333333
31.0333333333
31.1
31.7457627119
28.7333333333
28.3833333333
29.4333333333
28.8
29.3166666667
30.5423728814
29.1333333333
28.85
28.7333333333
27.1
28.6271186441
27.0833333333
27.9
25.8833333333
25.8
24.8666666667
24.2203389831
24.95
25.0833333333
24.55
25.3833333333
25.0847457627
24.9166666667
25.3
22.2
23.4166666667
25.6333333333
22.813559322
24.8666666667
22.6166666667
23.0166666667
23.9833333333
23.6779661017
22.9833333333
22.8833333333
21.9166666667
20.5
20.8166666667
20.406779661
22.9333333333
21.7166666667
21.8
21.3333333333
20.2833333333
21.406779661
33.8679245283
--END OF 3--
21.3728813559
20.7333333333
21.2833333333
20.4833333333
20.7166666667
21.25
20.1833333333
19.6949152542
20.0666666667
19.7833333333
19.9166666667
19.7833333333
19.1833333333
19.7457627119
18.8833333333
18.6166666667
18.65
18.5666666667
18.4666666667
19.186440678
19.4166666667
19.5833333333
19.15
18.2833333333
18.3559322034
18.7833333333
18.55
17.3
16.8
16.6833333333
18.0847457627
15.9333333333
16.2833333333
15.15
16.4833333333
16.7118644068
16.9833333333
17.0666666667
14.7166666667
15.5333333333
16.1666666667
15.3050847458
15.7666666667
15.7333333333
15.2166666667
14.9166666667
15.2033898305
15.1333333333
14.3333333333
14.3666666667
13.75
13.7666666667
14.4237288136
14.3333333333
15.75
13.8
14.9333333333
13.9833333333
13.593220339
20.9056603774
--END OF 4--
31.9152542373
30.45
31.4166666667
30.6166666667
31.1
31.1166666667
31.2166666667
30.1355932203
29.4666666667
29.3333333333
29.8833333333
29.6333333333
29.5666666667
29.6949152542
27.4333333333
27.5833333333
28.0166666667
27.7666666667
27.8333333333
28.9322033898
28.2
28.3
27.7
26.7333333333
26.4745762712
26.2833333333
26.8
25.1
24.9333333333
24.1
24.0169491525
24.2666666667
24.4333333333
23.95
24.8833333333
23.9661016949
24.1
24.7
20.8
22.5166666667
25.1
22.5423728814
23.6333333333
22.5666666667
22.85
23.0666666667
22.6949152542
21.8333333333
20.8333333333
21.05
19.05
20.6166666667
20.406779661
22.05
20.7166666667
20.7666666667
21.15
19.7
20.2542372881
31.3018867925
--END OF 5--
35.7457627119
32.6666666667
34.1
32.0
33.3
34.0166666667
33.3333333333
32.4406779661
31.8
30.85
31.3333333333
31.0333333333
31.1
31.7457627119
28.7333333333
28.3833333333
29.4333333333
28.8
29.3166666667
30.5423728814
29.1333333333
28.85
28.7333333333
27.1
28.6271186441
27.0833333333
27.9
25.8833333333
25.8
24.8666666667
24.2203389831
24.95
25.0833333333
24.55
25.3833333333
25.0847457627
24.9166666667
25.3
22.2
23.4166666667
25.6333333333
22.813559322
24.8666666667
22.6166666667
23.0166666667
23.9833333333
23.6779661017
22.9833333333
22.8833333333
21.9166666667
20.5
20.8166666667
20.406779661
22.9333333333
21.7166666667
21.8
21.3333333333
20.2833333333
21.406779661
33.8679245283
--END OF 6--
4149.45762712
4018.9
4149.45
3967.6
3932.35
4076.4
3891.2
3746.03389831
3915.85
3813.65
3862.85
3779.4
3661.95
3681.10169492
3508.05
3500.35
3539.15
3482.5
3432.85
3655.06779661
3630.9
3649.5
3522.7
3379.9
3350.03389831
3426.7
3362.3
3206.5
3188.2
3198.6
3289.72881356
3093.45
3017.25
2899.2
3166.15
3035.38983051
3146.85
3159.7
2921.0
2982.6
3046.45
2880.45762712
2983.45
2966.4
2863.35
2743.0
2884.01694915
2811.3
2703.3
2717.55
2624.7
2636.85
2720.44067797
2735.0
2741.6
2640.5
2771.15
2623.75
2657.49152542
3999.45283019
--END OF 7--
1176.81355932
1136.21666667
1185.18333333
1104.93333333
1115.96666667
1159.55
1101.01666667
1065.84745763
1083.21666667
1069.33333333
1095.81666667
1058.46666667
1019.58333333
1042.88135593
996.15
981.0
993.55
989.766666667
978.15
1037.13559322
1000.61666667
1035.73333333
988.333333333
941.466666667
947.86440678
962.566666667
976.183333333
908.35
898.483333333
907.5
937.355932203
858.566666667
857.65
797.5
886.25
862.677966102
881.15
894.95
803.6
829.416666667
856.45
788.338983051
836.45
837.416666667
820.683333333
781.216666667
808.847457627
795.65
754.85
770.8
743.0
733.5
757.06779661
767.85
784.4
747.25
771.683333333
745.516666667
739.677966102
1137.88679245
--END OF 8--
210.881355932
201.983333333
203.016666667
195.133333333
197.983333333
197.8
221.6
202.847457627
183.133333333
186.0
187.35
197.85
210.966666667
200.813559322
162.65
180.3
172.833333333
168.2
185.133333333
170.118644068
173.133333333
174.033333333
166.95
156.916666667
178.491525424
172.433333333
159.15
155.333333333
162.166666667
155.783333333
138.237288136
163.3
153.35
147.7
153.316666667
158.694915254
141.8
148.216666667
118.583333333
138.166666667
156.066666667
135.322033898
154.433333333
136.85
136.683333333
137.366666667
133.813559322
133.9
133.25
134.7
109.95
133.05
130.237288136
127.366666667
131.516666667
147.733333333
122.55
113.566666667
141.677966102
204.283018868
--END OF 9--
12.0847457627
6.51666666667
9.7
9.26666666667
9.18333333333
10.6833333333
11.3166666667
13.6779661017
11.2
7.81666666667
8.08333333333
7.0
12.55
12.1525423729
9.35
7.8
9.28333333333
9.63333333333
9.23333333333
10.4745762712
9.35
6.06666666667
8.03333333333
9.5
8.45762711864
4.95
7.56666666667
6.18333333333
7.0
5.91666666667
3.89830508475
6.78333333333
10.1333333333
9.95
7.75
5.83050847458
6.31666666667
5.96666666667
5.53333333333
6.26666666667
11.05
6.84745762712
6.88333333333
3.78333333333
6.96666666667
11.7666666667
11.4406779661
7.25
9.5
4.46666666667
8.25
7.7
3.25423728814
10.5333333333
4.53333333333
7.48333333333
7.1
6.91666666667
8.05084745763
12.8301886792
--END OF 10--
2.66101694915
1.68333333333
1.45
0.966666666667
1.25
2.65
1.13333333333
1.71186440678
2.23333333333
1.61666666667
1.28333333333
1.33333333333
1.48333333333
2.05084745763
1.35
1.01666666667
1.81666666667
0.983333333333
1.93333333333
2.06779661017
1.33333333333
0.266666666667
1.06666666667
0.766666666667
2.91525423729
0.633333333333
1.23333333333
0.766666666667
1.16666666667
1.13333333333
0.338983050847
0.466666666667
0.783333333333
0.95
0.383333333333
0.932203389831
1.16666666667
0.633333333333
1.6
0.783333333333
0.75
0.389830508475
2.08333333333
0.0333333333333
0.0666666666667
1.36666666667
1.38983050847
1.7
3.25
1.21666666667
2.45
0.25
0.0
1.73333333333
0.533333333333
1.45
0.05
0.483333333333
0.593220338983
1.2641509434
--END OF 11--
1.0
0.216666666667
0.583333333333
0.416666666667
0.5
0.0
0.0833333333333
0.220338983051
0.816666666667
0.183333333333
0.0
0.5
0.266666666667
0.745762711864
0.0
0.0
0.816666666667
0.483333333333
0.866666666667
0.0
0.0
0.0
0.5
0.0
1.38983050847
0.133333333333
0.0
0.0
0.0
0.0
0.0
0.233333333333
0.0
0.0
0.0
0.237288135593
0.666666666667
0.5
0.0
0.216666666667
0.216666666667
0.322033898305
0.683333333333
0.0
0.0
0.316666666667
0.186440677966
0.5
0.25
0.0833333333333
0.0
0.0
0.0
0.2
0.0
0.0
0.0
0.0
0.0
0.339622641509
--END OF 12--
