18.3833333333
19.2
17.8
19.9152542373
17.6666666667
19.2666666667
19.5833333333
19.1
18.2666666667
17.7118644068
18.6
18.85
20.7
18.2333333333
18.4
18.1016949153
18.9166666667
19.3
18.75
19.4833333333
18.9333333333
19.2203389831
18.85
18.7333333333
19.4666666667
20.2833333333
20.0
20.0338983051
20.4833333333
18.75
19.0166666667
19.2166666667
18.0508474576
20.1
19.6
20.2
19.6333333333
19.2833333333
20.1525423729
20.65
20.8166666667
20.5833333333
19.4333333333
20.8474576271
19.9333333333
19.95
20.0333333333
19.2166666667
20.25
20.0
20.2833333333
20.3833333333
19.7
18.6333333333
19.9491525424
19.5666666667
20.9166666667
19.7
19.6
18.3859649123
--END OF 1--
25.7166666667
26.0
24.8
26.406779661
24.75
26.0333333333
26.3333333333
26.0
25.4666666667
24.8983050847
25.4666666667
25.6166666667
26.9
24.3
26.7333333333
25.5593220339
26.6166666667
25.95
25.2
26.6833333333
25.85
26.4576271186
26.45
26.0
27.1
26.0333333333
27.4666666667
26.6610169492
26.9333333333
26.0833333333
26.7
28.15
25.2542372881
26.6
27.35
26.55
26.35
27.5166666667
26.6101694915
28.3666666667
27.65
28.6666666667
26.9
28.6779661017
27.6666666667
26.6666666667
28.7
26.6333333333
27.65
28.2711864407
28.5833333333
28.5333333333
29.0166666667
25.95
27.1186440678
26.7166666667
28.4166666667
27.3
25.7333333333
24.9649122807
--END OF 2--
27.45
26.5166666667
25.5
27.1525423729
26.0666666667
26.4166666667
28.4666666667
26.7666666667
27.05
25.6949152542
26.15
26.9833333333
27.1666666667
25.7
28.4833333333
26.1525423729
27.6333333333
26.3
25.9
27.4833333333
26.75
28.3389830508
27.4333333333
26.6166666667
28.5166666667
27.2166666667
28.5166666667
28.4576271186
27.45
27.8666666667
27.7666666667
29.15
26.1355932203
26.9
28.0
27.1
26.6
28.3166666667
27.3050847458
28.5333333333
28.6166666667
29.4
27.85
30.0677966102
28.6666666667
27.9333333333
30.15
27.0
28.1666666667
29.4406779661
29.3833333333
29.2333333333
29.7333333333
26.8833333333
28.0169491525
27.8
29.1333333333
28.0666666667
26.7833333333
27.1754385965
--END OF 3--
18.3833333333
19.0
17.8
19.5084745763
17.6666666667
19.1666666667
19.4
19.1
18.2666666667
17.7118644068
18.6
18.85
20.1333333333
18.2
18.4
18.1016949153
18.9
19.3
18.75
19.4833333333
18.9333333333
19.0677966102
18.85
18.6666666667
19.3666666667
19.75
19.6333333333
19.9322033898
20.0333333333
18.75
18.85
18.8
18.0508474576
19.9
19.4
19.95
19.5333333333
19.2
19.8474576271
20.05
20.2833333333
20.1666666667
19.4333333333
20.0338983051
19.8333333333
19.6833333333
19.75
19.2166666667
19.75
19.7457627119
19.8333333333
19.7333333333
19.4
18.5333333333
19.593220339
19.4833333333
20.0166666667
19.3833333333
19.55
18.2280701754
--END OF 4--
25.7166666667
26.0
24.8
26.406779661
24.75
26.0333333333
26.3333333333
26.0
25.4666666667
24.8983050847
25.4666666667
25.6166666667
26.9
24.3
26.7333333333
25.5593220339
26.6166666667
25.95
25.2
26.6833333333
25.85
26.4576271186
26.45
26.0
27.1
26.0333333333
27.4666666667
26.6610169492
26.9333333333
26.0833333333
26.7
27.85
25.2542372881
26.6
27.35
26.55
26.35
27.5166666667
26.6101694915
28.3666666667
27.5166666667
28.65
26.9
28.6779661017
27.6666666667
26.6666666667
28.65
26.6333333333
27.65
28.2711864407
28.5333333333
28.4333333333
28.8666666667
25.9333333333
27.1186440678
26.7166666667
28.4166666667
27.3
25.7333333333
24.9649122807
--END OF 5--
27.45
26.5166666667
25.5
27.1525423729
26.0666666667
26.4166666667
28.4666666667
26.7666666667
27.05
25.6949152542
26.15
26.9833333333
27.1666666667
25.7
28.4833333333
26.1525423729
27.6333333333
26.3
25.9
27.4833333333
26.75
28.3389830508
27.4333333333
26.6166666667
28.5166666667
27.2166666667
28.5166666667
28.4576271186
27.45
27.8666666667
27.7666666667
29.15
26.1355932203
26.9
28.0
27.1
26.6
28.3166666667
27.3050847458
28.5333333333
28.6166666667
29.4
27.85
30.0677966102
28.6666666667
27.9333333333
30.15
27.0
28.1666666667
29.4406779661
29.3833333333
29.2333333333
29.7333333333
26.8833333333
28.0169491525
27.8
29.1333333333
28.0666666667
26.7833333333
27.1754385965
--END OF 6--
3604.2
3517.95
3381.6
3634.01694915
3377.95
3565.8
3614.05
3524.0
3411.65
3517.42372881
3528.8
3490.35
3767.85
3393.7
3513.45
3528.15254237
3571.7
3580.2
3585.0
3659.55
3520.85
3618.55932203
3529.3
3602.55
3612.95
3571.65
3633.55
3698.74576271
3724.55
3537.95
3626.85
3683.8
3517.06779661
3684.75
3618.9
3735.15
3645.0
3724.55
3766.42372881
3796.7
3764.2
3834.65
3612.85
3766.57627119
3726.15
3710.25
3705.7
3596.9
3815.15
3749.74576271
3741.75
3808.2
3805.2
3642.05
3702.30508475
3650.15
3784.25
3629.85
3605.2
3575.52631579
--END OF 7--
1005.11666667
982.083333333
939.0
1010.59322034
937.333333333
994.916666667
1004.88333333
988.35
956.066666667
961.711864407
994.466666667
980.55
1048.23333333
958.35
979.05
992.186440678
1006.56666667
988.65
993.9
1009.7
995.05
1016.62711864
1000.53333333
1007.3
1000.96666667
1018.51666667
1022.95
1032.84745763
1038.46666667
985.666666667
1018.71666667
1033.15
981.728813559
1037.95
1002.95
1021.65
1011.53333333
1020.05
1036.20338983
1057.4
1065.25
1060.68333333
1013.03333333
1070.50847458
1038.1
1020.58333333
1041.43333333
992.933333333
1049.33333333
1059.47457627
1039.35
1057.6
1060.65
1008.4
1037.25423729
1024.65
1055.23333333
1026.7
1000.51666667
988.210526316
--END OF 8--
143.166666667
155.683333333
145.9
147.881355932
139.233333333
137.083333333
151.516666667
148.716666667
146.433333333
148.762711864
156.533333333
136.866666667
142.233333333
130.9
143.7
148.254237288
155.1
134.9
139.55
154.35
141.366666667
160.084745763
171.95
150.066666667
153.0
141.433333333
159.666666667
147.101694915
143.733333333
153.883333333
147.166666667
166.083333333
146.322033898
143.55
148.9
135.55
135.416666667
167.05
147.288135593
168.616666667
156.35
149.833333333
152.183333333
167.101694915
159.566666667
146.0
171.0
132.583333333
156.65
165.169491525
157.35
160.1
177.7
159.033333333
159.661016949
161.15
161.783333333
148.5
133.383333333
136.105263158
--END OF 9--
8.26666666667
4.7
5.5
5.69491525424
10.2333333333
6.0
9.61666666667
4.46666666667
9.41666666667
5.5593220339
3.58333333333
8.36666666667
3.1
6.11666666667
13.9666666667
7.22033898305
8.35
6.05
3.1
7.2
8.5
6.86440677966
4.7
5.2
9.05
5.46666666667
8.35
5.1186440678
6.35
9.08333333333
8.16666666667
8.7
5.1186440678
4.05
8.5
6.65
2.95
7.05
4.98305084746
6.38333333333
7.21666666667
9.98333333333
6.25
6.54237288136
6.76666666667
6.78333333333
11.6333333333
7.36666666667
7.86666666667
5.93220338983
8.95
5.6
7.51666666667
5.43333333333
5.37288135593
5.81666666667
7.73333333333
6.11666666667
4.46666666667
8.78947368421
--END OF 10--
1.6
0.516666666667
1.0
0.745762711864
1.75
0.633333333333
2.58333333333
1.1
1.78333333333
1.0
0.95
2.05
0.366666666667
1.66666666667
2.25
0.423728813559
1.73333333333
0.0
0.85
1.15
0.9
2.74576271186
1.5
0.833333333333
2.51666666667
2.0
1.9
3.20338983051
0.916666666667
2.98333333333
1.61666666667
1.53333333333
0.830508474576
0.3
0.7
0.8
0.0
1.06666666667
0.440677966102
0.35
0.966666666667
1.25
1.23333333333
2.66101694915
2.01666666667
2.0
1.83333333333
0.366666666667
0.466666666667
1.79661016949
1.25
0.95
0.983333333333
1.31666666667
1.54237288136
1.91666666667
0.766666666667
0.733333333333
1.56666666667
3.47368421053
--END OF 11--
0.85
0.0
0.0
0.0
0.0
0.0
0.5
0.0
0.333333333333
0.508474576271
0.95
0.55
0.0
0.5
0.0
0.152542372881
0.55
0.0
0.35
0.15
0.0
1.01694915254
0.25
0.216666666667
0.2
0.0
0.0
0.0
0.0
0.0
0.0
0.0
0.508474576271
0.0
0.0
0.0
0.0
0.2
0.0
0.0
0.0
0.5
0.133333333333
0.372881355932
0.0
0.0
0.633333333333
0.366666666667
0.466666666667
0.576271186441
0.0
0.0
0.3
0.0
0.0
0.166666666667
0.266666666667
0.733333333333
0.0
1.36842105263
--END OF 12--
