17.5166666667
18.6333333333
17.75
18.2666666667
17.9666666667
16.8644067797
17.3666666667
16.4833333333
17.65
18.2
18.2666666667
17.6101694915
17.9833333333
19.35
18.9833333333
17.8666666667
17.6833333333
18.3220338983
17.95
18.7666666667
18.3
17.75
17.1694915254
17.6333333333
17.0
18.6
18.5
18.0666666667
18.3559322034
18.5666666667
18.8833333333
17.9
17.1833333333
18.1833333333
18.2033898305
18.3833333333
17.8666666667
17.65
18.85
18.5593220339
18.4
17.4166666667
19.15
18.6166666667
18.5166666667
18.0677966102
19.8166666667
17.7666666667
18.4166666667
18.4166666667
19.2203389831
18.25
18.0833333333
18.6666666667
18.2333333333
19.3833333333
19.3898305085
18.4833333333
19.0833333333
17.4807692308
--END OF 1--
23.2833333333
24.4666666667
25.05
24.25
24.3333333333
22.0
23.6666666667
24.2333333333
24.1
23.4
23.9833333333
24.9661016949
23.8666666667
26.05
26.5666666667
24.8833333333
23.8833333333
23.8305084746
25.3166666667
24.4333333333
24.1333333333
23.8833333333
24.813559322
24.7333333333
24.2
24.15
24.7
24.2
23.4915254237
22.9
26.1166666667
25.0166666667
24.3833333333
24.7333333333
23.6949152542
24.3833333333
23.8166666667
23.95
24.4666666667
25.7118644068
24.3
23.5833333333
25.8166666667
25.3833333333
24.7833333333
24.1186440678
26.5666666667
24.6166666667
23.5666666667
26.0166666667
26.7796610169
24.7833333333
24.1833333333
24.3333333333
24.5666666667
25.5833333333
25.3898305085
25.0833333333
25.9333333333
23.5192307692
--END OF 2--
23.9833333333
24.85
26.4333333333
25.2333333333
24.7166666667
23.2542372881
25.0666666667
24.9333333333
24.15
24.9166666667
24.8833333333
25.7457627119
24.9666666667
27.2333333333
27.2166666667
26.2
24.3166666667
24.0338983051
26.3666666667
25.6166666667
25.1166666667
24.2666666667
25.6610169492
26.2833333333
25.35
24.5
25.25
24.7166666667
25.2203389831
23.2
26.7666666667
25.2333333333
24.7333333333
25.3666666667
24.6779661017
25.1
24.15
24.45
24.9333333333
26.2203389831
25.0
25.05
26.9333333333
26.5166666667
25.1166666667
25.6440677966
27.05
25.1833333333
24.1833333333
27.3
27.7118644068
25.9
24.35
25.1666666667
25.9166666667
25.75
26.8474576271
25.9333333333
26.9833333333
24.2884615385
--END OF 3--
17.5166666667
18.6333333333
17.75
18.2666666667
17.9666666667
16.8644067797
17.3666666667
16.4833333333
17.65
18.2
18.25
17.6101694915
17.9833333333
19.35
18.9833333333
17.8666666667
17.6833333333
18.3220338983
17.95
18.7166666667
18.3
17.75
17.1694915254
17.6333333333
17.0
18.45
18.5
18.0666666667
18.3559322034
18.5166666667
18.8833333333
17.9
17.1833333333
18.1833333333
17.9322033898
18.3
17.8666666667
17.65
18.85
18.5593220339
18.4
17.4166666667
19.0166666667
18.3666666667
18.5166666667
18.0677966102
19.6333333333
17.75
18.4166666667
18.4166666667
19.2033898305
18.25
18.0833333333
18.6166666667
18.2333333333
19.2833333333
19.3898305085
18.4833333333
18.9333333333
17.4807692308
--END OF 4--
23.2833333333
24.4666666667
25.05
24.25
24.3333333333
22.0
23.6666666667
24.2333333333
24.1
23.4
23.9833333333
24.9661016949
23.8666666667
26.05
26.5666666667
24.8833333333
23.8833333333
23.8305084746
25.3166666667
24.4333333333
24.1333333333
23.8833333333
24.813559322
24.7333333333
24.2
24.15
24.7
24.2
23.4915254237
22.9
26.1166666667
25.0166666667
24.3833333333
24.7333333333
23.6949152542
24.3833333333
23.8166666667
23.95
24.4666666667
25.7118644068
24.3
23.5833333333
25.8166666667
25.3833333333
24.7833333333
24.1186440678
26.5666666667
24.6166666667
23.5666666667
26.0166666667
26.7796610169
24.7833333333
24.1833333333
24.3333333333
24.5666666667
25.5833333333
25.3898305085
25.0833333333
25.9333333333
23.5192307692
--END OF 5--
23.9833333333
24.85
26.4333333333
25.2333333333
24.7166666667
23.2542372881
25.0666666667
24.9333333333
24.15
24.9166666667
24.8833333333
25.7457627119
24.9666666667
27.2333333333
27.2166666667
26.2
24.3166666667
24.0338983051
26.3666666667
25.6166666667
25.1166666667
24.2666666667
25.6610169492
26.2833333333
25.35
24.5
25.25
24.7166666667
25.2203389831
23.2
26.7666666667
25.2333333333
24.7333333333
25.3666666667
24.6779661017
25.1
24.15
24.45
24.9333333333
26.2203389831
25.0
25.05
26.9333333333
26.5166666667
25.1166666667
25.6440677966
27.05
25.1833333333
24.1833333333
27.3
27.7118644068
25.9
24.35
25.1666666667
25.9166666667
25.75
26.8474576271
25.9333333333
26.9833333333
24.2884615385
--END OF 6--
3203.75
3324.35
3367.05
3327.6
3396.4
3147.30508475
3363.75
3354.45
3340.2
3384.75
3375.7
3406.98305085
3286.25
3497.1
3534.2
3308.7
3284.0
3368.94915254
3416.6
3416.75
3353.3
3275.3
3356.74576271
3577.5
3364.5
3522.45
3398.1
3376.4
3368.74576271
3300.05
3399.8
3484.65
3310.2
3411.45
3373.16949153
3489.8
3364.65
3370.7
3445.65
3430.98305085
3326.1
3289.05
3604.15
3502.5
3482.2
3384.76271186
3617.7
3364.45
3414.35
3380.35
3567.10169492
3469.8
3376.45
3397.75
3431.15
3584.85
3581.69491525
3350.25
3531.6
3215.82692308
--END OF 7--
888.716666667
947.75
943.85
940.816666667
929.383333333
880.762711864
917.6
921.0
913.55
929.95
931.483333333
952.13559322
925.416666667
979.266666667
977.533333333
928.266666667
922.116666667
938.779661017
960.583333333
938.733333333
939.75
922.016666667
925.338983051
984.0
930.85
991.5
963.1
933.183333333
939.101694915
940.25
968.183333333
946.933333333
918.75
955.833333333
950.203389831
972.583333333
937.483333333
939.516666667
963.3
951.084745763
937.9
910.066666667
997.666666667
978.466666667
945.083333333
943.220338983
999.9
928.816666667
944.466666667
961.35
999.813559322
956.5
948.883333333
959.716666667
945.966666667
997.533333333
999.542372881
955.7
988.0
889.192307692
--END OF 8--
136.9
128.366666667
163.933333333
140.766666667
144.333333333
119.084745763
145.0
149.25
133.7
136.366666667
135.266666667
141.305084746
124.866666667
145.4
169.216666667
147.7
141.95
137.118644068
148.966666667
139.6
138.8
146.783333333
146.915254237
147.65
150.85
134.8
133.4
135.883333333
126.847457627
117.466666667
160.933333333
140.85
137.95
136.55
129.610169492
141.066666667
131.783333333
139.366666667
127.283333333
146.101694915
123.75
129.3
139.6
149.933333333
137.0
136.762711864
154.316666667
133.216666667
117.266666667
152.516666667
153.898305085
128.766666667
144.9
135.816666667
138.15
134.833333333
140.610169492
152.6
144.8
138.365384615
--END OF 9--
4.28333333333
2.88333333333
7.16666666667
4.88333333333
3.31666666667
5.62711864407
8.8
7.05
5.3
3.91666666667
4.56666666667
7.64406779661
8.23333333333
6.0
5.08333333333
7.21666666667
2.8
2.01694915254
5.31666666667
5.85
5.6
2.91666666667
5.81355932203
6.75
4.7
3.8
7.45
6.3
6.06779661017
0.866666666667
6.78333333333
6.28333333333
5.03333333333
6.53333333333
5.42372881356
3.91666666667
3.9
4.31666666667
2.58333333333
5.72881355932
4.8
8.98333333333
5.65
5.1
4.95
3.72881355932
3.56666666667
5.96666666667
3.53333333333
9.33333333333
5.69491525424
5.86666666667
3.1
5.4
8.38333333333
4.16666666667
4.69491525424
5.35
6.75
4.80769230769
--END OF 10--
0.85
0.833333333333
2.36666666667
0.366666666667
0.483333333333
1.71186440678
1.5
0.7
0.0
2.41666666667
1.05
1.23728813559
1.75
1.65
0.716666666667
1.61666666667
0.75
0.0
1.06666666667
1.05
1.3
0.133333333333
1.49152542373
2.5
1.55
0.6
0.4
0.316666666667
2.1186440678
0.55
0.466666666667
0.316666666667
0.466666666667
1.05
0.966101694915
0.816666666667
0.683333333333
0.516666666667
0.716666666667
0.881355932203
0.5
2.51666666667
1.95
1.6
0.5
2.52542372881
0.6
0.416666666667
0.416666666667
1.71666666667
1.49152542373
1.76666666667
0.166666666667
0.833333333333
1.91666666667
0.4
1.71186440678
0.85
0.65
0.942307692308
--END OF 11--
0.0
0.0
0.0
0.0166666666667
0.216666666667
0.0
0.0
0.0
0.0
0.366666666667
0.0
0.203389830508
0.0
0.833333333333
0.166666666667
0.483333333333
0.0166666666667
0.0
0.0
0.116666666667
0.383333333333
0.0
0.0
0.0
0.0
0.0
0.0
0.166666666667
1.01694915254
0.0
0.0
0.0
0.0
0.233333333333
0.779661016949
0.5
0.0
0.516666666667
0.483333333333
0.169491525424
0.5
0.0
0.116666666667
0.05
0.0
0.508474576271
0.0
0.0
0.0833333333333
0.916666666667
0.474576271186
0.3
0.166666666667
0.333333333333
1.5
0.0
1.52542372881
0.5
0.0
0.576923076923
--END OF 12--
