17.7666666667
16.75
18.3166666667
17.5593220339
16.1166666667
17.55
16.7666666667
18.2
17.45
17.9152542373
17.9833333333
16.1
17.8
16.85
16.95
17.3389830508
17.9333333333
16.2
16.8666666667
17.4666666667
16.8305084746
17.3166666667
17.85
16.2333333333
17.55
16.4745762712
17.7
17.45
17.7
15.8
17.9322033898
16.2166666667
17.0666666667
17.9833333333
16.6666666667
16.8305084746
16.6
16.4666666667
16.6833333333
16.6833333333
16.3728813559
16.3166666667
16.0833333333
15.7333333333
16.2
16.2033898305
16.6833333333
16.0
16.2333333333
16.05
16.7288135593
16.65
16.9833333333
16.0333333333
16.3833333333
16.6779661017
15.0833333333
16.5666666667
16.15
16.8813559322
--END OF 1--
26.1833333333
23.2166666667
25.6
25.4237288136
23.6333333333
24.3166666667
22.1333333333
24.7333333333
24.1166666667
25.4915254237
25.4833333333
23.15
24.95
23.05
23.7
23.406779661
25.15
23.9333333333
23.2333333333
25.6166666667
25.1525423729
24.05
24.9166666667
23.0333333333
23.9666666667
23.9152542373
24.6
23.4
25.55
23.35
26.4576271186
23.25
24.0
25.3833333333
23.6166666667
23.7796610169
23.8833333333
22.1833333333
23.25
24.55
23.0508474576
22.1666666667
22.1833333333
22.5666666667
22.9333333333
23.0508474576
24.8666666667
22.3333333333
22.0333333333
23.4166666667
23.3389830508
24.4333333333
23.4
22.55
23.8166666667
23.2711864407
22.1833333333
23.1666666667
23.65
25.5423728814
--END OF 2--
27.9166666667
23.6166666667
25.75
27.2033898305
24.2833333333
25.2333333333
22.9666666667
25.7166666667
25.1166666667
26.7118644068
26.5833333333
23.55
25.4
25.2333333333
23.9
24.7288135593
25.7833333333
25.7166666667
24.1833333333
26.0666666667
26.0338983051
24.4833333333
25.4833333333
23.5833333333
24.75
24.9322033898
25.6
24.2
26.15
24.35
27.6440677966
24.4666666667
24.8
25.9333333333
24.7833333333
24.9661016949
25.9
23.0166666667
23.8
25.3166666667
23.6271186441
23.2666666667
22.2833333333
22.8166666667
23.6833333333
23.6949152542
26.4
23.65
22.4166666667
24.2166666667
24.6271186441
25.3666666667
24.35
24.0
25.25
24.5254237288
23.1333333333
25.2666666667
23.95
27.6779661017
--END OF 3--
17.7666666667
16.75
18.3166666667
17.5593220339
16.1166666667
17.55
16.7666666667
18.2
17.45
17.9152542373
17.9833333333
16.1
17.8
16.85
16.95
17.3389830508
17.9333333333
16.2
16.8666666667
17.4666666667
16.8305084746
17.3166666667
17.85
16.2333333333
17.55
16.4745762712
17.7
17.45
17.7
15.8
17.9322033898
16.2166666667
17.0666666667
17.9833333333
16.6666666667
16.8305084746
16.6
16.4666666667
16.6833333333
16.6833333333
16.3728813559
16.3166666667
16.0833333333
15.7333333333
16.2
16.2033898305
16.6833333333
16.0
16.2333333333
16.05
16.7288135593
16.65
16.9833333333
16.0333333333
16.3833333333
16.6779661017
15.0833333333
16.5666666667
16.15
16.8813559322
--END OF 4--
26.1833333333
23.2166666667
25.6
25.4237288136
23.6333333333
24.3166666667
22.1333333333
24.7333333333
24.1166666667
25.4915254237
25.4833333333
23.15
24.95
23.05
23.7
23.406779661
25.15
23.9333333333
23.2333333333
25.6166666667
25.1525423729
24.05
24.9166666667
23.0333333333
23.9666666667
23.9152542373
24.6
23.4
25.55
23.35
26.4576271186
23.25
24.0
25.3833333333
23.6166666667
23.7796610169
23.8833333333
22.1833333333
23.25
24.55
23.0508474576
22.1666666667
22.1833333333
22.5666666667
22.9333333333
23.0508474576
24.8666666667
22.3333333333
22.0333333333
23.4166666667
23.3389830508
24.4333333333
23.4
22.55
23.8166666667
23.2711864407
22.1833333333
23.1666666667
23.65
25.5423728814
--END OF 5--
27.9166666667
23.6166666667
25.75
27.2033898305
24.2833333333
25.2333333333
22.9666666667
25.7166666667
25.1166666667
26.7118644068
26.5833333333
23.55
25.4
25.2333333333
23.9
24.7288135593
25.7833333333
25.7166666667
24.1833333333
26.0666666667
26.0338983051
24.4833333333
25.4833333333
23.5833333333
24.75
24.9322033898
25.6
24.2
26.15
24.35
27.6440677966
24.4666666667
24.8
25.9333333333
24.7833333333
24.9661016949
25.9
23.0166666667
23.8
25.3166666667
23.6271186441
23.2666666667
22.2833333333
22.8166666667
23.6833333333
23.6949152542
26.4
23.65
22.4166666667
24.2166666667
24.6271186441
25.3666666667
24.35
24.0
25.25
24.5254237288
23.1333333333
25.2666666667
23.95
27.6779661017
--END OF 6--
3312.7
3046.7
3340.2
3388.72881356
3139.5
3317.05
3129.3
3244.35
3255.25
3384.0
3379.5
3103.65
3323.55
3158.85
3252.3
3277.93220339
3430.65
3186.2
3108.3
3247.85
3132.40677966
3126.7
3252.1
3147.0
3275.95
3047.13559322
3298.2
3224.25
3310.8
3049.35
3442.06779661
3106.85
3198.55
3353.75
3197.65
3182.54237288
3178.2
3102.8
3191.25
3302.85
3160.11864407
3099.9
3079.35
3153.35
3066.7
3045.96610169
3146.75
3003.35
3042.5
3040.25
3224.33898305
3177.75
3299.45
3150.75
3126.6
3069.15254237
2888.25
3024.45
3102.75
3136.62711864
--END OF 7--
936.116666667
858.466666667
940.516666667
955.152542373
877.983333333
930.4
873.55
919.516666667
899.65
935.983050847
935.6
859.8
941.1
886.083333333
912.65
928.915254237
954.0
882.916666667
864.983333333
906.1
888.813559322
885.733333333
929.333333333
868.766666667
914.516666667
867.186440678
920.75
897.0
921.9
846.1
960.13559322
873.75
893.7
925.283333333
897.933333333
894.372881356
895.216666667
867.533333333
885.0
919.7
878.152542373
858.5
857.1
876.083333333
844.366666667
847.610169492
883.9
833.45
855.85
846.083333333
874.474576271
886.083333333
910.633333333
858.816666667
868.916666667
873.86440678
803.3
862.85
868.95
894.576271186
--END OF 8--
160.316666667
138.983333333
159.083333333
139.288135593
144.6
136.95
121.45
150.1
126.05
142.508474576
149.8
141.55
145.7
130.683333333
135.55
136.627118644
147.533333333
139.883333333
135.35
155.35
143.779661017
153.833333333
151.7
139.183333333
134.866666667
155.152542373
155.65
139.65
151.9
139.3
161.220338983
151.05
135.983333333
137.133333333
141.85
137.525423729
146.516666667
125.833333333
126.85
149.916666667
135.372881356
122.5
123.1
137.133333333
130.9
142.86440678
157.883333333
127.066666667
119.45
128.133333333
142.13559322
152.0
135.716666667
138.9
157.533333333
142.355932203
138.1
139.6
137.1
155.694915254
--END OF 9--
10.95
5.23333333333
3.68333333333
11.7627118644
6.6
5.73333333333
1.93333333333
6.16666666667
6.7
7.08474576271
6.7
4.95
5.4
8.3
5.3
6.40677966102
4.33333333333
9.13333333333
6.53333333333
7.28333333333
8.1186440678
3.65
5.63333333333
3.91666666667
3.36666666667
6.50847457627
7.65
4.75
7.25
8.2
9.08474576271
3.8
9.63333333333
9.55
5.18333333333
8.28813559322
7.26666666667
4.66666666667
4.31666666667
5.96666666667
5.59322033898
6.55
4.95
4.06666666667
7.38333333333
5.59322033898
8.11666666667
6.98333333333
5.11666666667
11.7166666667
8.98305084746
9.56666666667
6.53333333333
7.78333333333
8.18333333333
6.25423728814
5.9
7.1
8.05
16.9322033898
--END OF 10--
2.05
0.266666666667
0.0333333333333
2.25423728814
0.516666666667
1.13333333333
1.53333333333
1.66666666667
1.45
2.18644067797
1.55
0.85
0.6
3.33333333333
0.0
2.03389830508
0.766666666667
2.28333333333
1.5
0.7
1.47457627119
0.566666666667
0.566666666667
0.216666666667
0.766666666667
1.47457627119
0.5
1.5
1.0
1.1
1.83050847458
1.58333333333
0.85
0.666666666667
0.833333333333
1.30508474576
3.63333333333
1.46666666667
0.383333333333
0.633333333333
0.525423728814
0.85
0.0
0.0
1.25
0.796610169492
1.93333333333
1.66666666667
0.333333333333
0.85
1.86440677966
1.33333333333
1.53333333333
1.65
1.68333333333
2.16949152542
1.15
3.25
0.75
3.89830508475
--END OF 11--
1.05
0.266666666667
0.0
0.423728813559
0.0833333333333
0.266666666667
0.233333333333
0.0
0.0
0.101694915254
0.9
0.0
0.5
0.7
0.0
0.0
0.0
0.8
0.483333333333
0.0166666666667
0.0
0.0
0.0
0.0
0.15
0.0169491525424
0.0
0.0
0.0
0.0
0.0
0.5
0.0
0.0
0.0
0.508474576271
0.0
0.0
0.0
0.0
0.0
0.0
0.0
0.0
0.45
0.0
0.533333333333
1.66666666667
0.0
0.0
0.389830508475
0.616666666667
0.0
0.166666666667
0.833333333333
0.0
0.5
0.5
0.0
0.186440677966
--END OF 12--
