16.9666666667
16.406779661
16.6
16.1333333333
15.85
16.3166666667
15.5833333333
16.0847457627
16.75
16.4166666667
17.1833333333
16.9166666667
17.6666666667
15.7796610169
17.1
17.0333333333
15.7833333333
17.0
16.3333333333
17.6610169492
16.7833333333
17.9833333333
17.6166666667
17.4
16.6949152542
17.1833333333
16.2166666667
17.65
16.2333333333
16.4166666667
16.3050847458
15.85
16.7333333333
17.6333333333
15.3833333333
17.186440678
15.6833333333
16.2166666667
16.0166666667
15.9833333333
16.8983050847
16.35
16.3333333333
16.3666666667
16.55
17.2333333333
16.6440677966
16.2166666667
15.6333333333
16.7333333333
15.5333333333
15.9661016949
16.4833333333
16.8166666667
16.2833333333
16.9
16.45
16.1525423729
17.85
16.1929824561
--END OF 1--
23.1166666667
22.7457627119
22.5333333333
21.9333333333
21.7
21.8166666667
21.1666666667
22.1694915254
22.5666666667
22.1833333333
22.0666666667
22.5833333333
23.8333333333
22.7457627119
22.9666666667
23.0833333333
21.8833333333
23.7
21.7833333333
23.0169491525
23.1
24.8833333333
23.8666666667
23.9
23.0847457627
23.5833333333
21.9166666667
23.8166666667
23.2166666667
22.5666666667
22.406779661
22.7
22.5833333333
24.6333333333
20.9333333333
23.8644067797
20.4
22.7166666667
22.8833333333
22.1333333333
22.4406779661
22.5333333333
23.1333333333
22.8666666667
21.6666666667
22.5
22.8474576271
22.6666666667
21.9833333333
22.9333333333
20.9833333333
21.9322033898
22.4666666667
23.0666666667
22.0333333333
22.9666666667
22.4
21.7796610169
23.7833333333
22.8771929825
--END OF 2--
24.6666666667
23.5423728814
23.1333333333
22.7833333333
22.2
22.55
22.4666666667
22.4237288136
23.2166666667
23.1666666667
22.4333333333
23.2833333333
24.2
23.8983050847
23.6166666667
23.3833333333
23.1833333333
24.5
22.8333333333
23.4237288136
24.2333333333
26.5333333333
24.7666666667
24.35
23.813559322
24.5
22.1
24.4333333333
24.1166666667
23.9666666667
23.2542372881
23.45
23.9333333333
25.1333333333
22.6833333333
24.7796610169
21.7166666667
24.0833333333
23.5333333333
22.75
24.2203389831
23.5166666667
24.3666666667
23.9
22.3666666667
22.5333333333
23.9152542373
23.0
22.5833333333
23.8833333333
21.0833333333
23.186440678
23.1166666667
23.7833333333
22.4333333333
23.9
22.8
22.6440677966
24.6333333333
23.701754386
--END OF 3--
16.9666666667
16.406779661
16.6
16.1333333333
15.85
16.3166666667
15.5833333333
16.0847457627
16.75
16.4166666667
17.1833333333
16.9166666667
17.6666666667
15.7796610169
17.1
17.0333333333
15.7833333333
17.0
16.3333333333
17.6610169492
16.7833333333
17.9833333333
17.6166666667
17.4
16.6949152542
17.1833333333
16.2166666667
17.65
16.2333333333
16.4166666667
16.3050847458
15.85
16.7333333333
17.6333333333
15.3833333333
17.186440678
15.6833333333
16.2166666667
16.0166666667
15.9833333333
16.8983050847
16.35
16.3333333333
16.3666666667
16.55
17.2333333333
16.6440677966
16.2166666667
15.6333333333
16.7333333333
15.5333333333
15.9661016949
16.4833333333
16.8166666667
16.2833333333
16.9
16.45
16.1525423729
17.85
16.1929824561
--END OF 4--
23.1166666667
22.7457627119
22.5333333333
21.9333333333
21.7
21.8166666667
21.1666666667
22.1694915254
22.5666666667
22.1833333333
22.0666666667
22.5833333333
23.8333333333
22.7457627119
22.9666666667
23.0833333333
21.8833333333
23.7
21.7833333333
23.0169491525
23.1
24.8833333333
23.8666666667
23.9
23.0847457627
23.5833333333
21.9166666667
23.8166666667
23.2166666667
22.5666666667
22.406779661
22.7
22.5833333333
24.6333333333
20.9333333333
23.8644067797
20.4
22.7166666667
22.8833333333
22.1333333333
22.4406779661
22.5333333333
23.1333333333
22.8666666667
21.6666666667
22.5
22.8474576271
22.6666666667
21.9833333333
22.9333333333
20.9833333333
21.9322033898
22.4666666667
23.0666666667
22.0333333333
22.9666666667
22.4
21.7796610169
23.7833333333
22.8771929825
--END OF 5--
24.6666666667
23.5423728814
23.1333333333
22.7833333333
22.2
22.55
22.4666666667
22.4237288136
23.2166666667
23.1666666667
22.4333333333
23.2833333333
24.2
23.8983050847
23.6166666667
23.3833333333
23.1833333333
24.5
22.8333333333
23.4237288136
24.2333333333
26.5333333333
24.7666666667
24.35
23.813559322
24.5
22.1
24.4333333333
24.1166666667
23.9666666667
23.2542372881
23.45
23.9333333333
25.1333333333
22.6833333333
24.7796610169
21.7166666667
24.0833333333
23.5333333333
22.75
24.2203389831
23.5166666667
24.3666666667
23.9
22.3666666667
22.5333333333
23.9152542373
23.0
22.5833333333
23.8833333333
21.0833333333
23.186440678
23.1166666667
23.7833333333
22.4333333333
23.9
22.8
22.6440677966
24.6333333333
23.701754386
--END OF 6--
3173.55
3133.88135593
3160.3
3179.85
3140.1
3084.95
3083.55
3078.0
3094.2
3077.25
3236.45
3170.35
3199.15
2986.11864407
3143.8
3211.95
2950.95
3231.3
3114.9
3381.66101695
3195.65
3426.5
3326.3
3249.9
3139.62711864
3214.75
3033.25
3288.85
3116.35
3005.0
3048.25423729
3120.15
3120.15
3424.8
2968.05
3395.33898305
3004.65
3131.05
3112.15
3081.8
3202.72881356
3079.3
3104.25
3147.35
3027.85
3234.65
3101.13559322
3144.0
3029.55
3196.5
2896.35
3048.86440678
3140.5
3116.1
3136.65
3197.5
3091.6
3031.42372881
3299.95
3098.63157895
--END OF 7--
886.2
872.610169492
879.266666667
864.866666667
864.166666667
849.633333333
841.566666667
855.966101695
868.15
852.033333333
884.833333333
874.366666667
920.566666667
841.728813559
872.5
888.45
829.15
895.8
852.95
926.457627119
882.116666667
944.216666667
910.533333333
911.35
886.152542373
896.416666667
844.266666667
919.066666667
868.966666667
845.45
855.881355932
861.95
863.75
935.45
825.6
938.101694915
823.45
876.7
865.3
841.15
895.983050847
853.016666667
879.983333333
869.733333333
851.433333333
883.566666667
869.288135593
863.716666667
835.5
878.2
812.5
829.762711864
848.833333333
869.833333333
869.033333333
894.716666667
864.933333333
844.661016949
916.266666667
852.192982456
--END OF 8--
120.5
132.118644068
143.333333333
121.916666667
125.733333333
121.633333333
125.883333333
126.627118644
129.183333333
128.85
114.583333333
132.6
131.583333333
131.915254237
128.566666667
119.55
128.5
130.4
134.95
121.474576271
137.5
144.766666667
124.016666667
142.266666667
141.406779661
136.55
132.55
130.6
125.9
132.883333333
130.050847458
132.75
129.4
147.1
118.5
129.406779661
118.516666667
129.916666667
134.016666667
122.933333333
124.93220339
141.183333333
135.433333333
128.1
126.883333333
114.483333333
129.881355932
125.916666667
125.05
137.6
128.15
122.237288136
125.5
123.766666667
130.583333333
137.733333333
128.783333333
131.711864407
133.833333333
138.98245614
--END OF 9--
11.05
5.62711864407
3.35
4.13333333333
2.96666666667
3.68333333333
5.68333333333
4.84745762712
5.85
6.0
3.95
8.16666666667
6.16666666667
8.57627118644
5.91666666667
6.6
8.05
7.7
4.05
2.01694915254
5.01666666667
7.05
7.15
4.03333333333
3.47457627119
6.46666666667
2.71666666667
4.26666666667
7.11666666667
7.33333333333
4.30508474576
6.1
7.0
5.25
5.1
4.72881355932
4.78333333333
10.8
5.6
6.83333333333
5.15254237288
4.73333333333
6.3
6.43333333333
4.46666666667
4.23333333333
4.86440677966
3.3
5.55
4.85
2.55
7.25423728814
4.9
9.08333333333
4.75
2.61666666667
3.83333333333
4.32203389831
3.13333333333
7.71929824561
--END OF 10--
1.7
1.33898305085
0.866666666667
1.1
0.533333333333
1.48333333333
2.26666666667
0.508474576271
1.0
1.85
0.65
1.0
0.116666666667
0.898305084746
0.216666666667
0.45
1.65
1.05
1.8
0.338983050847
0.866666666667
1.68333333333
0.6
0.566666666667
1.0
0.966666666667
0.0333333333333
0.916666666667
0.916666666667
1.9
1.13559322034
0.95
2.25
0.95
2.75
1.27118644068
2.03333333333
1.36666666667
0.666666666667
1.18333333333
2.37288135593
1.58333333333
1.91666666667
1.03333333333
1.26666666667
0.116666666667
1.52542372881
0.6
0.95
0.75
0.0
1.10169491525
0.95
0.5
0.6
1.36666666667
0.433333333333
1.03389830508
1.58333333333
0.491228070175
--END OF 11--
0.0
0.0
0.0
0.0
0.0
0.0
0.5
0.0
0.0
0.216666666667
0.283333333333
0.0
0.0
0.0
0.166666666667
0.0
0.0
0.5
0.0
0.0
0.133333333333
0.366666666667
0.483333333333
0.35
0.0
0.0
0.0
0.0
0.5
0.0
0.0
0.0
0.1
0.4
0.0
0.372881355932
0.0
0.0
0.0
0.183333333333
0.830508474576
0.0
0.233333333333
0.266666666667
0.0
0.0
0.0
0.233333333333
0.0
0.5
0.0
0.593220338983
0.416666666667
0.0
0.0
0.5
0.0
0.169491525424
0.333333333333
0.0
--END OF 12--
