22.0
20.2
20.65
21.5333333333
21.1016949153
20.1166666667
19.8833333333
20.5833333333
20.4166666667
22.1166666667
21.0166666667
21.3220338983
22.0166666667
21.1833333333
21.1166666667
21.3666666667
20.3050847458
21.1333333333
21.3166666667
22.3
21.9333333333
21.85
21.0847457627
21.45
19.95
21.35
20.3
21.4
22.0847457627
22.7166666667
23.15
21.75
21.7666666667
21.1016949153
22.3666666667
22.1
22.15
23.3666666667
23.1333333333
20.5254237288
21.65
22.85
22.5833333333
22.9833333333
22.3
23.3559322034
23.8333333333
23.4166666667
23.75
22.9333333333
22.0508474576
24.5333333333
22.6333333333
22.9666666667
23.2
24.6
22.3898305085
24.4
24.25
22.1052631579
--END OF 1--
28.65
26.8333333333
28.5
29.6
27.6271186441
28.4666666667
27.4833333333
29.0833333333
28.65
29.8666666667
28.8
29.0508474576
29.2166666667
30.55
29.4166666667
28.4
27.7288135593
28.25
29.5666666667
29.2333333333
28.7
28.8
29.2372881356
28.85
28.6
29.15
28.5
30.95
30.4915254237
30.9166666667
32.2166666667
29.4666666667
29.2666666667
30.7288135593
30.1833333333
30.3333333333
31.0666666667
31.0833333333
31.75
29.0169491525
30.5
31.1
30.7166666667
31.7833333333
30.95
32.2203389831
31.5166666667
32.05
32.4333333333
32.15
29.7118644068
31.9166666667
30.3333333333
32.0833333333
32.1333333333
32.15
31.9152542373
34.7
32.95
30.4035087719
--END OF 2--
29.45
28.2666666667
30.15
30.55
28.6949152542
30.2166666667
28.2333333333
30.3833333333
29.7833333333
30.6666666667
29.4166666667
29.5423728814
30.95
31.0333333333
30.2166666667
29.6666666667
28.406779661
28.9
30.5166666667
29.4666666667
29.85
29.95
30.1016949153
29.85
29.35
29.8
29.5
32.7
32.3389830508
32.4166666667
32.7
30.0166666667
31.8833333333
31.4406779661
31.1666666667
31.6666666667
33.5166666667
31.9333333333
32.7833333333
29.6779661017
31.8
31.5
31.5166666667
32.65
31.8333333333
32.6271186441
32.9166666667
32.2333333333
33.25
32.9
30.1186440678
32.7
33.0333333333
33.45
32.6666666667
33.0333333333
34.0508474576
36.45
34.15
32.0
--END OF 3--
21.0
19.7166666667
19.9666666667
20.5
20.2542372881
19.7166666667
19.4333333333
19.8333333333
19.9333333333
21.0166666667
20.2
20.4237288136
21.0666666667
20.2166666667
20.4
20.4166666667
19.8813559322
20.2666666667
20.7333333333
21.3333333333
20.9333333333
20.85
20.3389830508
20.6
19.85
20.35
20.0
20.55
21.0338983051
21.6666666667
21.85
20.75
20.7666666667
20.3050847458
21.35
21.0666666667
20.8833333333
21.7333333333
21.7333333333
20.0338983051
20.7
21.6
21.45
21.7166666667
21.1666666667
21.8644067797
21.9666666667
21.7666666667
21.7666666667
21.6166666667
20.8983050847
22.5666666667
21.3
21.8
21.5833333333
22.45
21.2711864407
22.4
22.3
21.1052631579
--END OF 4--
28.65
26.8333333333
28.3666666667
29.2333333333
27.6271186441
28.4666666667
27.4833333333
28.7333333333
28.6166666667
29.4666666667
28.7
28.8983050847
28.9
29.9
29.25
28.3166666667
27.7288135593
28.25
29.3666666667
29.2333333333
28.7
28.7
29.2372881356
28.85
28.55
28.9
28.5
30.2
30.0
30.15
31.1166666667
29.2666666667
28.9333333333
30.0508474576
29.8833333333
29.75
30.15
30.0833333333
30.75
28.9322033898
30.0
30.35
30.15
30.9
30.3666666667
31.1525423729
30.6
30.9833333333
31.25
31.0833333333
29.3898305085
30.9
29.7333333333
31.0666666667
31.0333333333
31.15
30.7627118644
32.55
31.55
29.8771929825
--END OF 5--
29.45
28.2666666667
30.15
30.55
28.6949152542
30.2166666667
28.2333333333
30.3833333333
29.7833333333
30.6666666667
29.4166666667
29.5423728814
30.95
31.0333333333
30.2166666667
29.6666666667
28.406779661
28.9
30.5166666667
29.4666666667
29.85
29.95
30.1016949153
29.85
29.35
29.8
29.5
32.7
32.3389830508
32.4166666667
32.7
30.0166666667
31.8833333333
31.4406779661
31.1666666667
31.6666666667
33.5166666667
31.9333333333
32.7833333333
29.6779661017
31.8
31.5
31.5166666667
32.65
31.8333333333
32.6271186441
32.9166666667
32.2333333333
33.25
32.9
30.1186440678
32.7
33.0333333333
33.45
32.6666666667
33.0333333333
34.0508474576
36.45
34.15
32.0
--END OF 6--
3977.25
3751.65
3876.45
4043.3
3886.83050847
3852.45
3741.75
3898.05
3928.15
4060.65
3841.5
3858.05084746
3973.75
3929.7
4017.05
3962.75
3761.49152542
3874.65
3893.15
4071.05
3953.7
4018.65
3951.81355932
3946.35
3750.75
3919.2
3766.05
3981.6
4016.69491525
4087.6
4219.7
4006.6
4164.15
3892.22033898
4144.3
4089.9
4199.8
4237.15
4122.9
3820.27118644
4048.65
4180.05
4174.65
4205.5
4182.95
4263.66101695
4337.85
4377.15
4401.35
4227.35
4016.79661017
4298.8
4241.5
4272.55
4307.0
4397.6
4192.42372881
4470.9
4269.3
3964.36842105
--END OF 7--
1119.8
1052.25
1095.83333333
1126.16666667
1082.30508475
1073.05
1053.65
1082.4
1090.51666667
1132.8
1073.16666667
1084.98305085
1118.28333333
1104.23333333
1091.18333333
1104.11666667
1044.50847458
1072.63333333
1080.83333333
1141.78333333
1106.83333333
1104.25
1106.74576271
1108.4
1058.35
1095.5
1060.2
1128.05
1144.06779661
1133.66666667
1192.15
1120.96666667
1158.61666667
1111.0
1155.46666667
1122.93333333
1162.06666667
1203.4
1161.71666667
1068.10169492
1127.35
1148.3
1165.2
1174.53333333
1144.88333333
1194.54237288
1217.15
1222.33333333
1234.43333333
1181.41666667
1117.50847458
1216.66666667
1168.81666667
1188.61666667
1198.13333333
1235.85
1156.37288136
1261.35
1213.15
1142.35087719
--END OF 8--
160.883333333
145.05
156.366666667
145.2
136.322033898
176.75
152.55
174.25
165.95
177.1
176.5
155.101694915
173.616666667
186.866666667
165.883333333
157.966666667
154.0
155.166666667
174.65
153.966666667
157.816666667
155.833333333
161.457627119
155.95
172.35
149.9
177.75
186.15
176.406779661
170.15
176.85
162.583333333
160.4
192.389830508
169.383333333
176.516666667
180.666666667
196.983333333
189.516666667
173.338983051
177.95
180.6
173.316666667
182.95
156.833333333
185.966101695
169.066666667
193.35
179.683333333
185.85
169.355932203
169.283333333
178.0
186.683333333
196.383333333
192.616666667
194.677966102
198.9
201.5
154.192982456
--END OF 9--
4.88333333333
6.83333333333
9.36666666667
7.65
6.52542372881
7.65
5.0
7.6
5.68333333333
6.5
3.46666666667
6.71186440678
6.26666666667
7.16666666667
9.18333333333
6.36666666667
7.52542372881
5.5
6.25
1.91666666667
4.33333333333
6.0
6.28813559322
5.25
4.65
7.2
6.95
9.65
8.16949152542
11.55
7.28333333333
3.93333333333
7.26666666667
7.83050847458
5.25
9.86666666667
9.81666666667
5.15
8.21666666667
5.74576271186
9.0
6.05
5.88333333333
5.51666666667
8.41666666667
5.66101694915
7.5
2.63333333333
9.21666666667
7.86666666667
4.66101694915
6.13333333333
8.86666666667
7.76666666667
6.26666666667
2.66666666667
11.0338983051
11.0
5.95
9.21052631579
--END OF 10--
0.916666666667
1.48333333333
1.65
1.11666666667
1.96610169492
2.7
1.25
2.05
1.71666666667
1.15
1.03333333333
0.372881355932
1.6
0.416666666667
0.966666666667
2.16666666667
0.949152542373
0.8
1.2
0.433333333333
1.95
1.05
0.661016949153
1.4
1.35
0.85
1.1
2.15
2.18644067797
1.91666666667
0.933333333333
0.966666666667
4.08333333333
0.932203389831
1.65
1.66666666667
3.65
0.866666666667
1.16666666667
1.01694915254
1.5
0.5
0.533333333333
1.16666666667
1.13333333333
0.677966101695
1.98333333333
0.15
1.58333333333
1.08333333333
0.830508474576
1.06666666667
3.83333333333
2.05
0.433333333333
0.716666666667
2.50847457627
2.5
1.8
2.36842105263
--END OF 11--
0.0166666666667
0.7
0.483333333333
0.5
0.0
0.4
0.1
0.5
0.0
0.0
0.333333333333
0.101694915254
0.5
0.166666666667
0.366666666667
0.0
0.0
0.0
0.0
0.0
0.766666666667
0.233333333333
0.0
0.35
0.15
0.25
0.25
0.6
0.796610169492
0.116666666667
0.0
0.0
0.966666666667
0.0
0.5
0.0
1.5
0.0
0.0
0.0
0.0
0.0
0.0
0.5
0.0
0.0
0.0
0.0
0.0
0.433333333333
0.322033898305
0.516666666667
0.0
0.4
0.0
0.716666666667
0.661016949153
0.0
0.5
0.0
--END OF 12--
