5.3
6.5
7.0
5.5
6.26666666667
6.26666666667
5.4406779661
5.25
5.73333333333
6.08333333333
7.01666666667
5.5
5.71186440678
5.66666666667
6.98333333333
5.9
6.7
6.37288135593
6.08333333333
6.85
6.43333333333
7.05
7.42372881356
5.65
5.95
6.66666666667
6.56666666667
6.41666666667
7.15254237288
7.08333333333
6.36666666667
6.16666666667
6.31666666667
6.84745762712
7.0
7.4
7.85
8.0
7.15254237288
6.78333333333
7.5
7.26666666667
7.43333333333
6.78333333333
8.05084745763
7.46666666667
7.48333333333
7.65
8.95
9.73333333333
10.1355932203
10.45
10.2333333333
9.4
10.45
9.38983050847
9.91666666667
9.48333333333
9.43333333333
5.82142857143
--END OF 1--
8.65
10.65
9.0
7.75
8.36666666667
8.91666666667
8.83050847458
9.0
8.11666666667
8.98333333333
9.8
7.93333333333
7.62711864407
7.88333333333
9.53333333333
8.31666666667
9.81666666667
8.40677966102
8.33333333333
9.85
9.53333333333
10.7
10.4576271186
8.2
9.63333333333
9.65
9.51666666667
9.31666666667
9.84745762712
11.35
9.66666666667
8.25
9.41666666667
10.0508474576
10.25
11.7
11.6
11.1
10.6949152542
9.63333333333
11.75
10.0833333333
10.1333333333
10.1833333333
11.2203389831
11.6833333333
10.4
10.2833333333
12.8333333333
13.1666666667
14.3220338983
13.55
14.8833333333
12.45
14.1
12.3559322034
13.8166666667
12.75
13.5833333333
9.03571428571
--END OF 2--
9.3
11.8
9.4
8.65
9.06666666667
9.81666666667
10.0847457627
10.4
8.91666666667
10.35
10.6833333333
9.28333333333
8.35593220339
8.35
10.1666666667
8.76666666667
10.8333333333
10.1694915254
8.98333333333
10.65
10.1833333333
12.45
11.186440678
9.4
10.65
10.3833333333
10.9
9.6
10.9830508475
11.8666666667
11.1666666667
8.83333333333
10.5166666667
11.2203389831
11.9
13.1
12.1
11.5
11.3898305085
10.3333333333
12.8333333333
12.1166666667
11.3833333333
11.5
13.5084745763
12.8666666667
11.5833333333
11.1166666667
13.65
14.2166666667
15.4237288136
14.65
16.7333333333
13.55
15.15
13.4406779661
15.3333333333
13.6666666667
15.2666666667
9.73214285714
--END OF 3--
5.3
6.5
7.0
5.5
6.26666666667
6.26666666667
5.4406779661
5.25
5.73333333333
6.08333333333
7.01666666667
5.5
5.71186440678
5.66666666667
6.98333333333
5.9
6.7
6.37288135593
6.08333333333
6.85
6.43333333333
7.05
7.42372881356
5.65
5.95
6.66666666667
6.56666666667
6.41666666667
7.15254237288
7.08333333333
6.36666666667
6.16666666667
6.31666666667
6.84745762712
7.0
7.4
7.85
8.0
7.15254237288
6.78333333333
7.5
7.26666666667
7.43333333333
6.78333333333
8.05084745763
7.46666666667
7.48333333333
7.65
8.95
9.73333333333
10.1355932203
10.45
10.2333333333
9.4
10.45
9.38983050847
9.91666666667
9.48333333333
9.43333333333
5.82142857143
--END OF 4--
8.65
10.65
9.0
7.75
8.36666666667
8.91666666667
8.83050847458
9.0
8.11666666667
8.98333333333
9.8
7.93333333333
7.62711864407
7.88333333333
9.53333333333
8.31666666667
9.81666666667
8.40677966102
8.33333333333
9.85
9.53333333333
10.7
10.4576271186
8.2
9.63333333333
9.65
9.51666666667
9.31666666667
9.84745762712
11.35
9.66666666667
8.25
9.41666666667
10.0508474576
10.25
11.7
11.6
11.1
10.6949152542
9.63333333333
11.75
10.0833333333
10.1333333333
10.1833333333
11.2203389831
11.6833333333
10.4
10.2833333333
12.8333333333
13.1666666667
14.3220338983
13.55
14.8833333333
12.45
14.1
12.3559322034
13.8166666667
12.75
13.5833333333
9.03571428571
--END OF 5--
9.3
11.8
9.4
8.65
9.06666666667
9.81666666667
10.0847457627
10.4
8.91666666667
10.35
10.6833333333
9.28333333333
8.35593220339
8.35
10.1666666667
8.76666666667
10.8333333333
10.1694915254
8.98333333333
10.65
10.1833333333
12.45
11.186440678
9.4
10.65
10.3833333333
10.9
9.6
10.9830508475
11.8666666667
11.1666666667
8.83333333333
10.5166666667
11.2203389831
11.9
13.1
12.1
11.5
11.3898305085
10.3333333333
12.8333333333
12.1166666667
11.3833333333
11.5
13.5084745763
12.8666666667
11.5833333333
11.1166666667
13.65
14.2166666667
15.4237288136
14.65
16.7333333333
13.55
15.15
13.4406779661
15.3333333333
13.6666666667
15.2666666667
9.73214285714
--END OF 6--
1289.55
1334.4
1470.9
1249.05
1396.8
1364.1
1241.28813559
1213.1
1297.7
1318.5
1375.25
1224.0
1244.59322034
1296.0
1393.35
1288.05
1375.0
1363.62711864
1340.85
1482.9
1437.6
1410.75
1491.05084746
1275.05
1361.4
1498.55
1381.05
1351.4
1459.27118644
1543.6
1441.7
1361.4
1353.4
1444.93220339
1447.65
1575.15
1580.1
1588.35
1528.42372881
1481.6
1648.3
1560.15
1532.8
1440.0
1639.72881356
1609.4
1527.3
1650.95
1807.3
1930.7
2002.57627119
2015.85
2045.7
1839.75
1960.35
1860.0
2021.75
1886.5
1966.4
1329.42857143
--END OF 7--
367.4
368.65
383.55
326.65
377.35
373.7
348.796610169
333.916666667
356.066666667
359.716666667
388.483333333
332.2
333.915254237
339.183333333
380.533333333
352.633333333
373.666666667
367.0
362.6
412.05
404.65
388.45
421.118644068
353.9
379.5
395.75
375.616666667
371.533333333
398.93220339
409.033333333
398.633333333
364.033333333
374.45
399.423728814
401.6
429.8
450.55
449.0
422.033898305
398.55
444.7
423.75
420.666666667
400.783333333
449.796610169
434.5
417.7
437.783333333
501.75
529.433333333
549.915254237
552.5
563.15
506.35
560.95
519.372881356
561.65
528.25
554.416666667
362.25
--END OF 8--
59.95
69.3
50.2
42.45
47.35
48.05
56.3728813559
55.5333333333
46.5
56.7166666667
52.7
49.1
38.9661016949
40.6333333333
62.1833333333
44.6166666667
54.8166666667
44.2372881356
41.1
65.95
59.65
69.8
59.7627118644
49.45
59.3166666667
58.8333333333
59.0333333333
50.4333333333
60.8983050847
64.25
49.65
40.05
65.0666666667
61.186440678
64.6
71.6
65.6
60.8
58.3728813559
60.6666666667
64.2
61.7666666667
55.0833333333
57.9833333333
66.1525423729
75.6166666667
56.7666666667
53.7666666667
72.0666666667
76.8166666667
86.2203389831
74.05
83.65
70.8
75.9
65.9152542373
81.0
70.1666666667
87.7
60.8928571429
--END OF 9--
3.9
7.3
1.5
4.75
2.1
5.1
8.76271186441
9.01666666667
3.88333333333
5.91666666667
4.53333333333
4.45
2.98305084746
3.23333333333
4.05
3.0
5.11666666667
4.40677966102
2.7
2.8
4.4
8.95
4.45762711864
5.23333333333
8.76666666667
5.48333333333
3.61666666667
3.45
2.64406779661
8.56666666667
7.03333333333
2.85
4.25
5.05084745763
4.8
7.5
4.65
2.9
6.40677966102
3.83333333333
8.56666666667
8.06666666667
5.9
5.38333333333
8.67796610169
5.68333333333
3.43333333333
3.56666666667
4.61666666667
4.73333333333
6.30508474576
4.2
7.8
3.65
6.25
4.69491525424
6.3
4.48333333333
6.21666666667
2.76785714286
--END OF 10--
1.05
1.9
0.65
0.85
1.1
0.9
2.1186440678
1.75
0.833333333333
1.98333333333
1.46666666667
1.56666666667
0.898305084746
0.866666666667
1.06666666667
0.566666666667
1.4
2.30508474576
0.85
0.7
1.45
2.75
1.42372881356
1.75
1.43333333333
1.21666666667
2.25
0.583333333333
1.4406779661
0.516666666667
2.05
0.933333333333
0.5
1.01694915254
1.9
1.95
0.65
0.5
0.949152542373
0.983333333333
1.98333333333
2.1
1.53333333333
2.6
3.79661016949
1.63333333333
1.48333333333
1.25
1.0
0.8
1.71186440678
1.35
2.7
1.75
1.75
1.77966101695
2.48333333333
1.46666666667
2.36666666667
0.625
--END OF 11--
0.0
0.5
0.05
0.45
0.5
0.0
0.0
0.5
0.0
0.366666666667
0.633333333333
0.0
0.0
0.0
0.0
0.5
0.516666666667
2.01694915254
0.5
0.0
0.0
0.5
0.0
0.0
0.0
0.0
1.0
0.0
0.0
0.0
0.5
0.0
0.5
0.0
0.9
0.95
0.15
0.5
0.508474576271
0.283333333333
0.216666666667
0.5
0.5
0.0
0.508474576271
0.4
0.716666666667
0.283333333333
0.466666666667
0.3
0.237288135593
0.45
0.55
0.0
0.0
0.0
0.733333333333
0.766666666667
1.5
0.535714285714
--END OF 12--
