9.05
8.13333333333
8.58333333333
9.38983050847
9.18333333333
8.46666666667
9.53333333333
10.2666666667
8.53333333333
8.62711864407
8.1
8.63333333333
8.26666666667
9.76666666667
8.63333333333
8.94915254237
8.46666666667
8.66666666667
9.28333333333
8.95
9.71186440678
9.5
8.28333333333
7.85
9.13333333333
9.72881355932
9.43333333333
8.81666666667
8.88333333333
9.66666666667
9.98305084746
8.98333333333
9.33333333333
9.1
9.55
9.55
9.25423728814
9.08333333333
8.93333333333
9.48333333333
9.01666666667
9.91525423729
9.48333333333
9.7
10.0333333333
9.76666666667
9.45762711864
9.7
10.2666666667
10.0666666667
9.51666666667
9.71666666667
9.1186440678
8.95
9.63333333333
10.8333333333
10.25
9.94915254237
9.6
8.78947368421
--END OF 1--
11.25
10.6333333333
11.8833333333
12.4915254237
12.05
10.8
11.8
12.45
10.7666666667
10.813559322
10.5666666667
11.5666666667
11.2833333333
11.2833333333
10.6666666667
11.3389830508
10.7666666667
10.6166666667
11.7333333333
11.5333333333
12.4576271186
11.8
10.4
9.95
11.5833333333
12.6949152542
11.9333333333
11.0
10.5
11.3166666667
13.0
12.1833333333
11.7833333333
11.7
12.35
12.7
11.6101694915
11.7666666667
11.4
12.0166666667
11.8333333333
12.0169491525
12.3666666667
12.7833333333
12.6333333333
12.2333333333
11.9491525424
12.7
13.3833333333
12.4666666667
11.8166666667
12.5666666667
11.9322033898
11.25
11.8166666667
13.9
12.3333333333
12.5762711864
12.0833333333
10.4210526316
--END OF 2--
11.5
10.7833333333
11.8833333333
12.4915254237
12.3666666667
11.7
12.7166666667
13.4333333333
11.1833333333
11.6101694915
10.6
11.8333333333
11.7833333333
11.5666666667
10.6666666667
11.3389830508
10.7666666667
10.6166666667
11.9333333333
11.6333333333
13.0677966102
12.0
10.4
11.1666666667
11.7166666667
12.6949152542
12.1
11.0833333333
11.25
11.7166666667
13.2542372881
12.1833333333
12.2333333333
11.75
12.35
12.95
12.3220338983
11.8666666667
11.65
12.0166666667
12.2833333333
13.6949152542
12.4833333333
12.8833333333
12.6333333333
12.6333333333
11.9491525424
12.7
13.3833333333
12.7666666667
12.1666666667
12.6666666667
11.9322033898
11.25
11.9
14.5
12.95
12.5762711864
12.0833333333
10.4210526316
--END OF 3--
9.05
8.13333333333
8.58333333333
9.38983050847
9.18333333333
8.46666666667
9.53333333333
10.2666666667
8.53333333333
8.62711864407
8.1
8.63333333333
8.26666666667
9.76666666667
8.63333333333
8.94915254237
8.46666666667
8.66666666667
9.28333333333
8.95
9.71186440678
9.5
8.28333333333
7.85
9.13333333333
9.72881355932
9.43333333333
8.81666666667
8.88333333333
9.66666666667
9.98305084746
8.98333333333
9.33333333333
9.1
9.55
9.55
9.25423728814
9.08333333333
8.93333333333
9.48333333333
9.01666666667
9.91525423729
9.48333333333
9.7
10.0333333333
9.76666666667
9.45762711864
9.7
10.2666666667
10.0666666667
9.51666666667
9.71666666667
9.1186440678
8.95
9.63333333333
10.8333333333
10.25
9.94915254237
9.6
8.78947368421
--END OF 4--
11.25
10.6333333333
11.8833333333
12.4915254237
12.05
10.8
11.8
12.45
10.7666666667
10.813559322
10.5666666667
11.5666666667
11.2833333333
11.2833333333
10.6666666667
11.3389830508
10.7666666667
10.6166666667
11.7333333333
11.5333333333
12.4576271186
11.8
10.4
9.95
11.5833333333
12.6949152542
11.9333333333
11.0
10.5
11.3166666667
13.0
12.1833333333
11.7833333333
11.7
12.35
12.7
11.6101694915
11.7666666667
11.4
12.0166666667
11.8333333333
12.0169491525
12.3666666667
12.7833333333
12.6333333333
12.2333333333
11.9491525424
12.7
13.3833333333
12.4666666667
11.8166666667
12.5666666667
11.9322033898
11.25
11.8166666667
13.9
12.3333333333
12.5762711864
12.0833333333
10.4210526316
--END OF 5--
11.5
10.7833333333
11.8833333333
12.4915254237
12.3666666667
11.7
12.7166666667
13.4333333333
11.1833333333
11.6101694915
10.6
11.8333333333
11.7833333333
11.5666666667
10.6666666667
11.3389830508
10.7666666667
10.6166666667
11.9333333333
11.6333333333
13.0677966102
12.0
10.4
11.1666666667
11.7166666667
12.6949152542
12.1
11.0833333333
11.25
11.7166666667
13.2542372881
12.1833333333
12.2333333333
11.75
12.35
12.95
12.3220338983
11.8666666667
11.65
12.0166666667
12.2833333333
13.6949152542
12.4833333333
12.8833333333
12.6333333333
12.6333333333
11.9491525424
12.7
13.3833333333
12.7666666667
12.1666666667
12.6666666667
11.9322033898
11.25
11.9
14.5
12.95
12.5762711864
12.0833333333
10.4210526316
--END OF 6--
1741.8
1753.35
1753.95
1849.37288136
1827.9
1688.35
1836.05
1903.3
1652.8
1768.52542373
1735.8
1809.9
1794.55
1850.45
1743.3
1793.03389831
1742.25
1867.5
1822.65
1763.3
1919.03389831
1802.75
1789.05
1707.95
1830.25
1905.71186441
1829.85
1691.3
1714.5
1777.55
1821.76271186
1829.55
1854.75
1790.25
1862.4
1872.3
1794.66101695
1858.5
1839.95
1855.95
1826.1
1931.94915254
1921.1
1876.05
1895.3
1894.5
1861.72881356
1967.25
2027.65
1967.25
1885.65
1963.35
1853.79661017
1788.85
1855.1
2074.6
1961.6
1887.15254237
1908.05
1695.47368421
--END OF 7--
492.5
468.65
490.85
516.762711864
503.55
465.6
508.55
530.683333333
459.933333333
481.711864407
467.166666667
505.25
505.0
513.166666667
478.133333333
484.915254237
468.3
500.7
491.25
481.983333333
531.983050847
499.566666667
483.516666667
474.783333333
514.65
524.152542373
498.933333333
462.15
466.733333333
503.2
528.186440678
505.65
509.0
484.6
509.5
505.75
498.050847458
503.85
507.65
521.516666667
505.483333333
535.220338983
518.433333333
534.116666667
538.016666667
525.816666667
518.491525424
542.8
566.283333333
535.8
520.25
533.05
506.152542373
497.066666667
514.366666667
584.116666667
550.45
533.677966102
525.5
463.105263158
--END OF 8--
54.65
53.45
63.45
62.1016949153
62.8
46.6
53.5166666667
61.8833333333
51.0333333333
52.8813559322
51.1
64.8166666667
57.8166666667
48.0
57.9
58.3898305085
47.8
51.1
57.2
63.0333333333
58.0
62.4666666667
53.4666666667
52.3333333333
61.2666666667
67.6779661017
60.2833333333
48.3
51.8166666667
46.5166666667
72.8813559322
67.75
57.25
60.3
63.45
64.9
53.9661016949
59.95
62.9333333333
60.5333333333
63.2166666667
61.6101694915
62.0666666667
67.4333333333
59.85
64.2
54.1694915254
66.8
72.8666666667
54.0
49.75
62.65
62.1694915254
53.7
54.0833333333
71.7666666667
52.7666666667
55.2711864407
55.75
47.8421052632
--END OF 9--
1.9
3.45
3.6
2.74576271186
2.63333333333
3.6
2.98333333333
2.15
3.15
2.03389830508
3.26666666667
2.88333333333
2.61666666667
1.08333333333
0.116666666667
2.05084745763
2.0
1.0
3.05
1.41666666667
4.30508474576
3.85
2.51666666667
3.36666666667
1.11666666667
1.35593220339
1.16666666667
0.516666666667
1.5
0.5
3.50847457627
1.9
2.8
1.6
1.45
2.5
3.16949152542
0.216666666667
2.01666666667
1.95
2.45
3.22033898305
2.28333333333
2.06666666667
1.78333333333
1.56666666667
1.28813559322
1.55
0.75
2.4
2.45
3.5
1.05084745763
0.766666666667
1.91666666667
3.61666666667
2.43333333333
2.33898305085
0.516666666667
1.94736842105
--END OF 10--
0.5
0.0
0.0
0.0
0.4
1.31666666667
1.41666666667
1.38333333333
0.616666666667
1.20338983051
0.183333333333
0.0
0.616666666667
0.383333333333
0.0
0.0
0.0
0.0
0.0
0.0
0.508474576271
0.5
0.0
1.95
0.05
0.0
0.366666666667
0.133333333333
0.5
0.5
0.0
0.0
0.65
0.35
0.0
0.5
1.35593220339
0.166666666667
0.0
0.0
1.0
3.05084745763
0.116666666667
0.15
0.0
0.866666666667
0.135593220339
0.0
0.0
0.5
0.4
0.1
0.0
0.0
0.0833333333333
0.95
0.466666666667
0.0
0.0
0.0
--END OF 11--
0.0
0.0
0.0
0.0
0.0
0.0
0.0
0.0833333333333
0.55
0.372881355932
0.0
0.0
0.0
0.0
0.0
0.0
0.0
0.0
0.0
0.0
0.508474576271
0.0
0.0
0.483333333333
0.0166666666667
0.0
0.0
0.0
0.5
0.5
0.0
0.0
0.0
0.0
0.0
0.0
0.0
0.0
0.0
0.0
0.0
0.0
0.0
0.0
0.0
0.0
0.0
0.0
0.0
0.0
0.4
0.1
0.0
0.0
0.0
0.0
0.0
0.0
0.0
0.0
--END OF 12--
