19.9333333333
19.8813559322
20.5
20.4666666667
21.5666666667
20.9166666667
20.2333333333
20.813559322
20.25
21.6
21.15
20.75
20.6
21.7627118644
21.2166666667
21.2333333333
19.35
20.0166666667
21.4915254237
21.2333333333
21.6
21.05
21.0833333333
21.3
20.6440677966
20.8833333333
21.2666666667
20.7666666667
19.9
19.6166666667
20.6101694915
20.5833333333
21.0166666667
22.4166666667
21.7166666667
20.4
20.4406779661
20.4166666667
20.9833333333
20.8833333333
18.6333333333
21.7118644068
21.2666666667
22.45
21.3333333333
20.15
20.2666666667
20.593220339
20.2833333333
21.6833333333
21.0666666667
20.35
20.7
19.7966101695
21.5333333333
20.75
20.5333333333
20.1
21.3220338983
22.4310344828
--END OF 1--
27.7666666667
28.6949152542
29.8166666667
28.85
28.75
27.9333333333
28.3833333333
28.813559322
27.3
29.35
28.75
27.9
28.05
30.593220339
28.6166666667
28.3166666667
27.9
28.5166666667
29.8813559322
29.1333333333
30.35
28.9833333333
29.3333333333
29.7833333333
30.0338983051
29.1833333333
29.5333333333
29.8166666667
27.85
27.9166666667
27.7627118644
28.0
28.4
31.8333333333
29.8333333333
29.55
27.8305084746
29.0333333333
29.6666666667
27.4
26.4833333333
31.9830508475
28.4666666667
31.55
29.4166666667
27.85
29.1166666667
28.6101694915
27.0166666667
30.2
28.3833333333
28.0666666667
27.6333333333
26.8983050847
29.85
28.85
28.65
28.8166666667
28.3050847458
31.4482758621
--END OF 2--
28.55
29.5423728814
30.6666666667
29.8333333333
29.1
28.0833333333
29.4666666667
29.7457627119
28.65
29.8
29.75
29.1
28.45
32.0677966102
29.3166666667
29.1
28.3
29.0333333333
29.8813559322
30.05
31.2
30.5666666667
30.1
31.0
32.3389830508
30.2333333333
30.5333333333
31.0166666667
28.4
28.9666666667
28.2372881356
29.9166666667
28.8333333333
32.35
30.6166666667
31.2833333333
28.5762711864
29.4666666667
29.8333333333
27.8
28.35
32.9830508475
29.0833333333
31.75
29.8833333333
28.9
30.2666666667
29.2033898305
27.5333333333
31.1
28.7
28.7
28.75
27.813559322
30.2
29.3666666667
30.1
30.7833333333
28.6779661017
32.275862069
--END OF 3--
19.2333333333
19.2711864407
19.8666666667
19.8333333333
20.6833333333
20.15
19.8
20.2033898305
19.85
20.7
20.4
20.15
19.95
20.7627118644
20.2333333333
20.4666666667
19.35
19.3666666667
20.4915254237
20.2833333333
20.65
20.35
20.3333333333
20.3666666667
19.9830508475
20.1833333333
20.6666666667
20.2166666667
19.65
19.5166666667
19.8983050847
19.9
20.2166666667
21.1833333333
20.6833333333
19.9
19.8305084746
19.7166666667
20.2666666667
20.3333333333
18.6
20.8474576271
20.45
21.35
20.4833333333
19.55
19.5166666667
19.6949152542
19.6833333333
20.6333333333
20.2666666667
19.75
20.0333333333
19.2203389831
20.5333333333
19.8166666667
19.6666666667
19.5666666667
20.5084745763
20.9137931034
--END OF 4--
27.7
28.6271186441
29.3
28.7166666667
28.65
27.9333333333
28.3833333333
28.813559322
27.3
29.15
28.7
27.85
28.0
30.0338983051
28.6
28.3166666667
27.9
28.3
29.4237288136
28.9833333333
29.8666666667
28.7666666667
29.0
29.5833333333
29.5254237288
28.9833333333
29.3
29.3666666667
27.85
27.9166666667
27.7627118644
28.0
28.35
30.8833333333
29.4833333333
29.3833333333
27.8305084746
28.7333333333
29.3333333333
27.4
26.4833333333
30.8644067797
28.4666666667
30.7
29.2
27.85
28.9166666667
28.6101694915
27.0166666667
29.6166666667
28.3833333333
28.0666666667
27.6333333333
26.8983050847
29.45
28.8
28.65
28.5833333333
28.2881355932
30.3275862069
--END OF 5--
28.55
29.5423728814
30.6666666667
29.8333333333
29.1
28.0833333333
29.4666666667
29.7457627119
28.65
29.8
29.75
29.1
28.45
32.0677966102
29.3166666667
29.1
28.3
29.0333333333
29.8813559322
30.05
31.2
30.5666666667
30.1
31.0
32.3389830508
30.2333333333
30.5333333333
31.0166666667
28.4
28.9666666667
28.2372881356
29.9166666667
28.8333333333
32.35
30.6166666667
31.2833333333
28.5762711864
29.4666666667
29.8333333333
27.8
28.35
32.9830508475
29.0833333333
31.75
29.8833333333
28.9
30.2666666667
29.2033898305
27.5333333333
31.1
28.7
28.7
28.75
27.813559322
30.2
29.3666666667
30.1
30.7833333333
28.6779661017
32.275862069
--END OF 6--
3833.6
3831.61016949
3933.7
3848.3
3916.75
3781.2
3674.7
3847.62711864
3683.25
3917.7
3960.0
3807.15
3879.6
4024.77966102
3920.95
3774.1
3670.55
3838.35
3961.77966102
3907.55
3955.5
3876.55
3900.1
3920.8
3856.16949153
3923.7
3856.9
3919.35
3754.8
3668.4
3906.30508475
3845.1
3784.1
4116.65
3925.35
3939.7
3869.44067797
3871.4
3886.05
3660.9
3511.35
4038.66101695
3904.2
4140.6
3933.3
3870.9
3924.75
3915.71186441
3798.7
4067.65
3786.4
3747.3
3685.6
3739.52542373
3959.9
3923.2
3854.7
3849.4
3935.59322034
4272.67241379
--END OF 7--
1061.46666667
1057.03389831
1075.16666667
1075.93333333
1090.25
1050.93333333
1035.51666667
1079.76271186
1041.65
1104.5
1089.05
1047.25
1073.0
1122.44067797
1099.7
1059.18333333
1002.16666667
1064.08333333
1095.52542373
1075.03333333
1127.15
1079.96666667
1083.03333333
1099.45
1086.66101695
1089.55
1092.1
1088.3
1036.6
1029.85
1074.30508475
1059.45
1067.28333333
1157.61666667
1113.26666667
1097.65
1081.79661017
1088.93333333
1089.28333333
1031.88333333
974.516666667
1116.62711864
1078.5
1140.6
1088.1
1077.05
1077.45
1095.83050847
1039.8
1144.15
1067.23333333
1048.21666667
1053.08333333
1068.38983051
1110.96666667
1093.68333333
1083.53333333
1075.26666667
1092.61016949
1165.15517241
--END OF 8--
180.333333333
188.389830508
187.116666667
170.066666667
163.15
142.55
164.35
163.305084746
164.75
172.15
158.95
169.05
178.85
184.440677966
162.05
169.616666667
180.233333333
176.25
182.474576271
178.933333333
176.233333333
174.716666667
175.85
169.4
188.169491525
174.75
179.266666667
191.0
155.75
177.9
149.576271186
175.5
166.7
184.883333333
178.116666667
182.45
165.355932203
183.633333333
172.083333333
150.1
164.85
202.813559322
157.916666667
188.6
182.183333333
161.55
187.05
174.305084746
161.283333333
191.833333333
170.3
172.816666667
157.75
152.305084746
177.966666667
166.533333333
169.083333333
172.783333333
162.93220339
202.517241379
--END OF 9--
4.05
8.06779661017
8.01666666667
6.96666666667
3.13333333333
6.31666666667
9.28333333333
4.13559322034
3.3
3.8
7.1
5.7
2.35
9.83050847458
4.16666666667
5.4
6.53333333333
6.33333333333
3.5593220339
6.85
8.1
7.81666666667
7.41666666667
12.0166666667
11.7966101695
6.5
7.01666666667
7.75
7.7
5.15
6.30508474576
6.03333333333
7.33333333333
10.3166666667
6.46666666667
9.8
4.18644067797
4.36666666667
5.28333333333
6.2
9.33333333333
9.15254237288
5.26666666667
6.85
4.61666666667
5.45
8.0
4.23728813559
3.98333333333
3.86666666667
4.1
7.58333333333
7.0
3.5593220339
5.01666666667
8.56666666667
9.28333333333
10.4333333333
4.1186440678
5.79310344828
--END OF 10--
1.36666666667
1.28813559322
1.56666666667
1.25
0.416666666667
0.583333333333
1.78333333333
1.38983050847
1.6
0.75
0.85
0.65
0.3
1.83050847458
0.7
0.933333333333
0.733333333333
0.6
0.0
1.06666666667
1.08333333333
1.63333333333
1.31666666667
1.05
2.1186440678
1.6
1.48333333333
1.35
0.45
2.05
0.220338983051
2.25
0.55
1.23333333333
1.03333333333
2.56666666667
0.593220338983
0.583333333333
0.283333333333
0.5
2.88333333333
1.84745762712
1.13333333333
0.0
0.666666666667
1.9
1.55
0.593220338983
0.466666666667
0.666666666667
0.0
1.03333333333
0.966666666667
1.23728813559
0.283333333333
1.16666666667
2.31666666667
2.9
0.457627118644
1.46551724138
--END OF 11--
0.283333333333
0.220338983051
0.0
0.166666666667
0.0
0.0
0.0
0.0
0.0
0.0
0.0
0.0
0.25
0.254237288136
0.166666666667
0.0
0.0
0.333333333333
0.0
0.0
0.0
0.0
0.0666666666667
0.433333333333
1.22033898305
0.3
0.266666666667
0.0
0.0
0.0
0.220338983051
1.28333333333
0.0166666666667
0.316666666667
0.233333333333
0.416666666667
0.593220338983
0.266666666667
0.0
0.0
0.316666666667
0.186440677966
0.0
0.0
0.0
0.0
0.0
0.0
0.0
0.166666666667
0.0
0.0333333333333
0.966666666667
0.0
0.0
0.0
0.0666666666667
0.2
0.0
0.0
--END OF 12--
