18.4333333333
19.4833333333
18.2372881356
18.9
20.0333333333
18.4333333333
19.25
18.5166666667
18.6833333333
19.3728813559
20.0333333333
19.0666666667
20.4666666667
19.0333333333
18.9491525424
19.7333333333
20.2666666667
18.4166666667
19.1833333333
18.05
17.3559322034
18.4166666667
17.95
19.95
18.55
18.2881355932
17.6
17.4
17.45
17.5666666667
19.3050847458
18.2
18.3166666667
17.45
18.2666666667
18.3333333333
19.0677966102
17.7
17.2333333333
17.5666666667
17.75
17.25
17.6440677966
17.9166666667
17.7833333333
18.7666666667
17.1
16.6833333333
17.3333333333
18.4406779661
18.05
17.3833333333
17.1833333333
17.55
16.1
17.6166666667
16.7796610169
17.05
17.1166666667
19.2452830189
--END OF 1--
23.7166666667
24.8666666667
25.0508474576
24.7
26.6833333333
24.6833333333
26.7833333333
24.7166666667
25.7166666667
24.7118644068
27.3
25.0333333333
26.7333333333
27.0
26.3050847458
25.9
26.5333333333
23.7
26.2833333333
24.35
23.7627118644
25.7166666667
24.35
25.6
25.2
23.5423728814
22.8833333333
24.3666666667
22.5333333333
22.45
25.5423728814
24.75
25.4333333333
23.1833333333
24.5666666667
24.7833333333
24.7627118644
22.95
22.4333333333
23.4666666667
23.6666666667
22.9166666667
24.406779661
24.4
24.65
24.75
22.0833333333
21.7833333333
22.4
23.2203389831
24.1
24.0833333333
24.1166666667
23.0333333333
21.15
23.2666666667
21.2542372881
22.45
23.45
25.0566037736
--END OF 2--
25.0666666667
26.8833333333
25.6949152542
24.9
28.2333333333
24.8833333333
27.5833333333
25.7166666667
25.9
25.3389830508
28.6166666667
25.8333333333
27.3666666667
28.55
27.186440678
27.3
27.5666666667
24.2166666667
28.2166666667
25.6666666667
25.2372881356
26.3666666667
25.5
26.7
25.9
24.0847457627
24.1
24.95
23.6333333333
23.0
25.9830508475
27.1333333333
26.0
23.9666666667
25.2
24.9
25.0169491525
23.7
22.7833333333
23.5166666667
24.0166666667
23.4333333333
24.7627118644
24.6333333333
25.2166666667
25.5333333333
22.5833333333
22.65
23.25
23.8983050847
24.7333333333
24.9666666667
25.0333333333
23.5666666667
21.8833333333
24.0166666667
22.3728813559
22.65
24.7666666667
25.5283018868
--END OF 3--
18.4333333333
19.2333333333
18.2372881356
18.9
19.7833333333
18.4333333333
19.25
18.5166666667
18.65
19.2881355932
19.8666666667
18.9833333333
20.0
19.0333333333
18.9491525424
19.3833333333
19.8166666667
18.4166666667
19.0166666667
18.05
17.3559322034
18.3666666667
17.95
19.75
18.55
18.2881355932
17.6
17.4
17.45
17.5666666667
19.3050847458
18.2
18.1666666667
17.45
18.2666666667
18.3333333333
19.0677966102
17.7
17.2333333333
17.5666666667
17.75
17.25
17.6440677966
17.9166666667
17.7833333333
18.7666666667
17.1
16.6833333333
17.3333333333
18.4406779661
18.05
17.3833333333
17.1833333333
17.55
16.1
17.6166666667
16.7796610169
17.05
17.1166666667
19.1886792453
--END OF 4--
23.7166666667
24.8666666667
25.0508474576
24.7
26.6833333333
24.6833333333
26.7833333333
24.7166666667
25.7166666667
24.7118644068
27.3
25.0333333333
26.7333333333
27.0
26.3050847458
25.9
26.5333333333
23.7
26.2666666667
24.35
23.7627118644
25.7166666667
24.35
25.6
25.2
23.5423728814
22.8833333333
24.3666666667
22.5333333333
22.45
25.5423728814
24.75
25.4333333333
23.1833333333
24.5666666667
24.7833333333
24.7627118644
22.95
22.4333333333
23.4666666667
23.6666666667
22.9166666667
24.406779661
24.4
24.65
24.75
22.0833333333
21.7833333333
22.4
23.2203389831
24.1
24.0833333333
24.1166666667
23.0333333333
21.15
23.2666666667
21.2542372881
22.45
23.45
25.0566037736
--END OF 5--
25.0666666667
26.8833333333
25.6949152542
24.9
28.2333333333
24.8833333333
27.5833333333
25.7166666667
25.9
25.3389830508
28.6166666667
25.8333333333
27.3666666667
28.55
27.186440678
27.3
27.5666666667
24.2166666667
28.2166666667
25.6666666667
25.2372881356
26.3666666667
25.5
26.7
25.9
24.0847457627
24.1
24.95
23.6333333333
23.0
25.9830508475
27.1333333333
26.0
23.9666666667
25.2
24.9
25.0169491525
23.7
22.7833333333
23.5166666667
24.0166666667
23.4333333333
24.7627118644
24.6333333333
25.2166666667
25.5333333333
22.5833333333
22.65
23.25
23.8983050847
24.7333333333
24.9666666667
25.0333333333
23.5666666667
21.8833333333
24.0166666667
22.3728813559
22.65
24.7666666667
25.5283018868
--END OF 6--
3423.1
3685.65
3453.71186441
3564.6
3636.9
3411.6
3603.5
3581.25
3442.7
3552.71186441
3652.3
3500.75
3639.55
3592.45
3580.37288136
3565.05
3695.75
3333.05
3683.75
3526.65
3374.08474576
3571.8
3403.5
3621.9
3460.05
3395.69491525
3423.7
3306.6
3269.45
3401.7
3507.71186441
3415.7
3494.45
3316.85
3419.8
3406.6
3501.20338983
3387.15
3296.85
3377.55
3228.2
3235.15
3265.16949153
3390.7
3430.65
3476.5
3186.45
3181.2
3333.8
3348.30508475
3321.95
3272.4
3292.15
3277.85
3135.0
3256.2
3125.94915254
3172.2
3243.7
3525.67924528
--END OF 7--
956.583333333
1009.5
965.13559322
977.35
1038.0
955.25
1011.86666667
979.65
957.15
975.559322034
1033.75
977.883333333
1023.03333333
998.783333333
999.423728814
997.766666667
1033.03333333
926.166666667
1012.48333333
990.1
948.525423729
990.15
942.2
1009.45
972.35
950.406779661
938.766666667
914.25
910.933333333
928.933333333
1002.77966102
960.35
982.116666667
917.866666667
955.15
954.05
987.101694915
909.3
898.15
943.2
908.333333333
919.583333333
922.813559322
954.283333333
949.3
981.85
890.6
883.15
915.233333333
928.050847458
933.833333333
916.95
921.916666667
904.833333333
849.7
902.883333333
852.440677966
880.45
900.45
986.58490566
--END OF 8--
126.433333333
139.8
132.525423729
123.75
146.7
131.25
151.816666667
144.2
146.016666667
125.338983051
150.866666667
137.666666667
145.033333333
162.333333333
140.576271186
127.516666667
139.366666667
122.033333333
150.416666667
123.366666667
137.271186441
146.45
128.9
132.6
141.15
134.06779661
121.383333333
153.15
117.75
110.583333333
137.254237288
144.216666667
143.116666667
127.266666667
137.3
143.1
137.220338983
131.25
112.0
130.0
125.983333333
129.316666667
136.830508475
134.2
143.083333333
127.366666667
109.383333333
112.433333333
112.65
130.152542373
136.3
131.316666667
142.9
127.183333333
107.166666667
118.066666667
110.118644068
120.05
135.35
131.528301887
--END OF 9--
6.05
5.63333333333
9.83050847458
3.8
5.9
4.75
6.78333333333
4.55
4.48333333333
4.74576271186
6.98333333333
3.96666666667
6.16666666667
8.53333333333
5.98305084746
9.58333333333
5.3
5.66666666667
6.76666666667
9.7
7.33898305085
6.25
7.7
4.8
6.1
3.93220338983
6.3
2.98333333333
2.56666666667
4.25
4.57627118644
11.7666666667
7.33333333333
5.68333333333
5.01666666667
4.46666666667
2.01694915254
5.15
3.3
3.4
8.7
3.75
6.01694915254
5.95
4.5
4.96666666667
3.35
4.78333333333
4.93333333333
2.74576271186
4.06666666667
6.25
5.35
3.61666666667
5.25
7.21666666667
4.89830508475
4.55
6.43333333333
4.2641509434
--END OF 10--
2.4
3.31666666667
1.0
0.35
2.35
0.1
0.95
1.35
0.15
0.661016949153
1.81666666667
1.06666666667
0.683333333333
2.26666666667
1.45762711864
2.1
1.43333333333
0.7
3.15
2.33333333333
2.61016949153
1.0
1.95
1.8
1.05
0.593220338983
2.08333333333
0.85
1.16666666667
0.733333333333
0.983050847458
3.21666666667
0.883333333333
0.933333333333
0.45
0.0833333333333
0.0
1.2
0.75
0.05
0.533333333333
0.433333333333
0.0
0.783333333333
0.716666666667
1.0
0.4
0.966666666667
1.0
0.474576271186
0.533333333333
1.1
1.23333333333
0.866666666667
1.43333333333
1.28333333333
1.74576271186
0.0
1.61666666667
0.981132075472
--END OF 11--
0.466666666667
0.533333333333
0.0
0.0
0.5
0.0
0.433333333333
0.0
0.0
0.0338983050847
0.466666666667
0.0
0.283333333333
0.383333333333
0.508474576271
0.116666666667
0.85
0.0333333333333
0.583333333333
0.383333333333
0.0
0.0
0.0
0.0
0.4
0.101694915254
0.133333333333
0.133333333333
0.0
0.0
0.0
1.0
0.0
0.466666666667
0.0
0.0
0.0
0.0
0.0
0.0
0.0
0.0
0.0
0.0
0.0
0.233333333333
0.0
0.0
0.0
0.474576271186
0.533333333333
0.0
0.583333333333
0.283333333333
0.0
0.0666666666667
0.440677966102
0.0
0.0
0.0
--END OF 12--
