16.5833333333
16.3666666667
16.6
17.9166666667
16.2711864407
17.4666666667
17.3333333333
17.2
16.6833333333
17.75
16.6949152542
16.1833333333
17.1833333333
16.75
15.7333333333
16.6833333333
17.406779661
15.9
16.8666666667
15.65
16.8166666667
16.3833333333
17.406779661
16.5166666667
16.6833333333
15.4166666667
15.25
17.25
16.2203389831
16.15
15.9166666667
16.2166666667
14.1
16.55
16.3389830508
14.9166666667
15.5666666667
17.1
15.7833333333
15.406779661
16.3833333333
15.55
15.9166666667
16.4
16.2833333333
16.2203389831
17.0166666667
16.1166666667
15.6833333333
15.7333333333
16.9830508475
15.7166666667
16.1666666667
15.55
15.6166666667
15.7666666667
16.3220338983
15.5333333333
15.15
16.4385964912
--END OF 1--
24.0166666667
23.2833333333
23.6666666667
24.1166666667
23.1355932203
25.1166666667
23.5833333333
24.8333333333
23.1833333333
23.3
22.8983050847
22.5
23.6666666667
22.6333333333
21.6333333333
22.3833333333
22.8305084746
21.95
24.85
22.7166666667
23.85
23.55
23.0677966102
23.9666666667
22.7
21.8166666667
22.25
23.3
22.5762711864
22.7666666667
22.1666666667
22.7666666667
20.4833333333
21.75
22.5423728814
22.2333333333
20.7833333333
23.8
23.4833333333
20.3050847458
22.8166666667
22.9
23.6666666667
21.85
22.1333333333
21.9491525424
22.7
22.4
21.85
21.8666666667
23.7457627119
22.55
21.85
22.2
21.0666666667
22.7333333333
21.7118644068
20.7833333333
21.75
23.8070175439
--END OF 2--
25.4833333333
24.25
24.55
24.8333333333
23.6440677966
25.9166666667
25.1333333333
25.5666666667
24.2333333333
23.55
23.0508474576
23.35
24.5166666667
23.4666666667
22.8833333333
23.9166666667
23.593220339
22.45
25.3166666667
23.15
25.55
24.9333333333
23.9661016949
24.6166666667
24.05
23.3166666667
24.05
24.85
23.813559322
24.8333333333
23.1333333333
24.05
21.7333333333
22.0833333333
23.406779661
23.7
22.15
24.35
24.4666666667
20.4915254237
24.3333333333
23.9833333333
24.6166666667
23.25
22.5833333333
22.2033898305
23.6666666667
23.3666666667
22.6666666667
22.0
24.4237288136
24.0666666667
23.0166666667
22.9
21.35
24.7833333333
22.2372881356
22.4166666667
22.65
24.9649122807
--END OF 3--
16.5833333333
16.3666666667
16.6
17.9166666667
16.2711864407
17.4666666667
17.3333333333
17.2
16.6833333333
17.75
16.6949152542
16.1833333333
17.1833333333
16.75
15.7333333333
16.6833333333
17.406779661
15.9
16.8666666667
15.65
16.8166666667
16.3833333333
17.406779661
16.5166666667
16.6833333333
15.4166666667
15.25
17.25
16.2203389831
16.15
15.9166666667
16.2166666667
14.1
16.55
16.3389830508
14.9166666667
15.5666666667
17.1
15.7833333333
15.406779661
16.3833333333
15.55
15.9166666667
16.4
16.2833333333
16.2203389831
17.0166666667
16.1166666667
15.6833333333
15.7333333333
16.9830508475
15.7166666667
16.1666666667
15.55
15.6166666667
15.7666666667
16.3220338983
15.5333333333
15.15
16.4385964912
--END OF 4--
24.0166666667
23.2833333333
23.6666666667
24.1166666667
23.1355932203
25.1166666667
23.5833333333
24.8333333333
23.1833333333
23.3
22.8983050847
22.5
23.6666666667
22.6333333333
21.6333333333
22.3833333333
22.8305084746
21.95
24.85
22.7166666667
23.85
23.55
23.0677966102
23.9666666667
22.7
21.8166666667
22.25
23.3
22.5762711864
22.7666666667
22.1666666667
22.7666666667
20.4833333333
21.75
22.5423728814
22.2333333333
20.7833333333
23.8
23.4833333333
20.3050847458
22.8166666667
22.9
23.6666666667
21.85
22.1333333333
21.9491525424
22.7
22.4
21.85
21.8666666667
23.7457627119
22.55
21.85
22.2
21.0666666667
22.7333333333
21.7118644068
20.7833333333
21.75
23.8070175439
--END OF 5--
25.4833333333
24.25
24.55
24.8333333333
23.6440677966
25.9166666667
25.1333333333
25.5666666667
24.2333333333
23.55
23.0508474576
23.35
24.5166666667
23.4666666667
22.8833333333
23.9166666667
23.593220339
22.45
25.3166666667
23.15
25.55
24.9333333333
23.9661016949
24.6166666667
24.05
23.3166666667
24.05
24.85
23.813559322
24.8333333333
23.1333333333
24.05
21.7333333333
22.0833333333
23.406779661
23.7
22.15
24.35
24.4666666667
20.4915254237
24.3333333333
23.9833333333
24.6166666667
23.25
22.5833333333
22.2033898305
23.6666666667
23.3666666667
22.6666666667
22.0
24.4237288136
24.0666666667
23.0166666667
22.9
21.35
24.7833333333
22.2372881356
22.4166666667
22.65
24.9649122807
--END OF 6--
3118.4
3174.15
3245.1
3268.3
3085.93220339
3340.5
3206.1
3175.6
3104.55
3250.65
3184.22033898
3155.75
3251.7
3141.1
3013.1
3163.7
3176.6440678
3005.2
3117.45
2960.7
3252.05
3101.5
3167.54237288
3301.35
3122.2
3063.0
3056.7
3333.15
3216.50847458
3163.7
2992.2
2977.0
2812.1
3073.35
3118.37288136
2986.1
3039.85
3183.6
3077.8
2943.86440678
2991.7
3057.15
3166.5
3032.85
3027.15
3065.59322034
3173.2
3099.7
2968.35
2985.4
3172.22033898
2976.75
3088.35
3021.1
2993.7
2936.45
2977.47457627
2911.0
2914.2
3158.26315789
--END OF 7--
874.033333333
882.983333333
873.5
919.3
878.186440678
929.2
896.05
891.9
867.85
913.8
897.542372881
877.283333333
904.666666667
886.866666667
844.466666667
857.533333333
885.881355932
841.85
886.883333333
834.433333333
894.7
869.183333333
881.237288136
889.05
875.316666667
856.4
844.65
921.15
884.389830508
880.833333333
851.15
845.233333333
770.1
861.716666667
866.779661017
842.783333333
826.0
903.466666667
851.883333333
806.898305085
848.733333333
848.15
876.05
853.5
832.15
842.576271186
890.15
859.75
840.366666667
838.15
893.627118644
842.5
860.1
834.016666667
818.266666667
826.75
834.813559322
819.35
814.65
886.894736842
--END OF 8--
144.316666667
141.95
127.25
124.983333333
128.186440678
163.3
138.0
151.35
139.5
133.3
139.13559322
145.1
141.966666667
116.85
130.683333333
136.716666667
120.322033898
122.083333333
155.583333333
139.216666667
139.6
134.116666667
130.881355932
149.9
123.333333333
126.95
128.5
147.45
140.271186441
134.966666667
134.35
132.633333333
130.7
114.233333333
124.288135593
143.216666667
111.65
142.766666667
135.016666667
111.677966102
126.883333333
146.5
145.6
115.6
123.8
114.711864407
125.75
123.783333333
128.633333333
115.783333333
134.508474576
136.05
116.416666667
135.25
119.966666667
145.8
127.271186441
119.383333333
139.3
146.877192982
--END OF 9--
7.08333333333
4.15
9.98333333333
5.86666666667
5.89830508475
5.75
6.15
8.45
6.35
2.4
3.27118644068
5.35
5.78333333333
8.21666666667
6.96666666667
7.18333333333
5.66101694915
6.31666666667
6.01666666667
5.45
8.36666666667
9.28333333333
3.0
6.0
9.16666666667
7.4
8.9
7.5
4.49152542373
7.41666666667
6.25
8.55
6.41666666667
4.48333333333
9.38983050847
8.76666666667
5.55
3.85
13.35
1.59322033898
7.61666666667
6.81666666667
10.05
5.7
4.15
7.54237288136
9.61666666667
5.51666666667
3.7
2.56666666667
8.06779661017
7.93333333333
8.56666666667
5.91666666667
2.55
8.48333333333
4.35593220339
6.81666666667
5.75
6.01754385965
--END OF 10--
2.21666666667
1.43333333333
0.6
1.06666666667
0.847457627119
1.35
1.8
1.6
1.3
0.35
0.305084745763
1.1
0.966666666667
1.48333333333
1.5
1.23333333333
0.677966101695
0.766666666667
0.483333333333
0.133333333333
2.31666666667
1.96666666667
1.05084745763
0.85
2.01666666667
1.85
2.95
1.45
1.49152542373
3.25
1.88333333333
0.883333333333
1.61666666667
0.6
1.5593220339
1.6
1.71666666667
0.833333333333
1.46666666667
0.186440677966
1.6
0.716666666667
1.1
2.4
0.65
0.389830508475
1.21666666667
1.65
1.25
0.383333333333
0.627118644068
2.35
1.81666666667
0.4
0.133333333333
3.46666666667
0.864406779661
1.86666666667
1.8
1.63157894737
--END OF 11--
0.683333333333
0.5
0.216666666667
0.283333333333
0.0
0.65
0.85
0.366666666667
0.0
0.0
0.0
0.183333333333
0.0166666666667
0.0
0.5
0.483333333333
0.389830508475
0.133333333333
0.0
0.116666666667
0.883333333333
0.0
0.508474576271
0.0
0.0
0.0
0.0
0.0
0.745762711864
1.0
0.266666666667
0.5
0.5
0.0
0.118644067797
0.0833333333333
0.0
0.0
0.0
0.0
1.0
0.35
0.4
0.25
0.0
0.0
0.0
0.0
0.0
0.0
0.0
0.2
0.0
0.0
0.0
0.0
0.152542372881
0.35
0.35
0.438596491228
--END OF 12--
