14.25
14.593220339
13.0166666667
12.7666666667
12.3
12.55
11.8333333333
12.7457627119
11.9666666667
12.0
12.4
12.4166666667
12.45
12.5423728814
13.2333333333
13.6
13.4833333333
12.4
12.6
13.6440677966
13.65
13.7333333333
12.6833333333
14.2333333333
14.6779661017
15.3166666667
14.5666666667
15.95
14.75
14.3833333333
14.6779661017
15.0333333333
14.4666666667
15.2666666667
15.0666666667
14.1833333333
14.406779661
14.3833333333
14.2166666667
13.5666666667
12.5333333333
13.9491525424
14.5333333333
13.8166666667
13.8833333333
13.0166666667
13.2203389831
13.35
13.9
13.75
15.1333333333
14.1694915254
14.4833333333
14.05
14.2
15.4
14.6333333333
15.5762711864
14.3166666667
13.5178571429
--END OF 1--
17.9
18.1355932203
16.8666666667
17.5666666667
17.15
18.95
17.5333333333
17.186440678
15.4333333333
15.55
17.0
16.4
17.1666666667
17.7627118644
17.75
17.7666666667
17.65
17.2
17.8666666667
19.3389830508
19.6333333333
18.6333333333
19.3333333333
18.9333333333
19.1525423729
20.8333333333
19.55
21.5166666667
20.3333333333
20.5666666667
19.0847457627
20.7
20.6333333333
20.75
21.5833333333
19.25
20.0338983051
20.4833333333
19.5666666667
19.9666666667
16.9833333333
19.2881355932
20.6666666667
19.7
19.5
17.85
19.1694915254
18.5666666667
19.8833333333
18.2666666667
20.95
18.8644067797
20.1333333333
20.35
21.3
21.05
19.5333333333
21.6610169492
20.2333333333
17.7857142857
--END OF 2--
18.0666666667
18.5762711864
17.9666666667
17.8666666667
17.2
19.15
17.8333333333
17.7288135593
16.0333333333
16.1166666667
17.2333333333
17.4
18.4333333333
17.7627118644
18.0666666667
18.1166666667
17.7833333333
17.5666666667
19.6666666667
20.1355932203
19.7666666667
19.0333333333
19.4833333333
19.5833333333
19.186440678
21.25
19.7666666667
21.6333333333
21.3333333333
21.4166666667
19.9661016949
21.2333333333
21.3
21.95
22.5833333333
19.7333333333
20.6949152542
21.3833333333
20.2166666667
20.4
17.6833333333
19.6271186441
21.4166666667
20.25
20.3333333333
17.8666666667
19.7457627119
19.1166666667
20.1166666667
18.4333333333
21.1166666667
18.9661016949
20.55
20.7
21.65
21.55
20.0833333333
21.7627118644
20.35
18.0
--END OF 3--
14.25
14.593220339
13.0166666667
12.7666666667
12.3
12.55
11.8333333333
12.7457627119
11.9666666667
12.0
12.4
12.4166666667
12.45
12.5423728814
13.2333333333
13.6
13.4833333333
12.4
12.6
13.6440677966
13.65
13.7333333333
12.6833333333
14.2333333333
14.6779661017
15.3166666667
14.5666666667
15.95
14.75
14.3833333333
14.6779661017
15.0333333333
14.4666666667
15.2666666667
15.0666666667
14.1833333333
14.406779661
14.3833333333
14.2166666667
13.5666666667
12.5333333333
13.9491525424
14.5333333333
13.8166666667
13.8833333333
13.0166666667
13.2203389831
13.35
13.9
13.75
15.1333333333
14.1694915254
14.4833333333
14.05
14.2
15.4
14.6333333333
15.5762711864
14.3166666667
13.5178571429
--END OF 4--
17.9
18.1355932203
16.8666666667
17.5666666667
17.15
18.95
17.5333333333
17.186440678
15.4333333333
15.55
17.0
16.4
17.1666666667
17.7627118644
17.75
17.7666666667
17.65
17.2
17.8666666667
19.3389830508
19.6333333333
18.6333333333
19.3333333333
18.9333333333
19.1525423729
20.8333333333
19.55
21.5166666667
20.3333333333
20.5666666667
19.0847457627
20.7
20.6333333333
20.75
21.5833333333
19.25
20.0338983051
20.4833333333
19.5666666667
19.9666666667
16.9833333333
19.2881355932
20.6666666667
19.7
19.5
17.85
19.1694915254
18.5666666667
19.8833333333
18.2666666667
20.95
18.8644067797
20.1333333333
20.35
21.3
21.05
19.5333333333
21.6610169492
20.2333333333
17.7857142857
--END OF 5--
18.0666666667
18.5762711864
17.9666666667
17.8666666667
17.2
19.15
17.8333333333
17.7288135593
16.0333333333
16.1166666667
17.2333333333
17.4
18.4333333333
17.7627118644
18.0666666667
18.1166666667
17.7833333333
17.5666666667
19.6666666667
20.1355932203
19.7666666667
19.0333333333
19.4833333333
19.5833333333
19.186440678
21.25
19.7666666667
21.6333333333
21.3333333333
21.4166666667
19.9661016949
21.2333333333
21.3
21.95
22.5833333333
19.7333333333
20.6949152542
21.3833333333
20.2166666667
20.4
17.6833333333
19.6271186441
21.4166666667
20.25
20.3333333333
17.8666666667
19.7457627119
19.1166666667
20.1166666667
18.4333333333
21.1166666667
18.9661016949
20.55
20.7
21.65
21.55
20.0833333333
21.7627118644
20.35
18.0
--END OF 6--
2563.1
2651.59322034
2461.05
2513.7
2495.55
2548.95
2409.9
2390.49152542
2404.05
2352.7
2452.75
2360.65
2506.6
2494.88135593
2598.1
2561.15
2553.65
2422.6
2457.3
2532.76271186
2659.35
2661.3
2573.85
2699.7
2693.74576271
2830.5
2681.7
2879.15
2754.6
2745.9
2728.88135593
2779.25
2772.4
2848.5
2801.95
2652.85
2827.88135593
2788.8
2745.45
2677.25
2447.7
2621.74576271
2692.75
2635.05
2705.1
2627.9
2629.98305085
2691.5
2697.6
2548.35
2873.65
2728.72881356
2713.25
2680.05
2794.5
2886.75
2763.6
2938.3220339
2771.85
2463.48214286
--END OF 7--
721.566666667
739.915254237
678.8
691.55
679.2
705.65
661.8
667.93220339
641.083333333
642.083333333
677.5
660.55
685.783333333
673.661016949
708.166666667
705.083333333
695.633333333
677.466666667
681.383333333
721.237288136
718.983333333
729.65
720.05
753.25
747.033898305
782.316666667
763.283333333
831.216666667
772.116666667
778.516666667
763.355932203
781.8
769.116666667
791.016666667
796.566666667
750.4
777.0
790.2
760.5
739.45
675.35
726.152542373
753.266666667
739.783333333
751.366666667
735.5
731.016949153
718.983333333
746.15
708.65
801.333333333
752.372881356
758.8
741.3
780.55
813.55
770.55
811.406779661
772.25
708.964285714
--END OF 8--
94.5166666667
88.813559322
87.5
101.45
101.6
121.45
115.95
95.3389830508
77.0333333333
92.9166666667
111.883333333
100.516666667
106.5
112.254237288
88.5666666667
89.4333333333
94.8
105.683333333
109.733333333
116.661016949
115.9
113.6
125.75
101.9
102.627118644
112.35
107.766666667
132.0
106.216666667
114.5
94.3050847458
117.133333333
118.0
125.066666667
122.05
108.0
115.186440678
111.95
118.4
123.6
90.25
110.152542373
133.833333333
108.833333333
110.65
107.566666667
114.661016949
100.45
114.4
105.133333333
119.1
102.254237288
122.85
124.6
130.25
109.1
114.75
115.966101695
122.0
91.9821428571
--END OF 9--
2.18333333333
2.94915254237
4.75
3.0
2.25
4.85
4.0
4.76271186441
3.43333333333
2.31666666667
1.58333333333
2.75
3.95
2.74576271186
4.81666666667
3.16666666667
4.38333333333
2.45
5.21666666667
7.0
4.43333333333
2.15
6.25
6.15
2.61016949153
4.88333333333
2.8
3.1
6.66666666667
4.45
4.23728813559
5.55
5.91666666667
5.11666666667
9.3
5.5
3.93220338983
5.95
4.45
3.58333333333
4.55
4.20338983051
6.5
5.15
7.23333333333
1.81666666667
3.61016949153
7.3
4.28333333333
2.48333333333
2.63333333333
2.54237288136
3.18333333333
4.1
5.9
5.2
4.35
5.96610169492
4.71666666667
2.19642857143
--END OF 10--
0.0
0.254237288136
1.5
0.7
0.05
0.4
0.1
1.0
0.35
0.166666666667
0.0833333333333
1.88333333333
1.7
0.0
0.366666666667
0.5
0.133333333333
0.633333333333
2.6
1.33898305085
0.283333333333
1.0
0.0
1.0
0.0338983050847
0.466666666667
0.333333333333
0.0
1.5
1.08333333333
1.28813559322
0.65
0.783333333333
1.78333333333
0.9
0.25
0.847457627119
1.4
0.65
0.95
0.85
0.813559322034
0.0
0.883333333333
1.16666666667
0.383333333333
0.627118644068
0.916666666667
0.233333333333
0.433333333333
0.233333333333
0.0
0.75
0.25
0.6
0.45
0.8
0.220338983051
0.416666666667
0.0
--END OF 11--
0.0
0.0
0.0
0.0
0.0
0.0
0.0
0.0
0.333333333333
0.166666666667
0.0
0.0
0.3
0.0
0.0
0.366666666667
0.133333333333
0.416666666667
1.05
0.0338983050847
0.0
0.0
0.0
0.0
0.0338983050847
0.466666666667
0.0
0.0
0.0
1.0
0.0
0.0
0.0
0.0666666666667
0.433333333333
0.0
0.508474576271
0.0
0.15
0.283333333333
0.5
0.0
0.0
0.0
0.0
0.0
0.508474576271
0.0333333333333
0.233333333333
0.0166666666667
0.183333333333
0.0
0.0
0.0
0.1
0.4
0.0
0.169491525424
0.0333333333333
0.0
--END OF 12--
