9.95
9.83333333333
8.71666666667
9.01666666667
10.0333333333
9.33898305085
9.95
9.46666666667
8.83333333333
10.0666666667
9.51666666667
9.50847457627
10.1
9.56666666667
9.85
9.25
9.71666666667
9.69491525424
10.35
11.3833333333
10.4833333333
9.95
10.406779661
10.4666666667
10.35
10.2
9.81666666667
10.1333333333
9.74576271186
9.3
9.78333333333
10.1833333333
10.7333333333
9.83333333333
9.79661016949
9.5
10.1
8.41666666667
10.15
9.45
10.2372881356
10.2333333333
10.7166666667
8.68333333333
9.9
10.6
9.86440677966
10.4333333333
9.26666666667
9.88333333333
9.56666666667
9.59322033898
10.2
9.65
10.3333333333
10.5
9.5
9.08474576271
9.45
9.59649122807
--END OF 1--
13.5833333333
13.4666666667
12.4166666667
13.6166666667
14.0166666667
13.1525423729
13.3666666667
14.3833333333
11.9666666667
14.1333333333
14.3666666667
12.4406779661
14.55
13.3666666667
13.75
12.55
12.9166666667
13.5254237288
13.5
14.7
13.8666666667
12.5833333333
13.9830508475
14.7
14.4333333333
14.5666666667
14.45
13.7
14.2881355932
13.85
13.9333333333
12.8333333333
15.0833333333
14.2833333333
13.5423728814
13.0166666667
14.55
12.4666666667
13.5666666667
13.3166666667
14.3389830508
14.55
15.55
12.2333333333
13.55
15.0
13.0
13.4833333333
13.4666666667
13.8833333333
13.8666666667
13.8474576271
13.6166666667
13.9166666667
15.0333333333
14.4666666667
13.15
13.4576271186
13.2833333333
13.4912280702
--END OF 2--
14.0333333333
13.9666666667
12.5666666667
15.4833333333
14.25
13.5762711864
13.5333333333
14.6666666667
11.9666666667
14.75
15.55
12.7457627119
14.9
13.5166666667
14.1
13.4
13.3166666667
14.1016949153
14.2
15.1
14.25
13.8333333333
14.0508474576
15.05
14.8
15.4166666667
15.3
14.4166666667
14.6271186441
14.4
13.9833333333
12.9333333333
16.7333333333
14.3333333333
13.8305084746
13.2333333333
14.8833333333
12.7333333333
13.5666666667
13.6
14.9830508475
14.9
15.8333333333
12.6833333333
13.7
15.25
13.0
14.1333333333
13.9666666667
14.0833333333
14.3166666667
14.2881355932
14.1666666667
14.0833333333
15.3833333333
15.25
13.9666666667
14.1186440678
13.6333333333
13.649122807
--END OF 3--
9.95
9.83333333333
8.71666666667
9.01666666667
10.0333333333
9.33898305085
9.95
9.46666666667
8.83333333333
10.0666666667
9.51666666667
9.50847457627
10.1
9.56666666667
9.85
9.25
9.71666666667
9.69491525424
10.35
11.3833333333
10.4833333333
9.95
10.406779661
10.4666666667
10.35
10.2
9.81666666667
10.1333333333
9.74576271186
9.3
9.78333333333
10.1833333333
10.7333333333
9.83333333333
9.79661016949
9.5
10.1
8.41666666667
10.15
9.45
10.2372881356
10.2333333333
10.7166666667
8.68333333333
9.9
10.6
9.86440677966
10.4333333333
9.26666666667
9.88333333333
9.56666666667
9.59322033898
10.2
9.65
10.3333333333
10.5
9.5
9.08474576271
9.45
9.59649122807
--END OF 4--
13.5833333333
13.4666666667
12.4166666667
13.6166666667
14.0166666667
13.1525423729
13.3666666667
14.3833333333
11.9666666667
14.1333333333
14.3666666667
12.4406779661
14.55
13.3666666667
13.75
12.55
12.9166666667
13.5254237288
13.5
14.7
13.8666666667
12.5833333333
13.9830508475
14.7
14.4333333333
14.5666666667
14.45
13.7
14.2881355932
13.85
13.9333333333
12.8333333333
15.0833333333
14.2833333333
13.5423728814
13.0166666667
14.55
12.4666666667
13.5666666667
13.3166666667
14.3389830508
14.55
15.55
12.2333333333
13.55
15.0
13.0
13.4833333333
13.4666666667
13.8833333333
13.8666666667
13.8474576271
13.6166666667
13.9166666667
15.0333333333
14.4666666667
13.15
13.4576271186
13.2833333333
13.4912280702
--END OF 5--
14.0333333333
13.9666666667
12.5666666667
15.4833333333
14.25
13.5762711864
13.5333333333
14.6666666667
11.9666666667
14.75
15.55
12.7457627119
14.9
13.5166666667
14.1
13.4
13.3166666667
14.1016949153
14.2
15.1
14.25
13.8333333333
14.0508474576
15.05
14.8
15.4166666667
15.3
14.4166666667
14.6271186441
14.4
13.9833333333
12.9333333333
16.7333333333
14.3333333333
13.8305084746
13.2333333333
14.8833333333
12.7333333333
13.5666666667
13.6
14.9830508475
14.9
15.8333333333
12.6833333333
13.7
15.25
13.0
14.1333333333
13.9666666667
14.0833333333
14.3166666667
14.2881355932
14.1666666667
14.0833333333
15.3833333333
15.25
13.9666666667
14.1186440678
13.6333333333
13.649122807
--END OF 6--
1907.35
1919.25
1881.05
1934.7
1890.75
1856.13559322
1856.8
1837.5
1719.3
1950.65
1914.2
1790.28813559
2031.75
1894.8
2056.35
1894.8
1958.25
1901.6440678
1886.45
2109.5
1930.0
1889.1
1947.0
1978.65
1969.75
2031.9
1921.25
2018.9
1932.20338983
1864.8
1904.7
1920.75
2044.35
1911.3
1905.91525424
1871.65
1900.55
1753.6
1930.65
1812.0
1964.49152542
2019.8
2109.2
1709.35
1925.95
2045.5
1914.40677966
2027.55
1942.65
2014.5
1969.35
1832.28813559
1910.4
1888.05
1890.7
1960.5
1974.75
1928.33898305
1855.15
1913.63157895
--END OF 7--
542.0
530.2
507.016666667
520.033333333
530.083333333
528.93220339
532.483333333
520.916666667
477.366666667
537.133333333
528.033333333
508.288135593
553.6
529.65
557.9
524.35
548.15
531.152542373
532.0
586.183333333
548.166666667
523.9
546.423728814
554.083333333
557.266666667
557.45
533.616666667
555.5
533.101694915
526.2
530.75
534.45
576.6
532.6
517.06779661
511.633333333
540.15
490.216666667
532.266666667
512.25
557.559322034
569.866666667
583.933333333
471.45
530.833333333
577.583333333
517.169491525
555.8
542.15
557.05
558.45
527.423728814
537.966666667
526.166666667
547.083333333
553.416666667
531.933333333
533.949152542
518.25
534.368421053
--END OF 8--
77.8166666667
72.85
75.9333333333
87.9333333333
88.0333333333
81.2203389831
89.8166666667
97.3
70.2166666667
81.8666666667
91.2833333333
70.813559322
90.95
83.1
88.15
75.4
68.65
83.593220339
94.2833333333
77.7666666667
90.7333333333
69.65
76.4576271186
81.0333333333
81.9166666667
88.6333333333
87.85
81.15
89.3050847458
87.2
74.55
67.1
95.0
95.85
86.7966101695
75.2333333333
95.0
76.7333333333
78.7666666667
79.9833333333
88.8644067797
86.1
91.5833333333
66.7166666667
77.5166666667
84.7
76.0
75.05
93.35
85.7
86.1
84.5254237288
77.9333333333
87.5333333333
83.8333333333
95.3166666667
82.15
78.5762711864
77.3666666667
76.0877192982
--END OF 9--
4.58333333333
6.11666666667
2.98333333333
9.4
3.2
3.27118644068
2.31666666667
5.31666666667
1.9
3.5
8.18333333333
3.05084745763
3.2
3.25
4.6
3.65
2.6
2.20338983051
2.65
2.78333333333
1.88333333333
3.65
3.47457627119
5.66666666667
3.86666666667
5.2
6.5
4.06666666667
4.62711864407
4.05
4.5
1.35
6.8
2.95
3.57627118644
3.03333333333
3.86666666667
3.76666666667
0.866666666667
1.78333333333
2.61016949153
3.31666666667
4.78333333333
4.15
1.86666666667
4.1
1.50847457627
1.85
2.85
3.3
4.4
2.74576271186
5.48333333333
4.33333333333
6.55
4.0
3.73333333333
3.33898305085
2.88333333333
2.9649122807
--END OF 10--
0.5
0.5
0.116666666667
2.88333333333
0.183333333333
0.322033898305
0.216666666667
0.283333333333
0.0
0.816666666667
1.45
0.491525423729
0.35
0.4
0.5
1.3
0.7
0.813559322034
1.38333333333
0.616666666667
0.583333333333
1.35
0.0677966101695
0.366666666667
0.933333333333
1.48333333333
1.05
0.466666666667
0.389830508475
1.05
0.1
0.1
2.85
0.05
0.64406779661
0.366666666667
0.583333333333
0.416666666667
0.0
0.283333333333
0.728813559322
0.566666666667
0.433333333333
0.416666666667
0.0833333333333
0.0
0.0508474576271
0.7
0.5
0.25
0.4
0.542372881356
0.35
0.216666666667
0.0333333333333
0.65
1.31666666667
1.01694915254
0.0
0.122807017544
--END OF 11--
0.0
0.0
0.0
0.5
0.183333333333
0.322033898305
0.216666666667
0.283333333333
0.0
0.5
0.0
0.254237288136
0.25
0.0
0.0
0.0
0.0
0.237288135593
0.0
0.5
0.5
0.0
0.0
0.0
0.0
0.0
0.0
0.0
0.35593220339
0.15
0.0
0.0
0.0
0.0
0.0
0.0
0.0
0.0
0.0
0.283333333333
0.220338983051
0.0
0.0
0.0
0.0
0.0
0.0
0.0
0.0
0.0
0.4
0.542372881356
0.35
0.216666666667
0.0
0.0
0.0
0.0
0.0
0.0
--END OF 12--
