7.96666666667
7.81355932203
8.83333333333
8.93333333333
9.13333333333
9.16666666667
10.6
9.76271186441
9.65
9.55
9.51666666667
9.76666666667
10.0333333333
9.05084745763
8.8
8.13333333333
9.76666666667
8.83333333333
7.86440677966
9.18333333333
8.7
8.83333333333
9.4
9.15254237288
8.76666666667
9.01666666667
8.68333333333
8.71666666667
9.77966101695
10.6
9.63333333333
9.81666666667
8.83333333333
9.22033898305
9.7
10.8
10.1
9.2
8.57627118644
8.51666666667
8.6
9.16666666667
8.48333333333
9.48333333333
8.08474576271
9.31666666667
10.0
8.91666666667
8.65
7.69491525424
9.25
8.43333333333
8.13333333333
8.41666666667
9.2
8.15254237288
8.88333333333
8.51666666667
9.38333333333
7.75438596491
--END OF 1--
10.1166666667
10.7796610169
11.4833333333
11.3333333333
12.8
13.1666666667
13.8
13.1186440678
12.4333333333
12.5
13.15
13.3
13.3833333333
12.2542372881
11.6666666667
10.6
12.1333333333
11.9
10.1186440678
12.1666666667
11.7
11.4833333333
11.95
11.6440677966
11.6
11.8833333333
10.9833333333
11.4666666667
12.2203389831
13.8
12.3166666667
13.3166666667
11.5333333333
11.3728813559
12.75
15.5
13.65
12.3
10.4406779661
10.5
11.1
11.85
10.0
12.8333333333
10.5423728814
12.6833333333
13.35
11.8166666667
11.6
11.2033898305
12.05
10.6333333333
11.0833333333
10.6666666667
12.7
9.77966101695
11.3833333333
11.7833333333
11.6166666667
10.4912280702
--END OF 2--
10.3333333333
11.6271186441
11.4833333333
11.5833333333
12.8
13.5166666667
14.55
13.5254237288
12.7833333333
12.95
13.3
15.0666666667
14.6666666667
12.6610169492
11.7333333333
10.6333333333
12.7333333333
12.3666666667
10.5084745763
12.75
11.9
11.7333333333
12.7
11.9491525424
12.3333333333
12.35
11.3833333333
11.6166666667
12.8305084746
14.0666666667
13.0166666667
13.9666666667
12.5166666667
11.4745762712
13.55
16.4
14.4
13.05
11.4406779661
11.2333333333
11.5833333333
12.4333333333
10.1666666667
12.8333333333
10.5423728814
13.35
13.4833333333
12.1833333333
12.8
11.593220339
12.25
11.0833333333
11.4333333333
12.2666666667
13.7
10.2372881356
12.2166666667
12.85
11.6166666667
10.8947368421
--END OF 3--
7.96666666667
7.81355932203
8.83333333333
8.93333333333
9.13333333333
9.16666666667
10.6
9.76271186441
9.65
9.55
9.51666666667
9.76666666667
10.0333333333
9.05084745763
8.8
8.13333333333
9.76666666667
8.83333333333
7.86440677966
9.18333333333
8.7
8.83333333333
9.4
9.15254237288
8.76666666667
9.01666666667
8.68333333333
8.71666666667
9.77966101695
10.6
9.63333333333
9.81666666667
8.83333333333
9.22033898305
9.7
10.8
10.1
9.2
8.57627118644
8.51666666667
8.6
9.16666666667
8.48333333333
9.48333333333
8.08474576271
9.31666666667
10.0
8.91666666667
8.65
7.69491525424
9.25
8.43333333333
8.13333333333
8.41666666667
9.2
8.15254237288
8.88333333333
8.51666666667
9.38333333333
7.75438596491
--END OF 4--
10.1166666667
10.7796610169
11.4833333333
11.3333333333
12.8
13.1666666667
13.8
13.1186440678
12.4333333333
12.5
13.15
13.3
13.3833333333
12.2542372881
11.6666666667
10.6
12.1333333333
11.9
10.1186440678
12.1666666667
11.7
11.4833333333
11.95
11.6440677966
11.6
11.8833333333
10.9833333333
11.4666666667
12.2203389831
13.8
12.3166666667
13.3166666667
11.5333333333
11.3728813559
12.75
15.5
13.65
12.3
10.4406779661
10.5
11.1
11.85
10.0
12.8333333333
10.5423728814
12.6833333333
13.35
11.8166666667
11.6
11.2033898305
12.05
10.6333333333
11.0833333333
10.6666666667
12.7
9.77966101695
11.3833333333
11.7833333333
11.6166666667
10.4912280702
--END OF 5--
10.3333333333
11.6271186441
11.4833333333
11.5833333333
12.8
13.5166666667
14.55
13.5254237288
12.7833333333
12.95
13.3
15.0666666667
14.6666666667
12.6610169492
11.7333333333
10.6333333333
12.7333333333
12.3666666667
10.5084745763
12.75
11.9
11.7333333333
12.7
11.9491525424
12.3333333333
12.35
11.3833333333
11.6166666667
12.8305084746
14.0666666667
13.0166666667
13.9666666667
12.5166666667
11.4745762712
13.55
16.4
14.4
13.05
11.4406779661
11.2333333333
11.5833333333
12.4333333333
10.1666666667
12.8333333333
10.5423728814
13.35
13.4833333333
12.1833333333
12.8
11.593220339
12.25
11.0833333333
11.4333333333
12.2666666667
13.7
10.2372881356
12.2166666667
12.85
11.6166666667
10.8947368421
--END OF 6--
1596.1
1666.88135593
1777.05
1800.3
1878.9
1958.55
2041.95
1928.03389831
1927.3
1925.15
1904.15
2011.65
1958.4
1859.54237288
1787.8
1636.6
1902.7
1740.5
1679.03389831
1834.25
1844.1
1708.65
1844.25
1876.83050847
1797.7
1817.85
1679.7
1825.65
1897.37288136
2029.45
1899.95
1973.9
1749.7
1717.83050847
2010.15
2138.85
1939.8
1770.75
1613.18644068
1699.4
1778.7
1869.45
1660.4
1955.4
1622.23728814
1876.9
1921.6
1809.85
1803.0
1684.11864407
1866.45
1780.35
1709.55
1758.45
1983.6
1591.93220339
1773.75
1826.6
1847.55
1628.84210526
--END OF 7--
439.233333333
452.457627119
489.25
511.2
528.833333333
532.05
567.25
522.033898305
514.033333333
520.116666667
531.05
561.116666667
551.016666667
522.525423729
486.716666667
445.35
528.483333333
480.183333333
456.813559322
506.316666667
507.85
479.1
502.5
513.949152542
490.166666667
502.183333333
465.1
485.6
525.559322034
552.033333333
519.116666667
547.683333333
485.766666667
495.576271186
541.9
588.65
539.85
499.0
455.322033898
465.8
496.966666667
513.016666667
454.916666667
533.35
447.745762712
514.483333333
532.083333333
507.283333333
482.016666667
459.322033898
516.7
486.6
469.35
493.9
527.8
429.525423729
488.3
507.116666667
500.95
458.596491228
--END OF 8--
48.5333333333
62.7118644068
55.45
55.85
79.15
74.55
72.55
67.2542372881
65.8166666667
66.05
68.7833333333
74.1166666667
73.0833333333
58.9661016949
63.9833333333
54.05
58.5833333333
64.7
47.2542372881
69.9833333333
68.25
57.55
57.9
62.2203389831
61.0
61.9166666667
55.7333333333
65.5833333333
54.6440677966
72.9166666667
66.5166666667
73.75
57.05
55.3389830508
64.75
97.75
79.3
70.4
51.1186440678
58.7333333333
68.5333333333
59.45
50.9166666667
71.1333333333
51.9830508475
57.6333333333
70.1166666667
70.3833333333
68.2833333333
67.6610169492
69.15
50.9
56.3
56.8
75.8
43.6101694915
54.4
66.3666666667
50.3166666667
58.5789473684
--END OF 9--
2.58333333333
1.4406779661
1.2
0.95
1.76666666667
3.6
3.55
3.77966101695
2.63333333333
2.38333333333
2.58333333333
5.05
4.33333333333
4.18644067797
2.63333333333
1.93333333333
2.9
2.58333333333
0.796610169492
2.38333333333
1.25
1.2
2.05
1.84745762712
2.41666666667
3.71666666667
1.83333333333
1.5
2.54237288136
4.2
2.88333333333
4.68333333333
4.01666666667
0.694915254237
5.55
6.2
3.6
3.65
2.57627118644
1.56666666667
1.98333333333
3.63333333333
0.766666666667
2.55
1.50847457627
7.7
3.4
1.45
2.78333333333
1.52542372881
1.9
2.15
2.6
2.95
6.15
1.25423728814
3.83333333333
3.76666666667
1.61666666667
3.98245614035
--END OF 10--
0.116666666667
1.40677966102
0.0
0.0
0.0
0.0
0.95
0.559322033898
0.233333333333
0.766666666667
0.583333333333
3.21666666667
1.53333333333
0.677966101695
0.0
0.0
0.5
0.466666666667
0.64406779661
1.03333333333
0.2
0.5
1.1
0.406779661017
1.16666666667
0.833333333333
0.583333333333
0.416666666667
1.01694915254
0.633333333333
1.13333333333
0.916666666667
1.68333333333
0.440677966102
1.25
1.45
1.05
0.95
1.61016949153
0.55
0.366666666667
0.433333333333
0.0666666666667
0.0
0.0
1.01666666667
0.5
0.6
1.85
0.542372881356
0.0
0.55
0.5
2.35
1.1
0.542372881356
1.55
1.41666666667
0.0
0.526315789474
--END OF 11--
0.116666666667
0.389830508475
0.0
0.0
0.0
0.0
0.0
0.508474576271
0.0
0.0
0.0833333333333
0.916666666667
1.3
0.203389830508
0.0
0.0
0.0
0.0
0.0
0.3
0.2
0.0
0.0
0.0
0.0
0.5
0.0
0.0
0.0
0.0
0.0
0.466666666667
0.533333333333
0.0
0.05
0.45
0.4
0.6
0.0847457627119
0.416666666667
0.0
0.0
0.0
0.0
0.0
0.0
0.0
0.116666666667
0.883333333333
0.508474576271
0.0
0.3
0.25
0.75
0.2
0.508474576271
0.0833333333333
0.416666666667
0.0
0.0
--END OF 12--
