9.58333333333
10.3333333333
10.35
10.3833333333
9.59322033898
11.0666666667
9.88333333333
9.75
9.78333333333
10.4833333333
10.1833333333
10.4237288136
9.95
9.5
10.5166666667
9.6
9.77966101695
9.55
9.9
9.95
11.15
9.96666666667
9.32203389831
9.71666666667
9.46666666667
9.98333333333
9.81666666667
9.42372881356
9.45
10.3
10.1
10.6
8.69491525424
9.93333333333
9.11666666667
8.93333333333
9.05
10.3
10.5423728814
9.71666666667
10.5166666667
9.76666666667
10.9666666667
9.54237288136
9.85
9.4
9.98333333333
9.61666666667
9.45
9.16949152542
9.0
9.4
10.4333333333
9.75
8.77966101695
9.5
9.43333333333
9.63333333333
10.0333333333
9.55769230769
--END OF 1--
13.7166666667
14.1666666667
13.6666666667
14.1666666667
12.813559322
14.15
13.05
13.3166666667
14.35
14.3666666667
13.5833333333
14.6949152542
13.5
12.25
14.2666666667
12.6
12.8305084746
13.1
13.6833333333
13.2833333333
13.7166666667
13.5166666667
13.2203389831
12.55
13.5166666667
12.65
13.3
13.3898305085
12.25
13.3
13.7
14.8
12.1525423729
13.2833333333
13.0333333333
12.8166666667
12.7
13.55
13.7966101695
12.9166666667
14.4
13.2666666667
13.8833333333
13.2881355932
12.8
12.3
12.7833333333
13.4333333333
13.25
12.813559322
12.1666666667
12.3666666667
13.4
13.4666666667
12.2033898305
12.8166666667
12.6333333333
12.8333333333
13.1
13.25
--END OF 2--
13.8833333333
14.25
14.6666666667
14.6666666667
13.593220339
14.15
13.5
13.6333333333
14.8833333333
14.6666666667
13.95
15.6101694915
14.55
12.4
14.2666666667
13.05
14.3389830508
13.85
13.8
13.7166666667
14.3833333333
14.3166666667
13.3728813559
12.9666666667
14.7
13.3166666667
13.8833333333
13.6949152542
12.7
13.85
13.95
15.4
12.3050847458
13.3166666667
13.8333333333
13.3333333333
13.25
13.7
14.1016949153
13.2833333333
15.4833333333
13.7333333333
14.3666666667
13.8983050847
12.9
13.2
12.7833333333
13.7333333333
14.45
14.3389830508
12.4666666667
13.2833333333
14.4833333333
13.7666666667
12.6101694915
13.1833333333
13.3333333333
14.7666666667
14.1333333333
13.5769230769
--END OF 3--
9.58333333333
10.3333333333
10.35
10.3833333333
9.59322033898
11.0666666667
9.88333333333
9.75
9.78333333333
10.4833333333
10.1833333333
10.4237288136
9.95
9.5
10.5166666667
9.6
9.77966101695
9.55
9.9
9.95
11.15
9.96666666667
9.32203389831
9.71666666667
9.46666666667
9.98333333333
9.81666666667
9.42372881356
9.45
10.3
10.1
10.6
8.69491525424
9.93333333333
9.11666666667
8.93333333333
9.05
10.3
10.5423728814
9.71666666667
10.5166666667
9.76666666667
10.9666666667
9.54237288136
9.85
9.4
9.98333333333
9.61666666667
9.45
9.16949152542
9.0
9.4
10.4333333333
9.75
8.77966101695
9.5
9.43333333333
9.63333333333
10.0333333333
9.55769230769
--END OF 4--
13.7166666667
14.1666666667
13.6666666667
14.1666666667
12.813559322
14.15
13.05
13.3166666667
14.35
14.3666666667
13.5833333333
14.6949152542
13.5
12.25
14.2666666667
12.6
12.8305084746
13.1
13.6833333333
13.2833333333
13.7166666667
13.5166666667
13.2203389831
12.55
13.5166666667
12.65
13.3
13.3898305085
12.25
13.3
13.7
14.8
12.1525423729
13.2833333333
13.0333333333
12.8166666667
12.7
13.55
13.7966101695
12.9166666667
14.4
13.2666666667
13.8833333333
13.2881355932
12.8
12.3
12.7833333333
13.4333333333
13.25
12.813559322
12.1666666667
12.3666666667
13.4
13.4666666667
12.2033898305
12.8166666667
12.6333333333
12.8333333333
13.1
13.25
--END OF 5--
13.8833333333
14.25
14.6666666667
14.6666666667
13.593220339
14.15
13.5
13.6333333333
14.8833333333
14.6666666667
13.95
15.6101694915
14.55
12.4
14.2666666667
13.05
14.3389830508
13.85
13.8
13.7166666667
14.3833333333
14.3166666667
13.3728813559
12.9666666667
14.7
13.3166666667
13.8833333333
13.6949152542
12.7
13.85
13.95
15.4
12.3050847458
13.3166666667
13.8333333333
13.3333333333
13.25
13.7
14.1016949153
13.2833333333
15.4833333333
13.7333333333
14.3666666667
13.8983050847
12.9
13.2
12.7833333333
13.7333333333
14.45
14.3389830508
12.4666666667
13.2833333333
14.4833333333
13.7666666667
12.6101694915
13.1833333333
13.3333333333
14.7666666667
14.1333333333
13.5769230769
--END OF 6--
1925.7
2009.15
1983.1
1966.8
1864.98305085
2037.2
2053.9
1943.15
1987.05
2023.6
2017.05
2050.42372881
1908.0
1908.0
2077.35
1991.55
2109.61016949
1985.6
2018.55
1928.45
2127.2
1984.85
1914.10169492
1904.5
1950.65
1915.0
1967.85
1915.98305085
1847.25
1943.25
1975.35
2050.95
1831.77966102
1988.55
1934.35
1894.2
1948.35
1946.45
2037.3559322
1885.75
2005.8
1921.65
2039.15
1863.71186441
1887.15
1759.95
1906.2
1887.45
1943.55
1919.44067797
1877.8
1909.85
1991.7
1905.65
1815.0
1831.5
1879.35
1869.7
1975.8
1875.75
--END OF 7--
529.533333333
562.116666667
554.0
552.566666667
521.0
574.616666667
556.45
536.95
558.25
565.2
559.633333333
569.694915254
540.65
515.2
570.05
551.95
568.305084746
535.833333333
552.666666667
532.35
580.65
549.933333333
524.711864407
527.916666667
537.016666667
531.133333333
544.333333333
536.610169492
499.7
543.05
544.2
566.05
495.338983051
556.4
537.966666667
520.783333333
537.05
541.266666667
548.508474576
523.9
568.15
530.566666667
574.8
517.322033898
526.0
497.5
529.2
515.35
520.2
531.915254237
510.05
527.933333333
559.05
527.766666667
492.322033898
502.2
529.35
526.8
543.016666667
512.826923077
--END OF 8--
85.2833333333
80.5833333333
87.9333333333
83.0833333333
74.186440678
82.3666666667
68.8166666667
83.3166666667
80.2333333333
76.7333333333
69.6333333333
81.406779661
82.85
66.25
73.2
67.8
63.0169491525
80.3
70.2666666667
75.1166666667
67.1333333333
76.05
74.4745762712
70.85
71.8833333333
69.7
66.2
78.5593220339
65.95
76.3
72.05
84.85
68.2542372881
69.0666666667
75.6666666667
82.7333333333
74.8833333333
71.9166666667
72.9661016949
73.4666666667
78.75
65.1666666667
71.3666666667
75.6949152542
61.0
62.5
59.0
72.7666666667
79.7
72.2881355932
67.8833333333
64.8166666667
77.7833333333
78.3
68.0677966102
61.1
65.7
75.4166666667
63.6166666667
84.5192307692
--END OF 9--
2.9
2.41666666667
1.68333333333
2.85
2.25423728814
1.31666666667
3.31666666667
3.26666666667
3.16666666667
4.26666666667
2.33333333333
3.74576271186
3.15
2.55
1.95
2.75
4.54237288136
3.31666666667
3.2
3.46666666667
4.21666666667
4.76666666667
1.96610169492
3.35
6.15
2.85
4.76666666667
3.77966101695
1.35
2.4
3.35
3.55
2.32203389831
2.28333333333
4.9
3.11666666667
1.5
3.36666666667
3.16949152542
2.3
6.35
4.15
2.13333333333
3.59322033898
2.9
3.1
2.0
4.85
5.3
6.33898305085
2.81666666667
3.33333333333
3.55
3.11666666667
2.67796610169
4.5
3.35
5.0
2.76666666667
2.48076923077
--END OF 10--
0.383333333333
0.0333333333333
0.9
0.0666666666667
1.01694915254
0.0
0.366666666667
0.7
0.933333333333
0.5
0.3
1.77966101695
1.25
0.0
0.0
0.25
2.37288135593
1.15
0.266666666667
0.733333333333
0.95
1.31666666667
0.0
0.0666666666667
1.43333333333
1.25
0.75
0.35593220339
0.4
0.7
0.55
1.15
0.35593220339
0.133333333333
0.65
0.716666666667
1.0
0.333333333333
0.491525423729
0.6
1.18333333333
0.766666666667
0.733333333333
1.01694915254
0.05
1.45
0.0
0.3
1.6
2.4406779661
0.333333333333
1.46666666667
2.03333333333
0.166666666667
0.372881355932
0.6
0.983333333333
3.33333333333
1.76666666667
0.711538461538
--END OF 11--
0.0
0.0333333333333
0.466666666667
0.0
0.0
0.0
0.0
0.0
0.5
0.0
0.0
0.508474576271
1.0
0.0
0.0
0.0
0.508474576271
0.0
0.0
0.0
0.0
0.5
0.0
0.0
0.5
0.0
0.0
0.35593220339
0.15
0.0
0.5
0.0
0.0
0.0
0.0
0.0
0.5
0.0
0.0
0.416666666667
0.0833333333333
0.5
0.5
0.0
0.0
0.0
0.0
0.0
0.45
0.0508474576271
0.333333333333
0.6
0.566666666667
0.0
0.0
0.0
0.116666666667
0.85
0.0333333333333
0.0
--END OF 12--
