14.15
13.65
13.6
14.813559322
13.6166666667
13.8666666667
14.15
12.95
13.9666666667
14.2203389831
14.95
14.3166666667
13.3
13.4666666667
13.1833333333
14.1525423729
12.5
13.7833333333
12.6
13.4333333333
13.813559322
12.5833333333
12.9
13.0166666667
13.7333333333
12.2881355932
13.3666666667
14.1166666667
13.0833333333
12.7166666667
13.3
13.2033898305
12.8666666667
13.9833333333
13.75
13.0666666667
12.3050847458
13.35
13.2333333333
12.5333333333
13.6333333333
12.7666666667
13.186440678
12.8833333333
13.7
13.0666666667
12.4833333333
12.6271186441
13.6333333333
13.15
12.6
12.85
12.813559322
14.0333333333
12.7166666667
12.6333333333
13.3166666667
12.8305084746
14.2166666667
13.6206896552
--END OF 1--
18.6
17.75
19.65
18.8644067797
18.4666666667
18.7833333333
18.85
18.0166666667
19.2666666667
18.4915254237
20.2
19.95
18.8333333333
19.0833333333
18.7666666667
19.2033898305
16.95
20.8333333333
16.15
19.3
19.3559322034
17.4
18.7166666667
17.7333333333
18.3333333333
16.7627118644
18.2666666667
18.9666666667
17.15
18.2
17.9833333333
17.2033898305
17.8666666667
16.8333333333
17.4
17.8666666667
16.3220338983
17.6166666667
17.55
16.8333333333
18.8666666667
17.4666666667
18.5762711864
17.6
18.1166666667
17.0833333333
17.4666666667
17.1525423729
18.9833333333
18.7
17.0
18.15
17.8305084746
18.6
18.7666666667
17.2666666667
17.2666666667
16.7796610169
19.55
18.4137931034
--END OF 2--
20.05
18.25
20.75
20.8813559322
19.8833333333
20.45
19.3833333333
18.1166666667
19.3
19.2203389831
21.1166666667
20.4333333333
19.0833333333
19.5
19.7
19.813559322
17.3
21.2333333333
16.45
20.1
19.7966101695
18.3833333333
19.4
19.55
19.2
17.6949152542
18.7166666667
19.6333333333
17.7333333333
18.9
18.3166666667
18.9322033898
18.5166666667
17.6333333333
17.55
18.7166666667
16.7796610169
18.35
17.8
18.1666666667
20.3333333333
17.7666666667
18.9661016949
17.7833333333
18.2666666667
17.0833333333
17.4666666667
17.406779661
18.9833333333
19.9
18.6
18.45
18.2711864407
19.35
19.1833333333
17.85
18.0166666667
16.9661016949
19.85
19.8620689655
--END OF 3--
14.15
13.65
13.6
14.813559322
13.6166666667
13.8666666667
14.15
12.95
13.9666666667
14.2203389831
14.95
14.3166666667
13.3
13.4666666667
13.1833333333
14.1525423729
12.5
13.7833333333
12.6
13.4333333333
13.813559322
12.5833333333
12.9
13.0166666667
13.7333333333
12.2881355932
13.3666666667
14.1166666667
13.0833333333
12.7166666667
13.3
13.2033898305
12.8666666667
13.9833333333
13.75
13.0666666667
12.3050847458
13.35
13.2333333333
12.5333333333
13.6333333333
12.7666666667
13.186440678
12.8833333333
13.7
13.0666666667
12.4833333333
12.6271186441
13.6333333333
13.15
12.6
12.85
12.813559322
14.0333333333
12.7166666667
12.6333333333
13.3166666667
12.8305084746
14.2166666667
13.6206896552
--END OF 4--
18.6
17.75
19.65
18.8644067797
18.4666666667
18.7833333333
18.85
18.0166666667
19.2666666667
18.4915254237
20.2
19.95
18.8333333333
19.0833333333
18.7666666667
19.2033898305
16.95
20.8333333333
16.15
19.3
19.3559322034
17.4
18.7166666667
17.7333333333
18.3333333333
16.7627118644
18.2666666667
18.9666666667
17.15
18.2
17.9833333333
17.2033898305
17.8666666667
16.8333333333
17.4
17.8666666667
16.3220338983
17.6166666667
17.55
16.8333333333
18.8666666667
17.4666666667
18.5762711864
17.6
18.1166666667
17.0833333333
17.4666666667
17.1525423729
18.9833333333
18.7
17.0
18.15
17.8305084746
18.6
18.7666666667
17.2666666667
17.2666666667
16.7796610169
19.55
18.4137931034
--END OF 5--
20.05
18.25
20.75
20.8813559322
19.8833333333
20.45
19.3833333333
18.1166666667
19.3
19.2203389831
21.1166666667
20.4333333333
19.0833333333
19.5
19.7
19.813559322
17.3
21.2333333333
16.45
20.1
19.7966101695
18.3833333333
19.4
19.55
19.2
17.6949152542
18.7166666667
19.6333333333
17.7333333333
18.9
18.3166666667
18.9322033898
18.5166666667
17.6333333333
17.55
18.7166666667
16.7796610169
18.35
17.8
18.1666666667
20.3333333333
17.7666666667
18.9661016949
17.7833333333
18.2666666667
17.0833333333
17.4666666667
17.406779661
18.9833333333
19.9
18.6
18.45
18.2711864407
19.35
19.1833333333
17.85
18.0166666667
16.9661016949
19.85
19.8620689655
--END OF 6--
2567.4
2452.2
2661.0
2738.44067797
2642.05
2631.6
2672.25
2568.5
2546.7
2591.28813559
2756.35
2654.8
2497.85
2587.3
2597.6
2689.16949153
2414.4
2579.4
2371.5
2540.75
2603.74576271
2488.1
2507.25
2476.95
2499.6
2408.6440678
2470.7
2675.6
2490.8
2432.5
2529.3
2444.69491525
2421.0
2544.6
2509.65
2425.8
2325.76271186
2583.95
2581.7
2483.4
2572.6
2457.1
2552.94915254
2410.65
2475.85
2443.7
2340.45
2373.76271186
2578.05
2551.5
2353.95
2496.3
2428.98305085
2595.8
2510.55
2470.25
2438.8
2389.16949153
2580.7
2509.0862069
--END OF 7--
734.95
704.35
740.4
760.627118644
729.3
727.933333333
763.366666667
722.983333333
740.383333333
727.271186441
774.783333333
753.933333333
705.6
715.066666667
721.15
738.050847458
664.1
746.35
665.75
729.6
726.033898305
687.583333333
688.8
696.683333333
705.15
662.0
705.566666667
752.733333333
692.5
688.816666667
708.2
692.033898305
686.55
714.1
709.65
686.75
648.813559322
701.533333333
703.116666667
692.0
721.533333333
686.066666667
708.322033898
689.166666667
709.316666667
680.2
671.116666667
666.644067797
730.25
712.15
663.65
686.1
671.983050847
734.05
705.05
685.766666667
700.633333333
682.220338983
728.283333333
705.982758621
--END OF 8--
102.2
102.6
123.05
105.101694915
108.883333333
113.483333333
108.233333333
113.533333333
116.816666667
102.491525424
132.366666667
122.633333333
106.85
110.3
110.95
111.271186441
102.4
132.85
78.5
110.883333333
104.559322034
97.0666666667
116.05
103.8
98.0
102.084745763
112.25
107.316666667
98.9
109.483333333
101.383333333
93.8305084746
105.85
80.25
85.05
99.45
79.5762711864
103.766666667
96.8166666667
100.466666667
107.933333333
110.333333333
110.745762712
101.8
104.383333333
96.8833333333
92.4833333333
94.9152542373
98.05
108.35
97.0
108.35
109.440677966
110.166666667
115.033333333
100.333333333
89.5166666667
89.7796610169
109.6
109.534482759
--END OF 9--
4.85
1.8
6.35
5.4406779661
5.05
5.31666666667
3.01666666667
2.68333333333
1.4
2.49152542373
3.76666666667
3.53333333333
4.33333333333
2.8
2.86666666667
3.89830508475
3.1
6.7
3.15
5.43333333333
5.98305084746
4.81666666667
4.46666666667
5.81666666667
4.71666666667
4.35593220339
2.96666666667
3.81666666667
3.0
4.0
2.48333333333
5.5593220339
4.55
1.9
2.4
5.75
4.69491525424
3.36666666667
3.28333333333
5.61666666667
7.85
2.83333333333
4.86440677966
1.96666666667
2.5
2.01666666667
3.1
4.03389830508
5.4
6.95
5.7
4.35
3.74576271186
3.31666666667
4.96666666667
2.26666666667
5.21666666667
3.35593220339
6.13333333333
6.77586206897
--END OF 10--
1.7
0.85
1.2
3.33898305085
1.91666666667
2.3
1.03333333333
0.166666666667
0.0333333333333
0.983050847458
1.21666666667
0.783333333333
0.5
0.716666666667
1.3
1.0
0.15
0.35
0.5
1.15
0.440677966102
1.51666666667
0.833333333333
2.11666666667
1.2
1.57627118644
0.633333333333
1.38333333333
0.833333333333
0.666666666667
0.383333333333
2.84745762712
1.15
0.8
0.25
0.65
0.864406779661
0.733333333333
0.55
1.88333333333
1.83333333333
0.333333333333
0.64406779661
0.0333333333333
0.0
0.0
0.0
0.508474576271
0.0
1.45
2.5
0.35
0.389830508475
1.08333333333
0.733333333333
0.616666666667
1.26666666667
0.118644067797
0.0
2.08620689655
--END OF 11--
0.55
0.45
0.0
0.508474576271
0.0
0.5
0.0
0.0
0.0333333333333
0.474576271186
0.0
0.0
0.0
0.216666666667
0.283333333333
0.508474576271
0.0
0.0
0.0
0.7
0.305084745763
0.35
0.616666666667
0.483333333333
0.516666666667
0.0
0.0
0.0
0.216666666667
0.666666666667
0.383333333333
0.0
0.0
0.0
0.0
0.5
0.508474576271
0.5
0.0
0.5
0.5
0.0
0.0
0.0
0.0
0.0
0.0
0.0
0.0
0.7
0.8
0.3
0.203389830508
0.0
0.5
0.183333333333
0.816666666667
0.0
0.0
0.51724137931
--END OF 12--
