24.5833333333
23.85
24.8474576271
23.0
22.9666666667
24.7666666667
25.1333333333
24.5333333333
25.0
24.4576271186
23.7
24.8
24.4166666667
25.2666666667
24.0833333333
23.7457627119
24.6166666667
24.0333333333
24.3166666667
24.9333333333
25.1016949153
24.35
23.95
24.4333333333
24.2833333333
25.7333333333
25.1525423729
25.35
23.5666666667
25.0166666667
24.15
24.7457627119
23.85
23.9333333333
24.5666666667
24.1
25.9333333333
24.8644067797
25.1666666667
25.5
24.0666666667
24.0166666667
24.8644067797
25.0166666667
25.5333333333
26.3333333333
25.3
24.3
25.0338983051
24.4333333333
25.8
24.6666666667
24.6666666667
23.593220339
24.0833333333
24.75
25.3666666667
24.95
24.8666666667
25.9298245614
--END OF 1--
34.1833333333
33.4666666667
34.4406779661
33.1333333333
33.2166666667
34.1833333333
34.8666666667
34.3666666667
34.2166666667
33.5084745763
33.1166666667
35.1166666667
33.8333333333
36.0833333333
34.9333333333
35.3728813559
34.8333333333
33.4666666667
34.0833333333
35.8833333333
35.6101694915
33.4166666667
32.7333333333
34.45
33.7833333333
35.6833333333
34.7796610169
35.15
32.7166666667
34.4833333333
34.6333333333
34.8305084746
33.35
34.9166666667
33.9666666667
32.4
35.5833333333
35.3050847458
34.9833333333
35.3166666667
34.0333333333
35.15
33.2881355932
35.8333333333
36.7166666667
35.95
35.8166666667
34.2833333333
34.2203389831
35.5166666667
34.2
35.0166666667
33.95
33.0677966102
33.8666666667
34.4333333333
35.0833333333
35.4833333333
34.6
35.6140350877
--END OF 2--
36.2333333333
35.65
36.1016949153
34.75
34.5833333333
35.85
37.9166666667
36.2
35.7833333333
34.2711864407
34.0833333333
36.5666666667
35.1333333333
36.4666666667
36.2833333333
36.9322033898
35.3333333333
35.5833333333
35.2333333333
36.8
36.3898305085
36.5666666667
33.7166666667
35.9
34.7833333333
37.1166666667
36.2711864407
36.3833333333
33.35
35.4166666667
34.7166666667
36.4576271186
34.05
35.9666666667
34.5666666667
34.1
36.3333333333
36.0847457627
35.7833333333
37.6
35.8166666667
36.7
34.4915254237
37.55
37.45
36.2833333333
37.55
35.3666666667
36.0
36.8
34.5
36.0333333333
34.8166666667
34.2711864407
35.1333333333
35.5666666667
36.55
36.7
35.3833333333
36.4035087719
--END OF 3--
22.3833333333
22.0833333333
22.6610169492
21.5333333333
21.2666666667
22.5333333333
22.75
22.3833333333
22.5833333333
22.5254237288
21.75
22.6666666667
22.3166666667
22.9166666667
22.15
21.7966101695
22.2833333333
21.9166666667
22.3
22.3
22.7966101695
22.3833333333
22.1833333333
22.35
22.4333333333
23.05
22.8474576271
22.95
22.0833333333
22.8166666667
22.1166666667
22.5084745763
21.85
22.0666666667
22.5666666667
22.15
23.1166666667
22.7457627119
22.9333333333
23.0166666667
22.1
22.1666666667
22.7627118644
22.8666666667
22.95
23.3833333333
22.9333333333
22.3333333333
22.7627118644
22.3
23.05
22.65
22.55
21.9830508475
22.3
22.7666666667
23.05
22.65
22.6
23.1403508772
--END OF 4--
32.2833333333
31.9166666667
32.3559322034
31.4666666667
31.5666666667
32.2
32.7666666667
32.2666666667
32.2
31.8813559322
31.3333333333
32.8166666667
31.9666666667
33.5833333333
32.5833333333
32.7288135593
32.4
31.6166666667
32.2
32.9833333333
33.0
31.85
31.4666666667
32.4333333333
32.1
33.1833333333
32.6779661017
32.8
31.3833333333
32.5333333333
32.4833333333
32.5423728814
31.75
32.5666666667
32.0666666667
31.35
33.0833333333
33.0508474576
32.7166666667
33.0166666667
32.1833333333
32.6833333333
31.7966101695
33.2833333333
33.7333333333
33.3
33.25
32.4166666667
32.406779661
33.1166666667
32.15
32.8166666667
32.15
31.7118644068
31.9833333333
32.4166666667
32.75
32.9
32.6
32.9824561404
--END OF 5--
36.2333333333
35.65
36.1016949153
34.75
34.5833333333
35.85
37.9166666667
36.2
35.7833333333
34.2711864407
34.0833333333
36.5666666667
35.1333333333
36.4666666667
36.2833333333
36.9322033898
35.3333333333
35.5833333333
35.2333333333
36.8
36.3898305085
36.5666666667
33.7166666667
35.9
34.7833333333
37.1166666667
36.2711864407
36.3833333333
33.35
35.4166666667
34.7166666667
36.4576271186
34.05
35.9666666667
34.5666666667
34.1
36.3333333333
36.0847457627
35.7833333333
37.6
35.8166666667
36.7
34.4915254237
37.55
37.45
36.2833333333
37.55
35.3666666667
36.0
36.8
34.5
36.0333333333
34.8166666667
34.2711864407
35.1333333333
35.5666666667
36.55
36.7
35.3833333333
36.4035087719
--END OF 6--
4406.4
4353.95
4512.86440678
4351.4
4473.45
4602.25
4557.8
4613.15
4500.75
4457.79661017
4394.0
4456.25
4433.2
4547.5
4423.15
4551.05084746
4543.3
4483.15
4503.6
4609.45
4546.52542373
4392.9
4250.2
4504.3
4461.05
4639.25
4534.42372881
4592.8
4228.1
4494.95
4419.75
4629.91525424
4522.8
4416.9
4539.75
4399.8
4619.4
4504.11864407
4561.3
4583.6
4502.4
4553.4
4478.69491525
4579.25
4727.35
4729.95
4653.65
4485.2
4593.86440678
4491.5
4511.1
4506.95
4463.95
4407.71186441
4524.45
4442.6
4525.6
4535.2
4587.5
4622.21052632
--END OF 7--
1247.35
1212.98333333
1255.27118644
1213.61666667
1226.88333333
1249.85
1270.88333333
1281.1
1260.46666667
1234.52542373
1229.15
1266.08333333
1244.13333333
1279.66666667
1250.63333333
1275.30508475
1283.8
1267.63333333
1243.45
1312.46666667
1286.55932203
1246.35
1218.58333333
1268.58333333
1236.16666667
1316.26666667
1282.52542373
1280.83333333
1189.58333333
1257.5
1240.31666667
1293.50847458
1241.0
1242.7
1274.95
1218.65
1313.2
1264.0
1279.4
1284.55
1240.76666667
1258.71666667
1246.13559322
1292.85
1314.58333333
1346.05
1305.18333333
1247.45
1268.66101695
1268.5
1280.9
1266.05
1257.65
1221.13559322
1257.33333333
1228.9
1295.16666667
1274.66666667
1264.2
1313.0
--END OF 8--
222.5
196.7
217.050847458
201.683333333
210.783333333
199.65
200.066666667
207.683333333
204.716666667
216.338983051
195.5
207.383333333
202.483333333
213.966666667
206.683333333
216.389830508
210.583333333
200.933333333
214.25
222.866666667
221.542372881
195.35
182.666666667
205.783333333
194.483333333
209.216666667
206.508474576
204.433333333
201.133333333
217.516666667
218.166666667
219.593220339
202.35
214.8
203.45
181.25
207.7
208.220338983
220.466666667
223.783333333
202.4
205.883333333
192.762711864
213.9
232.15
220.0
218.283333333
203.833333333
198.406779661
210.933333333
185.45
214.15
196.333333333
199.949152542
207.316666667
213.333333333
201.3
216.133333333
195.55
208.421052632
--END OF 9--
9.25
13.6
8.64406779661
7.96666666667
7.63333333333
6.7
12.7666666667
11.1166666667
8.73333333333
6.27118644068
10.15
11.0166666667
8.26666666667
12.8166666667
9.75
12.186440678
4.65
8.96666666667
7.31666666667
9.85
7.22033898305
14.7166666667
8.48333333333
7.26666666667
9.91666666667
9.21666666667
8.1186440678
8.93333333333
6.38333333333
4.6
6.1
6.5593220339
6.5
12.0
6.1
9.85
4.66666666667
11.7457627119
5.61666666667
9.26666666667
13.6333333333
14.2
6.15254237288
10.4833333333
9.0
6.56666666667
11.9333333333
8.45
8.13559322034
9.45
4.1
8.11666666667
6.25
5.37288135593
6.95
9.46666666667
8.61666666667
11.95
8.5
7.89473684211
--END OF 10--
2.15
2.73333333333
2.18644067797
1.8
1.63333333333
2.78333333333
4.53333333333
3.18333333333
2.55
0.966101694915
0.816666666667
2.48333333333
1.48333333333
0.716666666667
1.96666666667
1.61016949153
0.5
2.58333333333
1.16666666667
0.833333333333
1.32203389831
3.58333333333
1.01666666667
1.75
1.38333333333
1.7
1.4406779661
2.18333333333
0.5
1.61666666667
0.0
2.33898305085
0.7
1.28333333333
0.95
2.35
1.15
1.01694915254
1.25
2.76666666667
1.65
1.43333333333
1.76271186441
2.68333333333
1.4
0.616666666667
2.31666666667
2.06666666667
2.62711864407
1.7
0.7
1.11666666667
1.11666666667
2.20338983051
1.23333333333
0.85
1.9
2.01666666667
1.26666666667
1.05263157895
--END OF 11--
1.0
0.0
0.508474576271
0.633333333333
0.216666666667
0.616666666667
0.533333333333
0.466666666667
0.0
0.0
0.0
0.0
0.35
0.0
0.0
0.0677966101695
0.1
0.35
0.3
0.416666666667
0.0
1.0
0.0
1.1
0.6
0.566666666667
0.271186440678
0.266666666667
0.3
0.433333333333
0.0
1.01694915254
0.0
0.0
0.0
0.45
0.05
0.0
0.166666666667
0.0
0.0
0.0
0.508474576271
0.5
0.0
0.0
0.0
0.0
0.0
0.0
0.0
0.4
0.0
0.0
0.0
0.266666666667
0.0
0.0
0.0
0.0
--END OF 12--
