14.2
14.95
16.1666666667
15.6
15.6
14.5254237288
14.3166666667
14.8166666667
14.7333333333
14.8333333333
13.5833333333
15.0847457627
15.15
16.2333333333
13.35
14.1833333333
14.4333333333
15.4576271186
14.2666666667
15.1333333333
15.1666666667
14.6833333333
15.4915254237
14.8833333333
14.15
14.9
15.2833333333
15.3333333333
13.4237288136
14.6833333333
13.9833333333
14.8833333333
16.0833333333
14.7333333333
15.186440678
13.9833333333
15.6166666667
15.5833333333
15.9666666667
14.0338983051
14.35
13.7333333333
13.95
13.65
15.05
14.1016949153
14.1
14.55
14.0333333333
14.0666666667
14.9661016949
14.2166666667
15.1166666667
15.35
13.5666666667
14.3333333333
15.1186440678
14.2666666667
14.6
15.2931034483
--END OF 1--
18.7333333333
19.8
20.2833333333
20.75
22.4833333333
19.7796610169
20.6166666667
20.1666666667
21.3333333333
19.8833333333
17.9333333333
21.0
19.4166666667
20.95
19.05
18.3833333333
18.9666666667
20.1694915254
18.1166666667
19.5666666667
20.3
19.3166666667
20.3559322034
19.7666666667
18.6
19.25
19.9333333333
20.4833333333
19.2033898305
19.9833333333
18.8333333333
19.6
22.55
19.35
20.5254237288
18.9166666667
19.75
20.8833333333
20.9666666667
18.4237288136
19.1666666667
18.5833333333
18.35
17.9
19.25
18.2033898305
18.5
19.2333333333
18.8333333333
19.2333333333
19.0338983051
19.7833333333
19.8166666667
19.4833333333
18.05
19.15
19.5084745763
19.3666666667
19.25
21.0172413793
--END OF 2--
18.7333333333
20.1333333333
21.2333333333
21.5333333333
23.1833333333
20.3389830508
20.7666666667
20.9666666667
21.8833333333
20.1833333333
18.1833333333
21.3898305085
20.2833333333
21.55
19.2
19.6
19.9666666667
21.0508474576
18.3
20.0833333333
21.7
20.0666666667
21.6101694915
20.3166666667
19.1
21.0333333333
20.05
21.1333333333
20.2372881356
20.2666666667
19.2666666667
20.5833333333
23.1333333333
20.55
21.186440678
19.5166666667
21.05
21.1166666667
21.4666666667
18.7288135593
19.5666666667
19.1333333333
18.85
18.45
19.85
19.2542372881
19.1166666667
19.2666666667
20.0166666667
20.0333333333
20.4406779661
20.0833333333
20.0166666667
20.5833333333
18.4666666667
19.4
20.3050847458
19.9666666667
19.85
21.4655172414
--END OF 3--
14.2
14.95
16.1666666667
15.6
15.6
14.5254237288
14.3166666667
14.8166666667
14.7333333333
14.8333333333
13.5833333333
15.0847457627
15.15
16.2333333333
13.35
14.1833333333
14.4333333333
15.4576271186
14.2666666667
15.1333333333
15.1666666667
14.6833333333
15.4915254237
14.8833333333
14.15
14.9
15.2833333333
15.3333333333
13.4237288136
14.6833333333
13.9833333333
14.8833333333
16.0833333333
14.7333333333
15.186440678
13.9833333333
15.6166666667
15.5833333333
15.9666666667
14.0338983051
14.35
13.7333333333
13.95
13.65
15.05
14.1016949153
14.1
14.55
14.0333333333
14.0666666667
14.9661016949
14.2166666667
15.1166666667
15.35
13.5666666667
14.3333333333
15.1186440678
14.2666666667
14.6
15.2931034483
--END OF 4--
18.7333333333
19.8
20.2833333333
20.75
22.4833333333
19.7796610169
20.6166666667
20.1666666667
21.3333333333
19.8833333333
17.9333333333
21.0
19.4166666667
20.95
19.05
18.3833333333
18.9666666667
20.1694915254
18.1166666667
19.5666666667
20.3
19.3166666667
20.3559322034
19.7666666667
18.6
19.25
19.9333333333
20.4833333333
19.2033898305
19.9833333333
18.8333333333
19.6
22.55
19.35
20.5254237288
18.9166666667
19.75
20.8833333333
20.9666666667
18.4237288136
19.1666666667
18.5833333333
18.35
17.9
19.25
18.2033898305
18.5
19.2333333333
18.8333333333
19.2333333333
19.0338983051
19.7833333333
19.8166666667
19.4833333333
18.05
19.15
19.5084745763
19.3666666667
19.25
21.0172413793
--END OF 5--
18.7333333333
20.1333333333
21.2333333333
21.5333333333
23.1833333333
20.3389830508
20.7666666667
20.9666666667
21.8833333333
20.1833333333
18.1833333333
21.3898305085
20.2833333333
21.55
19.2
19.6
19.9666666667
21.0508474576
18.3
20.0833333333
21.7
20.0666666667
21.6101694915
20.3166666667
19.1
21.0333333333
20.05
21.1333333333
20.2372881356
20.2666666667
19.2666666667
20.5833333333
23.1333333333
20.55
21.186440678
19.5166666667
21.05
21.1166666667
21.4666666667
18.7288135593
19.5666666667
19.1333333333
18.85
18.45
19.85
19.2542372881
19.1166666667
19.2666666667
20.0166666667
20.0333333333
20.4406779661
20.0833333333
20.0166666667
20.5833333333
18.4666666667
19.4
20.3050847458
19.9666666667
19.85
21.4655172414
--END OF 6--
2780.1
2863.1
2936.8
2991.75
2930.05
2735.89830508
2820.3
2821.5
2874.75
2776.5
2686.2
2834.59322034
2869.1
2987.55
2685.3
2729.55
2719.15
2909.23728814
2776.4
2944.3
2807.45
2722.8
2879.28813559
2823.1
2693.25
2783.5
2964.9
2886.9
2710.01694915
2860.2
2623.7
2747.15
2975.8
2825.2
2890.47457627
2797.55
2910.0
2899.2
2957.1
2692.62711864
2750.15
2750.7
2723.25
2687.25
2763.0
2669.94915254
2701.5
2812.65
2816.05
2638.45
2826.91525424
2823.9
2893.0
2817.6
2636.7
2750.8
2758.01694915
2720.7
2806.5
3081.25862069
--END OF 7--
764.516666667
789.516666667
830.016666667
829.716666667
829.816666667
773.745762712
772.5
780.45
801.05
779.0
750.95
799.050847458
781.05
831.95
720.35
744.383333333
758.216666667
795.661016949
748.933333333
790.966666667
788.75
763.65
799.220338983
776.583333333
741.65
769.583333333
809.45
793.6
744.152542373
768.983333333
719.516666667
766.9
829.45
761.733333333
808.169491525
764.783333333
798.883333333
806.2
826.383333333
744.118644068
755.45
762.1
742.95
726.25
765.45
734.169491525
736.3
767.15
759.55
745.333333333
765.677966102
768.0
798.5
784.616666667
737.1
770.2
785.542372881
758.9
772.95
842.775862069
--END OF 8--
97.1166666667
106.4
108.383333333
111.6
122.3
101.966101695
119.65
121.0
124.65
110.25
93.7
119.305084746
110.816666667
107.433333333
116.55
101.116666667
96.85
96.0169491525
90.95
101.616666667
105.05
107.583333333
113.847457627
111.65
105.4
100.783333333
98.8
106.75
107.830508475
108.55
112.65
107.666666667
117.1
101.25
117.203389831
121.55
101.833333333
107.633333333
103.95
101.084745763
106.216666667
91.75
95.85
90.3
97.3
99.2033898305
103.6
115.916666667
107.883333333
109.583333333
103.661016949
115.15
97.6
97.9333333333
105.116666667
101.316666667
93.6779661017
110.95
110.65
113.379310345
--END OF 9--
1.35
2.55
2.66666666667
4.65
6.8
3.30508474576
6.9
5.6
5.3
3.5
2.25
5.86440677966
2.73333333333
5.2
3.03333333333
2.65
3.51666666667
7.67796610169
1.38333333333
2.61666666667
7.13333333333
4.06666666667
6.72881355932
3.15
3.0
6.45
2.68333333333
6.1
3.69491525424
4.35
3.58333333333
4.13333333333
8.58333333333
5.46666666667
5.03389830508
3.3
5.5
5.71666666667
3.78333333333
1.98305084746
3.46666666667
4.75
4.0
4.45
4.3
4.49152542373
3.78333333333
1.7
4.55
4.81666666667
5.20338983051
5.41666666667
3.25
5.8
1.98333333333
1.9
6.06779661017
4.05
1.85
5.68965517241
--END OF 10--
0.0
0.566666666667
0.966666666667
1.08333333333
0.95
0.745762711864
0.5
1.25
0.75
0.0
0.3
0.881355932203
1.33333333333
0.833333333333
0.166666666667
1.85
1.53333333333
1.25423728814
0.183333333333
0.5
2.33333333333
0.783333333333
2.01694915254
0.7
0.65
2.03333333333
0.25
0.95
1.57627118644
0.633333333333
0.833333333333
1.31666666667
0.933333333333
1.71666666667
0.627118644068
0.883333333333
1.35
0.0833333333333
0.5
0.305084745763
0.7
1.25
0.65
1.1
0.8
1.50847457627
0.716666666667
0.0
1.11666666667
0.85
2.06779661017
0.0
0.0
1.5
0.766666666667
0.35
1.20338983051
0.7
1.0
0.448275862069
--END OF 11--
0.0
0.0
0.433333333333
0.0
0.0
0.508474576271
0.0
0.0
0.0
0.0
0.0
0.0
0.0
0.0
0.0
0.5
0.0
0.322033898305
0.183333333333
0.0
0.0
0.0
0.0
0.2
0.3
0.0
0.0
0.55
0.64406779661
0.316666666667
0.0
0.6
0.0
0.5
0.0
0.0
0.0
0.0
0.5
0.0
0.5
0.0
0.0
0.0
0.0
0.508474576271
0.0
0.0
0.5
0.466666666667
1.05084745763
0.0
0.0
0.0
0.0
0.0
0.0
0.0
0.0
0.448275862069
--END OF 12--
