14.593220339
14.5
13.4833333333
14.65
14.3333333333
12.8666666667
14.3898305085
14.1333333333
13.2333333333
14.7833333333
14.0666666667
13.7833333333
13.7833333333
14.5423728814
13.3
13.7333333333
14.0666666667
13.45
14.0508474576
14.55
14.05
14.15
14.05
14.1694915254
14.1833333333
14.15
14.0166666667
12.6833333333
13.95
14.1355932203
13.8
13.7666666667
14.5833333333
14.3666666667
14.2711864407
12.9333333333
13.2166666667
13.9333333333
13.4
13.9491525424
13.4833333333
13.9166666667
12.7833333333
12.3666666667
13.0833333333
12.6949152542
13.5666666667
12.8666666667
13.1
12.5
13.4745762712
13.1333333333
13.45
13.5333333333
13.9833333333
14.0677966102
13.05
13.5666666667
12.55
14.0701754386
--END OF 1--
18.406779661
18.0
16.3833333333
17.55
17.1333333333
16.8666666667
18.1186440678
17.9
16.9333333333
18.7166666667
18.4333333333
16.8666666667
17.2333333333
17.6271186441
16.65
16.85
17.4
17.4333333333
18.2372881356
17.95
17.2
17.5
17.5
18.9322033898
18.3
17.7833333333
17.3333333333
16.35
18.0166666667
18.2881355932
19.0166666667
16.7833333333
17.75
17.5833333333
18.1186440678
16.7833333333
16.5166666667
16.7833333333
16.6
16.8983050847
16.65
17.0
15.8833333333
15.7666666667
17.85
16.8305084746
17.1666666667
17.2666666667
16.2833333333
15.3
17.0847457627
16.4333333333
17.35
17.0833333333
16.6833333333
17.9830508475
16.6333333333
16.65
16.4166666667
17.1929824561
--END OF 2--
19.2711864407
18.6
16.8833333333
17.55
17.1333333333
17.4166666667
18.5084745763
18.6166666667
17.9
18.85
19.6666666667
17.1333333333
17.8666666667
18.4745762712
17.2833333333
17.25
18.4
18.1666666667
18.8644067797
18.55
18.75
17.75
17.5
19.7288135593
18.6
18.0833333333
17.4
17.1833333333
18.5666666667
18.406779661
19.25
17.8333333333
18.1833333333
18.0333333333
18.1694915254
16.8833333333
16.8166666667
17.1833333333
16.95
16.8983050847
16.9
17.0
16.2166666667
16.2833333333
18.0
17.6271186441
17.6166666667
17.7
16.6
15.3
17.7457627119
16.6333333333
17.55
17.0833333333
16.6833333333
18.1355932203
16.75
17.4166666667
17.05
17.4385964912
--END OF 3--
14.593220339
14.5
13.4833333333
14.65
14.3333333333
12.8666666667
14.3898305085
14.1333333333
13.2333333333
14.7833333333
14.0666666667
13.7833333333
13.7833333333
14.5423728814
13.3
13.7333333333
14.0666666667
13.45
14.0508474576
14.55
14.05
14.15
14.05
14.1694915254
14.1833333333
14.15
14.0166666667
12.6833333333
13.95
14.1355932203
13.8
13.7666666667
14.5833333333
14.3666666667
14.2711864407
12.9333333333
13.2166666667
13.9333333333
13.4
13.9491525424
13.4833333333
13.9166666667
12.7833333333
12.3666666667
13.0833333333
12.6949152542
13.5666666667
12.8666666667
13.1
12.5
13.4745762712
13.1333333333
13.45
13.5333333333
13.9833333333
14.0677966102
13.05
13.5666666667
12.55
14.0701754386
--END OF 4--
18.406779661
18.0
16.3833333333
17.55
17.1333333333
16.8666666667
18.1186440678
17.9
16.9333333333
18.7166666667
18.4333333333
16.8666666667
17.2333333333
17.6271186441
16.65
16.85
17.4
17.4333333333
18.2372881356
17.95
17.2
17.5
17.5
18.9322033898
18.3
17.7833333333
17.3333333333
16.35
18.0166666667
18.2881355932
19.0166666667
16.7833333333
17.75
17.5833333333
18.1186440678
16.7833333333
16.5166666667
16.7833333333
16.6
16.8983050847
16.65
17.0
15.8833333333
15.7666666667
17.85
16.8305084746
17.1666666667
17.2666666667
16.2833333333
15.3
17.0847457627
16.4333333333
17.35
17.0833333333
16.6833333333
17.9830508475
16.6333333333
16.65
16.4166666667
17.1929824561
--END OF 5--
19.2711864407
18.6
16.8833333333
17.55
17.1333333333
17.4166666667
18.5084745763
18.6166666667
17.9
18.85
19.6666666667
17.1333333333
17.8666666667
18.4745762712
17.2833333333
17.25
18.4
18.1666666667
18.8644067797
18.55
18.75
17.75
17.5
19.7288135593
18.6
18.0833333333
17.4
17.1833333333
18.5666666667
18.406779661
19.25
17.8333333333
18.1833333333
18.0333333333
18.1694915254
16.8833333333
16.8166666667
17.1833333333
16.95
16.8983050847
16.9
17.0
16.2166666667
16.2833333333
18.0
17.6271186441
17.6166666667
17.7
16.6
15.3
17.7457627119
16.6333333333
17.55
17.0833333333
16.6833333333
18.1355932203
16.75
17.4166666667
17.05
17.4385964912
--END OF 6--
2899.88135593
2733.6
2607.0
2833.8
2724.3
2602.65
2748.66101695
2686.2
2628.55
2770.6
2744.05
2631.2
2715.8
2776.06779661
2662.95
2562.0
2641.5
2573.85
2676.91525424
2724.3
2717.85
2691.9
2680.8
2702.89830508
2598.15
2717.15
2619.75
2547.65
2592.7
2679.45762712
2717.3
2761.35
2839.65
2757.95
2714.84745763
2487.75
2560.5
2723.4
2638.95
2623.88135593
2641.4
2833.5
2604.45
2543.2
2628.05
2500.42372881
2676.75
2611.2
2505.25
2420.75
2495.49152542
2526.15
2614.35
2606.4
2669.85
2660.84745763
2506.1
2656.75
2524.15
2740.47368421
--END OF 7--
780.559322034
752.15
711.4
767.55
748.5
715.55
757.084745763
754.316666667
722.05
772.783333333
747.416666667
720.75
750.016666667
752.847457627
737.316666667
715.233333333
729.016666667
727.65
744.949152542
737.0
739.6
746.4
735.55
747.457627119
714.65
740.85
719.366666667
694.183333333
725.816666667
749.254237288
743.416666667
745.55
778.233333333
745.716666667
741.813559322
694.15
696.6
750.8
720.05
711.101694915
713.966666667
764.416666667
707.6
685.35
715.183333333
696.237288136
740.4
712.066666667
684.933333333
666.816666667
709.779661017
694.85
708.5
716.3
719.3
730.898305085
705.683333333
741.983333333
682.2
738.98245614
--END OF 8--
83.9322033898
85.45
76.1
76.55
69.1
83.55
82.3728813559
82.6333333333
75.35
86.35
96.0166666667
78.55
89.6333333333
85.4745762712
80.25
76.4833333333
84.2
73.1666666667
94.6440677966
87.1
78.25
80.35
84.05
90.6271186441
104.883333333
93.85
80.9666666667
73.8
97.6
86.8474576271
104.3
68.1666666667
79.2666666667
81.9666666667
77.3728813559
84.45
86.5
86.35
84.4
91.0847457627
73.55
72.55
77.45
71.6
88.1
83.8474576271
87.95
90.1
79.3
60.6666666667
78.4576271186
77.65
82.55
85.85
73.3
89.4745762712
81.7833333333
75.6833333333
77.3166666667
74.5614035088
--END OF 9--
4.08474576271
3.15
1.35
2.25
3.0
3.6
3.98305084746
4.46666666667
4.33333333333
2.55
6.3
2.61666666667
1.65
2.52542372881
2.66666666667
1.78333333333
3.13333333333
4.53333333333
3.67796610169
3.65
4.8
3.65
1.9
5.62711864407
3.76666666667
1.86666666667
3.3
5.81666666667
2.45
4.47457627119
4.21666666667
3.71666666667
3.11666666667
2.08333333333
2.86440677966
2.25
2.4
0.55
1.05
1.20338983051
3.76666666667
1.36666666667
2.96666666667
3.1
4.96666666667
6.16949152542
1.73333333333
2.33333333333
2.9
1.33333333333
2.5593220339
0.95
3.75
2.35
1.55
2.40677966102
1.06666666667
2.51666666667
5.11666666667
3.10526315789
--END OF 10--
1.37288135593
0.55
0.6
0.0
0.0
0.8
0.71186440678
0.633333333333
1.18333333333
0.183333333333
1.58333333333
0.7
0.9
1.13559322034
1.2
0.5
1.5
1.36666666667
1.15254237288
0.25
2.25
0.0
0.0
0.898305084746
0.116666666667
0.233333333333
0.35
1.25
0.25
0.423728813559
0.633333333333
1.65
0.3
0.8
0.186440677966
0.4
0.5
0.5
0.5
0.0
0.0
0.0
0.283333333333
0.683333333333
0.0
0.915254237288
0.5
0.466666666667
0.0333333333333
0.0
1.22033898305
0.3
0.5
0.0
0.0
0.186440677966
0.0166666666667
0.866666666667
0.633333333333
0.508771929825
--END OF 11--
0.35593220339
0.3
0.35
0.0
0.0
0.0
0.0
0.0
0.483333333333
0.0166666666667
0.5
0.0
0.683333333333
0.322033898305
0.0
0.0
0.5
0.0
0.0
0.0
0.5
0.0
0.0
0.508474576271
0.0
0.0
0.0
0.5
0.0
0.0
0.0
0.316666666667
0.183333333333
0.0
0.0
0.0
0.0
0.0
0.0
0.0
0.0
0.0
0.0
0.0
0.0
0.0
0.0
0.0
0.0
0.0
0.0
0.0
0.0
0.0
0.0
0.0
0.0
0.866666666667
0.633333333333
0.0
--END OF 12--
