12.1355932203
12.35
12.0833333333
11.7833333333
12.4666666667
12.1333333333
12.05
11.6440677966
12.6666666667
11.15
12.5833333333
11.5166666667
12.2333333333
11.9322033898
11.6666666667
12.65
11.9333333333
12.0833333333
12.5254237288
12.75
12.3
11.0833333333
10.6166666667
11.4237288136
11.85
12.0333333333
12.8
12.65
11.6949152542
12.3
11.95
11.8333333333
12.2333333333
12.0
11.2372881356
11.9666666667
12.0333333333
11.8833333333
12.2
12.1355932203
11.15
11.6166666667
10.9333333333
11.3
11.6779661017
11.75
11.0166666667
11.85
11.4
10.4666666667
10.8644067797
11.8833333333
11.3833333333
11.2333333333
12.0833333333
11.3728813559
11.8333333333
11.85
11.8
12.4655172414
--END OF 1--
15.5423728814
16.3166666667
16.0666666667
16.2833333333
16.75
15.8166666667
15.2
15.9661016949
16.2166666667
15.15
16.3833333333
14.8166666667
15.6833333333
15.1694915254
15.2333333333
17.6166666667
15.6833333333
15.6
16.6779661017
17.65
16.2333333333
15.65
14.25
14.7796610169
15.6
15.4833333333
17.05
16.2
15.0677966102
14.8833333333
15.9666666667
15.9166666667
15.55
15.3166666667
14.8644067797
16.2333333333
16.35
15.3166666667
16.7333333333
16.3050847458
15.7
16.4166666667
15.2333333333
15.5
15.3728813559
14.7166666667
15.0333333333
15.0833333333
14.45
14.9333333333
14.5593220339
15.9833333333
14.8333333333
14.9833333333
15.75
15.4745762712
15.3833333333
15.95
15.9
15.7586206897
--END OF 2--
16.2203389831
16.4333333333
16.6666666667
16.5833333333
17.8666666667
16.6833333333
15.6666666667
16.3050847458
16.2166666667
16.05
16.5833333333
15.2666666667
16.5333333333
15.3220338983
15.4333333333
18.4166666667
16.0333333333
16.1666666667
17.0169491525
17.75
16.6
15.7833333333
14.45
15.1355932203
16.5
16.3333333333
17.7
16.5
15.8305084746
15.4833333333
16.5166666667
16.1833333333
16.2833333333
15.8666666667
15.3220338983
16.2333333333
16.55
15.7166666667
16.8833333333
16.3050847458
15.7
16.5666666667
15.5833333333
16.2
16.3389830508
16.0
15.3
15.9833333333
14.9333333333
15.6
15.5084745763
16.15
15.65
15.5833333333
16.0333333333
15.5762711864
15.9333333333
16.2
15.95
17.0
--END OF 3--
12.1355932203
12.35
12.0833333333
11.7833333333
12.4666666667
12.1333333333
12.05
11.6440677966
12.6666666667
11.15
12.5833333333
11.5166666667
12.2333333333
11.9322033898
11.6666666667
12.65
11.9333333333
12.0833333333
12.5254237288
12.75
12.3
11.0833333333
10.6166666667
11.4237288136
11.85
12.0333333333
12.8
12.65
11.6949152542
12.3
11.95
11.8333333333
12.2333333333
12.0
11.2372881356
11.9666666667
12.0333333333
11.8833333333
12.2
12.1355932203
11.15
11.6166666667
10.9333333333
11.3
11.6779661017
11.75
11.0166666667
11.85
11.4
10.4666666667
10.8644067797
11.8833333333
11.3833333333
11.2333333333
12.0833333333
11.3728813559
11.8333333333
11.85
11.8
12.4655172414
--END OF 4--
15.5423728814
16.3166666667
16.0666666667
16.2833333333
16.75
15.8166666667
15.2
15.9661016949
16.2166666667
15.15
16.3833333333
14.8166666667
15.6833333333
15.1694915254
15.2333333333
17.6166666667
15.6833333333
15.6
16.6779661017
17.65
16.2333333333
15.65
14.25
14.7796610169
15.6
15.4833333333
17.05
16.2
15.0677966102
14.8833333333
15.9666666667
15.9166666667
15.55
15.3166666667
14.8644067797
16.2333333333
16.35
15.3166666667
16.7333333333
16.3050847458
15.7
16.4166666667
15.2333333333
15.5
15.3728813559
14.7166666667
15.0333333333
15.0833333333
14.45
14.9333333333
14.5593220339
15.9833333333
14.8333333333
14.9833333333
15.75
15.4745762712
15.3833333333
15.95
15.9
15.7586206897
--END OF 5--
16.2203389831
16.4333333333
16.6666666667
16.5833333333
17.8666666667
16.6833333333
15.6666666667
16.3050847458
16.2166666667
16.05
16.5833333333
15.2666666667
16.5333333333
15.3220338983
15.4333333333
18.4166666667
16.0333333333
16.1666666667
17.0169491525
17.75
16.6
15.7833333333
14.45
15.1355932203
16.5
16.3333333333
17.7
16.5
15.8305084746
15.4833333333
16.5166666667
16.1833333333
16.2833333333
15.8666666667
15.3220338983
16.2333333333
16.55
15.7166666667
16.8833333333
16.3050847458
15.7
16.5666666667
15.5833333333
16.2
16.3389830508
16.0
15.3
15.9833333333
14.9333333333
15.6
15.5084745763
16.15
15.65
15.5833333333
16.0333333333
15.5762711864
15.9333333333
16.2
15.95
17.0
--END OF 6--
2310.30508475
2348.0
2255.45
2263.95
2330.9
2382.85
2261.75
2294.18644068
2459.55
2199.15
2306.55
2166.0
2326.2
2268.0
2325.65
2423.7
2227.75
2331.0
2396.79661017
2502.35
2401.1
2262.45
2238.0
2228.79661017
2264.85
2377.5
2425.95
2315.55
2186.6440678
2294.95
2265.7
2180.1
2302.3
2293.3
2230.98305085
2249.9
2351.4
2334.55
2334.3
2268.3559322
2235.45
2292.3
2295.9
2363.4
2253.40677966
2365.45
2197.75
2292.1
2187.45
2179.7
2062.77966102
2197.4
2120.2
2064.8
2272.25
2372.79661017
2310.9
2273.7
2245.2
2296.0862069
--END OF 7--
649.406779661
653.316666667
644.916666667
632.9
652.0
652.85
626.066666667
643.677966102
670.7
607.15
653.05
611.05
644.7
627.186440678
633.016666667
674.783333333
620.633333333
624.566666667
656.271186441
690.2
659.783333333
619.8
614.5
629.542372881
642.2
646.7
682.0
655.2
605.06779661
633.566666667
638.383333333
630.716666667
640.616666667
633.5
611.661016949
637.15
649.316666667
649.683333333
646.133333333
642.440677966
616.1
645.45
631.1
655.8
640.440677966
642.033333333
606.583333333
626.583333333
600.933333333
591.4
573.830508475
619.15
593.45
586.3
630.05
648.288135593
639.4
630.45
617.95
642.103448276
--END OF 8--
70.1186440678
79.2
77.0
91.8833333333
98.7833333333
80.9
86.6333333333
95.0
81.8
83.1
88.6
72.35
79.15
83.3728813559
73.9
87.6
87.8333333333
75.1666666667
81.0508474576
85.55
84.4666666667
95.6833333333
88.7833333333
81.4406779661
87.0
80.3
96.8
88.5
73.813559322
68.4666666667
87.6166666667
84.7333333333
81.2666666667
78.9166666667
80.3389830508
84.7833333333
95.9333333333
79.9166666667
105.2
88.9152542373
93.15
90.5
86.7
98.1
82.5423728814
77.6333333333
84.35
80.7833333333
81.4
85.1
89.5593220339
97.7166666667
80.5166666667
81.0833333333
77.1833333333
85.9830508475
79.95
86.3
84.35
72.5517241379
--END OF 9--
3.69491525424
2.43333333333
2.16666666667
3.03333333333
6.41666666667
3.21666666667
1.23333333333
1.8813559322
3.1
4.6
4.05
3.6
3.65
2.15254237288
1.88333333333
7.93333333333
4.13333333333
5.25
3.71186440678
5.7
2.53333333333
4.98333333333
1.31666666667
2.59322033898
4.9
3.8
2.95
3.1
5.45762711864
2.83333333333
2.75
3.4
2.81666666667
2.11666666667
2.66101694915
3.3
3.0
0.883333333333
4.35
1.94915254237
1.85
5.15
2.85
3.2
4.98305084746
3.78333333333
2.83333333333
2.8
1.81666666667
4.65
4.18644067797
3.36666666667
4.46666666667
4.83333333333
3.58333333333
1.37288135593
3.0
3.3
3.8
5.03448275862
--END OF 10--
0.779661016949
0.0666666666667
1.0
0.366666666667
1.4
1.1
0.5
0.0
0.0
1.5
0.35
0.85
1.3
0.0
0.5
1.0
0.5
0.233333333333
0.491525423729
0.283333333333
0.666666666667
0.333333333333
0.0
0.508474576271
1.15
1.0
0.85
0.6
1.27118644068
0.65
1.0
0.316666666667
0.683333333333
0.5
1.01694915254
0.0
0.5
0.566666666667
0.433333333333
0.0
0.0
0.35
0.65
1.05
1.22033898305
1.58333333333
0.166666666667
1.0
0.833333333333
1.15
1.79661016949
0.25
1.0
1.1
0.666666666667
0.237288135593
0.5
0.0
0.0
1.55172413793
--END OF 11--
0.0
0.0
0.5
0.0
0.5
0.5
0.0
0.0
0.0
0.5
0.0
0.2
0.3
0.0
0.0
0.0
0.0
0.233333333333
0.271186440678
0.0
0.0
0.0
0.0
0.508474576271
0.15
0.35
0.0
0.0
0.0
0.0
0.0
0.0333333333333
0.466666666667
0.0
0.0
0.0
0.0
0.0
0.0
0.0
0.0
0.0
0.0
0.55
1.18644067797
0.616666666667
0.166666666667
0.5
0.0
0.0
0.0
0.0
0.0
0.0
0.0
0.0
0.5
0.0
0.0
0.51724137931
--END OF 12--
