13.7333333333
12.9830508475
12.7166666667
12.7333333333
13.7666666667
13.3666666667
13.8166666667
12.6271186441
13.25
12.7
13.0333333333
12.6333333333
12.0166666667
12.4666666667
13.2372881356
13.0333333333
12.4833333333
12.5333333333
13.0333333333
13.2372881356
12.5666666667
13.1166666667
13.8166666667
13.2
11.95
13.1525423729
13.1333333333
12.95
13.7666666667
13.1333333333
12.8666666667
12.4576271186
13.7166666667
13.6333333333
12.7833333333
12.55
13.0
13.0166666667
12.5666666667
13.7833333333
13.1833333333
13.3728813559
12.9666666667
12.7333333333
12.6333333333
12.6833333333
12.7288135593
12.2666666667
12.9
13.5666666667
13.4
14.6271186441
13.3833333333
13.6
13.3666666667
14.4833333333
13.1333333333
12.5762711864
12.4
13.3103448276
--END OF 1--
17.5833333333
15.813559322
16.7666666667
16.3333333333
16.4333333333
16.6166666667
19.1333333333
17.1525423729
16.3
16.1833333333
16.05
15.35
14.9333333333
16.0833333333
17.1355932203
16.8333333333
16.95
15.4833333333
16.6333333333
16.8983050847
16.3833333333
17.0833333333
17.1166666667
15.9666666667
15.35
15.6101694915
16.8833333333
16.6333333333
17.1333333333
16.4166666667
16.6333333333
15.8474576271
16.9666666667
17.3833333333
16.6833333333
17.0833333333
16.0
18.3
16.0666666667
16.6833333333
17.9
17.4406779661
16.6333333333
16.7166666667
16.9666666667
15.7166666667
16.2881355932
15.2666666667
16.4
16.2166666667
16.7
17.3220338983
16.8666666667
16.95
17.2
19.0833333333
16.65
16.7966101695
16.0
16.4655172414
--END OF 2--
17.7833333333
16.6779661017
17.35
16.8833333333
16.7333333333
16.9166666667
19.8333333333
17.4237288136
16.3
16.5833333333
16.5
15.7
15.55
16.3333333333
18.3898305085
16.8333333333
17.3166666667
16.1333333333
17.4333333333
17.2372881356
16.65
17.2833333333
17.75
15.9666666667
15.7166666667
15.7966101695
17.3
17.2666666667
18.0833333333
16.5833333333
16.9666666667
16.3559322034
17.5666666667
17.4833333333
17.4333333333
17.0833333333
16.7627118644
18.8833333333
16.5333333333
17.0
18.0833333333
17.7796610169
17.2666666667
17.2833333333
17.3166666667
16.85
16.5423728814
15.7166666667
17.2
16.8166666667
17.15
18.186440678
18.0333333333
17.6833333333
18.25
19.2333333333
17.4166666667
18.8474576271
16.8833333333
16.4655172414
--END OF 3--
13.7333333333
12.9830508475
12.7166666667
12.7333333333
13.7666666667
13.3666666667
13.8166666667
12.6271186441
13.25
12.7
13.0333333333
12.6333333333
12.0166666667
12.4666666667
13.2372881356
13.0333333333
12.4833333333
12.5333333333
13.0333333333
13.2372881356
12.5666666667
13.1166666667
13.8166666667
13.2
11.95
13.1525423729
13.1333333333
12.95
13.7666666667
13.1333333333
12.8666666667
12.4576271186
13.7166666667
13.6333333333
12.7833333333
12.55
13.0
13.0166666667
12.5666666667
13.7833333333
13.1833333333
13.3728813559
12.9666666667
12.7333333333
12.6333333333
12.6833333333
12.7288135593
12.2666666667
12.9
13.5666666667
13.4
14.6271186441
13.3833333333
13.6
13.3666666667
14.4833333333
13.1333333333
12.5762711864
12.4
13.3103448276
--END OF 4--
17.5833333333
15.813559322
16.7666666667
16.3333333333
16.4333333333
16.6166666667
19.1333333333
17.1525423729
16.3
16.1833333333
16.05
15.35
14.9333333333
16.0833333333
17.1355932203
16.8333333333
16.95
15.4833333333
16.6333333333
16.8983050847
16.3833333333
17.0833333333
17.1166666667
15.9666666667
15.35
15.6101694915
16.8833333333
16.6333333333
17.1333333333
16.4166666667
16.6333333333
15.8474576271
16.9666666667
17.3833333333
16.6833333333
17.0833333333
16.0
18.3
16.0666666667
16.6833333333
17.9
17.4406779661
16.6333333333
16.7166666667
16.9666666667
15.7166666667
16.2881355932
15.2666666667
16.4
16.2166666667
16.7
17.3220338983
16.8666666667
16.95
17.2
19.0833333333
16.65
16.7966101695
16.0
16.4655172414
--END OF 5--
17.7833333333
16.6779661017
17.35
16.8833333333
16.7333333333
16.9166666667
19.8333333333
17.4237288136
16.3
16.5833333333
16.5
15.7
15.55
16.3333333333
18.3898305085
16.8333333333
17.3166666667
16.1333333333
17.4333333333
17.2372881356
16.65
17.2833333333
17.75
15.9666666667
15.7166666667
15.7966101695
17.3
17.2666666667
18.0833333333
16.5833333333
16.9666666667
16.3559322034
17.5666666667
17.4833333333
17.4333333333
17.0833333333
16.7627118644
18.8833333333
16.5333333333
17.0
18.0833333333
17.7796610169
17.2666666667
17.2833333333
17.3166666667
16.85
16.5423728814
15.7166666667
17.2
16.8166666667
17.15
18.186440678
18.0333333333
17.6833333333
18.25
19.2333333333
17.4166666667
18.8474576271
16.8833333333
16.4655172414
--END OF 6--
2592.3
2502.96610169
2525.25
2460.0
2468.9
2435.9
2674.3
2459.18644068
2511.65
2413.3
2434.45
2407.0
2260.1
2416.5
2525.33898305
2500.5
2504.15
2421.0
2511.75
2535.40677966
2501.45
2534.4
2576.85
2469.85
2414.1
2505.25423729
2429.1
2441.0
2583.6
2452.8
2507.05
2447.89830508
2568.9
2615.25
2494.05
2541.95
2482.22033898
2547.05
2393.8
2666.85
2556.8
2467.52542373
2428.8
2380.45
2500.65
2523.4
2488.22033898
2436.6
2485.05
2477.1
2437.95
2622.3559322
2462.25
2587.95
2575.8
2744.7
2575.4
2522.54237288
2519.5
2458.18965517
--END OF 7--
717.6
678.338983051
708.566666667
678.35
704.583333333
693.4
760.283333333
680.694915254
689.866666667
663.45
659.566666667
660.583333333
626.733333333
657.283333333
699.372881356
688.5
677.816666667
654.15
689.8
708.440677966
676.05
711.683333333
710.55
681.75
653.25
682.542372881
666.083333333
673.816666667
711.583333333
683.6
682.316666667
675.661016949
704.6
714.5
671.05
692.25
671.305084746
704.4
658.7
724.366666667
704.833333333
695.271186441
667.116666667
670.366666667
687.566666667
683.066666667
700.406779661
665.6
684.5
702.15
675.6
729.966101695
699.583333333
706.333333333
705.65
773.166666667
704.083333333
693.152542373
679.833333333
681.362068966
--END OF 8--
81.85
79.4406779661
81.85
82.15
79.75
75.6
96.3666666667
91.2711864407
75.4166666667
80.65
68.6333333333
67.8
75.7333333333
83.6666666667
89.3050847458
80.3
86.9166666667
77.75
81.4
79.9661016949
87.2333333333
88.3166666667
82.05
78.8333333333
76.9666666667
67.4406779661
93.1666666667
87.3166666667
88.6166666667
82.2666666667
90.8333333333
78.813559322
79.7
91.7
89.25
92.2166666667
82.7457627119
100.783333333
78.7333333333
67.3666666667
93.0
92.6101694915
98.6166666667
80.0166666667
93.0166666667
76.1
87.0677966102
75.8
75.55
75.7
83.5
76.4915254237
82.8333333333
80.2833333333
84.0666666667
95.5
79.9
94.8305084746
91.7833333333
87.1551724138
--END OF 9--
3.2
2.61016949153
4.15
4.16666666667
1.86666666667
2.75
5.2
3.59322033898
0.933333333333
3.16666666667
3.86666666667
1.75
2.05
2.2
5.28813559322
3.6
2.41666666667
2.1
3.95
2.71186440678
3.26666666667
2.26666666667
3.15
0.266666666667
2.58333333333
1.77966101695
2.7
1.61666666667
4.08333333333
1.51666666667
1.45
3.77966101695
2.9
1.25
3.45
2.58333333333
1.93220338983
5.45
3.28333333333
1.85
3.58333333333
2.79661016949
3.18333333333
4.28333333333
2.1
3.5
2.47457627119
2.4
5.5
3.4
3.8
2.50847457627
3.9
3.6
5.08333333333
4.83333333333
4.33333333333
5.45762711864
5.8
1.27586206897
--END OF 10--
0.0
1.52542372881
0.933333333333
0.866666666667
0.5
0.5
1.0
0.508474576271
0.0
0.5
0.916666666667
0.583333333333
0.966666666667
0.35
1.71186440678
0.0
0.433333333333
1.25
1.25
0.491525423729
0.516666666667
0.5
1.1
0.0666666666667
0.333333333333
0.169491525424
0.933333333333
1.23333333333
0.833333333333
0.166666666667
0.333333333333
0.508474576271
0.85
0.15
1.5
0.0
1.52542372881
1.0
0.566666666667
0.8
0.183333333333
0.593220338983
0.733333333333
0.716666666667
0.566666666667
1.21666666667
0.508474576271
0.5
1.55
0.45
0.65
1.5593220339
1.31666666667
1.0
1.53333333333
0.266666666667
0.9
3.05084745763
0.866666666667
0.0
--END OF 11--
0.0
0.0
0.0
0.0
0.0
0.0
0.0
0.0
0.0
0.5
0.0
0.0
0.0
0.316666666667
0.694915254237
0.0
0.433333333333
0.0
0.0
0.0
0.0
0.0
0.0
0.0
0.0
0.0
0.0166666666667
0.483333333333
0.0
0.0
0.0
0.0
0.0
0.0
0.5
0.0
0.0
0.0
0.5
0.0
0.0
0.0
0.0
0.0
0.116666666667
0.883333333333
0.0
0.5
0.45
0.05
0.0
0.0
0.0
0.5
0.0
0.0
0.0
0.508474576271
0.266666666667
0.0
--END OF 12--
