8.53333333333
8.4
8.56666666667
8.4406779661
8.65
8.86666666667
9.75
8.96666666667
8.98333333333
9.13559322034
9.65
10.6833333333
11.2333333333
11.0833333333
12.5666666667
12.9491525424
13.4833333333
12.2833333333
11.7
13.7
12.1016949153
13.85
12.65
13.55
12.3166666667
13.75
12.2881355932
13.9
13.0166666667
15.2333333333
13.7833333333
14.95
13.2881355932
14.65
14.2833333333
14.8333333333
13.2666666667
14.5254237288
14.9166666667
13.5166666667
14.6833333333
14.8833333333
15.2881355932
13.9666666667
14.3333333333
14.5
13.6333333333
15.4833333333
15.1016949153
13.85
15.6166666667
15.7166666667
13.9666666667
14.6949152542
14.0166666667
14.4833333333
15.1833333333
14.85
15.25
7.84210526316
--END OF 1--
12.1833333333
12.2666666667
11.7666666667
11.9830508475
13.2333333333
12.2666666667
12.85
13.4166666667
12.2333333333
13.0847457627
13.5833333333
15.8666666667
15.6666666667
15.3
16.0333333333
16.9152542373
16.8333333333
16.1
15.8
18.8
16.186440678
17.75
16.8
17.95
17.2666666667
18.7666666667
16.0
18.55
17.9833333333
20.0666666667
20.1666666667
19.7
18.9661016949
19.9
18.9333333333
20.3333333333
17.2166666667
20.2203389831
21.6333333333
18.9166666667
18.7833333333
19.0833333333
20.406779661
18.9333333333
19.3333333333
19.6333333333
18.4166666667
20.3833333333
21.0169491525
18.8833333333
20.2333333333
20.8166666667
17.8833333333
19.9322033898
19.0166666667
19.3833333333
21.4333333333
18.45
21.0
10.701754386
--END OF 2--
13.15
13.65
13.4666666667
12.8813559322
14.6166666667
13.5166666667
13.15
13.9166666667
12.9333333333
14.5084745763
15.1
17.1333333333
16.45
16.1
17.2333333333
19.6779661017
18.8
17.5333333333
15.8666666667
19.4
16.9830508475
18.1
18.45
18.75
18.2166666667
19.4833333333
17.7288135593
20.3
19.6
21.4666666667
21.6333333333
21.55
19.9830508475
21.5166666667
19.7166666667
21.9
18.7
21.4237288136
23.45
20.1666666667
20.5833333333
20.8333333333
22.6610169492
20.65
20.5666666667
20.4833333333
19.5166666667
21.7
21.9661016949
20.35
21.0833333333
21.6166666667
18.8
20.7118644068
20.4666666667
21.4333333333
23.3833333333
19.7
22.5
11.1929824561
--END OF 3--
8.53333333333
8.4
8.56666666667
8.4406779661
8.65
8.86666666667
9.75
8.96666666667
8.98333333333
9.13559322034
9.65
10.6833333333
11.2333333333
11.0833333333
12.5666666667
12.9491525424
13.4833333333
12.2833333333
11.7
13.7
12.1016949153
13.85
12.65
13.55
12.3166666667
13.75
12.2881355932
13.9
13.0166666667
15.2333333333
13.7833333333
14.95
13.2881355932
14.65
14.2833333333
14.8333333333
13.2666666667
14.5254237288
14.9166666667
13.5166666667
14.6833333333
14.8833333333
15.2881355932
13.9666666667
14.3333333333
14.5
13.6333333333
15.4833333333
15.1016949153
13.85
15.6166666667
15.7166666667
13.9666666667
14.6949152542
14.0166666667
14.4833333333
15.1833333333
14.85
15.25
7.84210526316
--END OF 4--
12.1833333333
12.2666666667
11.7666666667
11.9830508475
13.2333333333
12.2666666667
12.85
13.4166666667
12.2333333333
13.0847457627
13.5833333333
15.8666666667
15.6666666667
15.3
16.0333333333
16.9152542373
16.8333333333
16.1
15.8
18.8
16.186440678
17.75
16.8
17.95
17.2666666667
18.7666666667
16.0
18.55
17.9833333333
20.0666666667
20.1666666667
19.7
18.9661016949
19.9
18.9333333333
20.3333333333
17.2166666667
20.2203389831
21.6333333333
18.9166666667
18.7833333333
19.0833333333
20.406779661
18.9333333333
19.3333333333
19.6333333333
18.4166666667
20.3833333333
21.0169491525
18.8833333333
20.2333333333
20.8166666667
17.8833333333
19.9322033898
19.0166666667
19.3833333333
21.4333333333
18.45
21.0
10.701754386
--END OF 5--
13.15
13.65
13.4666666667
12.8813559322
14.6166666667
13.5166666667
13.15
13.9166666667
12.9333333333
14.5084745763
15.1
17.1333333333
16.45
16.1
17.2333333333
19.6779661017
18.8
17.5333333333
15.8666666667
19.4
16.9830508475
18.1
18.45
18.75
18.2166666667
19.4833333333
17.7288135593
20.3
19.6
21.4666666667
21.6333333333
21.55
19.9830508475
21.5166666667
19.7166666667
21.9
18.7
21.4237288136
23.45
20.1666666667
20.5833333333
20.8333333333
22.6610169492
20.65
20.5666666667
20.4833333333
19.5166666667
21.7
21.9661016949
20.35
21.0833333333
21.6166666667
18.8
20.7118644068
20.4666666667
21.4333333333
23.3833333333
19.7
22.5
11.1929824561
--END OF 6--
1826.6
1821.2
1754.15
1709.59322034
1815.35
1823.4
1954.05
1866.75
1819.95
1907.18644068
2024.4
2289.75
2241.45
2232.95
2387.2
2533.52542373
2648.25
2513.75
2343.4
2665.45
2390.38983051
2617.65
2462.85
2662.2
2552.7
2705.8
2475.86440678
2616.85
2654.4
2851.45
2827.65
2884.85
2710.62711864
2882.55
2748.9
2864.9
2711.6
2786.54237288
2959.55
2750.85
2746.2
2847.9
2930.44067797
2755.2
2771.95
2891.45
2651.05
3044.3
2914.98305085
2697.9
3002.3
3024.2
2667.6
2849.18644068
2793.3
2782.2
2977.8
2751.6
2935.35
1668.15789474
--END OF 7--
488.983333333
486.966666667
485.216666667
474.593220339
488.95
503.0
514.8
501.7
499.4
511.966101695
539.933333333
623.433333333
616.633333333
617.916666667
657.066666667
695.118644068
724.65
687.683333333
633.066666667
732.183333333
654.915254237
710.0
675.65
736.75
687.15
754.0
673.644067797
717.866666667
734.283333333
784.85
770.3
783.266666667
735.576271186
796.883333333
752.366666667
785.2
739.733333333
767.847457627
823.766666667
740.2
760.2
776.85
801.762711864
746.9
752.316666667
768.35
726.1
825.8
815.355932203
738.216666667
816.05
815.35
724.616666667
781.796610169
748.75
752.4
805.35
762.3
791.1
450.070175439
--END OF 8--
66.3833333333
69.2833333333
68.0666666667
68.7796610169
77.6166666667
66.25
63.6
73.15
71.4
73.3559322034
81.8166666667
95.2666666667
90.0833333333
81.0333333333
79.4
88.5423728814
89.0
84.7833333333
85.4
105.666666667
81.7966101695
87.6
84.7
94.05
94.4
98.9166666667
89.2711864407
99.3166666667
100.15
106.316666667
113.9
102.883333333
101.118644068
112.833333333
109.266666667
110.916666667
101.633333333
119.474576271
129.933333333
100.65
104.7
91.2
102.813559322
119.383333333
110.65
102.766666667
89.65
119.733333333
124.389830508
103.25
102.55
119.166666667
90.5833333333
96.6949152542
102.9
107.6
108.5
90.45
118.55
54.7368421053
--END OF 9--
5.18333333333
7.16666666667
5.25
3.59322033898
8.71666666667
6.1
4.25
6.3
3.7
6.62711864407
5.18333333333
6.81666666667
5.88333333333
4.96666666667
4.31666666667
7.16949152542
4.58333333333
6.06666666667
3.05
4.96666666667
4.54237288136
4.4
5.15
5.35
9.2
4.31666666667
7.20338983051
7.33333333333
6.9
6.16666666667
8.11666666667
6.48333333333
8.03389830508
6.3
5.01666666667
8.78333333333
3.06666666667
7.93220338983
10.5
5.5
4.9
8.1
10.2372881356
6.55
4.85
5.01666666667
8.01666666667
5.36666666667
6.0
8.56666666667
4.28333333333
3.36666666667
5.45
5.93220338983
8.9
9.75
13.85
4.55
10.4
1.9298245614
--END OF 10--
1.35
1.78333333333
2.65
0.983050847458
1.73333333333
2.0
0.1
0.95
0.9
1.8813559322
2.5
2.18333333333
1.1
1.33333333333
1.85
3.27118644068
2.6
2.26666666667
0.0666666666667
0.95
1.0
0.7
3.15
1.1
1.0
0.983333333333
2.20338983051
2.63333333333
2.55
2.11666666667
2.63333333333
2.88333333333
1.33898305085
1.7
1.28333333333
2.4
2.66666666667
0.983050847458
2.35
2.15
2.15
2.45
3.77966101695
2.98333333333
2.28333333333
1.3
1.88333333333
1.38333333333
1.69491525424
1.58333333333
1.2
1.55
0.716666666667
1.03389830508
1.5
2.9
1.9
1.3
2.1
0.666666666667
--END OF 11--
0.583333333333
0.916666666667
0.0166666666667
0.745762711864
0.366666666667
0.35
0.05
0.45
0.9
0.186440677966
0.916666666667
0.333333333333
0.0
0.0
0.5
1.01694915254
0.5
1.0
0.0
0.0
0.0
0.0
0.0
0.0
0.4
0.333333333333
0.542372881356
0.466666666667
0.0833333333333
0.55
0.166666666667
0.85
1.0
0.366666666667
0.35
0.283333333333
0.0
0.254237288136
0.25
0.65
0.35
0.5
0.508474576271
0.0
0.283333333333
0.216666666667
0.0
0.0
0.0
0.0
0.0
0.0
0.0
0.101694915254
0.4
0.35
0.15
0.0
0.0
0.280701754386
--END OF 12--
