19.3559322034
19.85
19.0166666667
20.15
19.65
20.6
19.55
19.0
19.2333333333
19.9333333333
19.5833333333
19.5333333333
19.25
18.5084745763
19.45
20.9
20.8333333333
20.5166666667
18.7627118644
18.5166666667
18.9166666667
19.8
19.2333333333
18.6333333333
20.5254237288
20.6833333333
20.2333333333
20.5166666667
19.65
19.2333333333
20.3898305085
19.95
19.0666666667
20.9
19.9
20.1833333333
20.2033898305
19.65
20.05
19.25
19.1
18.6779661017
19.9166666667
18.8833333333
19.3666666667
18.8333333333
19.5166666667
20.1525423729
20.9166666667
20.3666666667
20.8166666667
20.8
20.406779661
20.7333333333
18.9166666667
19.6833333333
17.7166666667
19.1333333333
20.6440677966
18.5849056604
--END OF 1--
27.4576271186
28.85
25.9333333333
26.85
25.7
26.7333333333
26.7666666667
24.593220339
25.8833333333
26.25
26.3833333333
27.6
25.6
24.2881355932
25.6166666667
26.7166666667
27.05
27.5
25.0
24.9666666667
26.0166666667
26.05
25.8333333333
24.2833333333
28.6610169492
27.5
27.7833333333
26.2666666667
26.9
24.5833333333
27.4237288136
25.7166666667
24.6833333333
27.5833333333
27.25
27.1
26.2203389831
25.8
27.5833333333
26.2166666667
26.3666666667
26.3220338983
26.15
25.6166666667
25.3
26.3333333333
25.7333333333
27.0169491525
27.9833333333
26.8
28.3666666667
27.25
27.5254237288
26.9833333333
25.2666666667
27.1833333333
24.3166666667
25.7833333333
27.3559322034
26.0566037736
--END OF 2--
28.2203389831
29.45
26.5666666667
27.05
27.45
27.0333333333
27.1666666667
24.6440677966
27.1
27.5333333333
27.6333333333
28.0666666667
25.7833333333
24.5084745763
26.7833333333
26.8666666667
27.4833333333
27.8333333333
25.6610169492
25.6166666667
26.8166666667
26.6
26.6833333333
24.6833333333
29.6101694915
28.15
28.5166666667
26.7166666667
27.5166666667
25.0666666667
28.8305084746
26.0666666667
25.0166666667
27.9333333333
27.5666666667
27.6
27.3220338983
26.2
28.4833333333
26.8833333333
26.7166666667
26.9830508475
26.25
25.8166666667
26.0333333333
27.0166666667
27.0333333333
27.6779661017
28.7833333333
27.4
30.55
28.2666666667
27.9152542373
28.1333333333
26.3166666667
28.3833333333
24.5666666667
26.0333333333
27.6101694915
26.6226415094
--END OF 3--
19.3559322034
19.8
18.9166666667
19.75
19.5
19.9666666667
19.3
18.9491525424
19.0
19.35
19.2666666667
19.2833333333
18.9666666667
18.4406779661
19.1166666667
20.2666666667
20.0166666667
19.7833333333
18.6610169492
18.4666666667
18.9166666667
19.5
19.0333333333
18.4833333333
19.9152542373
20.0666666667
19.7
19.85
19.4
19.2333333333
19.7288135593
19.6833333333
18.8666666667
20.1833333333
19.7833333333
19.95
19.8474576271
19.65
19.75
19.25
18.8
18.593220339
19.8
18.8833333333
19.3666666667
18.8333333333
19.4833333333
19.6779661017
19.9833333333
19.9166666667
20.1
20.1
19.7118644068
20.0833333333
18.9166666667
19.6333333333
17.7166666667
18.8833333333
20.0847457627
18.5849056604
--END OF 4--
27.406779661
28.75
25.9166666667
26.85
25.7
26.7333333333
26.7666666667
24.593220339
25.8833333333
26.25
26.3833333333
27.5833333333
25.6
24.2881355932
25.6166666667
26.7166666667
27.05
27.5
25.0
24.9666666667
26.0166666667
26.05
25.8333333333
24.2833333333
28.6610169492
27.5
27.7833333333
26.2666666667
26.9
24.5833333333
27.4237288136
25.7166666667
24.6833333333
27.5833333333
27.25
27.1
26.2203389831
25.8
27.5833333333
26.2166666667
26.3666666667
26.3220338983
26.15
25.6166666667
25.3
26.3333333333
25.7333333333
27.0169491525
27.9333333333
26.8
28.3666666667
27.25
27.5254237288
26.9833333333
25.2666666667
27.1833333333
24.3166666667
25.7833333333
27.3559322034
26.0566037736
--END OF 5--
28.2203389831
29.45
26.5666666667
27.05
27.45
27.0333333333
27.1666666667
24.6440677966
27.1
27.5333333333
27.6333333333
28.0666666667
25.7833333333
24.5084745763
26.7833333333
26.8666666667
27.4833333333
27.8333333333
25.6610169492
25.6166666667
26.8166666667
26.6
26.6833333333
24.6833333333
29.6101694915
28.15
28.5166666667
26.7166666667
27.5166666667
25.0666666667
28.8305084746
26.0666666667
25.0166666667
27.9333333333
27.5666666667
27.6
27.3220338983
26.2
28.4833333333
26.8833333333
26.7166666667
26.9830508475
26.25
25.8166666667
26.0333333333
27.0166666667
27.0333333333
27.6779661017
28.7833333333
27.4
30.55
28.2666666667
27.9152542373
28.1333333333
26.3166666667
28.3833333333
24.5666666667
26.0333333333
27.6101694915
26.6226415094
--END OF 6--
3642.0
3715.35
3658.4
3753.3
3663.75
3764.85
3721.25
3652.37288136
3633.1
3718.05
3738.35
3655.65
3699.75
3523.93220339
3666.05
3865.65
3844.95
3926.7
3596.44067797
3606.6
3615.15
3716.25
3559.2
3483.45
3714.61016949
3870.6
3755.55
3787.45
3622.5
3526.95
3751.72881356
3696.7
3581.05
3871.4
3639.1
3711.9
3711.50847458
3637.2
3708.2
3610.35
3730.5
3655.3220339
3691.4
3590.1
3481.05
3571.85
3620.6
3674.38983051
3904.55
3662.8
3916.25
3756.65
3818.28813559
3736.65
3519.3
3667.8
3426.3
3547.35
3812.84745763
3516.28301887
--END OF 7--
1016.16949153
1028.75
996.316666667
1039.45
1020.7
1054.26666667
1026.9
992.593220339
1006.38333333
1034.1
1040.73333333
1036.73333333
1020.61666667
988.06779661
1029.43333333
1072.55
1073.21666667
1084.2
1006.28813559
1004.8
1009.0
1032.0
995.25
965.55
1044.6440678
1074.7
1043.01666667
1045.61666667
1010.96666667
976.316666667
1062.59322034
1017.03333333
999.966666667
1085.06666667
1019.35
1041.01666667
1038.27118644
1017.45
1034.28333333
1004.93333333
1034.63333333
1010.84745763
1022.95
999.45
995.533333333
997.083333333
1003.65
1030.54237288
1087.35
1025.95
1085.2
1065.35
1057.91525424
1049.25
975.45
1021.75
957.55
993.75
1059.59322034
963.528301887
--END OF 8--
155.423728814
178.45
139.716666667
147.3
129.5
144.75
157.716666667
130.305084746
153.95
152.95
159.416666667
165.616666667
142.8
128.13559322
140.983333333
145.0
156.766666667
135.016666667
135.508474576
139.55
157.1
144.75
146.1
128.3
168.593220339
142.583333333
160.533333333
140.633333333
143.183333333
128.183333333
157.983050847
134.85
126.783333333
153.016666667
167.65
159.25
142.542372881
127.8
159.216666667
142.0
149.366666667
148.847457627
133.3
142.45
141.1
157.183333333
126.583333333
152.440677966
156.183333333
138.35
164.383333333
142.916666667
167.406779661
155.5
148.15
155.8
134.15
135.5
155.13559322
150.509433962
--END OF 9--
6.15254237288
8.55
6.31666666667
3.15
6.5
1.68333333333
6.48333333333
3.42372881356
4.25
4.8
4.56666666667
5.88333333333
3.36666666667
2.27118644068
6.85
3.3
4.53333333333
5.9
3.62711864407
4.4
6.75
4.4
5.35
3.9
8.66101694915
6.38333333333
8.28333333333
5.18333333333
7.5
3.41666666667
5.1186440678
3.58333333333
3.65
2.38333333333
4.25
4.25
6.89830508475
4.65
6.6
6.1
3.83333333333
6.4406779661
4.13333333333
3.15
2.76666666667
5.6
6.91666666667
6.03389830508
8.51666666667
5.93333333333
6.63333333333
6.46666666667
4.98305084746
5.6
3.55
7.8
5.2
5.4
3.08474576271
6.81132075472
--END OF 10--
1.35593220339
1.05
1.01666666667
0.35
2.65
0.4
0.35
0.338983050847
2.08333333333
1.23333333333
1.93333333333
0.8
0.133333333333
0.372881355932
1.45
0.2
0.616666666667
0.633333333333
0.915254237288
0.75
1.25
0.4
1.2
0.5
1.05084745763
1.2
1.05
0.633333333333
0.983333333333
0.683333333333
1.98305084746
0.366666666667
0.5
0.166666666667
0.683333333333
0.883333333333
1.40677966102
0.55
1.38333333333
1.11666666667
0.5
1.01694915254
0.0
0.133333333333
0.8
0.883333333333
1.85
0.881355932203
1.01666666667
0.383333333333
2.61666666667
2.01666666667
0.864406779661
1.85
1.8
2.15
0.05
0.5
0.508474576271
1.07547169811
--END OF 11--
0.0
0.0
0.0
0.0
1.5
0.0
0.0
0.0
0.0
0.5
0.466666666667
0.0
0.0
0.0
0.0
0.116666666667
0.25
0.0
0.0
0.0
0.5
0.0
0.0
0.0
0.0
0.0
0.0
0.0
0.0
0.0
0.372881355932
0.133333333333
0.0
0.0
0.0
0.0
0.0
0.5
0.666666666667
0.4
0.0
0.0
0.0
0.0
0.433333333333
0.266666666667
0.5
0.0
0.783333333333
0.216666666667
0.966666666667
0.0333333333333
0.0
0.5
0.0
0.0
0.0
0.0
0.0
0.0
--END OF 12--
