85.5666666667
81.1694915254
80.45
79.35
77.55
77.0
74.85
73.3833333333
73.7627118644
71.3166666667
70.5333333333
70.5666666667
69.1166666667
66.8166666667
66.0508474576
64.1833333333
63.1833333333
62.8833333333
62.9333333333
61.2
60.3559322034
58.7833333333
55.95
55.9333333333
55.4166666667
54.9666666667
54.0847457627
53.2
52.0666666667
50.1166666667
50.0166666667
47.8833333333
47.2542372881
47.4
45.9
46.05
44.7833333333
44.5166666667
42.9152542373
43.3
43.0
41.55
40.9333333333
41.05
38.4915254237
37.9833333333
39.2333333333
38.1166666667
38.6
38.813559322
36.6
34.5666666667
36.05
36.35
34.1
34.6949152542
33.2666666667
34.0166666667
32.9333333333
84.1578947368
--END OF 1--
120.2
115.576271186
114.316666667
111.983333333
109.333333333
109.183333333
101.6
103.466666667
102.86440678
102.483333333
99.4333333333
100.016666667
97.55
94.3166666667
93.8644067797
92.55
90.4
87.45
89.35
86.2166666667
84.0677966102
81.85
78.6333333333
79.75
76.5333333333
78.0666666667
75.9152542373
75.6666666667
72.2333333333
72.1333333333
70.6333333333
66.6666666667
67.5762711864
67.8833333333
63.5
65.2166666667
63.1666666667
61.2833333333
59.7457627119
58.7833333333
60.45
57.8
57.9333333333
57.3166666667
54.4406779661
53.6
54.5
52.5
53.9333333333
53.2542372881
51.5
49.5
49.9833333333
49.45
48.0
46.6271186441
47.0166666667
46.6166666667
45.55
119.754385965
--END OF 2--
123.883333333
123.169491525
120.133333333
117.7
112.95
113.95
105.916666667
107.633333333
106.745762712
106.233333333
104.5
102.833333333
101.4
98.9333333333
98.5084745763
95.9666666667
94.6666666667
91.3666666667
94.2166666667
90.5666666667
88.0169491525
84.7
81.5333333333
82.7666666667
79.5833333333
80.4333333333
78.6779661017
79.1
74.8833333333
75.0333333333
73.9333333333
69.9833333333
70.0338983051
71.4833333333
65.3666666667
67.4833333333
64.9
62.9833333333
62.3220338983
60.6333333333
63.8833333333
59.55
60.3166666667
59.45
56.1525423729
57.0333333333
56.7166666667
54.0333333333
55.5166666667
54.7796610169
53.65
52.0
52.0666666667
51.2333333333
51.2
48.813559322
48.5833333333
48.2333333333
46.55
125.614035088
--END OF 3--
56.2833333333
53.2881355932
52.9333333333
52.1833333333
51.0
50.55
49.1833333333
48.2166666667
48.3898305085
46.8
46.2333333333
46.15
45.3666666667
43.7333333333
43.2542372881
42.0833333333
41.35
41.2333333333
41.2333333333
40.0666666667
39.4915254237
38.4333333333
36.5
36.5333333333
36.1333333333
36.1333333333
35.3050847458
35.0
34.4
33.8666666667
33.9833333333
33.1333333333
33.1525423729
33.0833333333
32.5833333333
32.3333333333
32.0333333333
32.0
31.0169491525
31.3
31.3
31.0
30.55
30.2666666667
29.3050847458
29.1333333333
29.7666666667
29.2666666667
29.3833333333
29.7627118644
28.6333333333
27.5666666667
28.2
28.1666666667
27.45
27.3898305085
27.1833333333
27.8
27.2
55.4561403509
--END OF 4--
79.3166666667
76.186440678
75.4333333333
73.9666666667
72.25
72.15
67.0166666667
68.3833333333
67.813559322
67.55
65.4833333333
65.75
64.3833333333
62.1
61.9322033898
61.0166666667
59.4833333333
57.6166666667
58.8333333333
56.6333333333
55.4237288136
53.8833333333
52.4166666667
53.1166666667
51.5333333333
52.3833333333
51.5762711864
51.4
50.1833333333
50.2166666667
49.8166666667
48.2333333333
48.5254237288
48.7833333333
46.95
47.3833333333
46.65
46.1166666667
45.5084745763
44.9
45.85
44.6
44.7
44.1833333333
43.2203389831
43.0
43.3166666667
42.5666666667
43.0
42.9152542373
41.8833333333
40.7833333333
41.15
40.8666666667
40.1666666667
39.2881355932
39.6666666667
39.6333333333
39.0666666667
79.2631578947
--END OF 5--
81.75
81.3728813559
79.9333333333
78.9333333333
77.45
77.5333333333
74.7833333333
75.5666666667
75.1016949153
74.9166666667
74.15
73.3
73.2
72.2166666667
72.1016949153
71.1833333333
70.5333333333
69.3166666667
70.3666666667
68.7333333333
67.7796610169
66.4666666667
64.9
65.5333333333
63.8833333333
64.4166666667
63.4915254237
63.6833333333
61.7166666667
61.9166666667
61.3333333333
59.4833333333
59.6271186441
60.2833333333
56.85
57.9
56.5666666667
55.6333333333
55.406779661
54.25
56.15
53.7
54.0166666667
53.3833333333
51.593220339
52.1166666667
51.9833333333
50.3833333333
51.35
50.8813559322
50.1333333333
49.1333333333
49.2666666667
48.6666666667
48.55
46.9661016949
46.9833333333
46.9
45.5833333333
83.1228070175
--END OF 6--
15515.4
14843.7966102
14514.35
14249.85
14080.1
13946.05
13533.7
13425.0
13244.4915254
13081.1
12970.1
12903.45
12608.3
12153.8
12078.559322
11755.55
11722.25
11565.8
11401.05
11112.25
10943.1355932
10768.0
10467.95
10352.45
10254.75
10182.1
9973.16949153
9827.55
9662.65
9362.95
9331.9
8760.7
8687.49152542
8781.6
8634.55
8617.05
8311.55
8218.25
7963.06779661
7967.85
7991.4
7648.65
7653.75
7646.3
7277.79661017
7129.4
7372.7
6994.55
7068.4
7024.22033898
6872.9
6566.4
6555.35
6773.15
6391.5
6321.10169492
6241.15
6241.25
6181.55
15329.4210526
--END OF 7--
4335.83333333
4158.13559322
4070.23333333
4013.3
3940.51666667
3899.45
3761.81666667
3724.93333333
3714.20338983
3635.51666667
3612.15
3606.76666667
3522.61666667
3416.58333333
3389.74576271
3275.95
3237.66666667
3194.58333333
3195.13333333
3120.96666667
3067.88135593
2999.61666667
2875.61666667
2873.58333333
2837.98333333
2820.05
2724.84745763
2748.91666667
2688.85
2618.08333333
2583.48333333
2452.01666667
2430.01694915
2457.35
2377.36666667
2398.75
2319.41666667
2284.31666667
2200.45762712
2208.85
2200.43333333
2124.3
2123.78333333
2117.73333333
2009.16949153
1968.45
2031.35
1956.48333333
1971.45
1948.50847458
1904.66666667
1833.13333333
1839.05
1891.0
1781.75
1780.20338983
1759.1
1737.16666667
1718.76666667
4273.94736842
--END OF 8--
669.883333333
651.288135593
636.6
617.033333333
592.883333333
606.433333333
547.45
563.55
593.084745763
575.933333333
555.283333333
559.983333333
538.933333333
537.666666667
524.389830508
514.183333333
507.4
480.65
495.9
468.25
454.559322034
451.233333333
448.366666667
425.216666667
403.15
433.75
432.118644068
416.95
385.583333333
410.55
375.483333333
354.9
358.457627119
382.7
341.616666667
364.4
351.05
327.883333333
314.13559322
315.5
336.283333333
313.8
313.866666667
318.05
310.627118644
286.116666667
290.466666667
286.65
302.066666667
283.93220339
281.5
286.183333333
284.916666667
275.45
267.933333333
233.237288136
254.333333333
226.9
243.316666667
645.052631579
--END OF 9--
34.0666666667
46.2203389831
45.9833333333
43.9333333333
35.8833333333
43.3166666667
25.7166666667
35.0333333333
31.6610169492
35.1333333333
34.95
33.9
30.7
31.8833333333
32.9322033898
33.5666666667
28.9666666667
28.3666666667
34.2666666667
34.1
26.6440677966
23.65
22.6833333333
29.6333333333
20.3
24.35
27.0169491525
29.5
23.05
22.0
26.7
26.2
26.2033898305
24.1833333333
16.6833333333
20.6166666667
15.4666666667
14.05
20.6271186441
16.3
24.3166666667
17.65
17.9666666667
15.6333333333
13.2881355932
20.2
15.65
13.25
16.7166666667
18.2203389831
15.1333333333
15.5666666667
13.15
10.0333333333
13.95
17.2203389831
9.98333333333
13.8
10.2833333333
47.1228070175
--END OF 10--
5.23333333333
10.7966101695
6.43333333333
8.58333333333
4.33333333333
6.31666666667
5.36666666667
5.25
6.0
5.0
6.26666666667
3.68333333333
4.9
6.68333333333
6.57627118644
4.65
7.08333333333
5.01666666667
5.61666666667
5.45
5.96610169492
3.81666666667
3.4
4.7
3.7
2.78333333333
4.38983050847
4.21666666667
3.06666666667
3.68333333333
4.78333333333
4.83333333333
3.18644067797
4.56666666667
2.61666666667
3.16666666667
2.06666666667
2.25
3.35593220339
2.15
3.78333333333
2.15
3.21666666667
3.05
1.74576271186
4.35
3.68333333333
2.51666666667
1.78333333333
0.915254237288
3.18333333333
2.75
2.58333333333
2.18333333333
4.41666666667
2.4406779661
2.23333333333
2.2
1.78333333333
8.50877192982
--END OF 11--
1.53333333333
0.949152542373
0.583333333333
1.13333333333
1.16666666667
0.75
1.93333333333
1.76666666667
0.305084745763
0.716666666667
1.31666666667
0.166666666667
0.35
0.15
0.559322033898
0.283333333333
1.01666666667
0.85
1.61666666667
1.25
0.949152542373
0.333333333333
0.4
0.466666666667
1.51666666667
0.0166666666667
0.0
0.216666666667
1.21666666667
0.433333333333
0.0666666666667
0.866666666667
0.64406779661
0.933333333333
0.5
0.633333333333
0.0
0.65
0.305084745763
0.7
1.3
0.5
0.65
0.45
0.406779661017
1.58333333333
0.183333333333
0.466666666667
0.0
0.0
0.4
1.21666666667
0.183333333333
0.116666666667
1.85
0.745762711864
1.18333333333
0.95
0.0
0.578947368421
--END OF 12--
