19.0338983051
19.1333333333
20.3333333333
20.15
20.8333333333
19.55
20.4237288136
20.4833333333
19.8
19.9833333333
20.6833333333
19.1666666667
20.8666666667
18.9661016949
20.0166666667
20.1
19.8166666667
19.9666666667
21.2542372881
19.9833333333
19.8833333333
19.4166666667
19.8
20.9833333333
21.5254237288
19.75
20.8166666667
19.1333333333
21.2333333333
19.7333333333
20.4406779661
19.2833333333
20.1833333333
19.6
21.45
20.6
20.0847457627
20.4833333333
20.65
20.1
20.4333333333
20.9152542373
21.0166666667
19.1666666667
20.2833333333
21.8
21.55
19.2711864407
19.3166666667
19.75
20.6833333333
21.0
21.1355932203
21.2333333333
20.8166666667
20.4833333333
20.6
20.95
20.9661016949
20.7931034483
--END OF 1--
26.4745762712
27.2666666667
27.5333333333
27.9166666667
27.5833333333
26.8666666667
26.9322033898
29.05
27.05
27.2333333333
27.2833333333
27.2666666667
27.5166666667
25.5423728814
27.2166666667
27.6333333333
26.7833333333
28.1166666667
28.1355932203
27.2333333333
26.9333333333
27.9166666667
27.6833333333
30.45
29.6271186441
26.15
27.1666666667
26.95
29.1833333333
26.7833333333
27.8305084746
26.0333333333
26.75
27.0
29.6833333333
28.0333333333
27.406779661
28.55
28.3166666667
28.7333333333
28.2166666667
29.2033898305
29.3333333333
25.9166666667
28.1333333333
30.1666666667
29.05
27.2203389831
27.1333333333
26.6833333333
28.2166666667
26.9166666667
29.9491525424
28.6833333333
29.7166666667
27.9333333333
28.4333333333
29.7166666667
28.9322033898
28.8448275862
--END OF 2--
27.2542372881
28.0833333333
28.4166666667
29.0
28.3666666667
28.8833333333
27.8305084746
30.1
27.95
27.8333333333
27.7833333333
27.5666666667
27.8166666667
26.7288135593
28.2666666667
29.2333333333
27.6166666667
29.0
29.1525423729
27.7
27.05
29.2333333333
28.4833333333
31.1666666667
29.7288135593
27.2166666667
27.9166666667
27.4833333333
30.1833333333
26.9833333333
27.8813559322
26.9166666667
27.4
27.7833333333
31.2
28.65
27.9491525424
29.9833333333
28.6166666667
29.15
28.5333333333
31.4745762712
29.3833333333
26.1666666667
29.65
31.0
29.5333333333
27.7966101695
28.2333333333
27.5166666667
28.8
27.55
30.7966101695
29.7666666667
30.6333333333
28.7666666667
29.0833333333
30.6166666667
29.2203389831
29.7413793103
--END OF 3--
18.9491525424
19.05
19.9666666667
19.7166666667
20.1
19.2833333333
19.9322033898
19.8666666667
19.65
19.6333333333
20.0833333333
19.0666666667
19.9666666667
18.9152542373
19.5666666667
19.75
19.6666666667
19.5666666667
20.5762711864
19.65
19.4833333333
19.15
19.6
20.3166666667
20.5423728814
19.15
19.8166666667
18.8333333333
20.3333333333
19.5833333333
19.7288135593
19.2833333333
19.7333333333
19.3833333333
20.75
20.0
19.5762711864
19.9166666667
20.0
19.6333333333
19.9333333333
20.0169491525
20.3833333333
18.9166666667
19.6
20.75
20.45
19.0847457627
19.1666666667
19.5166666667
20.3
20.2
20.3050847458
20.4833333333
20.1
19.9833333333
20.2166666667
20.2
20.2033898305
20.1896551724
--END OF 4--
26.4745762712
27.2666666667
27.4166666667
27.8333333333
27.5333333333
26.8666666667
26.9322033898
28.9
27.05
27.2333333333
27.2833333333
27.2666666667
27.3666666667
25.5423728814
27.2
27.6333333333
26.7833333333
28.1166666667
28.1355932203
27.2333333333
26.9333333333
27.9166666667
27.6833333333
30.0833333333
29.3389830508
26.15
27.1666666667
26.8833333333
28.9333333333
26.7833333333
27.8305084746
26.0333333333
26.75
27.0
29.4333333333
28.0333333333
27.406779661
28.4
28.3
28.6666666667
28.2166666667
29.1016949153
29.0833333333
25.9166666667
27.9833333333
29.9
28.8833333333
27.2203389831
27.1333333333
26.6833333333
28.2166666667
26.9166666667
29.5593220339
28.5333333333
29.4833333333
27.9333333333
28.2833333333
29.4666666667
28.8813559322
28.8448275862
--END OF 5--
27.2542372881
28.0833333333
28.4166666667
29.0
28.3666666667
28.8833333333
27.8305084746
30.1
27.95
27.8333333333
27.7833333333
27.5666666667
27.8166666667
26.7288135593
28.2666666667
29.2333333333
27.6166666667
29.0
29.1525423729
27.7
27.05
29.2333333333
28.4833333333
31.1666666667
29.7288135593
27.2166666667
27.9166666667
27.4833333333
30.1833333333
26.9833333333
27.8813559322
26.9166666667
27.4
27.7833333333
31.2
28.65
27.9491525424
29.9833333333
28.6166666667
29.15
28.5333333333
31.4745762712
29.3833333333
26.1666666667
29.65
31.0
29.5333333333
27.7966101695
28.2333333333
27.5166666667
28.8
27.55
30.7966101695
29.7666666667
30.6333333333
28.7666666667
29.0833333333
30.6166666667
29.2203389831
29.7413793103
--END OF 6--
3660.76271186
3665.95
3768.9
3747.3
3793.35
3667.25
3782.28813559
3895.55
3670.2
3757.95
3851.85
3649.65
3835.5
3609.10169492
3700.7
3681.2
3643.15
3795.5
3872.33898305
3685.55
3777.0
3683.2
3733.4
3909.65
3963.10169492
3614.45
3880.2
3735.95
3944.7
3592.95
3758.79661017
3609.1
3818.65
3684.9
3990.35
3728.35
3584.44067797
3787.7
3832.35
3849.0
3796.2
3851.44067797
3870.85
3687.6
3812.45
4065.5
3908.35
3680.08474576
3726.95
3751.35
3744.0
3673.0
3835.16949153
3863.75
3860.15
3774.25
3869.4
3866.5
3803.13559322
3889.96551724
--END OF 7--
1005.44067797
1009.38333333
1045.48333333
1041.06666667
1066.98333333
1020.65
1052.62711864
1073.85
1008.75
1025.7
1063.35
1011.0
1064.55
1003.77966102
1041.08333333
1027.1
1028.06666667
1055.05
1075.15254237
1035.86666667
1041.81666667
1027.15
1038.25
1091.05
1100.79661017
1015.3
1083.0
1047.63333333
1102.1
1023.1
1063.59322034
1011.4
1065.91666667
1025.76666667
1111.51666667
1059.48333333
1029.22033898
1067.31666667
1066.56666667
1072.06666667
1059.81666667
1065.81355932
1085.98333333
1020.65
1080.98333333
1118.6
1094.98333333
1029.47457627
1033.75
1027.3
1054.06666667
1035.53333333
1088.93220339
1083.91666667
1075.93333333
1051.2
1062.98333333
1080.4
1056.76271186
1079.10344828
--END OF 8--
156.711864407
160.85
149.5
170.266666667
155.516666667
149.683333333
144.779661017
177.7
163.15
153.75
158.6
160.55
151.85
140.305084746
158.3
180.533333333
151.066666667
164.916666667
155.508474576
157.366666667
149.75
176.233333333
156.416666667
185.466666667
161.372881356
154.616666667
154.2
177.183333333
170.25
151.15
179.593220339
146.4
145.866666667
155.283333333
165.616666667
158.533333333
158.813559322
163.133333333
157.116666667
172.75
161.75
176.406779661
181.266666667
144.9
169.333333333
184.9
169.133333333
166.525423729
154.55
151.166666667
167.916666667
135.316666667
188.118644068
167.033333333
185.166666667
153.533333333
167.2
177.566666667
171.711864407
173.120689655
--END OF 9--
3.22033898305
5.86666666667
6.68333333333
4.1
4.08333333333
7.4
5.54237288136
9.06666666667
7.7
5.6
3.85
6.75
6.25
5.72881355932
4.23333333333
6.4
4.71666666667
7.03333333333
4.61016949153
5.36666666667
4.75
12.1833333333
6.06666666667
7.61666666667
6.40677966102
6.36666666667
5.7
3.38333333333
7.7
4.9
3.1186440678
3.63333333333
3.43333333333
5.23333333333
6.16666666667
4.25
4.45762711864
7.23333333333
4.71666666667
5.46666666667
4.8
9.49152542373
2.28333333333
6.8
8.08333333333
4.75
4.81666666667
3.86440677966
9.63333333333
5.63333333333
5.0
4.16666666667
4.96610169492
5.2
6.55
5.7
6.15
7.6
6.08474576271
6.34482758621
--END OF 10--
1.37288135593
1.0
0.916666666667
1.45
0.683333333333
3.53333333333
1.23728813559
1.01666666667
1.65
0.35
0.7
0.5
0.2
0.830508474576
1.28333333333
2.38333333333
1.48333333333
0.65
1.28813559322
0.75
0.216666666667
1.55
1.15
1.18333333333
0.0
1.3
0.6
0.766666666667
0.9
0.5
0.0
1.23333333333
0.633333333333
1.2
1.91666666667
1.06666666667
0.796610169492
2.56666666667
0.933333333333
0.266666666667
0.166666666667
3.89830508475
0.0
0.0
2.0
1.46666666667
0.5
1.01694915254
1.3
1.31666666667
0.716666666667
0.833333333333
1.0
1.68333333333
1.06666666667
1.43333333333
0.966666666667
1.2
0.0
0.51724137931
--END OF 11--
0.152542372881
0.0
0.0
0.0
0.0
0.5
0.254237288136
0.716666666667
0.0
0.0
0.0
0.0
0.0
0.338983050847
0.166666666667
0.0
0.0
0.0
0.271186440678
0.233333333333
0.0
0.0
0.0833333333333
0.183333333333
0.0
0.0
0.0
0.1
0.4
0.0
0.0
0.0
0.0
0.0
0.0
0.0
0.305084745763
0.133333333333
0.0333333333333
0.0
0.0
0.508474576271
0.0
0.0
0.0
0.0
0.0
0.135593220339
0.366666666667
0.0
0.0
0.833333333333
0.169491525424
0.0
0.466666666667
0.0333333333333
0.0
0.166666666667
0.0
0.293103448276
--END OF 12--
