16.45
15.3898305085
15.75
15.1833333333
15.2
16.3333333333
16.7666666667
15.186440678
15.85
16.3666666667
16.2833333333
15.7333333333
17.0
16.5593220339
15.9
15.45
15.25
16.9
15.6101694915
15.6
16.3166666667
16.15
15.8
16.813559322
16.5833333333
16.5666666667
15.5666666667
15.6
16.2203389831
15.1833333333
16.0833333333
16.4166666667
16.4
15.8813559322
15.9166666667
17.4833333333
15.7833333333
15.2666666667
15.5
16.4237288136
15.05
14.6333333333
14.0166666667
16.25
16.6610169492
15.7333333333
14.7833333333
16.5333333333
15.5
15.0
15.1666666667
16.0333333333
15.8333333333
14.0
15.406779661
14.4666666667
15.3333333333
14.6
15.0
15.8421052632
--END OF 1--
22.75
21.3389830508
22.2333333333
22.85
23.0
23.25
23.25
23.0338983051
23.45
23.2833333333
22.2
22.1333333333
24.35
23.7966101695
21.65
20.8
21.25
22.6
23.0508474576
22.3166666667
22.0666666667
21.7666666667
21.85
23.8305084746
22.0166666667
22.9833333333
21.25
22.1166666667
22.5762711864
21.0833333333
21.7333333333
22.9166666667
23.2
21.7288135593
21.5333333333
24.65
21.5666666667
21.0666666667
22.7666666667
22.7457627119
20.6333333333
21.0833333333
20.5666666667
23.1166666667
23.8983050847
21.8333333333
21.0333333333
22.2833333333
21.9
21.2203389831
21.05
22.45
21.45
19.8
22.5423728814
20.6666666667
21.9
21.55
22.9833333333
23.4210526316
--END OF 2--
22.75
21.9491525424
22.9
24.05
23.8333333333
23.9666666667
24.0
23.6271186441
24.4166666667
24.1333333333
23.5666666667
22.6
24.9333333333
24.4237288136
22.85
21.2
21.3
23.0
24.0847457627
23.75
22.3666666667
22.1166666667
22.3333333333
24.0508474576
22.2833333333
23.3166666667
21.5166666667
22.75
23.2711864407
22.1333333333
22.2333333333
23.1666666667
23.9
21.8813559322
21.9666666667
26.45
22.7666666667
21.2333333333
24.15
23.5762711864
20.8166666667
22.6166666667
21.1166666667
24.2833333333
25.1525423729
22.4333333333
21.8833333333
22.8833333333
22.3
21.8983050847
21.35
22.45
22.8
22.0333333333
22.5593220339
22.0666666667
22.5166666667
22.3333333333
23.5166666667
23.7368421053
--END OF 3--
16.45
15.3898305085
15.75
15.1833333333
15.2
16.3333333333
16.7666666667
15.186440678
15.85
16.3666666667
16.2833333333
15.7333333333
17.0
16.5593220339
15.9
15.45
15.25
16.9
15.6101694915
15.6
16.3166666667
16.15
15.8
16.813559322
16.5833333333
16.5666666667
15.5666666667
15.6
16.2203389831
15.1833333333
16.0833333333
16.4166666667
16.4
15.8813559322
15.9166666667
17.4833333333
15.7833333333
15.2666666667
15.5
16.4237288136
15.05
14.6333333333
14.0166666667
16.25
16.6610169492
15.7333333333
14.7833333333
16.5333333333
15.5
15.0
15.1666666667
16.0333333333
15.8333333333
14.0
15.406779661
14.4666666667
15.3333333333
14.6
15.0
15.8421052632
--END OF 4--
22.75
21.3389830508
22.2333333333
22.85
23.0
23.25
23.25
23.0338983051
23.45
23.2833333333
22.2
22.1333333333
24.35
23.7966101695
21.65
20.8
21.25
22.6
23.0508474576
22.3166666667
22.0666666667
21.7666666667
21.85
23.8305084746
22.0166666667
22.9833333333
21.25
22.1166666667
22.5762711864
21.0833333333
21.7333333333
22.9166666667
23.2
21.7288135593
21.5333333333
24.65
21.5666666667
21.0666666667
22.7666666667
22.7457627119
20.6333333333
21.0833333333
20.5666666667
23.1166666667
23.8983050847
21.8333333333
21.0333333333
22.2833333333
21.9
21.2203389831
21.05
22.45
21.45
19.8
22.5423728814
20.6666666667
21.9
21.55
22.9833333333
23.4210526316
--END OF 5--
22.75
21.9491525424
22.9
24.05
23.8333333333
23.9666666667
24.0
23.6271186441
24.4166666667
24.1333333333
23.5666666667
22.6
24.9333333333
24.4237288136
22.85
21.2
21.3
23.0
24.0847457627
23.75
22.3666666667
22.1166666667
22.3333333333
24.0508474576
22.2833333333
23.3166666667
21.5166666667
22.75
23.2711864407
22.1333333333
22.2333333333
23.1666666667
23.9
21.8813559322
21.9666666667
26.45
22.7666666667
21.2333333333
24.15
23.5762711864
20.8166666667
22.6166666667
21.1166666667
24.2833333333
25.1525423729
22.4333333333
21.8833333333
22.8833333333
22.3
21.8983050847
21.35
22.45
22.8
22.0333333333
22.5593220339
22.0666666667
22.5166666667
22.3333333333
23.5166666667
23.7368421053
--END OF 6--
2977.35
2867.54237288
2920.25
2951.2
2942.65
3069.75
3070.0
2913.40677966
3001.3
3108.75
2997.05
2957.55
3097.05
3043.47457627
2927.85
2945.25
2863.35
3044.55
3030.20338983
2918.0
2975.7
2923.25
2958.75
3107.84745763
3034.1
3102.0
2966.9
3010.4
3051.25423729
2782.35
3011.85
2967.75
3013.5
2888.44067797
2910.0
3164.4
2900.55
2877.15
3009.5
3039.55932203
2836.6
2796.55
2721.0
2988.9
3149.33898305
2883.6
2884.5
2992.65
2970.75
2858.69491525
2862.2
2945.05
2867.2
2661.95
2935.22033898
2830.35
2826.6
2887.4
2841.05
2930.36842105
--END OF 7--
852.65
803.152542373
820.616666667
823.866666667
821.45
849.016666667
865.933333333
822.745762712
850.8
873.233333333
839.9
840.466666667
879.55
865.101694915
815.75
806.65
808.9
853.8
838.525423729
813.933333333
849.416666667
829.216666667
817.483333333
882.372881356
861.683333333
876.75
842.5
844.016666667
853.118644068
802.4
835.7
858.1
861.3
815.728813559
825.7
902.666666667
815.55
794.5
840.733333333
852.830508475
786.466666667
801.366666667
755.866666667
854.866666667
901.881355932
824.65
806.65
858.2
836.65
805.949152542
792.466666667
836.133333333
813.216666667
757.633333333
809.237288136
775.5
803.833333333
812.55
808.05
833.684210526
--END OF 8--
128.35
124.661016949
138.116666667
150.4
150.05
140.383333333
143.516666667
147.661016949
148.633333333
141.883333333
144.066666667
133.483333333
149.966666667
148.050847458
119.85
118.25
116.9
130.85
144.220338983
134.7
134.833333333
124.716666667
121.033333333
141.711864407
114.566666667
134.05
119.866666667
135.866666667
132.627118644
127.25
126.65
133.5
134.9
124.847457627
120.316666667
156.116666667
127.85
116.4
150.35
132.627118644
118.7
132.333333333
134.85
144.233333333
154.440677966
133.4
119.95
138.6
144.35
135.118644068
129.9
139.183333333
124.483333333
109.3
149.644067797
121.45
136.6
141.8
147.266666667
134.789473684
--END OF 9--
5.75
5.69491525424
4.35
7.83333333333
7.91666666667
7.63333333333
6.38333333333
6.13559322034
7.31666666667
4.41666666667
4.6
1.91666666667
9.88333333333
6.05084745763
5.5
2.15
5.3
5.2
8.08474576271
8.25
2.55
3.7
5.06666666667
4.49152542373
2.78333333333
5.08333333333
3.83333333333
4.41666666667
4.94915254237
6.05
4.15
5.25
5.6
4.50847457627
4.63333333333
10.0833333333
5.2
3.45
5.38333333333
6.10169491525
6.11666666667
5.75
5.23333333333
5.68333333333
8.57627118644
3.6
8.6
3.0
3.95
3.20338983051
3.81666666667
4.71666666667
7.23333333333
7.95
4.28813559322
5.85
5.96666666667
4.38333333333
5.93333333333
8.94736842105
--END OF 10--
0.0
0.508474576271
0.85
1.21666666667
1.28333333333
1.23333333333
0.533333333333
0.830508474576
0.866666666667
0.8
1.33333333333
0.5
0.533333333333
0.762711864407
1.9
0.85
0.0
0.35
1.22033898305
2.31666666667
0.166666666667
0.0
0.5
0.0
0.216666666667
0.55
0.75
0.833333333333
0.694915254237
1.7
0.5
0.55
0.45
0.0
0.5
2.83333333333
1.16666666667
0.35
1.96666666667
1.20338983051
0.233333333333
2.6
1.08333333333
1.78333333333
1.38983050847
0.4
0.8
0.3
0.35
1.0
0.5
0.0
2.06666666667
3.43333333333
0.0
2.5
1.03333333333
1.06666666667
0.233333333333
0.526315789474
--END OF 11--
0.0
0.508474576271
0.166666666667
0.0
0.0
0.0
0.0
0.271186440678
0.4
0.0666666666667
0.5
0.466666666667
0.0333333333333
0.0
0.0
0.5
0.0
0.0
0.0
0.0
0.0
0.0
0.5
0.0
0.0
0.0
0.0
0.0
0.0508474576271
0.45
0.0
0.0
0.0
0.0
0.0
0.0
0.5
0.166666666667
0.716666666667
0.491525423729
0.0
0.566666666667
0.15
0.416666666667
0.338983050847
0.0
0.0
0.0
0.0
0.474576271186
0.0
0.0
0.766666666667
0.733333333333
0.0
0.0
0.233333333333
0.2
0.0
0.0
--END OF 12--
