15.3833333333
15.9333333333
15.6666666667
15.5
15.1
15.9491525424
15.4833333333
15.75
16.0333333333
15.6
16.0
15.2833333333
15.0
15.9
15.95
16.4833333333
15.6333333333
16.6779661017
15.5166666667
16.0666666667
16.65
16.6166666667
14.8305084746
15.8666666667
16.4
17.1166666667
16.4333333333
16.2372881356
16.5833333333
16.7166666667
16.9
17.1666666667
16.3898305085
16.1833333333
17.0333333333
15.6166666667
16.2333333333
16.8166666667
16.8983050847
16.0333333333
15.9166666667
16.25
16.2
17.1186440678
16.3833333333
16.2666666667
16.9833333333
16.45
16.6779661017
16.9
16.9333333333
17.45
16.55
16.3728813559
18.1
17.85
17.15
17.9666666667
17.2711864407
16.3728813559
--END OF 1--
22.1666666667
23.5666666667
21.75
21.7666666667
22.7666666667
23.1525423729
21.9
22.35
22.1666666667
23.75
23.7833333333
22.5833333333
22.2881355932
23.1
22.55
23.0333333333
22.1833333333
23.2203389831
23.1333333333
23.15
24.05
24.1
22.4745762712
22.9166666667
22.5666666667
25.1166666667
24.3166666667
23.8644067797
24.8666666667
23.0666666667
23.2
24.8666666667
22.7966101695
23.5833333333
24.3166666667
23.1166666667
24.15
23.35
25.2372881356
23.3
23.4833333333
24.5166666667
21.9833333333
23.7966101695
24.2666666667
24.1166666667
24.9666666667
25.05
25.2203389831
24.6833333333
23.3333333333
23.95
23.8333333333
22.6949152542
24.9333333333
24.35
24.6333333333
25.4333333333
25.7288135593
21.3728813559
--END OF 2--
24.05
24.1
22.3
22.4
23.8666666667
24.4576271186
22.45
25.55
22.9333333333
24.9
24.4
24.0166666667
23.4237288136
23.45
23.5
24.2333333333
23.4333333333
23.6271186441
24.7166666667
24.0166666667
24.9666666667
24.55
22.7627118644
24.1166666667
23.0833333333
25.9
25.5166666667
25.4745762712
26.0666666667
23.4666666667
23.3
25.0166666667
23.3898305085
24.25
25.0166666667
24.7333333333
25.4333333333
24.5
25.7796610169
25.0
24.6666666667
25.2666666667
22.6333333333
25.0169491525
25.3833333333
24.3166666667
26.1833333333
26.5
26.5254237288
26.1666666667
24.05
24.5166666667
24.0
25.0338983051
25.7833333333
25.5166666667
25.25
26.3166666667
26.2203389831
21.9152542373
--END OF 3--
15.3833333333
15.9333333333
15.6666666667
15.5
15.1
15.9491525424
15.4833333333
15.75
16.0333333333
15.6
16.0
15.2833333333
15.0
15.9
15.95
16.4833333333
15.6333333333
16.6779661017
15.5166666667
16.0666666667
16.65
16.6166666667
14.8305084746
15.8666666667
16.4
17.1166666667
16.4333333333
16.2372881356
16.5833333333
16.7166666667
16.9
17.1666666667
16.3898305085
16.1833333333
17.0333333333
15.6166666667
16.2333333333
16.8166666667
16.8983050847
16.0333333333
15.9166666667
16.25
16.2
17.1186440678
16.3833333333
16.2666666667
16.9833333333
16.45
16.6779661017
16.9
16.9333333333
17.45
16.55
16.3728813559
18.1
17.85
17.15
17.8333333333
17.2711864407
16.3728813559
--END OF 4--
22.1666666667
23.5666666667
21.75
21.7666666667
22.7666666667
23.1525423729
21.9
22.35
22.1666666667
23.75
23.7833333333
22.5833333333
22.2881355932
23.1
22.55
23.0333333333
22.1833333333
23.2203389831
23.1333333333
23.15
24.05
24.1
22.4745762712
22.9166666667
22.5666666667
25.1166666667
24.3166666667
23.8644067797
24.8666666667
23.0666666667
23.2
24.8666666667
22.7966101695
23.5833333333
24.3166666667
23.1166666667
24.15
23.35
25.2372881356
23.3
23.4833333333
24.5166666667
21.9833333333
23.7966101695
24.2666666667
24.1166666667
24.9666666667
25.05
25.2203389831
24.6833333333
23.3333333333
23.95
23.8333333333
22.6949152542
24.9333333333
24.35
24.6333333333
25.4333333333
25.7288135593
21.3728813559
--END OF 5--
24.05
24.1
22.3
22.4
23.8666666667
24.4576271186
22.45
25.55
22.9333333333
24.9
24.4
24.0166666667
23.4237288136
23.45
23.5
24.2333333333
23.4333333333
23.6271186441
24.7166666667
24.0166666667
24.9666666667
24.55
22.7627118644
24.1166666667
23.0833333333
25.9
25.5166666667
25.4745762712
26.0666666667
23.4666666667
23.3
25.0166666667
23.3898305085
24.25
25.0166666667
24.7333333333
25.4333333333
24.5
25.7796610169
25.0
24.6666666667
25.2666666667
22.6333333333
25.0169491525
25.3833333333
24.3166666667
26.1833333333
26.5
26.5254237288
26.1666666667
24.05
24.5166666667
24.0
25.0338983051
25.7833333333
25.5166666667
25.25
26.3166666667
26.2203389831
21.9152542373
--END OF 6--
2919.1
2993.7
2977.35
2879.95
2927.75
3048.10169492
2921.75
2941.4
2997.5
2982.0
2949.2
2996.1
3000.61016949
3152.55
3051.45
3225.9
3022.8
3120.61016949
2908.45
3151.3
3150.8
3171.25
2998.6779661
3093.55
3067.1
3170.4
3062.5
3113.54237288
3176.6
3038.85
3264.3
3202.5
3125.6440678
3024.35
3153.4
2990.6
3137.15
3165.75
3195.96610169
3093.05
3021.25
3090.5
3061.85
3200.6440678
3162.9
3142.5
3313.15
3225.75
3140.33898305
3231.2
3178.55
3222.4
3178.75
3067.06779661
3335.65
3285.1
3246.6
3403.45
3226.88135593
2911.47457627
--END OF 7--
804.05
837.366666667
822.5
802.25
806.416666667
854.338983051
816.916666667
832.483333333
838.216666667
846.6
829.35
825.533333333
816.305084746
855.45
854.25
884.0
823.05
872.389830508
832.216666667
852.933333333
884.3
880.033333333
831.406779661
871.266666667
867.766666667
910.033333333
868.966666667
868.86440678
886.25
872.2
894.85
886.95
862.016949153
844.5
876.5
829.966666667
884.95
884.95
897.372881356
859.216666667
845.85
881.133333333
850.683333333
882.305084746
872.533333333
875.7
908.55
890.55
877.186440678
905.133333333
879.283333333
906.316666667
897.916666667
864.0
926.083333333
924.466666667
896.716666667
944.116666667
923.169491525
811.118644068
--END OF 8--
140.7
148.016666667
123.033333333
136.583333333
145.8
138.525423729
129.183333333
135.433333333
131.566666667
154.0
143.216666667
151.85
131.169491525
140.2
146.5
143.15
127.35
130.898305085
148.2
146.6
159.383333333
152.4
140.728813559
148.416666667
137.5
146.716666667
143.15
150.796610169
156.95
126.5
126.8
141.15
129.355932203
145.383333333
144.6
144.8
147.333333333
141.666666667
156.881355932
156.983333333
141.05
151.166666667
138.416666667
148.966101695
150.116666667
146.25
153.133333333
159.75
153.033898305
156.7
121.066666667
135.05
137.2
141.016949153
147.95
148.566666667
153.3
148.05
166.508474576
132.474576271
--END OF 9--
8.03333333333
5.91666666667
4.36666666667
4.31666666667
8.98333333333
6.69491525424
4.71666666667
12.7333333333
4.45
6.36666666667
8.3
7.08333333333
8.50847457627
4.85
4.8
4.95
8.65
4.66101694915
9.91666666667
6.95
5.76666666667
5.35
8.30508474576
6.38333333333
4.68333333333
9.75
9.48333333333
8.69491525424
10.4666666667
7.15
6.95
7.3
6.54237288136
9.06666666667
7.81666666667
10.1333333333
9.65
5.5
8.10169491525
7.35
9.76666666667
8.35
3.9
7.05084745763
8.55
3.75
6.8
8.1
9.38983050847
7.71666666667
6.46666666667
3.16666666667
5.13333333333
6.08474576271
6.65
4.3
6.33333333333
7.05
6.64406779661
4.71186440678
--END OF 10--
2.71666666667
1.0
1.0
0.5
1.15
1.86440677966
0.55
2.75
1.33333333333
1.78333333333
0.7
1.61666666667
1.77966101695
0.5
1.2
1.45
1.85
0.423728813559
2.21666666667
1.16666666667
1.25
0.616666666667
0.661016949153
1.93333333333
0.416666666667
1.11666666667
2.1
2.47457627119
1.66666666667
0.5
0.05
0.0
1.10169491525
0.916666666667
0.566666666667
2.45
1.33333333333
1.21666666667
0.593220338983
2.45
1.3
0.733333333333
1.0
1.52542372881
1.5
0.2
1.6
2.0
1.49152542373
2.2
1.21666666667
0.616666666667
0.0333333333333
3.01694915254
0.966666666667
1.81666666667
0.666666666667
1.01666666667
0.64406779661
0.796610169492
--END OF 11--
0.0
0.0
0.0
0.266666666667
0.5
0.525423728814
0.483333333333
1.0
0.0166666666667
0.483333333333
0.0
0.666666666667
0.101694915254
0.0
0.05
0.45
0.0
0.372881355932
0.333333333333
0.0
0.0
0.0
0.0
0.0
0.0
0.0
0.0
0.474576271186
0.0
0.0
0.0
0.0
0.0
0.0
0.333333333333
0.0
0.0
0.5
0.271186440678
0.266666666667
0.733333333333
0.0
0.0
0.508474576271
0.2
0.05
0.383333333333
0.0
0.0
0.933333333333
0.0666666666667
0.5
0.0
0.508474576271
0.0
0.0
0.0
0.0
0.237288135593
0.0
--END OF 12--
