18.3389830508
19.0833333333
19.1
19.7833333333
19.5
19.0666666667
19.1
19.2881355932
19.3833333333
19.2166666667
18.5333333333
19.0
18.65
17.6440677966
19.35
17.8166666667
18.8833333333
18.4666666667
18.2666666667
17.8644067797
19.25
17.5
17.6833333333
17.1166666667
17.8305084746
17.2666666667
17.2666666667
17.6
16.8333333333
18.5423728814
16.5333333333
16.6666666667
17.3833333333
18.5666666667
17.1016949153
17.95
17.6
17.05
17.6833333333
17.6
16.8644067797
17.2833333333
17.2833333333
15.2833333333
16.9333333333
15.95
16.6779661017
16.1666666667
16.8666666667
16.55
16.7333333333
16.5762711864
15.4666666667
17.05
16.2
16.35
15.5333333333
16.1525423729
15.2666666667
18.9310344828
--END OF 1--
26.0
26.7666666667
26.6833333333
27.9333333333
29.7666666667
26.65
25.9833333333
27.1525423729
26.2
27.7166666667
24.4166666667
25.45
25.9833333333
24.7457627119
27.0
24.85
24.8666666667
23.9
25.25
25.2711864407
26.8
25.0
24.8666666667
23.7666666667
24.6949152542
24.6666666667
24.4666666667
25.6333333333
21.8833333333
24.6440677966
22.55
22.2333333333
23.5333333333
24.1666666667
23.7457627119
25.6
24.25
22.75
23.3166666667
23.0
24.186440678
24.2166666667
22.8166666667
21.0
23.6166666667
23.2166666667
23.2372881356
23.5
24.1166666667
22.1666666667
23.2
22.5762711864
21.9
22.8
21.15
21.6
22.0666666667
22.0847457627
20.25
26.9655172414
--END OF 2--
27.0338983051
28.2
28.0833333333
28.6833333333
30.9333333333
27.8
26.3166666667
28.7796610169
26.8166666667
29.9666666667
25.65
27.05
28.0166666667
25.5423728814
27.9666666667
26.6
26.1666666667
25.3666666667
27.95
27.4745762712
29.65
26.55
27.0
25.6166666667
26.2711864407
26.5666666667
25.8
26.05
22.7166666667
25.9830508475
23.3166666667
23.1
24.6166666667
25.75
25.6101694915
27.65
24.5
23.8
24.5333333333
23.65
25.2033898305
25.1166666667
24.25
21.5833333333
24.1666666667
24.9166666667
24.4576271186
25.1166666667
25.1666666667
22.6333333333
24.5666666667
24.2881355932
22.9833333333
23.35
22.5
21.9833333333
23.8166666667
23.406779661
20.45
29.3793103448
--END OF 3--
18.2542372881
19.05
19.0833333333
19.5333333333
19.45
19.0666666667
19.1
19.2372881356
19.3
18.9666666667
18.5333333333
18.95
18.5666666667
17.6440677966
19.1666666667
17.8166666667
18.8833333333
18.4666666667
18.2666666667
17.8644067797
19.15
17.5
17.6833333333
17.1166666667
17.8305084746
17.2666666667
17.2666666667
17.6
16.8333333333
18.5423728814
16.5333333333
16.6666666667
17.3833333333
18.5666666667
17.1016949153
17.95
17.6
17.05
17.6833333333
17.6
16.8644067797
17.2833333333
17.2833333333
15.2833333333
16.9333333333
15.95
16.6779661017
16.1666666667
16.8666666667
16.55
16.7333333333
16.5762711864
15.4666666667
17.05
16.2
16.35
15.5333333333
16.1525423729
15.2666666667
18.9137931034
--END OF 4--
26.0
26.7666666667
26.6833333333
27.8833333333
29.6
26.65
25.9833333333
27.1525423729
26.2
27.6666666667
24.4166666667
25.45
25.9666666667
24.7457627119
27.0
24.85
24.8666666667
23.9
25.2
25.2711864407
26.8
25.0
24.8666666667
23.7666666667
24.6949152542
24.6666666667
24.4666666667
25.6333333333
21.8833333333
24.6440677966
22.55
22.2333333333
23.5333333333
24.1666666667
23.7457627119
25.6
24.25
22.75
23.3166666667
23.0
24.186440678
24.2166666667
22.8166666667
21.0
23.6166666667
23.2166666667
23.2372881356
23.5
24.1166666667
22.1666666667
23.2
22.5762711864
21.9
22.8
21.15
21.6
22.0666666667
22.0847457627
20.25
26.9655172414
--END OF 5--
27.0338983051
28.2
28.0833333333
28.6833333333
30.9333333333
27.8
26.3166666667
28.7796610169
26.8166666667
29.9666666667
25.65
27.05
28.0166666667
25.5423728814
27.9666666667
26.6
26.1666666667
25.3666666667
27.95
27.4745762712
29.65
26.55
27.0
25.6166666667
26.2711864407
26.5666666667
25.8
26.05
22.7166666667
25.9830508475
23.3166666667
23.1
24.6166666667
25.75
25.6101694915
27.65
24.5
23.8
24.5333333333
23.65
25.2033898305
25.1166666667
24.25
21.5833333333
24.1666666667
24.9166666667
24.4576271186
25.1166666667
25.1666666667
22.6333333333
24.5666666667
24.2881355932
22.9833333333
23.35
22.5
21.9833333333
23.8166666667
23.406779661
20.45
29.3793103448
--END OF 6--
3570.66101695
3640.1
3674.05
3722.25
3679.1
3632.05
3541.8
3650.08474576
3559.25
3737.55
3557.95
3534.45
3540.75
3429.96610169
3700.8
3342.7
3502.75
3451.55
3498.95
3466.62711864
3661.15
3416.25
3510.45
3264.3
3548.59322034
3356.15
3278.25
3385.45
3236.65
3466.42372881
3183.3
3164.1
3338.8
3450.45
3201.20338983
3466.8
3300.45
3228.9
3297.5
3287.1
3276.86440678
3206.9
3261.2
2997.35
3269.15
3134.25
3156.05084746
3156.1
3206.05
3167.2
3212.1
3079.52542373
3035.95
3118.8
3130.95
3030.25
2988.0
3072.10169492
2902.35
3807.67241379
--END OF 7--
987.033898305
1001.81666667
1015.05
1033.1
1030.13333333
1009.43333333
1003.03333333
1009.6779661
988.55
1037.41666667
992.083333333
992.416666667
1006.03333333
952.372881356
1020.73333333
929.416666667
979.15
939.416666667
969.45
957.627118644
1001.86666667
948.7
968.6
907.216666667
975.152542373
926.683333333
914.833333333
940.35
878.183333333
955.338983051
870.433333333
873.85
910.333333333
957.4
896.101694915
938.25
902.3
883.5
901.383333333
908.8
898.169491525
904.1
915.366666667
821.5
891.35
860.3
896.745762712
878.0
886.233333333
872.416666667
891.566666667
862.813559322
839.133333333
865.25
843.45
836.9
823.0
853.271186441
798.95
1032.68965517
--END OF 8--
147.966101695
147.916666667
141.316666667
158.2
168.9
156.116666667
149.533333333
157.813559322
143.766666667
161.116666667
125.966666667
136.366666667
150.316666667
143.13559322
153.583333333
144.016666667
144.0
132.75
137.683333333
153.220338983
144.483333333
145.7
135.433333333
143.083333333
142.847457627
144.866666667
139.85
159.15
112.283333333
136.372881356
115.033333333
116.7
129.95
123.766666667
139.101694915
155.95
122.35
119.2
129.683333333
121.8
136.06779661
141.733333333
115.383333333
118.916666667
123.483333333
138.85
132.966101695
134.916666667
146.366666667
115.833333333
136.083333333
129.728813559
120.016666667
124.5
117.85
121.566666667
127.283333333
125.745762712
111.75
159.879310345
--END OF 9--
8.93220338983
9.13333333333
10.15
8.3
17.05
7.7
5.26666666667
9.93220338983
8.71666666667
9.75
5.55
8.45
9.58333333333
5.86440677966
8.61666666667
9.73333333333
5.01666666667
5.28333333333
12.9333333333
8.35593220339
12.7166666667
10.05
8.95
7.5
5.76271186441
10.1166666667
7.81666666667
6.66666666667
3.71666666667
6.27118644068
5.7
5.18333333333
7.51666666667
6.01666666667
8.25423728814
11.1
8.3
6.5
5.11666666667
4.6
8.71186440678
10.0333333333
6.65
5.23333333333
7.43333333333
9.16666666667
7.16949152542
7.13333333333
7.28333333333
4.71666666667
5.6
7.49152542373
5.93333333333
4.6
4.3
4.81666666667
8.76666666667
9.18644067797
2.48333333333
10.5172413793
--END OF 10--
1.18644067797
1.95
1.91666666667
1.1
1.46666666667
1.71666666667
0.0833333333333
2.54237288136
0.683333333333
3.08333333333
1.96666666667
2.56666666667
3.1
1.38983050847
1.15
2.1
1.46666666667
2.61666666667
4.86666666667
3.33898305085
3.48333333333
1.9
2.7
2.98333333333
1.76271186441
2.4
2.25
0.633333333333
1.4
2.40677966102
1.28333333333
1.36666666667
1.41666666667
1.86666666667
2.72881355932
2.35
0.5
1.45
1.85
1.0
1.47457627119
1.61666666667
2.6
0.7
0.866666666667
1.83333333333
1.54237288136
1.95
0.766666666667
0.4
1.73333333333
2.15254237288
1.91666666667
0.95
1.9
0.483333333333
2.75
1.8813559322
0.333333333333
3.03448275862
--END OF 11--
0.0
0.433333333333
0.0
0.5
0.466666666667
0.2
0.0
0.338983050847
0.133333333333
0.833333333333
0.0
0.0833333333333
0.383333333333
0.0
0.0166666666667
0.483333333333
0.0
0.216666666667
1.03333333333
0.423728813559
1.6
0.5
0.0
0.0
1.71186440678
0.716666666667
0.0
0.0
0.0
0.0
0.0
0.216666666667
0.85
0.433333333333
0.457627118644
0.55
0.0
0.0
0.666666666667
0.0
0.796610169492
0.416666666667
0.5
0.0
0.0
0.5
0.0
0.5
0.0
0.0
0.116666666667
0.389830508475
0.333333333333
0.45
0.55
0.0
0.5
0.0
0.0
0.51724137931
--END OF 12--
