15.6333333333
15.8333333333
16.3050847458
15.6166666667
16.9333333333
16.0833333333
16.55
15.7833333333
15.6779661017
15.9833333333
16.2166666667
15.9
16.4166666667
16.65
15.4915254237
16.1166666667
15.2166666667
16.65
16.5333333333
16.15
16.3559322034
15.45
16.0833333333
17.2
14.9166666667
16.5833333333
16.2033898305
15.7
15.9833333333
14.7666666667
14.85
16.1525423729
14.6333333333
14.5166666667
14.5666666667
15.9166666667
17.25
15.4406779661
16.6333333333
16.4166666667
16.1833333333
15.45
16.9661016949
14.5333333333
14.0833333333
15.8333333333
16.1833333333
15.5333333333
16.5254237288
15.4
16.05
16.1833333333
16.1666666667
16.2033898305
17.6666666667
16.2166666667
16.0833333333
15.6833333333
15.3666666667
16.0754716981
--END OF 1--
22.0
22.1166666667
22.6779661017
21.6166666667
21.8833333333
22.9333333333
22.65
20.7833333333
20.3050847458
22.55
21.1166666667
22.1333333333
22.45
22.1833333333
21.3728813559
21.5166666667
21.7166666667
21.3833333333
22.3166666667
21.8333333333
23.0677966102
22.0
22.5333333333
21.35
21.6166666667
21.9833333333
23.4745762712
20.8
21.7833333333
20.0333333333
20.3833333333
21.1355932203
20.7333333333
21.3166666667
20.4666666667
21.1
22.5333333333
20.7118644068
21.3833333333
23.1666666667
22.1833333333
19.95
23.2372881356
20.2333333333
19.15
21.3333333333
21.3166666667
20.5666666667
22.2372881356
21.1166666667
22.3333333333
21.2333333333
20.6833333333
23.4745762712
24.4166666667
21.8666666667
21.7833333333
21.1333333333
21.5166666667
20.320754717
--END OF 2--
22.4
22.8
23.4745762712
22.5166666667
22.3833333333
23.5833333333
22.65
20.9333333333
20.7457627119
23.6
21.4333333333
23.5833333333
23.35
23.5333333333
21.4745762712
21.6666666667
22.5833333333
21.9166666667
23.55
22.15
23.4237288136
22.45
22.7333333333
22.2
21.8666666667
22.7333333333
24.9661016949
21.45
22.3333333333
20.6166666667
20.85
22.3898305085
21.3666666667
21.6166666667
20.9166666667
21.7333333333
23.1666666667
22.1694915254
22.0833333333
23.9666666667
22.8333333333
20.55
24.6949152542
20.6
19.2166666667
22.0833333333
22.3333333333
22.0333333333
23.2542372881
22.3333333333
22.7333333333
21.8666666667
21.5
23.9322033898
24.9666666667
22.0666666667
22.1833333333
22.0333333333
22.4666666667
20.9433962264
--END OF 3--
15.6333333333
15.8333333333
16.3050847458
15.6166666667
16.9333333333
16.0833333333
16.55
15.7833333333
15.6779661017
15.9833333333
16.2166666667
15.9
16.4166666667
16.65
15.4915254237
16.1166666667
15.2166666667
16.65
16.5333333333
16.15
16.3559322034
15.45
16.0833333333
17.2
14.9166666667
16.5833333333
16.2033898305
15.7
15.9833333333
14.7666666667
14.85
16.1525423729
14.6333333333
14.5166666667
14.5666666667
15.9166666667
17.25
15.4406779661
16.6333333333
16.4166666667
16.1833333333
15.45
16.9661016949
14.5333333333
14.0833333333
15.8333333333
16.1833333333
15.5333333333
16.5254237288
15.4
16.05
16.1833333333
16.1666666667
16.2033898305
17.6666666667
16.2166666667
16.0833333333
15.6833333333
15.3666666667
16.0754716981
--END OF 4--
22.0
22.1166666667
22.6779661017
21.6166666667
21.8833333333
22.9333333333
22.65
20.7833333333
20.3050847458
22.55
21.1166666667
22.1333333333
22.45
22.1833333333
21.3728813559
21.5166666667
21.7166666667
21.3833333333
22.3166666667
21.8333333333
23.0677966102
22.0
22.5333333333
21.35
21.6166666667
21.9833333333
23.4745762712
20.8
21.7833333333
20.0333333333
20.3833333333
21.1355932203
20.7333333333
21.3166666667
20.4666666667
21.1
22.5333333333
20.7118644068
21.3833333333
23.1666666667
22.1833333333
19.95
23.2372881356
20.2333333333
19.15
21.3333333333
21.3166666667
20.5666666667
22.2372881356
21.1166666667
22.3333333333
21.2333333333
20.6833333333
23.4745762712
24.4166666667
21.8666666667
21.7833333333
21.1333333333
21.5166666667
20.320754717
--END OF 5--
22.4
22.8
23.4745762712
22.5166666667
22.3833333333
23.5833333333
22.65
20.9333333333
20.7457627119
23.6
21.4333333333
23.5833333333
23.35
23.5333333333
21.4745762712
21.6666666667
22.5833333333
21.9166666667
23.55
22.15
23.4237288136
22.45
22.7333333333
22.2
21.8666666667
22.7333333333
24.9661016949
21.45
22.3333333333
20.6166666667
20.85
22.3898305085
21.3666666667
21.6166666667
20.9166666667
21.7333333333
23.1666666667
22.1694915254
22.0833333333
23.9666666667
22.8333333333
20.55
24.6949152542
20.6
19.2166666667
22.0833333333
22.3333333333
22.0333333333
23.2542372881
22.3333333333
22.7333333333
21.8666666667
21.5
23.9322033898
24.9666666667
22.0666666667
22.1833333333
22.0333333333
22.4666666667
20.9433962264
--END OF 6--
3029.6
3039.95
3121.27118644
3094.05
3182.4
3114.9
3052.8
3025.05
2855.28813559
3060.0
2998.95
3037.0
3105.95
3047.45
2913.50847458
3139.75
2987.8
3161.2
3161.05
3094.6
3144.15254237
3106.8
3023.55
3150.9
2950.05
3039.9
3071.94915254
3019.35
3133.85
2825.55
2999.05
3049.72881356
2951.25
3009.45
2901.7
3027.0
3180.15
2948.08474576
3108.6
3197.7
3152.1
2991.75
3101.38983051
2893.35
2841.4
3130.35
3212.2
3006.4
3026.69491525
2930.5
3049.35
3019.4
3002.6
3191.79661017
3397.65
3060.15
3138.6
2964.0
3015.6
2986.52830189
--END OF 7--
845.766666667
850.466666667
866.084745763
836.75
872.35
859.8
860.1
848.7
804.542372881
844.75
837.333333333
834.133333333
858.3
867.6
812.118644068
838.6
821.6
864.066666667
875.633333333
863.066666667
895.677966102
847.0
847.4
864.35
818.9
856.15
854.491525424
832.916666667
855.85
796.116666667
824.25
848.016949153
819.633333333
831.25
800.4
831.6
892.616666667
818.474576271
868.85
880.616666667
863.15
824.85
879.169491525
791.883333333
788.2
863.816666667
882.25
821.216666667
856.830508475
808.033333333
838.2
836.2
825.216666667
889.593220339
938.25
838.25
851.1
838.2
822.3
834.943396226
--END OF 8--
130.083333333
123.216666667
138.779661017
130.25
123.8
125.05
128.4
106.3
111.186440678
128.983333333
109.55
139.983333333
135.183333333
127.916666667
98.4576271186
105.816666667
127.95
108.2
125.9
126.05
127.898305085
121.6
130.85
100.05
138.25
131.1
140.322033898
117.35
126.033333333
108.35
102.116666667
116.06779661
120.85
123.333333333
120.283333333
130.833333333
110.533333333
125.372881356
111.8
144.116666667
122.3
114.5
137.745762712
116.65
100.166666667
117.316666667
110.183333333
118.4
127.508474576
124.0
132.166666667
113.45
110.333333333
133.050847458
141.7
135.15
122.65
115.95
127.95
110.226415094
--END OF 9--
4.16666666667
4.78333333333
6.8813559322
7.05
3.95
9.15
4.7
2.5
2.79661016949
6.06666666667
3.46666666667
8.15
4.0
5.56666666667
5.33898305085
4.36666666667
5.61666666667
4.33333333333
7.21666666667
3.93333333333
3.89830508475
6.25
6.5
4.65
5.1
3.15
10.8644067797
2.78333333333
3.86666666667
4.06666666667
5.26666666667
3.8813559322
5.26666666667
6.21666666667
4.68333333333
4.38333333333
4.78333333333
4.67796610169
4.6
5.06666666667
7.45
2.3
5.54237288136
4.81666666667
3.23333333333
5.91666666667
5.43333333333
5.4
3.66101694915
6.86666666667
6.0
4.83333333333
3.95
8.84745762712
3.15
4.4
5.15
4.5
4.6
3.35849056604
--END OF 10--
0.0
1.0
1.08474576271
0.85
0.75
0.6
0.0
0.5
0.779661016949
2.13333333333
0.6
2.0
1.53333333333
1.96666666667
0.0
0.666666666667
1.41666666667
0.916666666667
2.5
0.5
0.508474576271
0.45
0.1
1.45
0.5
1.4
2.25423728814
0.9
0.7
0.783333333333
0.816666666667
1.69491525424
1.25
0.433333333333
0.0
0.433333333333
0.733333333333
2.06779661017
1.25
0.866666666667
0.45
1.35
2.37288135593
0.716666666667
0.133333333333
1.15
1.56666666667
0.966666666667
1.49152542373
1.71666666667
0.133333333333
1.0
1.01666666667
1.0
0.5
0.35
0.75
1.45
1.25
0.396226415094
--END OF 11--
0.0
0.3
0.0
0.0
0.0
0.0
0.0
0.0
0.0
0.0
0.0
0.0
0.0
0.5
0.0
0.0
0.5
0.0
0.0
0.0
0.0
0.45
0.05
0.0
0.0
0.0
0.0
0.0
0.0
0.0
0.0
0.0
0.0
0.0
0.0
0.166666666667
0.333333333333
0.0
0.0
0.0
0.0
0.0
0.508474576271
0.0
0.0
0.0
0.383333333333
0.316666666667
0.220338983051
0.283333333333
0.0
0.0
0.0
0.0
0.0
0.0
0.0
0.25
0.25
0.0
--END OF 12--
