11.8305084746
11.4
10.6833333333
11.35
11.5
10.4833333333
11.7
12.0
12.1166666667
11.95
11.55
11.5666666667
11.0333333333
10.8983050847
11.3833333333
11.9666666667
11.4833333333
11.7
11.5
11.8813559322
12.6
12.0333333333
12.0666666667
12.4833333333
12.3
12.406779661
11.3833333333
12.1833333333
11.4
12.6833333333
11.186440678
11.5666666667
12.25
12.1
11.9
11.3
12.6610169492
11.2333333333
11.7166666667
11.5166666667
11.9166666667
11.5333333333
11.2881355932
11.95
12.3
11.85
12.4333333333
11.5166666667
11.7457627119
11.3333333333
12.2
13.25
12.9833333333
13.4
13.2372881356
13.6
13.1166666667
13.25
12.8166666667
12.5689655172
--END OF 1--
15.3898305085
13.2833333333
12.6666666667
13.5333333333
14.2666666667
12.7166666667
13.9666666667
15.7288135593
14.6666666667
14.35
14.95
14.0833333333
13.9833333333
13.8983050847
13.5833333333
14.3666666667
14.1833333333
14.35
14.15
14.4576271186
15.4666666667
16.0333333333
14.6666666667
15.7666666667
15.4166666667
16.8474576271
14.5166666667
15.3166666667
13.9166666667
16.1666666667
14.3559322034
14.9166666667
16.2
15.0
14.5
15.4
16.0338983051
13.5833333333
14.05
14.7666666667
14.2833333333
13.8333333333
13.7118644068
14.8333333333
15.5
14.4
14.65
14.6333333333
15.0338983051
13.8333333333
15.6
17.35
16.5833333333
15.65
16.3389830508
17.15
16.5666666667
16.25
16.6166666667
15.2586206897
--END OF 2--
15.4915254237
13.3833333333
12.6666666667
13.5333333333
15.3
13.4833333333
14.3666666667
16.3389830508
14.9666666667
14.4
15.55
14.6833333333
13.9833333333
13.8983050847
13.9333333333
15.0166666667
14.3333333333
14.75
14.5
14.7118644068
15.85
16.95
14.6666666667
17.0
15.7833333333
16.9322033898
14.7166666667
15.5666666667
13.9666666667
16.1666666667
15.0677966102
16.1666666667
17.3
15.65
15.45
15.45
16.7627118644
14.1666666667
14.45
15.2166666667
14.6333333333
13.8333333333
14.2203389831
15.2
16.2333333333
15.95
15.2
14.8333333333
15.0847457627
14.3833333333
15.65
18.35
17.3833333333
16.6
17.7457627119
17.7
17.0833333333
16.65
17.45
15.9137931034
--END OF 3--
11.8305084746
11.4
10.6833333333
11.35
11.5
10.4833333333
11.7
12.0
12.1166666667
11.95
11.55
11.5666666667
11.0333333333
10.8983050847
11.3833333333
11.9666666667
11.4833333333
11.7
11.5
11.8813559322
12.6
12.0333333333
12.0666666667
12.4833333333
12.3
12.406779661
11.3833333333
12.1833333333
11.4
12.6833333333
11.186440678
11.5666666667
12.25
12.1
11.9
11.3
12.6610169492
11.2333333333
11.7166666667
11.5166666667
11.9166666667
11.5333333333
11.2881355932
11.95
12.3
11.85
12.4333333333
11.5166666667
11.7457627119
11.3333333333
12.2
13.25
12.9833333333
13.4
13.2372881356
13.6
13.1166666667
13.25
12.8166666667
12.5689655172
--END OF 4--
15.3898305085
13.2833333333
12.6666666667
13.5333333333
14.2666666667
12.7166666667
13.9666666667
15.7288135593
14.6666666667
14.35
14.95
14.0833333333
13.9833333333
13.8983050847
13.5833333333
14.3666666667
14.1833333333
14.35
14.15
14.4576271186
15.4666666667
16.0333333333
14.6666666667
15.7666666667
15.4166666667
16.8474576271
14.5166666667
15.3166666667
13.9166666667
16.1666666667
14.3559322034
14.9166666667
16.2
15.0
14.5
15.4
16.0338983051
13.5833333333
14.05
14.7666666667
14.2833333333
13.8333333333
13.7118644068
14.8333333333
15.5
14.4
14.65
14.6333333333
15.0338983051
13.8333333333
15.6
17.35
16.5833333333
15.65
16.3389830508
17.15
16.5666666667
16.25
16.6166666667
15.2586206897
--END OF 5--
15.4915254237
13.3833333333
12.6666666667
13.5333333333
15.3
13.4833333333
14.3666666667
16.3389830508
14.9666666667
14.4
15.55
14.6833333333
13.9833333333
13.8983050847
13.9333333333
15.0166666667
14.3333333333
14.75
14.5
14.7118644068
15.85
16.95
14.6666666667
17.0
15.7833333333
16.9322033898
14.7166666667
15.5666666667
13.9666666667
16.1666666667
15.0677966102
16.1666666667
17.3
15.65
15.45
15.45
16.7627118644
14.1666666667
14.45
15.2166666667
14.6333333333
13.8333333333
14.2203389831
15.2
16.2333333333
15.95
15.2
14.8333333333
15.0847457627
14.3833333333
15.65
18.35
17.3833333333
16.6
17.7457627119
17.7
17.0833333333
16.65
17.45
15.9137931034
--END OF 6--
2348.23728814
2252.1
2138.3
2201.5
2307.7
2171.55
2300.1
2293.6779661
2296.75
2280.9
2296.4
2304.15
2246.3
2150.79661017
2133.45
2496.3
2295.9
2263.05
2237.85
2352.76271186
2426.45
2353.8
2366.9
2441.75
2399.25
2482.88135593
2263.0
2421.0
2234.8
2421.45
2291.33898305
2285.4
2349.6
2340.6
2335.5
2355.9
2469.86440678
2209.8
2327.1
2387.9
2380.05
2316.7
2257.52542373
2310.4
2438.6
2287.2
2348.25
2258.4
2512.11864407
2370.15
2355.0
2605.05
2503.35
2489.7
2507.94915254
2599.0
2576.55
2471.2
2541.55
2378.37931034
--END OF 7--
651.728813559
610.15
591.433333333
587.4
621.716666667
580.066666667
616.833333333
633.661016949
642.316666667
631.816666667
634.166666667
616.566666667
602.683333333
599.830508475
605.2
671.5
625.2
617.4
613.2
639.13559322
669.1
645.483333333
640.566666667
668.783333333
639.916666667
676.13559322
617.5
675.0
602.866666667
671.766666667
621.271186441
629.95
654.5
639.15
632.5
639.55
680.881355932
603.916666667
634.516666667
653.033333333
640.75
617.75
603.13559322
632.933333333
674.65
621.866666667
654.55
614.916666667
685.118644068
638.9
653.25
717.75
694.85
692.65
678.966101695
716.633333333
702.45
691.066666667
698.7
662.120689655
--END OF 8--
84.5084745763
47.7833333333
58.5
54.6
68.2333333333
50.9833333333
60.2
67.9661016949
62.0833333333
61.85
64.7166666667
62.7833333333
56.7166666667
64.186440678
54.45
59.0
66.8
52.9
58.9
57.5423728814
66.1166666667
85.1833333333
70.65
67.4166666667
70.7166666667
90.6779661017
72.4666666667
67.2333333333
63.0166666667
89.4666666667
73.3220338983
77.35
77.8
63.0
68.15
78.85
84.3559322034
53.65
71.1333333333
74.1333333333
60.3833333333
61.9166666667
55.3559322034
70.4166666667
70.1666666667
61.1666666667
62.9333333333
79.5
70.7966101695
62.45
79.1
82.35
73.45
60.8
78.0677966102
82.2833333333
78.1666666667
76.5333333333
70.6
67.5862068966
--END OF 9--
1.59322033898
0.533333333333
0.833333333333
1.48333333333
2.76666666667
2.73333333333
2.33333333333
6.08474576271
0.8
0.75
3.33333333333
2.75
2.1
1.15254237288
1.5
2.9
2.4
3.15
2.8
3.1186440678
2.55
4.98333333333
0.783333333333
6.2
3.88333333333
4.38983050847
2.43333333333
3.38333333333
0.7
2.86666666667
3.47457627119
4.55
6.85
3.3
1.8
3.6
2.81355932203
2.73333333333
1.41666666667
2.35
3.73333333333
0.4
3.28813559322
2.23333333333
2.63333333333
4.18333333333
1.3
1.66666666667
1.83050847458
1.45
4.35
5.2
3.5
3.35
5.40677966102
3.63333333333
3.13333333333
2.3
5.03333333333
1.53448275862
--END OF 10--
0.101694915254
0.0
0.0
0.0
0.933333333333
1.06666666667
0.833333333333
1.15254237288
0.45
0.0833333333333
1.0
0.5
0.0
0.0
0.5
0.6
0.4
0.8
0.7
0.0
0.583333333333
1.41666666667
0.0
1.41666666667
0.583333333333
0.372881355932
0.533333333333
0.5
0.0
0.0
1.32203389831
1.15
1.55
1.15
1.25
0.1
0.542372881356
0.466666666667
0.733333333333
0.766666666667
0.0
0.0
0.677966101695
0.7
0.466666666667
2.88333333333
0.783333333333
0.5
0.0
0.5
0.1
1.35
1.5
1.55
1.66101694915
0.95
0.416666666667
0.5
0.983333333333
1.27586206897
--END OF 11--
0.101694915254
0.0
0.0
0.0
0.5
0.0
0.0
0.508474576271
0.0
0.0
0.0
0.0
0.0
0.0
0.0
0.5
0.0
0.0
0.0
0.0
0.0
0.0
0.0
0.0
0.0
0.0
0.0
0.0
0.0
0.0
0.0
0.35
0.15
0.15
0.85
0.0
0.0338983050847
0.466666666667
0.233333333333
0.266666666667
0.0
0.0
0.0
0.0
0.0666666666667
0.433333333333
0.0
0.0
0.0
0.5
0.0
0.0
0.1
0.4
0.0
0.0
0.0
0.0
0.0
0.413793103448
--END OF 12--
