19.6166666667
20.2
19.8305084746
20.85
21.1833333333
20.6333333333
19.6166666667
20.4666666667
21.0166666667
19.8813559322
19.7833333333
21.45
21.2166666667
20.6166666667
19.8333333333
22.2711864407
20.3166666667
20.15
21.3
19.2666666667
20.5254237288
20.85
20.0166666667
20.3833333333
18.5833333333
20.5166666667
20.5084745763
20.4833333333
19.9333333333
19.8666666667
20.2666666667
20.8644067797
20.5
20.8333333333
19.7
20.0833333333
21.2542372881
20.7
21.1666666667
21.3666666667
20.6166666667
20.3898305085
21.3833333333
21.9333333333
21.2166666667
20.2666666667
20.45
20.6271186441
20.15
21.4166666667
20.85
18.9666666667
21.0
19.9833333333
20.8666666667
19.7666666667
20.1333333333
20.406779661
20.3666666667
19.2413793103
--END OF 1--
26.8666666667
27.3666666667
27.6440677966
26.9166666667
29.5666666667
28.8
27.9
28.75
27.4833333333
27.5423728814
28.55
28.7166666667
29.7
28.4166666667
27.95
29.8644067797
27.6833333333
26.7833333333
28.5
25.7833333333
28.593220339
29.25
28.0
27.6333333333
26.9
27.6833333333
28.813559322
27.3833333333
26.1333333333
27.1333333333
28.0666666667
28.2033898305
27.95
27.2
27.3166666667
27.5166666667
28.9661016949
27.1666666667
28.2833333333
29.9166666667
28.3166666667
28.8813559322
30.2333333333
29.3833333333
28.0166666667
29.3
28.8333333333
27.2881355932
27.3166666667
29.4166666667
28.85
26.2333333333
29.2542372881
27.9833333333
29.4166666667
28.2166666667
27.35
29.9322033898
29.6666666667
26.9310344828
--END OF 2--
27.5166666667
28.0333333333
29.2881355932
27.8333333333
30.85
30.1666666667
28.7333333333
29.1
28.5666666667
30.3050847458
29.1
29.85
30.4
30.2666666667
28.3666666667
30.2711864407
28.7166666667
27.8
31.1333333333
26.4833333333
30.1186440678
29.3666666667
28.65
29.05
29.2333333333
28.8
29.7457627119
28.3333333333
28.2833333333
27.5166666667
28.6166666667
29.0677966102
29.3333333333
27.4666666667
28.2
28.5166666667
29.5762711864
28.3833333333
29.2666666667
30.65
29.15
29.4237288136
32.3333333333
30.4833333333
29.2166666667
31.3666666667
30.2
28.3389830508
28.5666666667
30.55
30.9
27.3333333333
30.406779661
29.5
31.15
30.3333333333
28.1833333333
31.2881355932
32.0666666667
27.1551724138
--END OF 3--
19.2666666667
19.95
19.7288135593
20.1333333333
20.1833333333
19.9833333333
19.4
20.1333333333
20.3166666667
19.5423728814
19.2
20.7333333333
20.2333333333
19.6166666667
19.4333333333
21.2203389831
19.85
20.0
20.5166666667
18.9666666667
20.186440678
20.3166666667
19.7333333333
19.75
18.5833333333
20.0
19.9491525424
19.8833333333
19.7333333333
19.4666666667
19.8666666667
20.1525423729
19.9
20.1833333333
19.2833333333
19.8166666667
20.6271186441
20.0166666667
20.5166666667
20.5333333333
19.9833333333
19.9322033898
20.4333333333
20.9333333333
20.2666666667
19.7833333333
19.85
19.6271186441
19.5833333333
20.4833333333
19.9
18.6833333333
20.2881355932
19.6833333333
20.1
19.4666666667
19.6666666667
19.6610169492
19.6666666667
19.2413793103
--END OF 4--
26.8166666667
27.3666666667
27.6440677966
26.9166666667
29.3666666667
28.7833333333
27.7833333333
28.6333333333
27.4833333333
27.3898305085
28.4166666667
28.4666666667
29.3666666667
28.4166666667
27.95
29.5084745763
27.6833333333
26.7833333333
28.2333333333
25.7666666667
28.593220339
29.1
27.7666666667
27.6333333333
26.9
27.6833333333
28.7457627119
27.2833333333
26.1333333333
27.1333333333
27.9666666667
28.2033898305
27.9
27.2
27.3166666667
27.45
28.8644067797
27.1666666667
28.1333333333
29.55
28.2833333333
28.7288135593
29.8333333333
29.2333333333
28.0166666667
28.95
28.4666666667
27.2881355932
27.3166666667
29.0166666667
28.6833333333
26.2333333333
28.9491525424
27.9833333333
29.3
28.0833333333
27.3333333333
29.2881355932
29.2666666667
26.9310344828
--END OF 5--
27.5166666667
28.0333333333
29.2881355932
27.8333333333
30.85
30.1666666667
28.7333333333
29.1
28.5666666667
30.3050847458
29.1
29.85
30.4
30.2666666667
28.3666666667
30.2711864407
28.7166666667
27.8
31.1333333333
26.4833333333
30.1186440678
29.3666666667
28.65
29.05
29.2333333333
28.8
29.7457627119
28.3333333333
28.2833333333
27.5166666667
28.6166666667
29.0677966102
29.3333333333
27.4666666667
28.2
28.5166666667
29.5762711864
28.3833333333
29.2666666667
30.65
29.15
29.4237288136
32.3333333333
30.4833333333
29.2166666667
31.3666666667
30.2
28.3389830508
28.5666666667
30.55
30.9
27.3333333333
30.406779661
29.5
31.15
30.3333333333
28.1833333333
31.2881355932
32.0666666667
27.1551724138
--END OF 6--
3627.35
3769.15
3655.22033898
3878.2
3943.9
3830.75
3749.75
3878.9
3838.35
3767.23728814
3804.45
3916.45
4013.7
3901.95
3724.8
4076.13559322
3727.9
3643.35
3870.25
3644.5
3696.20338983
3919.9
3730.3
3709.7
3578.95
3762.35
3834.15254237
3812.7
3660.45
3766.25
3835.2
3934.06779661
3901.25
3792.15
3892.1
3742.4
3868.62711864
3822.5
3787.05
3974.35
3779.6
3826.37288136
3990.6
3952.05
3964.05
3877.6
3877.35
3905.89830508
3720.15
3953.4
4001.1
3658.5
3844.16949153
3821.25
3923.8
3783.95
3891.1
4041.61016949
3858.75
3589.34482759
--END OF 7--
1004.68333333
1062.9
1030.40677966
1061.88333333
1107.81666667
1066.75
1035.06666667
1077.78333333
1053.05
1049.10169492
1082.61666667
1111.55
1123.7
1091.05
1030.76666667
1128.89830508
1058.85
1025.63333333
1091.5
998.016666667
1057.93220339
1100.93333333
1034.61666667
1043.25
995.016666667
1055.2
1070.16949153
1051.55
1017.95
1052.68333333
1050.8
1089.77966102
1049.83333333
1054.96666667
1049.8
1047.75
1075.52542373
1051.4
1074.46666667
1126.68333333
1054.38333333
1061.89830508
1106.25
1104.95
1103.05
1082.03333333
1081.11666667
1101.6779661
1036.16666667
1122.65
1101.68333333
1014.26666667
1070.50847458
1048.23333333
1086.85
1044.91666667
1069.13333333
1127.37288136
1090.45
1008.67241379
--END OF 8--
139.133333333
142.916666667
163.542372881
142.616666667
165.55
158.366666667
165.933333333
165.0
148.4
157.220338983
174.566666667
157.283333333
171.416666667
165.85
167.25
177.406779661
165.85
139.666666667
148.25
149.25
160.474576271
155.466666667
170.1
157.85
169.916666667
164.283333333
175.322033898
159.15
142.7
153.116666667
166.15
156.050847458
166.983333333
148.716666667
156.55
148.533333333
154.728813559
142.666666667
156.816666667
175.383333333
169.233333333
174.508474576
174.3
162.15
135.35
166.55
169.366666667
140.491525424
157.75
176.633333333
175.016666667
151.3
177.677966102
159.816666667
174.816666667
160.883333333
152.8
170.796610169
178.1
151.206896552
--END OF 9--
8.43333333333
5.55
6.77966101695
6.81666666667
10.0833333333
9.91666666667
6.08333333333
6.55
8.36666666667
12.4915254237
7.86666666667
6.8
6.71666666667
7.0
8.5
4.98305084746
6.96666666667
5.5
6.55
6.2
10.8305084746
4.96666666667
8.51666666667
8.16666666667
7.55
7.81666666667
7.0
5.45
8.05
7.45
6.75
4.79661016949
8.53333333333
4.18333333333
7.91666666667
9.48333333333
7.54237288136
6.05
6.1
6.78333333333
7.31666666667
6.13559322034
14.1
6.85
8.1
10.9833333333
7.75
4.01694915254
6.88333333333
8.2
7.81666666667
4.91666666667
10.6440677966
8.4
8.41666666667
9.9
7.8
11.593220339
13.75
5.96551724138
--END OF 10--
0.75
1.11666666667
2.71186440678
1.08333333333
1.91666666667
1.9
1.08333333333
0.183333333333
0.833333333333
4.5593220339
1.03333333333
2.31666666667
0.5
1.65
0.45
0.694915254237
1.71666666667
1.18333333333
3.6
1.01666666667
1.54237288136
0.45
0.633333333333
2.48333333333
3.38333333333
1.4
0.677966101695
1.25
2.55
0.566666666667
0.9
1.1186440678
1.16666666667
0.333333333333
1.08333333333
0.4
0.898305084746
1.73333333333
1.1
1.43333333333
0.933333333333
0.627118644068
3.0
1.5
1.1
3.28333333333
1.73333333333
1.50847457627
2.23333333333
1.7
3.18333333333
1.23333333333
0.898305084746
1.8
2.3
2.8
1.41666666667
1.84745762712
3.7
0.362068965517
--END OF 11--
0.0
0.0
0.508474576271
0.216666666667
0.283333333333
0.866666666667
0.0
0.0
0.5
0.237288135593
0.0
0.0
0.0
0.5
0.1
0.406779661017
0.0
0.166666666667
1.53333333333
0.0333333333333
0.474576271186
0.0
0.0
0.35
1.36666666667
0.316666666667
0.338983050847
0.2
0.3
0.0
0.0
0.0
0.0
0.0
0.0833333333333
0.116666666667
0.169491525424
0.333333333333
0.0
0.0
0.466666666667
0.0
0.0
0.5
0.55
1.35
0.533333333333
0.508474576271
0.0
0.5
0.683333333333
0.183333333333
0.322033898305
0.55
0.133333333333
1.11666666667
0.0833333333333
0.508474576271
0.15
0.189655172414
--END OF 12--
