21.4333333333
19.4833333333
21.0166666667
20.4166666667
21.2166666667
21.3050847458
19.8666666667
21.0666666667
21.0
19.3333333333
20.7333333333
20.6440677966
21.6166666667
21.1833333333
20.55
21.15
21.1833333333
21.1186440678
21.05
20.9666666667
20.8666666667
20.6666666667
21.7333333333
21.5762711864
21.2833333333
22.7666666667
21.2666666667
21.3833333333
21.186440678
20.65
21.3333333333
20.4833333333
21.2666666667
21.5666666667
21.186440678
22.15
22.1333333333
22.15
21.25
21.5833333333
22.7627118644
21.2833333333
21.7166666667
22.05
21.1
21.6271186441
22.2166666667
21.7666666667
21.4333333333
21.2166666667
21.4833333333
22.7457627119
20.9666666667
20.5333333333
21.8
21.85
22.5
22.2881355932
22.1333333333
20.4035087719
--END OF 1--
28.6333333333
25.8833333333
28.5166666667
27.5333333333
29.3
28.7118644068
26.7666666667
28.4833333333
27.1666666667
26.7833333333
27.4833333333
26.8474576271
29.6333333333
28.9166666667
27.7166666667
26.8833333333
28.7333333333
28.3220338983
27.15
30.1666666667
29.7
28.6666666667
28.7333333333
29.6101694915
30.3333333333
31.75
30.25
28.6333333333
29.2542372881
29.6166666667
30.2166666667
27.5833333333
29.9166666667
30.8333333333
30.0677966102
29.9333333333
30.1833333333
31.1
29.95
28.8833333333
29.8983050847
29.3
31.4166666667
31.2666666667
28.7666666667
30.7796610169
31.4666666667
31.25
28.85
28.2833333333
28.6833333333
30.5254237288
29.5333333333
29.1166666667
31.0
31.1
30.9
30.4237288136
30.2333333333
27.350877193
--END OF 2--
29.4333333333
26.2833333333
29.8166666667
28.3
29.8333333333
29.0677966102
28.05
29.2666666667
28.0
27.5833333333
28.3833333333
28.6101694915
30.7333333333
29.35
28.2666666667
28.4
30.2666666667
28.4745762712
28.15
31.2666666667
31.9666666667
29.3166666667
29.5833333333
30.9661016949
30.7833333333
32.9833333333
31.5333333333
29.15
29.5762711864
31.5833333333
31.6
28.75
31.2
32.0166666667
31.8305084746
31.6
31.1833333333
31.9
31.3
29.7833333333
30.9661016949
30.3833333333
32.5666666667
32.85
29.7166666667
32.3559322034
32.7
32.5666666667
30.0333333333
29.7833333333
29.4166666667
31.3389830508
30.2333333333
31.4166666667
31.05
31.7
31.55
32.0508474576
31.5166666667
28.7719298246
--END OF 3--
20.4833333333
19.2833333333
20.1166666667
19.8666666667
20.35
20.406779661
19.55
20.3166666667
20.0333333333
19.1
19.7333333333
19.8983050847
20.5166666667
20.2333333333
19.9666666667
20.3
20.3
20.3559322034
20.45
20.25
20.1166666667
19.9166666667
20.7333333333
20.6779661017
20.35
21.2166666667
20.2666666667
20.3833333333
20.2881355932
20.0166666667
20.4666666667
19.85
20.3333333333
20.5666666667
20.2881355932
21.15
21.1333333333
21.2
20.5
20.6333333333
21.5593220339
20.3666666667
20.7833333333
21.05
20.1
20.8474576271
21.1166666667
20.7166666667
20.6833333333
20.5166666667
20.4833333333
21.6440677966
20.1666666667
19.7
20.8
20.85
21.5
21.2881355932
21.1166666667
19.9824561404
--END OF 4--
28.6333333333
25.8833333333
28.5166666667
27.5333333333
29.25
28.7118644068
26.7666666667
28.4833333333
27.1666666667
26.7833333333
27.4833333333
26.8474576271
29.2666666667
28.6666666667
27.5333333333
26.8833333333
28.55
28.3220338983
27.15
29.7666666667
29.4166666667
28.5666666667
28.6333333333
29.2203389831
29.5666666667
30.55
29.75
28.55
29.1355932203
29.0666666667
29.7166666667
27.5833333333
29.5333333333
30.3
29.7118644068
29.5333333333
29.7333333333
30.35
29.6
28.8333333333
29.6440677966
28.9333333333
30.5666666667
30.5
28.65
30.1016949153
30.6833333333
30.4833333333
28.6
28.05
28.6666666667
29.9830508475
29.1833333333
28.9166666667
30.35
30.25
30.25
29.9322033898
29.8166666667
27.350877193
--END OF 5--
29.4333333333
26.2833333333
29.8166666667
28.3
29.8333333333
29.0677966102
28.05
29.2666666667
28.0
27.5833333333
28.3833333333
28.6101694915
30.7333333333
29.35
28.2666666667
28.4
30.2666666667
28.4745762712
28.15
31.2666666667
31.9666666667
29.3166666667
29.5833333333
30.9661016949
30.7833333333
32.9833333333
31.5333333333
29.15
29.5762711864
31.5833333333
31.6
28.75
31.2
32.0166666667
31.8305084746
31.6
31.1833333333
31.9
31.3
29.7833333333
30.9661016949
30.3833333333
32.5666666667
32.85
29.7166666667
32.3559322034
32.7
32.5666666667
30.0333333333
29.7833333333
29.4166666667
31.3389830508
30.2333333333
31.4166666667
31.05
31.7
31.55
32.0508474576
31.5166666667
28.7719298246
--END OF 6--
4018.95
3792.45
3943.65
3878.5
3954.35
3979.27118644
3765.05
3859.6
3784.05
3753.7
3917.6
3952.47457627
4112.45
4071.8
3912.55
3903.8
4012.35
3915.71186441
3751.8
3988.95
3980.9
3823.65
3974.7
4012.6779661
4082.3
4278.1
4064.3
3957.1
3978.05084746
3960.0
4062.0
3767.4
4087.1
3889.4
3884.38983051
4086.4
4058.55
4091.7
4081.65
4050.6
4104.40677966
4067.0
4071.8
4204.95
4032.3
4021.93220339
4127.3
4212.15
3971.0
3988.55
4025.75
4141.22033898
4080.3
3958.75
4092.45
4140.75
4129.2
4069.6779661
4060.25
3867.31578947
--END OF 7--
1106.9
1021.1
1092.2
1051.2
1097.1
1091.98305085
1033.81666667
1071.76666667
1057.8
1037.8
1082.13333333
1101.55932203
1126.1
1128.3
1069.75
1059.01666667
1094.25
1080.93220339
1055.95
1094.45
1096.66666667
1076.95
1112.85
1124.40677966
1117.38333333
1191.58333333
1129.68333333
1102.41666667
1106.52542373
1095.53333333
1133.58333333
1048.65
1114.48333333
1101.06666667
1102.06779661
1133.13333333
1138.55
1153.5
1112.85
1108.2
1144.76271186
1124.03333333
1132.05
1158.63333333
1089.78333333
1113.13559322
1144.0
1163.0
1093.2
1100.76666667
1108.88333333
1150.20338983
1131.78333333
1089.8
1129.95
1148.55
1161.25
1146.23728814
1138.31666667
1053.63157895
--END OF 8--
157.7
138.45
177.85
163.633333333
178.55
156.847457627
139.45
172.983333333
158.616666667
155.3
151.05
149.118644068
163.666666667
168.65
157.833333333
151.35
162.383333333
159.627118644
135.65
176.533333333
182.95
164.65
168.0
160.813559322
172.383333333
189.55
178.55
161.683333333
168.033898305
162.95
172.316666667
155.883333333
189.85
184.616666667
176.406779661
173.983333333
171.3
192.25
175.5
164.6
164.016949153
168.25
191.8
186.016666667
161.116666667
192.508474576
181.0
190.516666667
161.2
152.333333333
157.95
165.525423729
180.25
179.533333333
181.3
187.0
170.6
171.966101695
167.833333333
156.263157895
--END OF 9--
8.15
4.6
7.5
7.06666666667
4.48333333333
6.27118644068
8.8
6.23333333333
4.21666666667
4.91666666667
6.46666666667
6.06779661017
11.9
4.53333333333
4.4
4.75
6.9
2.91525423729
7.3
9.78333333333
8.9
6.35
4.9
11.1694915254
11.5333333333
8.46666666667
8.23333333333
4.43333333333
5.96610169492
15.3833333333
9.03333333333
6.35
6.23333333333
10.0333333333
10.8813559322
6.58333333333
7.35
8.3
11.9
4.35
8.01694915254
5.73333333333
10.6
9.18333333333
7.05
8.71186440678
11.05
10.1833333333
7.03333333333
5.96666666667
4.83333333333
6.81355932203
5.01666666667
8.8
7.2
7.5
10.15
10.3728813559
9.03333333333
5.26315789474
--END OF 10--
1.4
0.8
1.55
0.85
0.466666666667
0.508474576271
1.93333333333
0.983333333333
1.31666666667
1.65
1.56666666667
2.71186440678
1.85
0.766666666667
0.483333333333
1.71666666667
2.16666666667
0.135593220339
1.05
1.35
2.65
1.3
1.15
2.03389830508
1.0
1.88333333333
1.43333333333
0.85
0.576271186441
1.68333333333
2.21666666667
1.51666666667
1.4
1.86666666667
1.64406779661
1.58333333333
0.95
1.0
2.35
0.9
1.77966101695
1.66666666667
1.48333333333
1.25
0.5
2.93220338983
1.41666666667
1.81666666667
1.85
1.33333333333
0.733333333333
1.16949152542
1.01666666667
3.58333333333
0.05
0.65
0.4
2.52542372881
2.36666666667
2.73684210526
--END OF 11--
0.0
0.25
0.25
0.166666666667
0.0
0.0
0.0333333333333
0.45
0.316666666667
0.0
0.75
1.27118644068
0.0
0.5
0.0
0.866666666667
0.833333333333
0.0
1.05
0.483333333333
0.0
0.0
0.0
0.508474576271
0.0
0.0
0.233333333333
0.366666666667
0.0
0.5
0.0
0.366666666667
0.516666666667
0.0833333333333
0.0
0.45
0.05
0.0
0.0
0.5
0.0
0.466666666667
0.0
0.433333333333
0.0
0.0
0.0
0.0
0.0
0.0
0.5
0.152542372881
0.45
0.833333333333
0.0
0.65
0.4
0.966101694915
0.0
0.0
--END OF 12--
