11.0833333333
10.3166666667
12.4333333333
10.6101694915
10.5333333333
11.0666666667
11.6833333333
10.9
10.6666666667
12.0508474576
11.0333333333
10.35
10.8833333333
10.1166666667
11.0333333333
9.86440677966
9.96666666667
11.1
11.1833333333
10.5833333333
11.5666666667
12.2372881356
10.9166666667
11.2833333333
10.7833333333
11.5166666667
11.0847457627
9.85
9.75
11.3833333333
12.1
11.2333333333
10.8983050847
10.4666666667
10.7666666667
10.8666666667
11.1
11.25
11.6949152542
11.25
10.9166666667
10.95
11.2166666667
11.813559322
11.55
10.75
10.5833333333
10.5666666667
10.4666666667
11.0169491525
10.5666666667
10.6
11.75
10.95
10.6166666667
10.3389830508
10.9166666667
10.0333333333
10.5
11.1896551724
--END OF 1--
15.1333333333
14.2833333333
17.4166666667
14.3898305085
13.9666666667
15.3
15.7833333333
15.6166666667
15.8666666667
15.9322033898
15.5333333333
13.7
15.3333333333
13.4666666667
15.7833333333
14.1016949153
13.65
14.7666666667
14.2
14.6666666667
15.4666666667
16.3220338983
14.9833333333
14.6
13.5166666667
15.3666666667
14.5423728814
13.25
13.2
15.2333333333
16.7
14.9333333333
14.8813559322
15.15
13.9166666667
13.8166666667
15.0833333333
15.15
14.7457627119
14.7166666667
15.1833333333
14.7
14.9
16.3728813559
16.3
14.55
14.2833333333
13.9666666667
14.1166666667
15.2372881356
14.3
15.2833333333
15.4166666667
15.0666666667
14.25
15.4576271186
15.0833333333
13.9666666667
13.9166666667
14.5172413793
--END OF 2--
15.3666666667
14.4333333333
17.5333333333
14.6440677966
14.2833333333
15.5333333333
16.15
16.2666666667
16.7166666667
17.1355932203
16.1333333333
14.15
15.3333333333
13.7666666667
16.4833333333
15.8813559322
14.15
14.7666666667
14.3333333333
14.8333333333
15.5166666667
16.7966101695
15.2166666667
15.2666666667
13.7166666667
16.0166666667
15.4406779661
14.7
13.35
15.9333333333
16.9
15.1333333333
15.2372881356
15.35
14.2166666667
14.05
16.0833333333
15.4
15.5762711864
14.9333333333
15.5666666667
15.6166666667
15.5833333333
16.7966101695
17.0
14.75
15.7333333333
14.4166666667
14.4666666667
15.8474576271
14.5
15.3833333333
15.6666666667
15.2666666667
14.25
15.8305084746
16.1333333333
14.1
14.0333333333
15.5344827586
--END OF 3--
11.0833333333
10.3166666667
12.4333333333
10.6101694915
10.5333333333
11.0666666667
11.6833333333
10.9
10.6666666667
12.0508474576
11.0333333333
10.35
10.8833333333
10.1166666667
11.0333333333
9.86440677966
9.96666666667
11.1
11.1833333333
10.5833333333
11.5666666667
12.2372881356
10.9166666667
11.2833333333
10.7833333333
11.5166666667
11.0847457627
9.85
9.75
11.3833333333
12.1
11.2333333333
10.8983050847
10.4666666667
10.7666666667
10.8666666667
11.1
11.25
11.6949152542
11.25
10.9166666667
10.95
11.2166666667
11.813559322
11.55
10.75
10.5833333333
10.5666666667
10.4666666667
11.0169491525
10.5666666667
10.6
11.75
10.95
10.6166666667
10.3389830508
10.9166666667
10.0333333333
10.5
11.1896551724
--END OF 4--
15.1333333333
14.2833333333
17.4166666667
14.3898305085
13.9666666667
15.3
15.7833333333
15.6166666667
15.8666666667
15.9322033898
15.5333333333
13.7
15.3333333333
13.4666666667
15.7833333333
14.1016949153
13.65
14.7666666667
14.2
14.6666666667
15.4666666667
16.3220338983
14.9833333333
14.6
13.5166666667
15.3666666667
14.5423728814
13.25
13.2
15.2333333333
16.7
14.9333333333
14.8813559322
15.15
13.9166666667
13.8166666667
15.0833333333
15.15
14.7457627119
14.7166666667
15.1833333333
14.7
14.9
16.3728813559
16.3
14.55
14.2833333333
13.9666666667
14.1166666667
15.2372881356
14.3
15.2833333333
15.4166666667
15.0666666667
14.25
15.4576271186
15.0833333333
13.9666666667
13.9166666667
14.5172413793
--END OF 5--
15.3666666667
14.4333333333
17.5333333333
14.6440677966
14.2833333333
15.5333333333
16.15
16.2666666667
16.7166666667
17.1355932203
16.1333333333
14.15
15.3333333333
13.7666666667
16.4833333333
15.8813559322
14.15
14.7666666667
14.3333333333
14.8333333333
15.5166666667
16.7966101695
15.2166666667
15.2666666667
13.7166666667
16.0166666667
15.4406779661
14.7
13.35
15.9333333333
16.9
15.1333333333
15.2372881356
15.35
14.2166666667
14.05
16.0833333333
15.4
15.5762711864
14.9333333333
15.5666666667
15.6166666667
15.5833333333
16.7966101695
17.0
14.75
15.7333333333
14.4166666667
14.4666666667
15.8474576271
14.5
15.3833333333
15.6666666667
15.2666666667
14.25
15.8305084746
16.1333333333
14.1
14.0333333333
15.5344827586
--END OF 6--
2121.25
2051.4
2261.95
2123.79661017
2031.8
2183.2
2172.95
2024.1
2028.4
2165.59322034
2135.1
1973.1
2053.8
1998.45
2089.2
1986.3559322
1915.5
2104.75
2145.3
2006.7
2120.5
2234.13559322
2020.4
2153.4
2029.7
2114.9
2048.33898305
1932.15
1923.75
2121.15
2215.8
2088.6
2099.94915254
2116.15
2015.55
2088.3
2092.0
2090.35
2164.77966102
2141.45
2068.05
2063.9
2113.9
2147.44067797
2268.45
2023.5
1971.9
2002.65
2070.9
2180.59322034
2062.35
2107.6
2144.35
2065.65
2063.8
2009.13559322
2161.2
1987.3
2035.65
2093.74137931
--END OF 7--
595.833333333
576.766666667
647.033333333
573.203389831
563.816666667
601.683333333
602.9
568.216666667
579.933333333
623.644067797
598.05
553.45
577.25
559.05
592.1
554.084745763
530.783333333
594.7
596.733333333
569.5
604.033333333
628.457627119
578.666666667
596.133333333
567.433333333
595.6
587.016949153
540.7
523.55
594.55
625.45
582.15
592.305084746
580.483333333
575.933333333
570.933333333
600.233333333
583.9
603.508474576
585.216666667
583.55
585.566666667
598.516666667
612.559322034
607.55
572.3
555.95
558.35
569.55
599.559322034
574.05
574.683333333
604.85
589.65
573.466666667
577.661016949
597.6
552.583333333
560.083333333
582.0
--END OF 8--
79.4666666667
76.5166666667
105.183333333
87.186440678
82.0
91.0833333333
86.8166666667
94.3166666667
89.0166666667
90.8813559322
87.45
75.4
86.45
80.8
106.45
88.7457627119
80.3166666667
85.8
75.0833333333
77.85
79.8166666667
99.186440678
89.8
79.4333333333
69.2833333333
85.0333333333
88.3050847458
78.15
68.9
79.9
91.05
77.8
86.1525423729
98.85
77.2166666667
81.75
88.3166666667
87.7333333333
76.406779661
82.45
92.9333333333
67.3166666667
83.7
94.6779661017
92.3
76.05
81.35
81.55
70.85
76.0
74.5666666667
81.35
87.2333333333
87.2666666667
79.5166666667
96.4406779661
89.85
83.4333333333
72.65
86.7931034483
--END OF 9--
3.01666666667
4.41666666667
5.63333333333
2.67796610169
2.0
3.76666666667
4.83333333333
6.68333333333
6.63333333333
4.30508474576
4.3
2.55
4.4
2.7
3.75
5.08474576271
5.01666666667
2.16666666667
2.11666666667
4.45
3.48333333333
2.8813559322
3.16666666667
2.81666666667
1.78333333333
4.38333333333
1.71186440678
3.5
3.1
5.45
4.7
3.55
3.74576271186
3.7
1.01666666667
1.65
2.7
2.56666666667
3.37288135593
2.83333333333
5.45
6.5
4.13333333333
3.81355932203
6.95
2.7
5.75
2.6
2.85
5.57627118644
2.73333333333
3.41666666667
4.53333333333
2.55
3.0
4.72881355932
4.45
3.73333333333
2.95
3.98275862069
--END OF 10--
0.45
0.15
0.416666666667
0.0
0.716666666667
0.283333333333
0.133333333333
0.883333333333
1.05
1.66101694915
0.3
0.5
0.0
0.15
0.7
2.52542372881
0.666666666667
0.0
0.233333333333
0.266666666667
0.0
1.10169491525
0.433333333333
0.9
0.316666666667
0.883333333333
1.0
2.4
0.0
1.0
0.5
0.5
0.508474576271
0.0
0.5
0.0
1.48333333333
0.3
0.745762711864
0.5
0.483333333333
1.21666666667
0.783333333333
0.779661016949
0.9
0.3
2.0
0.5
0.7
1.10169491525
0.5
0.216666666667
0.233333333333
0.266666666667
0.0
0.169491525424
1.05
0.283333333333
0.316666666667
1.25862068966
--END OF 11--
0.0
0.0
0.0
0.0
0.0
0.0
0.0166666666667
0.5
0.55
0.745762711864
0.2
0.0
0.0
0.0
0.0
0.508474576271
0.0
0.0
0.0
0.0
0.0
0.0
0.0166666666667
0.483333333333
0.0
0.0
0.508474576271
0.0
0.0
0.5
0.0
0.0
0.508474576271
0.0
0.0
0.0
0.983333333333
0.0166666666667
0.0
0.0
0.0
0.5
0.0
0.0
0.0
0.0
0.95
0.05
0.0
0.0
0.0
0.0
0.0
0.0
0.0
0.0
0.0
0.0
0.0
0.0
--END OF 12--
