19.65
19.9
18.0166666667
18.2833333333
18.2666666667
18.9152542373
18.5166666667
19.0833333333
19.9666666667
18.4
18.4
18.4333333333
19.7457627119
18.25
19.1
20.4166666667
20.25
19.6666666667
18.9661016949
18.3833333333
18.7
18.7833333333
18.9
18.1694915254
18.1333333333
18.7
19.0
20.0833333333
20.0333333333
19.813559322
19.7
19.4333333333
19.4833333333
19.8
19.85
19.5423728814
19.5
20.5
19.5166666667
19.9833333333
20.2
20.1355932203
19.9666666667
19.5666666667
20.9666666667
21.0166666667
19.6440677966
20.0
19.85
19.6333333333
19.8166666667
21.3
19.2203389831
19.5166666667
19.4833333333
20.1833333333
20.75
19.8305084746
20.3333333333
18.7307692308
--END OF 1--
28.5
30.85
28.4333333333
27.3333333333
27.7666666667
26.8644067797
27.45
29.0333333333
29.0333333333
27.25
28.4333333333
27.9
29.2711864407
28.55
28.4
30.4666666667
30.15
29.3166666667
27.6440677966
27.4833333333
27.75
29.15
28.85
28.593220339
25.7666666667
28.3
27.9666666667
29.4833333333
31.0666666667
29.5593220339
29.4333333333
29.4333333333
29.75
30.8333333333
30.25
29.3050847458
29.9
29.25
29.45
30.1
29.95
30.1186440678
31.9666666667
30.5666666667
30.8333333333
32.3166666667
29.7457627119
28.4
30.4833333333
29.9166666667
30.1
30.55
30.2372881356
29.8
29.7166666667
31.5166666667
31.2166666667
30.3389830508
29.5
28.1346153846
--END OF 2--
29.55
32.6
29.5333333333
27.9333333333
28.0666666667
27.2203389831
29.6333333333
29.5833333333
30.0333333333
28.2166666667
29.05
28.9833333333
30.7288135593
30.15
29.1333333333
30.8166666667
30.85
31.3666666667
29.3559322034
28.5
30.05
30.5833333333
29.45
30.8305084746
27.1
29.45
29.2166666667
31.3666666667
33.05
31.3559322034
33.2166666667
30.5833333333
30.2666666667
31.4166666667
30.7666666667
31.4915254237
31.15
30.3
30.2833333333
30.9833333333
30.15
30.7457627119
32.9833333333
31.4333333333
31.9166666667
34.4666666667
31.5423728814
30.3833333333
32.5333333333
31.1833333333
31.6166666667
31.7666666667
32.1355932203
31.0333333333
31.0333333333
33.7333333333
31.95
31.8983050847
30.1166666667
29.4807692308
--END OF 3--
19.55
19.55
17.9666666667
18.2333333333
18.2666666667
18.7118644068
18.3833333333
18.9666666667
19.6666666667
18.4
18.4
18.4333333333
19.7288135593
18.25
18.8666666667
20.0833333333
19.95
19.5333333333
18.9661016949
18.3833333333
18.65
18.7666666667
18.9
18.1694915254
18.1333333333
18.6
19.0
19.7333333333
19.6166666667
19.6610169492
19.4166666667
19.3666666667
19.2166666667
19.6666666667
19.7166666667
19.406779661
19.5
20.05
19.5166666667
19.5333333333
19.9
19.8813559322
19.85
19.3166666667
20.1166666667
20.3166666667
19.3220338983
19.5
19.5333333333
19.6166666667
19.5166666667
20.3
19.1355932203
19.1833333333
19.0666666667
19.8166666667
20.15
19.6779661017
19.9
18.6153846154
--END OF 4--
28.45
30.1333333333
28.1833333333
27.2833333333
27.4666666667
26.7118644068
27.3666666667
28.6833333333
28.8333333333
27.25
28.4333333333
27.9
29.1186440678
28.55
28.0833333333
29.9
29.6666666667
29.0833333333
27.6440677966
27.3333333333
27.75
28.8166666667
28.85
28.5423728814
25.7666666667
28.3
27.9666666667
29.25
30.3
29.4406779661
29.3
29.2166666667
29.4
30.1333333333
29.8833333333
29.2372881356
29.45
29.25
29.2833333333
29.7333333333
29.7
29.593220339
31.0333333333
29.9333333333
30.0333333333
31.1333333333
29.5254237288
28.4
29.8666666667
29.6833333333
29.7666666667
29.75
29.593220339
29.25
29.1333333333
30.4833333333
30.4
29.8305084746
29.4166666667
28.1346153846
--END OF 5--
29.55
32.6
29.5333333333
27.9333333333
28.0666666667
27.2203389831
29.6333333333
29.5833333333
30.0333333333
28.2166666667
29.05
28.9833333333
30.7288135593
30.15
29.1333333333
30.8166666667
30.85
31.3666666667
29.3559322034
28.5
30.05
30.5833333333
29.45
30.8305084746
27.1
29.45
29.2166666667
31.3666666667
33.05
31.3559322034
33.2166666667
30.5833333333
30.2666666667
31.4166666667
30.7666666667
31.4915254237
31.15
30.3
30.2833333333
30.9833333333
30.15
30.7457627119
32.9833333333
31.4333333333
31.9166666667
34.4666666667
31.5423728814
30.3833333333
32.5333333333
31.1833333333
31.6166666667
31.7666666667
32.1355932203
31.0333333333
31.0333333333
33.7333333333
31.95
31.8983050847
30.1166666667
29.4807692308
--END OF 6--
3576.6
3657.45
3457.0
3398.25
3538.35
3471.25423729
3462.3
3741.55
3732.0
3446.2
3465.2
3531.1
3628.83050847
3431.85
3521.0
3876.1
3724.85
3742.15
3560.74576271
3474.85
3523.05
3490.95
3503.85
3550.98305085
3477.55
3632.4
3604.2
3772.4
3773.8
3728.28813559
3735.95
3661.05
3662.15
3735.75
3778.5
3697.01694915
3555.45
3701.55
3639.9
3805.8
3763.95
3706.57627119
3783.0
3709.5
3918.3
3941.1
3704.23728814
3648.05
3741.9
3654.9
3719.95
3897.15
3777.86440678
3712.1
3691.8
3729.25
3851.05
3597.55932203
3758.9
3474.57692308
--END OF 7--
1007.2
1037.88333333
969.533333333
961.45
998.55
993.542372881
969.2
1029.45
1040.46666667
970.6
969.666666667
971.383333333
1025.69491525
964.733333333
992.283333333
1067.06666667
1049.91666667
1044.36666667
996.13559322
979.916666667
987.75
993.233333333
986.1
1013.23728814
980.7
1024.76666667
998.766666667
1047.91666667
1061.4
1033.27118644
1043.05
1018.3
1039.65
1047.91666667
1042.7
1026.11864407
999.7
1021.1
1025.16666667
1060.23333333
1054.0
1041.83050847
1055.7
1059.13333333
1106.55
1108.86666667
1040.88135593
1036.18333333
1051.93333333
1029.53333333
1042.68333333
1114.1
1041.57627119
1042.86666667
1057.9
1071.86666667
1081.11666667
1032.23728814
1062.96666667
978.230769231
--END OF 8--
180.0
197.65
176.883333333
181.0
175.55
169.525423729
185.666666667
185.9
175.3
171.75
182.8
181.3
184.525423729
183.283333333
181.916666667
197.55
190.9
200.916666667
175.881355932
183.4
183.4
209.233333333
194.25
192.06779661
159.016666667
181.116666667
180.416666667
192.166666667
213.083333333
188.525423729
215.033333333
193.85
205.8
208.05
195.8
202.813559322
199.6
187.65
202.533333333
190.233333333
204.6
193.728813559
229.566666667
212.733333333
195.316666667
225.816666667
191.915254237
179.3
201.283333333
190.25
189.05
197.416666667
191.406779661
202.933333333
195.566666667
213.0
214.566666667
216.457627119
185.266666667
177.173076923
--END OF 9--
10.0
12.0833333333
11.5333333333
5.75
8.95
4.23728813559
10.8666666667
9.35
7.08333333333
7.0
10.1333333333
9.48333333333
8.10169491525
14.4333333333
8.08333333333
8.03333333333
8.93333333333
9.15
6.89830508475
7.9
10.95
9.6
9.75
11.7966101695
7.76666666667
9.2
8.75
8.3
12.35
11.0338983051
11.5833333333
9.4
8.9
9.06666666667
7.61666666667
12.2711864407
15.95
9.15
7.9
9.25
5.9
7.5593220339
11.1833333333
7.81666666667
11.2166666667
9.16666666667
9.94915254237
9.56666666667
11.3333333333
10.9833333333
12.9833333333
8.88333333333
15.3050847458
9.53333333333
10.45
13.5666666667
7.83333333333
10.3728813559
6.01666666667
11.5769230769
--END OF 10--
0.9
2.51666666667
1.46666666667
1.15
0.25
0.0
2.6
0.85
0.9
1.33333333333
1.06666666667
1.3
1.74576271186
2.51666666667
1.15
0.466666666667
0.916666666667
2.31666666667
2.50847457627
1.48333333333
3.1
2.11666666667
0.0
3.28813559322
1.68333333333
1.48333333333
2.25
2.65
2.68333333333
2.33898305085
6.23333333333
1.2
0.55
0.966666666667
0.666666666667
3.13559322034
1.8
0.9
1.13333333333
1.05
0.4
0.542372881356
0.933333333333
1.68333333333
1.25
2.66666666667
2.23728813559
2.73333333333
2.56666666667
1.3
2.2
1.9
2.47457627119
1.45
2.28333333333
3.61666666667
1.03333333333
2.64406779661
1.48333333333
2.01923076923
--END OF 11--
0.0
0.0
0.0
0.0
0.0
0.0
0.0
0.3
0.3
0.366666666667
0.0
0.0
0.305084745763
0.0
0.0
0.0
0.0
0.216666666667
0.796610169492
0.15
0.85
0.433333333333
0.0
0.406779661017
0.383333333333
0.116666666667
0.0
0.366666666667
0.0
0.169491525424
0.333333333333
0.0
0.0
0.0
0.2
0.0
0.0
0.85
0.35
0.0
0.0
0.372881355932
0.0
0.133333333333
0.4
0.0
0.305084745763
1.0
0.0
0.283333333333
0.95
0.333333333333
0.508474576271
0.366666666667
0.25
0.516666666667
0.2
0.101694915254
0.0
0.0
--END OF 12--
