17.35
17.4666666667
17.0847457627
18.35
16.85
17.8
17.45
17.6333333333
16.6333333333
16.1186440678
16.9
17.5333333333
17.45
17.4666666667
15.6833333333
16.2372881356
17.4
17.8333333333
16.7
16.1333333333
16.5593220339
18.5
17.3833333333
18.5333333333
17.4333333333
17.1666666667
17.4237288136
17.5833333333
16.7
17.55
17.3333333333
17.6271186441
16.9
15.95
17.0833333333
16.9333333333
17.2666666667
16.9152542373
16.4333333333
17.8333333333
17.3666666667
14.9833333333
17.0833333333
18.0
16.9666666667
16.2833333333
17.2166666667
16.4833333333
16.2033898305
17.7
17.0666666667
17.5833333333
16.9666666667
16.2833333333
15.6271186441
16.7833333333
16.9333333333
16.85
16.45
16.7719298246
--END OF 1--
23.6166666667
23.7833333333
22.6949152542
25.05
23.45
22.55
22.5
24.4666666667
22.3333333333
22.3220338983
24.2333333333
24.4333333333
23.85
23.3833333333
23.4
22.6271186441
23.6666666667
24.4166666667
22.7166666667
22.1
22.6440677966
24.6
24.8833333333
24.1833333333
22.6833333333
24.0
24.4406779661
24.1333333333
22.75
23.6166666667
23.8166666667
25.5593220339
23.1333333333
22.4166666667
22.9833333333
22.2833333333
23.0
23.6610169492
22.1333333333
24.8333333333
23.7166666667
21.4333333333
22.6333333333
23.9661016949
23.3833333333
23.8166666667
24.1166666667
21.9333333333
22.6779661017
23.0166666667
24.2
23.2666666667
21.85
23.2
23.593220339
23.4333333333
22.8833333333
23.85
22.65
23.3684210526
--END OF 2--
24.0833333333
24.5666666667
23.6101694915
25.95
24.15
23.65
23.05
24.7333333333
23.0833333333
22.8474576271
24.7166666667
25.75
25.05
24.3666666667
23.6666666667
23.6101694915
25.0333333333
25.5
23.65
22.6333333333
23.4745762712
25.15
25.8666666667
24.4833333333
22.9333333333
24.8833333333
24.4915254237
24.7666666667
23.2333333333
25.0833333333
24.05
26.2711864407
23.5833333333
22.5666666667
24.2666666667
23.2
23.8
24.9491525424
23.3833333333
25.2833333333
24.5
21.6833333333
22.9833333333
24.3050847458
24.5333333333
24.5
24.7833333333
22.5
23.3728813559
23.75
24.6
23.7333333333
22.0333333333
23.5166666667
24.5423728814
24.1333333333
23.5833333333
24.35
23.55
25.1929824561
--END OF 3--
17.35
17.4666666667
17.0847457627
18.35
16.85
17.8
17.45
17.6333333333
16.6333333333
16.1186440678
16.9
17.5333333333
17.45
17.4666666667
15.6833333333
16.2372881356
17.4
17.8333333333
16.7
16.1333333333
16.5593220339
18.5
17.3833333333
18.5333333333
17.4333333333
17.1666666667
17.4237288136
17.5833333333
16.7
17.55
17.3333333333
17.6271186441
16.9
15.95
17.0833333333
16.9333333333
17.2666666667
16.9152542373
16.4333333333
17.8333333333
17.3666666667
14.9833333333
17.0833333333
18.0
16.9666666667
16.2833333333
17.2166666667
16.4833333333
16.2033898305
17.7
17.0666666667
17.5833333333
16.9666666667
16.2833333333
15.6271186441
16.7833333333
16.9333333333
16.85
16.45
16.7719298246
--END OF 4--
23.6166666667
23.7833333333
22.6949152542
25.05
23.45
22.55
22.5
24.4666666667
22.3333333333
22.3220338983
24.2333333333
24.4333333333
23.85
23.3833333333
23.4
22.6271186441
23.6666666667
24.4166666667
22.7166666667
22.1
22.6440677966
24.6
24.8833333333
24.1833333333
22.6833333333
24.0
24.4406779661
24.1333333333
22.75
23.6166666667
23.8166666667
25.5593220339
23.1333333333
22.4166666667
22.9833333333
22.2833333333
23.0
23.6610169492
22.1333333333
24.8333333333
23.7166666667
21.4333333333
22.6333333333
23.9661016949
23.3833333333
23.8166666667
24.1166666667
21.9333333333
22.6779661017
23.0166666667
24.2
23.2666666667
21.85
23.2
23.593220339
23.4333333333
22.8833333333
23.85
22.65
23.3684210526
--END OF 5--
24.0833333333
24.5666666667
23.6101694915
25.95
24.15
23.65
23.05
24.7333333333
23.0833333333
22.8474576271
24.7166666667
25.75
25.05
24.3666666667
23.6666666667
23.6101694915
25.0333333333
25.5
23.65
22.6333333333
23.4745762712
25.15
25.8666666667
24.4833333333
22.9333333333
24.8833333333
24.4915254237
24.7666666667
23.2333333333
25.0833333333
24.05
26.2711864407
23.5833333333
22.5666666667
24.2666666667
23.2
23.8
24.9491525424
23.3833333333
25.2833333333
24.5
21.6833333333
22.9833333333
24.3050847458
24.5333333333
24.5
24.7833333333
22.5
23.3728813559
23.75
24.6
23.7333333333
22.0333333333
23.5166666667
24.5423728814
24.1333333333
23.5833333333
24.35
23.55
25.1929824561
--END OF 6--
3277.55
3266.2
3243.45762712
3361.8
3247.2
3294.3
3188.4
3337.1
3259.05
3145.11864407
3305.0
3420.0
3413.2
3317.95
3225.3
3177.96610169
3379.9
3292.3
3194.4
3109.55
3195.25423729
3383.4
3298.35
3289.05
3227.85
3246.65
3310.52542373
3299.2
3091.3
3282.35
3300.2
3320.79661017
3226.0
3211.85
3203.2
3152.1
3180.15
3131.49152542
3076.5
3425.25
3231.7
2966.1
3181.8
3288.91525424
3281.7
3032.55
3266.9
3091.8
3123.05084746
3317.35
3292.6
3279.6
3162.85
3133.5
3114.20338983
3192.9
3225.3
3228.45
3096.15
3260.84210526
--END OF 7--
911.716666667
914.416666667
887.711864407
939.383333333
890.8
898.7
889.45
946.766666667
902.9
872.254237288
907.683333333
925.883333333
955.5
929.966666667
877.25
883.762711864
937.083333333
938.233333333
893.933333333
854.366666667
875.745762712
954.733333333
929.566666667
921.15
900.4
902.016666667
913.93220339
911.95
866.6
895.833333333
908.183333333
922.711864407
905.35
874.366666667
897.716666667
873.283333333
886.016666667
879.237288136
858.55
932.0
897.333333333
806.15
875.7
924.593220339
911.566666667
871.183333333
909.416666667
854.75
866.423728814
912.5
909.283333333
918.733333333
869.0
882.166666667
845.186440678
876.05
873.75
895.3
855.35
902.298245614
--END OF 8--
133.266666667
135.1
122.423728814
145.3
147.6
114.0
121.65
138.45
127.4
137.898305085
152.016666667
140.366666667
133.883333333
136.033333333
146.366666667
128.661016949
145.8
138.533333333
135.2
126.183333333
132.881355932
138.716666667
154.016666667
133.25
123.75
137.65
156.220338983
131.833333333
131.75
135.0
134.516666667
148.118644068
135.45
141.083333333
132.583333333
122.933333333
129.583333333
150.0
133.65
148.6
129.533333333
111.15
123.0
145.186440678
129.383333333
133.15
141.616666667
124.933333333
141.661016949
119.283333333
136.35
121.516666667
128.25
145.766666667
152.915254237
142.55
136.55
139.4
120.45
142.0
--END OF 9--
5.21666666667
5.7
6.22033898305
7.41666666667
4.05
3.75
3.2
4.23333333333
3.05
3.89830508475
3.91666666667
9.2
5.06666666667
5.85
9.03333333333
6.10169491525
4.0
9.06666666667
4.45
4.98333333333
7.06779661017
4.66666666667
5.65
4.15
2.25
8.4
4.67796610169
5.18333333333
3.48333333333
6.68333333333
2.68333333333
8.18644067797
4.66666666667
4.9
6.16666666667
4.98333333333
5.28333333333
7.91525423729
4.3
5.4
7.26666666667
7.85
5.8
4.69491525424
7.75
9.66666666667
5.18333333333
3.7
2.32203389831
3.55
6.95
3.8
5.1
5.08333333333
8.45762711864
5.5
6.45
6.15
7.15
7.85964912281
--END OF 10--
0.616666666667
0.883333333333
0.457627118644
1.25
1.2
1.75
0.65
0.466666666667
1.45
0.559322033898
0.616666666667
1.21666666667
1.96666666667
0.983333333333
0.0166666666667
0.915254237288
1.85
2.18333333333
1.26666666667
0.75
1.40677966102
0.6
1.7
0.1
0.4
1.21666666667
0.0847457627119
0.783333333333
0.75
2.1
0.283333333333
0.677966101695
0.633333333333
0.0
1.63333333333
1.51666666667
1.16666666667
2.42372881356
1.45
1.05
1.06666666667
0.0
0.0
0.440677966102
1.43333333333
0.85
1.21666666667
0.583333333333
0.593220338983
1.0
0.733333333333
0.716666666667
0.283333333333
0.116666666667
1.40677966102
0.5
1.1
0.9
1.3
1.49122807018
--END OF 11--
0.0
0.0
0.0
0.0
0.5
0.0
0.5
0.0
0.0
0.0
0.283333333333
0.216666666667
0.0
0.0
0.0
0.0
0.3
0.0
0.0
0.0
0.0
0.0
0.0
0.0
0.0
0.5
0.0
0.0
0.0
0.5
0.0
0.0677966101695
0.166666666667
0.0
0.866666666667
0.216666666667
0.283333333333
0.0
0.95
0.05
0.0
0.0
0.0
0.0
0.5
0.0
0.0
0.2
0.474576271186
0.5
0.0
0.5
0.0
0.0
0.0
0.0
0.5
0.0
0.0
0.0
--END OF 12--
