13.3
13.0333333333
12.4237288136
12.4333333333
12.8833333333
13.2166666667
13.2833333333
11.9666666667
12.9322033898
12.4
12.15
11.7833333333
12.1833333333
12.6666666667
12.8474576271
12.0166666667
11.8
12.1166666667
12.7833333333
12.0166666667
12.0338983051
12.1666666667
11.6333333333
12.25
13.0833333333
12.0169491525
10.8666666667
13.25
12.7
12.35
12.2711864407
12.0333333333
11.7333333333
12.4333333333
11.9333333333
11.6
12.1525423729
10.8833333333
11.05
12.2833333333
11.5166666667
11.4576271186
11.6
11.8
11.6
11.6
12.3898305085
11.4333333333
11.9333333333
10.8333333333
10.7333333333
11.4576271186
12.6
12.0333333333
11.3166666667
11.5333333333
11.8166666667
11.2203389831
10.8333333333
12.2586206897
--END OF 1--
17.8833333333
16.9833333333
17.0508474576
17.8666666667
16.9
17.0
17.8166666667
15.85
17.0169491525
16.8
17.1
15.9833333333
16.5666666667
17.8333333333
17.5423728814
16.75
14.9833333333
16.2666666667
16.1166666667
17.05
15.8983050847
15.7166666667
15.7
15.8333333333
16.4333333333
16.2542372881
14.8166666667
17.4
17.0
16.55
17.7796610169
17.1166666667
15.4
16.2666666667
15.15
15.7333333333
15.8983050847
14.9333333333
15.0833333333
16.9833333333
15.9666666667
14.7118644068
16.4
15.35
16.65
16.8
17.1186440678
14.9666666667
15.7166666667
16.4833333333
15.1
15.9152542373
16.9833333333
16.85
14.8666666667
15.3833333333
15.4
14.6271186441
14.9833333333
16.5172413793
--END OF 2--
18.1833333333
17.4333333333
17.5084745763
18.25
16.9333333333
17.4833333333
19.1833333333
16.5666666667
17.6610169492
16.8
17.6
17.3833333333
16.7666666667
18.9666666667
18.5593220339
17.6333333333
15.3
16.45
17.0333333333
17.9833333333
16.4237288136
16.2833333333
16.0333333333
15.9833333333
16.8333333333
16.813559322
16.8166666667
18.0
17.8
16.55
18.3728813559
17.7333333333
16.0333333333
16.3333333333
15.7833333333
16.3333333333
17.186440678
15.9833333333
15.5
18.2333333333
16.8
15.3220338983
17.25
15.9
16.95
17.4
17.6949152542
16.3
16.4
17.7166666667
15.3
16.2203389831
17.35
17.6833333333
15.4666666667
16.2
15.65
15.1694915254
15.7833333333
16.8448275862
--END OF 3--
13.3
13.0333333333
12.4237288136
12.4333333333
12.8833333333
13.2166666667
13.2833333333
11.9666666667
12.9322033898
12.4
12.15
11.7833333333
12.1833333333
12.6666666667
12.8474576271
12.0166666667
11.8
12.1166666667
12.7833333333
12.0166666667
12.0338983051
12.1666666667
11.6333333333
12.25
13.0833333333
12.0169491525
10.8666666667
13.25
12.7
12.35
12.2711864407
12.0333333333
11.7333333333
12.4333333333
11.9333333333
11.6
12.1525423729
10.8833333333
11.05
12.2833333333
11.5166666667
11.4576271186
11.6
11.8
11.6
11.6
12.3898305085
11.4333333333
11.9333333333
10.8333333333
10.7333333333
11.4576271186
12.6
12.0333333333
11.3166666667
11.5333333333
11.8166666667
11.2203389831
10.8333333333
12.2586206897
--END OF 4--
17.8833333333
16.9833333333
17.0508474576
17.8666666667
16.9
17.0
17.8166666667
15.85
17.0169491525
16.8
17.1
15.9833333333
16.5666666667
17.8333333333
17.5423728814
16.75
14.9833333333
16.2666666667
16.1166666667
17.05
15.8983050847
15.7166666667
15.7
15.8333333333
16.4333333333
16.2542372881
14.8166666667
17.4
17.0
16.55
17.7796610169
17.1166666667
15.4
16.2666666667
15.15
15.7333333333
15.8983050847
14.9333333333
15.0833333333
16.9833333333
15.9666666667
14.7118644068
16.4
15.35
16.65
16.8
17.1186440678
14.9666666667
15.7166666667
16.4833333333
15.1
15.9152542373
16.9833333333
16.85
14.8666666667
15.3833333333
15.4
14.6271186441
14.9833333333
16.5172413793
--END OF 5--
18.1833333333
17.4333333333
17.5084745763
18.25
16.9333333333
17.4833333333
19.1833333333
16.5666666667
17.6610169492
16.8
17.6
17.3833333333
16.7666666667
18.9666666667
18.5593220339
17.6333333333
15.3
16.45
17.0333333333
17.9833333333
16.4237288136
16.2833333333
16.0333333333
15.9833333333
16.8333333333
16.813559322
16.8166666667
18.0
17.8
16.55
18.3728813559
17.7333333333
16.0333333333
16.3333333333
15.7833333333
16.3333333333
17.186440678
15.9833333333
15.5
18.2333333333
16.8
15.3220338983
17.25
15.9
16.95
17.4
17.6949152542
16.3
16.4
17.7166666667
15.3
16.2203389831
17.35
17.6833333333
15.4666666667
16.2
15.65
15.1694915254
15.7833333333
16.8448275862
--END OF 6--
2616.55
2471.3
2447.74576271
2466.15
2428.6
2408.8
2540.3
2335.55
2399.89830508
2450.7
2493.9
2283.0
2374.4
2456.4
2454.55932203
2338.35
2179.9
2293.95
2453.5
2445.35
2435.6440678
2451.2
2321.85
2306.0
2367.95
2374.83050847
2166.3
2461.95
2356.35
2335.95
2389.72881356
2347.0
2204.35
2331.85
2378.5
2233.7
2247.3559322
2209.05
2241.2
2276.0
2206.1
2180.84745763
2191.5
2255.85
2240.4
2332.35
2368.37288136
2158.55
2245.1
2228.6
2190.5
2290.52542373
2371.95
2373.75
2179.35
2249.7
2233.0
2133.91525424
2153.85
2440.24137931
--END OF 7--
714.483333333
685.45
679.593220339
681.783333333
686.966666667
680.983333333
697.15
641.666666667
668.152542373
655.45
672.3
638.5
656.7
673.8
682.677966102
636.05
610.05
646.3
680.316666667
669.366666667
661.050847458
666.3
637.3
641.216666667
666.25
656.423728814
596.45
688.1
652.65
649.8
667.644067797
653.166666667
610.616666667
638.6
629.183333333
612.166666667
636.983050847
600.7
616.733333333
646.1
624.516666667
595.983050847
617.75
613.35
633.7
631.25
645.254237288
596.166666667
629.466666667
614.533333333
598.95
624.457627119
666.466666667
642.6
599.183333333
615.816666667
623.05
595.779661017
592.6
660.689655172
--END OF 8--
82.4666666667
89.5833333333
92.186440678
110.216666667
88.1166666667
89.8666666667
97.0166666667
83.1
98.0508474576
89.0
92.65
85.3
87.9333333333
101.15
101.694915254
95.8666666667
72.6666666667
88.8
85.6
109.716666667
88.813559322
80.7333333333
92.0166666667
89.1833333333
89.2166666667
87.2033898305
78.5
96.9
91.95
91.55
98.5762711864
100.766666667
88.0166666667
82.35
82.6166666667
86.9833333333
93.9152542373
86.9
85.85
91.65
90.9
75.4237288136
90.5
79.6
104.45
88.5
97.3050847458
81.3666666667
78.75
95.0833333333
85.4
91.1355932203
98.3333333333
102.05
79.7
88.4333333333
85.7166666667
70.0847457627
83.25
88.6034482759
--END OF 9--
4.18333333333
3.43333333333
6.30508474576
3.43333333333
2.08333333333
3.38333333333
6.66666666667
3.91666666667
3.59322033898
2.7
6.1
4.0
4.08333333333
6.98333333333
5.69491525424
7.48333333333
2.31666666667
2.78333333333
4.1
5.86666666667
3.23728813559
3.61666666667
2.9
1.48333333333
2.03333333333
3.69491525424
7.7
4.4
5.35
2.0
4.28813559322
3.23333333333
3.0
3.6
1.95
4.08333333333
5.33898305085
3.83333333333
2.66666666667
8.16666666667
5.73333333333
3.77966101695
5.4
4.6
4.45
8.65
4.42372881356
5.56666666667
5.86666666667
9.08333333333
4.28333333333
2.93220338983
2.81666666667
6.18333333333
4.21666666667
4.6
1.33333333333
4.74576271186
4.1
3.84482758621
--END OF 10--
0.5
0.583333333333
0.423728813559
0.583333333333
0.0833333333333
0.383333333333
1.61666666667
1.13333333333
0.881355932203
0.0
0.85
2.45
0.533333333333
1.21666666667
1.40677966102
1.05
0.416666666667
0.233333333333
1.26666666667
1.56666666667
0.949152542373
0.816666666667
0.683333333333
0.0166666666667
0.983333333333
0.203389830508
2.5
0.0
1.5
0.0
0.898305084746
0.783333333333
0.883333333333
0.15
0.65
0.95
1.18644067797
1.2
0.566666666667
1.71666666667
1.71666666667
0.915254237288
0.8
0.3
0.2
0.85
0.864406779661
1.73333333333
0.633333333333
1.9
0.5
0.576271186441
0.816666666667
1.08333333333
1.13333333333
0.916666666667
0.25
0.847457627119
0.9
0.275862068966
--END OF 11--
0.0
0.0
0.0
0.0
0.0
0.266666666667
1.23333333333
0.0
0.0
0.0
0.0
0.5
0.0
0.15
0.254237288136
0.5
0.0
0.0
0.5
0.683333333333
0.322033898305
0.316666666667
0.183333333333
0.0
0.0
0.0
1.5
0.0
0.0
0.0
0.389830508475
0.616666666667
0.0
0.0
0.0
0.0
0.271186440678
0.233333333333
0.0666666666667
0.433333333333
0.0
0.152542372881
0.35
0.0
0.15
0.35
0.0
0.5
0.0
1.03333333333
0.0
0.0
0.0
0.0
0.0
0.0
0.0
0.0
0.5
0.0
--END OF 12--
