9.48333333333
11.5833333333
9.69491525424
10.3333333333
11.3833333333
11.05
11.1166666667
11.1166666667
9.4406779661
10.7
10.8166666667
11.5166666667
10.6333333333
10.8166666667
10.8474576271
11.35
11.35
10.5166666667
10.65
11.0833333333
11.1525423729
11.2666666667
10.35
11.4333333333
10.4666666667
10.45
10.7457627119
11.45
10.5166666667
10.8833333333
11.5833333333
10.8983050847
10.6333333333
10.6333333333
9.68333333333
11.1333333333
11.1333333333
10.3389830508
10.9833333333
11.6166666667
10.8333333333
10.8833333333
10.4666666667
9.94915254237
10.2
10.7166666667
10.8
10.55
11.0
10.4833333333
10.1333333333
11.1166666667
10.9833333333
10.4833333333
11.1694915254
10.5166666667
10.4333333333
10.6666666667
10.65
9.8679245283
--END OF 1--
12.2833333333
14.5333333333
13.6440677966
14.4
14.8166666667
14.3333333333
14.8833333333
15.0666666667
12.8983050847
13.9
13.4833333333
15.2
13.7166666667
14.6
13.9491525424
14.3
14.25
13.7666666667
14.6
14.3333333333
14.6949152542
14.5
13.75
15.05
13.9833333333
14.65
14.3050847458
14.0666666667
14.15
14.4833333333
15.15
14.3220338983
14.8333333333
13.3833333333
12.8833333333
13.8333333333
14.3333333333
13.6779661017
14.8166666667
14.3833333333
14.9833333333
14.8666666667
14.25
13.2033898305
13.65
13.5333333333
14.8166666667
14.6833333333
14.593220339
13.8333333333
14.1333333333
14.6666666667
14.1833333333
14.4333333333
14.2203389831
14.2333333333
14.5
13.8833333333
14.5666666667
13.358490566
--END OF 2--
13.1833333333
15.0333333333
13.6949152542
15.0333333333
15.0833333333
14.8666666667
15.6
15.4833333333
13.7457627119
13.9
15.0833333333
16.7166666667
14.05
14.8
15.1694915254
15.1
14.7
13.9666666667
15.05
14.7833333333
14.9830508475
14.7
14.5666666667
15.05
14.6333333333
14.85
15.0847457627
14.55
14.15
14.8333333333
15.3166666667
14.9152542373
15.3833333333
14.0833333333
13.0333333333
14.8333333333
14.3833333333
14.8644067797
16.0
14.3833333333
16.3333333333
14.8666666667
14.4
13.2542372881
14.05
13.5833333333
15.0166666667
14.8
16.6101694915
15.5333333333
14.5833333333
14.9666666667
14.7333333333
15.0333333333
14.813559322
16.0333333333
14.9166666667
14.4666666667
14.7333333333
13.679245283
--END OF 3--
9.48333333333
11.5833333333
9.69491525424
10.3333333333
11.3833333333
11.05
11.1166666667
11.1166666667
9.4406779661
10.7
10.8166666667
11.5166666667
10.6333333333
10.8166666667
10.8474576271
11.35
11.35
10.5166666667
10.65
11.0833333333
11.1525423729
11.2666666667
10.35
11.4333333333
10.4666666667
10.45
10.7457627119
11.45
10.5166666667
10.8833333333
11.5833333333
10.8983050847
10.6333333333
10.6333333333
9.68333333333
11.1333333333
11.1333333333
10.3389830508
10.9833333333
11.6166666667
10.8333333333
10.8833333333
10.4666666667
9.94915254237
10.2
10.7166666667
10.8
10.55
11.0
10.4833333333
10.1333333333
11.1166666667
10.9833333333
10.4833333333
11.1694915254
10.5166666667
10.4333333333
10.6666666667
10.65
9.8679245283
--END OF 4--
12.2833333333
14.5333333333
13.6440677966
14.4
14.8166666667
14.3333333333
14.8833333333
15.0666666667
12.8983050847
13.9
13.4833333333
15.2
13.7166666667
14.6
13.9491525424
14.3
14.25
13.7666666667
14.6
14.3333333333
14.6949152542
14.5
13.75
15.05
13.9833333333
14.65
14.3050847458
14.0666666667
14.15
14.4833333333
15.15
14.3220338983
14.8333333333
13.3833333333
12.8833333333
13.8333333333
14.3333333333
13.6779661017
14.8166666667
14.3833333333
14.9833333333
14.8666666667
14.25
13.2033898305
13.65
13.5333333333
14.8166666667
14.6833333333
14.593220339
13.8333333333
14.1333333333
14.6666666667
14.1833333333
14.4333333333
14.2203389831
14.2333333333
14.5
13.8833333333
14.5666666667
13.358490566
--END OF 5--
13.1833333333
15.0333333333
13.6949152542
15.0333333333
15.0833333333
14.8666666667
15.6
15.4833333333
13.7457627119
13.9
15.0833333333
16.7166666667
14.05
14.8
15.1694915254
15.1
14.7
13.9666666667
15.05
14.7833333333
14.9830508475
14.7
14.5666666667
15.05
14.6333333333
14.85
15.0847457627
14.55
14.15
14.8333333333
15.3166666667
14.9152542373
15.3833333333
14.0833333333
13.0333333333
14.8333333333
14.3833333333
14.8644067797
16.0
14.3833333333
16.3333333333
14.8666666667
14.4
13.2542372881
14.05
13.5833333333
15.0166666667
14.8
16.6101694915
15.5333333333
14.5833333333
14.9666666667
14.7333333333
15.0333333333
14.813559322
16.0333333333
14.9166666667
14.4666666667
14.7333333333
13.679245283
--END OF 6--
1997.25
2134.2
1967.89830508
2131.65
2104.3
2016.3
2094.45
2182.95
1993.88135593
2094.3
2088.45
2197.0
2051.1
2088.65
2116.93220339
2181.0
2058.0
2063.4
2092.35
2142.45
2154.81355932
2183.6
2020.45
2254.15
2001.75
2241.8
2082.3559322
2094.05
2006.75
2138.05
2224.45
2107.77966102
2146.2
2065.5
1921.8
2198.25
2095.8
1966.62711864
2130.2
2209.95
2140.2
2130.0
2031.35
1974.91525424
2056.3
2101.75
2144.85
2230.35
2218.88135593
2118.45
2037.75
2224.5
2087.55
1965.0
2132.28813559
2126.2
2077.9
2096.4
2072.85
1939.35849057
--END OF 7--
547.9
605.4
539.271186441
582.55
586.85
569.3
587.1
606.6
538.745762712
581.433333333
569.066666667
608.55
571.333333333
574.166666667
568.779661017
596.65
576.1
571.55
586.9
587.05
589.86440678
591.316666667
561.883333333
620.916666667
558.0
606.266666667
579.881355932
591.233333333
550.45
583.483333333
619.583333333
583.830508475
583.0
565.3
528.8
608.75
584.8
549.203389831
585.066666667
597.466666667
584.0
576.133333333
550.816666667
537.423728814
568.85
557.8
596.633333333
606.3
600.93220339
581.35
563.25
617.7
576.45
561.6
587.779661017
573.433333333
555.516666667
561.933333333
573.9
543.132075472
--END OF 8--
64.8
80.4
81.8474576271
81.8333333333
87.3
87.4
83.9666666667
80.1333333333
74.8983050847
65.95
67.7166666667
84.9666666667
75.4666666667
85.3666666667
79.6949152542
74.25
72.6
70.25
76.95
78.15
88.4915254237
78.9
71.4
79.4333333333
81.7166666667
80.5666666667
83.9661016949
72.6333333333
81.9333333333
82.1166666667
85.85
74.8983050847
93.7
70.45
68.65
68.15
69.15
73.8813559322
80.2
68.5166666667
77.05
85.1
79.3666666667
80.2881355932
64.8666666667
77.4333333333
91.6666666667
80.8
77.5423728814
79.35
83.85
82.25
75.45
84.65
70.2711864407
90.9
86.1666666667
72.9833333333
75.3
70.6037735849
--END OF 9--
2.05
2.25
3.37288135593
4.0
1.56666666667
3.73333333333
3.78333333333
2.01666666667
4.27118644068
2.03333333333
4.66666666667
4.01666666667
1.3
2.1
3.98305084746
2.45
2.7
2.45
3.5
1.9
0.864406779661
1.91666666667
2.85
1.71666666667
3.78333333333
3.75
4.15254237288
1.38333333333
2.66666666667
3.2
2.18333333333
4.32203389831
4.2
2.25
1.8
1.95
2.2
5.10169491525
4.48333333333
2.15
8.1
2.75
5.01666666667
2.42372881356
5.4
1.38333333333
3.23333333333
3.7
6.64406779661
5.15
2.95
1.6
3.35
3.85
3.23728813559
6.15
5.25
4.63333333333
4.7
2.94339622642
--END OF 10--
0.85
1.1
0.135593220339
0.65
0.3
0.95
0.966666666667
0.6
1.42372881356
0.0
2.33333333333
2.0
0.166666666667
0.5
2.03389830508
1.0
0.5
0.35
0.65
0.5
0.28813559322
0.383333333333
1.63333333333
0.0
1.0
0.5
0.932203389831
0.583333333333
0.0
0.0
0.0
0.406779661017
0.6
1.0
0.0
1.0
0.2
0.966101694915
1.73333333333
0.116666666667
2.0
0.0
0.5
0.0
0.0
0.166666666667
0.333333333333
0.0166666666667
2.8813559322
2.1
0.55
0.5
0.95
0.55
0.949152542373
2.65
1.0
0.416666666667
0.0
0.471698113208
--END OF 11--
0.45
0.0
0.0
0.283333333333
0.216666666667
0.0
0.0
0.0
0.0
0.0
0.316666666667
0.183333333333
0.0
0.0
0.305084745763
0.2
0.5
0.0
0.0
0.0
0.28813559322
0.0166666666667
0.0
0.0
0.5
0.0
0.0
0.0
0.0
0.0
0.0
0.0
0.0
0.0
0.0
0.5
0.0
0.0
0.0
0.0
0.0
0.0
0.0
0.0
0.0
0.0
0.0
0.0
0.610169491525
1.85
0.05
0.5
0.0
0.0
0.0
1.0
0.0833333333333
0.416666666667
0.0
0.0566037735849
--END OF 12--
