13.35
13.4833333333
12.3050847458
12.2
12.1333333333
12.1833333333
10.8166666667
11.3166666667
12.6440677966
11.5
11.55
11.6
12.5666666667
12.5333333333
11.593220339
12.35
12.9
13.2
12.05
11.2033898305
11.0833333333
12.3166666667
12.1166666667
12.3666666667
13.7333333333
12.7627118644
12.4333333333
12.6666666667
12.3333333333
11.8166666667
11.593220339
12.35
11.9833333333
13.1166666667
11.5833333333
12.4915254237
12.3833333333
13.5833333333
13.2833333333
12.9666666667
11.0169491525
11.55
11.2833333333
12.0
11.8666666667
12.1525423729
12.6833333333
12.3
12.8166666667
12.5166666667
11.4406779661
12.65
12.0333333333
12.9833333333
12.85
12.6610169492
12.1
12.5166666667
13.0666666667
12.6037735849
--END OF 1--
17.5333333333
18.2
18.0847457627
16.8
16.6833333333
16.9333333333
15.3166666667
15.4166666667
16.6779661017
15.8666666667
16.4
16.7166666667
17.2
17.25
16.7288135593
17.4666666667
17.5333333333
17.05
16.0833333333
16.2881355932
14.9833333333
16.2166666667
16.9166666667
16.1166666667
17.6833333333
18.1694915254
18.1333333333
17.9166666667
16.3333333333
16.25
16.2711864407
17.4833333333
16.7833333333
17.9333333333
15.9333333333
17.1186440678
17.3166666667
18.5833333333
19.05
18.0666666667
14.7118644068
15.6833333333
15.95
15.75
17.2166666667
18.4745762712
18.4833333333
16.9833333333
16.6833333333
16.4
16.0847457627
17.55
16.9833333333
17.9333333333
17.45
16.9661016949
15.55
17.4
17.2333333333
17.5660377358
--END OF 2--
18.1
18.8833333333
18.5423728814
18.45
17.2833333333
17.6333333333
15.3166666667
17.0166666667
17.5762711864
16.4666666667
16.8
18.1166666667
18.3
18.0166666667
17.1525423729
18.35
17.9166666667
17.7
16.2833333333
16.2881355932
15.3833333333
16.8166666667
17.6166666667
17.1166666667
17.9833333333
18.8474576271
18.5166666667
18.7166666667
16.9833333333
16.9
16.5254237288
18.0
17.0166666667
17.9333333333
16.2833333333
17.1694915254
17.45
18.7333333333
19.9166666667
18.6166666667
15.406779661
16.5333333333
16.5666666667
16.2
17.9166666667
18.7457627119
19.2666666667
17.2333333333
16.8833333333
16.4
16.3898305085
17.65
17.2333333333
18.2833333333
17.7
17.6271186441
15.55
17.4333333333
17.55
18.1509433962
--END OF 3--
13.35
13.4833333333
12.3050847458
12.2
12.1333333333
12.1833333333
10.8166666667
11.3166666667
12.6440677966
11.5
11.55
11.6
12.5666666667
12.5333333333
11.593220339
12.35
12.9
13.2
12.05
11.2033898305
11.0833333333
12.3166666667
12.1166666667
12.3666666667
13.7333333333
12.7627118644
12.4333333333
12.6666666667
12.3333333333
11.8166666667
11.593220339
12.35
11.9833333333
13.1166666667
11.5833333333
12.4915254237
12.3833333333
13.5833333333
13.2833333333
12.9666666667
11.0169491525
11.55
11.2833333333
12.0
11.8666666667
12.1525423729
12.6833333333
12.3
12.8166666667
12.5166666667
11.4406779661
12.65
12.0333333333
12.9833333333
12.85
12.6610169492
12.1
12.5166666667
13.0666666667
12.6037735849
--END OF 4--
17.5333333333
18.2
18.0847457627
16.8
16.6833333333
16.9333333333
15.3166666667
15.4166666667
16.6779661017
15.8666666667
16.4
16.7166666667
17.2
17.25
16.7288135593
17.4666666667
17.5333333333
17.05
16.0833333333
16.2881355932
14.9833333333
16.2166666667
16.9166666667
16.1166666667
17.6833333333
18.1694915254
18.1333333333
17.9166666667
16.3333333333
16.25
16.2711864407
17.4833333333
16.7833333333
17.9333333333
15.9333333333
17.1186440678
17.3166666667
18.5833333333
19.05
18.0666666667
14.7118644068
15.6833333333
15.95
15.75
17.2166666667
18.4745762712
18.4833333333
16.9833333333
16.6833333333
16.4
16.0847457627
17.55
16.9833333333
17.9333333333
17.45
16.9661016949
15.55
17.4
17.2333333333
17.5660377358
--END OF 5--
18.1
18.8833333333
18.5423728814
18.45
17.2833333333
17.6333333333
15.3166666667
17.0166666667
17.5762711864
16.4666666667
16.8
18.1166666667
18.3
18.0166666667
17.1525423729
18.35
17.9166666667
17.7
16.2833333333
16.2881355932
15.3833333333
16.8166666667
17.6166666667
17.1166666667
17.9833333333
18.8474576271
18.5166666667
18.7166666667
16.9833333333
16.9
16.5254237288
18.0
17.0166666667
17.9333333333
16.2833333333
17.1694915254
17.45
18.7333333333
19.9166666667
18.6166666667
15.406779661
16.5333333333
16.5666666667
16.2
17.9166666667
18.7457627119
19.2666666667
17.2333333333
16.8833333333
16.4
16.3898305085
17.65
17.2333333333
18.2833333333
17.7
17.6271186441
15.55
17.4333333333
17.55
18.1509433962
--END OF 6--
2469.85
2520.65
2383.47457627
2305.2
2421.75
2352.6
2123.7
2115.45
2451.25423729
2164.4
2279.9
2289.55
2429.15
2360.1
2261.08474576
2389.0
2480.95
2406.05
2335.15
2293.98305085
2183.1
2383.05
2344.05
2253.75
2496.75
2359.27118644
2465.65
2428.75
2333.35
2316.55
2261.13559322
2352.4
2401.55
2464.2
2207.9
2290.37288136
2337.6
2482.65
2670.65
2479.65
2115.66101695
2167.7
2229.95
2203.2
2302.65
2387.33898305
2422.15
2348.4
2432.9
2332.45
2219.18644068
2383.05
2312.55
2405.7
2435.1
2458.83050847
2338.15
2379.85
2401.2
2384.09433962
--END OF 7--
689.4
703.45
670.711864407
652.1
650.65
661.65
602.4
597.35
687.016949153
606.833333333
634.783333333
648.783333333
675.483333333
670.233333333
644.745762712
663.033333333
695.15
672.516666667
639.3
640.661016949
599.25
671.05
662.45
632.1
706.5
659.779661017
679.583333333
676.1
657.7
637.566666667
624.677966102
655.133333333
668.633333333
694.033333333
618.033333333
653.0
658.683333333
706.55
741.25
702.9
587.355932203
611.75
605.783333333
627.033333333
652.216666667
662.423728814
674.866666667
650.533333333
674.4
645.683333333
637.966101695
670.4
641.95
669.5
686.95
676.118644068
650.05
664.45
670.666666667
669.698113208
--END OF 8--
102.75
108.883333333
119.508474576
104.4
93.55
89.9
84.85
92.5
101.372881356
92.2833333333
103.983333333
105.1
105.5
104.016666667
99.186440678
103.783333333
99.9
103.383333333
97.2666666667
100.694915254
90.5
84.25
118.95
92.05
102.2
106.440677966
111.933333333
114.383333333
91.4166666667
92.0333333333
95.1525423729
114.966666667
112.9
113.833333333
90.4666666667
104.610169492
105.683333333
108.0
119.533333333
99.3
80.2542372881
87.3666666667
99.4166666667
87.1833333333
100.3
110.983050847
103.533333333
103.65
91.0833333333
86.0
96.5254237288
97.55
107.35
112.5
107.4
101.508474576
88.9166666667
100.783333333
95.65
108.773584906
--END OF 9--
3.31666666667
3.91666666667
4.59322033898
5.8
6.0
5.15
2.95
5.25
2.08474576271
4.61666666667
4.93333333333
8.7
3.9
1.46666666667
3.61016949153
4.51666666667
2.46666666667
3.16666666667
1.91666666667
3.54237288136
2.35
2.75
3.95
3.65
2.35
7.16949152542
3.5
4.7
2.26666666667
3.16666666667
3.62711864407
4.4
2.48333333333
3.33333333333
3.4
3.15254237288
2.08333333333
2.1
4.51666666667
4.35
4.67796610169
6.86666666667
5.43333333333
3.51666666667
6.15
7.52542372881
7.86666666667
4.66666666667
2.53333333333
3.01666666667
2.84745762712
2.9
3.9
3.35
2.9
2.10169491525
2.33333333333
3.71666666667
1.51666666667
3.15094339623
--END OF 10--
0.566666666667
0.933333333333
0.474576271186
2.4
1.0
1.0
0.0
2.0
1.05084745763
0.6
0.5
1.8
1.63333333333
0.933333333333
0.372881355932
1.63333333333
0.733333333333
1.01666666667
0.483333333333
0.0
0.0
0.15
0.85
1.45
0.15
1.27118644068
0.683333333333
0.966666666667
1.13333333333
0.866666666667
0.322033898305
0.5
0.683333333333
0.0
0.5
0.101694915254
0.266666666667
0.15
1.26666666667
1.0
1.18644067797
0.916666666667
0.85
0.216666666667
1.0
0.338983050847
1.16666666667
0.5
0.5
0.0
0.35593220339
0.15
0.0
0.5
0.0
1.01694915254
0.0
0.0833333333333
0.416666666667
0.943396226415
--END OF 11--
0.0
0.0
0.372881355932
0.0
0.0
0.0
0.0
1.0
0.542372881356
0.466666666667
0.133333333333
0.366666666667
0.0
0.0
0.0
0.0
0.233333333333
0.5
0.0
0.0
0.0
0.0
0.5
0.5
0.0
0.0
0.0
0.5
0.0
0.0
0.0
0.0
0.0
0.0
0.0
0.0
0.0
0.0
0.0
0.35
0.152542372881
0.0
0.0
0.0
0.0
0.0
0.5
0.0
0.0
0.0
0.0
0.0
0.0
0.0
0.0
0.508474576271
0.0
0.0833333333333
0.416666666667
0.0
--END OF 12--
