13.2666666667
13.2
13.1
13.5833333333
13.3728813559
12.95
13.65
13.6
13.0333333333
13.9833333333
13.4666666667
12.406779661
13.65
12.7333333333
12.95
13.8
13.2711864407
13.7166666667
13.4833333333
13.3
12.9166666667
13.4
12.9491525424
14.0666666667
13.75
13.4
13.8833333333
13.8666666667
13.0847457627
14.45
12.85
13.45
12.35
12.6271186441
13.5
13.45
14.4833333333
14.15
12.7796610169
13.6666666667
14.3833333333
14.4166666667
13.2333333333
14.0333333333
12.3220338983
14.3666666667
13.6833333333
13.6333333333
13.45
13.7457627119
13.2666666667
13.45
13.5
14.35
14.2542372881
14.1
14.5666666667
14.0833333333
14.1166666667
14.7894736842
--END OF 1--
15.7666666667
15.7833333333
16.3166666667
16.0
16.7457627119
15.1166666667
16.45
16.15
16.2333333333
16.8833333333
16.9833333333
16.3559322034
17.0
15.65
16.25
17.35
16.9830508475
18.3166666667
16.5166666667
17.05
16.2333333333
16.5
15.9152542373
16.95
17.0
16.4833333333
16.3
16.9166666667
15.9830508475
17.75
15.6
17.05
16.6
15.6440677966
16.1833333333
17.0833333333
17.9
17.8166666667
16.3559322034
16.3833333333
18.0833333333
17.4666666667
16.25
18.2166666667
14.9661016949
17.1666666667
17.2333333333
15.7333333333
16.6
17.0508474576
16.1833333333
17.15
17.0666666667
17.3
17.3389830508
17.4
17.7833333333
18.5666666667
18.4
17.8947368421
--END OF 2--
16.4
15.8
16.4666666667
16.4
17.0169491525
16.25
16.95
16.35
16.5333333333
17.3333333333
17.0833333333
16.7627118644
17.35
16.0
16.65
17.5
17.4915254237
18.5666666667
17.2166666667
17.05
16.4666666667
16.9
15.9322033898
17.1
17.3
17.1833333333
16.9
17.4166666667
16.186440678
18.2
15.8
17.4
17.0
15.8983050847
16.1833333333
17.7666666667
18.1666666667
18.0166666667
17.1355932203
16.9666666667
18.0833333333
17.6833333333
16.5833333333
18.6666666667
15.5254237288
18.0166666667
18.9333333333
15.8333333333
16.8
17.7457627119
16.95
17.8333333333
17.4333333333
17.65
17.8983050847
17.4
18.3166666667
19.7666666667
18.9833333333
18.2807017544
--END OF 3--
13.2666666667
13.2
13.1
13.5833333333
13.3728813559
12.95
13.65
13.6
13.0333333333
13.9833333333
13.4666666667
12.406779661
13.65
12.7333333333
12.95
13.8
13.2711864407
13.7166666667
13.4833333333
13.3
12.9166666667
13.4
12.9491525424
14.0666666667
13.75
13.4
13.8833333333
13.8666666667
13.0847457627
14.45
12.85
13.45
12.35
12.6271186441
13.5
13.45
14.4833333333
14.15
12.7796610169
13.6666666667
14.3833333333
14.4166666667
13.2333333333
14.0333333333
12.3220338983
14.3666666667
13.6833333333
13.6333333333
13.45
13.7457627119
13.2666666667
13.45
13.5
14.35
14.2542372881
14.1
14.5666666667
14.0833333333
14.1166666667
14.7894736842
--END OF 4--
15.7666666667
15.7833333333
16.3166666667
16.0
16.7457627119
15.1166666667
16.45
16.15
16.2333333333
16.8833333333
16.9833333333
16.3559322034
17.0
15.65
16.25
17.35
16.9830508475
18.3166666667
16.5166666667
17.05
16.2333333333
16.5
15.9152542373
16.95
17.0
16.4833333333
16.3
16.9166666667
15.9830508475
17.75
15.6
17.05
16.6
15.6440677966
16.1833333333
17.0833333333
17.9
17.8166666667
16.3559322034
16.3833333333
18.0833333333
17.4666666667
16.25
18.2166666667
14.9661016949
17.1666666667
17.2333333333
15.7333333333
16.6
17.0508474576
16.1833333333
17.15
17.0666666667
17.3
17.3389830508
17.4
17.7833333333
18.5666666667
18.4
17.8947368421
--END OF 5--
16.4
15.8
16.4666666667
16.4
17.0169491525
16.25
16.95
16.35
16.5333333333
17.3333333333
17.0833333333
16.7627118644
17.35
16.0
16.65
17.5
17.4915254237
18.5666666667
17.2166666667
17.05
16.4666666667
16.9
15.9322033898
17.1
17.3
17.1833333333
16.9
17.4166666667
16.186440678
18.2
15.8
17.4
17.0
15.8983050847
16.1833333333
17.7666666667
18.1666666667
18.0166666667
17.1355932203
16.9666666667
18.0833333333
17.6833333333
16.5833333333
18.6666666667
15.5254237288
18.0166666667
18.9333333333
15.8333333333
16.8
17.7457627119
16.95
17.8333333333
17.4333333333
17.65
17.8983050847
17.4
18.3166666667
19.7666666667
18.9833333333
18.2807017544
--END OF 6--
2508.85
2543.4
2655.05
2632.3
2679.05084746
2557.1
2489.2
2488.95
2524.1
2588.2
2570.3
2491.83050847
2610.0
2401.0
2496.75
2649.9
2691.05084746
2705.55
2688.8
2629.75
2477.9
2616.65
2557.77966102
2604.9
2580.5
2593.1
2664.25
2565.75
2545.77966102
2654.7
2584.35
2664.6
2524.35
2535.25423729
2709.65
2672.7
2687.2
2679.7
2551.72881356
2674.35
2658.7
2695.8
2549.25
2697.8
2413.42372881
2742.0
2711.55
2550.15
2645.55
2676.66101695
2555.2
2606.0
2583.25
2612.2
2760.0
2727.3
2764.95
2662.45
2604.2
2756.84210526
--END OF 7--
697.716666667
681.416666667
707.4
715.216666667
719.169491525
701.033333333
710.433333333
698.433333333
680.866666667
716.033333333
698.216666667
670.627118644
716.2
662.266666667
675.9
728.0
726.372881356
738.216666667
726.55
723.55
687.7
714.05
697.186440678
718.65
716.633333333
715.866666667
733.483333333
720.466666667
698.440677966
746.5
710.0
730.15
710.1
698.050847458
740.583333333
715.833333333
754.566666667
739.6
705.677966102
708.4
735.8
750.016666667
706.266666667
753.333333333
657.576271186
756.5
755.4
715.4
715.05
720.118644068
705.266666667
722.283333333
715.583333333
732.166666667
746.881355932
744.2
754.5
744.6
725.283333333
760.140350877
--END OF 8--
73.3166666667
73.0833333333
72.8833333333
65.15
76.4576271186
70.2
76.4833333333
72.7666666667
74.2666666667
70.5166666667
79.0833333333
87.9322033898
72.25
67.55
69.0
76.5
87.6440677966
88.8666666667
80.5833333333
75.7
72.5833333333
75.4
69.6610169492
74.4166666667
71.1166666667
69.7
68.0333333333
80.7333333333
66.3898305085
82.25
72.65
86.75
82.3
72.8983050847
70.5
84.3333333333
73.9333333333
79.0
71.9152542373
75.55
97.1333333333
78.7333333333
68.3
88.7666666667
71.3389830508
76.6
83.75
65.25
80.15
78.2881355932
79.0333333333
89.8833333333
78.35
74.7
78.0169491525
69.25
89.3
100.683333333
96.1
77.0175438596
--END OF 9--
3.45
1.06666666667
2.01666666667
1.95
3.03389830508
2.3
3.25
1.66666666667
2.73333333333
3.05
2.36666666667
2.93220338983
2.6
4.06666666667
4.35
4.3
4.35593220339
6.03333333333
3.58333333333
2.0
2.05
2.73333333333
1.52542372881
1.58333333333
2.15
2.38333333333
1.08333333333
0.916666666667
1.42372881356
2.75
1.6
3.0
5.2
1.57627118644
0.5
2.26666666667
3.65
2.08333333333
3.06779661017
2.86666666667
2.58333333333
2.06666666667
1.83333333333
4.66666666667
2.71186440678
3.8
4.5
1.65
1.15
4.25423728814
3.01666666667
2.61666666667
1.66666666667
3.01666666667
3.79661016949
3.16666666667
1.15
4.2
4.9
2.10526315789
--END OF 10--
1.25
0.1
0.416666666667
0.5
0.118644067797
1.38333333333
0.5
0.5
0.5
0.5
0.166666666667
0.847457627119
0.5
0.166666666667
0.7
0.3
0.0
0.583333333333
0.916666666667
0.0
0.0
0.433333333333
0.0847457627119
0.483333333333
0.5
1.0
0.816666666667
0.683333333333
0.0
0.5
0.5
0.5
0.5
0.508474576271
0.0
0.433333333333
0.0666666666667
0.0
1.15254237288
0.366666666667
0.0
0.116666666667
0.383333333333
0.5
0.610169491525
1.0
2.4
0.0
0.0
1.05084745763
0.966666666667
0.916666666667
0.716666666667
0.5
0.508474576271
0.0
1.13333333333
1.3
0.566666666667
0.842105263158
--END OF 11--
0.0
0.0
0.0
0.0
0.118644067797
0.883333333333
0.0
0.0
0.0
0.5
0.0
0.508474576271
0.0
0.166666666667
0.0
0.0
0.0
0.0
0.0
0.0
0.0
0.0
0.0
0.0
0.0
0.5
0.5
0.0
0.0
0.0
0.0
0.0
0.5
0.0
0.0
0.433333333333
0.0666666666667
0.0
0.0
0.0
0.0
0.116666666667
0.383333333333
0.0
0.0
0.0
0.5
0.0
0.0
0.0
0.0
0.55
0.216666666667
0.5
0.0
0.0
0.0
0.433333333333
0.566666666667
0.0
--END OF 12--
