21.6949152542
21.7833333333
21.6833333333
22.7666666667
22.65
22.2
22.0666666667
23.3728813559
21.7833333333
22.65
22.15
21.75
22.8
21.7288135593
22.65
23.55
21.7666666667
22.6666666667
22.1833333333
21.7627118644
22.7833333333
22.9
22.6666666667
23.7
22.0166666667
22.5084745763
23.0833333333
21.5666666667
22.5833333333
22.5
21.3728813559
22.8333333333
22.2166666667
22.7
22.2333333333
23.0166666667
22.1016949153
22.2333333333
22.8166666667
21.7666666667
21.9166666667
21.4166666667
22.406779661
23.0
22.8666666667
22.3
23.4833333333
22.5254237288
23.3333333333
23.1333333333
23.2666666667
23.6833333333
22.6833333333
23.0677966102
22.1666666667
24.3166666667
23.2333333333
23.2333333333
23.15
22.7358490566
--END OF 1--
30.3389830508
30.3
30.7833333333
31.2833333333
31.9333333333
30.5333333333
30.3666666667
31.2711864407
31.7666666667
30.95
30.9
30.3
31.7
28.7627118644
30.6833333333
31.25
29.35
31.7833333333
30.5333333333
29.6610169492
31.8666666667
31.5333333333
31.65
32.3333333333
30.95
30.2372881356
32.2666666667
30.45
31.8333333333
32.0
29.7796610169
31.4333333333
31.8666666667
31.6166666667
30.2
29.95
31.9322033898
32.45
31.8166666667
31.0166666667
31.3333333333
31.1333333333
30.5084745763
30.6
31.4833333333
31.4666666667
32.2333333333
30.8813559322
31.7
31.1666666667
31.75
31.5333333333
31.5666666667
31.2033898305
32.0166666667
32.9833333333
33.05
32.5
31.5666666667
33.0188679245
--END OF 2--
31.1016949153
30.8833333333
32.6666666667
32.0833333333
33.0166666667
31.7166666667
31.2
32.0847457627
32.1166666667
31.35
31.6
31.1
33.4
29.406779661
31.7333333333
32.0833333333
30.7166666667
33.6
32.65
31.0169491525
33.7166666667
33.6833333333
32.6333333333
33.0166666667
31.65
31.9661016949
33.8166666667
31.7
32.3166666667
32.75
30.3389830508
32.7333333333
32.7166666667
32.4333333333
31.8666666667
30.9333333333
33.0677966102
33.3666666667
32.9666666667
32.0166666667
32.0
32.25
31.2372881356
31.75
32.8166666667
32.5833333333
33.9333333333
32.2033898305
32.8333333333
32.1833333333
32.9666666667
33.1666666667
32.2333333333
32.4406779661
33.35
34.9666666667
35.45
33.3333333333
32.5166666667
34.358490566
--END OF 3--
20.6949152542
20.8
20.7
21.5333333333
21.25
21.1833333333
21.0333333333
21.9152542373
20.7833333333
21.2
21.15
20.75
21.65
20.7288135593
21.65
22.0
20.9166666667
21.5166666667
21.1833333333
20.8644067797
21.6833333333
21.5833333333
21.4
21.9333333333
20.95
21.4576271186
21.5333333333
20.5333333333
21.2833333333
21.05
20.3220338983
21.3
21.05
21.45
21.2333333333
21.6333333333
20.8644067797
21.1166666667
21.4
20.5333333333
20.8666666667
20.4666666667
21.3220338983
21.6
21.65
21.1666666667
21.9333333333
21.5254237288
21.75
21.85
21.8166666667
21.8666666667
21.5833333333
21.7118644068
21.1166666667
22.2833333333
21.8833333333
21.9
21.75
21.3962264151
--END OF 4--
29.8644067797
29.9166666667
30.2666666667
30.5
30.7
29.9833333333
29.7666666667
30.3220338983
30.6166666667
30.05
30.05
29.9
30.75
28.5762711864
30.0666666667
30.5166666667
29.0333333333
30.8333333333
29.9833333333
29.6610169492
31.1
30.6
30.75
31.1333333333
30.0833333333
29.7457627119
31.0333333333
29.8833333333
30.8333333333
30.8
29.3220338983
30.5
30.8666666667
30.7
29.7
29.4666666667
30.8813559322
31.3166666667
30.7666666667
29.9666666667
30.6333333333
30.3833333333
30.0
29.9
30.7333333333
30.6
31.1833333333
30.0338983051
30.6166666667
30.4333333333
30.7333333333
30.5333333333
30.65
30.5084745763
30.9166666667
31.5166666667
31.6666666667
31.2333333333
30.8166666667
31.4339622642
--END OF 5--
31.1016949153
30.8833333333
32.6666666667
32.0833333333
33.0166666667
31.7166666667
31.2
32.0847457627
32.1166666667
31.35
31.6
31.1
33.4
29.406779661
31.7333333333
32.0833333333
30.7166666667
33.6
32.65
31.0169491525
33.7166666667
33.6833333333
32.6333333333
33.0166666667
31.65
31.9661016949
33.8166666667
31.7
32.3166666667
32.75
30.3389830508
32.7333333333
32.7166666667
32.4333333333
31.8666666667
30.9333333333
33.0677966102
33.3666666667
32.9666666667
32.0166666667
32.0
32.25
31.2372881356
31.75
32.8166666667
32.5833333333
33.9333333333
32.2033898305
32.8333333333
32.1833333333
32.9666666667
33.1666666667
32.2333333333
32.4406779661
33.35
34.9666666667
35.45
33.3333333333
32.5166666667
34.358490566
--END OF 6--
4062.55932203
3955.0
4065.2
4226.2
4224.1
4127.1
4150.15
4269.61016949
4166.1
4229.25
4188.95
4066.5
4047.75
4038.61016949
4081.05
4184.45
4106.1
4221.5
4202.85
3960.10169492
4185.6
4105.8
4138.65
4338.1
4063.5
4132.72881356
4373.5
4034.4
4196.0
4230.0
4034.6440678
4197.65
4205.1
4161.6
4143.0
4263.45
4225.27118644
4107.6
4239.7
4300.0
4100.55
3994.1
4057.27118644
4152.45
4208.6
4194.15
4261.2
4232.38983051
4281.65
4298.75
4234.2
4341.0
4306.8
4218.40677966
4122.65
4382.85
4255.4
4341.55
4271.35
4251.73584906
--END OF 7--
1117.33898305
1127.05
1129.33333333
1167.75
1186.35
1145.03333333
1144.15
1206.72881356
1164.18333333
1160.75
1171.25
1113.45
1150.8
1119.81355932
1139.55
1191.28333333
1129.05
1162.2
1147.23333333
1108.27118644
1160.46666667
1169.73333333
1160.95
1223.23333333
1137.81666667
1165.01694915
1213.05
1132.65
1177.31666667
1176.05
1127.93220339
1182.96666667
1171.61666667
1163.25
1148.58333333
1187.35
1188.0
1161.85
1180.41666667
1173.56666667
1152.5
1131.15
1148.01694915
1176.5
1175.01666667
1164.11666667
1191.2
1154.57627119
1186.83333333
1182.56666667
1197.31666667
1220.96666667
1191.85
1168.05084746
1152.28333333
1234.46666667
1188.43333333
1207.05
1187.9
1191.0754717
--END OF 8--
177.525423729
176.6
195.3
182.266666667
196.15
169.666666667
173.75
177.101694915
188.35
196.95
184.433333333
168.7
194.05
152.237288136
178.55
176.35
169.166666667
195.5
175.316666667
176.271186441
186.9
187.95
187.466666667
190.933333333
199.066666667
164.593220339
180.966666667
187.416666667
182.4
195.15
168.169491525
181.916666667
180.95
196.783333333
178.666666667
157.316666667
191.559322034
203.116666667
174.0
192.016666667
183.733333333
190.633333333
167.06779661
164.3
175.5
180.55
185.4
172.559322034
197.983333333
186.5
171.783333333
176.083333333
180.166666667
181.084745763
188.75
193.366666667
193.333333333
175.766666667
178.716666667
211.660377358
--END OF 9--
5.79661016949
7.36666666667
8.33333333333
4.01666666667
6.4
6.6
7.06666666667
4.33898305085
10.5166666667
5.3
5.3
13.1
8.8
3.61016949153
4.98333333333
4.76666666667
4.5
8.11666666667
8.88333333333
4.0
11.2333333333
9.48333333333
6.68333333333
7.61666666667
6.35
5.25423728814
10.9333333333
10.85
5.98333333333
6.55
7.03389830508
9.01666666667
9.43333333333
6.33333333333
6.73333333333
7.11666666667
7.91525423729
8.88333333333
11.6666666667
11.3
9.4
7.1
7.27118644068
5.45
7.68333333333
8.26666666667
11.2
7.47457627119
4.61666666667
5.98333333333
8.9
5.78333333333
6.08333333333
6.84745762712
13.2833333333
8.83333333333
13.65
9.38333333333
7.5
10.2830188679
--END OF 10--
1.16949152542
0.833333333333
2.33333333333
1.43333333333
1.3
1.46666666667
1.23333333333
1.42372881356
0.533333333333
0.5
0.75
0.85
2.15
0.694915254237
1.45
1.2
1.98333333333
3.13333333333
3.9
1.62711864407
3.05
3.68333333333
1.08333333333
0.916666666667
0.833333333333
2.28813559322
1.71666666667
1.53333333333
0.866666666667
1.05
0.64406779661
1.7
1.1
1.26666666667
2.31666666667
0.866666666667
1.8813559322
1.41666666667
1.61666666667
1.4
0.733333333333
1.5
1.18644067797
1.3
1.83333333333
1.35
2.65
1.8813559322
1.4
1.65
2.06666666667
1.98333333333
0.8
1.91525423729
1.75
2.26666666667
3.45
0.933333333333
1.11666666667
2.15094339623
--END OF 11--
0.728813559322
0.15
0.633333333333
0.5
0.266666666667
0.733333333333
0.5
0.508474576271
0.0
0.0
0.4
0.0
0.0
0.0
0.5
0.416666666667
0.716666666667
0.85
0.75
1.27118644068
0.516666666667
0.0
0.0
0.4
0.333333333333
0.457627118644
0.55
0.0
0.0
0.0
0.0
0.716666666667
0.283333333333
0.133333333333
0.7
0.0
0.0
0.3
0.5
0.5
0.0
0.0
0.0
0.25
0.25
0.15
0.25
0.322033898305
0.55
0.0
0.183333333333
0.7
0.116666666667
0.0
0.0
0.0
0.4
0.0
0.0
0.0
--END OF 12--
