13.1186440678
13.5333333333
13.4333333333
13.9666666667
14.5833333333
13.35
14.1186440678
13.8833333333
13.2666666667
14.1333333333
14.75
13.6166666667
14.3333333333
13.813559322
15.3833333333
14.2166666667
13.3166666667
12.6666666667
13.6610169492
14.35
13.2833333333
14.25
14.5833333333
14.85
14.4576271186
14.6333333333
13.5833333333
13.5
13.0666666667
14.593220339
14.1166666667
15.05
14.55
14.4666666667
14.2833333333
13.6271186441
13.8333333333
14.0
14.6
14.2833333333
14.0333333333
14.8644067797
14.4666666667
15.55
15.2333333333
14.55
14.45
14.5423728814
13.9166666667
13.9833333333
15.55
13.6666666667
14.8813559322
14.5833333333
14.3
14.6666666667
14.7833333333
15.05
15.6101694915
13.1132075472
--END OF 1--
18.8305084746
18.7833333333
17.4833333333
20.5166666667
19.3833333333
18.1
19.6610169492
18.8333333333
18.7666666667
19.0166666667
19.5
18.2333333333
19.1
18.406779661
20.1333333333
18.7166666667
19.35
18.3
17.0847457627
18.65
17.9333333333
18.15
19.2833333333
20.0
19.3050847458
20.65
19.1833333333
19.7333333333
17.6833333333
18.6949152542
18.9833333333
20.3833333333
18.8
19.8
20.15
18.186440678
19.4666666667
18.25
20.3833333333
20.2333333333
19.4833333333
20.3728813559
19.25
19.8
21.0
19.85
18.6833333333
19.4745762712
18.2
19.0666666667
21.1166666667
19.0
21.2542372881
20.2333333333
19.55
19.0166666667
20.3833333333
19.85
19.9491525424
16.9245283019
--END OF 2--
19.2372881356
18.8333333333
18.4333333333
20.9666666667
20.0833333333
18.35
21.1355932203
19.1666666667
19.65
19.0833333333
19.7333333333
18.3833333333
19.15
18.8644067797
20.4833333333
18.7166666667
19.35
19.1166666667
18.3389830508
18.95
18.1333333333
18.5
19.6333333333
20.05
20.5762711864
22.3666666667
19.9166666667
20.1333333333
18.5333333333
19.0338983051
19.4166666667
21.05
19.2333333333
20.55
21.0166666667
18.7627118644
20.65
18.75
21.5
20.4833333333
19.8333333333
20.4237288136
19.8333333333
20.3166666667
21.5833333333
21.4333333333
19.2
19.8983050847
19.95
19.5833333333
21.8
20.6666666667
21.7457627119
20.6833333333
20.25
19.0166666667
21.6833333333
20.85
20.186440678
17.3962264151
--END OF 3--
13.1186440678
13.5333333333
13.4333333333
13.9666666667
14.5833333333
13.35
14.1186440678
13.8833333333
13.2666666667
14.1333333333
14.75
13.6166666667
14.3333333333
13.813559322
15.3833333333
14.2166666667
13.3166666667
12.6666666667
13.6610169492
14.35
13.2833333333
14.25
14.5833333333
14.85
14.4576271186
14.6333333333
13.5833333333
13.5
13.0666666667
14.593220339
14.1166666667
15.05
14.55
14.4666666667
14.2833333333
13.6271186441
13.8333333333
14.0
14.6
14.2833333333
14.0333333333
14.8644067797
14.4666666667
15.55
15.2333333333
14.55
14.45
14.5423728814
13.9166666667
13.9833333333
15.55
13.6666666667
14.8813559322
14.5833333333
14.3
14.6666666667
14.7833333333
15.05
15.6101694915
13.1132075472
--END OF 4--
18.8305084746
18.7833333333
17.4833333333
20.5166666667
19.3833333333
18.1
19.6610169492
18.8333333333
18.7666666667
19.0166666667
19.5
18.2333333333
19.1
18.406779661
20.1333333333
18.7166666667
19.35
18.3
17.0847457627
18.65
17.9333333333
18.15
19.2833333333
20.0
19.3050847458
20.65
19.1833333333
19.7333333333
17.6833333333
18.6949152542
18.9833333333
20.3833333333
18.8
19.8
20.15
18.186440678
19.4666666667
18.25
20.3833333333
20.2333333333
19.4833333333
20.3728813559
19.25
19.8
21.0
19.85
18.6833333333
19.4745762712
18.2
19.0666666667
21.1166666667
19.0
21.2542372881
20.2333333333
19.55
19.0166666667
20.3833333333
19.85
19.9491525424
16.9245283019
--END OF 5--
19.2372881356
18.8333333333
18.4333333333
20.9666666667
20.0833333333
18.35
21.1355932203
19.1666666667
19.65
19.0833333333
19.7333333333
18.3833333333
19.15
18.8644067797
20.4833333333
18.7166666667
19.35
19.1166666667
18.3389830508
18.95
18.1333333333
18.5
19.6333333333
20.05
20.5762711864
22.3666666667
19.9166666667
20.1333333333
18.5333333333
19.0338983051
19.4166666667
21.05
19.2333333333
20.55
21.0166666667
18.7627118644
20.65
18.75
21.5
20.4833333333
19.8333333333
20.4237288136
19.8333333333
20.3166666667
21.5833333333
21.4333333333
19.2
19.8983050847
19.95
19.5833333333
21.8
20.6666666667
21.7457627119
20.6833333333
20.25
19.0166666667
21.6833333333
20.85
20.186440678
17.3962264151
--END OF 6--
2535.3559322
2520.45
2439.9
2689.2
2726.7
2533.5
2583.66101695
2464.55
2510.85
2616.3
2710.8
2523.05
2742.4
2643.96610169
2861.0
2638.05
2531.65
2476.55
2550.55932203
2668.35
2576.4
2599.8
2712.15
2792.25
2749.93220339
2755.95
2623.4
2723.95
2533.95
2700.66101695
2647.85
2784.85
2712.4
2675.95
2751.45
2643.30508475
2666.75
2611.65
2747.9
2814.15
2733.45
2751.81355932
2748.4
2810.4
2759.35
2682.85
2775.9
2724.0
2520.85
2636.7
2792.85
2732.15
2780.28813559
2810.7
2792.55
2744.25
2844.75
2790.3
2865.96610169
2473.47169811
--END OF 7--
704.254237288
709.85
698.25
758.75
754.4
700.45
740.813559322
708.333333333
708.016666667
741.683333333
759.1
696.633333333
767.85
732.118644068
800.35
740.833333333
721.333333333
706.566666667
696.677966102
751.35
717.85
728.0
750.95
777.6
764.762711864
772.483333333
736.083333333
748.466666667
690.733333333
752.898305085
742.6
787.516666667
755.85
754.266666667
763.883333333
734.050847458
730.233333333
720.0
774.133333333
771.1
744.3
777.661016949
772.083333333
784.616666667
781.083333333
753.5
775.5
757.491525424
714.366666667
730.85
786.85
745.983333333
776.847457627
775.95
776.45
772.65
813.75
779.0
793.542372881
688.169811321
--END OF 8--
110.830508475
110.85
94.1
115.1
114.4
101.1
111.06779661
118.366666667
99.8833333333
102.3
99.2
104.95
107.716666667
105.644067797
105.35
108.233333333
115.633333333
104.433333333
95.7457627119
98.5
99.75
96.7
105.05
118.7
107.813559322
128.883333333
125.35
113.183333333
101.25
100.271186441
110.133333333
107.783333333
99.25
123.733333333
125.2
92.9661016949
124.483333333
96.9
121.683333333
108.05
111.3
109.033898305
115.533333333
105.466666667
122.283333333
118.566666667
107.716666667
115.661016949
107.716666667
110.4
125.683333333
112.616666667
126.745762712
119.05
113.95
99.35
113.45
111.5
104.983050847
82.4905660377
--END OF 9--
7.66101694915
2.35
4.35
6.8
4.4
4.1
7.71186440678
5.45
7.16666666667
1.98333333333
3.31666666667
3.26666666667
1.51666666667
2.69491525424
3.38333333333
1.83333333333
6.03333333333
7.13333333333
4.57627118644
1.8
3.55
1.95
2.9
2.9
4.38983050847
7.83333333333
4.33333333333
5.46666666667
2.78333333333
2.25423728814
2.33333333333
4.08333333333
2.08333333333
3.11666666667
3.5
3.40677966102
5.11666666667
4.3
5.03333333333
5.3
5.05
5.67796610169
3.13333333333
2.91666666667
9.51666666667
7.36666666667
2.03333333333
1.81355932203
6.16666666667
3.88333333333
5.08333333333
7.55
7.01694915254
4.8
5.3
3.0
4.7
4.2
2.96610169492
3.05660377358
--END OF 10--
0.0
0.1
0.85
0.7
0.6
0.3
1.98305084746
0.0
1.18333333333
0.216666666667
0.0
0.166666666667
0.233333333333
0.779661016949
0.5
0.0
0.0
0.866666666667
1.10169491525
0.55
0.5
0.5
0.5
0.0
2.03389830508
1.41666666667
1.08333333333
0.6
1.3
0.728813559322
0.483333333333
0.5
0.266666666667
1.23333333333
1.48333333333
0.966101694915
2.3
0.9
1.75
0.45
0.45
0.0508474576271
1.0
0.5
0.266666666667
2.63333333333
0.766666666667
0.677966101695
2.31666666667
0.683333333333
1.26666666667
1.88333333333
1.03389830508
0.4
1.2
0.0
2.3
1.2
0.271186440678
0.471698113208
--END OF 11--
0.0
0.0
0.45
0.05
0.0
0.0
0.0
0.0
0.333333333333
0.0
0.0
0.0
0.0
0.508474576271
0.0
0.0
0.0
0.366666666667
0.135593220339
0.0
0.0
0.0
0.0
0.0
0.508474576271
0.583333333333
0.916666666667
0.0
0.5
0.0169491525424
0.483333333333
0.0
0.266666666667
0.733333333333
0.0
0.0
0.0
0.0
0.666666666667
0.2
0.0
0.0
0.0
0.0
0.0
0.5
0.0
0.0
0.316666666667
0.183333333333
0.0
0.5
0.0
0.0
0.0
0.0
0.0
0.5
0.0
0.0
--END OF 12--
