16.8833333333
17.15
17.2166666667
16.6333333333
16.0
17.6440677966
16.7
17.05
17.1333333333
16.7833333333
16.6
17.0169491525
17.3333333333
17.6166666667
17.4833333333
17.3333333333
17.2833333333
16.8305084746
17.5
17.0666666667
16.6833333333
17.3166666667
17.5593220339
17.25
18.3
17.95
17.8
18.0333333333
18.0677966102
17.6833333333
18.75
17.3166666667
18.8166666667
18.85
18.2033898305
17.8166666667
17.7833333333
16.9666666667
18.1333333333
17.2881355932
17.7
19.55
19.1666666667
19.1333333333
19.3833333333
19.0338983051
18.4
18.15
18.4333333333
17.8666666667
17.8983050847
18.35
17.85
17.1333333333
17.9333333333
18.2833333333
18.4745762712
17.6666666667
16.8833333333
17.3571428571
--END OF 1--
23.2833333333
22.1
23.2666666667
22.8
23.2333333333
24.6949152542
23.1166666667
22.9
23.0666666667
22.5
22.0833333333
23.8644067797
23.8833333333
23.3166666667
22.8333333333
23.5333333333
23.7833333333
24.2203389831
23.65
23.5333333333
24.7166666667
24.0833333333
24.1525423729
23.65
25.3333333333
24.2
24.3666666667
24.5166666667
24.4406779661
24.8833333333
25.25
23.5166666667
25.4166666667
25.15
26.1355932203
23.6
24.1
24.4166666667
24.6833333333
23.5254237288
24.9
25.0
25.3
25.4666666667
26.95
25.8644067797
24.75
24.8
25.1333333333
24.6333333333
25.0677966102
24.7666666667
22.35
22.2333333333
23.9833333333
24.8166666667
25.406779661
23.8333333333
23.8
24.4285714286
--END OF 2--
24.3333333333
23.5333333333
24.0
24.2166666667
24.85
26.3050847458
24.8
23.75
23.85
24.4166666667
22.7166666667
24.5254237288
25.6333333333
23.6666666667
23.6833333333
23.8833333333
24.6333333333
26.0847457627
24.9666666667
24.8
25.5833333333
24.6333333333
25.4915254237
24.7833333333
25.9833333333
24.8666666667
25.1666666667
26.0333333333
25.4745762712
25.6333333333
26.9
24.8166666667
27.4666666667
26.55
27.1016949153
24.8333333333
26.4
24.7833333333
24.7
24.0338983051
25.8
26.95
26.5
27.45
28.1166666667
26.6779661017
25.6
25.6
25.6833333333
25.2333333333
26.5084745763
25.9166666667
23.5
22.9
24.2
25.9
26.0677966102
24.6333333333
24.7666666667
25.5178571429
--END OF 3--
16.8833333333
17.15
17.2166666667
16.6333333333
16.0
17.6440677966
16.7
17.05
17.1333333333
16.7833333333
16.6
17.0169491525
17.3333333333
17.6166666667
17.4833333333
17.3333333333
17.2833333333
16.8305084746
17.5
17.0666666667
16.6833333333
17.3166666667
17.5593220339
17.25
18.3
17.95
17.8
18.0333333333
18.0677966102
17.6833333333
18.75
17.3166666667
18.8166666667
18.85
18.2033898305
17.8166666667
17.7833333333
16.9666666667
18.1333333333
17.2881355932
17.7
19.4
19.0666666667
19.1333333333
19.3333333333
19.0338983051
18.4
18.15
18.4333333333
17.8666666667
17.8983050847
18.35
17.85
17.1333333333
17.9333333333
18.2833333333
18.4745762712
17.6666666667
16.8833333333
17.3571428571
--END OF 4--
23.2833333333
22.1
23.2666666667
22.8
23.2333333333
24.6949152542
23.1166666667
22.9
23.0666666667
22.5
22.0833333333
23.8644067797
23.8833333333
23.3166666667
22.8333333333
23.5333333333
23.7833333333
24.2203389831
23.65
23.5333333333
24.7166666667
24.0833333333
24.1525423729
23.65
25.3333333333
24.2
24.3666666667
24.5166666667
24.4406779661
24.8833333333
25.25
23.5166666667
25.4166666667
25.15
26.1355932203
23.6
24.1
24.4166666667
24.6833333333
23.5254237288
24.9
25.0
25.3
25.4666666667
26.95
25.8644067797
24.75
24.8
25.1333333333
24.6333333333
25.0677966102
24.7666666667
22.35
22.2333333333
23.9833333333
24.8166666667
25.406779661
23.8333333333
23.8
24.4285714286
--END OF 5--
24.3333333333
23.5333333333
24.0
24.2166666667
24.85
26.3050847458
24.8
23.75
23.85
24.4166666667
22.7166666667
24.5254237288
25.6333333333
23.6666666667
23.6833333333
23.8833333333
24.6333333333
26.0847457627
24.9666666667
24.8
25.5833333333
24.6333333333
25.4915254237
24.7833333333
25.9833333333
24.8666666667
25.1666666667
26.0333333333
25.4745762712
25.6333333333
26.9
24.8166666667
27.4666666667
26.55
27.1016949153
24.8333333333
26.4
24.7833333333
24.7
24.0338983051
25.8
26.95
26.5
27.45
28.1166666667
26.6779661017
25.6
25.6
25.6833333333
25.2333333333
26.5084745763
25.9166666667
23.5
22.9
24.2
25.9
26.0677966102
24.6333333333
24.7666666667
25.5178571429
--END OF 6--
3268.85
3177.1
3218.4
3248.45
3149.95
3446.69491525
3293.65
3335.65
3309.9
3263.3
3327.45
3344.54237288
3324.45
3383.1
3297.45
3362.7
3254.85
3396.45762712
3293.9
3286.75
3404.4
3344.05
3388.77966102
3304.4
3542.8
3339.9
3416.45
3448.6
3369.81355932
3384.0
3505.65
3439.4
3553.8
3503.55
3386.38983051
3376.1
3424.2
3287.35
3441.2
3310.72881356
3440.4
3669.6
3545.5
3474.3
3638.9
3449.84745763
3464.4
3488.15
3444.3
3456.6
3431.84745763
3473.7
3289.45
3187.2
3419.15
3354.5
3405.0
3287.55
3261.95
3236.19642857
--END OF 7--
893.683333333
874.316666667
897.533333333
903.333333333
856.433333333
938.966101695
907.6
918.233333333
919.483333333
899.133333333
909.35
917.762711864
925.05
951.7
904.25
919.95
904.95
935.169491525
939.583333333
918.866666667
931.033333333
936.633333333
933.440677966
925.566666667
992.016666667
933.433333333
937.233333333
953.2
942.644067797
954.75
974.55
950.416666667
995.0
970.1
968.610169492
924.166666667
948.166666667
920.683333333
950.05
910.186440678
949.083333333
1001.41666667
990.616666667
987.116666667
1013.4
968.576271186
965.2
966.966666667
962.45
967.866666667
953.661016949
953.166666667
905.2
882.283333333
954.816666667
946.366666667
957.779661017
912.283333333
897.6
911.410714286
--END OF 8--
115.566666667
112.15
117.566666667
133.083333333
141.016666667
141.050847458
121.15
126.633333333
134.25
136.95
117.566666667
136.06779661
137.7
137.0
132.15
130.1
129.4
131.389830508
127.483333333
140.95
148.2
141.45
142.203389831
143.6
143.033333333
129.416666667
136.1
137.933333333
133.881355932
137.3
144.2
119.85
141.35
129.15
151.779661017
121.716666667
124.266666667
143.55
139.733333333
128.423728814
141.95
134.916666667
134.683333333
128.75
153.65
146.237288136
138.3
143.483333333
147.85
133.316666667
153.084745763
137.766666667
107.416666667
127.133333333
139.766666667
147.266666667
140.593220339
133.733333333
132.85
135.160714286
--END OF 9--
8.3
4.93333333333
8.88333333333
7.46666666667
10.6333333333
12.0338983051
12.2833333333
5.83333333333
3.16666666667
5.65
6.18333333333
6.5593220339
10.15
2.55
4.9
4.75
6.35
11.7796610169
7.26666666667
6.26666666667
7.88333333333
4.98333333333
5.84745762712
6.08333333333
5.35
7.01666666667
4.9
5.96666666667
5.47457627119
7.75
8.3
7.61666666667
8.25
7.7
6.98305084746
4.71666666667
9.9
7.65
3.3
3.86440677966
7.23333333333
5.86666666667
7.75
9.21666666667
9.31666666667
8.18644067797
4.25
5.33333333333
6.35
4.31666666667
5.25423728814
5.71666666667
3.66666666667
3.08333333333
4.78333333333
5.61666666667
6.52542372881
6.2
8.1
7.0
--END OF 10--
1.43333333333
1.63333333333
1.5
1.91666666667
1.51666666667
1.96610169492
2.03333333333
1.61666666667
0.916666666667
2.51666666667
1.05
1.13559322034
2.4
0.65
1.0
0.5
1.15
1.96610169492
1.25
1.61666666667
1.33333333333
0.5
1.62711864407
1.75
1.13333333333
0.866666666667
1.03333333333
1.6
1.23728813559
1.0
1.6
1.71666666667
2.9
1.9
1.1186440678
1.38333333333
3.05
0.566666666667
0.0
0.508474576271
1.26666666667
2.53333333333
1.7
3.06666666667
1.93333333333
0.406779661017
1.45
1.11666666667
0.5
0.666666666667
1.33898305085
1.98333333333
2.01666666667
1.06666666667
0.116666666667
1.68333333333
0.983050847458
1.48333333333
1.5
1.25
--END OF 11--
0.0
1.48333333333
0.35
0.25
0.416666666667
0.508474576271
0.0
0.166666666667
0.833333333333
0.0
0.0
0.440677966102
0.35
0.15
0.0
0.0
0.85
0.661016949153
0.0
0.366666666667
0.0
0.183333333333
0.694915254237
0.0
0.0
0.0
0.366666666667
0.8
0.338983050847
0.0
0.5
0.25
1.25
0.5
1.01694915254
1.0
0.5
0.5
0.0
0.0
0.633333333333
0.866666666667
0.0
1.5
0.0
0.0
0.0
0.633333333333
0.0
0.166666666667
0.694915254237
0.316666666667
0.0
0.0
0.0
0.0
0.0
0.0666666666667
0.4
0.0
--END OF 12--
