4.45
5.85
4.48333333333
5.25
5.38333333333
5.06779661017
5.03333333333
4.8
4.81666666667
5.11666666667
5.41666666667
5.0
4.85
4.65
4.86666666667
5.41666666667
5.33333333333
4.96610169492
5.1
5.08333333333
5.36666666667
5.35
5.42372881356
5.18333333333
5.35
5.71666666667
5.8
4.93333333333
4.74576271186
4.41666666667
5.31666666667
5.33333333333
5.25
4.63333333333
5.94915254237
5.48333333333
6.41666666667
5.88333333333
5.8
5.76271186441
5.53333333333
6.11666666667
4.81666666667
5.13333333333
5.75
4.13559322034
5.31666666667
4.56666666667
4.8
5.3
4.15
3.98305084746
4.96666666667
4.7
4.8
5.2
4.77966101695
5.13333333333
5.43333333333
4.10714285714
--END OF 1--
6.51666666667
7.38333333333
6.63333333333
7.03333333333
8.3
7.1186440678
6.53333333333
6.68333333333
6.25
6.18333333333
6.83333333333
6.08474576271
6.05
6.75
6.76666666667
6.46666666667
6.63333333333
7.06779661017
7.06666666667
7.43333333333
7.06666666667
7.53333333333
7.13559322034
7.25
7.46666666667
7.75
7.73333333333
6.66666666667
7.23728813559
5.66666666667
7.21666666667
7.23333333333
7.5
5.78333333333
7.13559322034
7.0
8.2
7.85
7.28333333333
7.35593220339
8.03333333333
8.1
6.21666666667
6.1
7.18333333333
5.74576271186
7.01666666667
6.46666666667
6.55
7.3
5.3
6.06779661017
6.48333333333
5.81666666667
6.08333333333
6.73333333333
6.67796610169
6.45
7.11666666667
5.625
--END OF 2--
7.1
7.65
6.63333333333
7.18333333333
8.5
8.49152542373
7.15
6.81666666667
6.25
6.55
7.01666666667
7.0
6.9
7.8
7.16666666667
6.46666666667
7.33333333333
7.30508474576
7.68333333333
7.96666666667
8.21666666667
7.85
7.49152542373
7.41666666667
8.35
7.75
7.95
7.15
7.69491525424
6.21666666667
7.41666666667
7.58333333333
7.65
5.93333333333
7.49152542373
7.0
8.81666666667
9.3
8.61666666667
7.45762711864
8.48333333333
8.56666666667
6.45
6.65
7.55
6.59322033898
7.56666666667
7.26666666667
8.3
7.8
5.7
6.61016949153
7.0
6.23333333333
6.91666666667
6.86666666667
7.15254237288
6.45
7.98333333333
5.94642857143
--END OF 3--
4.45
5.85
4.48333333333
5.25
5.38333333333
5.06779661017
5.03333333333
4.8
4.81666666667
5.11666666667
5.41666666667
5.0
4.85
4.65
4.86666666667
5.41666666667
5.33333333333
4.96610169492
5.1
5.08333333333
5.36666666667
5.35
5.42372881356
5.18333333333
5.35
5.71666666667
5.8
4.93333333333
4.74576271186
4.41666666667
5.31666666667
5.33333333333
5.25
4.63333333333
5.94915254237
5.48333333333
6.41666666667
5.88333333333
5.8
5.76271186441
5.53333333333
6.11666666667
4.81666666667
5.13333333333
5.75
4.13559322034
5.31666666667
4.56666666667
4.8
5.3
4.15
3.98305084746
4.96666666667
4.7
4.8
5.2
4.77966101695
5.13333333333
5.43333333333
4.10714285714
--END OF 4--
6.51666666667
7.38333333333
6.63333333333
7.03333333333
8.3
7.1186440678
6.53333333333
6.68333333333
6.25
6.18333333333
6.83333333333
6.08474576271
6.05
6.75
6.76666666667
6.46666666667
6.63333333333
7.06779661017
7.06666666667
7.43333333333
7.06666666667
7.53333333333
7.13559322034
7.25
7.46666666667
7.75
7.73333333333
6.66666666667
7.23728813559
5.66666666667
7.21666666667
7.23333333333
7.5
5.78333333333
7.13559322034
7.0
8.2
7.85
7.28333333333
7.35593220339
8.03333333333
8.1
6.21666666667
6.1
7.18333333333
5.74576271186
7.01666666667
6.46666666667
6.55
7.3
5.3
6.06779661017
6.48333333333
5.81666666667
6.08333333333
6.73333333333
6.67796610169
6.45
7.11666666667
5.625
--END OF 5--
7.1
7.65
6.63333333333
7.18333333333
8.5
8.49152542373
7.15
6.81666666667
6.25
6.55
7.01666666667
7.0
6.9
7.8
7.16666666667
6.46666666667
7.33333333333
7.30508474576
7.68333333333
7.96666666667
8.21666666667
7.85
7.49152542373
7.41666666667
8.35
7.75
7.95
7.15
7.69491525424
6.21666666667
7.41666666667
7.58333333333
7.65
5.93333333333
7.49152542373
7.0
8.81666666667
9.3
8.61666666667
7.45762711864
8.48333333333
8.56666666667
6.45
6.65
7.55
6.59322033898
7.56666666667
7.26666666667
8.3
7.8
5.7
6.61016949153
7.0
6.23333333333
6.91666666667
6.86666666667
7.15254237288
6.45
7.98333333333
5.94642857143
--END OF 6--
1075.75
1221.3
1131.85
1120.7
1226.25
1107.30508475
1146.45
1072.55
1093.35
1130.3
1175.9
1064.23728814
1073.85
1046.25
1110.15
1195.5
1160.1
1105.6779661
1130.1
1126.5
1159.55
1189.6
1189.6779661
1155.6
1236.45
1225.8
1304.15
1105.6
1184.94915254
1123.5
1152.0
1201.05
1229.55
1062.3
1281.91525424
1099.25
1322.45
1241.15
1266.55
1240.62711864
1283.95
1344.95
1098.15
1146.9
1182.0
1084.22033898
1152.0
1120.05
1012.65
1062.15
977.7
1012.42372881
1194.1
1093.55
1127.6
1118.75
1093.47457627
1086.55
1118.1
939.482142857
--END OF 7--
301.1
342.516666667
317.083333333
312.083333333
329.4
308.86440678
321.0
283.733333333
299.683333333
309.083333333
316.466666667
291.372881356
287.45
290.8
304.3
326.0
316.55
307.93220339
312.166666667
313.133333333
320.45
323.5
316.084745763
316.966666667
338.266666667
340.55
351.416666667
297.85
325.627118644
311.95
316.95
315.0
330.55
287.6
346.271186441
318.733333333
360.1
334.05
335.266666667
330.966101695
351.0
368.266666667
299.883333333
314.766666667
334.283333333
303.813559322
315.55
299.15
280.95
308.4
264.65
273.661016949
328.3
303.616666667
301.45
305.9
293.677966102
298.35
310.383333333
261.071428571
--END OF 8--
38.0166666667
36.2833333333
34.25
35.7833333333
40.9
42.7627118644
35.1833333333
36.2333333333
32.8333333333
35.15
34.4
26.7457627119
28.05
35.0
38.45
28.85
34.6
45.5254237288
33.9833333333
44.4166666667
37.9666666667
40.0
41.0169491525
42.8333333333
43.3
41.5333333333
41.8166666667
38.55
43.2881355932
28.3
42.0
42.1
42.9
31.7
32.0169491525
33.8833333333
33.7166666667
33.3833333333
29.2166666667
41.2033898305
47.6833333333
42.9666666667
41.3666666667
33.4833333333
37.4666666667
31.1016949153
37.0
32.65
37.15
35.3
21.95
40.9152542373
33.8333333333
30.85
31.7666666667
32.1
34.7966101695
27.1166666667
33.5333333333
32.1607142857
--END OF 9--
2.41666666667
0.866666666667
2.93333333333
2.18333333333
5.8
4.54237288136
1.5
2.68333333333
1.5
0.416666666667
0.9
1.45762711864
1.65
4.95
2.85
0.3
2.1
0.966101694915
3.95
3.98333333333
3.71666666667
2.98333333333
1.33898305085
1.71666666667
3.3
1.3
2.43333333333
1.98333333333
3.8813559322
1.45
1.6
2.5
1.85
1.15
0.898305084746
2.01666666667
1.41666666667
6.0
4.13333333333
2.1186440678
3.15
1.61666666667
1.66666666667
1.75
2.33333333333
2.79661016949
3.5
2.85
4.85
3.3
1.1
2.22033898305
2.61666666667
1.53333333333
2.5
0.633333333333
2.08474576271
1.0
3.63333333333
2.03571428571
--END OF 10--
0.833333333333
0.166666666667
0.0
0.0
0.0
2.35593220339
1.26666666667
0.416666666667
0.0
0.416666666667
0.583333333333
1.27118644068
1.45
1.3
0.5
0.0
1.1
0.440677966102
0.466666666667
0.55
1.8
0.283333333333
0.508474576271
0.216666666667
1.65
0.133333333333
0.416666666667
0.583333333333
0.508474576271
1.0
0.5
0.35
0.15
0.0
0.491525423729
0.0166666666667
1.08333333333
2.23333333333
1.86666666667
0.322033898305
0.916666666667
0.8
0.283333333333
0.5
0.266666666667
1.25423728814
0.55
1.0
2.4
1.05
0.5
0.949152542373
1.05
0.583333333333
0.933333333333
0.133333333333
0.372881355932
0.0
1.58333333333
0.535714285714
--END OF 11--
0.5
0.0
0.0
0.0
0.0
0.508474576271
0.0
0.0
0.0
0.416666666667
0.0833333333333
0.762711864407
0.4
0.35
0.0
0.0
0.5
0.0338983050847
0.466666666667
0.2
0.0
0.0
0.0
0.0
0.5
0.0
0.0
0.5
0.508474576271
0.5
0.0
0.0
0.0
0.0
0.0
0.0
0.0
0.0
0.0
0.0
0.0
0.0
0.0
0.0
0.0
0.508474576271
0.05
1.0
0.95
0.0
0.0
0.0
0.0
0.0
0.0
0.0
0.0
0.0
0.0
0.0
--END OF 12--
