10.1666666667
12.0677966102
12.0333333333
10.9666666667
11.4833333333
11.5333333333
11.75
10.8983050847
10.75
11.3333333333
11.7333333333
11.9833333333
11.5166666667
11.9322033898
11.7666666667
11.8333333333
11.7166666667
11.4333333333
11.1525423729
11.9333333333
11.8
12.05
12.8833333333
11.8333333333
10.8983050847
11.8333333333
11.3
12.6333333333
12.5
11.813559322
11.75
11.95
12.25
10.8666666667
12.05
12.2203389831
12.6
12.6666666667
12.0833333333
12.2333333333
11.5423728814
12.2333333333
11.9666666667
12.8833333333
12.2666666667
11.4406779661
12.1166666667
12.05
11.7666666667
12.4
12.0169491525
12.05
12.8
12.65
11.8666666667
11.8305084746
12.2833333333
11.8666666667
11.9833333333
11.5438596491
--END OF 1--
14.5166666667
14.7118644068
15.9833333333
15.4166666667
15.6833333333
15.4333333333
16.7
15.1525423729
14.9
15.3666666667
15.5666666667
15.4333333333
15.3
16.6440677966
16.4666666667
15.55
15.85
14.6833333333
15.1525423729
15.6833333333
16.4
15.85
17.5333333333
15.5333333333
15.2203389831
15.8833333333
15.3333333333
17.45
17.1
15.813559322
15.9333333333
16.9833333333
15.95
15.0333333333
16.1666666667
16.2542372881
18.35
16.9
16.2666666667
16.9333333333
14.6949152542
16.3333333333
16.7
17.6166666667
17.6
15.4915254237
16.7833333333
16.9333333333
14.5833333333
17.2
16.7118644068
16.25
17.1
18.05
16.1166666667
17.0169491525
17.0
15.8166666667
16.2666666667
14.5789473684
--END OF 2--
14.8166666667
15.1186440678
17.1333333333
16.7666666667
16.5833333333
16.8333333333
18.3
16.1355932203
15.9166666667
15.6833333333
16.2833333333
17.7166666667
15.8
16.8474576271
17.1166666667
16.6666666667
16.1833333333
14.8333333333
15.7118644068
17.1333333333
17.15
16.2833333333
17.5333333333
16.2333333333
16.8813559322
16.05
15.4166666667
17.8166666667
17.8333333333
15.8813559322
16.3
17.8333333333
16.6
15.6333333333
16.6
16.7118644068
18.5
17.6833333333
17.2
16.9333333333
14.7288135593
17.4333333333
16.7166666667
18.1
18.3666666667
15.9491525424
17.2333333333
16.9833333333
15.0166666667
18.1333333333
17.5254237288
18.05
17.6
19.7
17.1166666667
18.8813559322
17.7166666667
16.6666666667
16.7666666667
15.3157894737
--END OF 3--
10.1666666667
12.0677966102
12.0333333333
10.9666666667
11.4833333333
11.5333333333
11.75
10.8983050847
10.75
11.3333333333
11.7333333333
11.9833333333
11.5166666667
11.9322033898
11.7666666667
11.8333333333
11.7166666667
11.4333333333
11.1525423729
11.9333333333
11.8
12.05
12.8833333333
11.8333333333
10.8983050847
11.8333333333
11.3
12.6333333333
12.5
11.813559322
11.75
11.95
12.25
10.8666666667
12.05
12.2203389831
12.6
12.6666666667
12.0833333333
12.2333333333
11.5423728814
12.2333333333
11.9666666667
12.8833333333
12.2666666667
11.4406779661
12.1166666667
12.05
11.7666666667
12.4
12.0169491525
12.05
12.8
12.65
11.8666666667
11.8305084746
12.2833333333
11.8666666667
11.9833333333
11.5438596491
--END OF 4--
14.5166666667
14.7118644068
15.9833333333
15.4166666667
15.6833333333
15.4333333333
16.7
15.1525423729
14.9
15.3666666667
15.5666666667
15.4333333333
15.3
16.6440677966
16.4666666667
15.55
15.85
14.6833333333
15.1525423729
15.6833333333
16.4
15.85
17.5333333333
15.5333333333
15.2203389831
15.8833333333
15.3333333333
17.45
17.1
15.813559322
15.9333333333
16.9833333333
15.95
15.0333333333
16.1666666667
16.2542372881
18.35
16.9
16.2666666667
16.9333333333
14.6949152542
16.3333333333
16.7
17.6166666667
17.6
15.4915254237
16.7833333333
16.9333333333
14.5833333333
17.2
16.7118644068
16.25
17.1
18.05
16.1166666667
17.0169491525
17.0
15.8166666667
16.2666666667
14.5789473684
--END OF 5--
14.8166666667
15.1186440678
17.1333333333
16.7666666667
16.5833333333
16.8333333333
18.3
16.1355932203
15.9166666667
15.6833333333
16.2833333333
17.7166666667
15.8
16.8474576271
17.1166666667
16.6666666667
16.1833333333
14.8333333333
15.7118644068
17.1333333333
17.15
16.2833333333
17.5333333333
16.2333333333
16.8813559322
16.05
15.4166666667
17.8166666667
17.8333333333
15.8813559322
16.3
17.8333333333
16.6
15.6333333333
16.6
16.7118644068
18.5
17.6833333333
17.2
16.9333333333
14.7288135593
17.4333333333
16.7166666667
18.1
18.3666666667
15.9491525424
17.2333333333
16.9833333333
15.0166666667
18.1333333333
17.5254237288
18.05
17.6
19.7
17.1166666667
18.8813559322
17.7166666667
16.6666666667
16.7666666667
15.3157894737
--END OF 6--
2065.0
2227.93220339
2303.4
2131.05
2193.75
2268.75
2300.7
2222.89830508
2178.05
2267.65
2254.25
2307.6
2257.45
2295.20338983
2281.1
2363.5
2202.85
2169.15
2265.81355932
2308.5
2295.9
2420.6
2479.35
2218.95
2267.84745763
2277.5
2272.2
2379.25
2356.55
2252.69491525
2343.25
2342.25
2347.1
2268.15
2278.05
2312.69491525
2421.3
2376.95
2394.3
2286.95
2254.72881356
2348.15
2301.8
2552.6
2372.85
2234.89830508
2276.8
2394.05
2300.7
2351.35
2317.27118644
2329.65
2322.6
2524.8
2242.8
2373.86440678
2308.8
2305.5
2383.6
2234.94736842
--END OF 7--
571.2
621.966101695
641.6
599.75
622.25
620.75
644.4
599.101694915
587.633333333
627.683333333
624.7
643.066666667
612.783333333
640.423728814
623.733333333
640.366666667
629.983333333
600.25
618.542372881
643.75
643.65
649.783333333
698.5
616.55
629.559322034
638.75
603.15
669.366666667
658.133333333
621.93220339
633.633333333
659.2
651.566666667
624.866666667
644.816666667
640.86440678
676.4
665.1
656.1
641.516666667
619.220338983
649.583333333
649.666666667
707.433333333
652.133333333
619.423728814
638.766666667
665.233333333
633.383333333
659.0
640.728813559
637.65
662.45
715.3
628.75
647.881355932
661.266666667
636.9
665.266666667
611.894736842
--END OF 8--
94.6833333333
72.7966101695
90.65
94.9
101.45
95.55
90.65
87.0169491525
86.5
84.7
86.2166666667
85.35
82.95
93.593220339
82.4666666667
84.5833333333
83.1333333333
82.7333333333
75.8813559322
89.1
99.7
86.6166666667
88.3
86.15
90.7796610169
79.7333333333
80.3666666667
97.4666666667
102.95
83.593220339
82.2
82.8
81.1333333333
82.7166666667
81.6
83.406779661
102.05
93.7833333333
97.4
104.55
76.1355932203
90.8166666667
98.8
99.75
108.866666667
79.4745762712
84.3833333333
100.733333333
68.0166666667
91.8666666667
85.186440678
80.65
96.3
103.85
97.6
105.050847458
86.5
79.9333333333
85.0666666667
80.5263157895
--END OF 9--
3.53333333333
2.37288135593
5.0
6.9
3.6
4.3
8.1
4.54237288136
4.88333333333
2.98333333333
4.01666666667
6.05
3.11666666667
3.91525423729
7.63333333333
4.28333333333
4.38333333333
2.41666666667
3.98305084746
4.65
4.25
2.18333333333
2.85
3.8
4.62711864407
4.61666666667
4.26666666667
4.71666666667
2.91666666667
3.16949152542
3.38333333333
8.28333333333
4.45
4.65
3.28333333333
2.71186440678
5.25
4.03333333333
4.41666666667
4.56666666667
0.593220338983
5.38333333333
3.2
4.55
6.71666666667
2.77966101695
7.38333333333
1.15
2.06666666667
6.86666666667
6.0
9.05
5.45
6.35
4.15
6.79661016949
6.3
4.05
4.25
2.61403508772
--END OF 10--
0.333333333333
0.762711864407
1.4
2.1
1.15
2.1
3.1
1.18644067797
1.11666666667
0.616666666667
0.683333333333
3.48333333333
0.833333333333
0.508474576271
0.9
1.11666666667
0.483333333333
0.5
0.508474576271
1.7
1.25
0.716666666667
0.05
0.9
2.32203389831
0.266666666667
0.183333333333
0.316666666667
0.5
0.0
0.416666666667
1.06666666667
0.883333333333
0.4
0.4
0.847457627119
0.0
1.36666666667
1.06666666667
0.0
0.0338983050847
1.45
0.0166666666667
0.866666666667
1.13333333333
0.508474576271
0.5
0.0
0.7
1.03333333333
1.06779661017
2.3
0.65
2.0
0.5
2.77966101695
1.08333333333
1.61666666667
0.7
1.22807017544
--END OF 11--
0.0
0.0
0.0
0.0
0.0
0.5
0.0
0.0
0.883333333333
0.116666666667
0.0
0.333333333333
0.166666666667
0.0
0.0
0.0
0.0
0.0
0.0
1.0
0.0
0.0
0.0
0.45
0.0508474576271
0.0
0.0
0.0
0.5
0.0
0.0
0.0
0.0
0.266666666667
0.233333333333
0.0
0.0
0.3
0.4
0.0
0.0
0.0
0.0
0.133333333333
0.366666666667
0.0
0.5
0.0
0.0666666666667
0.233333333333
0.508474576271
0.85
0.15
1.0
0.5
0.237288135593
0.266666666667
0.0
0.0
0.0
--END OF 12--
