17.55
16.8644067797
16.8833333333
17.3833333333
16.4333333333
16.6833333333
18.1333333333
16.7166666667
16.6779661017
16.25
16.85
15.85
15.15
15.65
14.7118644068
15.2833333333
15.4166666667
15.9166666667
13.9666666667
13.6779661017
14.95
14.6666666667
13.95
14.1666666667
14.9166666667
14.6271186441
13.9833333333
13.8333333333
13.7833333333
13.3666666667
13.3220338983
14.6333333333
14.2333333333
12.7333333333
14.1333333333
13.3166666667
13.8644067797
14.0666666667
13.4166666667
13.3333333333
14.7333333333
14.6440677966
13.75
13.8166666667
13.6333333333
13.9833333333
12.9666666667
13.6271186441
13.2166666667
13.85
13.4333333333
12.7833333333
13.4745762712
13.15
12.2333333333
13.8833333333
13.85
12.6271186441
12.55
18.9655172414
--END OF 1--
23.9666666667
22.1694915254
22.6833333333
22.9333333333
22.55
22.5666666667
23.3666666667
22.8166666667
20.9491525424
21.4166666667
23.5333333333
22.2166666667
22.2
20.75
19.6779661017
19.5166666667
20.9
20.6333333333
19.05
17.8474576271
20.5333333333
19.3166666667
18.4333333333
20.0
19.4333333333
18.6779661017
19.0333333333
18.7333333333
18.2833333333
18.5166666667
17.0847457627
18.7166666667
17.9333333333
17.6666666667
18.0
17.1
17.8644067797
19.4833333333
17.3166666667
17.7
18.2333333333
18.5423728814
17.5
18.0666666667
17.5333333333
17.4833333333
15.7666666667
17.2372881356
16.2333333333
16.6166666667
17.4
16.8
17.3728813559
17.1833333333
16.7
17.4666666667
18.0833333333
17.1525423729
16.7
24.0
--END OF 2--
25.3166666667
22.7457627119
23.5833333333
24.0333333333
23.5666666667
23.0833333333
24.15
25.0333333333
21.3050847458
22.0666666667
24.2
23.1833333333
22.6
20.95
19.9830508475
20.5333333333
23.0166666667
21.3833333333
20.0
18.6949152542
21.0166666667
20.0666666667
19.1833333333
20.5333333333
19.7333333333
18.9830508475
20.0666666667
19.4833333333
18.8333333333
18.5166666667
17.6271186441
18.8833333333
18.1333333333
18.0166666667
18.8333333333
17.45
18.6101694915
20.2166666667
17.3666666667
18.1666666667
18.5166666667
19.0508474576
18.4
19.8166666667
18.5333333333
18.4333333333
16.5666666667
17.4745762712
17.4
16.8666666667
18.55
17.85
17.9491525424
17.25
17.8833333333
17.8833333333
18.2666666667
17.6440677966
17.4
25.4137931034
--END OF 3--
17.55
16.8644067797
16.8833333333
17.3833333333
16.4333333333
16.6833333333
18.1333333333
16.7166666667
16.6779661017
16.25
16.85
15.85
15.15
15.65
14.7118644068
15.2833333333
15.4166666667
15.9166666667
13.9666666667
13.6779661017
14.95
14.6666666667
13.95
14.1666666667
14.9166666667
14.6271186441
13.9833333333
13.8333333333
13.7833333333
13.3666666667
13.3220338983
14.6333333333
14.2333333333
12.7333333333
14.1333333333
13.3166666667
13.8644067797
14.0666666667
13.4166666667
13.3333333333
14.7333333333
14.6440677966
13.75
13.8166666667
13.6333333333
13.9833333333
12.9666666667
13.6271186441
13.2166666667
13.85
13.4333333333
12.7833333333
13.4745762712
13.15
12.2333333333
13.8833333333
13.85
12.6271186441
12.55
18.9655172414
--END OF 4--
23.9666666667
22.1694915254
22.6833333333
22.9333333333
22.55
22.5666666667
23.3666666667
22.8166666667
20.9491525424
21.4166666667
23.5333333333
22.2166666667
22.2
20.75
19.6779661017
19.5166666667
20.9
20.6333333333
19.05
17.8474576271
20.5333333333
19.3166666667
18.4333333333
20.0
19.4333333333
18.6779661017
19.0333333333
18.7333333333
18.2833333333
18.5166666667
17.0847457627
18.7166666667
17.9333333333
17.6666666667
18.0
17.1
17.8644067797
19.4833333333
17.3166666667
17.7
18.2333333333
18.5423728814
17.5
18.0666666667
17.5333333333
17.4833333333
15.7666666667
17.2372881356
16.2333333333
16.6166666667
17.4
16.8
17.3728813559
17.1833333333
16.7
17.4666666667
18.0833333333
17.1525423729
16.7
24.0
--END OF 5--
25.3166666667
22.7457627119
23.5833333333
24.0333333333
23.5666666667
23.0833333333
24.15
25.0333333333
21.3050847458
22.0666666667
24.2
23.1833333333
22.6
20.95
19.9830508475
20.5333333333
23.0166666667
21.3833333333
20.0
18.6949152542
21.0166666667
20.0666666667
19.1833333333
20.5333333333
19.7333333333
18.9830508475
20.0666666667
19.4833333333
18.8333333333
18.5166666667
17.6271186441
18.8833333333
18.1333333333
18.0166666667
18.8333333333
17.45
18.6101694915
20.2166666667
17.3666666667
18.1666666667
18.5166666667
19.0508474576
18.4
19.8166666667
18.5333333333
18.4333333333
16.5666666667
17.4745762712
17.4
16.8666666667
18.55
17.85
17.9491525424
17.25
17.8833333333
17.8833333333
18.2666666667
17.6440677966
17.4
25.4137931034
--END OF 6--
3303.0
3204.50847458
3184.8
3321.2
3135.7
3115.4
3354.8
3249.3
3147.40677966
3149.7
3265.45
3035.1
2956.2
3041.7
2897.49152542
2915.75
3022.0
3050.65
2815.8
2736.96610169
2981.05
2856.8
2705.2
2777.65
2810.05
2646.15254237
2714.45
2691.35
2717.1
2644.05
2553.15254237
2784.95
2742.7
2704.6
2718.9
2624.05
2682.61016949
2794.5
2496.65
2661.85
2785.15
2881.6779661
2667.3
2671.8
2649.45
2780.55
2450.1
2679.66101695
2562.45
2699.15
2626.35
2596.5
2680.52542373
2712.3
2587.15
2607.1
2655.6
2512.72881356
2603.7
3546.87931034
--END OF 7--
927.35
896.406779661
904.216666667
916.4
858.366666667
868.583333333
927.9
902.266666667
855.118644068
870.2
906.483333333
842.283333333
810.95
819.8
787.169491525
805.6
823.233333333
817.566666667
788.483333333
747.203389831
813.333333333
782.683333333
750.8
774.816666667
789.516666667
741.440677966
749.316666667
741.883333333
734.4
728.75
704.254237288
764.933333333
757.683333333
728.733333333
750.366666667
702.216666667
748.271186441
761.483333333
694.933333333
733.616666667
764.333333333
769.440677966
727.8
743.5
740.55
753.4
676.7
727.508474576
706.266666667
724.116666667
717.766666667
703.783333333
743.288135593
735.166666667
700.8
716.7
739.9
695.593220339
707.85
970.775862069
--END OF 8--
120.183333333
106.220338983
118.616666667
119.8
114.916666667
105.983333333
116.216666667
118.783333333
97.4745762712
110.15
134.4
122.083333333
114.6
111.05
92.0
95.05
115.816666667
110.833333333
100.95
89.5762711864
101.966666667
104.066666667
108.983333333
116.4
87.5666666667
86.9491525424
106.683333333
95.7166666667
85.9
98.45
86.5423728814
94.8333333333
87.9833333333
98.1
81.9333333333
87.6666666667
91.5254237288
108.483333333
97.9333333333
95.8
92.8166666667
85.7627118644
87.5
90.75
81.95
90.3
74.1
84.2203389831
75.4166666667
74.35
90.55
81.5833333333
82.3898305085
93.7333333333
83.5666666667
81.3166666667
86.25
95.7457627119
79.15
123.137931034
--END OF 9--
8.93333333333
6.08474576271
7.95
6.01666666667
9.6
9.71666666667
6.53333333333
10.2666666667
3.01694915254
3.93333333333
4.7
8.61666666667
8.4
3.45
6.03389830508
4.91666666667
9.16666666667
3.91666666667
4.13333333333
3.23728813559
4.83333333333
5.58333333333
2.68333333333
4.56666666667
6.76666666667
4.01694915254
6.06666666667
5.65
3.05
3.45
3.62711864407
2.65
3.13333333333
3.53333333333
4.98333333333
5.21666666667
3.54237288136
3.35
4.43333333333
2.9
2.13333333333
3.98305084746
4.6
5.75
4.05
4.8
2.85
3.52542372881
3.95
2.18333333333
3.98333333333
4.86666666667
4.91525423729
2.6
4.3
4.11666666667
2.4
3.08474576271
2.9
5.01724137931
--END OF 10--
2.85
1.01694915254
0.5
0.716666666667
1.33333333333
0.95
0.8
3.2
0.762711864407
0.833333333333
1.03333333333
1.18333333333
0.5
0.1
0.406779661017
1.25
1.85
0.883333333333
1.11666666667
1.08474576271
0.933333333333
0.5
0.816666666667
0.683333333333
0.0
0.508474576271
1.85
1.3
0.65
0.0
0.898305084746
0.116666666667
0.333333333333
0.166666666667
0.783333333333
0.3
0.491525423729
1.35
0.0833333333333
0.633333333333
0.366666666667
0.966101694915
1.4
2.6
1.25
0.8
1.0
0.0338983050847
1.46666666667
0.0
1.36666666667
0.933333333333
0.508474576271
0.183333333333
2.31666666667
0.316666666667
0.183333333333
0.474576271186
0.55
1.94827586207
--END OF 11--
0.0
0.0
0.5
0.0
0.0666666666667
0.433333333333
0.0
1.0
0.0
0.333333333333
0.35
0.283333333333
0.0
0.0
0.0
0.0
0.4
0.883333333333
1.11666666667
0.508474576271
0.0
0.5
0.316666666667
0.283333333333
0.0
0.0
0.0
0.0
0.5
0.0
0.389830508475
0.116666666667
0.0
0.0
0.5
0.0
0.0
0.0
0.0
0.166666666667
0.333333333333
0.0
0.0
0.45
0.1
0.45
0.0
0.0
0.0
0.0
0.0
0.4
0.508474576271
0.0
0.0
0.316666666667
0.183333333333
0.474576271186
0.0
0.0
--END OF 12--
