9.66666666667
9.4406779661
9.83333333333
10.6333333333
9.68333333333
10.45
9.4
10.3166666667
9.50847457627
9.71666666667
9.36666666667
10.1166666667
9.93333333333
10.05
9.27118644068
9.45
9.56666666667
10.0166666667
11.2333333333
9.78333333333
9.4406779661
9.46666666667
9.15
9.96666666667
9.95
9.76271186441
9.93333333333
9.71666666667
9.5
9.95
9.25
9.98305084746
9.98333333333
9.2
9.28333333333
10.9333333333
8.83333333333
9.30508474576
9.85
10.05
10.3833333333
8.95
9.52542372881
9.08333333333
10.1166666667
10.0166666667
9.56666666667
9.63333333333
9.54237288136
9.05
9.23333333333
9.91666666667
10.4
9.41666666667
8.83050847458
9.18333333333
9.76666666667
10.45
9.95
11.1034482759
--END OF 1--
13.55
12.7288135593
13.0833333333
14.1833333333
12.9833333333
13.95
13.65
14.3166666667
12.9491525424
14.05
12.7833333333
14.5833333333
14.5
13.8833333333
13.1016949153
12.4833333333
13.2333333333
13.8333333333
15.5666666667
13.4166666667
13.0508474576
13.2666666667
12.2
13.8666666667
14.3
13.5762711864
14.4166666667
14.2333333333
14.7666666667
12.8166666667
12.8833333333
13.8813559322
14.4833333333
13.0333333333
13.6
14.7166666667
12.7
12.8983050847
14.1
14.75
13.0333333333
12.35
13.7288135593
12.3
13.1166666667
13.2166666667
13.3166666667
13.6666666667
13.1186440678
12.1
14.1333333333
14.5833333333
13.7833333333
12.65
12.4406779661
13.2333333333
14.6166666667
14.4
13.95
14.7068965517
--END OF 2--
13.95
13.0338983051
13.1333333333
14.1833333333
13.4833333333
14.2
14.4
14.4166666667
13.5084745763
14.75
13.3
15.9166666667
15.2833333333
14.15
13.5254237288
13.6166666667
13.8333333333
14.7166666667
16.9333333333
13.7166666667
13.8644067797
13.2666666667
12.6
15.0666666667
14.6
13.9152542373
14.6166666667
14.8333333333
15.4
13.6333333333
13.0833333333
13.9830508475
15.2
13.4166666667
14.05
15.0166666667
13.2
13.406779661
14.7
15.7
14.1833333333
13.45
14.2372881356
13.2333333333
13.7833333333
13.4666666667
13.5166666667
14.55
13.2372881356
12.2166666667
14.7
15.3166666667
14.0333333333
13.6
12.5423728814
15.1833333333
15.6666666667
14.55
14.55
14.7586206897
--END OF 3--
9.66666666667
9.4406779661
9.83333333333
10.6333333333
9.68333333333
10.45
9.4
10.3166666667
9.50847457627
9.71666666667
9.36666666667
10.1166666667
9.93333333333
10.05
9.27118644068
9.45
9.56666666667
10.0166666667
11.2333333333
9.78333333333
9.4406779661
9.46666666667
9.15
9.96666666667
9.95
9.76271186441
9.93333333333
9.71666666667
9.5
9.95
9.25
9.98305084746
9.98333333333
9.2
9.28333333333
10.9333333333
8.83333333333
9.30508474576
9.85
10.05
10.3833333333
8.95
9.52542372881
9.08333333333
10.1166666667
10.0166666667
9.56666666667
9.63333333333
9.54237288136
9.05
9.23333333333
9.91666666667
10.4
9.41666666667
8.83050847458
9.18333333333
9.76666666667
10.45
9.95
11.1034482759
--END OF 4--
13.55
12.7288135593
13.0833333333
14.1833333333
12.9833333333
13.95
13.65
14.3166666667
12.9491525424
14.05
12.7833333333
14.5833333333
14.5
13.8833333333
13.1016949153
12.4833333333
13.2333333333
13.8333333333
15.5666666667
13.4166666667
13.0508474576
13.2666666667
12.2
13.8666666667
14.3
13.5762711864
14.4166666667
14.2333333333
14.7666666667
12.8166666667
12.8833333333
13.8813559322
14.4833333333
13.0333333333
13.6
14.7166666667
12.7
12.8983050847
14.1
14.75
13.0333333333
12.35
13.7288135593
12.3
13.1166666667
13.2166666667
13.3166666667
13.6666666667
13.1186440678
12.1
14.1333333333
14.5833333333
13.7833333333
12.65
12.4406779661
13.2333333333
14.6166666667
14.4
13.95
14.7068965517
--END OF 5--
13.95
13.0338983051
13.1333333333
14.1833333333
13.4833333333
14.2
14.4
14.4166666667
13.5084745763
14.75
13.3
15.9166666667
15.2833333333
14.15
13.5254237288
13.6166666667
13.8333333333
14.7166666667
16.9333333333
13.7166666667
13.8644067797
13.2666666667
12.6
15.0666666667
14.6
13.9152542373
14.6166666667
14.8333333333
15.4
13.6333333333
13.0833333333
13.9830508475
15.2
13.4166666667
14.05
15.0166666667
13.2
13.406779661
14.7
15.7
14.1833333333
13.45
14.2372881356
13.2333333333
13.7833333333
13.4666666667
13.5166666667
14.55
13.2372881356
12.2166666667
14.7
15.3166666667
14.0333333333
13.6
12.5423728814
15.1833333333
15.6666666667
14.55
14.55
14.7586206897
--END OF 6--
1856.95
1896.20338983
1933.8
2041.8
1892.4
1984.35
1822.5
2041.8
1893.0
1881.95
1855.3
1938.75
1910.15
1979.05
1833.25423729
1782.4
1863.1
1978.55
2106.25
1930.3
1925.59322034
1994.1
1909.05
1951.35
1919.55
1816.88135593
1943.9
1962.95
2008.4
1966.6
1926.15
1980.25423729
1895.6
1902.85
1874.05
2028.2
1772.2
1839.91525424
1878.75
1946.55
1964.25
1971.45
1986.10169492
1868.8
1859.65
1936.05
1897.45
1960.25
1901.89830508
1838.2
1906.4
2020.65
1928.9
1863.2
1806.25423729
1811.7
1986.75
2011.05
1944.75
2076.62068966
--END OF 7--
530.15
505.86440678
527.65
566.35
517.6
557.5
510.75
562.55
521.152542373
519.7
505.55
544.416666667
550.133333333
546.3
506.06779661
502.85
520.266666667
539.416666667
595.183333333
541.366666667
548.406779661
539.1
518.55
548.35
535.5
513.457627119
536.8
552.65
569.983333333
541.216666667
532.916666667
543.745762712
540.016666667
517.966666667
523.683333333
569.95
493.183333333
503.983050847
528.7
544.5
540.5
522.15
553.745762712
517.983333333
524.083333333
533.533333333
521.65
540.633333333
526.491525424
494.6
528.35
566.883333333
546.716666667
508.3
507.271186441
522.0
547.4
556.05
546.05
581.137931034
--END OF 8--
84.7833333333
77.5423728814
71.05
79.6
77.2
76.4
92.9
90.15
76.8983050847
95.65
87.05
84.8666666667
93.8
76.1166666667
86.0338983051
77.1333333333
78.4
89.0166666667
93.9166666667
80.7
81.1355932203
76.7
70.3
79.0
86.75
96.5084745763
84.0666666667
81.4666666667
92.8333333333
67.8333333333
72.9333333333
72.2372881356
90.0166666667
73.9333333333
83.3833333333
81.1
77.8833333333
69.0677966102
82.25
99.2
70.55
73.65
86.1016949153
67.3166666667
75.5
75.3833333333
79.05
75.2
83.5423728814
71.6666666667
84.85
94.7833333333
80.4833333333
77.5666666667
64.6101694915
79.9
89.0
85.95
77.4
77.4482758621
--END OF 9--
2.33333333333
2.52542372881
3.5
2.6
1.75
2.2
4.25
2.45
3.67796610169
3.36666666667
1.88333333333
8.31666666667
4.1
4.03333333333
3.27118644068
3.58333333333
2.63333333333
4.01666666667
6.11666666667
3.6
2.15254237288
1.35
0.95
3.25
4.0
2.64406779661
3.51666666667
5.5
4.43333333333
2.63333333333
2.98333333333
4.23728813559
5.25
4.63333333333
4.0
2.98333333333
3.41666666667
3.86440677966
7.05
4.35
4.85
2.5
4.61016949153
4.3
2.48333333333
2.25
2.48333333333
3.43333333333
3.1186440678
0.816666666667
5.3
4.28333333333
2.13333333333
3.01666666667
2.40677966102
6.45
7.2
1.65
5.15
1.1724137931
--END OF 10--
0.166666666667
0.338983050847
0.0
0.0
0.5
0.35
1.65
0.2
0.305084745763
1.0
0.6
2.4
0.633333333333
0.366666666667
0.423728813559
0.583333333333
1.0
1.6
1.46666666667
0.433333333333
1.01694915254
0.0
0.3
1.8
0.4
0.491525423729
0.25
0.8
1.08333333333
0.583333333333
0.233333333333
0.271186440678
0.716666666667
0.783333333333
1.0
0.5
0.5
0.508474576271
0.9
1.3
1.75
1.75
0.949152542373
1.2
0.9
0.35
0.416666666667
1.56666666667
0.440677966102
0.0
0.8
0.866666666667
0.316666666667
1.85
0.542372881356
2.75
1.55
0.0
0.5
0.155172413793
--END OF 11--
0.0
0.0
0.0
0.0
0.5
0.0
0.0
0.0
0.0
0.0
0.5
0.0
0.5
0.0
0.0
0.0
0.0
0.0
0.0
0.0
0.508474576271
0.0
0.0
0.0
0.0
0.0
0.0
0.0
0.183333333333
0.316666666667
0.0
0.0
0.5
0.0
0.0
0.0
0.0
0.0
0.1
0.8
0.1
0.5
0.0
0.833333333333
0.9
0.266666666667
0.0
0.0
0.0
0.0
0.166666666667
0.0
0.0
0.0
0.0
0.15
0.35
0.0
0.5
0.0
--END OF 12--
