16.9830508475
16.45
17.8333333333
15.7833333333
16.55
16.3166666667
16.0169491525
16.5
16.1333333333
17.1
17.15
16.5
17.4576271186
18.0333333333
17.3
16.4166666667
16.7333333333
16.6666666667
17.1016949153
17.35
16.7166666667
17.6666666667
17.0666666667
16.9152542373
16.15
16.7333333333
16.1333333333
17.4833333333
17.2881355932
16.8833333333
16.25
16.6
16.9166666667
16.7288135593
18.45
17.2333333333
16.5333333333
16.55
16.8305084746
16.0
16.85
16.1
16.3
15.5166666667
17.3559322034
17.3333333333
16.7666666667
17.3333333333
17.2666666667
16.4745762712
16.9666666667
16.5
17.0
15.8666666667
16.7627118644
16.9666666667
17.0666666667
15.9666666667
16.0
17.7368421053
--END OF 1--
24.1525423729
22.65
25.3
23.2166666667
23.4666666667
23.3
22.7966101695
23.2166666667
23.45
24.0333333333
23.6666666667
23.9
25.186440678
25.2833333333
23.65
22.7666666667
23.9333333333
23.7666666667
23.813559322
23.5333333333
24.3
24.6
24.9833333333
23.7457627119
21.4833333333
22.8833333333
24.3166666667
23.9166666667
25.6440677966
25.2
23.0
22.35
24.8666666667
23.7288135593
26.6666666667
24.8
22.4666666667
22.8
23.3728813559
22.0333333333
23.3
22.7666666667
22.8833333333
23.15
24.7966101695
24.3333333333
24.7
24.3333333333
23.8166666667
24.2881355932
23.6
25.2333333333
23.6666666667
23.65
23.0508474576
25.2833333333
23.0333333333
23.3333333333
24.4666666667
23.7368421053
--END OF 2--
25.4745762712
23.5333333333
26.0666666667
23.9833333333
24.45
24.4333333333
23.1525423729
23.9833333333
24.3
24.5833333333
25.0166666667
24.9166666667
26.4406779661
26.2333333333
23.8
23.6166666667
25.0833333333
24.4666666667
24.1186440678
24.6
25.2333333333
25.2
26.4666666667
24.0508474576
22.2333333333
23.9166666667
25.8833333333
24.8
26.3559322034
26.2
23.65
23.4
25.9666666667
25.2203389831
27.8166666667
25.6166666667
23.8166666667
23.2333333333
23.8474576271
22.85
25.1
23.5833333333
23.8
23.9
25.8474576271
24.8333333333
25.3833333333
24.85
25.9
25.0169491525
24.1
25.7833333333
24.15
24.95
24.0338983051
25.5333333333
23.95
23.6333333333
25.8333333333
23.9473684211
--END OF 3--
16.9830508475
16.45
17.8333333333
15.7833333333
16.55
16.3166666667
16.0169491525
16.5
16.1333333333
17.1
17.15
16.5
17.4576271186
18.0333333333
17.3
16.4166666667
16.7333333333
16.6666666667
17.1016949153
17.35
16.7166666667
17.6666666667
17.0666666667
16.9152542373
16.15
16.7333333333
16.1333333333
17.4833333333
17.2881355932
16.8833333333
16.25
16.6
16.9166666667
16.7288135593
18.45
17.2333333333
16.5333333333
16.55
16.8305084746
16.0
16.85
16.1
16.3
15.5166666667
17.3559322034
17.3333333333
16.7666666667
17.3333333333
17.2666666667
16.4745762712
16.9666666667
16.5
17.0
15.8666666667
16.7627118644
16.9666666667
17.0666666667
15.9666666667
16.0
17.7368421053
--END OF 4--
24.1525423729
22.65
25.3
23.2166666667
23.4666666667
23.3
22.7966101695
23.2166666667
23.45
24.0333333333
23.6666666667
23.9
25.186440678
25.2833333333
23.65
22.7666666667
23.9333333333
23.7666666667
23.813559322
23.5333333333
24.3
24.6
24.9833333333
23.7457627119
21.4833333333
22.8833333333
24.3166666667
23.9166666667
25.6440677966
25.2
23.0
22.35
24.8666666667
23.7288135593
26.6666666667
24.8
22.4666666667
22.8
23.3728813559
22.0333333333
23.3
22.7666666667
22.8833333333
23.15
24.7966101695
24.3333333333
24.7
24.3333333333
23.8166666667
24.2881355932
23.6
25.2333333333
23.6666666667
23.65
23.0508474576
25.2833333333
23.0333333333
23.3333333333
24.4666666667
23.7368421053
--END OF 5--
25.4745762712
23.5333333333
26.0666666667
23.9833333333
24.45
24.4333333333
23.1525423729
23.9833333333
24.3
24.5833333333
25.0166666667
24.9166666667
26.4406779661
26.2333333333
23.8
23.6166666667
25.0833333333
24.4666666667
24.1186440678
24.6
25.2333333333
25.2
26.4666666667
24.0508474576
22.2333333333
23.9166666667
25.8833333333
24.8
26.3559322034
26.2
23.65
23.4
25.9666666667
25.2203389831
27.8166666667
25.6166666667
23.8166666667
23.2333333333
23.8474576271
22.85
25.1
23.5833333333
23.8
23.9
25.8474576271
24.8333333333
25.3833333333
24.85
25.9
25.0169491525
24.1
25.7833333333
24.15
24.95
24.0338983051
25.5333333333
23.95
23.6333333333
25.8333333333
23.9473684211
--END OF 6--
3102.76271186
3093.75
3272.2
2960.65
3074.75
3077.5
2955.20338983
3089.4
3118.05
3183.9
3105.65
3149.15
3236.44067797
3417.9
3311.85
3212.25
3175.05
3150.75
3236.28813559
3204.9
3129.25
3198.45
3181.25
3136.62711864
3072.8
3040.7
3027.8
3126.3
3270.05084746
3130.8
3079.65
3151.05
3250.5
3158.49152542
3443.2
3242.3
3030.2
2979.4
3127.16949153
2935.1
3111.5
3113.45
3000.85
2997.15
3188.38983051
3310.2
3174.75
3175.85
3262.95
3208.98305085
3288.2
3125.5
3236.6
2998.95
3077.28813559
3223.6
3081.4
3095.45
3151.5
3137.36842105
--END OF 7--
869.694915254
857.85
923.883333333
832.233333333
861.283333333
860.433333333
841.169491525
868.483333333
870.016666667
898.766666667
885.2
861.316666667
905.898305085
941.45
922.95
877.6
900.25
895.1
904.406779661
892.0
881.316666667
915.066666667
889.233333333
870.779661017
855.516666667
868.833333333
865.5
888.233333333
914.389830508
898.9
873.6
869.45
894.5
882.508474576
966.0
897.166666667
851.566666667
856.4
890.152542373
830.366666667
874.683333333
865.583333333
847.416666667
826.133333333
903.457627119
925.45
878.216666667
898.333333333
894.383333333
905.203389831
908.85
887.366666667
903.116666667
835.616666667
865.305084746
906.0
871.283333333
860.95
895.533333333
881.368421053
--END OF 8--
156.0
120.833333333
157.25
146.433333333
150.75
148.55
148.694915254
145.633333333
155.533333333
141.133333333
137.8
141.933333333
161.423728814
157.7
141.4
142.75
136.65
147.15
151.152542373
139.316666667
151.95
158.35
155.4
141.050847458
119.183333333
141.266666667
148.316666667
134.6
151.389830508
159.016666667
134.95
130.7
168.5
147.186440678
176.216666667
153.566666667
141.433333333
144.783333333
134.305084746
131.083333333
144.566666667
148.466666667
143.516666667
138.416666667
139.881355932
134.3
147.466666667
151.066666667
141.833333333
154.576271186
140.8
151.65
142.716666667
143.75
136.440677966
155.333333333
137.233333333
131.516666667
154.95
147.894736842
--END OF 9--
6.05084745763
5.2
4.7
6.2
5.56666666667
5.26666666667
4.69491525424
6.1
6.2
5.36666666667
6.76666666667
10.5833333333
7.20338983051
4.1
3.1
6.45
6.15
6.05
3.35593220339
7.96666666667
5.81666666667
2.98333333333
6.25
5.98305084746
3.03333333333
6.33333333333
8.35
5.33333333333
11.8305084746
7.9
4.7
4.1
6.1
6.62711864407
5.98333333333
5.48333333333
5.76666666667
3.46666666667
5.35593220339
3.93333333333
7.46666666667
6.48333333333
4.96666666667
10.3833333333
8.5593220339
7.4
6.1
3.51666666667
6.76666666667
6.18644067797
5.3
11.1
4.28333333333
9.58333333333
4.67796610169
4.4
7.05
7.73333333333
9.9
4.31578947368
--END OF 10--
1.37288135593
0.833333333333
0.85
0.616666666667
1.43333333333
1.51666666667
0.525423728814
0.933333333333
1.55
0.9
1.96666666667
1.15
1.96610169492
1.3
0.3
0.8
1.55
0.65
0.322033898305
1.43333333333
1.0
1.01666666667
2.3
0.372881355932
1.41666666667
0.9
3.23333333333
1.11666666667
0.508474576271
1.35
1.15
1.9
2.2
2.06779661017
1.15
1.31666666667
2.0
0.383333333333
0.627118644068
1.18333333333
2.7
0.833333333333
0.716666666667
0.516666666667
2.06779661017
0.5
0.966666666667
0.916666666667
3.25
1.1186440678
0.116666666667
0.5
0.616666666667
2.0
0.898305084746
0.266666666667
1.65
0.4
1.86666666667
0.473684210526
--END OF 11--
1.01694915254
0.5
0.333333333333
0.0666666666667
0.0
0.5
0.0
0.5
0.0
0.0
0.0166666666667
0.483333333333
0.271186440678
0.0
0.0
0.0
0.0
0.5
0.0
0.0
0.0
0.0
0.0
0.0
0.0
0.0
0.5
0.0
0.0
0.65
0.15
0.5
0.05
0.966101694915
0.0
0.0
0.5
0.0
0.508474576271
0.183333333333
0.816666666667
0.216666666667
0.716666666667
0.0
0.508474576271
0.0
0.45
0.05
0.7
0.271186440678
0.0
0.0
0.183333333333
0.55
0.779661016949
0.0
0.5
0.0
0.0
0.0
--END OF 12--
