16.0333333333
16.1694915254
16.95
16.6
16.3
16.0
16.6
16.35
16.6779661017
15.5
16.3666666667
16.65
16.1333333333
17.05
15.6779661017
15.7333333333
15.9833333333
16.3666666667
15.8666666667
15.8813559322
16.5333333333
16.8333333333
16.0833333333
16.15
16.0833333333
16.0169491525
16.5666666667
15.1666666667
16.35
16.0666666667
16.9666666667
16.6101694915
16.1
16.1666666667
16.3166666667
16.9333333333
15.4745762712
16.7833333333
16.4666666667
16.4666666667
15.7
16.9
15.6949152542
15.9166666667
16.7333333333
16.1333333333
13.8166666667
14.7966101695
15.4333333333
15.7666666667
15.8166666667
15.9666666667
15.9333333333
15.7796610169
16.0166666667
15.7166666667
15.6833333333
14.3333333333
15.6666666667
14.6724137931
--END OF 1--
21.7
21.3220338983
23.5
22.85
22.15
22.2
22.6
22.25
21.4745762712
22.55
20.6
21.1
21.75
23.5333333333
22.3050847458
21.3333333333
21.4666666667
21.15
20.8
21.8813559322
21.95
22.8833333333
22.9833333333
20.85
21.6333333333
21.9830508475
20.7666666667
20.4166666667
21.8166666667
20.8833333333
21.7
22.1694915254
21.7833333333
21.5333333333
22.3666666667
23.25
20.2372881356
22.4333333333
22.3666666667
23.0166666667
20.85
22.8
21.1694915254
20.9333333333
22.1833333333
21.6333333333
19.3166666667
20.9830508475
22.45
21.8833333333
21.5666666667
21.9833333333
22.2333333333
22.7796610169
21.7166666667
21.3666666667
20.9833333333
20.1833333333
21.7166666667
19.8620689655
--END OF 2--
22.15
21.7796610169
24.4
24.6
23.1
22.2
22.9
23.55
21.9322033898
23.1333333333
21.25
23.0166666667
22.6666666667
25.1666666667
22.406779661
22.35
22.9833333333
21.5166666667
21.7
21.8813559322
23.1
23.5833333333
24.2333333333
22.45
22.9333333333
22.4745762712
21.15
20.8333333333
22.7833333333
22.4333333333
22.3833333333
22.6440677966
22.8333333333
22.3
23.2333333333
25.1333333333
20.2881355932
23.7333333333
22.6666666667
24.0166666667
22.0
23.65
21.7457627119
21.5
22.3833333333
22.4333333333
19.5166666667
22.3389830508
23.1333333333
22.5
22.2166666667
23.2
22.8333333333
23.0338983051
22.1166666667
21.5666666667
21.7333333333
21.3333333333
21.9666666667
20.8448275862
--END OF 3--
16.0333333333
16.1694915254
16.95
16.6
16.3
16.0
16.6
16.35
16.6779661017
15.5
16.3666666667
16.65
16.1333333333
17.05
15.6779661017
15.7333333333
15.9833333333
16.3666666667
15.8666666667
15.8813559322
16.5333333333
16.8333333333
16.0833333333
16.15
16.0833333333
16.0169491525
16.5666666667
15.1666666667
16.35
16.0666666667
16.9666666667
16.6101694915
16.1
16.1666666667
16.3166666667
16.9333333333
15.4745762712
16.7833333333
16.4666666667
16.4666666667
15.7
16.9
15.6949152542
15.9166666667
16.7333333333
16.1333333333
13.8166666667
14.7966101695
15.4333333333
15.7666666667
15.8166666667
15.9666666667
15.9333333333
15.7796610169
16.0166666667
15.7166666667
15.6833333333
14.3333333333
15.6666666667
14.6724137931
--END OF 4--
21.7
21.3220338983
23.5
22.85
22.15
22.2
22.6
22.25
21.4745762712
22.55
20.6
21.1
21.75
23.5333333333
22.3050847458
21.3333333333
21.4666666667
21.15
20.8
21.8813559322
21.95
22.8833333333
22.9833333333
20.85
21.6333333333
21.9830508475
20.7666666667
20.4166666667
21.8166666667
20.8833333333
21.7
22.1694915254
21.7833333333
21.5333333333
22.3666666667
23.25
20.2372881356
22.4333333333
22.3666666667
23.0166666667
20.85
22.8
21.1694915254
20.9333333333
22.1833333333
21.6333333333
19.3166666667
20.9830508475
22.45
21.8833333333
21.5666666667
21.9833333333
22.2333333333
22.7796610169
21.7166666667
21.3666666667
20.9833333333
20.1833333333
21.7166666667
19.8620689655
--END OF 5--
22.15
21.7796610169
24.4
24.6
23.1
22.2
22.9
23.55
21.9322033898
23.1333333333
21.25
23.0166666667
22.6666666667
25.1666666667
22.406779661
22.35
22.9833333333
21.5166666667
21.7
21.8813559322
23.1
23.5833333333
24.2333333333
22.45
22.9333333333
22.4745762712
21.15
20.8333333333
22.7833333333
22.4333333333
22.3833333333
22.6440677966
22.8333333333
22.3
23.2333333333
25.1333333333
20.2881355932
23.7333333333
22.6666666667
24.0166666667
22.0
23.65
21.7457627119
21.5
22.3833333333
22.4333333333
19.5166666667
22.3389830508
23.1333333333
22.5
22.2166666667
23.2
22.8333333333
23.0338983051
22.1166666667
21.5666666667
21.7333333333
21.3333333333
21.9666666667
20.8448275862
--END OF 6--
2929.45
2983.22033898
3198.75
3134.4
3014.1
3049.35
3026.55
3097.65
3127.88135593
2969.25
3046.55
3125.25
3011.4
3191.85
3024.50847458
3065.9
2946.5
3025.9
2915.25
3000.86440678
3128.15
3185.1
3129.9
3109.65
3060.9
3016.62711864
3136.05
3012.4
3054.6
2961.3
3063.1
3085.83050847
2946.5
2989.8
3043.75
3110.3
3053.08474576
3130.65
3078.75
3007.5
2943.45
3031.2
2950.6779661
3015.6
3025.85
3146.3
2753.65
2941.62711864
3003.8
3091.8
3027.2
2982.4
3081.4
3027.76271186
2966.1
2935.5
2992.35
2714.7
2970.6
2922.93103448
--END OF 7--
818.616666667
838.728813559
889.35
882.6
846.7
847.4
848.6
860.15
850.440677966
825.8
823.166666667
858.533333333
841.566666667
905.266666667
853.406779661
832.6
821.2
838.183333333
812.083333333
838.372881356
869.383333333
893.35
853.5
849.3
842.7
839.881355932
879.5
839.816666667
848.8
827.166666667
859.8
870.322033898
830.6
833.733333333
849.183333333
883.316666667
836.254237288
885.15
847.0
852.3
817.6
864.55
814.966101695
830.033333333
862.45
857.516666667
765.383333333
800.762711864
839.116666667
854.783333333
841.95
821.066666667
853.3
841.355932203
826.25
831.1
828.45
770.3
819.85
823.637931034
--END OF 8--
119.066666667
115.745762712
140.5
133.25
118.85
119.65
134.15
123.65
113.830508475
131.016666667
107.533333333
109.166666667
128.1
139.1
119.711864407
115.983333333
115.2
115.333333333
115.833333333
125.271186441
116.066666667
121.9
126.25
109.35
118.5
125.949152542
113.316666667
115.8
119.833333333
123.933333333
118.55
123.338983051
123.283333333
116.316666667
147.533333333
131.2
108.728813559
120.25
115.95
138.6
114.3
124.7
116.322033898
112.7
115.05
112.1
103.733333333
121.949152542
133.6
130.45
122.966666667
117.483333333
122.666666667
124.271186441
114.95
122.6
115.4
125.4
125.0
115.206896552
--END OF 9--
5.83333333333
4.32203389831
5.55
7.05
7.1
4.1
4.95
6.2
3.4406779661
5.75
3.81666666667
5.21666666667
3.95
5.66666666667
2.8813559322
4.66666666667
6.9
3.08333333333
3.81666666667
4.83050847458
4.66666666667
4.5
12.05
7.55
6.25
5.38983050847
2.21666666667
3.71666666667
4.25
4.6
5.9
4.27118644068
5.38333333333
5.0
4.98333333333
10.4833333333
1.54237288136
6.85
6.8
7.75
5.9
6.1
5.8813559322
4.66666666667
4.8
4.43333333333
5.11666666667
9.03389830508
7.33333333333
4.88333333333
3.48333333333
7.13333333333
5.63333333333
9.49152542373
8.4
3.35
3.85
5.0
6.7
4.36206896552
--END OF 10--
1.03333333333
0.915254237288
0.9
2.2
0.5
0.0
0.45
2.0
0.559322033898
1.2
0.666666666667
3.2
1.41666666667
2.48333333333
0.508474576271
1.38333333333
2.21666666667
0.4
1.5
0.0
1.85
1.25
2.0
1.45
1.65
0.542372881356
0.166666666667
0.5
1.73333333333
2.1
0.666666666667
0.64406779661
1.71666666667
1.48333333333
1.03333333333
2.93333333333
0.152542372881
1.35
0.45
1.7
1.35
1.0
0.694915254237
0.55
0.5
0.766666666667
0.166666666667
1.83050847458
0.8
0.8
1.0
2.11666666667
1.08333333333
0.254237288136
0.75
0.35
1.3
1.35
0.0
1.51724137931
--END OF 11--
0.0
0.0
0.0
0.5
0.0
0.0
0.0
0.2
0.305084745763
0.0
0.0
0.0
0.433333333333
0.0666666666667
0.0
0.416666666667
1.08333333333
0.0
0.5
0.0
0.5
0.0
0.1
0.4
0.0
0.338983050847
0.0
0.5
0.0
0.333333333333
0.166666666667
0.0
0.0
0.0
0.0
0.5
0.0
0.0
0.0
0.15
0.85
0.0
0.0
0.0
0.0
0.0
0.0
0.0
0.0
0.0
0.216666666667
0.283333333333
0.0
0.0
0.0
0.0
0.5
0.0
0.0
0.0
--END OF 12--
