28.4833333333
28.9
28.5833333333
27.9333333333
28.3833333333
28.0
25.85
27.3666666667
25.6333333333
24.8833333333
25.2666666667
26.9661016949
25.9166666667
25.0
25.5666666667
25.2166666667
23.5166666667
24.5423728814
22.7666666667
22.9666666667
22.9333333333
22.4833333333
22.0666666667
23.3898305085
22.6833333333
22.4166666667
21.55
21.2333333333
20.6101694915
21.55
20.65
21.6666666667
20.8833333333
21.1333333333
20.2711864407
19.4166666667
19.9333333333
19.3166666667
19.4333333333
19.4166666667
19.2203389831
18.9833333333
18.1666666667
18.85
18.7833333333
18.1333333333
16.7796610169
16.25
16.5833333333
17.7333333333
17.3833333333
18.05
17.0169491525
16.6666666667
17.9166666667
17.6333333333
15.7166666667
17.2033898305
17.4333333333
28.7192982456
--END OF 1--
38.3666666667
40.0
40.7166666667
38.4
37.6333333333
37.7457627119
35.4333333333
38.0166666667
33.65
36.1166666667
34.7666666667
34.7796610169
36.4
34.25
34.0166666667
35.2666666667
33.9166666667
34.3559322034
31.6166666667
33.1166666667
32.2
30.7666666667
29.8833333333
32.4745762712
30.7666666667
30.45
31.5833333333
29.0666666667
29.5423728814
29.8
29.2
29.0166666667
28.8
29.8333333333
28.6440677966
28.1166666667
27.6
26.35
26.7666666667
28.5166666667
26.2711864407
25.15
26.3333333333
25.35
24.7833333333
23.9333333333
24.1355932203
22.6
23.0333333333
23.4333333333
24.4833333333
25.0166666667
24.7966101695
23.4166666667
23.0
22.9666666667
22.3666666667
23.1525423729
23.65
39.1052631579
--END OF 2--
40.1166666667
42.5833333333
42.0666666667
39.25
38.25
38.6440677966
37.2333333333
39.05
34.5666666667
38.8166666667
35.95
35.3728813559
37.4833333333
35.4
34.8666666667
36.45
34.9
35.3220338983
32.8
35.4
33.8833333333
31.7666666667
32.4833333333
34.406779661
31.8
33.2333333333
32.45
29.35
30.3389830508
30.75
29.7833333333
29.9333333333
29.7666666667
30.2166666667
28.7966101695
29.4166666667
28.5333333333
28.2833333333
27.9
28.9
27.406779661
25.15
27.15
26.05
25.8
25.05
24.7627118644
23.05
23.2333333333
25.3833333333
25.6833333333
26.0166666667
25.6610169492
24.4333333333
23.7333333333
24.2666666667
24.15
23.7627118644
24.1
40.3859649123
--END OF 3--
24.4333333333
24.85
24.6666666667
24.2666666667
24.5833333333
24.2542372881
23.0166666667
23.8666666667
22.9333333333
22.5333333333
22.7166666667
23.5084745763
23.15
22.55
22.8666666667
22.8333333333
21.9833333333
22.4237288136
21.6166666667
21.6
21.5166666667
21.2
20.95
21.9661016949
21.5
21.2166666667
20.55
20.35
19.9322033898
20.55
20.0
20.6833333333
20.0833333333
20.45
19.9661016949
19.2166666667
19.7
19.2
19.35
19.4
19.2203389831
18.9833333333
18.1666666667
18.55
18.7833333333
18.1333333333
16.7796610169
16.25
16.5833333333
17.7333333333
17.3833333333
18.05
17.0169491525
16.6666666667
17.9166666667
17.6333333333
15.7166666667
17.2033898305
17.4333333333
24.8421052632
--END OF 4--
34.5166666667
35.8166666667
36.1666666667
34.85
34.3333333333
34.3220338983
32.6833333333
34.3
31.8333333333
33.3666666667
32.6666666667
32.5084745763
33.4833333333
32.3
32.0166666667
32.95
32.1
32.4915254237
30.6666666667
31.3666666667
30.9666666667
29.8666666667
29.4833333333
31.3220338983
30.1333333333
29.8833333333
30.7833333333
28.9833333333
29.2711864407
29.5
29.0333333333
28.9833333333
28.75
29.4333333333
28.6440677966
28.0
27.6
26.35
26.7666666667
28.5166666667
26.2711864407
25.15
26.3333333333
25.35
24.7833333333
23.9333333333
24.1355932203
22.6
23.0333333333
23.4333333333
24.4833333333
25.0166666667
24.7966101695
23.4166666667
23.0
22.9666666667
22.3666666667
23.1525423729
23.65
35.1754385965
--END OF 5--
40.1166666667
42.3833333333
42.0666666667
39.25
38.25
38.6440677966
37.2333333333
39.05
34.5666666667
38.8166666667
35.95
35.3728813559
37.4833333333
35.4
34.8666666667
36.45
34.9
35.3220338983
32.8
35.4
33.8833333333
31.7666666667
32.4833333333
34.406779661
31.8
33.2333333333
32.45
29.35
30.3389830508
30.75
29.7833333333
29.9333333333
29.7666666667
30.2166666667
28.7966101695
29.4166666667
28.5333333333
28.2833333333
27.9
28.9
27.406779661
25.15
27.15
26.05
25.8
25.05
24.7627118644
23.05
23.2333333333
25.3833333333
25.6833333333
26.0166666667
25.6610169492
24.4333333333
23.7333333333
24.2666666667
24.15
23.7627118644
24.1
40.3859649123
--END OF 6--
5322.95
5384.0
5326.15
5206.65
5200.2
5242.72881356
4933.05
5183.35
4914.35
4807.4
4758.7
4857.50847458
4929.95
4678.05
4828.2
4809.35
4591.45
4735.3220339
4328.55
4383.65
4369.4
4188.5
4079.75
4373.54237288
4232.0
4100.55
4059.45
3971.8
3958.16949153
3955.8
3896.5
3983.4
3920.95
3933.1
3847.72881356
3690.2
3648.8
3673.3
3613.05
3756.4
3588.45762712
3556.3
3638.25
3611.35
3471.75
3429.55
3265.6779661
3224.1
3287.55
3307.2
3319.8
3429.45
3318.81355932
3328.85
3214.65
3287.75
3217.65
3230.79661017
3302.95
5362.15789474
--END OF 7--
1489.86666667
1495.33333333
1473.26666667
1449.95
1450.86666667
1473.30508475
1366.25
1428.46666667
1340.46666667
1324.6
1321.13333333
1366.3220339
1363.43333333
1299.0
1316.6
1321.08333333
1252.9
1296.83050847
1200.85
1219.93333333
1214.26666667
1174.6
1145.66666667
1204.89830508
1167.55
1150.06666667
1133.48333333
1093.35
1087.05084746
1110.0
1080.05
1110.28333333
1098.35
1099.51666667
1052.44067797
1033.31666667
1024.23333333
1028.9
1011.65
1020.46666667
1004.23728814
978.933333333
996.0
1000.8
947.966666667
945.933333333
904.440677966
875.45
891.4
920.55
929.45
942.483333333
913.644067797
905.0
910.366666667
916.333333333
890.866666667
900.101694915
914.183333333
1484.73684211
--END OF 8--
227.35
226.733333333
218.85
201.533333333
199.716666667
205.745762712
200.466666667
209.066666667
166.416666667
211.55
181.4
195.881355932
200.283333333
190.1
186.3
193.95
183.483333333
186.728813559
167.616666667
192.866666667
183.583333333
167.133333333
163.3
167.830508475
154.166666667
157.916666667
192.033333333
172.466666667
168.254237288
158.8
162.416666667
157.066666667
171.616666667
176.483333333
154.677966102
166.083333333
151.55
146.833333333
153.9
170.816666667
141.0
134.4
153.45
138.6
129.25
134.916666667
133.389830508
115.95
133.45
135.2
141.55
142.766666667
143.949152542
119.7
130.066666667
119.15
137.666666667
121.627118644
121.933333333
209.684210526
--END OF 9--
7.58333333333
11.9666666667
13.0833333333
7.53333333333
7.0
6.22033898305
8.93333333333
10.3166666667
5.76666666667
14.6833333333
10.1166666667
2.98305084746
11.5166666667
9.2
5.05
12.25
9.36666666667
10.0677966102
9.61666666667
14.85
9.41666666667
7.73333333333
10.8333333333
11.7627118644
9.65
13.0666666667
8.0
3.5
7.94915254237
7.25
10.25
7.23333333333
7.73333333333
8.38333333333
8.1186440678
9.43333333333
10.3666666667
7.65
9.51666666667
10.0
8.33898305085
2.88333333333
6.71666666667
3.3
8.15
3.68333333333
9.38983050847
7.7
4.15
6.15
5.8
6.28333333333
8.06779661017
7.73333333333
2.78333333333
5.36666666667
9.56666666667
3.8813559322
5.95
9.10526315789
--END OF 10--
2.16666666667
3.9
2.48333333333
1.76666666667
0.65
1.38983050847
2.08333333333
1.05
1.05
2.88333333333
1.55
0.491525423729
1.15
1.1
1.4
2.08333333333
1.28333333333
1.35593220339
1.76666666667
2.78333333333
2.63333333333
1.71666666667
3.61666666667
2.62711864407
1.2
3.71666666667
1.31666666667
0.516666666667
1.13559322034
1.65
0.65
0.9
1.13333333333
0.816666666667
0.0
2.2
1.31666666667
2.86666666667
1.31666666667
0.183333333333
1.30508474576
0.0333333333333
0.833333333333
0.866666666667
1.95
1.41666666667
0.932203389831
0.35
0.5
2.8
1.8
1.11666666667
1.01694915254
1.28333333333
0.733333333333
0.983333333333
2.58333333333
0.610169491525
0.55
1.57894736842
--END OF 11--
0.616666666667
0.216666666667
0.0
0.133333333333
0.366666666667
0.0
0.866666666667
0.733333333333
0.55
0.7
0.333333333333
0.28813559322
0.333333333333
0.0
0.0
0.0
0.05
0.745762711864
0.216666666667
0.166666666667
0.283333333333
0.216666666667
0.566666666667
0.71186440678
0.233333333333
1.0
0.0
0.0
0.440677966102
0.35
0.15
0.0
0.0
0.0
0.0
0.333333333333
0.0
0.5
0.0
0.0
0.0
0.0
0.0
0.5
0.0
0.5
0.0
0.0
0.0
1.5
0.0
0.583333333333
0.457627118644
0.0
0.0
0.5
0.0
0.440677966102
0.0
0.912280701754
--END OF 12--
