16.15
16.5
15.1355932203
15.4666666667
15.6333333333
15.7
15.9666666667
16.7
14.45
16.0847457627
16.2
15.75
15.6666666667
16.1833333333
16.0847457627
15.2
15.5333333333
15.35
15.4166666667
15.1525423729
15.6666666667
14.7
15.25
15.5333333333
16.2881355932
14.7833333333
17.05
15.7166666667
15.2666666667
14.7833333333
15.2372881356
16.15
15.1166666667
15.1166666667
14.9166666667
15.7966101695
15.6833333333
14.8833333333
15.45
15.6610169492
15.1666666667
15.4666666667
16.6833333333
16.5666666667
16.9661016949
16.15
14.95
15.9333333333
15.2
15.4406779661
16.2666666667
15.55
16.2
15.45
15.7966101695
15.45
15.3333333333
15.5
15.3
16.6724137931
--END OF 1--
20.5666666667
21.3166666667
20.4406779661
21.6666666667
19.15
20.9
21.1166666667
21.7666666667
19.4333333333
20.8644067797
21.75
19.4
20.85
21.5166666667
21.2881355932
20.6166666667
19.5666666667
20.4833333333
20.15
20.4915254237
20.4666666667
20.0
20.3666666667
21.4
20.4237288136
20.6333333333
21.45
20.1166666667
19.5166666667
20.5833333333
20.4745762712
21.1166666667
20.8833333333
19.0333333333
19.9
20.8813559322
20.5166666667
19.1666666667
20.8666666667
19.6779661017
20.3666666667
20.0166666667
21.0333333333
21.3333333333
22.406779661
20.5666666667
19.7666666667
21.4666666667
20.0666666667
20.7966101695
20.3166666667
20.25
21.1
20.4333333333
21.3220338983
19.8
19.95
20.5
20.2
20.7931034483
--END OF 2--
20.7166666667
21.75
21.6440677966
22.2666666667
19.8333333333
21.5166666667
21.6166666667
21.95
20.6666666667
21.5593220339
22.6
19.6
21.1166666667
21.7
21.9491525424
22.0666666667
20.3
21.2666666667
20.15
21.406779661
21.4333333333
21.7
21.4166666667
22.0333333333
21.1355932203
20.9833333333
21.45
20.1166666667
19.8666666667
20.5833333333
21.1355932203
21.7
21.45
20.1333333333
20.4333333333
21.3050847458
20.65
19.1666666667
21.15
20.5254237288
20.4666666667
20.4666666667
22.3333333333
21.7333333333
22.9661016949
20.7166666667
19.9666666667
22.2666666667
20.5666666667
22.2711864407
20.4666666667
20.9666666667
22.0
21.2333333333
22.4745762712
20.65
20.6666666667
20.55
20.4666666667
21.0689655172
--END OF 3--
16.15
16.5
15.1355932203
15.4666666667
15.6333333333
15.7
15.9666666667
16.7
14.45
16.0847457627
16.2
15.75
15.6666666667
16.1833333333
16.0847457627
15.2
15.5333333333
15.35
15.4166666667
15.1525423729
15.6666666667
14.7
15.25
15.5333333333
16.2881355932
14.7833333333
17.05
15.7166666667
15.2666666667
14.7833333333
15.2372881356
16.15
15.1166666667
15.1166666667
14.9166666667
15.7966101695
15.6833333333
14.8833333333
15.45
15.6610169492
15.1666666667
15.4666666667
16.6833333333
16.5666666667
16.9661016949
16.15
14.95
15.9333333333
15.2
15.4406779661
16.2666666667
15.55
16.2
15.45
15.7966101695
15.45
15.3333333333
15.5
15.3
16.6724137931
--END OF 4--
20.5666666667
21.3166666667
20.4406779661
21.6666666667
19.15
20.9
21.1166666667
21.7666666667
19.4333333333
20.8644067797
21.75
19.4
20.85
21.5166666667
21.2881355932
20.6166666667
19.5666666667
20.4833333333
20.15
20.4915254237
20.4666666667
20.0
20.3666666667
21.4
20.4237288136
20.6333333333
21.45
20.1166666667
19.5166666667
20.5833333333
20.4745762712
21.1166666667
20.8833333333
19.0333333333
19.9
20.8813559322
20.5166666667
19.1666666667
20.8666666667
19.6779661017
20.3666666667
20.0166666667
21.0333333333
21.3333333333
22.406779661
20.5666666667
19.7666666667
21.4666666667
20.0666666667
20.7966101695
20.3166666667
20.25
21.1
20.4333333333
21.3220338983
19.8
19.95
20.5
20.2
20.7931034483
--END OF 5--
20.7166666667
21.75
21.6440677966
22.2666666667
19.8333333333
21.5166666667
21.6166666667
21.95
20.6666666667
21.5593220339
22.6
19.6
21.1166666667
21.7
21.9491525424
22.0666666667
20.3
21.2666666667
20.15
21.406779661
21.4333333333
21.7
21.4166666667
22.0333333333
21.1355932203
20.9833333333
21.45
20.1166666667
19.8666666667
20.5833333333
21.1355932203
21.7
21.45
20.1333333333
20.4333333333
21.3050847458
20.65
19.1666666667
21.15
20.5254237288
20.4666666667
20.4666666667
22.3333333333
21.7333333333
22.9661016949
20.7166666667
19.9666666667
22.2666666667
20.5666666667
22.2711864407
20.4666666667
20.9666666667
22.0
21.2333333333
22.4745762712
20.65
20.6666666667
20.55
20.4666666667
21.0689655172
--END OF 6--
3037.1
3093.85
2848.3220339
2954.55
2904.3
3006.7
2981.4
3027.3
2704.15
2937.86440678
2986.8
2850.3
2978.85
3008.55
3094.72881356
2956.75
2870.3
2964.45
3007.95
2917.6779661
2896.85
2888.85
2883.0
2975.5
3006.0
2853.15
3111.9
2914.2
2938.65
2864.4
2877.55932203
3019.05
2940.05
2837.55
2916.45
3017.18644068
2937.65
2964.2
2949.1
2994.86440678
2970.75
2921.9
3020.25
2988.1
3051.10169492
3020.95
2818.95
2999.45
2913.8
2904.40677966
3009.95
2873.25
2984.5
2888.3
3015.81355932
2938.05
2884.3
2833.95
2817.5
3072.87931034
--END OF 7--
836.833333333
847.1
807.762711864
831.966666667
812.4
835.483333333
822.416666667
855.3
758.316666667
833.186440678
842.75
797.0
819.35
844.4
846.677966102
805.083333333
807.666666667
824.583333333
836.766666667
827.406779661
828.466666667
792.8
800.133333333
831.416666667
851.118644068
794.5
873.35
824.65
787.15
786.7
799.338983051
838.6
809.2
782.333333333
795.95
837.237288136
811.916666667
803.716666667
822.016666667
843.779661017
813.0
812.283333333
845.5
841.683333333
870.576271186
822.8
781.216666667
845.4
793.45
813.305084746
836.966666667
805.466666667
840.5
805.933333333
845.355932203
813.75
800.533333333
794.25
803.25
852.189655172
--END OF 8--
110.716666667
120.916666667
103.796610169
126.1
100.7
119.716666667
108.133333333
115.583333333
107.516666667
107.983050847
125.1
99.3
110.816666667
108.083333333
121.254237288
124.116666667
97.2833333333
109.45
104.683333333
109.474576271
115.533333333
121.183333333
119.95
123.4
112.881355932
123.6
107.55
107.45
102.6
122.95
122.966101695
111.016666667
115.733333333
91.9666666667
118.316666667
116.254237288
113.033333333
102.75
123.216666667
98.8983050847
104.9
100.133333333
109.9
109.633333333
116.389830508
104.766666667
110.166666667
122.866666667
112.383333333
116.474576271
106.333333333
110.783333333
111.183333333
115.183333333
125.966101695
94.7
98.6166666667
110.7
111.15
110.551724138
--END OF 9--
3.23333333333
4.0
5.4406779661
2.86666666667
1.83333333333
4.66666666667
5.16666666667
2.53333333333
4.51666666667
2.45762711864
3.6
3.5
4.4
3.5
3.89830508475
5.6
3.83333333333
5.86666666667
3.31666666667
5.35593220339
3.16666666667
4.65
4.93333333333
6.0
3.64406779661
5.4
2.2
1.6
3.6
4.5
3.86440677966
5.21666666667
6.11666666667
4.71666666667
3.35
3.20338983051
3.01666666667
1.98333333333
2.15
2.1186440678
2.65
3.18333333333
5.15
3.33333333333
2.84745762712
3.38333333333
3.28333333333
4.0
4.23333333333
6.59322033898
3.08333333333
4.06666666667
5.4
4.6
4.57627118644
3.25
3.1
3.05
2.63333333333
2.98275862069
--END OF 10--
0.0
1.11666666667
2.0
0.883333333333
1.13333333333
0.366666666667
0.0
0.383333333333
1.95
1.13559322034
1.05
0.0
0.183333333333
0.25
0.677966101695
2.1
0.9
0.966666666667
0.0
1.08474576271
1.36666666667
2.33333333333
1.61666666667
1.11666666667
1.01694915254
0.5
0.0
0.0
0.0
0.0
1.05084745763
0.683333333333
0.9
1.91666666667
0.933333333333
0.491525423729
0.516666666667
0.0
0.433333333333
1.37288135593
0.15
0.65
1.6
0.4
0.745762711864
0.116666666667
0.0
0.5
0.5
2.03389830508
0.0
1.0
0.916666666667
1.45
1.61016949153
1.55
1.16666666667
0.0
0.0
0.327586206897
--END OF 11--
0.0
0.0
0.423728813559
0.0833333333333
0.166666666667
0.333333333333
0.0
0.0
0.5
0.0
0.5
0.0
0.0
0.0
0.338983050847
0.0
0.0
0.0
0.0
0.508474576271
0.933333333333
0.566666666667
0.0
0.0
0.0
0.0
0.0
0.0
0.0
0.0
0.0
0.0
0.0
0.0
0.0
0.474576271186
0.0333333333333
0.0
0.0
0.0
0.0
0.3
0.2
0.15
0.35593220339
0.0
0.0
0.0
0.0
1.01694915254
0.0
0.0
0.0
0.0
0.508474576271
0.0
0.0
0.0
0.0
0.0
--END OF 12--
