8.43333333333
9.28333333333
9.71666666667
9.76271186441
8.93333333333
8.95
8.45
9.35
9.31666666667
9.13559322034
9.38333333333
8.01666666667
8.88333333333
9.6
9.5
8.72881355932
8.8
9.35
8.91666666667
9.31666666667
9.11666666667
8.67796610169
8.51666666667
9.48333333333
9.16666666667
8.45
9.62711864407
8.88333333333
8.63333333333
8.6
8.4
8.51666666667
8.10169491525
9.31666666667
9.58333333333
9.35
8.75
8.91525423729
8.76666666667
9.61666666667
8.16666666667
9.3
8.9
8.47457627119
8.4
9.1
8.91666666667
8.8
9.30508474576
9.51666666667
9.1
9.33333333333
8.0
8.8813559322
9.45
9.31666666667
9.45
9.33333333333
8.7
8.70175438596
--END OF 1--
11.9833333333
12.9166666667
13.4666666667
12.8474576271
11.9833333333
12.35
11.15
12.85
11.9666666667
11.8305084746
12.2833333333
11.6166666667
12.8166666667
13.15
12.9666666667
12.3559322034
10.9666666667
12.6666666667
11.9166666667
12.4166666667
12.3166666667
12.186440678
11.5166666667
12.9
12.4166666667
12.25
12.7627118644
12.0
11.3833333333
11.85
11.1166666667
11.1833333333
11.0
12.8
12.3333333333
13.0666666667
11.1666666667
11.5762711864
11.7166666667
12.9666666667
11.4666666667
12.0
11.55
11.5254237288
11.1333333333
11.8333333333
12.0
12.7833333333
12.9491525424
12.9666666667
12.8333333333
13.1333333333
10.95
11.8305084746
12.5
12.3166666667
13.0
11.4333333333
11.55
11.0
--END OF 2--
12.8333333333
13.7833333333
14.0
12.8983050847
12.3833333333
14.7
11.3
12.95
12.6166666667
12.0169491525
12.85
12.55
13.5333333333
13.6
12.9666666667
12.6101694915
12.3166666667
12.8333333333
12.3166666667
12.9
12.6166666667
12.4406779661
12.0166666667
13.1
12.5666666667
12.4
13.6271186441
12.3333333333
11.55
12.35
11.45
11.5833333333
11.6779661017
13.3333333333
12.75
13.0666666667
11.1833333333
12.0169491525
12.3666666667
13.8666666667
12.8666666667
12.9
12.5
11.5762711864
11.5833333333
11.8333333333
12.3833333333
12.9833333333
13.0677966102
12.9666666667
13.6333333333
13.1333333333
11.25
12.0847457627
14.45
12.6666666667
13.35
11.8833333333
11.8
11.2280701754
--END OF 3--
8.43333333333
9.28333333333
9.71666666667
9.76271186441
8.93333333333
8.95
8.45
9.35
9.31666666667
9.13559322034
9.38333333333
8.01666666667
8.88333333333
9.6
9.5
8.72881355932
8.8
9.35
8.91666666667
9.31666666667
9.11666666667
8.67796610169
8.51666666667
9.48333333333
9.16666666667
8.45
9.62711864407
8.88333333333
8.63333333333
8.6
8.4
8.51666666667
8.10169491525
9.31666666667
9.58333333333
9.35
8.75
8.91525423729
8.76666666667
9.61666666667
8.16666666667
9.3
8.9
8.47457627119
8.4
9.1
8.91666666667
8.8
9.30508474576
9.51666666667
9.1
9.33333333333
8.0
8.8813559322
9.45
9.31666666667
9.45
9.33333333333
8.7
8.70175438596
--END OF 4--
11.9833333333
12.9166666667
13.4666666667
12.8474576271
11.9833333333
12.35
11.15
12.85
11.9666666667
11.8305084746
12.2833333333
11.6166666667
12.8166666667
13.15
12.9666666667
12.3559322034
10.9666666667
12.6666666667
11.9166666667
12.4166666667
12.3166666667
12.186440678
11.5166666667
12.9
12.4166666667
12.25
12.7627118644
12.0
11.3833333333
11.85
11.1166666667
11.1833333333
11.0
12.8
12.3333333333
13.0666666667
11.1666666667
11.5762711864
11.7166666667
12.9666666667
11.4666666667
12.0
11.55
11.5254237288
11.1333333333
11.8333333333
12.0
12.7833333333
12.9491525424
12.9666666667
12.8333333333
13.1333333333
10.95
11.8305084746
12.5
12.3166666667
13.0
11.4333333333
11.55
11.0
--END OF 5--
12.8333333333
13.7833333333
14.0
12.8983050847
12.3833333333
14.7
11.3
12.95
12.6166666667
12.0169491525
12.85
12.55
13.5333333333
13.6
12.9666666667
12.6101694915
12.3166666667
12.8333333333
12.3166666667
12.9
12.6166666667
12.4406779661
12.0166666667
13.1
12.5666666667
12.4
13.6271186441
12.3333333333
11.55
12.35
11.45
11.5833333333
11.6779661017
13.3333333333
12.75
13.0666666667
11.1833333333
12.0169491525
12.3666666667
13.8666666667
12.8666666667
12.9
12.5
11.5762711864
11.5833333333
11.8333333333
12.3833333333
12.9833333333
13.0677966102
12.9666666667
13.6333333333
13.1333333333
11.25
12.0847457627
14.45
12.6666666667
13.35
11.8833333333
11.8
11.2280701754
--END OF 6--
1741.4
1804.7
1907.6
1864.72881356
1814.55
1849.95
1761.15
1818.75
1795.8
1768.27118644
1811.25
1660.05
1823.65
1949.45
1871.85
1873.27118644
1832.1
1858.65
1771.85
1801.4
1834.85
1801.47457627
1674.9
1900.75
1846.2
1774.8
1842.0
1767.85
1700.25
1750.75
1702.25
1706.75
1712.23728814
1861.3
1797.0
1875.55
1854.15
1827.30508475
1884.75
1845.6
1718.4
1791.0
1724.25
1803.10169492
1727.3
1733.3
1816.5
1841.5
1929.15254237
1883.55
1804.45
1864.05
1654.9
1754.59322034
1923.9
1876.2
1793.25
1713.3
1694.7
1729.78947368
--END OF 7--
473.116666667
505.733333333
525.916666667
524.305084746
511.3
517.15
485.5
500.2
499.1
483.06779661
499.633333333
460.4
505.766666667
543.683333333
524.466666667
509.152542373
503.566666667
508.866666667
489.316666667
494.9
505.35
505.542372881
467.5
523.933333333
499.55
501.95
516.711864407
484.95
461.466666667
478.633333333
468.166666667
463.916666667
473.322033898
502.666666667
496.55
498.533333333
503.766666667
506.677966102
500.35
519.8
462.65
500.5
477.45
496.93220339
469.466666667
481.666666667
496.933333333
507.166666667
539.796610169
506.95
504.1
515.933333333
456.483333333
486.0
537.85
518.95
511.25
494.95
466.3
469.421052632
--END OF 8--
68.25
75.8333333333
78.6333333333
74.1525423729
72.55
74.75
62.25
80.05
65.9
64.1186440678
70.8
71.7166666667
85.6166666667
71.5333333333
77.1
68.7796610169
51.3833333333
65.5833333333
63.8166666667
65.1
73.35
66.8813559322
72.2
71.7666666667
73.5
75.55
71.9152542373
70.0
64.5166666667
74.25
61.6666666667
63.45
66.2542372881
83.35
70.4333333333
73.8166666667
52.8
61.2372881356
68.8
72.7
77.25
68.75
73.45
65.5423728814
66.8833333333
61.4166666667
66.0333333333
68.8166666667
72.3220338983
74.8333333333
73.2666666667
72.05
60.1833333333
67.8813559322
77.75
68.65
77.65
62.8
65.0
53.4912280702
--END OF 9--
4.21666666667
3.63333333333
4.51666666667
1.54237288136
1.5
7.1
1.5
2.65
1.75
2.23728813559
4.3
4.86666666667
3.05
3.48333333333
1.23333333333
3.40677966102
2.93333333333
2.9
2.81666666667
3.43333333333
3.33333333333
4.1186440678
2.15
2.26666666667
2.65
1.85
3.38983050847
2.31666666667
2.13333333333
3.05
1.48333333333
3.16666666667
2.23728813559
2.68333333333
2.68333333333
2.71666666667
1.7
2.22033898305
2.6
3.8
3.75
3.35
2.7
2.20338983051
1.75
2.05
2.85
3.85
1.28813559322
2.75
2.83333333333
2.58333333333
2.18333333333
2.10169491525
4.1
2.35
2.95
1.95
1.6
1.47368421053
--END OF 10--
1.2
1.51666666667
0.483333333333
0.0
0.35
2.45
0.2
0.2
0.3
0.220338983051
0.783333333333
1.28333333333
0.716666666667
0.483333333333
0.0166666666667
0.508474576271
2.0
0.166666666667
0.566666666667
0.766666666667
0.5
0.559322033898
0.45
0.2
0.0
0.15
1.37288135593
0.333333333333
0.166666666667
1.0
0.383333333333
0.583333333333
1.5593220339
1.05
0.45
0.0
0.0
0.406779661017
1.25
1.3
1.8
1.25
0.5
0.135593220339
0.366666666667
0.0
0.433333333333
0.45
0.118644067797
0.0
1.0
0.0
0.0
0.203389830508
3.3
0.5
0.5
0.5
0.2
0.280701754386
--END OF 11--
0.966666666667
0.0
0.0
0.0
0.0
0.35
0.15
0.0
0.0
0.0
0.0
0.283333333333
0.716666666667
0.0
0.0
0.0
0.5
0.0
0.0
0.0
0.0
0.0508474576271
0.45
0.0
0.0
0.0
0.0
0.333333333333
0.166666666667
0.0
0.0
0.0
0.0
0.0
0.0
0.0
0.0
0.0
0.0
0.0
0.0
0.5
0.0
0.0
0.0
0.0
0.0
0.0
0.0
0.0
0.5
0.0
0.0
0.0
0.0
0.0
0.0
0.0
0.2
0.0
--END OF 12--
