20.6333333333
21.1333333333
21.6666666667
20.55
21.25
22.9491525424
20.85
21.65
21.1833333333
20.3166666667
20.6
21.8
20.6440677966
20.0666666667
20.8333333333
21.15
21.6166666667
21.1016949153
21.95
21.3666666667
20.6833333333
20.8166666667
20.8833333333
22.0338983051
21.7
22.4166666667
21.25
20.25
21.1833333333
20.5762711864
21.2333333333
21.4166666667
20.6833333333
20.7
20.6610169492
20.75
20.3333333333
21.1833333333
22.5833333333
22.0
22.0338983051
21.2833333333
22.8833333333
21.2333333333
21.1166666667
21.3
21.7288135593
21.1833333333
22.15
20.3833333333
20.1833333333
20.6440677966
19.9666666667
21.6
20.45
20.9833333333
21.6833333333
21.2372881356
21.25
22.1754385965
--END OF 1--
29.6666666667
28.9
30.0833333333
30.3333333333
29.0333333333
30.7627118644
29.6
30.3166666667
30.2333333333
28.75
29.15
29.4
28.406779661
29.2
30.1833333333
29.8333333333
30.4166666667
28.1016949153
30.0166666667
30.1333333333
28.7666666667
28.1666666667
28.35
29.2203389831
28.9
31.7333333333
28.85
28.9
30.6666666667
28.9661016949
30.0166666667
29.0333333333
28.75
28.8333333333
27.6949152542
29.2333333333
29.5
30.3
30.2166666667
30.5666666667
31.3559322034
29.35
30.7833333333
28.3833333333
30.0166666667
30.25
30.5423728814
29.9333333333
30.5666666667
28.3166666667
28.7333333333
30.5254237288
29.1833333333
28.2
29.6333333333
30.3166666667
31.2666666667
30.1355932203
30.6166666667
30.1578947368
--END OF 2--
31.2833333333
29.3833333333
31.8666666667
31.45
30.95
32.7457627119
30.6
32.3833333333
32.2166666667
29.5333333333
30.1
30.45
29.9152542373
29.5
31.2833333333
30.3
30.65
28.9491525424
30.95
30.9833333333
30.0
29.6
29.4833333333
29.6779661017
29.4
32.9
30.75
30.3
31.5166666667
29.9830508475
31.6833333333
31.1666666667
29.2166666667
30.1166666667
28.4745762712
29.9666666667
30.7666666667
32.0833333333
30.8333333333
31.4
33.0
30.9166666667
33.0333333333
28.8833333333
30.25
31.6
31.4406779661
31.3666666667
31.3166666667
29.2333333333
30.4666666667
32.406779661
29.2666666667
29.3166666667
30.6833333333
31.5833333333
31.9666666667
31.4745762712
31.75
32.2280701754
--END OF 3--
20.1666666667
20.35
20.7166666667
19.75
20.25
21.593220339
20.25
20.65
20.1833333333
19.9
20.0
20.8
20.0508474576
19.9
20.2
20.25
20.6166666667
20.2033898305
20.95
20.3666666667
20.1333333333
19.8666666667
19.8833333333
20.9830508475
20.7
21.2
20.35
19.9
20.3833333333
20.0847457627
20.2833333333
20.5166666667
19.8166666667
19.7833333333
20.0169491525
19.75
19.8333333333
20.4333333333
21.4333333333
20.95
21.1355932203
20.55
21.6833333333
20.4333333333
20.4166666667
20.55
20.7796610169
20.45
21.15
19.5333333333
19.4333333333
19.8983050847
19.6833333333
20.55
19.7
19.9833333333
20.7
20.2372881356
20.25
21.1578947368
--END OF 4--
29.4
28.75
29.5833333333
29.65
29.0333333333
30.2033898305
29.4
29.8666666667
29.8
28.5666666667
29.1
29.15
28.406779661
28.9666666667
29.6666666667
29.4833333333
29.8333333333
28.0847457627
29.5166666667
29.5333333333
28.6666666667
28.0666666667
28.35
28.7627118644
28.5
30.6666666667
28.85
28.9
30.15
28.9322033898
29.7
29.0333333333
28.6
28.6833333333
27.6949152542
28.8666666667
29.35
29.8
29.85
29.8333333333
30.6271186441
29.15
30.0833333333
28.3833333333
29.7833333333
29.75
29.9491525424
29.5666666667
29.9166666667
28.3166666667
28.45
29.8813559322
29.15
28.1166666667
29.1833333333
29.65
30.3833333333
29.6949152542
30.1
29.649122807
--END OF 5--
31.2833333333
29.3833333333
31.8666666667
31.45
30.95
32.7457627119
30.6
32.3833333333
32.2166666667
29.5333333333
30.1
30.45
29.9152542373
29.5
31.2833333333
30.3
30.65
28.9491525424
30.95
30.9833333333
30.0
29.6
29.4833333333
29.6779661017
29.4
32.9
30.75
30.3
31.5166666667
29.9830508475
31.6833333333
31.1666666667
29.2166666667
30.1166666667
28.4745762712
29.9666666667
30.7666666667
32.0833333333
30.8333333333
31.4
33.0
30.9166666667
33.0333333333
28.8833333333
30.25
31.6
31.4406779661
31.3666666667
31.3166666667
29.2333333333
30.4666666667
32.406779661
29.2666666667
29.3166666667
30.6833333333
31.5833333333
31.9666666667
31.4745762712
31.75
32.2280701754
--END OF 6--
4047.3
3935.1
4025.4
3915.7
3966.65
4084.16949153
3884.25
4095.65
4025.9
3871.05
3906.6
4005.9
3945.96610169
3729.5
3883.55
3876.65
4019.5
3946.83050847
4074.0
3933.9
4029.15
3928.3
3857.9
4091.69491525
4022.4
4088.55
3878.4
3855.0
3970.2
3875.89830508
4028.2
3939.7
3925.85
3925.7
3771.30508475
3905.65
3878.55
3994.65
4146.95
4150.05
4125.61016949
3970.85
4131.9
3917.1
4025.15
3980.4
4023.30508475
4026.55
4186.35
3897.75
3949.45
3961.22033898
3760.95
3893.9
4044.6
4036.45
4157.55
4002.96610169
3954.25
4068.15789474
--END OF 7--
1098.48333333
1092.91666667
1122.78333333
1089.08333333
1095.48333333
1164.3559322
1083.75
1124.45
1123.36666667
1066.5
1078.3
1119.35
1076.61016949
1045.88333333
1088.51666667
1093.06666667
1119.68333333
1094.93220339
1146.01666667
1106.66666667
1101.23333333
1097.4
1075.35
1141.74576271
1130.35
1148.48333333
1097.35
1063.2
1106.98333333
1077.15254237
1107.75
1104.33333333
1103.56666667
1106.71666667
1062.50847458
1105.25
1071.68333333
1109.7
1154.66666667
1160.91666667
1139.3559322
1101.13333333
1161.95
1093.9
1103.06666667
1093.6
1118.96610169
1115.43333333
1170.13333333
1085.66666667
1095.48333333
1109.42372881
1054.78333333
1113.68333333
1119.16666667
1133.0
1151.88333333
1098.74576271
1094.41666667
1147.1754386
--END OF 8--
178.4
165.466666667
182.233333333
181.55
174.516666667
171.338983051
173.75
177.583333333
184.533333333
161.5
178.35
161.85
155.0
183.55
173.516666667
176.733333333
173.65
158.593220339
177.116666667
184.966666667
163.6
172.366666667
156.85
157.881355932
174.5
180.866666667
174.7
159.4
180.383333333
173.644067797
179.116666667
167.766666667
159.8
167.466666667
167.423728814
175.916666667
159.7
190.116666667
167.816666667
170.816666667
200.152542373
163.733333333
176.25
158.2
186.316666667
175.2
168.0
176.25
178.5
154.766666667
163.133333333
176.491525424
184.35
153.95
157.466666667
185.716666667
191.15
188.440677966
184.916666667
166.964912281
--END OF 9--
8.71666666667
4.75
8.13333333333
11.75
11.6166666667
9.45762711864
7.35
7.45
10.8
8.3
6.75
6.05
8.18644067797
8.45
11.8
5.38333333333
5.13333333333
4.54237288136
6.33333333333
9.45
10.0333333333
6.36666666667
9.15
7.96610169492
4.6
12.4833333333
6.15
7.95
9.3
7.18644067797
8.78333333333
8.11666666667
5.55
8.61666666667
4.66101694915
7.36666666667
13.55
9.68333333333
6.43333333333
8.4
9.79661016949
8.81666666667
10.7
3.6
6.93333333333
8.45
9.77966101695
6.56666666667
5.81666666667
8.9
11.15
15.5593220339
6.11666666667
3.2
10.1666666667
9.36666666667
9.06666666667
9.67796610169
8.98333333333
12.7368421053
--END OF 10--
2.28333333333
0.6
2.23333333333
1.43333333333
2.53333333333
2.16949152542
1.05
2.7
2.65
1.15
1.45
1.55
2.35593220339
0.6
1.83333333333
0.5
0.55
0.966101694915
1.38333333333
1.58333333333
1.2
2.3
1.0
0.0
0.55
1.31666666667
2.2
2.4
1.03333333333
1.64406779661
2.35
1.86666666667
0.2
2.1
0.881355932203
1.01666666667
1.65
2.88333333333
1.23333333333
1.51666666667
2.1186440678
1.96666666667
2.7
0.65
0.3
2.0
1.10169491525
1.81666666667
0.766666666667
1.13333333333
1.98333333333
1.98305084746
0.0333333333333
1.03333333333
1.25
1.4
0.5
1.15254237288
1.46666666667
2.28070175439
--END OF 11--
0.8
0.266666666667
0.233333333333
0.5
0.416666666667
0.0847457627119
0.0
0.366666666667
0.0
0.5
0.0
0.0
0.898305084746
0.116666666667
0.0
0.0
0.0
0.474576271186
0.0
0.5
0.266666666667
0.233333333333
0.0
0.0
0.0
0.15
0.6
0.7
0.05
0.0
0.0
0.5
0.0
0.0
0.508474576271
0.0
0.5
0.416666666667
0.0833333333333
0.0
0.508474576271
0.0
0.5
0.0
0.05
0.45
0.0
0.0
0.366666666667
0.0
1.43333333333
0.0677966101695
0.0
0.466666666667
0.0
0.0
0.0
0.0
0.4
0.0
--END OF 12--
