17.65
16.8333333333
18.4333333333
16.15
16.7457627119
18.05
16.55
17.05
16.8166666667
17.5333333333
18.7333333333
18.0508474576
16.25
16.0166666667
16.8166666667
16.9
17.0169491525
16.0666666667
17.7833333333
17.1666666667
17.0833333333
17.5166666667
16.9322033898
16.9833333333
16.7166666667
17.5
17.75
17.7333333333
17.1694915254
16.6
17.9
17.0666666667
16.8333333333
17.406779661
17.7666666667
17.75
17.1
18.15
19.0333333333
17.4406779661
17.4666666667
17.8166666667
18.0833333333
17.8333333333
16.9152542373
17.9833333333
17.5333333333
18.0833333333
18.3333333333
18.4166666667
17.8474576271
17.0833333333
17.9
17.3333333333
17.9166666667
17.25
17.6779661017
17.8833333333
17.1
16.4385964912
--END OF 1--
23.25
22.1333333333
22.6666666667
22.4
21.7457627119
23.3
21.9
20.85
21.5666666667
22.1333333333
23.6333333333
23.4915254237
21.1166666667
21.75
21.8
21.3666666667
21.0508474576
21.0333333333
23.55
22.0333333333
23.6666666667
21.6166666667
22.2372881356
22.6833333333
21.4666666667
21.8
22.5
22.3833333333
22.0677966102
22.4166666667
22.5
22.9333333333
21.05
23.186440678
22.6333333333
23.2666666667
22.5
23.1
24.4166666667
23.1525423729
23.4166666667
22.9666666667
23.2333333333
23.7833333333
23.3389830508
23.1666666667
23.25
23.7666666667
24.3166666667
23.25
23.3559322034
22.0833333333
22.7
23.1666666667
22.7166666667
22.35
22.9830508475
22.4833333333
21.45
23.7192982456
--END OF 2--
23.5166666667
22.1666666667
23.3166666667
23.0333333333
23.7118644068
24.65
23.2
21.65
22.0166666667
22.7333333333
24.0833333333
24.0
21.1666666667
22.6666666667
22.6166666667
22.0333333333
22.2033898305
21.85
24.05
22.1166666667
24.2666666667
22.5333333333
22.6271186441
23.3333333333
22.0166666667
22.3
23.35
22.8833333333
22.4745762712
22.9666666667
23.55
23.8333333333
22.0
23.8813559322
23.0833333333
24.2166666667
23.8833333333
23.2166666667
25.0666666667
23.8305084746
24.3666666667
23.4166666667
23.8333333333
24.7833333333
24.6440677966
23.9333333333
23.8333333333
24.2
24.6333333333
24.15
24.8305084746
23.0666666667
23.3333333333
23.7833333333
23.3166666667
22.3833333333
22.9830508475
22.9333333333
22.7
24.8596491228
--END OF 3--
17.65
16.8333333333
18.4333333333
16.15
16.7457627119
18.05
16.55
17.05
16.8166666667
17.5333333333
18.7333333333
18.0508474576
16.25
16.0166666667
16.8166666667
16.9
17.0169491525
16.0666666667
17.7833333333
17.1666666667
17.0833333333
17.5166666667
16.9322033898
16.9833333333
16.7166666667
17.5
17.75
17.7333333333
17.1694915254
16.6
17.9
17.0666666667
16.8333333333
17.406779661
17.7666666667
17.75
17.1
18.15
19.0333333333
17.4406779661
17.4666666667
17.8166666667
18.0833333333
17.8333333333
16.9152542373
17.9833333333
17.5333333333
18.0833333333
18.3333333333
18.4166666667
17.8474576271
17.0833333333
17.9
17.3333333333
17.9166666667
17.25
17.6779661017
17.8833333333
17.1
16.4385964912
--END OF 4--
23.25
22.1333333333
22.6666666667
22.4
21.7457627119
23.3
21.9
20.85
21.5666666667
22.1333333333
23.6333333333
23.4915254237
21.1166666667
21.75
21.8
21.3666666667
21.0508474576
21.0333333333
23.55
22.0333333333
23.6666666667
21.6166666667
22.2372881356
22.6833333333
21.4666666667
21.8
22.5
22.3833333333
22.0677966102
22.4166666667
22.5
22.9333333333
21.05
23.186440678
22.6333333333
23.2666666667
22.5
23.1
24.4166666667
23.1525423729
23.4166666667
22.9666666667
23.2333333333
23.7833333333
23.3389830508
23.1666666667
23.25
23.7666666667
24.3166666667
23.25
23.3559322034
22.0833333333
22.7
23.1666666667
22.7166666667
22.35
22.9830508475
22.4833333333
21.45
23.7192982456
--END OF 5--
23.5166666667
22.1666666667
23.3166666667
23.0333333333
23.7118644068
24.65
23.2
21.65
22.0166666667
22.7333333333
24.0833333333
24.0
21.1666666667
22.6666666667
22.6166666667
22.0333333333
22.2033898305
21.85
24.05
22.1166666667
24.2666666667
22.5333333333
22.6271186441
23.3333333333
22.0166666667
22.3
23.35
22.8833333333
22.4745762712
22.9666666667
23.55
23.8333333333
22.0
23.8813559322
23.0833333333
24.2166666667
23.8833333333
23.2166666667
25.0666666667
23.8305084746
24.3666666667
23.4166666667
23.8333333333
24.7833333333
24.6440677966
23.9333333333
23.8333333333
24.2
24.6333333333
24.15
24.8305084746
23.0666666667
23.3333333333
23.7833333333
23.3166666667
22.3833333333
22.9830508475
22.9333333333
22.7
24.8596491228
--END OF 6--
3288.05
3152.45
3451.0
3126.0
3173.89830508
3283.95
3182.7
3175.65
3215.1
3311.7
3394.35
3297.86440678
3110.55
3069.0
3204.6
3235.75
3143.18644068
3115.45
3267.65
3157.8
3253.65
3183.5
3188.18644068
3225.6
3253.2
3207.75
3310.05
3371.85
3355.06779661
3179.5
3348.8
3250.9
3185.9
3369.40677966
3291.45
3322.75
3158.0
3310.55
3408.85
3297.40677966
3345.45
3400.35
3429.3
3267.45
3203.54237288
3299.35
3239.7
3331.4
3426.95
3334.95
3369.45762712
3184.55
3408.3
3313.55
3375.55
3239.5
3320.94915254
3269.25
3139.35
3137.10526316
--END OF 7--
919.7
876.066666667
939.75
855.866666667
873.830508475
915.9
872.6
871.5
905.05
912.05
958.0
920.372881356
855.133333333
849.583333333
867.4
868.016666667
864.372881356
865.133333333
898.533333333
877.683333333
896.15
892.983333333
896.762711864
897.85
895.3
885.65
927.55
927.75
921.101694915
882.7
927.316666667
892.466666667
877.416666667
911.372881356
894.783333333
909.033333333
875.283333333
932.6
967.9
900.610169492
952.35
932.8
933.65
921.85
893.694915254
921.55
909.4
934.466666667
967.416666667
937.833333333
922.86440678
886.216666667
944.066666667
907.333333333
925.216666667
911.0
913.542372881
907.7
873.0
871.473684211
--END OF 8--
129.233333333
113.35
116.066666667
120.35
116.474576271
125.95
108.85
105.35
91.25
114.85
127.65
130.338983051
107.75
122.083333333
112.0
109.933333333
101.389830508
108.9
131.283333333
107.716666667
141.35
105.95
110.949152542
118.2
110.1
108.95
108.55
109.85
114.423728814
113.483333333
118.9
124.8
100.85
128.169491525
131.816666667
128.6
109.55
122.683333333
128.35
118.186440678
132.2
125.15
114.6
121.3
124.830508475
126.9
120.35
132.416666667
117.566666667
121.183333333
126.745762712
115.55
118.566666667
133.4
117.85
110.666666667
130.271186441
120.05
108.05
135.543859649
--END OF 9--
3.13333333333
1.98333333333
1.95
6.33333333333
6.08474576271
6.5
5.3
2.8
5.55
3.1
5.2
4.57627118644
3.36666666667
2.78333333333
2.33333333333
3.3
4.40677966102
5.91666666667
5.68333333333
2.95
5.7
2.11666666667
2.33898305085
5.1
3.0
3.9
4.6
3.6
2.64406779661
7.31666666667
4.5
7.13333333333
2.68333333333
4.96610169492
2.55
7.43333333333
8.4
1.98333333333
3.35
4.93220338983
2.9
3.2
4.95
8.3
7.1186440678
5.95
5.28333333333
5.31666666667
3.96666666667
4.05
6.42372881356
4.41666666667
4.3
4.7
2.83333333333
4.26666666667
1.27118644068
1.65
5.6
7.0701754386
--END OF 10--
0.566666666667
0.183333333333
0.966666666667
0.816666666667
2.81355932203
1.75
2.4
0.9
0.7
0.9
0.9
0.71186440678
0.0833333333333
2.05
1.33333333333
0.966666666667
1.69491525424
1.15
0.483333333333
0.0
0.483333333333
1.36666666667
0.627118644068
1.0
0.85
0.95
1.5
0.8
0.915254237288
0.5
1.03333333333
0.833333333333
0.633333333333
0.593220338983
0.5
1.05
2.3
0.25
0.8
0.28813559322
1.55
0.45
0.8
1.25
2.05084745763
1.41666666667
0.65
0.8
0.466666666667
1.08333333333
2.08474576271
1.18333333333
0.833333333333
0.683333333333
0.783333333333
0.0333333333333
0.0
0.5
1.25
1.66666666667
--END OF 11--
0.0
0.0
0.0
0.0
0.0
0.05
0.7
0.25
0.0
0.5
0.0
0.508474576271
0.0
0.0
0.5
0.0
0.0
0.5
0.0
0.0
0.3
0.5
0.0
0.5
0.0
0.0
0.0
0.0
0.0
0.0
0.0
0.0
0.0
0.0
0.0
0.0
0.5
0.0
0.166666666667
0.0
0.0
0.0
0.0
0.0
0.508474576271
0.0
0.0
0.0
0.0
0.0
0.203389830508
0.683333333333
0.333333333333
0.0
0.0
0.0
0.0
0.1
0.5
0.0
--END OF 12--
