23.8333333333
21.9833333333
22.5166666667
21.95
20.8644067797
22.2
22.1
20.8333333333
22.3666666667
21.8666666667
21.9833333333
21.3728813559
20.95
21.1333333333
21.4166666667
21.5
22.1186440678
22.25
23.5
22.4833333333
21.95
22.5333333333
21.8644067797
22.6833333333
21.3833333333
20.9333333333
22.3166666667
22.9
21.7796610169
21.9333333333
21.0666666667
22.25
21.6833333333
21.9661016949
22.3166666667
21.3166666667
21.9166666667
21.9
20.3333333333
22.4576271186
21.7
22.5166666667
21.7
21.7
21.0166666667
21.3559322034
21.8666666667
20.6666666667
21.4166666667
22.0
21.9833333333
20.7627118644
21.2666666667
21.55
20.8333333333
22.3333333333
21.7966101695
22.4
22.6333333333
22.0701754386
--END OF 1--
34.3833333333
32.1833333333
29.85
30.15
28.5423728814
30.0
31.15
30.3333333333
31.15
31.5
31.15
30.7457627119
29.6833333333
29.2166666667
30.3333333333
30.3333333333
30.6949152542
30.4
32.1
31.2833333333
31.7166666667
30.4333333333
31.3728813559
33.1
30.4666666667
30.2166666667
32.4833333333
30.8333333333
30.0508474576
31.2
30.3
30.8666666667
30.7333333333
31.5423728814
32.1666666667
29.5666666667
30.7166666667
30.9666666667
27.7333333333
30.5084745763
29.7333333333
31.85
28.55
30.6833333333
30.05
29.9491525424
29.6666666667
29.8666666667
30.5833333333
29.4833333333
30.6166666667
29.406779661
28.5166666667
31.15
30.1833333333
29.5333333333
29.3220338983
31.7333333333
31.3
30.3684210526
--END OF 2--
36.3333333333
33.1833333333
30.25
31.3
30.2033898305
31.5833333333
31.4833333333
31.2166666667
31.4166666667
31.9833333333
31.7666666667
31.3559322034
30.85
31.05
31.6333333333
31.2666666667
31.6779661017
31.7
32.3666666667
32.2333333333
32.4166666667
31.5833333333
31.9491525424
33.8333333333
31.7833333333
31.1
34.1166666667
31.6
30.9661016949
31.9
31.6333333333
31.9166666667
31.1666666667
32.3220338983
33.0833333333
30.8666666667
31.7666666667
32.1
27.9333333333
31.8983050847
30.7333333333
33.4166666667
29.4
30.9333333333
31.8333333333
30.4915254237
31.15
30.2333333333
32.0833333333
31.2166666667
32.0166666667
30.593220339
29.5166666667
32.75
32.1833333333
30.2833333333
29.813559322
34.0833333333
32.35
31.4912280702
--END OF 3--
22.0833333333
20.8833333333
21.3333333333
20.95
20.1694915254
21.0
21.1
19.9833333333
21.2666666667
20.8666666667
20.9833333333
20.3728813559
20.1666666667
20.1666666667
20.5166666667
20.4833333333
21.0508474576
21.2
21.9
21.3666666667
20.95
21.2833333333
20.8644067797
21.5
20.4666666667
20.3166666667
21.1166666667
21.65
20.7796610169
20.8666666667
20.35
21.25
20.6833333333
20.8644067797
20.95
20.4166666667
20.9166666667
20.9166666667
19.8333333333
21.406779661
20.7166666667
21.3666666667
20.7
20.6
20.0166666667
20.3050847458
20.7666666667
19.7166666667
20.5333333333
21.0333333333
20.9833333333
19.813559322
20.2666666667
20.5
19.8333333333
21.1333333333
20.7966101695
21.35
21.3666666667
21.0701754386
--END OF 4--
32.3833333333
31.0333333333
29.65
29.75
28.2881355932
29.5333333333
30.4833333333
29.8833333333
30.3
30.65
30.3
29.813559322
29.3333333333
28.8166666667
29.65
29.6333333333
30.0338983051
29.85
31.0333333333
30.6
30.8333333333
29.8833333333
30.593220339
31.8166666667
29.9833333333
29.8
31.1833333333
30.2333333333
29.7796610169
30.4666666667
29.7833333333
30.25
30.0666666667
30.7118644068
30.9666666667
29.1666666667
29.9166666667
30.1833333333
27.7333333333
29.9491525424
29.4833333333
30.8
28.5166666667
29.9666666667
29.4666666667
29.5084745763
29.2166666667
29.4666666667
29.7
29.1833333333
29.9666666667
29.0338983051
28.3666666667
30.2
29.4333333333
29.0833333333
29.1186440678
30.7
30.3333333333
29.8421052632
--END OF 5--
36.3333333333
33.1833333333
30.25
31.3
30.2033898305
31.5833333333
31.4833333333
31.2166666667
31.4166666667
31.9833333333
31.7666666667
31.3559322034
30.85
31.05
31.6333333333
31.2666666667
31.6779661017
31.7
32.3666666667
32.2333333333
32.4166666667
31.5833333333
31.9491525424
33.8333333333
31.7833333333
31.1
34.1166666667
31.6
30.9661016949
31.9
31.6333333333
31.9166666667
31.1666666667
32.3220338983
33.0833333333
30.8666666667
31.7666666667
32.1
27.9333333333
31.8983050847
30.7333333333
33.4166666667
29.4
30.9333333333
31.8333333333
30.4915254237
31.15
30.2333333333
32.0833333333
31.2166666667
32.0166666667
30.593220339
29.5166666667
32.75
32.1833333333
30.2833333333
29.813559322
34.0833333333
32.35
31.4912280702
--END OF 6--
4270.05
3939.3
4041.65
3954.15
3825.61016949
4044.35
4080.55
3879.6
4066.05
4020.25
4124.1
4123.27118644
3930.6
3932.85
4047.15
4056.45
4115.54237288
4035.45
4225.8
4223.3
4141.45
4123.95
4000.42372881
4139.2
3993.55
3953.9
4184.8
4206.75
3982.42372881
4041.25
3952.15
4058.35
4013.6
4007.6440678
4202.9
3970.8
4062.9
4145.75
3781.35
4073.23728814
4064.75
4225.9
3984.3
4016.65
3989.95
4018.11864407
4073.3
3987.15
4116.2
3983.55
4072.05
3996.3559322
3891.45
4147.65
4066.5
4146.0
3963.66101695
4140.0
4280.35
4020.05263158
--END OF 7--
1220.45
1128.0
1134.06666667
1116.75
1060.6440678
1132.88333333
1136.15
1076.03333333
1148.85
1133.65
1140.1
1136.23728814
1104.7
1110.21666667
1148.65
1135.03333333
1146.06779661
1134.15
1177.31666667
1164.81666667
1155.51666667
1142.7
1130.0
1167.86666667
1129.01666667
1098.21666667
1166.38333333
1176.95
1118.03389831
1129.43333333
1115.03333333
1140.7
1127.23333333
1141.6779661
1184.53333333
1107.65
1137.65
1155.61666667
1053.15
1140.25423729
1118.26666667
1175.73333333
1108.68333333
1131.43333333
1125.75
1117.57627119
1151.4
1115.3
1135.6
1114.46666667
1147.63333333
1109.33898305
1105.45
1140.8
1110.65
1153.8
1112.6440678
1158.88333333
1179.56666667
1124.29824561
--END OF 8--
214.45
205.5
167.466666667
177.3
165.0
173.266666667
164.166666667
183.75
183.95
169.533333333
169.866666667
187.542372881
179.133333333
180.016666667
184.083333333
179.15
180.644067797
187.35
182.833333333
179.216666667
190.133333333
180.55
193.644067797
205.733333333
183.3
188.733333333
208.766666667
178.083333333
162.474576271
194.766666667
198.016666667
198.35
195.966666667
196.220338983
199.7
171.2
185.55
183.666666667
168.9
186.423728814
168.25
202.45
165.466666667
182.85
177.15
180.644067797
164.816666667
188.516666667
189.533333333
167.033333333
182.65
187.203389831
169.7
198.3
189.3
177.35
168.338983051
190.45
185.016666667
180.842105263
--END OF 9--
12.7
8.5
3.73333333333
6.7
8.84745762712
5.71666666667
10.1
6.6
5.71666666667
12.9166666667
10.2166666667
7.86440677966
7.68333333333
9.73333333333
5.86666666667
7.31666666667
7.0
5.45
7.08333333333
4.98333333333
9.48333333333
5.35
5.94915254237
10.5333333333
8.8
5.88333333333
9.5
5.95
9.32203389831
6.08333333333
6.03333333333
4.83333333333
4.61666666667
7.01694915254
6.23333333333
9.1
8.4
6.88333333333
3.6
6.64406779661
7.05
7.31666666667
3.05
5.21666666667
9.96666666667
7.10169491525
10.2833333333
4.71666666667
4.63333333333
7.7
7.86666666667
6.93220338983
5.45
9.95
11.0
4.6
5.52542372881
14.2833333333
7.1
7.77192982456
--END OF 10--
2.95
1.7
0.216666666667
1.9
2.01694915254
2.83333333333
0.166666666667
0.866666666667
0.3
0.266666666667
0.5
0.508474576271
1.78333333333
2.78333333333
1.83333333333
1.63333333333
1.05084745763
1.35
0.483333333333
1.48333333333
0.916666666667
1.7
0.983050847458
0.966666666667
1.26666666667
1.4
2.73333333333
0.633333333333
1.54237288136
1.1
2.18333333333
0.566666666667
0.633333333333
0.406779661017
1.4
2.0
1.5
1.18333333333
0.1
2.45762711864
1.43333333333
2.33333333333
0.6
0.533333333333
2.83333333333
0.593220338983
1.8
0.4
2.23333333333
3.05
1.5
1.27118644068
1.4
1.75
3.1
0.6
0.440677966102
3.1
1.38333333333
1.56140350877
--END OF 11--
1.1
0.4
0.0
0.0
0.949152542373
0.0666666666667
0.0
0.266666666667
0.0666666666667
0.0
0.0
0.0
0.5
0.5
0.733333333333
0.133333333333
0.0
0.35
0.0833333333333
0.416666666667
0.316666666667
0.9
0.101694915254
0.0
0.0
0.0
0.0
0.0
0.0
0.0
0.0
0.0
0.0
0.169491525424
0.3
0.0
0.0
0.0
0.0
0.135593220339
0.633333333333
0.2
0.0
0.0
0.333333333333
0.0
0.366666666667
0.0
0.0
0.0
0.5
0.0
0.0
0.95
0.05
0.35
0.152542372881
0.633333333333
0.333333333333
0.0
--END OF 12--
