13.4
14.5
14.5333333333
15.0
14.6166666667
15.1355932203
14.65
15.55
15.45
16.7
14.05
14.1186440678
14.0833333333
15.4666666667
14.85
15.5
15.3333333333
13.5254237288
13.7166666667
15.2333333333
14.9833333333
15.2166666667
14.1
15.2033898305
14.4666666667
13.7333333333
14.8833333333
14.7833333333
13.9661016949
14.6666666667
14.5
15.0666666667
15.8666666667
15.4833333333
15.2542372881
15.6833333333
14.5
14.6
15.15
14.7166666667
14.9152542373
14.3
15.6
16.75
16.25
16.0666666667
15.6271186441
16.2666666667
16.7
16.1333333333
15.3333333333
15.9661016949
15.1666666667
15.9833333333
15.7
14.8833333333
16.1666666667
16.2881355932
15.5
13.2641509434
--END OF 1--
17.75
19.3
18.5666666667
19.0666666667
19.4333333333
20.8474576271
19.3
20.25
19.35
21.15
18.45
18.6779661017
18.7833333333
21.0
19.8166666667
19.9666666667
20.9666666667
19.0
17.9333333333
20.3833333333
19.4833333333
19.7833333333
20.3333333333
19.4745762712
18.7166666667
18.5
20.4333333333
21.2166666667
19.1186440678
18.9833333333
18.6
19.0666666667
20.25
20.7833333333
19.6779661017
21.05
19.6833333333
19.1166666667
20.4
20.8833333333
19.5423728814
20.3833333333
20.7
22.25
21.55
21.75
20.4406779661
21.0333333333
21.8666666667
21.6833333333
20.3166666667
21.3728813559
18.9333333333
20.4333333333
21.0833333333
19.9666666667
21.45
21.406779661
19.15
19.0943396226
--END OF 2--
18.8833333333
21.0666666667
20.3333333333
19.15
19.75
21.5423728814
19.85
22.3
20.25
21.85
19.35
19.5254237288
19.1
21.4333333333
21.0333333333
21.2666666667
21.7666666667
21.186440678
18.1
21.35
19.7333333333
19.9166666667
20.95
19.7118644068
19.5666666667
19.5833333333
21.1833333333
21.45
19.7288135593
18.9833333333
19.5333333333
19.9166666667
21.3833333333
21.5
20.6101694915
21.5666666667
20.1666666667
20.1166666667
20.5833333333
21.95
20.5762711864
20.9333333333
21.1
23.6
22.45
22.2666666667
20.6949152542
22.7
22.7
22.3
21.0333333333
21.9491525424
19.0666666667
21.15
22.2833333333
20.45
22.0666666667
22.2372881356
19.7
19.1698113208
--END OF 3--
13.4
14.5
14.5333333333
15.0
14.6166666667
15.1355932203
14.65
15.55
15.45
16.7
14.05
14.1186440678
14.0833333333
15.4666666667
14.85
15.5
15.3333333333
13.5254237288
13.7166666667
15.2333333333
14.9833333333
15.2166666667
14.1
15.2033898305
14.4666666667
13.7333333333
14.8833333333
14.7833333333
13.9661016949
14.6666666667
14.5
15.0666666667
15.8666666667
15.4833333333
15.2542372881
15.6833333333
14.5
14.6
15.15
14.7166666667
14.9152542373
14.3
15.6
16.75
16.25
16.0666666667
15.6271186441
16.2666666667
16.7
16.1333333333
15.3333333333
15.9661016949
15.1666666667
15.9833333333
15.7
14.8833333333
16.1666666667
16.2881355932
15.5
13.2641509434
--END OF 4--
17.75
19.3
18.5666666667
19.0666666667
19.4333333333
20.8474576271
19.3
20.25
19.35
21.15
18.45
18.6779661017
18.7833333333
21.0
19.8166666667
19.9666666667
20.9666666667
19.0
17.9333333333
20.3833333333
19.4833333333
19.7833333333
20.3333333333
19.4745762712
18.7166666667
18.5
20.4333333333
21.2166666667
19.1186440678
18.9833333333
18.6
19.0666666667
20.25
20.7833333333
19.6779661017
21.05
19.6833333333
19.1166666667
20.4
20.8833333333
19.5423728814
20.3833333333
20.7
22.25
21.55
21.75
20.4406779661
21.0333333333
21.8666666667
21.6833333333
20.3166666667
21.3728813559
18.9333333333
20.4333333333
21.0833333333
19.9666666667
21.45
21.406779661
19.15
19.0943396226
--END OF 5--
18.8833333333
21.0666666667
20.3333333333
19.15
19.75
21.5423728814
19.85
22.3
20.25
21.85
19.35
19.5254237288
19.1
21.4333333333
21.0333333333
21.2666666667
21.7666666667
21.186440678
18.1
21.35
19.7333333333
19.9166666667
20.95
19.7118644068
19.5666666667
19.5833333333
21.1833333333
21.45
19.7288135593
18.9833333333
19.5333333333
19.9166666667
21.3833333333
21.5
20.6101694915
21.5666666667
20.1666666667
20.1166666667
20.5833333333
21.95
20.5762711864
20.9333333333
21.1
23.6
22.45
22.2666666667
20.6949152542
22.7
22.7
22.3
21.0333333333
21.9491525424
19.0666666667
21.15
22.2833333333
20.45
22.0666666667
22.2372881356
19.7
19.1698113208
--END OF 6--
2505.55
2709.4
2778.85
2844.25
2775.4
2823.0
2672.4
2840.1
2866.35
3094.95
2769.6
2740.98305085
2748.95
2942.2
2795.4
2872.1
2861.3
2585.94915254
2680.55
2925.15
2847.75
2996.0
2723.0
2854.3220339
2790.0
2716.05
2817.6
2853.5
2681.69491525
2710.75
2751.6
2807.2
2880.5
2942.2
2760.0
3004.2
2766.2
2715.55
2849.4
2803.9
2831.59322034
2755.3
2954.55
3096.6
3015.45
3003.75
2906.38983051
2917.45
3046.5
3057.8
2925.3
3003.40677966
2800.7
2988.45
2968.2
2880.3
3046.45
2974.22033898
2839.5
2603.20754717
--END OF 7--
708.0
758.4
795.133333333
784.85
767.533333333
796.118644068
747.7
814.3
798.1
859.0
750.25
754.474576271
768.933333333
816.65
770.483333333
800.5
788.866666667
740.372881356
753.85
811.033333333
792.25
822.4
753.283333333
785.169491525
766.05
755.0
786.65
790.866666667
749.779661017
759.433333333
754.7
774.016666667
806.8
810.633333333
768.830508475
829.133333333
772.883333333
754.45
791.533333333
784.766666667
779.762711864
767.233333333
826.9
873.0
839.4
835.566666667
814.983050847
830.166666667
854.183333333
833.783333333
803.166666667
828.694915254
780.433333333
819.25
818.916666667
792.45
850.133333333
842.779661017
798.65
727.924528302
--END OF 8--
91.6166666667
104.3
90.4333333333
81.8833333333
102.0
113.237288136
104.5
113.65
107.1
100.6
86.45
95.7118644068
104.35
113.166666667
109.166666667
106.533333333
120.783333333
106.711864407
94.35
125.75
107.6
99.8333333333
123.033333333
98.0847457627
91.85
100.55
121.25
128.8
108.237288136
100.616666667
97.3
108.533333333
118.166666667
117.266666667
103.406779661
123.933333333
106.75
102.966666667
107.266666667
125.95
99.8644067797
132.633333333
110.3
115.05
110.95
129.7
111.254237288
119.683333333
112.733333333
116.75
95.85
120.271186441
101.033333333
114.05
122.466666667
107.766666667
111.45
120.779661017
95.0
107.320754717
--END OF 9--
4.01666666667
5.51666666667
6.48333333333
3.65
3.75
4.40677966102
5.35
6.5
3.05
4.1
4.2
5.50847457627
4.08333333333
3.45
6.91666666667
5.85
6.56666666667
9.84745762712
0.916666666667
4.63333333333
4.73333333333
2.53333333333
5.86666666667
3.18644067797
4.85
3.9
4.3
5.75
5.23728813559
1.13333333333
6.03333333333
2.15
3.46666666667
3.91666666667
5.93220338983
1.7
5.55
4.16666666667
4.71666666667
7.03333333333
5.0
4.8
2.15
7.0
5.85
2.86666666667
0.389830508475
5.58333333333
5.06666666667
4.6
5.26666666667
3.32203389831
1.1
2.75
6.21666666667
3.85
3.66666666667
2.84745762712
1.8
4.79245283019
--END OF 10--
1.4
2.43333333333
2.13333333333
0.0333333333333
0.766666666667
1.20338983051
0.5
2.9
0.65
1.0
1.0
1.40677966102
0.4
0.7
1.48333333333
1.68333333333
1.05
4.08474576271
0.233333333333
1.48333333333
0.316666666667
0.183333333333
1.0
0.661016949153
0.85
1.51666666667
0.9
0.216666666667
0.508474576271
0.0
1.21666666667
1.21666666667
1.58333333333
1.15
1.86440677966
0.916666666667
0.583333333333
1.5
0.0166666666667
1.75
1.66101694915
0.866666666667
0.6
2.4
1.45
0.5
0.28813559322
2.61666666667
1.15
0.766666666667
0.816666666667
0.694915254237
0.366666666667
0.633333333333
1.06666666667
0.933333333333
0.666666666667
1.35593220339
0.9
0.0
--END OF 11--
0.683333333333
1.15
1.16666666667
0.0
0.0
0.0
0.0
0.0
0.0
0.0
0.45
0.0508474576271
0.283333333333
0.15
0.5
0.0
0.0
0.372881355932
0.133333333333
0.0
0.0
0.0
0.0
0.152542372881
0.35
0.316666666667
0.7
0.05
0.0
0.0
0.0
0.433333333333
0.566666666667
0.0
0.0
0.0
0.0
0.5
0.0
0.116666666667
0.389830508475
0.0
0.5
0.4
0.1
0.0
0.0
0.466666666667
0.533333333333
0.0333333333333
0.55
0.28813559322
0.0
0.0
0.0
0.0
0.5
0.0
0.0
0.0
--END OF 12--
