8.86666666667
8.35
8.33898305085
9.31666666667
8.31666666667
8.16666666667
7.41666666667
7.28333333333
7.94915254237
8.21666666667
8.31666666667
8.0
8.63333333333
7.78333333333
7.42372881356
8.33333333333
8.36666666667
8.56666666667
8.76666666667
7.32203389831
8.08333333333
8.48333333333
8.06666666667
8.01666666667
9.4
8.64406779661
9.45
9.65
8.65
9.45
8.84745762712
9.45
8.05
8.73333333333
8.28333333333
9.78333333333
7.76271186441
8.65
7.81666666667
9.15
8.0
8.4406779661
9.1
8.45
7.6
8.1
8.88333333333
7.66101694915
8.78333333333
7.98333333333
9.28333333333
9.25
8.06666666667
9.08474576271
8.98333333333
8.45
7.5
8.21666666667
8.15
8.49122807018
--END OF 1--
12.6666666667
11.45
11.3220338983
12.5166666667
10.9666666667
11.15
9.68333333333
9.96666666667
11.2203389831
11.0166666667
11.2166666667
12.4
11.6333333333
10.0333333333
9.91525423729
10.8666666667
11.3833333333
11.25
11.5666666667
11.1525423729
10.8166666667
11.55
10.9833333333
10.5833333333
11.95
12.2033898305
12.75
12.55
11.05
11.65
11.2372881356
12.1166666667
11.3833333333
12.0666666667
11.5333333333
12.95
10.6949152542
11.0166666667
10.1833333333
11.2666666667
10.0166666667
11.3898305085
12.35
11.3
11.1
11.2
11.8833333333
10.5593220339
12.1333333333
11.05
12.2333333333
12.2833333333
10.85
12.0508474576
11.6666666667
12.0833333333
11.4333333333
10.9166666667
10.9833333333
12.350877193
--END OF 2--
13.2666666667
11.5666666667
11.8983050847
13.1166666667
11.6166666667
11.5333333333
10.0333333333
10.8666666667
11.5254237288
11.5166666667
11.3666666667
12.65
12.5833333333
10.5333333333
10.3050847458
10.8833333333
11.8166666667
11.7166666667
11.5666666667
11.1525423729
10.8166666667
11.55
11.5333333333
10.6
12.6
12.2881355932
12.75
12.9
11.35
12.35
11.7457627119
12.1166666667
11.4833333333
12.5
12.4833333333
13.6
11.3898305085
11.3
10.65
11.8
10.0833333333
12.0847457627
13.35
11.4
11.75
11.9
11.9833333333
10.813559322
12.2833333333
11.65
12.3833333333
12.7666666667
11.1
12.6779661017
11.9
12.2333333333
11.5833333333
11.0166666667
11.3833333333
13.3859649123
--END OF 3--
8.86666666667
8.35
8.33898305085
9.31666666667
8.31666666667
8.16666666667
7.41666666667
7.28333333333
7.94915254237
8.21666666667
8.31666666667
8.0
8.63333333333
7.78333333333
7.42372881356
8.33333333333
8.36666666667
8.56666666667
8.76666666667
7.32203389831
8.08333333333
8.48333333333
8.06666666667
8.01666666667
9.4
8.64406779661
9.45
9.65
8.65
9.45
8.84745762712
9.45
8.05
8.73333333333
8.28333333333
9.78333333333
7.76271186441
8.65
7.81666666667
9.15
8.0
8.4406779661
9.1
8.45
7.6
8.1
8.88333333333
7.66101694915
8.78333333333
7.98333333333
9.28333333333
9.25
8.06666666667
9.08474576271
8.98333333333
8.45
7.5
8.21666666667
8.15
8.49122807018
--END OF 4--
12.6666666667
11.45
11.3220338983
12.5166666667
10.9666666667
11.15
9.68333333333
9.96666666667
11.2203389831
11.0166666667
11.2166666667
12.4
11.6333333333
10.0333333333
9.91525423729
10.8666666667
11.3833333333
11.25
11.5666666667
11.1525423729
10.8166666667
11.55
10.9833333333
10.5833333333
11.95
12.2033898305
12.75
12.55
11.05
11.65
11.2372881356
12.1166666667
11.3833333333
12.0666666667
11.5333333333
12.95
10.6949152542
11.0166666667
10.1833333333
11.2666666667
10.0166666667
11.3898305085
12.35
11.3
11.1
11.2
11.8833333333
10.5593220339
12.1333333333
11.05
12.2333333333
12.2833333333
10.85
12.0508474576
11.6666666667
12.0833333333
11.4333333333
10.9166666667
10.9833333333
12.350877193
--END OF 5--
13.2666666667
11.5666666667
11.8983050847
13.1166666667
11.6166666667
11.5333333333
10.0333333333
10.8666666667
11.5254237288
11.5166666667
11.3666666667
12.65
12.5833333333
10.5333333333
10.3050847458
10.8833333333
11.8166666667
11.7166666667
11.5666666667
11.1525423729
10.8166666667
11.55
11.5333333333
10.6
12.6
12.2881355932
12.75
12.9
11.35
12.35
11.7457627119
12.1166666667
11.4833333333
12.5
12.4833333333
13.6
11.3898305085
11.3
10.65
11.8
10.0833333333
12.0847457627
13.35
11.4
11.75
11.9
11.9833333333
10.813559322
12.2833333333
11.65
12.3833333333
12.7666666667
11.1
12.6779661017
11.9
12.2333333333
11.5833333333
11.0166666667
11.3833333333
13.3859649123
--END OF 6--
1759.55
1663.1
1606.22033898
1814.35
1661.7
1653.55
1572.9
1609.7
1718.38983051
1699.05
1769.25
1677.9
1656.0
1615.5
1523.38983051
1616.25
1604.55
1648.9
1670.65
1591.22033898
1674.85
1690.7
1546.25
1714.65
1857.35
1746.61016949
1788.6
1801.5
1704.0
1795.35
1757.49152542
1915.2
1619.3
1783.55
1730.75
1883.0
1640.18644068
1724.5
1552.05
1770.35
1527.45
1686.3559322
1737.45
1690.05
1513.5
1596.45
1709.4
1627.57627119
1776.7
1659.95
1794.9
1850.7
1713.1
1653.45762712
1722.25
1698.6
1718.0
1668.4
1699.5
1799.42105263
--END OF 7--
482.783333333
467.683333333
452.0
505.7
468.133333333
465.55
437.916666667
430.016666667
467.457627119
463.25
471.9
464.85
467.4
450.9
426.881355932
450.883333333
455.25
462.666666667
472.0
436.152542373
477.133333333
481.133333333
438.75
462.483333333
511.016666667
482.966101695
499.3
515.05
470.85
499.5
478.186440678
529.716666667
459.333333333
495.716666667
460.4
518.683333333
445.474576271
482.783333333
425.216666667
489.65
427.183333333
466.423728814
482.95
462.35
425.35
451.9
471.1
451.491525424
486.866666667
446.05
506.6
504.866666667
466.3
476.762711864
476.85
476.85
468.35
448.233333333
468.783333333
486.315789474
--END OF 8--
69.4666666667
60.5
63.2542372881
69.55
56.9166666667
64.1166666667
52.3833333333
56.1166666667
65.813559322
52.2
57.9
74.4
58.65
63.9
51.8983050847
60.0333333333
72.25
71.5833333333
60.15
60.4745762712
59.8333333333
61.7333333333
63.3
56.3333333333
63.15
66.2711864407
69.3
76.3
55.35
56.0
54.2033898305
65.5
64.0166666667
73.3333333333
68.0833333333
70.9166666667
60.6779661017
60.15
59.45
59.0833333333
41.35
61.1186440678
69.9
64.7
77.85
69.5
70.0
64.4406779661
74.0166666667
60.9333333333
63.1333333333
73.5833333333
62.65
67.6101694915
60.0833333333
70.6
70.9666666667
63.55
62.7666666667
72.1754385965
--END OF 9--
3.88333333333
3.3
2.66101694915
1.81666666667
2.0
2.81666666667
1.3
4.73333333333
3.25423728814
4.05
2.4
5.1
4.55
0.95
1.61016949153
0.75
4.03333333333
2.13333333333
1.73333333333
3.96610169492
0.616666666667
1.1
3.1
2.05
2.5
2.79661016949
1.75
1.25
2.7
3.4
1.42372881356
0.6
4.93333333333
4.33333333333
4.23333333333
2.3
3.03389830508
1.68333333333
1.06666666667
2.36666666667
1.15
3.40677966102
4.9
1.8
3.7
4.1
3.55
1.18644067797
2.91666666667
2.98333333333
2.06666666667
2.6
1.33333333333
2.67796610169
2.03333333333
2.83333333333
2.28333333333
1.7
2.23333333333
5.31578947368
--END OF 10--
0.666666666667
0.333333333333
0.779661016949
0.716666666667
1.03333333333
0.483333333333
0.5
1.5
0.305084745763
0.2
0.3
0.45
1.25
0.25
0.745762711864
0.0166666666667
0.733333333333
0.766666666667
0.0
0.0
0.0
0.0
1.0
0.0166666666667
0.9
0.0847457627119
0.0
0.5
0.4
0.75
0.864406779661
0.0
0.333333333333
0.45
1.1
0.95
0.694915254237
0.55
0.55
0.883333333333
0.166666666667
0.64406779661
1.7
0.0
0.5
0.5
0.15
0.35593220339
0.333333333333
1.16666666667
0.183333333333
0.316666666667
0.0
0.983050847458
0.0333333333333
0.0
0.5
0.116666666667
0.883333333333
0.912280701754
--END OF 11--
0.0
0.0
0.271186440678
0.716666666667
0.516666666667
0.0
0.0
0.0
0.0
0.0
0.3
0.45
0.25
0.0
0.0
0.0
0.0
0.0
0.0
0.0
0.0
0.0
0.0
0.0
0.0
0.0
0.0
0.0
0.0
0.0
0.0
0.0
0.0
0.0
0.0
0.333333333333
0.169491525424
0.0
0.0
0.0
0.0
0.305084745763
0.7
0.0
0.0
0.5
0.15
0.35593220339
0.0
0.0
0.0
0.0
0.0
0.0
0.0
0.0
0.0
0.0
0.0
0.0175438596491
--END OF 12--
