16.6666666667
17.2166666667
16.8
16.1833333333
16.5762711864
15.6833333333
17.0333333333
17.5166666667
17.7833333333
16.4166666667
16.6610169492
17.0833333333
16.7
17.8833333333
16.9
15.7966101695
16.5666666667
17.4666666667
17.0166666667
17.25
19.406779661
18.8166666667
18.0
16.9833333333
17.35
18.1166666667
17.4915254237
17.6666666667
17.6333333333
17.2333333333
18.4333333333
17.7118644068
17.7
16.4166666667
17.4166666667
18.3333333333
17.2881355932
17.8
16.8
17.2333333333
17.15
18.0508474576
18.55
18.45
18.0666666667
18.4
17.9
16.8305084746
17.5666666667
18.2
16.7166666667
17.9166666667
18.1525423729
17.9333333333
18.1833333333
18.1166666667
17.8
19.3389830508
18.8333333333
15.7719298246
--END OF 1--
23.8666666667
24.7833333333
25.4166666667
23.5333333333
24.6440677966
22.6333333333
23.3
24.8166666667
25.7666666667
25.3666666667
23.0847457627
24.8666666667
25.15
24.3166666667
24.6333333333
22.8474576271
24.2666666667
25.1166666667
23.6166666667
25.0666666667
26.9152542373
26.4833333333
25.4833333333
24.8
26.0333333333
27.4
24.2542372881
24.2166666667
23.3833333333
25.3833333333
24.6166666667
23.6271186441
24.5833333333
22.6166666667
25.3666666667
25.3166666667
24.5423728814
23.85
24.8166666667
24.0166666667
24.55
26.1186440678
25.8833333333
26.45
25.35
25.4333333333
26.5333333333
23.6271186441
25.3166666667
25.05
26.2166666667
26.6166666667
25.4745762712
24.9
25.0166666667
25.8
24.4
27.8983050847
27.8
23.1052631579
--END OF 2--
24.9666666667
26.4166666667
26.9166666667
24.2833333333
25.6440677966
23.0333333333
25.3
25.9166666667
26.45
25.9
23.3898305085
25.7666666667
25.65
24.6666666667
25.45
24.2203389831
24.6166666667
26.2166666667
24.1166666667
25.2666666667
28.2372881356
27.8666666667
25.85
25.4333333333
27.6666666667
28.5
24.7966101695
25.8
23.6833333333
26.15
25.0666666667
24.0677966102
25.0666666667
23.2666666667
26.0166666667
25.8833333333
25.1355932203
24.6
26.15
25.3833333333
25.2333333333
26.5254237288
26.6166666667
27.7666666667
25.9833333333
26.0333333333
27.95
24.3220338983
27.0666666667
27.2
28.25
28.3666666667
27.2542372881
25.65
25.0166666667
26.2833333333
25.8
29.7966101695
29.8
23.3859649123
--END OF 3--
16.6666666667
17.2166666667
16.8
16.1833333333
16.5762711864
15.6833333333
17.0333333333
17.5166666667
17.7833333333
16.4166666667
16.6610169492
17.0833333333
16.7
17.8833333333
16.9
15.7966101695
16.5666666667
17.4666666667
17.0166666667
17.25
19.406779661
18.8166666667
18.0
16.9833333333
17.35
17.95
17.4915254237
17.6666666667
17.6333333333
17.2333333333
18.4333333333
17.7118644068
17.7
16.4166666667
17.4166666667
18.3333333333
17.2881355932
17.8
16.8
17.2333333333
17.15
18.0508474576
18.55
18.45
18.0666666667
18.4
17.9
16.8305084746
17.5666666667
18.2
16.7166666667
17.9166666667
18.1525423729
17.9333333333
18.1833333333
18.1166666667
17.8
19.2372881356
18.7666666667
15.7719298246
--END OF 4--
23.8666666667
24.7833333333
25.4166666667
23.5333333333
24.6440677966
22.6333333333
23.3
24.8166666667
25.7666666667
25.3666666667
23.0847457627
24.8666666667
25.15
24.3166666667
24.6333333333
22.8474576271
24.2666666667
25.1166666667
23.6166666667
25.0666666667
26.9152542373
26.4833333333
25.4833333333
24.8
26.0333333333
27.35
24.2542372881
24.2166666667
23.3833333333
25.3833333333
24.6166666667
23.6271186441
24.5833333333
22.6166666667
25.3666666667
25.3166666667
24.5423728814
23.85
24.8166666667
24.0166666667
24.55
26.1186440678
25.8833333333
26.45
25.35
25.4333333333
26.5333333333
23.6271186441
25.3166666667
25.05
26.2166666667
26.6166666667
25.4745762712
24.9
25.0166666667
25.8
24.4
27.8983050847
27.8
23.1052631579
--END OF 5--
24.9666666667
26.4166666667
26.9166666667
24.2833333333
25.6440677966
23.0333333333
25.3
25.9166666667
26.45
25.9
23.3898305085
25.7666666667
25.65
24.6666666667
25.45
24.2203389831
24.6166666667
26.2166666667
24.1166666667
25.2666666667
28.2372881356
27.8666666667
25.85
25.4333333333
27.6666666667
28.5
24.7966101695
25.8
23.6833333333
26.15
25.0666666667
24.0677966102
25.0666666667
23.2666666667
26.0166666667
25.8833333333
25.1355932203
24.6
26.15
25.3833333333
25.2333333333
26.5254237288
26.6166666667
27.7666666667
25.9833333333
26.0333333333
27.95
24.3220338983
27.0666666667
27.2
28.25
28.3666666667
27.2542372881
25.65
25.0166666667
26.2833333333
25.8
29.7966101695
29.8
23.3859649123
--END OF 6--
3249.05
3226.15
3187.35
3129.05
3090.05084746
3031.25
3167.2
3233.8
3293.0
3209.7
3102.0
3190.25
3195.15
3214.85
3169.55
3070.57627119
3256.2
3289.95
3214.65
3295.75
3553.3220339
3500.7
3419.35
3290.35
3338.8
3503.55
3230.59322034
3229.6
3209.95
3315.2
3409.9
3206.94915254
3312.9
3138.45
3226.05
3336.75
3227.18644068
3168.55
3225.5
3269.95
3236.15
3320.13559322
3506.45
3488.85
3418.1
3347.3
3354.6
3311.44067797
3300.45
3331.35
3277.5
3295.8
3379.47457627
3314.7
3350.95
3497.65
3343.4
3607.3220339
3503.2
2984.63157895
--END OF 7--
912.433333333
915.15
904.783333333
879.8
888.525423729
865.483333333
897.783333333
915.966666667
936.833333333
896.933333333
876.084745763
911.4
890.9
909.166666667
895.166666667
855.881355932
899.6
922.45
901.7
924.133333333
993.491525424
977.85
936.666666667
898.766666667
941.35
978.166666667
923.661016949
923.75
895.766666667
908.85
934.6
910.186440678
926.166666667
879.25
910.4
932.5
896.847457627
901.65
901.516666667
912.133333333
915.5
943.898305085
968.8
967.883333333
944.15
950.916666667
947.333333333
907.898305085
930.6
930.65
928.6
943.55
937.084745763
920.5
934.15
959.95
920.116666667
1021.62711864
980.183333333
844.192982456
--END OF 8--
148.333333333
154.8
159.5
154.3
153.796610169
139.35
123.166666667
150.25
161.133333333
162.933333333
139.491525424
155.083333333
145.7
139.35
147.433333333
133.983050847
154.2
154.25
136.55
148.483333333
166.372881356
167.566666667
164.05
158.316666667
163.766666667
178.35
144.101694915
139.65
124.766666667
151.433333333
141.55
131.186440678
148.95
138.0
150.5
152.933333333
146.813559322
135.3
166.066666667
155.2
139.35
153.474576271
155.533333333
157.933333333
151.416666667
148.333333333
171.183333333
156.508474576
164.45
147.15
178.133333333
164.3
148.711864407
146.85
160.5
151.683333333
148.3
172.610169492
170.333333333
144.929824561
--END OF 9--
6.3
7.1
9.4
5.28333333333
8.76271186441
5.66666666667
8.53333333333
6.86666666667
7.55
9.68333333333
4.84745762712
7.05
7.06666666667
4.46666666667
7.65
7.57627118644
4.65
6.9
3.1
6.9
6.93220338983
6.11666666667
5.91666666667
4.93333333333
9.25
8.41666666667
3.32203389831
4.95
3.88333333333
9.01666666667
6.86666666667
4.96610169492
4.8
3.6
5.6
5.05
8.8813559322
5.93333333333
8.45
4.76666666667
7.83333333333
4.94915254237
5.46666666667
10.2833333333
4.9
5.31666666667
8.95
3.01694915254
9.9
7.75
9.51666666667
11.7
7.05084745763
4.26666666667
3.98333333333
4.65
6.23333333333
9.38983050847
14.55
5.57894736842
--END OF 10--
1.38333333333
1.91666666667
1.66666666667
1.06666666667
1.38983050847
0.35
2.71666666667
1.75
0.883333333333
0.333333333333
0.322033898305
1.25
1.01666666667
0.933333333333
1.43333333333
1.8813559322
0.55
0.95
0.0
0.2
2.1186440678
1.9
0.316666666667
0.483333333333
2.63333333333
1.31666666667
0.898305084746
2.48333333333
0.5
1.58333333333
0.983333333333
0.440677966102
0.55
0.95
1.2
0.733333333333
1.20338983051
1.06666666667
1.53333333333
2.31666666667
1.01666666667
0.389830508475
0.983333333333
1.68333333333
1.2
1.0
2.43333333333
1.28813559322
1.85
3.15
2.41666666667
2.4
3.05084745763
1.5
0.0
0.616666666667
1.8
3.10169491525
2.33333333333
0.19298245614
--END OF 11--
0.2
1.31666666667
0.483333333333
0.4
0.440677966102
0.0
0.5
0.116666666667
0.883333333333
0.0
0.322033898305
0.383333333333
0.0
0.0
0.0
0.508474576271
0.35
0.65
0.0
0.0
0.0
0.683333333333
0.316666666667
0.483333333333
0.416666666667
0.166666666667
0.0
0.5
0.0
0.0
0.0
0.0
0.0
0.0
0.2
0.3
0.338983050847
0.0
0.0
0.0
0.316666666667
0.118644067797
0.483333333333
0.516666666667
0.0
0.0
0.0
0.0
0.35
0.15
0.333333333333
0.45
0.0508474576271
0.0
0.0
0.0
0.0
0.508474576271
0.4
0.0
--END OF 12--
