19.45
19.6
19.3728813559
18.2166666667
19.4
18.4166666667
19.05
19.2333333333
19.8474576271
18.8833333333
20.2166666667
19.5666666667
18.3333333333
19.3666666667
19.9661016949
19.7
19.5166666667
19.2
19.5166666667
18.95
19.0677966102
18.9833333333
18.8
18.15
19.45
19.95
19.5762711864
18.8
19.9666666667
20.2166666667
19.6
18.5762711864
18.2666666667
19.9833333333
18.8833333333
18.8666666667
18.9166666667
20.7796610169
20.4
18.85
19.6
18.05
18.9
19.8474576271
18.3333333333
18.95
18.8833333333
19.35
19.0169491525
19.3666666667
18.6333333333
19.0833333333
18.8666666667
19.6666666667
19.6610169492
18.8833333333
19.2166666667
19.45
19.7333333333
19.9122807018
--END OF 1--
24.9833333333
24.75
24.2203389831
24.8333333333
25.9833333333
25.25
24.3
25.7833333333
27.3728813559
25.1166666667
26.3333333333
26.45
24.4
25.0833333333
25.4406779661
26.85
25.3833333333
24.6833333333
26.05
26.0833333333
25.8983050847
24.5833333333
25.65
24.05
25.6333333333
27.35
26.2711864407
25.9333333333
26.75
27.75
27.2166666667
25.9830508475
25.2333333333
26.8833333333
26.6166666667
24.7833333333
25.65
27.2711864407
27.85
24.35
25.7166666667
23.3833333333
26.6333333333
26.3220338983
24.7
26.5
26.2333333333
26.9833333333
25.2881355932
26.85
25.6833333333
25.0
23.9666666667
25.95
26.3050847458
24.7833333333
25.4666666667
25.05
26.05
25.7894736842
--END OF 2--
25.95
24.9833333333
24.3728813559
25.6666666667
27.0166666667
25.8
24.65
26.1
28.0677966102
25.3833333333
26.7666666667
27.3833333333
24.95
25.35
25.9152542373
27.6666666667
26.6
24.9833333333
26.2666666667
27.1833333333
26.3898305085
25.0833333333
27.6
24.6
25.6333333333
27.7
26.5593220339
26.7333333333
27.0666666667
28.1333333333
27.55
26.2711864407
26.0333333333
27.4166666667
27.5833333333
25.3833333333
26.7833333333
29.1525423729
28.85
25.35
27.0
23.6833333333
27.45
26.9661016949
25.3333333333
27.75
27.2
28.7833333333
25.8474576271
26.95
26.1333333333
25.65
24.6166666667
26.4833333333
27.0847457627
24.9833333333
25.6
26.1
26.55
26.5789473684
--END OF 3--
19.45
19.5
19.2711864407
18.2166666667
19.4
18.4166666667
19.05
19.1833333333
19.4915254237
18.8833333333
19.7833333333
19.45
18.3333333333
19.2666666667
19.6101694915
19.6833333333
19.3833333333
19.2
19.45
18.95
18.7796610169
18.9333333333
18.8
18.15
19.4333333333
19.6333333333
19.4745762712
18.8
19.75
19.6666666667
19.35
18.5762711864
18.2666666667
19.3833333333
18.8833333333
18.8666666667
18.9166666667
20.1186440678
20.0
18.85
19.45
17.9833333333
18.8666666667
19.7118644068
18.3333333333
18.95
18.8333333333
19.2
18.9661016949
19.2
18.6333333333
19.0333333333
18.8666666667
19.3666666667
19.6101694915
18.8833333333
19.2166666667
19.25
19.3333333333
19.701754386
--END OF 4--
24.9833333333
24.75
24.2203389831
24.8333333333
25.9833333333
25.25
24.3
25.7833333333
27.3728813559
25.1166666667
26.3333333333
26.45
24.4
25.0833333333
25.4406779661
26.85
25.3833333333
24.6833333333
25.9833333333
26.0833333333
25.8983050847
24.5833333333
25.65
24.05
25.6333333333
27.35
26.2711864407
25.9333333333
26.75
27.7166666667
27.2166666667
25.9830508475
25.2333333333
26.8833333333
26.6166666667
24.7833333333
25.65
27.2711864407
27.85
24.35
25.7166666667
23.3833333333
26.6333333333
26.3220338983
24.7
26.5
26.2333333333
26.9833333333
25.2881355932
26.85
25.6833333333
25.0
23.9666666667
25.95
26.3050847458
24.7833333333
25.4666666667
25.05
26.05
25.7894736842
--END OF 5--
25.95
24.9833333333
24.3728813559
25.6666666667
27.0166666667
25.8
24.65
26.1
28.0677966102
25.3833333333
26.7666666667
27.3833333333
24.95
25.35
25.9152542373
27.6666666667
26.6
24.9833333333
26.2666666667
27.1833333333
26.3898305085
25.0833333333
27.6
24.6
25.6333333333
27.7
26.5593220339
26.7333333333
27.0666666667
28.1333333333
27.55
26.2711864407
26.0333333333
27.4166666667
27.5833333333
25.3833333333
26.7833333333
29.1525423729
28.85
25.35
27.0
23.6833333333
27.45
26.9661016949
25.3333333333
27.75
27.2
28.7833333333
25.8474576271
26.95
26.1333333333
25.65
24.6166666667
26.4833333333
27.0847457627
24.9833333333
25.6
26.1
26.55
26.5789473684
--END OF 6--
3627.85
3572.45
3483.30508475
3384.6
3558.0
3418.65
3459.15
3531.3
3813.30508475
3553.85
3656.2
3683.6
3531.9
3507.8
3645.66101695
3704.9
3553.9
3578.8
3592.45
3568.4
3606.30508475
3524.25
3544.65
3356.7
3659.05
3663.05
3611.13559322
3534.9
3672.9
3807.55
3777.45
3552.25423729
3479.75
3743.9
3655.3
3525.7
3458.05
3723.76271186
3700.65
3482.85
3600.45
3307.8
3535.1
3607.06779661
3547.75
3507.3
3589.3
3763.9
3501.10169492
3656.0
3460.3
3502.3
3423.7
3571.5
3664.88135593
3456.3
3551.15
3569.25
3669.55
3701.26315789
--END OF 7--
1002.93333333
1000.15
973.0
951.95
998.85
949.333333333
979.15
996.783333333
1045.79661017
968.366666667
1018.41666667
1018.75
958.0
988.383333333
1003.3220339
1025.2
976.083333333
979.1
995.066666667
995.1
1005.6440678
980.3
980.7
937.6
1011.26666667
1031.56666667
1004.16949153
988.383333333
1027.88333333
1058.11666667
1045.25
1010.44067797
998.133333333
1038.33333333
1004.5
988.833333333
987.816666667
1058.59322034
1037.95
957.1
994.733333333
920.633333333
987.133333333
1005.84745763
976.383333333
983.516666667
1000.31666667
1036.88333333
989.593220339
1028.43333333
980.383333333
985.866666667
952.4
1014.86666667
1017.15254237
974.9
985.033333333
994.25
1015.11666667
1017.92982456
--END OF 8--
130.866666667
126.183333333
121.254237288
138.616666667
140.716666667
153.4
124.4
146.15
155.271186441
144.183333333
144.566666667
161.433333333
129.283333333
142.116666667
134.677966102
160.033333333
143.083333333
138.766666667
148.833333333
152.533333333
146.406779661
134.05
142.1
137.55
133.466666667
157.133333333
142.203389831
159.55
146.533333333
170.133333333
156.216666667
147.118644068
138.6
149.466666667
161.233333333
119.4
141.183333333
147.949152542
157.05
138.45
148.383333333
120.116666667
155.5
155.016949153
137.05
150.316666667
155.95
155.833333333
146.0
169.05
154.366666667
139.033333333
124.183333333
139.95
154.762711864
138.4
144.25
131.6
151.6
143.140350877
--END OF 9--
4.15
0.483333333333
2.49152542373
7.51666666667
6.01666666667
4.5
2.1
3.28333333333
5.8813559322
3.95
4.81666666667
3.71666666667
5.35
0.6
4.77966101695
5.38333333333
4.26666666667
3.18333333333
4.36666666667
5.01666666667
3.57627118644
2.45
8.8
4.45
3.43333333333
5.8
3.25423728814
4.98333333333
5.83333333333
3.7
5.41666666667
3.62711864407
4.63333333333
6.46666666667
6.11666666667
4.03333333333
5.45
7.67796610169
8.6
4.7
4.38333333333
3.08333333333
5.83333333333
3.64406779661
6.18333333333
9.18333333333
7.33333333333
7.5
3.25423728814
2.56666666667
4.43333333333
3.58333333333
1.43333333333
5.68333333333
5.03389830508
4.05
3.91666666667
3.1
2.96666666667
3.52631578947
--END OF 10--
1.63333333333
0.0
0.152542372881
1.0
1.98333333333
1.1
0.6
0.0
1.18644067797
0.416666666667
0.6
1.35
0.766666666667
0.466666666667
0.474576271186
0.816666666667
1.71666666667
0.0
0.1
1.1
0.508474576271
0.65
2.1
0.25
0.0
0.666666666667
0.186440677966
0.316666666667
0.15
0.55
0.183333333333
0.322033898305
0.5
0.0
1.48333333333
0.95
2.0
2.76271186441
1.5
0.75
1.6
0.6
0.75
0.932203389831
1.01666666667
1.95
1.81666666667
2.71666666667
1.01694915254
0.0
0.233333333333
0.366666666667
0.75
0.55
1.37288135593
0.3
0.35
1.45
0.55
1.12280701754
--END OF 11--
0.0
0.0
0.101694915254
0.4
0.0
0.0
0.0
0.0
0.677966101695
0.416666666667
0.416666666667
0.0
0.0
0.0
0.0
0.566666666667
0.933333333333
0.0
0.0
0.0
0.0
0.0
0.5
0.0
0.0
0.0
0.0
0.0
0.0
0.0
0.0
0.0
0.5
0.0
0.166666666667
0.333333333333
0.216666666667
0.28813559322
0.0
0.4
0.533333333333
0.0
0.5
0.169491525424
0.0833333333333
0.916666666667
0.0
0.5
0.508474576271
0.0
0.0
0.366666666667
0.25
0.55
0.169491525424
0.0
0.0
0.5
0.0
0.0
--END OF 12--
