17.5833333333
17.3
17.2
17.406779661
16.9
16.6333333333
16.9333333333
17.65
17.2
17.4745762712
16.2833333333
15.5666666667
16.3
17.1833333333
16.813559322
16.3666666667
16.9333333333
17.1333333333
16.5166666667
16.3833333333
16.8644067797
17.1333333333
17.4166666667
15.7666666667
16.7333333333
16.2333333333
16.1525423729
16.8833333333
17.15
16.3666666667
16.3
16.1525423729
15.05
16.4333333333
17.2
17.1333333333
16.6271186441
17.1666666667
16.35
16.0333333333
16.6833333333
16.6666666667
17.0677966102
15.15
17.05
17.25
16.05
15.7457627119
16.1
15.85
15.85
15.85
15.7796610169
16.65
17.15
15.4
16.65
17.0
17.7166666667
17.1052631579
--END OF 1--
24.7166666667
26.3333333333
24.5166666667
24.9491525424
24.05
23.5166666667
22.5333333333
24.85
24.7333333333
23.9661016949
24.1
22.15
22.5
25.0333333333
24.4237288136
23.6333333333
23.3833333333
25.1
22.8833333333
22.7166666667
24.3898305085
24.3833333333
24.5333333333
23.8166666667
24.5166666667
22.5333333333
23.7457627119
24.4166666667
23.65
25.2666666667
22.9
23.186440678
21.5666666667
23.6
24.55
23.5833333333
24.3389830508
24.4666666667
22.9
22.4333333333
24.3
23.5833333333
23.1016949153
21.7666666667
22.8833333333
22.95
23.05
22.5762711864
23.3666666667
22.6833333333
22.3666666667
21.9
21.7966101695
23.6666666667
23.8
20.75
24.3666666667
24.0847457627
24.4166666667
24.1754385965
--END OF 2--
25.0833333333
27.2333333333
25.75
25.813559322
25.05
24.4166666667
22.5333333333
25.75
24.95
24.5762711864
25.6
22.8833333333
22.85
25.4166666667
25.7118644068
24.45
23.9666666667
26.55
23.6833333333
23.4333333333
25.5762711864
24.8
24.7833333333
25.3
25.1333333333
22.7333333333
24.593220339
25.55
25.2833333333
26.3666666667
24.8
24.5254237288
23.0666666667
24.5
25.2
23.6333333333
25.6101694915
24.6166666667
23.3
22.8833333333
26.6166666667
24.4
24.3728813559
22.5666666667
24.2333333333
23.8
24.4166666667
24.8813559322
24.1666666667
23.0666666667
22.6666666667
22.7666666667
23.2033898305
24.05
24.4
21.65
25.85
24.7966101695
25.05
25.3859649123
--END OF 3--
17.5833333333
17.3
17.2
17.406779661
16.9
16.6333333333
16.9333333333
17.65
17.2
17.4745762712
16.2833333333
15.5666666667
16.3
17.1833333333
16.813559322
16.3666666667
16.9333333333
17.1333333333
16.5166666667
16.3833333333
16.8644067797
17.1333333333
17.4166666667
15.7666666667
16.7333333333
16.2333333333
16.1525423729
16.8833333333
17.15
16.3666666667
16.3
16.1525423729
15.05
16.4333333333
17.2
17.1333333333
16.6271186441
17.1666666667
16.35
16.0333333333
16.6833333333
16.6666666667
17.0677966102
15.15
17.05
17.25
16.05
15.7457627119
16.1
15.85
15.85
15.85
15.7796610169
16.65
17.15
15.4
16.65
17.0
17.7166666667
17.1052631579
--END OF 4--
24.7166666667
26.3333333333
24.5166666667
24.9491525424
24.05
23.5166666667
22.5333333333
24.85
24.7333333333
23.9661016949
24.1
22.15
22.5
25.0333333333
24.4237288136
23.6333333333
23.3833333333
25.1
22.8833333333
22.7166666667
24.3898305085
24.3833333333
24.5333333333
23.8166666667
24.5166666667
22.5333333333
23.7457627119
24.4166666667
23.65
25.2666666667
22.9
23.186440678
21.5666666667
23.6
24.55
23.5833333333
24.3389830508
24.4666666667
22.9
22.4333333333
24.3
23.5833333333
23.1016949153
21.7666666667
22.8833333333
22.95
23.05
22.5762711864
23.3666666667
22.6833333333
22.3666666667
21.9
21.7966101695
23.6666666667
23.8
20.75
24.3666666667
24.0847457627
24.4166666667
24.1754385965
--END OF 5--
25.0833333333
27.2333333333
25.75
25.813559322
25.05
24.4166666667
22.5333333333
25.75
24.95
24.5762711864
25.6
22.8833333333
22.85
25.4166666667
25.7118644068
24.45
23.9666666667
26.55
23.6833333333
23.4333333333
25.5762711864
24.8
24.7833333333
25.3
25.1333333333
22.7333333333
24.593220339
25.55
25.2833333333
26.3666666667
24.8
24.5254237288
23.0666666667
24.5
25.2
23.6333333333
25.6101694915
24.6166666667
23.3
22.8833333333
26.6166666667
24.4
24.3728813559
22.5666666667
24.2333333333
23.8
24.4166666667
24.8813559322
24.1666666667
23.0666666667
22.6666666667
22.7666666667
23.2033898305
24.05
24.4
21.65
25.85
24.7966101695
25.05
25.3859649123
--END OF 6--
3240.2
3290.1
3355.65
3227.54237288
3190.6
3073.75
3065.25
3220.05
3132.4
3251.28813559
3027.55
3040.8
2994.95
3246.95
3174.86440678
3074.15
3159.45
3166.85
3003.8
3044.1
3199.11864407
3203.8
3258.85
3002.8
3144.35
3096.9
3014.18644068
3188.05
3126.15
3160.7
3008.1
3140.38983051
2842.45
3118.4
3233.2
3279.2
3272.6440678
3151.25
3014.7
3111.15
3180.8
3140.6
3129.10169492
2929.0
3073.75
3074.7
3053.1
3027.55932203
3142.9
2906.75
2961.3
2968.4
2922.50847458
3040.3
3274.8
2854.95
3114.6
3284.18644068
3206.05
3153.0
--END OF 7--
905.85
932.916666667
941.016666667
916.576271186
888.183333333
875.333333333
845.5
921.95
897.766666667
915.372881356
859.866666667
840.383333333
844.216666667
897.35
904.491525424
868.033333333
888.316666667
901.033333333
853.25
861.4
905.050847458
899.7
910.233333333
855.266666667
905.016666667
858.8
852.796610169
898.383333333
872.133333333
871.333333333
847.45
858.355932203
808.516666667
875.4
914.15
912.2
899.237288136
889.783333333
852.15
867.15
895.716666667
888.35
874.966101695
828.95
875.783333333
886.366666667
851.55
826.881355932
864.733333333
825.5
838.016666667
832.95
824.542372881
860.85
894.75
798.2
860.4
910.762711864
918.4
900.070175439
--END OF 8--
156.5
174.033333333
163.233333333
149.542372881
140.2
145.216666667
139.55
164.533333333
151.4
143.288135593
155.45
135.2
130.316666667
152.1
160.610169492
147.633333333
133.283333333
167.083333333
124.0
133.55
159.203389831
151.05
154.083333333
161.816666667
142.866666667
127.8
157.440677966
150.816666667
141.1
170.033333333
148.883333333
138.677966102
137.983333333
144.666666667
144.966666667
128.333333333
150.491525424
144.183333333
133.45
126.95
155.833333333
138.55
133.728813559
119.683333333
118.866666667
128.466666667
146.566666667
154.0
142.533333333
133.933333333
120.0
113.45
129.559322034
132.983333333
140.6
122.05
160.633333333
135.813559322
141.166666667
150.877192982
--END OF 9--
7.23333333333
10.6
6.38333333333
9.49152542373
6.78333333333
7.5
4.2
5.5
6.86666666667
4.77966101695
8.46666666667
5.31666666667
4.7
7.75
7.66101694915
4.85
5.13333333333
8.9
5.58333333333
3.73333333333
6.49152542373
6.83333333333
3.6
4.75
7.63333333333
5.45
6.22033898305
6.15
7.95
8.45
7.2
7.38983050847
4.55
5.01666666667
7.03333333333
4.46666666667
10.3220338983
5.48333333333
7.35
7.3
9.38333333333
5.38333333333
5.83050847458
6.91666666667
8.0
4.98333333333
6.36666666667
7.61016949153
7.8
7.2
8.66666666667
6.23333333333
6.77966101695
7.66666666667
7.95
4.65
9.03333333333
4.61016949153
4.2
6.73684210526
--END OF 10--
0.65
1.28333333333
1.6
0.406779661017
1.28333333333
1.33333333333
0.1
1.23333333333
0.166666666667
0.576271186441
2.26666666667
1.05
0.5
0.5
1.01694915254
0.916666666667
0.583333333333
1.81666666667
1.3
0.916666666667
1.79661016949
0.883333333333
0.45
2.08333333333
0.45
0.25
1.38983050847
1.38333333333
2.78333333333
1.58333333333
2.5
2.20338983051
2.5
1.73333333333
0.75
0.0833333333333
2.28813559322
0.25
0.5
0.8
2.93333333333
1.38333333333
2.03389830508
1.46666666667
1.81666666667
1.16666666667
1.63333333333
3.40677966102
0.816666666667
0.433333333333
0.5
1.0
1.72881355932
0.466666666667
0.6
1.2
2.56666666667
1.10169491525
1.13333333333
2.08771929825
--END OF 11--
0.0
0.0
0.366666666667
0.135593220339
0.266666666667
0.0
0.0
0.0
0.0
0.338983050847
0.166666666667
0.433333333333
0.0
0.0
0.508474576271
0.916666666667
0.1
0.483333333333
0.316666666667
0.5
0.694915254237
0.2
0.0
0.0
0.0
0.0
0.0
0.0
0.333333333333
0.0
0.5
0.0
0.5
0.0
0.0
0.0
0.0
0.0
0.0
0.0
0.35
0.05
0.220338983051
0.0
0.0
0.0
0.666666666667
0.694915254237
0.316666666667
0.0
0.0
0.5
0.0
0.0
0.0
0.0
0.0
0.0
0.0
0.526315789474
--END OF 12--
