14.9666666667
15.3728813559
16.2333333333
15.8333333333
16.05
15.6
15.6666666667
15.3728813559
15.1333333333
15.2833333333
14.8
15.5833333333
15.6833333333
15.6949152542
14.6333333333
14.0666666667
14.75
15.15
15.1355932203
15.5833333333
14.8166666667
15.05
15.3
14.5333333333
16.2203389831
14.0333333333
14.5166666667
14.6666666667
14.3728813559
14.55
14.4333333333
14.35
13.7833333333
14.5166666667
14.7288135593
15.05
14.2666666667
15.8833333333
15.0333333333
15.8813559322
15.3333333333
14.9
14.5333333333
15.0833333333
15.7966101695
13.85
15.1
15.1166666667
15.65
14.5254237288
14.1333333333
14.5833333333
13.95
14.85
15.5833333333
14.2372881356
14.7
15.1
14.95
15.4385964912
--END OF 1--
22.1333333333
21.0847457627
22.4
22.9833333333
22.8666666667
22.7166666667
22.65
22.6610169492
22.0833333333
21.6333333333
20.45
22.8333333333
22.9833333333
22.7627118644
21.6
20.5333333333
21.5
21.3166666667
21.2881355932
22.0
21.6166666667
21.5166666667
20.6833333333
21.2333333333
22.0
19.9833333333
22.8666666667
21.6666666667
20.9322033898
20.8333333333
20.1333333333
21.35
21.35
20.95
20.406779661
22.4833333333
20.8
22.7166666667
21.1833333333
21.6101694915
21.6833333333
21.6
20.7833333333
21.6833333333
22.3559322034
20.6666666667
21.1333333333
21.4333333333
21.5333333333
21.2203389831
19.6833333333
20.0666666667
20.7833333333
22.1333333333
21.6666666667
21.5254237288
21.35
21.7
21.95
21.7368421053
--END OF 2--
23.0166666667
22.0508474576
23.6666666667
23.95
24.6333333333
25.0833333333
23.2166666667
23.1694915254
22.8833333333
23.3833333333
22.9
23.8333333333
24.0833333333
24.2711864407
22.4833333333
21.2166666667
23.65
21.9833333333
21.9491525424
23.1
23.0666666667
21.7833333333
21.5333333333
22.2
23.9152542373
20.8333333333
23.6666666667
22.55
21.3220338983
21.4166666667
20.55
21.8333333333
22.7833333333
22.0166666667
20.9830508475
22.9166666667
21.35
23.3666666667
22.8
22.0847457627
21.9333333333
22.3
20.8333333333
21.8833333333
22.9830508475
21.6833333333
21.95
22.05
21.9833333333
21.7627118644
20.5
21.3333333333
21.75
22.75
22.7
21.9322033898
22.5
22.2
23.15
22.9298245614
--END OF 3--
14.9666666667
15.3728813559
16.2333333333
15.8333333333
16.05
15.6
15.6666666667
15.3728813559
15.1333333333
15.2833333333
14.8
15.5833333333
15.6833333333
15.6949152542
14.6333333333
14.0666666667
14.75
15.15
15.1355932203
15.5833333333
14.8166666667
15.05
15.3
14.5333333333
16.2203389831
14.0333333333
14.5166666667
14.6666666667
14.3728813559
14.55
14.4333333333
14.35
13.7833333333
14.5166666667
14.7288135593
15.05
14.2666666667
15.8833333333
15.0333333333
15.8813559322
15.3333333333
14.9
14.5333333333
15.0833333333
15.7966101695
13.85
15.1
15.1166666667
15.65
14.5254237288
14.1333333333
14.5833333333
13.95
14.85
15.5833333333
14.2372881356
14.7
15.1
14.95
15.4385964912
--END OF 4--
22.1333333333
21.0847457627
22.4
22.9833333333
22.8666666667
22.7166666667
22.65
22.6610169492
22.0833333333
21.6333333333
20.45
22.8333333333
22.9833333333
22.7627118644
21.6
20.5333333333
21.5
21.3166666667
21.2881355932
22.0
21.6166666667
21.5166666667
20.6833333333
21.2333333333
22.0
19.9833333333
22.8666666667
21.6666666667
20.9322033898
20.8333333333
20.1333333333
21.35
21.35
20.95
20.406779661
22.4833333333
20.8
22.7166666667
21.1833333333
21.6101694915
21.6833333333
21.6
20.7833333333
21.6833333333
22.3559322034
20.6666666667
21.1333333333
21.4333333333
21.5333333333
21.2203389831
19.6833333333
20.0666666667
20.7833333333
22.1333333333
21.6666666667
21.5254237288
21.35
21.7
21.95
21.7368421053
--END OF 5--
23.0166666667
22.0508474576
23.6666666667
23.95
24.6333333333
25.0833333333
23.2166666667
23.1694915254
22.8833333333
23.3833333333
22.9
23.8333333333
24.0833333333
24.2711864407
22.4833333333
21.2166666667
23.65
21.9833333333
21.9491525424
23.1
23.0666666667
21.7833333333
21.5333333333
22.2
23.9152542373
20.8333333333
23.6666666667
22.55
21.3220338983
21.4166666667
20.55
21.8333333333
22.7833333333
22.0166666667
20.9830508475
22.9166666667
21.35
23.3666666667
22.8
22.0847457627
21.9333333333
22.3
20.8333333333
21.8833333333
22.9830508475
21.6833333333
21.95
22.05
21.9833333333
21.7627118644
20.5
21.3333333333
21.75
22.75
22.7
21.9322033898
22.5
22.2
23.15
22.9298245614
--END OF 6--
2934.45
2940.61016949
3048.4
2959.95
2966.75
2916.4
2918.75
2925.15254237
2943.9
2888.1
2765.4
2931.1
2968.65
2892.91525424
2849.0
2721.2
2728.05
2821.2
2879.18644068
2942.75
2914.1
2803.4
2838.85
2828.5
3088.22033898
2760.6
2946.15
2857.45
2801.38983051
2986.5
2860.85
2844.9
2728.1
2754.95
2752.01694915
2868.05
2737.15
3031.25
2911.15
2808.71186441
2803.05
2775.75
2715.3
2770.5
2917.37288136
2745.95
2795.95
2868.6
2985.7
2766.45762712
2656.0
2765.0
2833.95
2790.35
2897.7
2796.15254237
2798.25
2858.7
2840.25
2921.0
--END OF 7--
816.166666667
815.847457627
832.883333333
835.266666667
826.966666667
814.9
830.416666667
825.203389831
805.3
780.7
775.75
818.133333333
837.55
816.898305085
783.033333333
748.45
778.383333333
803.866666667
808.254237288
822.333333333
807.433333333
782.25
801.35
794.216666667
870.474576271
755.85
822.45
805.05
781.355932203
812.616666667
809.466666667
810.216666667
759.566666667
775.816666667
766.677966102
799.383333333
766.216666667
842.266666667
798.866666667
795.610169492
786.35
777.55
754.35
782.05
825.322033898
750.083333333
786.816666667
804.016666667
809.683333333
779.93220339
748.166666667
768.2
782.466666667
792.933333333
799.15
762.152542373
779.65
805.65
800.95
836.245614035
--END OF 8--
137.6
123.440677966
136.65
149.05
152.633333333
146.85
142.45
153.898305085
132.0
130.25
120.1
140.183333333
148.75
133.0
138.033333333
143.85
138.666666667
129.5
132.711864407
137.766666667
143.033333333
151.95
116.333333333
140.483333333
138.966101695
129.75
158.25
136.983333333
121.881355932
127.733333333
117.0
139.15
136.216666667
131.05
124.694915254
148.766666667
133.2
143.183333333
129.65
130.627118644
140.55
134.8
128.45
142.5
145.661016949
133.633333333
135.333333333
122.216666667
126.483333333
127.796610169
106.15
126.083333333
133.866666667
139.5
135.95
135.372881356
129.15
129.3
136.0
130.052631579
--END OF 9--
6.91666666667
5.20338983051
8.0
6.73333333333
7.05
9.8
5.63333333333
3.79661016949
6.25
7.9
7.7
7.91666666667
9.65
11.1355932203
5.21666666667
4.85
10.1833333333
5.96666666667
3.86440677966
6.25
7.0
2.83333333333
4.21666666667
5.46666666667
8.05084745763
5.1
7.3
7.33333333333
5.06779661017
5.58333333333
3.38333333333
5.05
6.38333333333
5.98333333333
4.42372881356
6.26666666667
5.06666666667
5.6
5.66666666667
4.47457627119
2.85
6.6
4.95
5.4
7.22033898305
8.78333333333
5.21666666667
6.0
5.15
4.47457627119
5.21666666667
3.55
7.8
5.8
7.11666666667
8.25423728814
8.05
4.7
6.8
5.61403508772
--END OF 10--
1.41666666667
1.67796610169
1.95
1.66666666667
2.85
3.05
0.283333333333
0.457627118644
1.2
3.2
3.55
1.13333333333
0.7
2.03389830508
1.06666666667
0.783333333333
2.65
0.566666666667
0.779661016949
1.1
1.5
0.116666666667
1.01666666667
0.766666666667
2.1186440678
1.15
1.0
0.65
0.559322033898
0.283333333333
0.716666666667
0.233333333333
1.51666666667
1.16666666667
0.796610169492
0.333333333333
0.433333333333
0.483333333333
2.45
0.728813559322
0.45
1.0
0.0
0.0
0.627118644068
1.6
0.816666666667
1.0
0.5
0.915254237288
1.2
1.83333333333
1.03333333333
0.716666666667
1.35
0.457627118644
2.1
1.15
2.1
1.9649122807
--END OF 11--
0.266666666667
0.322033898305
0.683333333333
0.0
0.516666666667
0.483333333333
0.0
0.169491525424
0.0
0.1
0.4
0.0
0.0
0.508474576271
0.466666666667
0.0
0.766666666667
0.233333333333
0.0
0.166666666667
0.0
0.116666666667
0.383333333333
0.0
0.508474576271
0.0
0.5
0.0
0.0
0.0
0.0
0.0
0.233333333333
0.266666666667
0.0
0.0
0.0
0.0
0.2
0.0
0.0
0.5
0.0
0.0
0.169491525424
0.0
0.0
0.0
0.0
0.0
0.0
0.466666666667
0.166666666667
0.2
0.0
0.0
0.0
0.0
0.0
0.245614035088
--END OF 12--
