15.1
14.4
14.7833333333
15.5333333333
14.6101694915
14.2333333333
14.3166666667
14.9833333333
14.5333333333
14.5666666667
14.2881355932
13.9
13.6833333333
14.75
14.7333333333
13.9333333333
14.8983050847
14.6
14.5
14.5333333333
13.6166666667
15.5
15.6440677966
15.5666666667
14.7333333333
14.5666666667
14.7
14.7333333333
14.7796610169
15.0333333333
15.4666666667
13.75
14.1333333333
14.3666666667
15.3559322034
15.4166666667
14.4333333333
15.0833333333
14.7666666667
14.2333333333
14.0169491525
15.1666666667
15.0833333333
15.45
14.9666666667
14.3559322034
15.1166666667
15.0833333333
13.8333333333
13.8666666667
15.1666666667
13.406779661
14.1
13.7833333333
13.6833333333
14.3166666667
14.6101694915
13.85
14.1166666667
15.1578947368
--END OF 1--
19.05
19.55
19.2333333333
21.4333333333
19.593220339
20.4
18.55
19.2833333333
18.8
19.5166666667
19.1694915254
19.2166666667
17.4
19.4833333333
19.75
18.55
19.3220338983
19.9
18.9833333333
18.9333333333
18.8666666667
19.05
20.2542372881
20.5
19.4
18.2166666667
19.6
19.6166666667
20.0847457627
19.0833333333
19.7833333333
18.3333333333
18.9
18.6666666667
20.1355932203
20.2166666667
20.0333333333
19.5833333333
19.0666666667
20.1833333333
19.1186440678
19.3666666667
19.4166666667
21.4166666667
19.3166666667
17.9830508475
19.4833333333
19.45
18.95
18.0833333333
21.15
17.5762711864
18.0
18.2833333333
18.2833333333
19.2666666667
18.5084745763
18.7
19.0833333333
18.9473684211
--END OF 2--
19.3
19.9
20.2333333333
22.2333333333
19.8305084746
21.3833333333
20.3666666667
19.85
19.5666666667
19.8833333333
21.3389830508
20.0333333333
18.05
20.6833333333
21.2333333333
19.8666666667
20.1694915254
20.5
19.9
19.1666666667
18.8666666667
20.5
21.2203389831
20.85
19.9333333333
19.1166666667
20.3833333333
19.9
21.1016949153
20.1
19.8833333333
18.9666666667
19.55
19.0666666667
20.7457627119
21.1166666667
20.5833333333
20.0333333333
19.9666666667
20.8833333333
19.6610169492
19.8166666667
19.4833333333
22.3833333333
20.2833333333
18.3050847458
20.1666666667
20.2833333333
20.9
18.9333333333
22.0333333333
17.8644067797
18.2
18.8833333333
18.4833333333
19.8666666667
19.4745762712
18.9833333333
19.65
18.9473684211
--END OF 3--
15.1
14.4
14.7833333333
15.5333333333
14.6101694915
14.2333333333
14.3166666667
14.9833333333
14.5333333333
14.5666666667
14.2881355932
13.9
13.6833333333
14.75
14.7333333333
13.9333333333
14.8983050847
14.6
14.5
14.5333333333
13.6166666667
15.5
15.6440677966
15.5666666667
14.7333333333
14.5666666667
14.7
14.7333333333
14.7796610169
15.0333333333
15.4666666667
13.75
14.1333333333
14.3666666667
15.3559322034
15.4166666667
14.4333333333
15.0833333333
14.7666666667
14.2333333333
14.0169491525
15.1666666667
15.0833333333
15.45
14.9666666667
14.3559322034
15.1166666667
15.0833333333
13.8333333333
13.8666666667
15.1666666667
13.406779661
14.1
13.7833333333
13.6833333333
14.3166666667
14.6101694915
13.85
14.1166666667
15.1578947368
--END OF 4--
19.05
19.55
19.2333333333
21.4333333333
19.593220339
20.4
18.55
19.2833333333
18.8
19.5166666667
19.1694915254
19.2166666667
17.4
19.4833333333
19.75
18.55
19.3220338983
19.9
18.9833333333
18.9333333333
18.8666666667
19.05
20.2542372881
20.5
19.4
18.2166666667
19.6
19.6166666667
20.0847457627
19.0833333333
19.7833333333
18.3333333333
18.9
18.6666666667
20.1355932203
20.2166666667
20.0333333333
19.5833333333
19.0666666667
20.1833333333
19.1186440678
19.3666666667
19.4166666667
21.4166666667
19.3166666667
17.9830508475
19.4833333333
19.45
18.95
18.0833333333
21.15
17.5762711864
18.0
18.2833333333
18.2833333333
19.2666666667
18.5084745763
18.7
19.0833333333
18.9473684211
--END OF 5--
19.3
19.9
20.2333333333
22.2333333333
19.8305084746
21.3833333333
20.3666666667
19.85
19.5666666667
19.8833333333
21.3389830508
20.0333333333
18.05
20.6833333333
21.2333333333
19.8666666667
20.1694915254
20.5
19.9
19.1666666667
18.8666666667
20.5
21.2203389831
20.85
19.9333333333
19.1166666667
20.3833333333
19.9
21.1016949153
20.1
19.8833333333
18.9666666667
19.55
19.0666666667
20.7457627119
21.1166666667
20.5833333333
20.0333333333
19.9666666667
20.8833333333
19.6610169492
19.8166666667
19.4833333333
22.3833333333
20.2833333333
18.3050847458
20.1666666667
20.2833333333
20.9
18.9333333333
22.0333333333
17.8644067797
18.2
18.8833333333
18.4833333333
19.8666666667
19.4745762712
18.9833333333
19.65
18.9473684211
--END OF 6--
2840.1
2728.95
2727.3
2924.25
2768.08474576
2790.15
2814.2
2784.45
2830.95
2874.35
2785.16949153
2841.15
2561.75
2759.95
2768.9
2715.6
2879.33898305
2803.95
2795.3
2913.05
2835.0
2816.55
2890.16949153
2918.1
2800.55
2767.45
2769.55
2703.25
2816.18644068
2809.6
2882.55
2648.55
2696.6
2672.3
2849.28813559
2909.25
2913.9
2861.55
2719.2
2728.05
2688.91525424
2760.2
2828.8
2913.7
2745.25
2678.79661017
2917.35
2806.9
2726.15
2710.85
2811.75
2545.01694915
2563.8
2750.1
2756.7
2816.55
2762.23728814
2614.9
2792.35
2792.84210526
--END OF 7--
773.15
766.3
762.7
824.6
759.559322034
763.983333333
773.533333333
779.366666667
777.05
794.166666667
781.355932203
783.383333333
726.966666667
775.1
776.933333333
738.716666667
786.711864407
774.8
759.833333333
787.683333333
772.05
791.9
806.983050847
801.166666667
769.5
771.166666667
767.3
765.9
773.186440678
774.483333333
803.366666667
728.266666667
749.1
743.016666667
788.762711864
798.1
774.8
780.0
764.2
760.3
738.440677966
767.6
778.7
817.116666667
761.6
730.016949153
782.966666667
782.683333333
748.733333333
753.016666667
811.766666667
704.779661017
713.0
743.45
751.6
778.8
766.440677966
733.633333333
764.916666667
756.789473684
--END OF 8--
101.75
97.2
102.95
123.0
102.847457627
105.166666667
89.8166666667
103.666666667
99.9833333333
104.0
103.881355932
102.683333333
92.9333333333
102.2
111.183333333
104.383333333
96.2711864407
112.3
98.2666666667
91.9666666667
114.0
95.95
104.322033898
116.683333333
104.066666667
95.2666666667
103.483333333
101.183333333
107.06779661
92.2333333333
102.75
92.8666666667
109.566666667
105.066666667
104.186440678
109.15
118.5
106.1
94.3
103.8
98.5423728814
95.25
91.2
119.833333333
100.533333333
83.7457627119
99.35
104.35
109.616666667
93.0833333333
121.4
97.1355932203
98.65
106.6
92.6
121.4
105.440677966
103.85
106.966666667
110.0
--END OF 9--
2.55
4.8
3.8
5.65
4.64406779661
9.5
5.7
3.18333333333
3.48333333333
3.96666666667
6.8813559322
4.86666666667
2.3
4.56666666667
6.15
5.9
3.79661016949
5.2
5.98333333333
3.91666666667
0.95
3.9
6.05084745763
4.2
5.13333333333
2.93333333333
5.03333333333
4.33333333333
6.84745762712
4.2
0.916666666667
5.33333333333
4.06666666667
3.26666666667
4.93220338983
6.15
3.9
3.5
6.2
7.9
4.64406779661
5.06666666667
3.91666666667
5.51666666667
5.6
3.42372881356
4.65
4.4
8.61666666667
4.9
4.23333333333
3.28813559322
1.95
3.65
4.0
5.95
4.32203389831
3.01666666667
4.78333333333
1.42105263158
--END OF 10--
0.0
0.65
1.3
1.05
0.389830508475
1.38333333333
2.85
0.833333333333
0.816666666667
0.45
2.83050847458
0.866666666667
1.01666666667
1.93333333333
1.75
2.0
1.25423728814
0.75
1.28333333333
0.2
0.0
2.1
1.42372881356
0.5
0.816666666667
0.366666666667
1.41666666667
0.433333333333
0.983050847458
1.86666666667
0.3
1.05
1.15
0.5
0.610169491525
1.0
0.95
1.05
0.4
1.1
1.10169491525
0.416666666667
0.5
1.6
1.08333333333
0.322033898305
1.08333333333
1.25
2.05
1.58333333333
1.53333333333
0.474576271186
0.35
0.65
0.0
0.6
1.42372881356
0.283333333333
0.283333333333
0.0
--END OF 11--
0.0
0.0
0.0
0.0
0.0
0.0
0.516666666667
0.483333333333
0.0
0.0
0.508474576271
0.0
0.0
0.5
1.45
0.616666666667
0.64406779661
0.3
0.0
0.0
0.0
0.5
0.0
0.0
0.0
0.0
0.0
0.0
0.508474576271
0.5
0.0
0.5
0.2
0.0
0.610169491525
0.5
0.0
0.0
0.0
0.0
0.0
0.0
0.0
0.433333333333
0.0666666666667
0.0
0.116666666667
0.383333333333
0.5
0.0
0.0
0.0
0.0
0.0
0.0
0.0
0.0
0.283333333333
0.05
0.0
--END OF 12--
