12.45
12.4
12.4915254237
11.4333333333
12.1666666667
12.35
11.3333333333
11.5666666667
10.8305084746
12.5333333333
12.4333333333
12.9833333333
12.8
11.7666666667
12.813559322
11.4666666667
11.15
12.45
11.95
11.55
11.5593220339
12.0666666667
12.05
10.95
11.5666666667
11.7627118644
11.9166666667
11.4333333333
12.3333333333
13.05
12.2
11.593220339
12.2833333333
10.8666666667
11.8166666667
12.8333333333
12.55
12.8644067797
11.2833333333
12.9333333333
12.0833333333
12.2
12.3666666667
11.8305084746
11.8666666667
12.4666666667
12.7
13.2333333333
12.9661016949
12.55
12.95
11.7166666667
11.5166666667
12.7457627119
11.0833333333
10.6
11.55
11.0333333333
13.0
13.0517241379
--END OF 1--
16.8
16.3
17.1355932203
14.8
16.3666666667
16.0833333333
15.4166666667
15.5333333333
14.7796610169
15.6
16.0833333333
16.8166666667
16.7666666667
16.1666666667
17.3220338983
15.4666666667
14.95
16.65
17.1
16.15
15.1525423729
16.2
15.2166666667
15.3666666667
15.55
15.5423728814
16.3833333333
14.9166666667
15.9833333333
16.5666666667
16.6666666667
15.0677966102
16.5333333333
15.1666666667
15.4166666667
17.0833333333
16.2
17.5423728814
15.1833333333
16.4166666667
14.9666666667
16.5333333333
16.3
15.1694915254
16.1333333333
16.45
16.15
16.2
17.6610169492
16.8
16.5
15.9166666667
15.9666666667
17.2542372881
15.3333333333
13.8333333333
15.1666666667
14.6333333333
16.7666666667
16.8965517241
--END OF 2--
17.35
16.5
17.2203389831
16.45
17.0333333333
16.7333333333
15.6
16.5
15.0
15.85
16.3333333333
17.1
17.2166666667
16.1666666667
17.9830508475
16.1166666667
15.6
18.0
18.0
16.7
16.1186440678
16.25
15.9166666667
16.6833333333
15.9
15.8474576271
16.3833333333
15.2333333333
17.1666666667
16.7166666667
16.7666666667
15.4745762712
17.2333333333
15.8166666667
15.9666666667
17.5333333333
17.4
17.5762711864
15.4
17.1166666667
15.1666666667
16.7333333333
17.2833333333
15.6271186441
16.8333333333
17.05
16.8333333333
16.9
17.9661016949
17.3
17.05
16.4166666667
16.3666666667
17.593220339
16.0833333333
13.9
15.25
15.1333333333
17.0833333333
17.0
--END OF 3--
12.45
12.4
12.4915254237
11.4333333333
12.1666666667
12.35
11.3333333333
11.5666666667
10.8305084746
12.5333333333
12.4333333333
12.9833333333
12.8
11.7666666667
12.813559322
11.4666666667
11.15
12.45
11.95
11.55
11.5593220339
12.0666666667
12.05
10.95
11.5666666667
11.7627118644
11.9166666667
11.4333333333
12.3333333333
13.05
12.2
11.593220339
12.2833333333
10.8666666667
11.8166666667
12.8333333333
12.55
12.8644067797
11.2833333333
12.9333333333
12.0833333333
12.2
12.3666666667
11.8305084746
11.8666666667
12.4666666667
12.7
13.2333333333
12.9661016949
12.55
12.95
11.7166666667
11.5166666667
12.7457627119
11.0833333333
10.6
11.55
11.0333333333
13.0
13.0517241379
--END OF 4--
16.8
16.3
17.1355932203
14.8
16.3666666667
16.0833333333
15.4166666667
15.5333333333
14.7796610169
15.6
16.0833333333
16.8166666667
16.7666666667
16.1666666667
17.3220338983
15.4666666667
14.95
16.65
17.1
16.15
15.1525423729
16.2
15.2166666667
15.3666666667
15.55
15.5423728814
16.3833333333
14.9166666667
15.9833333333
16.5666666667
16.6666666667
15.0677966102
16.5333333333
15.1666666667
15.4166666667
17.0833333333
16.2
17.5423728814
15.1833333333
16.4166666667
14.9666666667
16.5333333333
16.3
15.1694915254
16.1333333333
16.45
16.15
16.2
17.6610169492
16.8
16.5
15.9166666667
15.9666666667
17.2542372881
15.3333333333
13.8333333333
15.1666666667
14.6333333333
16.7666666667
16.8965517241
--END OF 5--
17.35
16.5
17.2203389831
16.45
17.0333333333
16.7333333333
15.6
16.5
15.0
15.85
16.3333333333
17.1
17.2166666667
16.1666666667
17.9830508475
16.1166666667
15.6
18.0
18.0
16.7
16.1186440678
16.25
15.9166666667
16.6833333333
15.9
15.8474576271
16.3833333333
15.2333333333
17.1666666667
16.7166666667
16.7666666667
15.4745762712
17.2333333333
15.8166666667
15.9666666667
17.5333333333
17.4
17.5762711864
15.4
17.1166666667
15.1666666667
16.7333333333
17.2833333333
15.6271186441
16.8333333333
17.05
16.8333333333
16.9
17.9661016949
17.3
17.05
16.4166666667
16.3666666667
17.593220339
16.0833333333
13.9
15.25
15.1333333333
17.0833333333
17.0
--END OF 6--
2364.75
2360.55
2369.23728814
2300.25
2415.05
2493.0
2357.75
2350.0
2227.98305085
2338.25
2321.6
2419.6
2371.7
2287.15
2367.15254237
2351.85
2321.55
2425.2
2350.8
2301.0
2255.38983051
2229.05
2251.4
2226.0
2308.45
2279.59322034
2260.5
2198.2
2425.65
2481.15
2394.75
2276.08474576
2400.75
2219.7
2337.9
2414.7
2382.9
2498.03389831
2267.8
2432.4
2248.7
2369.2
2445.0
2321.13559322
2336.45
2376.25
2377.75
2431.4
2467.3220339
2370.45
2436.9
2318.7
2343.0
2546.69491525
2328.5
2152.5
2264.45
2180.4
2457.4
2413.34482759
--END OF 7--
649.95
650.65
657.169491525
624.1
660.816666667
666.883333333
629.816666667
635.416666667
608.389830508
639.616666667
649.916666667
673.5
668.916666667
627.05
675.203389831
643.7
642.95
677.5
643.25
634.85
626.186440678
630.266666667
621.833333333
614.4
627.616666667
626.542372881
635.933333333
596.416666667
667.05
676.733333333
651.016666667
624.084745763
653.0
615.1
646.25
676.7
645.75
685.779661017
620.6
666.05
631.25
648.483333333
658.75
639.915254237
629.983333333
664.466666667
656.95
679.066666667
678.559322034
672.9
677.3
645.6
644.95
708.542372881
640.016666667
593.4
627.5
588.316666667
675.516666667
674.344827586
--END OF 8--
94.55
83.1
92.2033898305
80.75
96.2666666667
80.3333333333
84.0333333333
81.6333333333
80.3728813559
81.6
92.1833333333
88.9666666667
81.1166666667
94.6333333333
101.423728814
83.35
71.25
104.85
103.45
95.75
82.8474576271
81.3833333333
79.7666666667
78.0833333333
78.3
82.186440678
87.1833333333
84.85
78.6833333333
84.55
89.7333333333
88.1525423729
96.15
74.9
75.95
95.0
82.9
102.813559322
93.1666666667
81.6
77.15
85.9666666667
84.0
80.9661016949
92.0333333333
100.7
83.1333333333
83.5666666667
99.6271186441
86.4
78.85
95.45
88.05
88.7457627119
92.4666666667
69.6666666667
87.8666666667
79.5666666667
83.1666666667
93.9655172414
--END OF 9--
3.4
2.9
4.27118644068
4.38333333333
3.1
3.6
1.66666666667
4.23333333333
3.40677966102
2.06666666667
1.38333333333
2.7
5.11666666667
3.2
3.20338983051
2.1
4.0
3.5
4.95
5.6
3.81355932203
4.71666666667
3.2
5.51666666667
3.9
2.54237288136
4.15
3.21666666667
3.28333333333
3.15
4.6
1.54237288136
3.45
4.65
4.15
3.0
6.6
2.22033898305
0.95
3.85
0.883333333333
5.98333333333
4.63333333333
3.1186440678
3.68333333333
1.46666666667
3.01666666667
1.41666666667
3.03389830508
4.2
5.3
3.3
5.05
3.40677966102
3.21666666667
3.43333333333
1.06666666667
2.13333333333
2.86666666667
3.01724137931
--END OF 10--
0.7
0.2
0.0847457627119
2.38333333333
1.03333333333
1.0
0.283333333333
1.21666666667
0.0
0.366666666667
0.3
0.333333333333
1.0
0.0
0.813559322034
0.8
0.9
2.2
1.15
0.85
1.32203389831
0.0333333333333
0.833333333333
2.03333333333
0.5
0.508474576271
0.0
0.166666666667
1.33333333333
0.116666666667
0.383333333333
0.457627118644
1.05
1.0
0.85
0.65
1.5
0.0
0.0
1.0
0.5
0.0
1.5
0.322033898305
1.06666666667
0.466666666667
1.08333333333
0.85
0.186440677966
0.15
0.35
0.25
0.75
0.389830508475
1.0
0.116666666667
0.216666666667
0.816666666667
0.466666666667
0.103448275862
--END OF 11--
0.0
0.0
0.0
0.5
0.5
0.5
0.0
0.5
0.0
0.0
0.166666666667
0.333333333333
0.0
0.0
0.0
0.0
0.5
0.0
0.0
0.7
0.305084745763
0.0
0.283333333333
1.21666666667
0.0
0.0
0.0
0.0
0.0
0.0
0.0
0.0
1.0
1.0
0.0
0.5
0.5
0.0
0.0
0.0
0.0
0.0
0.0
0.0
0.5
0.0
0.0
0.316666666667
0.186440677966
0.0
0.0
0.0
0.0
0.0
0.0
0.0
0.0
0.0
0.0
0.0
--END OF 12--
