10.05
9.51666666667
8.93333333333
9.86666666667
9.71186440678
8.21666666667
9.0
9.05
8.8
8.68333333333
8.77966101695
9.33333333333
9.0
8.61666666667
8.2
10.0166666667
9.86440677966
8.48333333333
9.81666666667
9.35
8.65
9.1
8.57627118644
9.05
9.21666666667
9.03333333333
10.1333333333
9.28333333333
9.79661016949
8.46666666667
8.75
8.28333333333
8.6
8.84745762712
8.6
9.41666666667
9.43333333333
9.25
9.33333333333
8.22033898305
9.11666666667
8.56666666667
9.2
7.98333333333
9.16666666667
8.47457627119
9.41666666667
8.61666666667
9.1
8.65
8.76271186441
8.58333333333
9.2
9.68333333333
8.58333333333
10.3333333333
9.57627118644
8.05
8.78333333333
9.625
--END OF 1--
13.6333333333
12.1166666667
11.9333333333
12.3833333333
12.0338983051
11.1166666667
11.4166666667
11.8833333333
11.45
11.5333333333
11.1186440678
12.0833333333
11.15
10.5666666667
11.05
12.9666666667
12.9152542373
11.8833333333
12.1833333333
11.8
11.7666666667
12.2166666667
11.3220338983
12.2
11.9666666667
12.4833333333
13.0166666667
12.0
12.9322033898
11.1666666667
11.7
11.1333333333
10.7
10.7966101695
10.6833333333
12.8166666667
13.2166666667
12.1833333333
11.9666666667
10.3898305085
11.4833333333
11.95
11.6166666667
11.25
11.3
11.0847457627
11.4166666667
11.2166666667
12.2
11.75
11.813559322
12.7666666667
12.1666666667
12.6666666667
11.85
13.1
11.9322033898
9.7
11.85
11.7857142857
--END OF 2--
13.8333333333
12.1166666667
12.0333333333
12.8166666667
13.1186440678
11.5166666667
11.4166666667
12.3333333333
11.6
11.6333333333
11.3728813559
12.1333333333
11.95
11.5666666667
11.25
13.4166666667
13.1525423729
12.1333333333
13.1
12.1333333333
12.9333333333
12.3166666667
11.5762711864
12.3166666667
12.45
12.5
13.95
12.15
14.0338983051
11.8666666667
12.45
11.3333333333
11.0
10.7966101695
11.2
13.7333333333
13.6833333333
12.4833333333
12.55
10.8813559322
11.5166666667
12.4666666667
12.05
11.9666666667
11.5333333333
11.3898305085
11.5666666667
11.7666666667
12.85
11.9
11.813559322
12.9166666667
13.35
13.3666666667
12.2666666667
13.5333333333
13.3898305085
9.88333333333
12.25
12.0535714286
--END OF 3--
10.05
9.51666666667
8.93333333333
9.86666666667
9.71186440678
8.21666666667
9.0
9.05
8.8
8.68333333333
8.77966101695
9.33333333333
9.0
8.61666666667
8.2
10.0166666667
9.86440677966
8.48333333333
9.81666666667
9.35
8.65
9.1
8.57627118644
9.05
9.21666666667
9.03333333333
10.1333333333
9.28333333333
9.79661016949
8.46666666667
8.75
8.28333333333
8.6
8.84745762712
8.6
9.41666666667
9.43333333333
9.25
9.33333333333
8.22033898305
9.11666666667
8.56666666667
9.2
7.98333333333
9.16666666667
8.47457627119
9.41666666667
8.61666666667
9.1
8.65
8.76271186441
8.58333333333
9.2
9.68333333333
8.58333333333
10.3333333333
9.57627118644
8.05
8.78333333333
9.625
--END OF 4--
13.6333333333
12.1166666667
11.9333333333
12.3833333333
12.0338983051
11.1166666667
11.4166666667
11.8833333333
11.45
11.5333333333
11.1186440678
12.0833333333
11.15
10.5666666667
11.05
12.9666666667
12.9152542373
11.8833333333
12.1833333333
11.8
11.7666666667
12.2166666667
11.3220338983
12.2
11.9666666667
12.4833333333
13.0166666667
12.0
12.9322033898
11.1666666667
11.7
11.1333333333
10.7
10.7966101695
10.6833333333
12.8166666667
13.2166666667
12.1833333333
11.9666666667
10.3898305085
11.4833333333
11.95
11.6166666667
11.25
11.3
11.0847457627
11.4166666667
11.2166666667
12.2
11.75
11.813559322
12.7666666667
12.1666666667
12.6666666667
11.85
13.1
11.9322033898
9.7
11.85
11.7857142857
--END OF 5--
13.8333333333
12.1166666667
12.0333333333
12.8166666667
13.1186440678
11.5166666667
11.4166666667
12.3333333333
11.6
11.6333333333
11.3728813559
12.1333333333
11.95
11.5666666667
11.25
13.4166666667
13.1525423729
12.1333333333
13.1
12.1333333333
12.9333333333
12.3166666667
11.5762711864
12.3166666667
12.45
12.5
13.95
12.15
14.0338983051
11.8666666667
12.45
11.3333333333
11.0
10.7966101695
11.2
13.7333333333
13.6833333333
12.4833333333
12.55
10.8813559322
11.5166666667
12.4666666667
12.05
11.9666666667
11.5333333333
11.3898305085
11.5666666667
11.7666666667
12.85
11.9
11.813559322
12.9166666667
13.35
13.3666666667
12.2666666667
13.5333333333
13.3898305085
9.88333333333
12.25
12.0535714286
--END OF 6--
1996.55
1918.95
1824.65
1997.45
2018.54237288
1749.05
1783.15
1845.45
1756.8
1787.8
1802.23728814
1836.9
1826.1
1729.65
1776.3
1952.55
1986.45762712
1746.55
1822.8
1818.25
1863.35
1965.4
1727.44067797
1769.8
1804.15
1772.8
1902.7
1885.65
1991.28813559
1776.75
1868.55
1727.25
1791.0
1775.38983051
1689.6
1858.0
1891.3
1861.35
1885.85
1656.0
1880.6
1806.15
1776.95
1743.8
1870.3
1734.76271186
1841.4
1617.45
1719.45
1789.2
1765.22033898
1901.75
1850.3
1965.95
1848.05
2005.0
1859.08474576
1593.45
1737.95
1860.10714286
--END OF 7--
550.633333333
530.233333333
508.05
543.166666667
537.288135593
489.95
484.716666667
499.133333333
497.866666667
491.283333333
493.86440678
521.55
506.4
475.55
477.05
541.9
532.220338983
483.683333333
516.833333333
517.466666667
526.033333333
517.9
474.728813559
497.816666667
502.816666667
499.316666667
539.3
514.883333333
533.033898305
494.7
515.15
477.05
482.25
482.423728814
476.133333333
508.85
521.516666667
507.033333333
511.366666667
448.406779661
518.05
508.033333333
496.5
493.3
515.333333333
472.186440678
492.7
464.3
491.7
486.7
496.186440678
494.1
509.75
529.866666667
510.75
551.95
504.457627119
431.083333333
480.266666667
507.0
--END OF 8--
73.6833333333
54.7666666667
48.6333333333
62.8666666667
60.593220339
60.15
63.9833333333
57.7
54.2166666667
57.0333333333
54.6610169492
62.6
59.85
52.95
64.9
69.2
66.6440677966
65.15
67.1166666667
59.1833333333
62.6
59.45
61.5084745763
63.9
59.5666666667
64.3333333333
64.2
61.8
72.3220338983
75.25
64.15
62.25
50.35
53.0338983051
47.8
70.95
74.4166666667
64.7833333333
58.7666666667
51.3389830508
66.85
72.7666666667
58.6333333333
64.6166666667
58.55
60.8813559322
49.2
50.75
65.55
60.1
61.406779661
70.95
69.25
64.5166666667
66.5
65.2333333333
66.2711864407
48.7333333333
65.55
57.4642857143
--END OF 9--
3.03333333333
1.2
2.98333333333
2.36666666667
3.13559322034
2.58333333333
2.08333333333
3.95
1.05
1.96666666667
2.50847457627
2.0
2.4
3.05
2.5
1.1
1.86440677966
3.63333333333
2.75
2.3
3.91666666667
2.78333333333
2.94915254237
2.71666666667
2.98333333333
1.98333333333
3.51666666667
1.7
2.35593220339
1.8
2.7
1.4
2.4
2.28813559322
2.7
3.26666666667
3.95
2.31666666667
3.33333333333
1.28813559322
0.633333333333
2.38333333333
1.5
2.55
0.516666666667
2.16949152542
2.05
2.95
4.85
1.75
2.98305084746
5.48333333333
4.08333333333
3.13333333333
1.61666666667
3.75
2.66101694915
0.216666666667
3.05
1.69642857143
--END OF 10--
0.5
0.0
0.0
0.283333333333
1.74576271186
0.5
0.0
0.666666666667
0.333333333333
0.0
0.508474576271
0.1
1.4
1.85
0.15
0.5
0.0
0.0833333333333
1.55
0.583333333333
1.28333333333
0.0
0.508474576271
0.266666666667
0.733333333333
0.0666666666667
1.43333333333
0.0
1.79661016949
0.5
1.4
0.0
0.5
0.135593220339
0.583333333333
1.16666666667
0.616666666667
0.5
0.983333333333
0.525423728814
0.0
0.266666666667
0.233333333333
1.08333333333
0.416666666667
0.508474576271
0.25
0.75
0.5
0.0
0.0
0.5
2.01666666667
1.35
0.633333333333
0.433333333333
2.01694915254
0.0833333333333
0.0
0.535714285714
--END OF 11--
0.0
0.0
0.0
0.283333333333
0.220338983051
0.0
0.0
0.0
0.0
0.0
0.0
0.0
0.0
0.0
0.0
0.5
0.0
0.0
0.0
0.0
0.5
0.0
0.0
0.0
0.0
0.0
0.0
0.0
0.508474576271
0.0
0.0
0.0
0.5
0.0
0.216666666667
0.783333333333
0.5
0.0
0.0
0.0
0.0
0.0
0.0
0.5
0.0
0.0
0.0
0.0
0.0
0.0
0.0
0.0
0.0
0.0833333333333
0.416666666667
0.0
0.932203389831
0.0833333333333
0.0
0.0
--END OF 12--
