30.1666666667
33.7166666667
32.55
24.3833333333
23.9833333333
28.9491525424
26.4666666667
27.0333333333
25.55
24.4333333333
23.65
24.1355932203
25.2
21.9333333333
19.0666666667
21.5333333333
20.75
20.406779661
19.8666666667
19.4333333333
19.8166666667
19.95
21.8
21.0169491525
20.1
21.9
21.75
22.0333333333
21.3833333333
22.2881355932
21.5
21.95
22.2666666667
20.9166666667
22.0847457627
20.5833333333
21.05
20.95
20.6666666667
21.45
20.7118644068
19.8
20.6166666667
19.05
19.1
18.4166666667
19.1355932203
20.2166666667
20.1666666667
19.9333333333
19.6666666667
20.85
19.5593220339
19.8
19.4166666667
19.8333333333
20.5166666667
18.75
21.3220338983
30.125
--END OF 1--
42.9166666667
50.0333333333
45.4166666667
34.85
31.9833333333
40.6271186441
36.5166666667
37.2333333333
34.75
36.0333333333
33.55
34.2203389831
33.35
29.9
26.4666666667
29.8166666667
29.4666666667
29.0677966102
27.4166666667
25.3833333333
27.8
27.9333333333
30.2833333333
29.2033898305
29.2
30.4833333333
30.75
30.4833333333
29.85
30.5423728814
28.55
31.0
30.2
29.9833333333
31.4745762712
28.8333333333
30.0666666667
29.5
29.2666666667
28.2
28.4915254237
26.25
27.1166666667
27.05
26.7333333333
25.5666666667
26.1016949153
27.9
28.55
27.8833333333
28.35
27.6333333333
26.0338983051
26.5
26.7166666667
27.6
27.9166666667
26.7833333333
29.5423728814
44.125
--END OF 2--
46.8166666667
52.9666666667
47.1833333333
36.2833333333
33.1
41.3559322034
40.0
39.2166666667
35.95
37.8833333333
35.3833333333
35.8644067797
35.2166666667
31.3833333333
27.5666666667
32.1
30.55
30.3559322034
28.9166666667
26.5333333333
30.0833333333
29.1166666667
32.3833333333
30.0169491525
29.8
31.4
33.25
31.6833333333
31.1
33.2711864407
28.8
32.2333333333
31.65
31.3333333333
33.186440678
29.7333333333
31.6166666667
31.7
29.7
29.9166666667
29.7796610169
27.7
29.0666666667
28.55
28.15
26.1666666667
26.6440677966
28.5333333333
30.0833333333
28.6166666667
29.8666666667
28.2333333333
27.2372881356
27.3666666667
27.7333333333
28.2166666667
28.8166666667
29.5166666667
31.0
48.3392857143
--END OF 3--
25.65
27.6166666667
26.9666666667
22.2833333333
22.0833333333
24.9152542373
23.5833333333
23.7
22.95
22.5333333333
21.7333333333
22.0508474576
22.7166666667
20.8833333333
18.7833333333
20.5333333333
20.0833333333
19.7627118644
19.5166666667
19.4333333333
19.7
19.55
20.9666666667
20.2033898305
19.7
20.7833333333
20.8166666667
21.0333333333
20.3833333333
21.186440678
20.5
21.0333333333
21.1666666667
19.9166666667
21.0847457627
19.7333333333
20.2
20.3333333333
19.8166666667
20.4166666667
19.8813559322
19.35
19.9666666667
18.8
18.95
18.3666666667
18.7966101695
19.3666666667
19.6166666667
19.3833333333
19.4166666667
20.25
19.3898305085
19.8
19.3
19.5833333333
19.7333333333
18.7
20.4576271186
25.5892857143
--END OF 4--
37.4333333333
41.1833333333
38.8333333333
32.6666666667
30.9333333333
36.0169491525
33.6166666667
33.8833333333
32.75
33.4166666667
31.8
31.9152542373
31.5166666667
29.2333333333
26.4666666667
29.3833333333
29.1166666667
28.813559322
27.4166666667
25.3833333333
27.8
27.9333333333
29.8833333333
29.2033898305
29.0
29.8833333333
30.1333333333
30.0666666667
29.6
29.9830508475
28.55
30.2
29.6166666667
29.35
30.5593220339
28.6833333333
29.6333333333
29.1666666667
28.9833333333
28.2
28.3898305085
26.25
27.1166666667
27.0
26.7333333333
25.5666666667
26.1016949153
27.9
28.3833333333
27.8833333333
28.35
27.6333333333
26.0338983051
26.5
26.7166666667
27.6
27.85
26.7833333333
29.1525423729
38.0714285714
--END OF 5--
45.5833333333
49.7
45.8
36.2833333333
33.1
41.2033898305
40.0
39.1166666667
35.95
37.8833333333
35.3833333333
35.8644067797
35.2166666667
31.3833333333
27.5666666667
32.1
30.55
30.3559322034
28.9166666667
26.5333333333
30.0833333333
29.1166666667
32.3833333333
30.0169491525
29.8
31.4
33.25
31.6833333333
31.1
33.2711864407
28.8
32.2333333333
31.65
31.3333333333
33.186440678
29.7333333333
31.6166666667
31.7
29.7
29.9166666667
29.7796610169
27.7
29.0666666667
28.55
28.15
26.1666666667
26.6440677966
28.5333333333
30.0833333333
28.6166666667
29.8666666667
28.2333333333
27.2372881356
27.3666666667
27.7333333333
28.2166666667
28.8166666667
29.5166666667
31.0
46.5892857143
--END OF 6--
5679.4
6529.1
6092.8
4734.05
4630.6
5320.83050847
4957.15
5197.45
4801.65
4581.45
4558.2
4723.06779661
4802.9
4271.6
3815.2
4203.65
4115.25
3918.0
3814.85
3551.6
3757.6
3809.25
4092.35
3963.61016949
3941.4
4235.7
4253.6
4153.65
4168.25
4340.23728814
4141.4
4165.7
4281.85
4172.1
4241.33898305
3964.25
4064.8
4053.35
4096.35
4116.25
3981.40677966
3916.05
3965.25
3927.6
3730.35
3665.55
3898.62711864
3944.3
3886.95
3922.9
3914.8
3865.75
3708.50847458
3770.45
3805.9
3837.65
4045.35
3668.8
4030.98305085
5732.78571429
--END OF 7--
1572.6
1787.26666667
1678.01666667
1294.46666667
1268.76666667
1483.86440678
1393.63333333
1440.61666667
1337.75
1276.25
1259.63333333
1279.6440678
1306.15
1166.51666667
1036.3
1147.53333333
1125.08333333
1092.57627119
1029.56666667
979.45
1041.58333333
1054.9
1133.98333333
1084.27118644
1084.0
1157.68333333
1157.6
1144.75
1138.75
1170.18644068
1121.58333333
1159.58333333
1197.21666667
1127.85
1160.98305085
1102.88333333
1113.58333333
1099.88333333
1118.43333333
1123.21666667
1093.20338983
1061.3
1081.6
1050.55
1022.86666667
1004.0
1043.84745763
1088.65
1088.7
1068.7
1069.53333333
1078.38333333
1000.94915254
1032.13333333
1044.46666667
1047.03333333
1105.56666667
1010.93333333
1121.89830508
1588.25
--END OF 8--
243.066666667
289.233333333
237.616666667
191.25
172.416666667
233.610169492
205.95
204.3
192.6
194.35
185.716666667
198.542372881
181.75
161.166666667
141.6
168.666666667
163.716666667
149.694915254
152.633333333
119.25
154.216666667
150.733333333
172.5
141.474576271
168.0
162.583333333
175.966666667
169.15
178.116666667
164.372881356
152.416666667
171.633333333
167.6
172.616666667
169.796610169
150.683333333
169.083333333
155.283333333
168.933333333
144.116666667
170.457627119
144.25
148.45
157.7
148.666666667
147.85
152.491525424
146.55
157.666666667
161.5
164.25
145.083333333
133.542372881
134.866666667
153.6
149.466666667
141.116666667
161.883333333
160.86440678
272.089285714
--END OF 9--
18.1166666667
19.1333333333
14.1166666667
11.9333333333
7.28333333333
10.2711864407
12.8666666667
13.0333333333
7.75
16.65
10.3166666667
13.406779661
8.58333333333
7.06666666667
9.83333333333
10.65
9.26666666667
12.7288135593
8.45
8.45
12.75
10.2333333333
12.9833333333
14.6779661017
6.55
8.26666666667
10.2166666667
10.6333333333
7.75
11.0508474576
3.93333333333
9.45
6.0
10.8
15.0847457627
9.55
10.7833333333
13.1166666667
6.68333333333
9.85
8.89830508475
5.05
9.7
8.35
6.33333333333
6.6
4.45762711864
8.53333333333
9.61666666667
5.41666666667
10.3333333333
6.11666666667
9.54237288136
8.75
7.18333333333
9.75
6.48333333333
10.7
8.16949152542
18.0892857143
--END OF 10--
6.38333333333
4.0
2.88333333333
1.63333333333
0.366666666667
1.10169491525
5.48333333333
2.25
1.65
2.68333333333
2.83333333333
2.77966101695
2.63333333333
1.48333333333
1.18333333333
3.08333333333
1.6
1.28813559322
2.36666666667
1.3
2.6
1.25
3.1
0.898305084746
1.2
0.85
3.76666666667
1.25
1.86666666667
4.45762711864
0.25
1.11666666667
2.18333333333
1.96666666667
2.13559322034
1.35
1.21666666667
3.03333333333
0.366666666667
2.4
1.25423728814
1.8
1.65
1.55
2.03333333333
0.7
0.508474576271
1.0
2.91666666667
1.03333333333
2.06666666667
0.633333333333
2.13559322034
1.01666666667
1.53333333333
0.233333333333
1.28333333333
2.78333333333
2.52542372881
5.26785714286
--END OF 11--
1.11666666667
0.566666666667
0.233333333333
0.0
0.0
0.254237288136
1.23333333333
0.716666666667
0.3
1.06666666667
0.0
0.0847457627119
0.416666666667
0.483333333333
0.5
0.0
0.0
0.271186440678
0.4
0.5
0.316666666667
0.45
0.3
0.0
0.0
0.0
0.3
0.0833333333333
0.3
1.25423728814
0.116666666667
0.45
0.05
0.966666666667
0.271186440678
0.0
0.0
0.533333333333
0.0666666666667
0.633333333333
0.35593220339
0.25
0.8
0.0
0.5
0.0
0.0
0.0
0.0
0.4
0.466666666667
0.0
0.525423728814
0.483333333333
0.233333333333
0.0
0.0
0.233333333333
0.915254237288
1.33928571429
--END OF 12--
