7.78333333333
8.1
7.6
7.23333333333
7.71186440678
7.25
8.06666666667
8.31666666667
7.51666666667
8.13333333333
7.40677966102
7.05
7.55
8.23333333333
7.83333333333
8.37288135593
7.38333333333
7.3
7.78333333333
7.53333333333
7.13333333333
6.42372881356
7.11666666667
7.28333333333
7.43333333333
7.62711864407
8.03333333333
6.56666666667
7.63333333333
6.73333333333
7.40677966102
7.23333333333
6.98333333333
7.93333333333
8.01666666667
7.9
8.42372881356
7.91666666667
7.4
7.21666666667
7.83333333333
6.66101694915
8.3
7.2
8.3
7.65
7.38333333333
6.77966101695
8.46666666667
7.83333333333
7.9
7.78333333333
7.62711864407
7.81666666667
8.05
8.08333333333
7.05
7.2
7.50847457627
7.59649122807
--END OF 1--
10.2833333333
11.5
9.55
9.73333333333
10.8983050847
9.46666666667
10.5666666667
11.2666666667
10.3166666667
10.4333333333
10.2372881356
9.53333333333
9.15
11.4333333333
10.15
11.0677966102
9.53333333333
10.5
10.3333333333
10.5333333333
9.48333333333
8.45762711864
9.21666666667
9.93333333333
9.81666666667
10.1694915254
10.1833333333
8.9
10.3333333333
8.88333333333
9.81355932203
9.43333333333
8.88333333333
10.2833333333
10.2166666667
10.8
10.9830508475
10.9666666667
9.58333333333
9.5
10.6833333333
9.18644067797
10.2
9.3
11.25
10.7
9.75
10.2372881356
11.5166666667
9.33333333333
10.35
10.6333333333
10.0677966102
10.2666666667
10.8166666667
10.4833333333
8.9
9.95
9.49152542373
9.80701754386
--END OF 2--
11.2333333333
12.0
9.7
10.2833333333
11.0508474576
9.71666666667
10.5666666667
11.65
10.5833333333
10.4833333333
11.2711864407
10.1666666667
9.15
11.6333333333
10.5
11.2203389831
10.5333333333
10.9
10.6333333333
10.8333333333
9.53333333333
8.91525423729
9.65
10.1
10.7666666667
10.3220338983
10.95
9.35
10.7666666667
8.98333333333
10.3728813559
9.63333333333
9.23333333333
10.9833333333
10.9666666667
11.3
11.5423728814
11.2166666667
9.65
10.0333333333
11.0166666667
9.91525423729
11.4333333333
10.0166666667
11.25
11.9833333333
10.4666666667
10.9491525424
12.8166666667
10.1833333333
10.45
11.6333333333
10.3728813559
10.8666666667
11.1666666667
11.0333333333
9.38333333333
11.0
10.0677966102
10.3333333333
--END OF 3--
7.78333333333
8.1
7.6
7.23333333333
7.71186440678
7.25
8.06666666667
8.31666666667
7.51666666667
8.13333333333
7.40677966102
7.05
7.55
8.23333333333
7.83333333333
8.37288135593
7.38333333333
7.3
7.78333333333
7.53333333333
7.13333333333
6.42372881356
7.11666666667
7.28333333333
7.43333333333
7.62711864407
8.03333333333
6.56666666667
7.63333333333
6.73333333333
7.40677966102
7.23333333333
6.98333333333
7.93333333333
8.01666666667
7.9
8.42372881356
7.91666666667
7.4
7.21666666667
7.83333333333
6.66101694915
8.3
7.2
8.3
7.65
7.38333333333
6.77966101695
8.46666666667
7.83333333333
7.9
7.78333333333
7.62711864407
7.81666666667
8.05
8.08333333333
7.05
7.2
7.50847457627
7.59649122807
--END OF 4--
10.2833333333
11.5
9.55
9.73333333333
10.8983050847
9.46666666667
10.5666666667
11.2666666667
10.3166666667
10.4333333333
10.2372881356
9.53333333333
9.15
11.4333333333
10.15
11.0677966102
9.53333333333
10.5
10.3333333333
10.5333333333
9.48333333333
8.45762711864
9.21666666667
9.93333333333
9.81666666667
10.1694915254
10.1833333333
8.9
10.3333333333
8.88333333333
9.81355932203
9.43333333333
8.88333333333
10.2833333333
10.2166666667
10.8
10.9830508475
10.9666666667
9.58333333333
9.5
10.6833333333
9.18644067797
10.2
9.3
11.25
10.7
9.75
10.2372881356
11.5166666667
9.33333333333
10.35
10.6333333333
10.0677966102
10.2666666667
10.8166666667
10.4833333333
8.9
9.95
9.49152542373
9.80701754386
--END OF 5--
11.2333333333
12.0
9.7
10.2833333333
11.0508474576
9.71666666667
10.5666666667
11.65
10.5833333333
10.4833333333
11.2711864407
10.1666666667
9.15
11.6333333333
10.5
11.2203389831
10.5333333333
10.9
10.6333333333
10.8333333333
9.53333333333
8.91525423729
9.65
10.1
10.7666666667
10.3220338983
10.95
9.35
10.7666666667
8.98333333333
10.3728813559
9.63333333333
9.23333333333
10.9833333333
10.9666666667
11.3
11.5423728814
11.2166666667
9.65
10.0333333333
11.0166666667
9.91525423729
11.4333333333
10.0166666667
11.25
11.9833333333
10.4666666667
10.9491525424
12.8166666667
10.1833333333
10.45
11.6333333333
10.3728813559
10.8666666667
11.1666666667
11.0333333333
9.38333333333
11.0
10.0677966102
10.3333333333
--END OF 6--
1609.65
1799.1
1622.85
1514.7
1602.71186441
1486.9
1601.1
1749.35
1555.65
1544.95
1571.18644068
1543.6
1468.75
1630.3
1558.4
1739.94915254
1536.45
1546.65
1595.55
1581.3
1433.85
1392.30508475
1371.65
1496.25
1573.4
1659.45762712
1621.6
1385.45
1574.6
1501.3
1511.79661017
1508.25
1498.65
1660.05
1575.75
1558.2
1608.81355932
1576.6
1472.9
1440.4
1602.7
1380.30508475
1587.8
1494.8
1725.4
1654.65
1560.7
1520.23728814
1695.9
1623.6
1603.2
1543.05
1609.37288136
1673.45
1624.9
1709.85
1443.35
1517.0
1480.47457627
1545.63157895
--END OF 7--
443.45
500.95
445.8
419.05
431.644067797
413.25
449.483333333
489.783333333
437.0
432.416666667
432.491525424
427.716666667
415.666666667
450.616666667
429.816666667
484.813559322
433.5
429.4
440.55
438.0
397.1
397.338983051
389.766666667
424.616666667
434.2
442.576271186
440.933333333
377.283333333
440.583333333
406.083333333
407.322033898
403.55
416.15
464.2
433.65
432.8
454.593220339
440.416666667
406.716666667
400.25
445.85
392.847457627
456.3
392.95
474.133333333
445.05
423.316666667
409.881355932
476.1
445.2
428.5
433.45
436.033898305
464.116666667
458.316666667
485.4
390.533333333
405.516666667
405.491525424
423.684210526
--END OF 8--
52.45
67.8
47.6
63.6
68.7288135593
41.3666666667
57.8833333333
67.85
62.3666666667
48.3
61.6101694915
53.1666666667
49.9333333333
70.9
55.2333333333
65.9661016949
50.9
65.45
53.55
66.1
54.15
45.3389830508
56.25
53.5666666667
61.8666666667
49.5762711864
50.85
52.8
55.7333333333
49.0666666667
51.1694915254
48.95
48.7
53.15
51.7
62.65
54.7288135593
58.3833333333
59.8666666667
55.2666666667
57.0333333333
51.6440677966
46.8
48.3
59.4
60.2166666667
47.1666666667
61.6610169492
63.85
48.35
57.85
61.15
52.813559322
56.8666666667
54.7833333333
64.7666666667
48.0
52.1666666667
50.1355932203
49.3684210526
--END OF 9--
4.55
3.8
2.85
2.2
1.71186440678
3.5
0.633333333333
2.33333333333
2.31666666667
2.85
2.86440677966
3.66666666667
0.383333333333
4.5
1.43333333333
1.23728813559
2.6
2.25
2.05
3.45
2.15
1.94915254237
0.883333333333
1.98333333333
2.91666666667
2.79661016949
3.5
2.23333333333
3.05
2.15
3.28813559322
2.85
1.45
3.45
3.55
3.0
4.28813559322
2.75
1.4
2.5
2.76666666667
3.06779661017
3.23333333333
3.21666666667
1.86666666667
3.65
2.41666666667
3.91525423729
3.75
2.4
3.6
4.4
2.84745762712
2.63333333333
2.0
2.3
1.3
4.46666666667
1.37288135593
3.63157894737
--END OF 10--
1.1
0.8
0.2
1.0
0.237288135593
0.0
0.0
0.533333333333
0.466666666667
0.0
1.33898305085
1.18333333333
0.0
0.0
0.5
0.101694915254
1.15
0.25
0.5
0.5
0.1
0.406779661017
0.883333333333
0.116666666667
1.5
0.322033898305
1.21666666667
0.466666666667
0.5
0.0
1.01694915254
0.0
0.0
0.75
1.2
0.55
0.508474576271
0.5
0.0
0.433333333333
0.6
1.10169491525
1.73333333333
1.15
0.0
2.01666666667
0.483333333333
0.559322033898
1.95
1.5
0.0
1.5
0.508474576271
0.0
0.5
0.733333333333
0.8
1.8
0.847457627119
0.947368421053
--END OF 11--
1.0
0.0
0.0
0.0
0.0
0.0
0.0
0.0
0.0
0.0
0.830508474576
0.183333333333
0.0
0.0
0.5
0.101694915254
0.9
0.0
0.0
0.0
0.0
0.0
0.0
0.0
0.5
0.0
0.916666666667
0.0833333333333
0.0
0.0
0.0
0.0
0.0
0.35
0.15
0.0
0.0
0.0
0.0
0.0
0.0
0.0
0.5
0.0
0.0
0.5
0.0
0.457627118644
0.55
0.0
0.0
0.0
0.0
0.0
0.0
0.5
0.0
0.5
0.0
0.0
--END OF 12--
