11.7666666667
12.593220339
12.0333333333
12.1166666667
11.9166666667
12.6666666667
11.3333333333
11.6779661017
12.8333333333
12.3333333333
11.6
11.8833333333
12.3333333333
11.7
13.2711864407
11.7166666667
11.7166666667
11.7333333333
12.6833333333
11.9152542373
11.2166666667
11.55
12.05
10.6166666667
10.8333333333
10.406779661
11.5333333333
11.75
12.15
10.9
10.8333333333
11.0847457627
12.3333333333
12.2666666667
11.9666666667
11.3666666667
12.15
11.6271186441
11.5166666667
10.8166666667
11.75
12.2166666667
11.0
9.96666666667
11.45
12.75
11.55
11.3166666667
11.8644067797
11.3
11.05
10.9333333333
11.75
12.4166666667
12.3728813559
12.2666666667
11.7833333333
11.95
11.3666666667
12.8490566038
--END OF 1--
16.3
17.8813559322
16.2333333333
17.3166666667
17.2666666667
17.3166666667
15.8
17.2711864407
18.5833333333
18.7833333333
16.8
16.3833333333
17.3333333333
15.8
17.7796610169
17.4166666667
16.7333333333
16.4166666667
17.2833333333
15.7796610169
15.8166666667
16.5166666667
16.3833333333
14.3166666667
15.8
14.6271186441
15.8833333333
15.85
17.35
15.25
16.4333333333
16.5762711864
17.75
17.1833333333
16.6833333333
17.4166666667
17.2166666667
16.2881355932
16.6666666667
15.0833333333
15.2833333333
17.05
15.6440677966
15.0166666667
15.8166666667
17.9
16.6166666667
16.9666666667
16.3050847458
16.95
16.2833333333
14.1166666667
15.8166666667
17.5333333333
17.0508474576
16.6166666667
16.0
16.7166666667
16.75
16.4716981132
--END OF 2--
16.4166666667
18.2881355932
16.3
17.6166666667
17.6333333333
18.6666666667
17.1333333333
18.2372881356
19.3333333333
19.3333333333
17.0
16.7333333333
18.0333333333
16.0
18.7627118644
18.0833333333
17.0
17.0666666667
17.4333333333
15.8813559322
16.0166666667
17.5333333333
16.6666666667
15.0166666667
16.3833333333
15.0508474576
16.3833333333
16.3
17.9
15.25
16.7833333333
18.2881355932
17.9666666667
17.2333333333
17.3166666667
18.1666666667
18.1
17.0338983051
17.0166666667
15.7333333333
15.7
17.65
16.0338983051
15.0166666667
16.2166666667
18.9
18.5166666667
18.5166666667
16.5593220339
17.2833333333
16.55
14.9
16.1833333333
17.9833333333
17.2542372881
16.9166666667
16.4666666667
17.0
16.75
16.7358490566
--END OF 3--
11.7666666667
12.593220339
12.0333333333
12.1166666667
11.9166666667
12.6666666667
11.3333333333
11.6779661017
12.8333333333
12.3333333333
11.6
11.8833333333
12.3333333333
11.7
13.2711864407
11.7166666667
11.7166666667
11.7333333333
12.6833333333
11.9152542373
11.2166666667
11.55
12.05
10.6166666667
10.8333333333
10.406779661
11.5333333333
11.75
12.15
10.9
10.8333333333
11.0847457627
12.3333333333
12.2666666667
11.9666666667
11.3666666667
12.15
11.6271186441
11.5166666667
10.8166666667
11.75
12.2166666667
11.0
9.96666666667
11.45
12.75
11.55
11.3166666667
11.8644067797
11.3
11.05
10.9333333333
11.75
12.4166666667
12.3728813559
12.2666666667
11.7833333333
11.95
11.3666666667
12.8490566038
--END OF 4--
16.3
17.8813559322
16.2333333333
17.3166666667
17.2666666667
17.3166666667
15.8
17.2711864407
18.5833333333
18.7833333333
16.8
16.3833333333
17.3333333333
15.8
17.7796610169
17.4166666667
16.7333333333
16.4166666667
17.2833333333
15.7796610169
15.8166666667
16.5166666667
16.3833333333
14.3166666667
15.8
14.6271186441
15.8833333333
15.85
17.35
15.25
16.4333333333
16.5762711864
17.75
17.1833333333
16.6833333333
17.4166666667
17.2166666667
16.2881355932
16.6666666667
15.0833333333
15.2833333333
17.05
15.6440677966
15.0166666667
15.8166666667
17.9
16.6166666667
16.9666666667
16.3050847458
16.95
16.2833333333
14.1166666667
15.8166666667
17.5333333333
17.0508474576
16.6166666667
16.0
16.7166666667
16.75
16.4716981132
--END OF 5--
16.4166666667
18.2881355932
16.3
17.6166666667
17.6333333333
18.6666666667
17.1333333333
18.2372881356
19.3333333333
19.3333333333
17.0
16.7333333333
18.0333333333
16.0
18.7627118644
18.0833333333
17.0
17.0666666667
17.4333333333
15.8813559322
16.0166666667
17.5333333333
16.6666666667
15.0166666667
16.3833333333
15.0508474576
16.3833333333
16.3
17.9
15.25
16.7833333333
18.2881355932
17.9666666667
17.2333333333
17.3166666667
18.1666666667
18.1
17.0338983051
17.0166666667
15.7333333333
15.7
17.65
16.0338983051
15.0166666667
16.2166666667
18.9
18.5166666667
18.5166666667
16.5593220339
17.2833333333
16.55
14.9
16.1833333333
17.9833333333
17.2542372881
16.9166666667
16.4666666667
17.0
16.75
16.7358490566
--END OF 6--
2262.45
2305.77966102
2299.05
2420.9
2354.4
2352.35
2248.35
2292.91525424
2439.6
2361.45
2330.7
2314.2
2418.75
2226.6
2523.96610169
2290.35
2242.55
2296.1
2395.25
2224.06779661
2161.5
2251.25
2348.6
2104.2
2203.5
2033.59322034
2164.65
2230.65
2281.2
2073.9
2219.7
2216.23728814
2403.35
2275.8
2288.0
2355.9
2337.35
2246.03389831
2302.85
2103.95
2247.1
2328.6
2139.25423729
2074.05
2363.15
2461.2
2290.25
2329.5
2358.40677966
2135.3
2232.2
2067.5
2104.3
2373.85
2263.83050847
2209.45
2244.3
2285.95
2256.35
2441.77358491
--END OF 7--
625.183333333
668.813559322
641.8
670.683333333
662.166666667
663.9
628.983333333
626.372881356
680.7
682.6
628.25
641.75
651.2
621.55
707.050847458
644.916666667
626.8
642.85
657.483333333
620.830508475
603.616666667
629.666666667
656.616666667
587.816666667
609.166666667
566.152542373
609.05
617.8
654.65
583.85
619.4
605.881355932
664.35
645.283333333
640.866666667
666.533333333
651.75
621.627118644
620.333333333
582.883333333
618.133333333
663.75
600.06779661
583.25
646.966666667
685.55
638.583333333
655.35
655.457627119
615.416666667
625.7
571.933333333
609.2
662.416666667
633.644067797
626.5
628.4
642.5
621.966666667
659.339622642
--END OF 8--
97.0833333333
116.338983051
101.433333333
105.966666667
106.833333333
100.583333333
86.05
119.779661017
111.05
119.85
103.0
100.7
111.95
87.55
96.3220338983
112.066666667
102.866666667
95.75
101.4
96.7627118644
102.25
104.133333333
104.833333333
95.6166666667
100.433333333
100.813559322
87.5
99.0
112.0
87.65
107.85
104.813559322
116.05
105.3
103.933333333
120.416666667
95.6833333333
102.627118644
96.55
83.8333333333
92.1666666667
102.116666667
95.1016949153
85.6
97.6
107.45
104.783333333
111.6
102.796610169
109.016666667
97.4166666667
85.6
88.7
101.683333333
93.8644067797
90.45
94.7
86.7833333333
98.2333333333
78.6603773585
--END OF 9--
4.1
6.10169491525
1.6
5.75
5.55
6.33333333333
5.53333333333
5.1186440678
7.0
3.75
6.5
3.15
4.1
4.2
5.93220338983
5.76666666667
3.63333333333
2.76666666667
3.36666666667
3.5593220339
2.26666666667
5.78333333333
1.58333333333
4.71666666667
5.6
3.03389830508
6.1
4.05
3.5
3.75
5.35
6.81355932203
4.9
3.06666666667
1.9
6.1
5.4
3.71186440678
3.55
1.8
1.58333333333
3.25
4.1186440678
4.4
3.18333333333
6.45
8.11666666667
7.2
3.62711864407
4.13333333333
6.5
2.51666666667
4.55
5.25
3.54237288136
4.55
1.91666666667
3.13333333333
3.05
4.41509433962
--END OF 10--
0.266666666667
0.627118644068
0.0166666666667
0.0
0.716666666667
1.65
1.4
1.67796610169
1.55
0.8
0.25
0.75
1.0
0.0
1.33898305085
0.516666666667
0.166666666667
1.0
0.0
0.372881355932
0.133333333333
0.916666666667
0.0833333333333
0.816666666667
0.916666666667
0.322033898305
0.95
0.85
0.65
0.0
0.5
2.96610169492
0.583333333333
0.0
0.633333333333
1.25
1.21666666667
0.915254237288
0.5
1.0
0.583333333333
0.783333333333
0.64406779661
0.0
0.483333333333
1.6
2.65
1.65
0.152542372881
0.283333333333
0.216666666667
1.16666666667
0.616666666667
0.716666666667
0.0
0.5
0.5
0.5
0.0
0.264150943396
--END OF 11--
0.0
0.0
0.0
0.0
0.0
1.0
0.5
0.0
0.0
0.0
0.0
0.0
0.5
0.0
0.440677966102
0.0666666666667
0.0
0.0
0.0
0.0
0.0
0.0
0.0
0.0
0.316666666667
0.186440677966
0.0
0.0
0.0
0.0
0.0
0.508474576271
0.0
0.0
0.0
0.0
0.0
0.0
0.0
0.0
0.266666666667
0.233333333333
0.0
0.0
0.166666666667
0.5
0.2
0.65
0.152542372881
0.0
0.0
0.0
0.0
0.0
0.0
0.5
0.0
0.0
0.0
0.0
--END OF 12--
