13.4666666667
13.45
14.6440677966
13.7333333333
14.55
13.9666666667
12.8833333333
12.9833333333
13.2203389831
12.9166666667
13.8166666667
12.2666666667
13.05
13.4166666667
13.3389830508
13.55
13.2
13.1833333333
12.3666666667
12.8813559322
13.6333333333
13.3666666667
12.2666666667
12.8333333333
13.0333333333
13.3728813559
13.45
12.6833333333
12.1166666667
12.6833333333
13.0508474576
13.15
12.8833333333
12.65
12.6833333333
12.1666666667
12.7627118644
12.1666666667
12.4333333333
12.55
12.35
11.9830508475
12.2666666667
12.1166666667
13.2833333333
12.7333333333
13.8305084746
13.4333333333
12.6833333333
13.1166666667
12.8833333333
12.65
12.9491525424
13.5833333333
12.4833333333
11.9666666667
11.8
12.9152542373
12.0833333333
14.1886792453
--END OF 1--
20.1666666667
17.7
19.7457627119
18.4833333333
19.9166666667
18.8
18.0166666667
17.65
17.3559322034
17.4833333333
18.3666666667
15.9
18.2
18.0
18.1525423729
18.2333333333
18.2
19.3333333333
17.5166666667
18.9830508475
19.3
19.2166666667
17.8166666667
18.3
18.0166666667
18.406779661
19.0166666667
16.85
16.5666666667
17.1
17.6271186441
18.05
17.5833333333
19.2166666667
17.8333333333
17.7166666667
16.8474576271
16.9333333333
17.5833333333
17.05
16.5833333333
17.3389830508
16.85
15.9666666667
17.2333333333
16.4833333333
18.3898305085
19.0833333333
17.7333333333
17.3166666667
16.8833333333
18.25
17.8644067797
18.55
15.7333333333
16.75
16.2333333333
17.3559322034
16.95
19.0943396226
--END OF 2--
20.4666666667
18.45
20.2372881356
18.6333333333
21.5666666667
19.7
18.1333333333
18.5833333333
17.7288135593
17.6833333333
18.6
16.5
18.7666666667
18.4
18.4915254237
18.95
18.85
19.7833333333
17.7166666667
19.8474576271
19.95
19.75
18.8833333333
18.7833333333
18.3333333333
19.1694915254
20.4666666667
17.15
16.5666666667
17.5666666667
18.6779661017
18.35
17.8333333333
19.6
18.0833333333
18.1666666667
17.2542372881
18.1166666667
18.0333333333
17.7
16.75
17.9152542373
17.25
16.7
17.2833333333
17.05
18.4745762712
20.0333333333
17.9333333333
18.7666666667
17.1833333333
19.2
18.1016949153
19.65
15.8
16.75
16.8833333333
17.406779661
18.2166666667
19.5849056604
--END OF 3--
13.4666666667
13.45
14.6440677966
13.7333333333
14.55
13.9666666667
12.8833333333
12.9833333333
13.2203389831
12.9166666667
13.8166666667
12.2666666667
13.05
13.4166666667
13.3389830508
13.55
13.2
13.1833333333
12.3666666667
12.8813559322
13.6333333333
13.3666666667
12.2666666667
12.8333333333
13.0333333333
13.3728813559
13.45
12.6833333333
12.1166666667
12.6833333333
13.0508474576
13.15
12.8833333333
12.65
12.6833333333
12.1666666667
12.7627118644
12.1666666667
12.4333333333
12.55
12.35
11.9830508475
12.2666666667
12.1166666667
13.2833333333
12.7333333333
13.8305084746
13.4333333333
12.6833333333
13.1166666667
12.8833333333
12.65
12.9491525424
13.5833333333
12.4833333333
11.9666666667
11.8
12.9152542373
12.0833333333
14.1886792453
--END OF 4--
20.1666666667
17.7
19.7457627119
18.4833333333
19.9166666667
18.8
18.0166666667
17.65
17.3559322034
17.4833333333
18.3666666667
15.9
18.2
18.0
18.1525423729
18.2333333333
18.2
19.3333333333
17.5166666667
18.9830508475
19.3
19.2166666667
17.8166666667
18.3
18.0166666667
18.406779661
19.0166666667
16.85
16.5666666667
17.1
17.6271186441
18.05
17.5833333333
19.2166666667
17.8333333333
17.7166666667
16.8474576271
16.9333333333
17.5833333333
17.05
16.5833333333
17.3389830508
16.85
15.9666666667
17.2333333333
16.4833333333
18.3898305085
19.0833333333
17.7333333333
17.3166666667
16.8833333333
18.25
17.8644067797
18.55
15.7333333333
16.75
16.2333333333
17.3559322034
16.95
19.0943396226
--END OF 5--
20.4666666667
18.45
20.2372881356
18.6333333333
21.5666666667
19.7
18.1333333333
18.5833333333
17.7288135593
17.6833333333
18.6
16.5
18.7666666667
18.4
18.4915254237
18.95
18.85
19.7833333333
17.7166666667
19.8474576271
19.95
19.75
18.8833333333
18.7833333333
18.3333333333
19.1694915254
20.4666666667
17.15
16.5666666667
17.5666666667
18.6779661017
18.35
17.8333333333
19.6
18.0833333333
18.1666666667
17.2542372881
18.1166666667
18.0333333333
17.7
16.75
17.9152542373
17.25
16.7
17.2833333333
17.05
18.4745762712
20.0333333333
17.9333333333
18.7666666667
17.1833333333
19.2
18.1016949153
19.65
15.8
16.75
16.8833333333
17.406779661
18.2166666667
19.5849056604
--END OF 6--
2617.2
2570.7
2700.15254237
2574.15
2828.1
2652.5
2498.65
2549.05
2446.77966102
2511.95
2650.25
2335.5
2441.95
2548.75
2583.61016949
2599.8
2530.05
2500.95
2481.75
2552.6440678
2683.65
2623.1
2404.4
2523.6
2545.25
2517.0
2502.85
2376.5
2351.8
2325.3
2485.52542373
2376.0
2503.65
2440.95
2372.85
2424.45
2422.77966102
2383.5
2440.05
2445.45
2368.9
2366.18644068
2354.5
2265.8
2486.95
2493.15
2561.69491525
2596.2
2432.25
2542.5
2462.55
2474.7
2428.62711864
2462.85
2403.3
2348.15
2338.95
2547.10169492
2325.3
2590.64150943
--END OF 7--
739.9
713.4
751.322033898
700.95
791.716666667
732.8
691.45
713.333333333
691.423728814
692.8
739.683333333
643.65
688.183333333
706.866666667
728.881355932
716.1
717.6
716.25
676.75
707.966101695
738.683333333
729.8
683.383333333
704.7
699.65
697.677966102
707.816666667
658.866666667
669.833333333
663.633333333
694.203389831
677.35
699.35
693.266666667
665.05
660.5
665.677966102
657.816666667
676.1
678.783333333
654.533333333
658.711864407
657.716666667
649.583333333
700.083333333
671.583333333
720.288135593
728.5
687.5
712.65
684.55
686.25
685.796610169
698.833333333
665.283333333
661.95
659.083333333
695.271186441
653.716666667
734.490566038
--END OF 8--
123.1
103.75
118.779661017
106.083333333
114.183333333
110.733333333
107.766666667
92.75
88.6949152542
94.3833333333
99.8333333333
89.7333333333
107.433333333
99.65
104.0
106.816666667
101.75
117.6
111.15
124.813559322
113.766666667
117.116666667
108.983333333
102.983333333
108.166666667
109.559322034
120.233333333
93.6333333333
105.266666667
93.95
111.254237288
115.4
109.1
123.5
109.2
104.45
96.4745762712
105.783333333
102.716666667
95.8333333333
95.4833333333
103.745762712
89.0
84.9166666667
88.5
76.8166666667
93.9322033898
116.0
97.2
98.55
83.5
102.2
98.0
109.033333333
80.0
97.8333333333
90.15
98.9830508475
96.95
100.320754717
--END OF 9--
8.25
1.45
4.16949152542
4.45
5.4
3.61666666667
1.43333333333
5.68333333333
4.15254237288
3.26666666667
2.65
2.83333333333
4.1
3.7
2.33898305085
4.31666666667
4.3
5.5
4.05
4.50847457627
4.36666666667
4.65
6.26666666667
5.28333333333
4.28333333333
3.72881355932
7.7
3.9
0.766666666667
4.3
5.71186440678
5.0
2.15
6.71666666667
4.65
4.85
2.93220338983
5.6
3.38333333333
2.88333333333
2.46666666667
3.84745762712
1.96666666667
1.71666666667
2.15
4.43333333333
0.898305084746
5.55
3.45
4.65
1.1
9.8
4.28813559322
7.0
1.48333333333
3.01666666667
4.45
1.30508474576
5.8
6.24528301887
--END OF 10--
0.3
1.05
0.64406779661
0.416666666667
2.78333333333
1.75
0.15
1.4
0.186440677966
0.333333333333
0.233333333333
1.06666666667
0.85
0.1
0.491525423729
0.666666666667
1.3
0.5
0.0
1.01694915254
1.16666666667
0.683333333333
1.95
0.366666666667
0.0
1.01694915254
2.5
0.0
0.0
0.466666666667
2.06779661017
0.05
0.45
0.766666666667
0.5
0.75
0.254237288136
2.0
0.0
0.233333333333
0.266666666667
0.508474576271
0.566666666667
0.933333333333
0.366666666667
0.633333333333
0.0
0.65
0.55
2.3
0.5
1.4
0.508474576271
2.03333333333
0.0666666666667
0.0
1.0
0.0
2.53333333333
0.377358490566
--END OF 11--
0.3
0.2
0.491525423729
0.0166666666667
0.0
0.0
0.0
0.483333333333
0.0169491525424
0.0
0.233333333333
0.0666666666667
0.433333333333
0.0
0.0
0.0
0.0
0.0
0.0
0.508474576271
0.0
0.0
0.633333333333
0.366666666667
0.0
0.508474576271
0.0
0.0
0.0
0.466666666667
0.0338983050847
0.0
0.0
0.0
0.0
0.3
0.203389830508
0.0
0.0
0.0
0.0
0.508474576271
0.0
0.5
0.0
0.5
0.0
0.45
0.05
0.5
0.0
0.5
0.0
0.0
0.0
0.0
0.0
0.0
0.0
0.0
--END OF 12--
