12.2666666667
12.05
12.65
11.9666666667
13.1694915254
12.1333333333
11.9166666667
12.15
12.3
11.1666666667
12.406779661
11.1166666667
12.7166666667
11.7666666667
11.4166666667
12.7
14.4745762712
13.9833333333
12.4333333333
12.7833333333
11.8333333333
12.3559322034
12.3166666667
11.7
12.4833333333
11.6166666667
12.0166666667
12.7796610169
12.9833333333
12.35
11.9
12.7666666667
12.186440678
12.3
14.3
12.9166666667
12.9333333333
12.5762711864
12.4
12.4666666667
13.0
12.3166666667
13.1694915254
13.2833333333
12.2833333333
14.05
13.75
12.4915254237
14.25
13.9833333333
13.1166666667
12.6833333333
12.2203389831
12.9166666667
13.5
13.3833333333
14.3333333333
13.8333333333
13.3728813559
12.1578947368
--END OF 1--
16.9166666667
16.2833333333
16.9833333333
15.6666666667
18.4915254237
16.5166666667
16.3166666667
17.1333333333
17.05
14.2166666667
17.4237288136
14.2333333333
16.35
15.8166666667
15.75
18.0
20.1016949153
19.5166666667
18.1166666667
17.95
16.15
17.1355932203
17.3666666667
16.65
18.0333333333
15.9166666667
17.4666666667
17.6440677966
17.5333333333
16.5333333333
17.0166666667
16.5
17.0677966102
16.1333333333
18.1333333333
17.2166666667
19.65
17.3559322034
16.8
16.3666666667
17.85
16.8166666667
18.0677966102
17.65
17.5333333333
20.95
19.75
17.6949152542
19.65
19.9166666667
18.7166666667
17.3166666667
17.3389830508
18.3666666667
19.7
17.7833333333
18.6833333333
19.8833333333
16.7627118644
16.1929824561
--END OF 2--
17.35
16.7
17.6333333333
16.45
19.8644067797
17.45
17.1666666667
17.5
17.1
15.5166666667
19.4237288136
15.4666666667
17.1333333333
16.0333333333
15.8833333333
18.4
21.3389830508
20.0166666667
19.9166666667
18.3833333333
16.4166666667
17.5423728814
18.6
17.85
18.7333333333
16.1666666667
17.6166666667
17.8474576271
17.6333333333
16.5833333333
17.6166666667
16.55
17.2372881356
16.6333333333
18.7666666667
17.2666666667
20.4333333333
18.3898305085
18.35
17.4666666667
18.15
17.1666666667
18.9830508475
18.3
17.7666666667
22.6666666667
21.4
18.6440677966
20.9
20.7166666667
19.6833333333
17.6
17.7966101695
18.4666666667
20.2
18.5333333333
19.1833333333
20.9833333333
17.9152542373
16.7719298246
--END OF 3--
12.2666666667
12.05
12.65
11.9666666667
13.1694915254
12.1333333333
11.9166666667
12.15
12.3
11.1666666667
12.406779661
11.1166666667
12.7166666667
11.7666666667
11.4166666667
12.7
14.4745762712
13.9833333333
12.4333333333
12.7833333333
11.8333333333
12.3559322034
12.3166666667
11.7
12.4833333333
11.6166666667
12.0166666667
12.7796610169
12.9833333333
12.35
11.9
12.7666666667
12.186440678
12.3
14.3
12.9166666667
12.9333333333
12.5762711864
12.4
12.4666666667
13.0
12.3166666667
13.1694915254
13.2833333333
12.2833333333
14.05
13.75
12.4915254237
14.25
13.9833333333
13.1166666667
12.6833333333
12.2203389831
12.9166666667
13.5
13.3833333333
14.3333333333
13.8333333333
13.3728813559
12.1578947368
--END OF 4--
16.9166666667
16.2833333333
16.9833333333
15.6666666667
18.4915254237
16.5166666667
16.3166666667
17.1333333333
17.05
14.2166666667
17.4237288136
14.2333333333
16.35
15.8166666667
15.75
18.0
20.1016949153
19.5166666667
18.1166666667
17.95
16.15
17.1355932203
17.3666666667
16.65
18.0333333333
15.9166666667
17.4666666667
17.6440677966
17.5333333333
16.5333333333
17.0166666667
16.5
17.0677966102
16.1333333333
18.1333333333
17.2166666667
19.65
17.3559322034
16.8
16.3666666667
17.85
16.8166666667
18.0677966102
17.65
17.5333333333
20.95
19.75
17.6949152542
19.65
19.9166666667
18.7166666667
17.3166666667
17.3389830508
18.3666666667
19.7
17.7833333333
18.6833333333
19.8833333333
16.7627118644
16.1929824561
--END OF 5--
17.35
16.7
17.6333333333
16.45
19.8644067797
17.45
17.1666666667
17.5
17.1
15.5166666667
19.4237288136
15.4666666667
17.1333333333
16.0333333333
15.8833333333
18.4
21.3389830508
20.0166666667
19.9166666667
18.3833333333
16.4166666667
17.5423728814
18.6
17.85
18.7333333333
16.1666666667
17.6166666667
17.8474576271
17.6333333333
16.5833333333
17.6166666667
16.55
17.2372881356
16.6333333333
18.7666666667
17.2666666667
20.4333333333
18.3898305085
18.35
17.4666666667
18.15
17.1666666667
18.9830508475
18.3
17.7666666667
22.6666666667
21.4
18.6440677966
20.9
20.7166666667
19.6833333333
17.6
17.7966101695
18.4666666667
20.2
18.5333333333
19.1833333333
20.9833333333
17.9152542373
16.7719298246
--END OF 6--
2389.35
2339.75
2380.25
2354.6
2537.49152542
2412.95
2284.2
2417.25
2358.75
2234.1
2385.0
2253.95
2395.55
2220.1
2208.15
2455.65
2709.96610169
2692.6
2360.75
2413.75
2238.55
2335.11864407
2399.4
2282.85
2397.0
2255.25
2283.0
2491.16949153
2539.8
2362.0
2418.6
2374.95
2387.23728814
2323.0
2584.65
2441.45
2535.65
2475.05084746
2363.4
2366.7
2556.45
2462.4
2484.30508475
2493.55
2458.75
2770.3
2644.3
2410.6779661
2575.2
2670.3
2473.35
2408.5
2367.3559322
2592.45
2504.1
2481.15
2652.6
2595.6
2541.91525424
2275.73684211
--END OF 7--
650.766666667
647.05
672.65
646.683333333
706.152542373
663.5
644.2
670.833333333
656.9
604.3
669.796610169
620.583333333
677.283333333
620.25
619.083333333
685.083333333
761.542372881
748.866666667
671.216666667
672.383333333
630.816666667
645.610169492
664.25
635.95
682.4
637.8
643.5
691.423728814
702.6
661.2
659.066666667
652.65
662.915254237
653.316666667
719.3
678.916666667
722.8
687.779661017
653.8
668.15
695.75
674.65
694.661016949
699.9
671.95
763.516666667
739.516666667
669.881355932
727.816666667
748.7
691.783333333
665.683333333
665.06779661
714.75
712.2
701.85
749.8
739.0
716.661016949
643.473684211
--END OF 8--
93.05
82.45
97.6333333333
89.3666666667
109.86440678
92.5
96.75
105.25
107.7
85.05
111.186440678
84.9666666667
76.8666666667
83.9666666667
82.6666666667
99.1666666667
124.13559322
104.3
105.833333333
113.933333333
91.75
96.7627118644
111.066666667
98.45
104.55
100.95
109.85
103.661016949
101.45
90.8
97.0666666667
86.4833333333
99.186440678
89.9333333333
100.1
94.3
117.166666667
94.6440677966
99.75
94.05
101.2
92.4
108.0
96.2166666667
109.6
113.833333333
132.683333333
105.644067797
121.35
125.566666667
116.533333333
101.5
104.254237288
96.2
109.55
102.2
105.15
128.65
90.5084745763
80.0701754386
--END OF 9--
3.66666666667
4.6
3.93333333333
3.51666666667
5.77966101695
4.21666666667
4.2
3.71666666667
3.1
3.5
7.25423728814
3.71666666667
3.13333333333
4.55
3.51666666667
5.0
6.16949152542
6.81666666667
8.7
4.2
3.75
4.28813559322
4.66666666667
5.75
6.8
1.9
4.7
2.0
3.05
3.15
3.66666666667
1.86666666667
3.67796610169
1.36666666667
3.6
0.966666666667
6.95
4.08474576271
6.75
4.75
4.3
4.15
3.81355932203
4.03333333333
4.71666666667
10.4666666667
6.16666666667
6.05084745763
6.46666666667
5.6
6.41666666667
4.86666666667
5.23728813559
5.3
6.9
3.75
2.7
4.15
3.91525423729
4.24561403509
--END OF 10--
0.816666666667
0.5
0.616666666667
0.816666666667
1.49152542373
1.06666666667
1.15
0.25
0.0
1.5
3.23728813559
1.81666666667
0.966666666667
0.533333333333
0.0333333333333
0.733333333333
2.27118644068
0.716666666667
2.28333333333
0.683333333333
0.316666666667
0.508474576271
1.88333333333
1.5
1.15
0.5
0.0
0.508474576271
0.0
0.0
1.13333333333
0.0666666666667
0.0
0.466666666667
1.03333333333
0.0666666666667
1.58333333333
1.62711864407
1.8
1.45
0.4
0.85
1.27118644068
1.0
0.416666666667
2.38333333333
1.7
1.62711864407
2.15
1.25
1.56666666667
0.633333333333
1.01694915254
0.0
0.75
1.25
0.5
1.65
1.30508474576
1.17543859649
--END OF 11--
0.0
0.0
0.5
0.0
0.0
0.0
0.0
0.0
0.0
1.1
0.915254237288
0.0
0.5
0.0
0.0
0.0
0.0
0.35
1.15
0.0
0.0
0.508474576271
0.466666666667
0.3
0.2
0.0
0.0
0.0
0.0
0.0
0.0
0.0
0.0
0.466666666667
0.533333333333
0.0
0.0666666666667
0.440677966102
0.0
0.5
0.0
0.25
0.254237288136
0.0
0.0
0.0
0.5
0.0
0.0
0.366666666667
0.7
0.133333333333
0.0
0.0
0.5
0.0
0.0
0.3
0.64406779661
0.0
--END OF 12--
