20.05
19.7333333333
19.7627118644
18.6833333333
19.6833333333
19.55
19.9
18.5666666667
19.2542372881
19.1166666667
19.7166666667
19.65
19.1333333333
18.1833333333
18.9152542373
19.1833333333
19.6166666667
19.5333333333
18.05
17.8333333333
19.406779661
18.4833333333
18.5
17.8166666667
19.45
18.4745762712
19.4166666667
18.1333333333
19.7333333333
19.5
19.85
19.9491525424
19.5333333333
19.3166666667
17.9166666667
20.1333333333
18.9166666667
18.2711864407
18.5
20.05
20.1
20.6
19.0
19.0508474576
17.7666666667
18.8
18.6833333333
18.2833333333
19.2203389831
18.9333333333
17.0666666667
18.2
19.45
18.4833333333
17.9661016949
19.0
19.1
19.75
18.75
18.6226415094
--END OF 1--
25.8833333333
27.4
25.3220338983
25.6833333333
26.4333333333
26.1
25.65
26.0666666667
26.2203389831
25.8833333333
27.35
27.0
26.8
25.2666666667
26.0847457627
25.85
26.4666666667
27.05
25.7166666667
23.9833333333
27.3728813559
26.25
26.35
25.7666666667
26.25
25.0
25.9833333333
24.0833333333
28.2
24.7333333333
25.55
25.5254237288
25.7
26.0333333333
23.9666666667
26.85
26.4333333333
25.1355932203
24.95
26.75
27.85
27.15
24.2
25.8644067797
26.1166666667
25.3166666667
25.2
25.25
25.2203389831
25.1
23.6
23.2666666667
26.4666666667
24.9833333333
25.593220339
27.45
25.35
26.95
25.95
24.1509433962
--END OF 2--
25.9333333333
27.5
25.6779661017
27.1333333333
27.1333333333
27.75
27.6
27.8166666667
26.7627118644
26.4666666667
27.95
29.05
27.3666666667
26.5333333333
27.3220338983
26.6
27.6666666667
28.5
26.1666666667
24.6833333333
28.3220338983
26.8833333333
27.6
27.2666666667
27.1
25.9322033898
26.3666666667
24.5166666667
28.5
25.4666666667
26.6166666667
26.6271186441
26.4333333333
26.7
24.7666666667
27.2833333333
27.15
25.7288135593
25.05
27.15
28.9
28.3
25.75
26.7796610169
27.25
26.3
26.65
26.3166666667
25.8474576271
25.95
23.9833333333
24.3666666667
27.0166666667
25.9666666667
27.4406779661
27.85
25.6
28.4
26.75
24.679245283
--END OF 3--
19.9
19.4166666667
19.6271186441
18.6833333333
19.2833333333
19.4
19.75
18.5666666667
19.0
19.0666666667
19.3833333333
19.55
19.0333333333
18.1833333333
18.813559322
18.9666666667
19.5833333333
19.4833333333
18.05
17.8333333333
19.0677966102
18.4833333333
18.5
17.8166666667
19.45
18.4745762712
19.4166666667
18.1333333333
19.6833333333
19.5
19.65
19.5762711864
19.15
19.1833333333
17.9166666667
19.6833333333
18.7833333333
18.2203389831
18.5
19.8
19.8
20.0
18.95
19.0
17.7666666667
18.8
18.6833333333
18.2833333333
19.2203389831
18.9333333333
17.0666666667
18.2
19.3
18.4833333333
17.9152542373
18.95
19.1
19.6
18.75
18.6226415094
--END OF 4--
25.8833333333
27.4
25.3220338983
25.6833333333
26.4333333333
26.1
25.65
26.0666666667
26.2203389831
25.8833333333
27.35
27.0
26.75
25.2666666667
26.0847457627
25.85
26.4666666667
27.05
25.7166666667
23.9833333333
27.3728813559
26.25
26.35
25.7666666667
26.25
25.0
25.9833333333
24.0833333333
28.2
24.7333333333
25.55
25.5254237288
25.7
26.0333333333
23.9666666667
26.85
26.4333333333
25.1355932203
24.95
26.75
27.85
27.15
24.2
25.8644067797
26.1166666667
25.3166666667
25.2
25.25
25.2203389831
25.1
23.6
23.2666666667
26.4666666667
24.9833333333
25.593220339
27.45
25.35
26.95
25.95
24.1509433962
--END OF 5--
25.9333333333
27.5
25.6779661017
27.1333333333
27.1333333333
27.75
27.6
27.8166666667
26.7627118644
26.4666666667
27.95
29.05
27.3666666667
26.5333333333
27.3220338983
26.6
27.6666666667
28.5
26.1666666667
24.6833333333
28.3220338983
26.8833333333
27.6
27.2666666667
27.1
25.9322033898
26.3666666667
24.5166666667
28.5
25.4666666667
26.6166666667
26.6271186441
26.4333333333
26.7
24.7666666667
27.2833333333
27.15
25.7288135593
25.05
27.15
28.9
28.3
25.75
26.7796610169
27.25
26.3
26.65
26.3166666667
25.8474576271
25.95
23.9833333333
24.3666666667
27.0166666667
25.9666666667
27.4406779661
27.85
25.6
28.4
26.75
24.679245283
--END OF 6--
3609.85
3620.1
3587.38983051
3494.55
3671.55
3621.75
3623.1
3488.25
3708.30508475
3612.7
3701.15
3634.0
3715.0
3531.95
3626.23728814
3628.55
3608.85
3613.7
3514.55
3443.5
3687.25423729
3524.45
3605.55
3527.55
3560.4
3428.94915254
3593.95
3465.05
3770.6
3595.4
3601.5
3679.42372881
3670.85
3626.7
3466.8
3767.65
3576.8
3420.81355932
3485.4
3636.45
3703.05
3782.85
3451.2
3552.45762712
3469.8
3547.2
3441.3
3461.8
3553.57627119
3601.15
3305.0
3418.5
3481.65
3521.3
3586.52542373
3653.7
3601.5
3641.4
3505.65
3448.52830189
--END OF 7--
1014.18333333
1025.06666667
994.423728814
962.95
1029.05
995.75
1000.85
984.45
1019.54237288
1013.15
1033.21666667
1026.71666667
1018.06666667
985.966666667
1017.16949153
1016.03333333
1012.43333333
1000.58333333
970.5
946.683333333
1021.57627119
985.55
995.1
979.45
999.5
944.983050847
981.05
941.183333333
1032.63333333
992.433333333
1006.41666667
1008.06779661
994.366666667
994.583333333
939.933333333
1035.33333333
989.15
955.627118644
963.55
1022.95
1049.5
1057.15
961.5
986.711864407
960.883333333
997.416666667
968.366666667
960.1
992.559322034
972.75
906.8
939.783333333
990.283333333
975.25
978.186440678
1007.2
978.0
1007.85
985.15
943.20754717
--END OF 8--
134.733333333
154.8
130.305084746
154.9
145.95
142.95
130.3
160.55
145.847457627
148.916666667
150.816666667
168.916666667
155.6
152.533333333
157.728813559
151.966666667
139.05
151.25
150.7
131.333333333
163.355932203
165.85
162.05
164.15
147.2
147.220338983
142.416666667
130.7
155.083333333
137.95
131.7
141.915254237
145.016666667
143.1
129.366666667
143.833333333
149.0
135.915254237
137.7
154.0
160.5
142.7
125.4
134.271186441
153.316666667
134.733333333
133.55
153.216666667
144.966101695
139.216666667
147.85
124.316666667
139.616666667
134.133333333
148.288135593
167.483333333
132.2
157.0
146.85
135.113207547
--END OF 9--
3.81666666667
6.06666666667
5.01694915254
6.55
7.9
7.8
6.65
7.65
4.66101694915
4.3
7.86666666667
6.4
4.63333333333
6.15
8.40677966102
4.55
8.28333333333
11.3333333333
4.95
4.15
6.96610169492
4.7
6.0
7.8
6.85
5.08474576271
3.23333333333
4.3
7.36666666667
3.23333333333
7.08333333333
5.06779661017
4.21666666667
6.5
4.76666666667
5.05
7.01666666667
4.71186440678
3.6
3.4
6.5
4.15
5.55
7.94915254237
7.73333333333
5.93333333333
7.93333333333
3.46666666667
3.66101694915
5.06666666667
2.35
3.6
8.4
8.96666666667
9.59322033898
7.43333333333
5.4
8.8
4.65
5.88679245283
--END OF 10--
0.0
0.0
0.338983050847
1.26666666667
0.6
2.35
2.85
1.8
0.338983050847
0.933333333333
0.766666666667
3.0
0.5
1.96666666667
1.08474576271
1.1
1.76666666667
1.6
0.933333333333
1.26666666667
1.69491525424
0.883333333333
1.45
2.3
1.1
0.881355932203
0.533333333333
0.633333333333
0.4
0.833333333333
1.41666666667
1.40677966102
1.56666666667
1.16666666667
1.5
0.533333333333
0.95
0.593220338983
0.0
0.6
1.6
1.7
2.55
1.06779661017
1.96666666667
1.53333333333
2.6
1.21666666667
1.35593220339
1.25
0.633333333333
1.5
0.5
0.866666666667
2.25423728814
0.75
0.1
1.35
0.65
0.641509433962
--END OF 11--
0.0
0.0
0.0
0.266666666667
0.1
0.75
0.65
1.0
0.338983050847
0.166666666667
0.0
0.5
0.0
0.5
0.0677966101695
0.6
0.333333333333
0.5
0.0
0.0
0.271186440678
0.233333333333
0.0
0.5
0.45
0.0508474576271
0.0
0.133333333333
0.366666666667
0.0
0.283333333333
0.661016949153
0.316666666667
0.183333333333
0.0
0.0
0.0
0.0
0.0
0.0
0.05
0.45
0.45
0.0508474576271
0.3
0.2
0.0833333333333
0.916666666667
0.0
0.366666666667
0.133333333333
0.5
0.0
0.0
1.52542372881
0.166666666667
0.0
0.6
0.4
0.0
--END OF 12--
