18.3833333333
19.0
18.95
19.2
19.4
18.2166666667
20.0333333333
19.8983050847
18.4
18.9666666667
18.5333333333
18.8333333333
19.3666666667
18.8644067797
18.7333333333
19.1333333333
19.0666666667
18.3333333333
18.1833333333
19.3050847458
20.35
18.4833333333
19.2833333333
19.45
18.6271186441
19.75
18.9166666667
18.0166666667
19.7666666667
19.0666666667
20.3050847458
19.5833333333
20.25
19.75
19.95
19.3389830508
19.2166666667
18.6166666667
19.2
18.5833333333
18.2166666667
18.2711864407
18.3833333333
19.55
18.4333333333
18.6
19.2033898305
19.55
19.9166666667
19.6833333333
18.7333333333
19.3166666667
19.9322033898
19.3666666667
19.8333333333
19.65
20.3
19.8166666667
18.406779661
19.1052631579
--END OF 1--
25.4833333333
25.406779661
24.95
25.6166666667
25.4666666667
24.0
25.6166666667
26.9322033898
24.2
24.0833333333
24.4333333333
25.2166666667
25.95
24.3389830508
25.5666666667
25.2
26.3166666667
23.7333333333
24.9333333333
26.3220338983
25.8333333333
24.3666666667
24.2666666667
25.65
24.3220338983
25.85
26.8333333333
24.1333333333
26.4
26.1833333333
28.0847457627
26.1333333333
26.55
25.45
25.95
26.3559322034
26.1833333333
25.1666666667
25.7
25.4166666667
24.5
25.9491525424
23.8
24.3
26.1
25.3833333333
24.9491525424
26.5333333333
25.8
25.7666666667
24.9333333333
26.4166666667
25.6101694915
26.4166666667
26.9166666667
25.9166666667
27.1
26.3333333333
25.3728813559
24.4210526316
--END OF 2--
25.6333333333
25.4576271186
25.4333333333
26.3833333333
26.3833333333
24.5833333333
26.05
27.1694915254
25.05
24.2666666667
24.8333333333
25.3666666667
26.4666666667
24.3898305085
26.4833333333
26.4333333333
26.9166666667
24.2333333333
25.9333333333
26.8644067797
26.3666666667
24.9333333333
25.1
26.2166666667
24.6779661017
26.5166666667
27.6
24.7166666667
27.2166666667
27.6
28.7796610169
26.9166666667
26.8666666667
26.25
28.15
27.6101694915
26.7
25.65
26.7
26.0333333333
25.55
26.2711864407
24.8166666667
24.65
27.6666666667
25.6
25.3898305085
27.7666666667
26.2833333333
26.3666666667
26.3666666667
26.4166666667
25.9491525424
27.3833333333
27.6666666667
27.3166666667
27.1166666667
27.4333333333
27.0169491525
25.0
--END OF 3--
18.3833333333
19.0
18.9
19.15
19.4
18.2166666667
19.7
19.4745762712
18.4
18.9666666667
18.5333333333
18.8333333333
19.3666666667
18.8644067797
18.7333333333
18.9333333333
19.0666666667
18.3333333333
18.1333333333
19.0
19.85
18.4833333333
19.2833333333
19.4
18.6271186441
19.4166666667
18.9166666667
18.0166666667
19.4166666667
19.05
19.8983050847
19.3333333333
19.65
19.55
19.75
19.1355932203
19.0666666667
18.6166666667
18.8166666667
18.4666666667
18.2166666667
18.2711864407
18.3833333333
19.4
18.4333333333
18.6
18.8474576271
19.35
19.6
19.45
18.7333333333
19.2833333333
19.5762711864
19.3666666667
19.5333333333
19.65
19.85
19.65
18.406779661
19.1052631579
--END OF 4--
25.4833333333
25.406779661
24.95
25.6166666667
25.4666666667
24.0
25.6166666667
26.9322033898
24.2
24.0833333333
24.4333333333
25.2166666667
25.95
24.3389830508
25.5666666667
25.2
26.3166666667
23.7333333333
24.9333333333
26.3220338983
25.8333333333
24.3666666667
24.2666666667
25.65
24.3220338983
25.85
26.8333333333
24.1333333333
26.4
26.1833333333
28.0847457627
26.1333333333
26.55
25.45
25.95
26.3559322034
26.1833333333
25.1666666667
25.6666666667
25.4
24.5
25.9491525424
23.8
24.3
26.1
25.3833333333
24.9491525424
26.5333333333
25.8
25.7666666667
24.9333333333
26.4166666667
25.6101694915
26.4166666667
26.9166666667
25.9166666667
27.1
26.3166666667
25.3728813559
24.4210526316
--END OF 5--
25.6333333333
25.4576271186
25.4333333333
26.3833333333
26.3833333333
24.5833333333
26.05
27.1694915254
25.05
24.2666666667
24.8333333333
25.3666666667
26.4666666667
24.3898305085
26.4833333333
26.4333333333
26.9166666667
24.2333333333
25.9333333333
26.8644067797
26.3666666667
24.9333333333
25.1
26.2166666667
24.6779661017
26.5166666667
27.6
24.7166666667
27.2166666667
27.6
28.7796610169
26.9166666667
26.8666666667
26.25
28.15
27.6101694915
26.7
25.65
26.7
26.0333333333
25.55
26.2711864407
24.8166666667
24.65
27.6666666667
25.6
25.3898305085
27.7666666667
26.2833333333
26.3666666667
26.3666666667
26.4166666667
25.9491525424
27.3833333333
27.6666666667
27.3166666667
27.1166666667
27.4333333333
27.0169491525
25.0
--END OF 6--
3394.65
3503.54237288
3454.6
3487.65
3566.25
3438.5
3617.65
3675.20338983
3543.6
3465.1
3448.1
3529.9
3559.9
3523.27118644
3537.9
3596.3
3544.35
3427.35
3551.25
3641.49152542
3695.1
3432.2
3534.55
3540.3
3439.72881356
3604.45
3609.0
3414.2
3652.85
3502.4
3685.83050847
3637.4
3691.85
3621.0
3601.65
3470.69491525
3560.85
3608.2
3762.7
3543.8
3607.55
3613.42372881
3387.45
3545.3
3540.25
3530.8
3598.72881356
3646.9
3671.75
3642.55
3617.9
3621.15
3599.03389831
3603.6
3657.85
3544.0
3715.25
3669.7
3451.62711864
3552.15789474
--END OF 7--
952.55
972.440677966
972.5
973.5
1003.43333333
939.966666667
1020.5
1041.74576271
963.533333333
963.116666667
961.783333333
971.916666667
985.95
959.355932203
975.116666667
994.733333333
1009.1
945.0
974.35
1016.77966102
1023.93333333
948.15
975.15
988.616666667
984.13559322
1012.9
1001.0
940.133333333
1013.73333333
979.85
1034.57627119
1007.21666667
1036.81666667
1005.35
1012.9
976.457627119
1004.7
986.416666667
1023.6
991.833333333
998.466666667
1015.77966102
956.133333333
982.716666667
990.316666667
988.016666667
999.898305085
1034.48333333
1026.35
1012.61666667
1005.63333333
1017.56666667
1009.25423729
1000.91666667
1032.15
1008.86666667
1039.81666667
1022.03333333
963.881355932
982.368421053
--END OF 8--
139.3
135.271186441
147.466666667
144.316666667
136.75
130.983333333
135.666666667
145.762711864
131.966666667
116.983333333
132.5
142.55
140.066666667
125.610169492
144.733333333
141.0
138.3
126.85
155.65
156.508474576
149.716666667
122.916666667
131.816666667
143.9
132.830508475
136.4
155.333333333
129.45
145.833333333
159.6
166.711864407
140.166666667
144.033333333
135.6
142.5
163.93220339
144.583333333
139.133333333
147.65
132.066666667
134.45
154.305084746
121.783333333
121.116666667
154.216666667
144.683333333
142.627118644
142.966666667
134.716666667
153.166666667
141.9
155.133333333
137.0
155.933333333
143.95
138.966666667
152.616666667
137.483333333
149.966101695
137.0
--END OF 9--
6.3
6.35593220339
2.73333333333
4.28333333333
4.8
2.96666666667
2.78333333333
4.76271186441
5.46666666667
3.0
3.53333333333
5.65
4.11666666667
3.30508474576
4.5
6.38333333333
6.35
3.2
5.7
4.32203389831
2.18333333333
5.78333333333
4.16666666667
3.73333333333
2.22033898305
4.76666666667
7.15
3.96666666667
5.28333333333
5.93333333333
7.15254237288
4.26666666667
2.41666666667
6.05
7.4
7.06779661017
6.03333333333
3.91666666667
6.11666666667
5.4
7.8
3.23728813559
3.05
3.05
7.66666666667
3.35
4.5593220339
5.58333333333
2.68333333333
5.48333333333
4.75
2.2
2.25423728814
6.75
5.46666666667
8.15
3.76666666667
5.83333333333
7.38983050847
2.68421052632
--END OF 10--
0.0
0.0
0.233333333333
0.766666666667
0.933333333333
0.566666666667
0.5
0.593220338983
0.416666666667
0.0
0.5
0.0
0.466666666667
0.135593220339
1.71666666667
1.85
0.75
0.75
0.9
0.508474576271
0.916666666667
0.583333333333
0.883333333333
0.116666666667
0.508474576271
1.13333333333
0.733333333333
0.683333333333
0.583333333333
1.71666666667
1.05084745763
0.783333333333
0.35
1.15
2.6
1.81355932203
0.616666666667
1.03333333333
1.15
1.1
1.8
0.661016949153
1.55
0.35
2.03333333333
0.75
0.440677966102
1.51666666667
0.766666666667
0.7
2.51666666667
0.05
0.64406779661
1.45
0.883333333333
1.33333333333
0.0
1.58333333333
2.49152542373
0.526315789474
--END OF 11--
0.0
0.0
0.0
0.0
0.433333333333
0.566666666667
0.0
0.0
0.0
0.0
0.0
0.0
0.0
0.0
0.0
0.3
0.0
0.2
0.3
0.237288135593
0.0
0.0
0.383333333333
0.116666666667
0.0
0.166666666667
0.333333333333
0.216666666667
0.15
0.433333333333
0.101694915254
0.4
0.1
0.9
1.1
0.406779661017
0.0
0.0
0.0
0.5
0.0
0.0
0.216666666667
0.283333333333
0.4
0.0
0.254237288136
0.816666666667
0.0
0.0
0.0
0.0
0.135593220339
0.5
0.0333333333333
0.466666666667
0.0
0.683333333333
0.322033898305
0.0
--END OF 12--
