12.6166666667
11.7333333333
12.25
12.1166666667
12.7833333333
12.3389830508
11.9333333333
12.3666666667
12.3833333333
12.0333333333
12.45
12.0338983051
11.25
11.4166666667
11.1333333333
11.1833333333
10.7666666667
11.2711864407
11.6666666667
12.0333333333
12.0666666667
11.7
11.4166666667
12.4915254237
11.6
11.9333333333
11.6833333333
12.1
12.4237288136
12.55
12.0
12.1333333333
12.8
11.8
11.9661016949
12.2
11.8
10.8833333333
11.3333333333
12.4
11.8983050847
11.4833333333
11.45
12.4166666667
11.65
11.4745762712
12.2
12.3
12.1
11.55
11.7
12.3559322034
11.5
12.15
11.3166666667
12.2666666667
11.8666666667
10.9491525424
11.5
12.0701754386
--END OF 1--
14.75
14.5833333333
15.0833333333
14.75
16.4
16.0847457627
15.4833333333
15.5833333333
15.8333333333
16.0333333333
16.15
15.9830508475
14.65
14.7666666667
13.9833333333
13.5333333333
13.8666666667
14.4406779661
15.6333333333
15.65
15.3166666667
15.2833333333
15.5666666667
15.8474576271
14.7666666667
15.3333333333
14.7166666667
15.2833333333
15.813559322
16.2
15.25
16.85
15.9
14.2
15.9152542373
15.1666666667
14.8833333333
14.8833333333
15.0166666667
15.8166666667
15.8813559322
14.9166666667
14.05
16.1833333333
15.3166666667
14.9491525424
16.05
15.65
15.65
15.4
14.25
15.3898305085
14.8666666667
14.7166666667
14.7333333333
16.2166666667
15.45
14.4406779661
14.1333333333
14.5263157895
--END OF 2--
15.5666666667
14.5833333333
15.2666666667
14.8666666667
16.85
16.0847457627
16.1833333333
16.1833333333
16.65
16.4166666667
16.15
16.0338983051
15.85
14.8166666667
14.2833333333
13.6333333333
14.3666666667
14.5423728814
16.0666666667
16.3
15.9333333333
15.8833333333
15.5666666667
15.9152542373
15.35
15.5333333333
15.5333333333
15.8833333333
15.9491525424
16.2
16.15
17.9333333333
17.4
14.45
16.6779661017
15.6666666667
15.0166666667
15.7833333333
15.25
15.8666666667
16.2372881356
15.2666666667
14.3166666667
16.4333333333
16.6166666667
15.2372881356
17.0
16.15
15.7
16.35
14.65
16.0508474576
15.9166666667
15.1
15.35
16.8333333333
15.8833333333
14.4576271186
15.2333333333
15.0350877193
--END OF 3--
12.6166666667
11.7333333333
12.25
12.1166666667
12.7833333333
12.3389830508
11.9333333333
12.3666666667
12.3833333333
12.0333333333
12.45
12.0338983051
11.25
11.4166666667
11.1333333333
11.1833333333
10.7666666667
11.2711864407
11.6666666667
12.0333333333
12.0666666667
11.7
11.4166666667
12.4915254237
11.6
11.9333333333
11.6833333333
12.1
12.4237288136
12.55
12.0
12.1333333333
12.8
11.8
11.9661016949
12.2
11.8
10.8833333333
11.3333333333
12.4
11.8983050847
11.4833333333
11.45
12.4166666667
11.65
11.4745762712
12.2
12.3
12.1
11.55
11.7
12.3559322034
11.5
12.15
11.3166666667
12.2666666667
11.8666666667
10.9491525424
11.5
12.0701754386
--END OF 4--
14.75
14.5833333333
15.0833333333
14.75
16.4
16.0847457627
15.4833333333
15.5833333333
15.8333333333
16.0333333333
16.15
15.9830508475
14.65
14.7666666667
13.9833333333
13.5333333333
13.8666666667
14.4406779661
15.6333333333
15.65
15.3166666667
15.2833333333
15.5666666667
15.8474576271
14.7666666667
15.3333333333
14.7166666667
15.2833333333
15.813559322
16.2
15.25
16.85
15.9
14.2
15.9152542373
15.1666666667
14.8833333333
14.8833333333
15.0166666667
15.8166666667
15.8813559322
14.9166666667
14.05
16.1833333333
15.3166666667
14.9491525424
16.05
15.65
15.65
15.4
14.25
15.3898305085
14.8666666667
14.7166666667
14.7333333333
16.2166666667
15.45
14.4406779661
14.1333333333
14.5263157895
--END OF 5--
15.5666666667
14.5833333333
15.2666666667
14.8666666667
16.85
16.0847457627
16.1833333333
16.1833333333
16.65
16.4166666667
16.15
16.0338983051
15.85
14.8166666667
14.2833333333
13.6333333333
14.3666666667
14.5423728814
16.0666666667
16.3
15.9333333333
15.8833333333
15.5666666667
15.9152542373
15.35
15.5333333333
15.5333333333
15.8833333333
15.9491525424
16.2
16.15
17.9333333333
17.4
14.45
16.6779661017
15.6666666667
15.0166666667
15.7833333333
15.25
15.8666666667
16.2372881356
15.2666666667
14.3166666667
16.4333333333
16.6166666667
15.2372881356
17.0
16.15
15.7
16.35
14.65
16.0508474576
15.9166666667
15.1
15.35
16.8333333333
15.8833333333
14.4576271186
15.2333333333
15.0350877193
--END OF 6--
2289.3
2284.05
2411.4
2339.25
2421.15
2462.59322034
2322.9
2448.05
2301.35
2259.75
2325.25
2377.11864407
2241.45
2330.1
2250.45
2186.55
2339.7
2357.13559322
2405.15
2266.6
2321.1
2250.55
2333.5
2382.10169492
2266.35
2276.35
2263.1
2336.1
2351.94915254
2342.25
2238.9
2435.35
2409.75
2284.5
2365.22033898
2259.25
2242.9
2204.3
2368.75
2480.85
2349.45762712
2265.85
2240.2
2471.45
2323.2
2315.74576271
2438.55
2412.45
2235.15
2238.75
2215.05
2347.72881356
2281.45
2293.5
2224.9
2369.05
2308.8
2162.23728814
2204.05
2325.78947368
--END OF 7--
638.916666667
630.5
669.533333333
639.433333333
675.183333333
667.491525424
635.8
655.1
654.55
636.8
645.033333333
646.016949153
607.15
634.3
615.2
603.1
631.9
629.796610169
632.2
629.75
637.016666667
625.8
642.75
651.593220339
635.85
638.3
626.95
634.05
650.084745763
652.05
622.2
668.966666667
668.7
618.4
648.322033898
636.85
615.833333333
594.95
644.35
676.55
646.474576271
614.1
608.766666667
674.5
647.566666667
631.813559322
680.95
657.1
626.8
609.75
608.75
639.118644068
622.1
622.633333333
608.416666667
657.033333333
633.733333333
594.542372881
612.133333333
624.228070175
--END OF 8--
65.4333333333
65.95
65.3833333333
78.6166666667
81.7333333333
77.0169491525
75.6
71.9666666667
75.3
87.8166666667
89.9666666667
85.0847457627
82.3
73.2
71.45
66.2
71.8
75.5423728814
86.6833333333
90.2833333333
71.9833333333
64.5666666667
79.0333333333
75.0677966102
68.25
76.9
79.9666666667
81.8666666667
79.8474576271
78.2
76.35
95.5833333333
84.15
67.4
89.5423728814
77.0333333333
77.65
83.8666666667
76.4
85.2333333333
89.8305084746
75.8666666667
69.4
86.0833333333
79.6
84.2033898305
89.2
83.7
88.25
85.15
67.4
74.2203389831
73.75
68.0333333333
70.3
71.4666666667
80.5833333333
73.6440677966
65.6833333333
80.2456140351
--END OF 9--
3.33333333333
0.983333333333
0.85
0.533333333333
3.11666666667
3.50847457627
3.45
2.5
4.68333333333
2.75
0.516666666667
2.45762711864
3.8
3.25
1.2
1.05
1.75
0.203389830508
2.08333333333
3.85
4.25
5.26666666667
1.58333333333
2.45762711864
2.53333333333
3.51666666667
3.11666666667
4.45
3.89830508475
2.45
5.0
3.88333333333
3.45
0.9
2.25423728814
2.4
1.96666666667
4.63333333333
2.56666666667
1.66666666667
1.94915254237
3.13333333333
2.05
2.11666666667
4.55
1.54237288136
2.9
1.2
1.0
5.1
2.1
3.49152542373
4.33333333333
2.93333333333
3.81666666667
6.38333333333
2.38333333333
2.40677966102
4.03333333333
0.701754385965
--END OF 10--
1.36666666667
0.0
0.333333333333
0.166666666667
1.0
0.0
0.366666666667
0.633333333333
1.48333333333
0.516666666667
0.0
0.0
1.5
0.0
0.5
0.0
0.8
0.203389830508
0.833333333333
0.95
0.716666666667
1.0
0.0
0.0677966101695
0.933333333333
0.0
1.0
0.266666666667
0.237288135593
0.0
1.45
1.45
2.35
0.25
1.10169491525
0.816666666667
0.0833333333333
1.3
0.116666666667
0.183333333333
0.322033898305
0.5
0.5
0.216666666667
1.26666666667
0.525423728814
1.5
0.45
0.2
1.85
0.5
0.745762711864
1.26666666667
0.383333333333
0.95
0.866666666667
0.8
0.0
1.73333333333
0.140350877193
--END OF 11--
0.0
0.0
0.0
0.0
0.0
0.0
0.0
0.0
0.0
0.0
0.0
0.0
0.0
0.0
0.0
0.0
0.0
0.0
0.0
0.0
0.0
0.0
0.0
0.0
0.0
0.0
0.0
0.0
0.0
0.0
0.0
0.366666666667
0.0
0.0
0.0
0.5
0.0
0.5
0.0
0.0
0.0
0.0
0.0
0.216666666667
0.783333333333
0.0
0.0
0.0
0.0
0.0
0.0
0.0
0.0
0.383333333333
0.116666666667
0.383333333333
0.116666666667
0.0
0.0
0.0
--END OF 12--
