19.55
21.8
21.6101694915
19.45
20.9
22.3333333333
21.2666666667
21.1666666667
20.7627118644
20.4666666667
20.65
20.7333333333
20.8166666667
20.45
21.2881355932
20.1
20.3
20.9
20.3666666667
19.3389830508
21.1833333333
21.1666666667
20.1666666667
20.5166666667
20.3389830508
19.4333333333
18.6333333333
17.8333333333
18.8833333333
17.7666666667
19.0508474576
17.25
17.95
18.6
17.9333333333
17.9152542373
17.9833333333
19.2666666667
18.8333333333
17.8833333333
19.6610169492
18.9666666667
17.9833333333
17.7666666667
18.3333333333
18.1186440678
18.2833333333
19.7333333333
18.6666666667
18.9333333333
18.9333333333
19.6101694915
19.0
18.1833333333
20.05
18.1666666667
20.0508474576
20.4166666667
19.5666666667
21.6140350877
--END OF 1--
30.95
33.5
33.6949152542
30.2333333333
31.2166666667
33.3333333333
30.8833333333
32.3
32.5762711864
30.2
31.25
30.4166666667
32.4833333333
32.1666666667
31.3389830508
30.35
30.45
30.65
30.5833333333
30.7966101695
30.6666666667
30.4
29.7833333333
32.0333333333
30.6779661017
27.8833333333
27.4666666667
27.6
28.85
28.5
29.9661016949
26.3
27.85
28.7166666667
26.2166666667
27.7796610169
29.1
29.3
27.1666666667
29.0333333333
28.2542372881
28.7666666667
26.25
28.25
28.35
26.6610169492
28.45
28.6333333333
27.5166666667
29.3666666667
27.6333333333
30.3389830508
29.1333333333
28.4666666667
29.1833333333
26.5
30.4576271186
28.8
30.0166666667
32.1403508772
--END OF 2--
31.4
36.75
36.4745762712
30.5333333333
32.2666666667
33.8333333333
31.6333333333
33.1333333333
33.4915254237
31.1333333333
32.65
31.4
33.65
33.6
33.5423728814
31.55
31.35
31.7
31.6333333333
32.1355932203
31.5166666667
30.6333333333
30.6833333333
33.0333333333
31.0508474576
28.55
28.9666666667
28.45
29.4833333333
29.7833333333
30.9661016949
27.3
30.0833333333
29.0166666667
27.0166666667
29.0169491525
30.5
30.8166666667
27.7166666667
30.5166666667
29.6101694915
30.1666666667
27.65
29.2166666667
29.1
27.0169491525
30.1833333333
30.0
28.7
31.8666666667
29.8333333333
31.4406779661
30.9333333333
30.35
30.15
28.3833333333
33.7796610169
29.3833333333
31.4333333333
32.7894736842
--END OF 3--
19.35
21.0
20.6610169492
19.0166666667
20.2333333333
21.4166666667
20.4333333333
20.2666666667
20.1525423729
19.8333333333
20.0833333333
19.9833333333
20.0333333333
19.9333333333
20.4915254237
19.75
19.85
20.2
19.85
19.1694915254
20.3333333333
20.3166666667
19.8
19.9333333333
20.0677966102
19.4333333333
18.6333333333
17.8333333333
18.8333333333
17.7666666667
18.9152542373
17.25
17.95
18.4166666667
17.9333333333
17.9152542373
17.9833333333
19.2166666667
18.8333333333
17.8833333333
19.6610169492
18.9666666667
17.9833333333
17.7666666667
18.3333333333
18.1186440678
18.2833333333
19.5666666667
18.5166666667
18.7833333333
18.9333333333
19.6101694915
19.0
18.1833333333
19.75
18.1666666667
19.7288135593
19.8833333333
19.3833333333
20.7192982456
--END OF 4--
30.25
31.85
31.8983050847
29.65
30.5
31.8666666667
30.2
31.1333333333
31.3389830508
29.7666666667
30.55
29.8666666667
31.1666666667
30.7166666667
30.3559322034
29.85
30.0
30.1
30.0
30.0
30.1833333333
29.9
29.45
31.0333333333
30.0677966102
27.8833333333
27.4666666667
27.6
28.85
28.5
29.5593220339
26.3
27.85
28.3833333333
26.2166666667
27.7457627119
28.8
29.1666666667
27.1
28.7833333333
28.2542372881
28.6666666667
26.25
28.25
28.35
26.6610169492
28.0666666667
28.5
27.2833333333
28.9
27.6333333333
29.8305084746
29.1333333333
28.2833333333
29.1166666667
26.5
29.9830508475
28.6666666667
29.55
30.9649122807
--END OF 5--
31.4
36.75
36.4745762712
30.5333333333
32.2666666667
33.8333333333
31.6333333333
33.1333333333
33.4915254237
31.1333333333
32.65
31.4
33.65
33.6
33.5423728814
31.55
31.35
31.7
31.6333333333
32.1355932203
31.5166666667
30.6333333333
30.6833333333
33.0333333333
31.0508474576
28.55
28.9666666667
28.45
29.4833333333
29.7833333333
30.9661016949
27.3
30.0833333333
29.0166666667
27.0166666667
29.0169491525
30.5
30.8166666667
27.7166666667
30.5166666667
29.6101694915
30.1666666667
27.65
29.2166666667
29.1
27.0169491525
30.1833333333
30.0
28.7
31.8666666667
29.8333333333
31.4406779661
30.9333333333
30.35
30.15
28.3833333333
33.7796610169
29.3833333333
31.4333333333
32.7894736842
--END OF 6--
3793.65
3954.0
4006.77966102
3722.2
3887.8
4026.0
3801.45
3922.45
3929.69491525
3752.95
3760.5
3707.6
3881.3
3885.05
3904.72881356
3703.8
3612.6
3705.45
3686.35
3745.98305085
3796.55
3851.15
3756.65
3798.55
3665.84745763
3601.2
3445.1
3378.4
3538.7
3547.45
3552.86440678
3331.65
3414.5
3455.65
3241.45
3321.96610169
3346.45
3520.15
3436.4
3393.6
3615.10169492
3523.4
3373.65
3420.3
3538.75
3385.06779661
3456.2
3562.8
3446.4
3576.85
3594.3
3697.22033898
3558.5
3423.7
3690.0
3320.8
3686.94915254
3696.5
3708.75
3985.42105263
--END OF 7--
1065.55
1129.85
1134.3559322
1048.26666667
1079.86666667
1146.28333333
1076.0
1104.85
1115.89830508
1066.06666667
1076.61666667
1063.3
1106.81666667
1112.6
1114.08474576
1062.2
1048.2
1070.65
1053.98333333
1063.3559322
1077.23333333
1076.63333333
1057.5
1074.18333333
1044.3220339
1008.41666667
974.233333333
951.7
1004.08333333
981.483333333
1005.06779661
942.65
954.733333333
981.1
942.25
939.847457627
962.483333333
1003.8
962.566666667
967.966666667
1006.55932203
1014.46666667
948.116666667
971.716666667
984.3
934.694915254
975.683333333
1009.23333333
969.533333333
1024.86666667
996.35
1032.86440678
982.133333333
952.683333333
1048.25
943.066666667
1049.62711864
1042.8
1047.23333333
1132.22807018
--END OF 8--
201.8
222.05
239.796610169
203.616666667
208.383333333
209.45
203.0
210.366666667
226.186440678
195.316666667
198.083333333
176.3
228.966666667
220.083333333
201.576271186
188.15
189.85
188.4
211.9
207.508474576
176.25
199.3
183.8
205.65
198.576271186
186.266666667
188.083333333
177.1
193.166666667
188.566666667
200.152542373
173.4
182.75
188.566666667
165.266666667
182.271186441
186.25
193.316666667
175.283333333
200.216666667
175.06779661
195.866666667
173.083333333
185.95
183.366666667
182.881355932
197.9
178.366666667
178.733333333
199.166666667
179.45
198.423728814
188.133333333
193.3
187.3
177.3
206.186440678
183.183333333
199.316666667
216.754385965
--END OF 9--
6.9
18.35
19.1186440678
6.41666666667
8.01666666667
8.58333333333
8.95
12.1833333333
10.6271186441
8.06666666667
11.7666666667
10.2
7.4
12.7
9.45762711864
11.2
9.9
10.45
7.85
10.2881355932
9.86666666667
6.38333333333
8.68333333333
13.5166666667
8.94915254237
5.63333333333
7.6
8.78333333333
8.2
12.4
12.5423728814
9.35
10.4
8.66666666667
6.21666666667
14.2203389831
14.8333333333
13.8833333333
6.4
12.2333333333
9.30508474576
10.3666666667
9.26666666667
9.65
9.85
4.52542372881
10.2
10.3666666667
6.38333333333
9.95
9.9
10.3728813559
11.5833333333
11.5166666667
5.41666666667
9.95
13.6610169492
5.01666666667
10.35
6.52631578947
--END OF 10--
0.65
5.0
3.25423728814
0.65
1.45
0.5
0.966666666667
1.2
1.35593220339
1.43333333333
2.33333333333
1.45
1.71666666667
1.35
3.0
1.45
1.35
1.5
1.48333333333
2.38983050847
1.33333333333
0.616666666667
1.11666666667
1.36666666667
0.0
0.816666666667
2.48333333333
1.45
0.983333333333
1.63333333333
1.33898305085
0.85
3.3
0.466666666667
0.7
1.54237288136
1.88333333333
1.75
0.816666666667
2.05
1.18644067797
1.05
1.23333333333
1.4
0.866666666667
0.152542372881
2.63333333333
2.01666666667
1.71666666667
3.73333333333
3.35
1.76271186441
2.45
1.78333333333
1.06666666667
2.86666666667
4.57627118644
0.783333333333
2.35
0.298245614035
--END OF 11--
0.0
1.75
0.762711864407
0.0
0.433333333333
0.5
0.0
0.0
0.338983050847
0.366666666667
0.0333333333333
0.333333333333
0.666666666667
0.5
0.406779661017
0.1
0.0
0.0
0.166666666667
0.694915254237
0.316666666667
0.0
0.166666666667
0.0
0.0
0.0
0.433333333333
0.0
0.0
0.5
0.627118644068
0.15
0.45
0.05
0.05
0.406779661017
0.65
0.0
0.0
0.4
0.0
0.0
0.216666666667
0.283333333333
0.233333333333
0.0
0.0
0.0
0.466666666667
0.0
0.2
0.305084745763
1.0
0.883333333333
0.116666666667
0.566666666667
1.27118644068
0.566666666667
0.85
0.0
--END OF 12--
