28.0166666667
28.6610169492
27.9833333333
29.2833333333
27.3166666667
25.9333333333
27.6333333333
26.7288135593
27.05
25.7666666667
27.0833333333
25.6166666667
24.7666666667
25.7457627119
24.6166666667
24.8833333333
24.6166666667
23.9
23.5423728814
23.4333333333
23.8166666667
22.6
21.6666666667
21.3220338983
21.8
22.7833333333
23.7833333333
21.5833333333
22.7627118644
22.6833333333
22.5166666667
24.05
22.3
23.0338983051
22.7166666667
22.5333333333
24.5833333333
23.5833333333
21.7
23.4915254237
23.2
23.0333333333
23.3833333333
21.9666666667
23.186440678
23.05
22.3833333333
23.8
23.9
23.3666666667
22.6949152542
22.4
24.3
24.05
24.1166666667
22.6271186441
22.65
23.3666666667
23.3
27.1016949153
--END OF 1--
39.9333333333
41.8305084746
39.2333333333
40.1833333333
39.9666666667
36.9333333333
39.05
39.1355932203
39.15
36.2
38.15
36.5166666667
33.2833333333
37.3389830508
36.0833333333
35.7333333333
36.8166666667
35.7333333333
36.1186440678
33.1833333333
33.05
33.3666666667
31.55
30.7288135593
30.6333333333
33.0166666667
33.0833333333
30.9333333333
33.5423728814
32.15
32.85
33.5333333333
31.8833333333
32.5593220339
31.9
32.2833333333
35.2
33.65
31.5333333333
34.406779661
33.9333333333
32.2833333333
35.7166666667
31.7666666667
33.8813559322
33.9166666667
32.0666666667
33.1666666667
33.5
33.5
32.6440677966
33.85
35.2
32.8833333333
33.65
32.8474576271
32.05
32.85
32.75
41.1186440678
--END OF 2--
41.1166666667
43.2542372881
41.2
42.9333333333
42.15
38.2166666667
40.6
40.0677966102
40.95
38.3833333333
40.6666666667
38.8
35.0166666667
38.1186440678
39.1833333333
37.3
37.8
36.9166666667
38.3898305085
34.2333333333
34.2333333333
34.8833333333
32.8166666667
31.5593220339
32.2833333333
34.9333333333
34.9833333333
32.9833333333
34.6610169492
33.85
34.4166666667
33.8333333333
33.0833333333
34.5084745763
33.0833333333
34.9833333333
36.6
35.2666666667
33.7
36.4915254237
36.2166666667
34.0333333333
36.85
33.4333333333
36.186440678
35.2666666667
33.6666666667
34.6166666667
34.9333333333
35.7333333333
33.3559322034
34.9666666667
35.9333333333
34.5833333333
35.8333333333
33.9491525424
33.4
35.0333333333
34.15
43.8305084746
--END OF 3--
24.4166666667
24.593220339
24.3
25.1333333333
23.6333333333
22.75
24.0333333333
23.3728813559
23.65
23.1166666667
23.8
23.0166666667
22.4666666667
22.9322033898
22.5166666667
22.4
22.5166666667
21.8
21.8644067797
21.65
22.1166666667
21.45
20.5166666667
20.3559322034
21.1
21.55
22.1833333333
20.7333333333
21.6440677966
21.4666666667
21.2333333333
22.3333333333
21.2666666667
21.5423728814
21.2833333333
21.4666666667
22.4833333333
21.8333333333
20.7
21.9830508475
21.6666666667
21.8333333333
21.9
20.9666666667
21.7796610169
21.6166666667
21.25
22.1
22.0
21.7166666667
21.5254237288
21.1666666667
22.3666666667
22.2666666667
22.1166666667
21.4237288136
21.3
21.8666666667
21.9
23.8474576271
--END OF 4--
35.7833333333
36.5762711864
35.15
35.6666666667
35.6333333333
33.65
35.05
35.1186440678
35.15
33.35
34.7666666667
33.7166666667
31.4833333333
34.186440678
33.4666666667
33.0666666667
33.7333333333
32.9333333333
33.3389830508
31.6333333333
31.6166666667
31.5
30.5
29.9152542373
30.1333333333
31.7166666667
31.7833333333
30.3333333333
31.9322033898
30.8333333333
31.3666666667
32.05
30.9166666667
31.3898305085
30.8333333333
30.9833333333
32.8166666667
32.05
30.6333333333
32.4406779661
32.0
31.1333333333
33.2666666667
30.7833333333
32.0847457627
32.0666666667
31.0333333333
31.85
31.85
31.7333333333
31.2542372881
31.8
32.8666666667
31.3666666667
31.95
31.5423728814
30.85
31.3
31.45
36.4406779661
--END OF 5--
41.05
43.0338983051
41.1833333333
42.8833333333
42.15
38.2166666667
40.5666666667
40.0677966102
40.95
38.3833333333
40.6666666667
38.8
35.0166666667
38.1186440678
39.1833333333
37.3
37.8
36.9166666667
38.3898305085
34.2333333333
34.2333333333
34.8833333333
32.8166666667
31.5593220339
32.2833333333
34.9333333333
34.9833333333
32.9833333333
34.6610169492
33.85
34.4166666667
33.8333333333
33.0833333333
34.5084745763
33.0833333333
34.9833333333
36.6
35.2666666667
33.7
36.4915254237
36.2166666667
34.0333333333
36.85
33.4333333333
36.186440678
35.2666666667
33.6666666667
34.6166666667
34.9333333333
35.7333333333
33.3559322034
34.9666666667
35.9333333333
34.5833333333
35.8333333333
33.9491525424
33.4
35.0333333333
34.15
43.4406779661
--END OF 6--
5182.85
5380.52542373
5143.95
5320.1
5127.65
4961.45
5182.15
5031.3559322
5090.4
4848.3
4866.4
4839.4
4648.1
4854.30508475
4588.15
4719.05
4621.0
4561.9
4545.66101695
4462.0
4345.65
4385.25
4170.35
4078.93220339
4083.0
4236.8
4316.1
4079.85
4259.94915254
4282.65
4177.6
4461.5
4234.4
4490.89830508
4261.3
4161.25
4524.5
4384.05
4047.1
4343.38983051
4405.15
4386.75
4350.25
4069.4
4379.94915254
4351.2
4281.95
4362.6
4456.3
4348.95
4321.06779661
4343.8
4414.95
4382.3
4560.6
4373.54237288
4345.05
4407.1
4440.75
5142.91525424
--END OF 7--
1434.58333333
1502.08474576
1429.7
1483.1
1434.06666667
1386.21666667
1449.36666667
1414.59322034
1407.4
1323.0
1370.01666667
1339.78333333
1268.51666667
1342.28813559
1288.75
1322.65
1303.56666667
1290.76666667
1254.49152542
1243.26666667
1219.78333333
1213.21666667
1165.56666667
1143.08474576
1143.38333333
1193.26666667
1212.3
1131.25
1189.13559322
1205.55
1167.7
1216.25
1169.03333333
1240.94915254
1193.33333333
1164.25
1257.21666667
1228.85
1138.13333333
1218.05084746
1229.01666667
1200.65
1250.1
1134.53333333
1214.84745763
1217.1
1179.25
1227.38333333
1221.56666667
1225.81666667
1198.42372881
1209.16666667
1251.38333333
1224.71666667
1269.01666667
1201.25423729
1213.75
1222.08333333
1215.7
1435.69491525
--END OF 8--
243.133333333
263.254237288
218.066666667
228.633333333
233.833333333
225.95
234.666666667
235.559322034
230.55
224.15
222.916666667
234.266666667
191.883333333
216.559322034
218.7
213.7
226.233333333
222.216666667
214.491525424
192.733333333
184.916666667
208.416666667
187.533333333
180.542372881
182.3
199.45
201.55
178.55
197.220338983
189.5
193.15
182.4
184.616666667
200.559322034
199.483333333
198.816666667
192.55
197.866666667
187.25
208.830508475
210.033333333
181.05
212.583333333
198.75
211.847457627
212.833333333
207.416666667
188.35
192.066666667
198.166666667
200.898305085
213.266666667
209.083333333
191.616666667
195.45
184.711864407
191.5
203.55
202.85
255.847457627
--END OF 9--
9.05
13.6440677966
14.2833333333
12.85
13.9
9.08333333333
9.6
8.42372881356
14.65
12.3666666667
14.15
8.36666666667
8.83333333333
10.4237288136
15.5333333333
11.9
9.0
9.61666666667
17.3220338983
7.63333333333
10.9166666667
12.5333333333
11.5166666667
5.20338983051
7.33333333333
10.5833333333
11.85
9.3
11.1694915254
7.53333333333
8.65
7.83333333333
9.73333333333
7.96610169492
9.7
13.6666666667
16.1166666667
9.96666666667
14.0666666667
14.8305084746
14.45
13.0
16.1666666667
9.28333333333
9.54237288136
9.43333333333
8.05
10.5333333333
9.68333333333
12.3
12.5254237288
10.7333333333
12.1333333333
9.38333333333
8.45
8.28813559322
6.65
7.0
5.8
17.3898305085
--END OF 10--
1.86666666667
1.62711864407
2.26666666667
4.15
2.51666666667
1.9
1.88333333333
0.559322033898
2.5
2.78333333333
2.91666666667
2.71666666667
1.78333333333
1.23728813559
3.9
2.1
1.41666666667
1.48333333333
3.67796610169
0.933333333333
1.35
1.8
1.46666666667
1.23728813559
2.4
2.25
1.7
2.8
1.5593220339
2.28333333333
2.25
0.55
1.85
2.62711864407
1.43333333333
4.38333333333
1.46666666667
2.4
2.75
3.42372881356
2.88333333333
2.75
1.35
2.21666666667
3.77966101695
1.78333333333
2.68333333333
1.51666666667
1.98333333333
3.06666666667
0.203389830508
1.5
0.666666666667
2.78333333333
3.61666666667
1.18644067797
2.1
2.71666666667
1.85
4.03389830508
--END OF 11--
0.5
0.389830508475
0.283333333333
0.516666666667
1.4
0.116666666667
0.233333333333
0.0338983050847
0.0
0.45
1.48333333333
1.03333333333
0.0333333333333
0.0
0.416666666667
0.583333333333
0.0
0.7
0.508474576271
0.333333333333
0.133333333333
0.916666666667
0.0833333333333
0.474576271186
0.533333333333
0.55
0.9
1.1
0.28813559322
0.866666666667
0.0
0.0
0.366666666667
0.0677966101695
0.0
0.0666666666667
0.933333333333
0.7
1.1
0.0338983050847
0.0833333333333
0.95
0.5
0.866666666667
0.237288135593
0.0
0.0333333333333
0.9
0.5
0.0
0.0
0.3
0.25
0.0833333333333
0.0
0.457627118644
0.15
1.3
0.2
0.576271186441
--END OF 12--
