9.36666666667
9.51666666667
10.3220338983
9.55
9.8
10.4833333333
9.93333333333
10.0833333333
9.66101694915
9.88333333333
9.85
9.45
9.13333333333
9.41666666667
9.35593220339
9.7
10.7666666667
8.13333333333
9.73333333333
10.0508474576
10.5833333333
9.31666666667
8.96666666667
10.45
10.9833333333
10.4576271186
10.1
9.8
9.6
10.7833333333
9.4406779661
9.41666666667
10.95
10.1666666667
9.53333333333
10.4237288136
10.0833333333
9.6
9.81666666667
10.7
10.1525423729
10.4333333333
10.1333333333
9.81666666667
9.16666666667
9.38333333333
10.7627118644
11.3
10.5333333333
9.4
9.96666666667
9.71186440678
10.3833333333
8.7
9.73333333333
9.66666666667
9.62711864407
8.51666666667
8.81666666667
9.57894736842
--END OF 1--
11.75
12.0166666667
12.9830508475
12.25
13.3
13.5333333333
13.0833333333
13.4833333333
11.7627118644
13.0166666667
13.35
12.6333333333
12.2
12.0166666667
13.1186440678
12.2833333333
13.6
11.3333333333
13.9666666667
13.5254237288
13.8833333333
12.5666666667
12.4166666667
13.0
13.6833333333
14.2203389831
13.0666666667
13.0333333333
12.4166666667
14.3
12.7966101695
12.8833333333
13.6333333333
14.7
12.5166666667
12.7627118644
12.7833333333
12.6833333333
13.0166666667
14.6
13.0
13.5666666667
13.9666666667
12.05
12.6666666667
12.7
13.8983050847
14.8333333333
15.0166666667
12.6666666667
13.3666666667
13.2542372881
13.3166666667
11.25
12.9333333333
12.7166666667
13.3559322034
11.2833333333
12.2
12.5964912281
--END OF 2--
12.7
12.65
14.3559322034
13.0
13.95
14.0333333333
14.2333333333
15.0833333333
11.7966101695
13.5333333333
13.65
13.0333333333
13.2333333333
12.65
13.6949152542
13.2666666667
14.1
11.8666666667
15.0333333333
14.7288135593
14.4833333333
13.0666666667
13.8666666667
13.8
14.6333333333
14.9830508475
13.5
13.7
12.65
14.4666666667
13.2881355932
13.65
14.6666666667
15.0333333333
13.0666666667
13.2542372881
12.7833333333
13.9833333333
13.4666666667
15.3
13.6610169492
14.0166666667
14.4666666667
12.8
13.1833333333
13.3166666667
13.8983050847
15.1666666667
16.15
13.4833333333
13.6166666667
13.6440677966
13.9
11.6
14.3833333333
12.7166666667
14.4576271186
11.85
12.25
12.8245614035
--END OF 3--
9.36666666667
9.51666666667
10.3220338983
9.55
9.8
10.4833333333
9.93333333333
10.0833333333
9.66101694915
9.88333333333
9.85
9.45
9.13333333333
9.41666666667
9.35593220339
9.7
10.7666666667
8.13333333333
9.73333333333
10.0508474576
10.5833333333
9.31666666667
8.96666666667
10.45
10.9833333333
10.4576271186
10.1
9.8
9.6
10.7833333333
9.4406779661
9.41666666667
10.95
10.1666666667
9.53333333333
10.4237288136
10.0833333333
9.6
9.81666666667
10.7
10.1525423729
10.4333333333
10.1333333333
9.81666666667
9.16666666667
9.38333333333
10.7627118644
11.3
10.5333333333
9.4
9.96666666667
9.71186440678
10.3833333333
8.7
9.73333333333
9.66666666667
9.62711864407
8.51666666667
8.81666666667
9.57894736842
--END OF 4--
11.75
12.0166666667
12.9830508475
12.25
13.3
13.5333333333
13.0833333333
13.4833333333
11.7627118644
13.0166666667
13.35
12.6333333333
12.2
12.0166666667
13.1186440678
12.2833333333
13.6
11.3333333333
13.9666666667
13.5254237288
13.8833333333
12.5666666667
12.4166666667
13.0
13.6833333333
14.2203389831
13.0666666667
13.0333333333
12.4166666667
14.3
12.7966101695
12.8833333333
13.6333333333
14.7
12.5166666667
12.7627118644
12.7833333333
12.6833333333
13.0166666667
14.6
13.0
13.5666666667
13.9666666667
12.05
12.6666666667
12.7
13.8983050847
14.8333333333
15.0166666667
12.6666666667
13.3666666667
13.2542372881
13.3166666667
11.25
12.9333333333
12.7166666667
13.3559322034
11.2833333333
12.2
12.5964912281
--END OF 5--
12.7
12.65
14.3559322034
13.0
13.95
14.0333333333
14.2333333333
15.0833333333
11.7966101695
13.5333333333
13.65
13.0333333333
13.2333333333
12.65
13.6949152542
13.2666666667
14.1
11.8666666667
15.0333333333
14.7288135593
14.4833333333
13.0666666667
13.8666666667
13.8
14.6333333333
14.9830508475
13.5
13.7
12.65
14.4666666667
13.2881355932
13.65
14.6666666667
15.0333333333
13.0666666667
13.2542372881
12.7833333333
13.9833333333
13.4666666667
15.3
13.6610169492
14.0166666667
14.4666666667
12.8
13.1833333333
13.3166666667
13.8983050847
15.1666666667
16.15
13.4833333333
13.6166666667
13.6440677966
13.9
11.6
14.3833333333
12.7166666667
14.4576271186
11.85
12.25
12.8245614035
--END OF 6--
1808.7
1833.25
2067.3559322
1844.7
1952.55
2007.9
1968.9
2019.3
1861.72881356
2007.65
1955.55
1949.25
1975.2
1850.65
1988.23728814
1939.65
2058.6
1790.4
2034.85
2023.47457627
2025.15
1981.95
1955.55
2024.85
2103.9
2141.03389831
2075.35
1943.1
1895.8
2142.05
2013.10169492
1891.35
2193.4
2057.05
1860.8
2007.76271186
1970.85
1859.85
2018.4
2127.0
1947.25423729
2084.65
2028.25
1952.75
2010.3
1876.1
2061.86440678
2106.55
2191.6
2016.55
1974.9
1955.89830508
2033.05
1828.5
1994.55
2060.55
2066.59322034
1855.6
1858.45
1941.94736842
--END OF 7--
496.516666667
503.366666667
557.474576271
503.65
537.25
564.35
545.35
550.2
515.898305085
555.766666667
554.266666667
528.25
532.016666667
505.666666667
540.254237288
548.6
574.616666667
483.95
575.95
556.389830508
560.3
552.95
527.9
566.0
587.2
577.728813559
558.85
535.466666667
529.2
586.1
555.813559322
522.166666667
595.183333333
581.333333333
517.483333333
555.372881356
544.5
513.666666667
557.35
591.5
534.677966102
567.25
565.266666667
544.233333333
547.033333333
523.7
572.186440678
592.733333333
597.966666667
540.916666667
554.033333333
548.440677966
568.183333333
511.2
558.7
547.4
556.93220339
495.166666667
513.766666667
531.789473684
--END OF 8--
50.6166666667
53.65
64.7288135593
54.35
64.9
63.6
66.9
70.2
59.3389830508
68.1166666667
70.7666666667
55.2666666667
55.0166666667
67.45
74.5423728814
67.5666666667
64.2833333333
62.7666666667
89.5166666667
73.1016949153
73.55
72.9
71.35
66.45
73.1
73.5254237288
63.2666666667
75.2833333333
71.5833333333
94.9
61.8305084746
69.8333333333
59.8
81.9666666667
64.1833333333
55.406779661
66.55
63.5333333333
76.25
78.15
65.6779661017
61.75
74.5
59.4333333333
68.5
66.7166666667
69.3220338983
78.5333333333
96.0
83.9666666667
71.15
65.8474576271
66.2
52.3
67.9
67.1
78.1525423729
66.3333333333
69.4166666667
58.350877193
--END OF 9--
3.2
3.21666666667
3.79661016949
5.65
4.8
1.45
4.35
5.55
1.05084745763
3.76666666667
3.31666666667
4.01666666667
3.95
2.65
5.03389830508
2.55
3.8
2.86666666667
6.2
6.30508474576
4.35
3.25
4.8
2.8
1.9
5.42372881356
2.48333333333
2.31666666667
0.883333333333
1.75
3.33898305085
3.45
3.45
6.43333333333
3.13333333333
3.54237288136
2.05
5.06666666667
1.85
4.45
2.93220338983
3.36666666667
4.9
3.13333333333
2.7
3.93333333333
2.03389830508
5.73333333333
4.01666666667
3.75
1.65
3.38983050847
2.78333333333
2.45
3.1
0.55
4.91525423729
2.16666666667
1.43333333333
2.17543859649
--END OF 10--
1.28333333333
0.5
2.54237288136
1.0
1.25
1.05
1.35
2.35
0.0
0.0
0.5
0.583333333333
1.6
0.833333333333
0.71186440678
1.01666666667
0.766666666667
1.03333333333
1.86666666667
1.5593220339
1.0
0.8
2.8
1.8
1.6
1.05084745763
0.75
0.716666666667
0.433333333333
0.0666666666667
0.186440677966
1.08333333333
1.15
0.0833333333333
0.433333333333
0.576271186441
0.0
2.1
0.8
1.15
0.559322033898
0.583333333333
0.916666666667
1.0
0.966666666667
1.06666666667
0.0
0.183333333333
1.85
1.33333333333
0.383333333333
0.796610169492
0.6
0.3
1.95
0.05
1.22033898305
0.966666666667
0.35
0.228070175439
--END OF 11--
0.0
0.5
0.406779661017
0.1
0.0
0.2
0.3
1.0
0.0
0.0
0.0
0.0
0.0
0.0
0.0
0.5
0.0
0.1
0.633333333333
0.0
0.0
0.5
0.25
0.25
0.0
1.01694915254
0.283333333333
0.216666666667
0.0
0.0
0.118644067797
0.65
0.233333333333
0.0
0.116666666667
0.389830508475
0.0
0.166666666667
0.0
0.0
0.508474576271
0.0
0.5
0.0
0.0
0.0
0.0
0.0
0.3
0.0
0.0
0.0
0.166666666667
0.0
0.5
0.0
0.440677966102
0.0666666666667
0.0
0.0
--END OF 12--
