13.65
13.7796610169
13.4166666667
13.85
12.9
12.15
13.85
13.3666666667
13.4406779661
12.35
12.9166666667
11.7833333333
13.0333333333
13.35
12.5423728814
12.65
13.5666666667
13.85
13.7833333333
13.593220339
14.4166666667
14.1833333333
14.8166666667
14.2833333333
14.2203389831
13.7833333333
14.1333333333
14.2666666667
15.25
14.813559322
14.2333333333
14.1333333333
14.2666666667
14.0833333333
14.9830508475
15.2
14.8166666667
14.8666666667
14.6
13.8333333333
13.1016949153
12.8166666667
12.9166666667
12.4833333333
13.1833333333
12.5084745763
13.2333333333
13.4166666667
12.3333333333
13.9166666667
13.0508474576
13.0
13.3166666667
12.3333333333
12.2833333333
12.6333333333
12.6440677966
12.2833333333
11.9
13.9122807018
--END OF 1--
18.5666666667
17.9322033898
17.9833333333
18.4666666667
17.4
16.9333333333
18.3333333333
18.0833333333
18.9322033898
18.05
18.65
16.5833333333
17.1333333333
17.25
18.2033898305
17.6333333333
18.0333333333
17.8333333333
18.95
18.6440677966
19.65
20.5333333333
20.5
19.8833333333
18.1186440678
19.0333333333
20.1833333333
19.1666666667
20.0
20.6440677966
19.5666666667
19.5
20.9833333333
19.6
19.6101694915
20.6666666667
20.0333333333
20.5333333333
19.95
19.55
19.3898305085
17.2166666667
16.8166666667
16.3833333333
18.6666666667
18.3559322034
17.4666666667
17.2833333333
16.5
18.2666666667
17.3220338983
17.9166666667
17.2333333333
16.9666666667
16.9666666667
17.1
16.3050847458
15.8833333333
16.55
18.4385964912
--END OF 2--
18.8833333333
17.9322033898
17.9833333333
18.6666666667
17.5166666667
18.05
19.0
18.0833333333
19.6440677966
18.95
19.0
16.9333333333
17.4333333333
18.25
18.9491525424
17.9833333333
18.0333333333
17.8333333333
19.9
19.5084745763
20.05
21.75
20.8833333333
20.15
18.5593220339
19.1833333333
20.4833333333
19.5166666667
20.35
20.7966101695
20.0666666667
20.05
22.0666666667
20.3666666667
19.7118644068
21.4166666667
20.0333333333
21.6166666667
20.0333333333
19.7833333333
19.8474576271
17.9666666667
17.2666666667
16.6833333333
19.1333333333
18.8983050847
18.3333333333
17.7333333333
16.7
18.5666666667
17.5762711864
18.4166666667
18.1833333333
17.4666666667
16.9666666667
17.55
16.7627118644
16.2333333333
16.55
19.4035087719
--END OF 3--
13.65
13.7796610169
13.4166666667
13.85
12.9
12.15
13.85
13.3666666667
13.4406779661
12.35
12.9166666667
11.7833333333
13.0333333333
13.35
12.5423728814
12.65
13.5666666667
13.85
13.7833333333
13.593220339
14.4166666667
14.1833333333
14.8166666667
14.2833333333
14.2203389831
13.7833333333
14.1333333333
14.2666666667
15.25
14.813559322
14.2333333333
14.1333333333
14.2666666667
14.0833333333
14.9830508475
15.2
14.8166666667
14.8666666667
14.6
13.8333333333
13.1016949153
12.8166666667
12.9166666667
12.4833333333
13.1833333333
12.5084745763
13.2333333333
13.4166666667
12.3333333333
13.9166666667
13.0508474576
13.0
13.3166666667
12.3333333333
12.2833333333
12.6333333333
12.6440677966
12.2833333333
11.9
13.9122807018
--END OF 4--
18.5666666667
17.9322033898
17.9833333333
18.4666666667
17.4
16.9333333333
18.3333333333
18.0833333333
18.9322033898
18.05
18.65
16.5833333333
17.1333333333
17.25
18.2033898305
17.6333333333
18.0333333333
17.8333333333
18.95
18.6440677966
19.65
20.5333333333
20.5
19.8833333333
18.1186440678
19.0333333333
20.1833333333
19.1666666667
20.0
20.6440677966
19.5666666667
19.5
20.9833333333
19.6
19.6101694915
20.6666666667
20.0333333333
20.5333333333
19.95
19.55
19.3898305085
17.2166666667
16.8166666667
16.3833333333
18.6666666667
18.3559322034
17.4666666667
17.2833333333
16.5
18.2666666667
17.3220338983
17.9166666667
17.2333333333
16.9666666667
16.9666666667
17.1
16.3050847458
15.8833333333
16.55
18.4385964912
--END OF 5--
18.8833333333
17.9322033898
17.9833333333
18.6666666667
17.5166666667
18.05
19.0
18.0833333333
19.6440677966
18.95
19.0
16.9333333333
17.4333333333
18.25
18.9491525424
17.9833333333
18.0333333333
17.8333333333
19.9
19.5084745763
20.05
21.75
20.8833333333
20.15
18.5593220339
19.1833333333
20.4833333333
19.5166666667
20.35
20.7966101695
20.0666666667
20.05
22.0666666667
20.3666666667
19.7118644068
21.4166666667
20.0333333333
21.6166666667
20.0333333333
19.7833333333
19.8474576271
17.9666666667
17.2666666667
16.6833333333
19.1333333333
18.8983050847
18.3333333333
17.7333333333
16.7
18.5666666667
17.5762711864
18.4166666667
18.1833333333
17.4666666667
16.9666666667
17.55
16.7627118644
16.2333333333
16.55
19.4035087719
--END OF 6--
2538.05
2514.96610169
2451.3
2531.45
2509.05
2466.65
2608.05
2449.85
2467.27118644
2419.45
2499.4
2314.35
2406.6
2417.55
2441.69491525
2413.3
2504.2
2616.95
2671.6
2686.16949153
2730.55
2695.35
2804.75
2682.15
2563.37288136
2690.1
2684.4
2662.8
2769.3
2785.77966102
2719.15
2653.3
2783.25
2649.55
2694.3559322
2825.0
2731.75
2769.9
2823.95
2716.35
2578.52542373
2485.35
2505.0
2391.0
2554.0
2410.88135593
2431.0
2477.3
2449.0
2603.35
2458.6779661
2399.2
2501.8
2419.3
2401.2
2472.95
2384.13559322
2255.25
2260.35
2546.94736842
--END OF 7--
724.4
714.93220339
690.083333333
728.7
694.316666667
682.283333333
721.133333333
690.433333333
699.118644068
675.416666667
707.5
652.8
678.95
689.35
689.711864407
686.333333333
715.666666667
728.4
752.883333333
743.474576271
753.3
758.183333333
775.15
749.333333333
722.542372881
746.9
754.05
746.75
787.8
781.745762712
753.8
729.216666667
771.033333333
741.816666667
767.728813559
779.5
773.483333333
790.8
784.566666667
753.333333333
725.152542373
682.25
694.4
659.85
711.65
671.237288136
683.333333333
706.316666667
684.216666667
733.083333333
672.101694915
677.283333333
713.416666667
673.316666667
672.25
703.133333333
667.542372881
642.25
635.2
712.0
--END OF 8--
110.016666667
93.2203389831
98.7333333333
109.016666667
99.1166666667
98.3666666667
97.7833333333
101.816666667
114.677966102
109.75
111.666666667
92.0
95.5
92.15
112.779661017
106.333333333
104.916666667
92.4833333333
111.75
101.474576271
116.9
126.816666667
132.55
122.083333333
98.813559322
115.25
130.65
107.05
103.35
119.474576271
114.216666667
114.4
132.2
115.25
114.084745763
119.4
113.75
110.333333333
117.9
121.183333333
120.0
100.3
92.85
92.15
112.2
120.559322034
107.816666667
95.1833333333
92.6333333333
101.133333333
78.3728813559
102.1
87.9333333333
96.65
92.5
97.8
81.2203389831
83.75
95.45
112.561403509
--END OF 9--
3.06666666667
2.18644067797
3.4
2.73333333333
1.93333333333
5.31666666667
3.95
3.86666666667
6.33898305085
6.2
4.03333333333
3.4
2.15
3.95
5.08474576271
3.58333333333
1.61666666667
2.4
4.81666666667
5.32203389831
2.98333333333
6.65
2.46666666667
3.8
4.25423728814
2.6
3.0
5.35
2.6
4.28813559322
5.13333333333
5.25
6.68333333333
6.28333333333
1.93220338983
4.35
2.16666666667
6.2
2.66666666667
5.26666666667
6.01694915254
3.75
1.15
3.05
3.81666666667
5.1186440678
3.4
2.65
2.1
2.6
5.71186440678
5.48333333333
4.33333333333
4.08333333333
4.53333333333
1.98333333333
2.5593220339
2.85
3.7
3.98245614035
--END OF 10--
0.6
0.0169491525424
0.0
0.5
0.0
1.46666666667
1.03333333333
0.0
0.966101694915
1.28333333333
0.4
0.5
0.0
1.5
1.22033898305
0.866666666667
0.0
0.0
1.33333333333
1.18644067797
0.5
1.86666666667
0.633333333333
0.466666666667
0.542372881356
0.2
0.55
0.4
0.85
0.508474576271
0.983333333333
1.01666666667
1.91666666667
1.08333333333
0.118644067797
1.38333333333
0.0166666666667
1.65
0.0
0.2
0.237288135593
1.0
0.5
0.6
0.85
0.796610169492
1.03333333333
0.583333333333
0.416666666667
0.5
0.271186440678
0.8
1.43333333333
0.0
0.0
0.5
0.71186440678
0.3
0.0
1.43859649123
--END OF 11--
0.0
0.0
0.0
0.0
0.0
0.0
0.0
0.0
0.254237288136
0.683333333333
0.0
0.0
0.0
0.0
0.0
0.0
0.0
0.0
0.0
0.0
0.5
0.0
0.0
0.0
0.0
0.0
0.25
0.25
0.0
0.0
0.0
0.0
0.0
0.0
0.0
0.0
0.0
0.0
0.0
0.2
0.237288135593
0.1
0.4
0.0
0.0
0.0
0.0
0.0
0.0
0.0
0.0
0.0
0.5
0.0
0.0
0.5
0.0
0.0
0.0
0.0
--END OF 12--
