15.9491525424
16.0333333333
16.45
16.3333333333
15.7666666667
15.1666666667
16.5762711864
16.2166666667
16.2166666667
14.75
16.7166666667
15.65
16.2372881356
15.25
15.65
15.0833333333
14.7166666667
15.6333333333
15.4406779661
15.5166666667
15.9333333333
15.2666666667
14.7166666667
15.4745762712
15.95
17.0333333333
16.2666666667
14.85
16.1525423729
14.9333333333
15.3166666667
15.95
16.6166666667
14.593220339
15.5166666667
14.4166666667
15.1
15.25
15.9152542373
16.15
15.9166666667
16.6
15.1666666667
15.9830508475
16.8
15.6666666667
15.9333333333
15.9666666667
15.2666666667
16.593220339
15.5333333333
15.5833333333
16.2
16.9166666667
16.0677966102
16.4833333333
15.2166666667
16.4
15.8
15.813559322
--END OF 1--
22.7627118644
24.3
22.7
24.7666666667
24.2166666667
23.1833333333
23.7288135593
24.9833333333
24.0666666667
23.15
26.1833333333
22.9
22.7457627119
22.1833333333
22.5
21.0833333333
22.2666666667
24.15
23.6610169492
24.7
24.0833333333
22.25
22.1833333333
23.2881355932
23.3333333333
24.7666666667
23.4333333333
22.6666666667
24.186440678
21.7333333333
23.6666666667
23.35
23.6166666667
21.7627118644
23.1666666667
20.7333333333
22.5666666667
23.0166666667
24.2711864407
24.05
23.7333333333
24.1166666667
23.5
24.8983050847
23.9
24.1
24.4666666667
24.6333333333
22.9166666667
23.8983050847
25.1666666667
22.8
24.1166666667
25.0166666667
21.9491525424
24.25
21.85
22.6666666667
23.75
22.5423728814
--END OF 2--
24.8474576271
26.0333333333
24.0166666667
25.35
25.6166666667
24.05
24.5084745763
26.4833333333
25.05
25.1666666667
28.1
25.4333333333
23.4745762712
23.0666666667
24.9
21.4333333333
22.9666666667
25.45
24.4406779661
26.1666666667
25.45
22.6333333333
23.4833333333
24.4915254237
24.2333333333
26.7833333333
26.4333333333
24.7333333333
25.6271186441
22.5833333333
24.9833333333
24.3
24.4166666667
23.5084745763
23.9
21.2833333333
23.05
24.5333333333
25.5084745763
25.7333333333
25.0166666667
26.2333333333
26.55
26.7288135593
25.65
25.6166666667
25.0333333333
25.5333333333
23.9166666667
24.8983050847
25.85
26.9
24.9
26.25
23.3220338983
25.5166666667
24.4166666667
23.7166666667
26.1
23.1694915254
--END OF 3--
15.9491525424
16.0333333333
16.45
16.3333333333
15.7666666667
15.1666666667
16.5762711864
16.2166666667
16.2166666667
14.75
16.7166666667
15.65
16.2372881356
15.25
15.65
15.0833333333
14.7166666667
15.6333333333
15.4406779661
15.5166666667
15.9333333333
15.2666666667
14.7166666667
15.4745762712
15.95
17.0333333333
16.2666666667
14.85
16.1525423729
14.9333333333
15.3166666667
15.95
16.6166666667
14.593220339
15.5166666667
14.4166666667
15.1
15.25
15.9152542373
16.15
15.9166666667
16.6
15.1666666667
15.9830508475
16.8
15.6666666667
15.9333333333
15.9666666667
15.2666666667
16.593220339
15.5333333333
15.5833333333
16.2
16.9166666667
16.0677966102
16.4833333333
15.2166666667
16.4
15.8
15.813559322
--END OF 4--
22.7627118644
24.3
22.7
24.7666666667
24.2166666667
23.1833333333
23.7288135593
24.9833333333
24.0666666667
23.15
26.1833333333
22.9
22.7457627119
22.1833333333
22.5
21.0833333333
22.2666666667
24.15
23.6610169492
24.7
24.0833333333
22.25
22.1833333333
23.2881355932
23.3333333333
24.7666666667
23.4333333333
22.6666666667
24.186440678
21.7333333333
23.6666666667
23.35
23.6166666667
21.7627118644
23.1666666667
20.7333333333
22.5666666667
23.0166666667
24.2711864407
24.05
23.7333333333
24.1166666667
23.5
24.8983050847
23.9
24.1
24.4666666667
24.6333333333
22.9166666667
23.8983050847
25.1666666667
22.8
24.1166666667
25.0166666667
21.9491525424
24.25
21.85
22.6666666667
23.75
22.5423728814
--END OF 5--
24.8474576271
26.0333333333
24.0166666667
25.35
25.6166666667
24.05
24.5084745763
26.4833333333
25.05
25.1666666667
28.1
25.4333333333
23.4745762712
23.0666666667
24.9
21.4333333333
22.9666666667
25.45
24.4406779661
26.1666666667
25.45
22.6333333333
23.4833333333
24.4915254237
24.2333333333
26.7833333333
26.4333333333
24.7333333333
25.6271186441
22.5833333333
24.9833333333
24.3
24.4166666667
23.5084745763
23.9
21.2833333333
23.05
24.5333333333
25.5084745763
25.7333333333
25.0166666667
26.2333333333
26.55
26.7288135593
25.65
25.6166666667
25.0333333333
25.5333333333
23.9166666667
24.8983050847
25.85
26.9
24.9
26.25
23.3220338983
25.5166666667
24.4166666667
23.7166666667
26.1
23.1694915254
--END OF 6--
2995.37288136
3048.85
2970.05
3059.95
2967.7
2959.2
3050.79661017
3069.25
2980.7
2981.25
3140.65
2975.75
2993.94915254
2945.05
2942.25
2936.4
2888.4
3051.55
2964.40677966
3102.9
3072.65
2924.15
2783.6
3058.01694915
3048.4
3129.8
3132.55
2939.05
3014.49152542
2938.35
2979.4
3019.05
3087.0
2894.03389831
3014.55
2882.0
2995.15
2983.0
3041.59322034
3099.75
3027.2
3062.1
2986.2
3104.18644068
3092.25
2970.8
3096.55
3111.95
3025.05
3200.49152542
3244.95
3087.0
3121.4
3163.85
3054.81355932
3236.5
2900.4
3083.2
3040.7
3012.61016949
--END OF 7--
832.627118644
862.8
849.2
872.033333333
832.633333333
828.7
855.322033898
861.183333333
843.2
844.533333333
899.416666667
833.483333333
846.152542373
827.35
838.0
809.55
798.833333333
849.45
830.644067797
849.083333333
862.166666667
816.2
792.85
866.372881356
859.383333333
884.8
869.783333333
824.583333333
856.338983051
811.8
840.483333333
844.85
866.1
817.694915254
823.15
791.416666667
835.633333333
835.45
856.644067797
855.233333333
853.75
875.083333333
824.833333333
872.271186441
868.8
837.233333333
873.883333333
881.3
853.15
909.525423729
896.35
839.716666667
880.016666667
908.416666667
847.915254237
881.966666667
817.566666667
861.316666667
861.35
831.847457627
--END OF 8--
144.016949153
163.7
148.75
164.083333333
151.083333333
140.833333333
136.288135593
164.366666667
158.316666667
157.783333333
167.933333333
148.1
139.966101695
137.366666667
148.7
129.6
149.383333333
169.283333333
160.86440678
157.45
157.4
131.933333333
137.516666667
140.559322034
156.366666667
158.466666667
142.866666667
144.166666667
162.949152542
138.6
157.3
152.3
143.6
149.440677966
144.516666667
128.916666667
152.133333333
162.283333333
151.93220339
151.683333333
156.633333333
165.55
167.433333333
158.033898305
151.05
165.983333333
158.75
156.016666667
141.0
141.694915254
168.533333333
153.283333333
157.266666667
164.516666667
147.898305085
165.116666667
143.766666667
134.55
157.033333333
139.372881356
--END OF 9--
8.81355932203
8.06666666667
4.21666666667
7.1
12.3666666667
8.51666666667
8.83050847458
11.4166666667
10.2666666667
8.7
11.55
9.15
4.72881355932
5.5
7.95
3.15
7.16666666667
8.05
5.35593220339
12.75
6.4
4.35
9.21666666667
9.98305084746
6.36666666667
10.8666666667
11.8333333333
9.85
7.84745762712
6.05
9.6
5.2
8.0
8.67796610169
6.0
5.48333333333
4.2
6.05
12.593220339
9.3
7.3
9.13333333333
11.9
11.3220338983
10.2
8.51666666667
7.3
8.56666666667
10.95
7.54237288136
10.1833333333
12.0666666667
6.48333333333
10.2666666667
6.13559322034
7.61666666667
9.65
6.96666666667
11.0166666667
6.01694915254
--END OF 10--
3.61016949153
2.1
1.83333333333
0.6
1.86666666667
1.36666666667
1.27118644068
2.08333333333
0.716666666667
2.06666666667
2.55
3.83333333333
1.05084745763
1.23333333333
3.2
0.1
0.916666666667
1.41666666667
0.881355932203
2.11666666667
1.71666666667
1.03333333333
0.966666666667
1.61016949153
1.35
1.61666666667
3.51666666667
2.98333333333
2.37288135593
1.55
1.56666666667
1.0
0.5
1.38983050847
1.13333333333
1.0
0.733333333333
2.23333333333
2.4406779661
3.08333333333
1.75
2.51666666667
5.4
2.77966101695
2.4
2.58333333333
0.833333333333
1.5
1.05
1.05084745763
0.733333333333
6.56666666667
1.35
1.15
1.01694915254
1.4
3.13333333333
1.36666666667
3.55
1.0
--END OF 11--
0.0
0.55
0.616666666667
0.283333333333
0.216666666667
0.0
0.0
0.4
0.233333333333
0.816666666667
0.816666666667
1.73333333333
0.271186440678
0.0
1.0
0.1
0.4
0.4
0.0
0.283333333333
0.716666666667
0.0333333333333
0.466666666667
0.0
0.0
0.166666666667
0.966666666667
0.866666666667
0.0
0.0
0.4
0.5
0.0
0.0
0.0
0.233333333333
0.0
0.3
0.0
0.483333333333
0.65
0.0
0.0
0.508474576271
0.05
0.45
0.133333333333
0.333333333333
0.2
0.0
0.0333333333333
1.45
0.0166666666667
0.0
0.118644067797
0.4
0.483333333333
0.0166666666667
1.21666666667
0.0
--END OF 12--
