23.1166666667
23.35
25.15
23.813559322
23.1166666667
22.6333333333
22.9166666667
23.0166666667
23.1833333333
23.3728813559
24.3833333333
23.2166666667
23.6166666667
24.1666666667
24.35
24.0
23.3666666667
23.5833333333
23.6833333333
24.05
22.4745762712
24.0
24.1833333333
23.4
24.0833333333
25.95
23.593220339
24.8166666667
25.4
24.1666666667
24.9
24.6779661017
24.0666666667
24.6333333333
23.8666666667
24.6666666667
23.4666666667
24.8474576271
24.5333333333
24.4
23.8333333333
24.35
24.05
24.2033898305
23.8166666667
24.15
24.8666666667
23.85
24.4576271186
23.6666666667
24.05
24.6666666667
24.4666666667
24.2881355932
23.8666666667
23.95
24.1
25.3166666667
23.9
23.0526315789
--END OF 1--
32.7833333333
32.4333333333
33.8333333333
33.5593220339
32.6333333333
32.4333333333
33.2166666667
32.8166666667
32.3333333333
32.5762711864
33.7333333333
32.8
33.05
32.9333333333
32.7333333333
34.6949152542
32.5666666667
32.3166666667
31.9333333333
33.7666666667
31.7966101695
33.5666666667
34.1
33.9333333333
35.6333333333
35.7
33.0338983051
35.7833333333
35.8166666667
34.4833333333
33.8166666667
35.7288135593
33.65
34.7833333333
33.1166666667
33.8666666667
32.6166666667
34.7796610169
33.5333333333
36.05
31.2333333333
34.1666666667
34.1
34.0677966102
32.2
33.25
34.3166666667
34.2833333333
34.6610169492
34.6666666667
34.1
34.4
35.6833333333
34.406779661
33.8333333333
33.6333333333
33.95
36.8666666667
34.3
33.1052631579
--END OF 2--
34.0833333333
33.2833333333
34.2666666667
33.8813559322
33.8666666667
34.15
34.7666666667
33.0166666667
32.5333333333
33.0169491525
34.8833333333
34.1333333333
33.5666666667
33.9833333333
34.1833333333
35.5762711864
33.3
32.65
33.3833333333
34.0833333333
33.0338983051
34.2833333333
35.35
34.7666666667
36.2333333333
36.25
34.2033898305
36.0666666667
36.3166666667
35.3833333333
34.2666666667
36.8813559322
34.3
35.35
34.0833333333
34.7666666667
35.3
35.3050847458
34.5333333333
37.55
32.3833333333
34.6333333333
34.7
36.3050847458
32.9333333333
33.7166666667
35.7166666667
35.5666666667
35.3728813559
35.8666666667
35.6
35.4333333333
37.7833333333
34.9152542373
34.4666666667
34.4833333333
34.8
37.7
35.3833333333
34.0526315789
--END OF 3--
21.65
21.9333333333
22.9666666667
22.186440678
21.8833333333
21.6
21.3666666667
21.4166666667
21.8333333333
21.9322033898
22.3666666667
21.8166666667
22.1333333333
22.2666666667
22.35
22.2203389831
21.7666666667
22.2
21.9333333333
22.2
21.186440678
22.3
22.3
21.7166666667
22.1833333333
23.05
21.9152542373
22.5833333333
22.8833333333
22.2333333333
22.65
22.5593220339
22.1
22.5166666667
21.9
22.3333333333
21.6
22.4915254237
22.45
22.4166666667
21.9833333333
22.4333333333
22.2666666667
22.2033898305
22.05
22.1166666667
22.3
22.0666666667
22.3220338983
22.0166666667
22.15
22.5
22.5166666667
22.2203389831
22.1166666667
22.1
22.15
22.9
22.1
21.6140350877
--END OF 4--
31.45
31.4333333333
32.1166666667
31.9152542373
31.5333333333
31.3833333333
31.6166666667
31.3166666667
31.2333333333
31.4237288136
32.0666666667
31.5
31.5833333333
31.7
31.35
32.4237288136
31.25
31.0833333333
30.7
32.0
30.5762711864
32.0
32.15
31.9666666667
33.0333333333
33.0
31.6779661017
33.3
33.25
32.4333333333
32.1166666667
33.0677966102
32.1333333333
32.6833333333
31.5666666667
32.0
31.2666666667
32.4576271186
31.7333333333
33.4166666667
30.4833333333
32.3833333333
32.2
31.9661016949
31.0333333333
31.6
32.0
32.3
32.3559322034
32.45
32.3166666667
32.35
33.1166666667
32.4576271186
32.05
31.9666666667
32.15
33.8
32.4833333333
31.6140350877
--END OF 5--
34.0833333333
33.2833333333
34.2666666667
33.8813559322
33.8666666667
34.15
34.7666666667
33.0166666667
32.5333333333
33.0169491525
34.8833333333
34.1333333333
33.5666666667
33.9833333333
34.1833333333
35.5762711864
33.3
32.65
33.3833333333
34.0833333333
33.0338983051
34.2833333333
35.35
34.7666666667
36.2333333333
36.25
34.2033898305
36.0666666667
36.3166666667
35.3833333333
34.2666666667
36.8813559322
34.3
35.35
34.0833333333
34.7666666667
35.3
35.3050847458
34.5333333333
37.55
32.3833333333
34.6333333333
34.7
36.3050847458
32.9333333333
33.7166666667
35.7166666667
35.5666666667
35.3728813559
35.8666666667
35.6
35.4333333333
37.7833333333
34.9152542373
34.4666666667
34.4833333333
34.8
37.7
35.3833333333
34.0526315789
--END OF 6--
4238.15
4261.75
4554.9
4273.37288136
4351.3
4177.6
4234.2
4353.45
4190.55
4239.40677966
4348.95
4265.7
4396.95
4342.7
4343.2
4428.3559322
4333.6
4470.7
4345.45
4353.05
4319.94915254
4394.35
4520.95
4356.05
4405.5
4641.3
4312.77966102
4520.0
4510.7
4421.2
4498.75
4531.06779661
4471.1
4547.85
4507.5
4600.45
4449.75
4620.86440678
4432.25
4492.0
4256.7
4362.55
4370.85
4406.84745763
4270.8
4472.0
4629.85
4506.7
4499.89830508
4407.0
4412.15
4436.5
4502.9
4501.3220339
4431.55
4349.1
4506.15
4593.6
4404.75
4219.36842105
--END OF 7--
1181.35
1188.4
1270.41666667
1205.59322034
1202.9
1177.13333333
1191.9
1213.35
1170.0
1178.25423729
1234.55
1188.05
1200.66666667
1223.75
1203.81666667
1239.37288136
1222.41666667
1229.65
1225.55
1233.8
1191.88135593
1226.33333333
1238.05
1222.7
1257.6
1319.1
1210.61016949
1267.3
1284.18333333
1256.1
1257.0
1269.91525424
1249.88333333
1279.93333333
1249.15
1263.9
1249.85
1292.23728814
1231.06666667
1263.68333333
1189.05
1224.06666667
1227.9
1241.98305085
1202.93333333
1257.46666667
1308.71666667
1246.91666667
1266.25423729
1230.81666667
1233.1
1239.61666667
1263.98333333
1269.10169492
1231.1
1218.9
1262.25
1308.96666667
1235.4
1186.29824561
--END OF 8--
192.7
195.666666667
192.9
212.474576271
209.083333333
213.816666667
208.15
208.1
181.65
209.542372881
208.216666667
210.466666667
195.45
187.4
197.783333333
219.542372881
200.15
186.866666667
190.316666667
215.983333333
197.779661017
204.383333333
197.166666667
206.983333333
223.75
205.3
206.338983051
225.883333333
231.533333333
221.0
201.9
238.169491525
203.283333333
212.5
190.933333333
205.833333333
189.716666667
190.949152542
203.466666667
229.716666667
169.25
198.683333333
214.716666667
212.525423729
198.066666667
199.883333333
205.35
220.65
228.186440678
220.383333333
220.866666667
205.55
216.816666667
210.474576271
212.766666667
201.983333333
198.65
213.816666667
203.266666667
193.947368421
--END OF 9--
8.43333333333
7.1
5.36666666667
4.76271186441
4.78333333333
8.48333333333
12.3
5.3
8.0
5.8813559322
6.63333333333
6.76666666667
8.16666666667
8.56666666667
6.81666666667
5.23728813559
4.55
3.85
6.35
3.91666666667
7.05084745763
7.16666666667
12.15
10.2166666667
9.7
5.35
6.22033898305
6.68333333333
7.21666666667
7.8
5.78333333333
7.03389830508
6.36666666667
5.81666666667
6.66666666667
9.18333333333
10.0166666667
9.59322033898
11.6
11.9
6.2
6.33333333333
8.66666666667
8.35593220339
5.03333333333
4.66666666667
7.31666666667
7.58333333333
6.13559322034
10.6166666667
9.6
6.53333333333
11.3666666667
6.06779661017
6.26666666667
10.9666666667
5.8
12.2333333333
10.0
9.28070175439
--END OF 10--
2.16666666667
0.633333333333
0.5
0.322033898305
1.33333333333
2.55
2.3
0.0
0.0
0.389830508475
1.4
1.68333333333
0.533333333333
1.48333333333
1.81666666667
0.983050847458
0.533333333333
0.0666666666667
0.666666666667
0.566666666667
1.52542372881
0.566666666667
1.5
1.4
1.2
0.35
1.62711864407
0.35
0.933333333333
0.766666666667
0.333333333333
1.22033898305
1.15
0.65
1.16666666667
1.11666666667
3.93333333333
0.610169491525
1.13333333333
2.31666666667
2.25
0.6
0.733333333333
2.91525423729
0.75
0.0833333333333
1.2
1.75
1.13559322034
1.8
1.4
1.58333333333
2.56666666667
0.305084745763
0.733333333333
0.35
1.45
1.76666666667
1.61666666667
1.19298245614
--END OF 11--
0.0
0.0
0.0
0.0
0.0
0.4
0.6
0.0
0.0
0.0
0.816666666667
0.85
0.0
0.0
0.0
0.508474576271
0.0
0.0
0.0
0.0
0.0
0.0
0.5
0.5
0.0
0.0
0.0
0.0
0.0
0.0
0.0
0.508474576271
0.0
0.0
0.0
0.366666666667
0.133333333333
0.0
0.0
0.45
0.1
0.45
0.3
1.23728813559
0.283333333333
0.0
0.0
0.666666666667
0.237288135593
0.3
0.5
0.0
0.466666666667
0.0338983050847
0.233333333333
0.2
0.3
0.0
0.0
0.456140350877
--END OF 12--
