13.3
12.9333333333
12.35
13.4406779661
12.55
13.45
13.7
13.8333333333
11.9166666667
13.8
12.8813559322
13.9
13.1333333333
13.1333333333
13.7333333333
13.2833333333
13.0508474576
14.4833333333
12.8
13.5833333333
13.0166666667
13.6440677966
14.1833333333
12.6666666667
13.7666666667
13.1833333333
13.6833333333
14.6101694915
13.8
13.5
12.75
12.2
13.0
13.2033898305
12.4666666667
13.7666666667
13.6833333333
13.1833333333
13.8166666667
13.5593220339
13.5333333333
14.1
13.9333333333
14.3166666667
12.6610169492
13.0166666667
12.3666666667
13.3
12.3333333333
14.1833333333
12.3220338983
14.1833333333
13.6666666667
13.1833333333
13.0
13.8166666667
14.0
14.3833333333
14.8166666667
12.5517241379
--END OF 1--
16.9666666667
18.0833333333
15.4166666667
17.6779661017
16.5333333333
18.85
18.6166666667
19.65
16.1333333333
18.8
17.1525423729
19.5
17.4833333333
17.6833333333
18.4833333333
18.1333333333
18.6949152542
18.9833333333
18.15
19.15
16.8333333333
18.0847457627
18.3666666667
17.25
17.5333333333
18.3333333333
17.3
18.5593220339
18.9
17.9
17.05
17.25
17.65
17.0169491525
17.0333333333
20.0
18.5333333333
18.6
17.9666666667
17.4576271186
17.1333333333
18.7666666667
18.3666666667
18.55
17.2033898305
18.8166666667
17.0666666667
17.8
17.2333333333
19.1833333333
16.813559322
18.2
18.8166666667
17.7333333333
16.25
18.2333333333
18.4237288136
18.5833333333
20.5833333333
16.0517241379
--END OF 2--
17.2333333333
18.9333333333
15.9166666667
19.5084745763
16.8833333333
18.9666666667
19.2333333333
20.1
16.5
20.0833333333
18.1186440678
19.75
18.5333333333
18.3833333333
18.6833333333
19.5833333333
19.3050847458
19.85
19.1333333333
19.8333333333
17.7166666667
19.7288135593
18.9833333333
17.6166666667
18.4666666667
19.5666666667
18.6
19.4915254237
19.0
18.2
17.65
17.25
17.9
17.6101694915
17.25
20.4333333333
19.2333333333
19.8166666667
18.7166666667
17.8813559322
17.4666666667
18.7833333333
20.0166666667
18.9333333333
18.2203389831
19.2666666667
17.8166666667
18.65
18.1333333333
19.8833333333
17.6779661017
18.3833333333
19.8666666667
17.9333333333
17.2
19.7333333333
18.5423728814
18.5833333333
21.5833333333
16.1896551724
--END OF 3--
13.3
12.9333333333
12.35
13.4406779661
12.55
13.45
13.7
13.8333333333
11.9166666667
13.8
12.8813559322
13.9
13.1333333333
13.1333333333
13.7333333333
13.2833333333
13.0508474576
14.4833333333
12.8
13.5833333333
13.0166666667
13.6440677966
14.1833333333
12.6666666667
13.7666666667
13.1833333333
13.6833333333
14.6101694915
13.8
13.5
12.75
12.2
13.0
13.2033898305
12.4666666667
13.7666666667
13.6833333333
13.1833333333
13.8166666667
13.5593220339
13.5333333333
14.1
13.9333333333
14.3166666667
12.6610169492
13.0166666667
12.3666666667
13.3
12.3333333333
14.1833333333
12.3220338983
14.1833333333
13.6666666667
13.1833333333
13.0
13.8166666667
14.0
14.3833333333
14.8166666667
12.5517241379
--END OF 4--
16.9666666667
18.0833333333
15.4166666667
17.6779661017
16.5333333333
18.85
18.6166666667
19.65
16.1333333333
18.8
17.1525423729
19.5
17.4833333333
17.6833333333
18.4833333333
18.1333333333
18.6949152542
18.9833333333
18.15
19.15
16.8333333333
18.0847457627
18.3666666667
17.25
17.5333333333
18.3333333333
17.3
18.5593220339
18.9
17.9
17.05
17.25
17.65
17.0169491525
17.0333333333
20.0
18.5333333333
18.6
17.9666666667
17.4576271186
17.1333333333
18.7666666667
18.3666666667
18.55
17.2033898305
18.8166666667
17.0666666667
17.8
17.2333333333
19.1833333333
16.813559322
18.2
18.8166666667
17.7333333333
16.25
18.2333333333
18.4237288136
18.5833333333
20.5833333333
16.0517241379
--END OF 5--
17.2333333333
18.9333333333
15.9166666667
19.5084745763
16.8833333333
18.9666666667
19.2333333333
20.1
16.5
20.0833333333
18.1186440678
19.75
18.5333333333
18.3833333333
18.6833333333
19.5833333333
19.3050847458
19.85
19.1333333333
19.8333333333
17.7166666667
19.7288135593
18.9833333333
17.6166666667
18.4666666667
19.5666666667
18.6
19.4915254237
19.0
18.2
17.65
17.25
17.9
17.6101694915
17.25
20.4333333333
19.2333333333
19.8166666667
18.7166666667
17.8813559322
17.4666666667
18.7833333333
20.0166666667
18.9333333333
18.2203389831
19.2666666667
17.8166666667
18.65
18.1333333333
19.8833333333
17.6779661017
18.3833333333
19.8666666667
17.9333333333
17.2
19.7333333333
18.5423728814
18.5833333333
21.5833333333
16.1896551724
--END OF 6--
2545.75
2563.15
2436.95
2550.3559322
2500.9
2681.95
2591.85
2714.55
2397.55
2758.95
2594.44067797
2620.95
2511.6
2570.7
2671.2
2682.15
2621.18644068
2764.8
2551.6
2649.5
2576.85
2645.59322034
2665.15
2512.6
2617.25
2567.75
2516.25
2665.72881356
2571.75
2513.85
2638.8
2498.25
2571.75
2603.33898305
2534.35
2678.35
2686.25
2560.2
2629.5
2570.49152542
2544.1
2591.8
2626.4
2615.65
2469.0
2630.55
2583.15
2752.35
2479.5
2743.65
2457.40677966
2682.3
2648.4
2657.35
2467.25
2503.35
2622.0
2564.3
2867.2
2545.18965517
--END OF 7--
703.1
713.416666667
663.166666667
709.915254237
672.683333333
738.433333333
717.5
754.183333333
664.866666667
752.883333333
715.288135593
728.15
695.4
717.8
753.35
719.85
724.915254237
767.466666667
709.533333333
742.316666667
716.4
728.677966102
742.983333333
702.683333333
715.533333333
705.45
705.35
747.898305085
720.9
692.2
722.85
673.05
714.8
712.949152542
685.35
745.8
724.6
705.716666667
719.483333333
697.254237288
701.316666667
722.816666667
737.366666667
748.116666667
679.050847458
730.25
710.55
730.3
681.95
758.6
673.779661017
743.05
731.4
721.9
671.6
714.366666667
733.084745763
726.233333333
790.133333333
685.068965517
--END OF 8--
85.0
97.6666666667
68.6833333333
95.0169491525
83.3166666667
96.8833333333
104.266666667
121.416666667
95.5333333333
103.016666667
92.4237288136
112.85
88.55
95.45
106.6
93.35
104.322033898
100.7
96.8333333333
121.866666667
89.1333333333
97.8813559322
99.55
94.3833333333
90.0666666667
108.8
92.2833333333
96.3389830508
105.25
85.75
92.45
88.95
97.75
87.1186440678
81.95
112.283333333
100.033333333
97.65
94.6166666667
83.7966101695
90.9666666667
107.983333333
116.0
103.45
99.5593220339
115.3
95.95
96.3
108.1
107.45
96.4915254237
91.7333333333
104.466666667
99.25
80.2833333333
105.4
99.1355932203
101.466666667
118.983333333
82.724137931
--END OF 9--
2.53333333333
5.46666666667
2.9
5.52542372881
4.98333333333
5.66666666667
7.01666666667
4.63333333333
4.51666666667
6.66666666667
4.67796610169
3.7
5.1
5.5
3.0
7.45
4.30508474576
3.48333333333
7.68333333333
4.51666666667
3.26666666667
6.15254237288
4.23333333333
5.88333333333
4.15
7.48333333333
4.31666666667
5.0
4.05
6.45
2.1
3.15
3.1
3.08474576271
4.91666666667
5.8
5.1
7.55
3.36666666667
4.06779661017
1.83333333333
5.31666666667
8.13333333333
4.66666666667
4.76271186441
6.6
6.0
7.65
8.0
3.2
3.0
1.96666666667
5.03333333333
2.65
2.51666666667
5.86666666667
3.15254237288
2.45
6.13333333333
3.03448275862
--END OF 10--
0.166666666667
1.5
1.0
2.76271186441
0.283333333333
0.416666666667
1.03333333333
0.75
0.116666666667
1.15
1.01694915254
0.5
2.15
0.35
0.5
1.85
1.03389830508
1.36666666667
1.63333333333
1.03333333333
1.23333333333
1.69491525424
1.06666666667
0.566666666667
0.933333333333
1.7
1.51666666667
0.796610169492
0.35
0.65
0.5
0.0
0.3
0.440677966102
0.266666666667
0.0
0.816666666667
1.46666666667
1.55
0.440677966102
0.733333333333
0.0166666666667
2.01666666667
0.466666666667
1.93220338983
0.65
0.95
0.85
0.65
1.0
1.01694915254
0.283333333333
1.26666666667
0.583333333333
1.21666666667
2.5
0.220338983051
0.0
1.0
0.344827586207
--END OF 11--
0.0
0.0
0.0
0.474576271186
0.0333333333333
0.0
0.0
0.0
0.0
0.266666666667
0.0
0.0
0.0
0.0
0.0
0.55
0.457627118644
0.483333333333
0.0166666666667
0.0333333333333
0.466666666667
0.0
0.0
0.0
0.0
0.0
0.216666666667
0.796610169492
0.0
0.0
0.0
0.0
0.3
0.440677966102
0.266666666667
0.0
0.0
0.0
0.0
0.271186440678
0.233333333333
0.0
0.5
0.0
0.0
0.5
0.0
0.5
0.0
0.0
0.0
0.0
0.65
0.1
0.916666666667
0.5
0.0
0.0
0.0
0.0
--END OF 12--
