21.6166666667
22.4
24.0508474576
21.1666666667
22.1833333333
22.0833333333
21.2333333333
22.1333333333
22.3
22.6440677966
23.15
22.25
23.0
22.2
23.15
22.9830508475
21.5833333333
23.5833333333
21.7
23.1166666667
22.05
21.7796610169
22.45
22.7166666667
22.15
22.4166666667
23.5254237288
23.55
22.1833333333
22.1333333333
22.4333333333
22.75
21.8474576271
22.0833333333
22.1666666667
22.2333333333
22.5
22.3333333333
21.9830508475
22.85
23.2666666667
23.7
22.9333333333
21.9666666667
22.3559322034
22.5833333333
21.5333333333
22.8833333333
21.6833333333
23.3559322034
21.8833333333
21.7
22.5666666667
21.8833333333
22.5166666667
21.8474576271
22.2833333333
22.1833333333
21.9166666667
22.0566037736
--END OF 1--
30.45
30.9666666667
31.8813559322
29.6666666667
30.5833333333
30.3666666667
29.6
31.8
30.1833333333
31.406779661
32.75
30.7333333333
31.55
30.6333333333
31.65
33.2033898305
30.75
29.7666666667
30.2166666667
31.1833333333
31.1833333333
29.8813559322
31.85
30.5333333333
30.6833333333
32.4833333333
31.9322033898
31.5666666667
30.95
29.5333333333
28.7666666667
29.9
31.813559322
29.8666666667
29.8833333333
30.3
30.0333333333
31.6333333333
30.6610169492
30.65
32.8333333333
33.15
30.7166666667
31.0
31.2711864407
30.8833333333
30.15
31.3833333333
29.1833333333
31.7627118644
30.4833333333
31.6333333333
30.85
31.2666666667
31.5166666667
29.4915254237
31.6833333333
30.7333333333
32.0
31.9433962264
--END OF 2--
31.3666666667
31.6166666667
32.8983050847
30.2333333333
31.6833333333
30.75
30.1
32.0166666667
30.4666666667
32.2203389831
34.0
31.65
32.15
31.3
32.6
34.4237288136
31.15
30.5
30.5666666667
32.05
32.6166666667
29.9491525424
32.8833333333
31.0666666667
31.7
33.15
32.8474576271
32.55
32.0333333333
30.1333333333
29.65
31.8
32.813559322
31.1166666667
30.85
31.55
32.6833333333
32.6333333333
31.7627118644
31.3833333333
33.2833333333
34.0
31.75
31.9166666667
32.3389830508
32.1333333333
30.8833333333
32.8
30.1833333333
32.7627118644
31.0
32.1
31.95
32.0166666667
32.6833333333
30.186440678
32.1333333333
32.55
32.6166666667
33.4716981132
--END OF 3--
20.7166666667
21.1666666667
22.1694915254
20.1666666667
21.0333333333
21.0833333333
20.2333333333
20.7333333333
21.1
21.3898305085
21.7
20.9666666667
21.5
20.8666666667
21.85
21.6779661017
20.5833333333
21.9333333333
20.7
21.6166666667
20.9666666667
20.7796610169
21.2
21.3333333333
20.9333333333
21.05
22.0
22.0333333333
21.1
20.8833333333
21.1333333333
21.35
20.8983050847
21.0833333333
21.0666666667
21.2166666667
21.5
21.2666666667
20.8305084746
21.6
21.95
22.0166666667
21.5333333333
20.9666666667
21.186440678
21.0833333333
20.3833333333
21.7
20.6833333333
21.6101694915
20.8666666667
20.7
21.0666666667
20.8833333333
21.0
20.8983050847
21.0666666667
21.0
20.85
20.9811320755
--END OF 4--
29.8333333333
30.25
30.8644067797
29.4833333333
29.9666666667
29.9666666667
29.2666666667
30.5833333333
29.65
30.4406779661
31.45
29.8833333333
30.55
29.8
30.65
31.7288135593
30.2
29.6166666667
29.8166666667
30.4
30.15
29.4576271186
30.7833333333
29.85
30.0166666667
31.0666666667
30.8474576271
30.6166666667
30.1333333333
28.9833333333
28.5666666667
29.15
30.8644067797
29.6333333333
29.5833333333
29.9333333333
29.8
30.5666666667
29.9152542373
30.0
31.5833333333
31.8
30.05
30.3
30.2203389831
30.0333333333
29.55
30.5166666667
29.0833333333
30.813559322
29.6166666667
30.55
29.8333333333
29.9833333333
30.4
29.1186440678
30.7
30.1666666667
30.8666666667
30.9056603774
--END OF 5--
31.3666666667
31.6166666667
32.8983050847
30.2333333333
31.6833333333
30.75
30.1
32.0166666667
30.4666666667
32.2203389831
34.0
31.65
32.15
31.3
32.6
34.4237288136
31.15
30.5
30.5666666667
32.05
32.6166666667
29.9491525424
32.8833333333
31.0666666667
31.7
33.15
32.8474576271
32.55
32.0333333333
30.1333333333
29.65
31.8
32.813559322
31.1166666667
30.85
31.55
32.6833333333
32.6333333333
31.7627118644
31.3833333333
33.2833333333
34.0
31.75
31.9166666667
32.3389830508
32.1333333333
30.8833333333
32.8
30.1833333333
32.7627118644
31.0
32.1
31.95
32.0166666667
32.6833333333
30.186440678
32.1333333333
32.55
32.6166666667
33.4716981132
--END OF 6--
4027.55
4193.5
4344.15254237
3996.2
4284.45
4066.55
3967.85
4173.7
4131.2
4104.0
4309.05
4213.6
4263.45
4080.5
4144.35
4171.01694915
3986.3
4131.2
4133.3
4246.85
4120.1
4072.83050847
4116.55
4189.95
4064.8
4278.55
4235.74576271
4248.45
4096.7
4123.35
4076.7
4110.15
4190.33898305
4184.1
4057.4
4065.35
4125.3
4173.45
4137.45762712
4247.55
4375.4
4341.3
4116.75
4104.75
4219.47457627
4249.95
4155.5
4157.7
3968.1
4275.45762712
4193.8
4119.2
4216.6
4241.8
4224.1
4015.6779661
4242.85
4103.7
4200.4
4142.49056604
--END OF 7--
1124.93333333
1162.8
1228.08474576
1098.85
1174.43333333
1130.13333333
1106.5
1168.55
1142.28333333
1171.13559322
1202.35
1171.06666667
1179.75
1156.23333333
1161.8
1176.88135593
1115.08333333
1159.1
1133.6
1187.1
1152.25
1130.15254237
1158.3
1178.81666667
1144.88333333
1213.76666667
1200.71186441
1201.66666667
1139.03333333
1136.9
1126.53333333
1151.8
1145.71186441
1141.38333333
1130.51666667
1150.5
1134.33333333
1170.75
1151.76271186
1176.85
1203.11666667
1216.76666667
1152.0
1140.1
1184.54237288
1182.75
1151.03333333
1170.63333333
1110.2
1207.18644068
1184.93333333
1150.51666667
1172.55
1178.25
1190.55
1130.47457627
1182.38333333
1123.86666667
1161.43333333
1162.77358491
--END OF 8--
186.116666667
184.2
175.406779661
166.466666667
167.883333333
172.616666667
158.816666667
201.333333333
170.416666667
199.355932203
201.3
179.183333333
189.9
194.15
194.15
194.796610169
171.283333333
167.383333333
184.016666667
169.15
192.516666667
177.203389831
191.766666667
178.333333333
178.9
189.866666667
182.559322034
169.95
185.083333333
166.75
166.266666667
158.85
198.86440678
170.433333333
164.783333333
184.65
189.2
186.083333333
181.322033898
170.666666667
185.033333333
180.133333333
159.616666667
183.483333333
189.084745763
178.85
167.6
183.383333333
169.55
184.220338983
185.75
190.683333333
180.7
178.916666667
185.8
169.271186441
184.916666667
185.283333333
190.333333333
186.962264151
--END OF 9--
5.31666666667
4.43333333333
7.0
10.95
5.1
7.23333333333
9.01666666667
7.35
7.63333333333
5.77966101695
8.05
4.51666666667
7.7
4.31666666667
7.4
12.5423728814
9.8
4.91666666667
3.46666666667
6.6
8.85
6.74576271186
9.0
4.61666666667
6.68333333333
8.45
6.01694915254
6.96666666667
7.5
3.65
3.78333333333
8.15
8.96610169492
4.41666666667
6.55
4.7
7.18333333333
6.98333333333
8.83050847458
5.48333333333
8.68333333333
9.58333333333
5.8
6.81666666667
5.18644067797
8.25
7.76666666667
7.58333333333
5.75
5.38983050847
3.43333333333
7.65
10.3833333333
9.01666666667
8.15
4.10169491525
6.03333333333
11.9333333333
10.6666666667
12.1886792453
--END OF 10--
1.76666666667
0.95
1.30508474576
0.8
1.2
0.283333333333
1.0
0.483333333333
0.516666666667
0.457627118644
1.55
1.18333333333
0.55
0.516666666667
1.5
1.8813559322
1.03333333333
1.03333333333
0.566666666667
1.5
2.2
0.0169491525424
1.3
1.01666666667
1.43333333333
0.616666666667
1.18644067797
0.95
1.18333333333
0.7
1.36666666667
3.45
1.0
1.78333333333
1.86666666667
1.45
4.53333333333
1.25
2.10169491525
0.683333333333
0.6
0.95
1.7
1.68333333333
1.30508474576
1.5
1.13333333333
2.05
1.3
1.18644067797
0.883333333333
0.533333333333
1.13333333333
0.5
1.43333333333
1.15254237288
0.383333333333
2.95
0.933333333333
2.32075471698
--END OF 11--
0.166666666667
0.0
1.01694915254
0.0166666666667
0.483333333333
0.0
0.0
0.0
0.0
0.0
0.5
0.466666666667
0.0
0.0
0.0
1.01694915254
0.0
0.0
0.0
0.266666666667
0.733333333333
0.0
0.0
0.0
0.433333333333
0.0
0.542372881356
0.3
0.533333333333
0.0
0.483333333333
0.15
0.0
0.0
0.0
0.0
0.5
0.0
0.0677966101695
0.65
0.283333333333
0.0
0.266666666667
0.0
0.0677966101695
0.9
0.133333333333
0.3
0.0
0.0847457627119
0.416666666667
0.0
0.333333333333
0.166666666667
0.933333333333
0.338983050847
0.0
0.0
0.0
0.264150943396
--END OF 12--
