15.8666666667
17.0677966102
17.3833333333
15.5166666667
17.4666666667
16.1833333333
15.8666666667
15.8333333333
15.0508474576
17.25
16.1
16.25
15.6833333333
15.7333333333
16.3220338983
17.7833333333
16.9666666667
16.0666666667
17.2
16.1016949153
16.2833333333
15.35
17.0666666667
17.1333333333
15.7666666667
15.7288135593
15.5333333333
16.4
16.8833333333
16.45
16.95
16.4576271186
16.6666666667
17.0833333333
17.0166666667
16.8
17.4166666667
15.7457627119
16.2666666667
17.5333333333
17.4166666667
18.0666666667
16.95
17.0338983051
16.05
16.5166666667
17.2
16.55
17.0
17.2333333333
15.7166666667
16.95
15.6
16.55
17.813559322
16.6833333333
18.0666666667
17.6833333333
17.1
17.224137931
--END OF 1--
22.3666666667
24.2033898305
24.5
21.9833333333
24.3833333333
23.4833333333
22.7166666667
22.2666666667
23.7118644068
24.95
24.15
24.2333333333
22.6833333333
23.0333333333
23.813559322
23.55
22.8666666667
23.5833333333
23.3166666667
23.4915254237
23.1833333333
23.3
23.25
25.7
22.6833333333
23.9322033898
23.4833333333
23.05
24.9833333333
24.65
25.25
24.0847457627
24.5166666667
25.0666666667
25.0333333333
23.95
24.7333333333
22.1355932203
23.1
25.8666666667
25.7833333333
25.2833333333
26.2333333333
26.0
23.35
23.4166666667
25.1
23.2
24.2711864407
25.2333333333
22.75
24.55
24.1333333333
24.6166666667
25.7288135593
23.5666666667
25.0166666667
26.6833333333
23.8833333333
24.224137931
--END OF 2--
23.3833333333
24.813559322
25.4
23.8666666667
25.0
25.75
23.8
22.8666666667
24.6779661017
26.7
25.9
25.3166666667
24.0333333333
24.1833333333
24.0508474576
24.8666666667
24.15
24.8166666667
24.0833333333
24.0508474576
24.3333333333
24.0
24.8666666667
26.3666666667
23.75
24.4745762712
23.9833333333
24.45
25.9333333333
25.9
26.9
24.5423728814
24.9166666667
26.6166666667
25.3333333333
24.4
24.9833333333
24.3559322034
23.4666666667
26.3333333333
26.8333333333
25.8666666667
26.65
27.2542372881
24.6
23.5666666667
26.0
24.3
25.7288135593
25.9833333333
23.8166666667
25.2666666667
25.0166666667
25.4166666667
27.2203389831
24.0166666667
25.65
27.4333333333
24.7166666667
24.775862069
--END OF 3--
15.8666666667
17.0677966102
17.3833333333
15.5166666667
17.4666666667
16.1833333333
15.8666666667
15.8333333333
15.0508474576
17.25
16.1
16.25
15.6833333333
15.7333333333
16.3220338983
17.7833333333
16.9666666667
16.0666666667
17.2
16.1016949153
16.2833333333
15.35
17.0666666667
17.1333333333
15.7666666667
15.7288135593
15.5333333333
16.4
16.8833333333
16.45
16.95
16.4576271186
16.6666666667
17.0833333333
17.0166666667
16.8
17.4166666667
15.7457627119
16.2666666667
17.5333333333
17.4166666667
18.0666666667
16.95
17.0338983051
16.05
16.5166666667
17.2
16.55
17.0
17.2333333333
15.7166666667
16.95
15.6
16.55
17.813559322
16.6833333333
18.0666666667
17.6833333333
17.1
17.224137931
--END OF 4--
22.3666666667
24.2033898305
24.5
21.9833333333
24.3833333333
23.4833333333
22.7166666667
22.2666666667
23.7118644068
24.95
24.15
24.2333333333
22.6833333333
23.0333333333
23.813559322
23.55
22.8666666667
23.5833333333
23.3166666667
23.4915254237
23.1833333333
23.3
23.25
25.7
22.6833333333
23.9322033898
23.4833333333
23.05
24.9833333333
24.65
25.25
24.0847457627
24.5166666667
25.0666666667
25.0333333333
23.95
24.7333333333
22.1355932203
23.1
25.8166666667
25.7833333333
25.2833333333
26.2333333333
26.0
23.35
23.4166666667
25.1
23.2
24.2711864407
25.2333333333
22.75
24.55
24.1333333333
24.6166666667
25.7288135593
23.5666666667
25.0166666667
26.6833333333
23.8833333333
24.224137931
--END OF 5--
23.3833333333
24.813559322
25.4
23.8666666667
25.0
25.75
23.8
22.8666666667
24.6779661017
26.7
25.9
25.3166666667
24.0333333333
24.1833333333
24.0508474576
24.8666666667
24.15
24.8166666667
24.0833333333
24.0508474576
24.3333333333
24.0
24.8666666667
26.3666666667
23.75
24.4745762712
23.9833333333
24.45
25.9333333333
25.9
26.9
24.5423728814
24.9166666667
26.6166666667
25.3333333333
24.4
24.9833333333
24.3559322034
23.4666666667
26.3333333333
26.8333333333
25.8666666667
26.65
27.2542372881
24.6
23.5666666667
26.0
24.3
25.7288135593
25.9833333333
23.8166666667
25.2666666667
25.0166666667
25.4166666667
27.2203389831
24.0166666667
25.65
27.4333333333
24.7166666667
24.775862069
--END OF 6--
2944.7
3034.93220339
3223.25
2950.55
3130.2
3025.2
2909.5
2939.15
2993.74576271
3172.8
2939.1
3048.75
2905.65
3035.25
3067.47457627
3184.4
3097.4
3026.55
3060.75
2997.20338983
3073.4
2949.95
3125.8
3158.3
2988.2
2956.37288136
2962.5
3078.15
3172.5
3177.15
3117.0
3133.47457627
3110.35
3249.55
3179.35
3114.2
3243.85
2907.50847458
3060.9
3225.05
3193.2
3274.55
3254.1
3314.94915254
2961.15
3024.05
3227.1
3027.6
3154.72881356
3121.85
2966.5
3150.9
2980.0
3150.0
3240.15254237
3093.85
3213.1
3322.95
3059.5
3145.5
--END OF 7--
818.75
856.016949153
889.516666667
813.283333333
888.8
850.616666667
815.683333333
832.816666667
858.13559322
885.9
852.05
868.4
833.9
864.3
863.559322034
901.666666667
866.733333333
851.866666667
867.05
852.237288136
867.866666667
827.2
863.266666667
901.9
841.1
849.491525424
842.3
869.35
892.35
877.75
899.55
855.305084746
870.433333333
909.583333333
891.7
881.233333333
901.216666667
816.966101695
863.616666667
912.983333333
898.9
924.9
911.8
917.762711864
840.2
850.916666667
905.6
840.35
877.338983051
892.25
834.7
886.45
836.45
881.283333333
901.322033898
861.566666667
918.433333333
937.316666667
873.966666667
883.068965517
--END OF 8--
140.05
151.288135593
155.833333333
129.183333333
147.7
139.983333333
148.283333333
138.716666667
161.220338983
164.95
153.45
147.116666667
148.1
145.35
151.13559322
135.816666667
141.383333333
146.166666667
130.85
145.457627119
148.2
150.433333333
139.75
164.166666667
150.566666667
165.033898305
146.95
146.85
156.95
158.65
159.8
147.033898305
158.15
172.716666667
163.033333333
159.5
151.433333333
140.372881356
145.6
159.833333333
172.233333333
163.95
169.016666667
159.559322034
139.85
145.8
167.85
154.55
144.745762712
165.2
148.116666667
162.766666667
169.866666667
173.566666667
157.915254237
151.766666667
152.6
178.866666667
146.9
143.551724138
--END OF 9--
5.28333333333
6.37288135593
6.06666666667
8.98333333333
6.58333333333
9.86666666667
6.83333333333
5.51666666667
8.61016949153
10.4
8.1
7.66666666667
4.6
6.3
4.66101694915
4.86666666667
6.91666666667
5.58333333333
8.26666666667
8.52542372881
6.5
8.11666666667
6.16666666667
6.61666666667
3.46666666667
8.52542372881
4.5
5.45
9.9
8.5
10.4
9.72881355932
5.95
9.38333333333
6.95
4.2
5.76666666667
9.22033898305
4.68333333333
8.63333333333
7.4
4.71666666667
8.48333333333
12.406779661
6.0
3.48333333333
3.85
4.65
7.91525423729
7.86666666667
6.38333333333
3.96666666667
6.0
5.31666666667
9.05084745763
4.66666666667
5.26666666667
7.63333333333
6.6
6.62068965517
--END OF 10--
1.35
0.779661016949
1.45
2.93333333333
0.5
2.68333333333
1.13333333333
0.95
0.627118644068
1.85
2.8
0.816666666667
2.55
1.8
0.0847457627119
2.1
1.1
1.88333333333
0.633333333333
0.779661016949
1.3
1.25
2.6
0.883333333333
1.66666666667
0.949152542373
0.5
1.9
1.3
1.6
1.3
0.406779661017
0.466666666667
1.7
0.233333333333
0.266666666667
0.0
3.15254237288
0.666666666667
0.566666666667
1.33333333333
0.583333333333
0.766666666667
1.5593220339
1.3
0.35
1.7
1.8
1.40677966102
0.933333333333
1.68333333333
0.85
1.18333333333
1.0
1.20338983051
0.616666666667
1.48333333333
1.33333333333
1.43333333333
0.586206896552
--END OF 11--
0.433333333333
0.0677966101695
0.0
0.0
0.5
0.0
0.5
0.0
0.0
0.0
0.0
0.333333333333
0.45
0.55
0.0
0.0
0.0
0.65
0.116666666667
0.0
0.0
0.0
0.0
0.3
0.666666666667
0.0
0.0
0.5
0.2
0.8
1.0
0.0
0.0
0.0
0.0
0.0
0.0
0.0
0.0
0.0
0.2
0.0
0.0
0.0
0.0
0.0
0.0
0.0
0.508474576271
0.0
0.5
0.0
0.5
0.0
0.0
0.216666666667
0.283333333333
0.0
0.0
0.189655172414
--END OF 12--
