13.0
11.6
11.1166666667
13.3333333333
13.0333333333
14.0
12.8813559322
12.5
13.2
12.6166666667
12.9166666667
13.3166666667
11.813559322
12.9333333333
12.6666666667
12.7166666667
12.6833333333
12.3333333333
12.8305084746
13.1166666667
13.8333333333
13.2666666667
12.7166666667
13.186440678
13.1166666667
13.3333333333
13.2166666667
14.9333333333
13.1833333333
12.186440678
13.4833333333
13.75
14.25
13.55
12.2833333333
13.4237288136
13.3
12.6
13.6166666667
13.3833333333
13.4
12.3559322034
14.05
12.85
13.5666666667
12.25
13.55
13.5762711864
13.6833333333
13.9666666667
12.8166666667
13.4166666667
12.9322033898
14.15
14.2333333333
13.45
13.2666666667
12.85
14.2881355932
13.6346153846
--END OF 1--
15.3
14.2333333333
14.4166666667
16.5833333333
16.2333333333
17.25
15.7966101695
15.4333333333
15.4333333333
15.6666666667
15.1333333333
16.5666666667
15.2711864407
16.3333333333
15.0666666667
15.0666666667
15.0333333333
16.0333333333
16.8474576271
16.4833333333
17.4333333333
16.95
16.3
16.4237288136
16.95
16.05
16.7333333333
18.85
16.1333333333
15.4915254237
16.4833333333
16.75
18.15
16.65
15.9833333333
16.3050847458
16.5166666667
15.7
17.2166666667
17.3666666667
16.2666666667
15.5762711864
17.4666666667
16.1833333333
17.1666666667
16.3166666667
16.2833333333
16.7457627119
16.8333333333
17.2666666667
16.5666666667
16.5833333333
16.7796610169
18.2833333333
17.45
18.1833333333
17.5333333333
16.25
17.3050847458
16.1538461538
--END OF 2--
16.15
14.5833333333
14.4833333333
16.5833333333
16.4333333333
17.4333333333
16.3220338983
16.0
15.7166666667
16.5833333333
15.5166666667
17.3333333333
15.6610169492
17.1833333333
16.0666666667
15.4166666667
15.7833333333
16.6333333333
16.8983050847
16.4833333333
17.8833333333
17.2
16.3
16.5254237288
17.2
16.35
16.7333333333
19.3666666667
16.5166666667
15.4915254237
16.4833333333
17.0
19.3
16.65
16.4333333333
17.406779661
16.7333333333
16.35
17.85
17.6833333333
16.55
15.813559322
17.9
16.3833333333
17.8333333333
17.6
16.5333333333
17.3898305085
17.5333333333
17.2666666667
16.8666666667
17.3833333333
17.2711864407
18.9833333333
18.5
18.2833333333
18.15
16.5
18.2033898305
17.6730769231
--END OF 3--
13.0
11.6
11.1166666667
13.3333333333
13.0333333333
14.0
12.8813559322
12.5
13.2
12.6166666667
12.9166666667
13.3166666667
11.813559322
12.9333333333
12.6666666667
12.7166666667
12.6833333333
12.3333333333
12.8305084746
13.1166666667
13.8333333333
13.2666666667
12.7166666667
13.186440678
13.1166666667
13.3333333333
13.2166666667
14.9333333333
13.1833333333
12.186440678
13.4833333333
13.75
14.25
13.55
12.2833333333
13.4237288136
13.3
12.6
13.6166666667
13.3833333333
13.4
12.3559322034
14.05
12.85
13.5666666667
12.25
13.55
13.5762711864
13.6833333333
13.9666666667
12.8166666667
13.4166666667
12.9322033898
14.15
14.2333333333
13.45
13.2666666667
12.85
14.2881355932
13.6346153846
--END OF 4--
15.3
14.2333333333
14.4166666667
16.5833333333
16.2333333333
17.25
15.7966101695
15.4333333333
15.4333333333
15.6666666667
15.1333333333
16.5666666667
15.2711864407
16.3333333333
15.0666666667
15.0666666667
15.0333333333
16.0333333333
16.8474576271
16.4833333333
17.4333333333
16.95
16.3
16.4237288136
16.95
16.05
16.7333333333
18.85
16.1333333333
15.4915254237
16.4833333333
16.75
18.15
16.65
15.9833333333
16.3050847458
16.5166666667
15.7
17.2166666667
17.3666666667
16.2666666667
15.5762711864
17.4666666667
16.1833333333
17.1666666667
16.3166666667
16.2833333333
16.7457627119
16.8333333333
17.2666666667
16.5666666667
16.5833333333
16.7796610169
18.2833333333
17.45
18.1833333333
17.5333333333
16.25
17.3050847458
16.1538461538
--END OF 5--
16.15
14.5833333333
14.4833333333
16.5833333333
16.4333333333
17.4333333333
16.3220338983
16.0
15.7166666667
16.5833333333
15.5166666667
17.3333333333
15.6610169492
17.1833333333
16.0666666667
15.4166666667
15.7833333333
16.6333333333
16.8983050847
16.4833333333
17.8833333333
17.2
16.3
16.5254237288
17.2
16.35
16.7333333333
19.3666666667
16.5166666667
15.4915254237
16.4833333333
17.0
19.3
16.65
16.4333333333
17.406779661
16.7333333333
16.35
17.85
17.6833333333
16.55
15.813559322
17.9
16.3833333333
17.8333333333
17.6
16.5333333333
17.3898305085
17.5333333333
17.2666666667
16.8666666667
17.3833333333
17.2711864407
18.9833333333
18.5
18.2833333333
18.15
16.5
18.2033898305
17.6730769231
--END OF 6--
2473.35
2413.3
2341.8
2551.3
2560.5
2755.25
2530.47457627
2412.45
2510.0
2564.1
2459.15
2621.45
2425.27118644
2562.15
2473.8
2394.0
2561.7
2502.45
2519.69491525
2463.65
2654.95
2651.65
2488.15
2504.23728814
2495.95
2555.35
2654.85
2838.05
2631.35
2588.79661017
2559.0
2626.35
2729.7
2569.2
2419.2
2609.59322034
2569.5
2475.95
2690.0
2716.95
2689.3
2497.6779661
2617.45
2518.8
2647.1
2461.55
2694.5
2608.3220339
2608.35
2631.0
2550.75
2638.1
2586.25423729
2729.35
2708.75
2635.4
2617.65
2603.2
2708.13559322
2563.84615385
--END OF 7--
675.483333333
647.483333333
638.35
698.683333333
681.35
742.416666667
684.271186441
655.916666667
688.133333333
681.15
674.466666667
717.316666667
667.762711864
704.6
672.65
662.65
700.15
687.85
697.559322034
682.066666667
721.333333333
711.216666667
685.116666667
716.694915254
693.8
700.716666667
714.85
783.183333333
723.666666667
706.440677966
704.85
718.25
758.5
716.3
659.6
721.966101695
706.4
667.733333333
732.466666667
717.583333333
729.533333333
676.016949153
737.216666667
684.5
718.833333333
661.933333333
725.85
712.474576271
718.4
721.95
697.5
710.383333333
693.050847458
747.533333333
741.75
732.75
712.4
699.25
748.983050847
704.788461538
--END OF 8--
66.7666666667
66.1166666667
66.8666666667
70.55
77.0
82.2
67.7627118644
75.1166666667
62.4666666667
76.3166666667
58.75
78.3333333333
68.8983050847
76.6
68.35
62.35
69.45
71.8
85.8813559322
77.45
82.1
74.6166666667
80.2166666667
73.0677966102
91.15
71.6333333333
76.3666666667
86.35
68.6833333333
75.0847457627
69.45
80.3
82.2
68.8
78.1
75.186440678
73.35
74.9833333333
81.6833333333
79.8666666667
63.6833333333
65.7627118644
75.1166666667
78.7166666667
85.25
84.2666666667
68.9
86.4745762712
82.05
84.75
68.65
71.0833333333
77.406779661
83.85
74.0333333333
89.3333333333
92.3666666667
65.9666666667
76.9152542373
65.5576923077
--END OF 9--
2.53333333333
1.76666666667
3.58333333333
2.9
2.3
2.56666666667
3.1186440678
3.66666666667
2.7
3.23333333333
0.883333333333
2.98333333333
1.57627118644
3.35
3.55
2.5
1.85
4.0
2.06779661017
3.06666666667
2.6
3.93333333333
2.21666666667
2.0
4.38333333333
1.4
1.21666666667
3.86666666667
1.63333333333
0.796610169492
2.5
1.55
4.25
2.25
3.9
2.47457627119
2.46666666667
2.76666666667
4.86666666667
3.05
2.13333333333
4.42372881356
2.05
1.43333333333
3.53333333333
4.4
1.28333333333
2.01694915254
3.8
1.8
4.4
3.71666666667
3.20338983051
3.66666666667
5.35
3.96666666667
4.1
3.4
1.98305084746
3.73076923077
--END OF 10--
0.7
0.516666666667
0.0
0.0
0.5
0.233333333333
1.10169491525
1.06666666667
0.616666666667
1.41666666667
0.7
1.36666666667
0.677966101695
1.25
1.6
0.55
0.95
1.0
0.0
0.0
0.933333333333
0.566666666667
0.0
0.0
0.0
0.5
0.0
0.466666666667
0.533333333333
0.0
0.0
0.5
2.0
0.0
0.45
1.84745762712
0.516666666667
1.21666666667
0.983333333333
0.8
0.6
0.338983050847
0.283333333333
0.5
0.7
1.73333333333
0.15
0.847457627119
1.05
0.0
0.25
1.08333333333
0.491525423729
0.5
1.4
0.15
0.966666666667
0.683333333333
1.47457627119
2.71153846154
--END OF 11--
0.0
0.0
0.0
0.0
0.0
0.233333333333
0.271186440678
0.0
0.0
0.5
0.0
0.0
0.152542372881
0.35
0.0
0.0
0.0
0.0
0.0
0.0
0.0
0.0
0.0
0.0
0.0
0.0
0.0
0.0
0.0
0.0
0.0
0.0
0.0
0.0
0.0
0.847457627119
0.166666666667
0.5
0.0
0.0
0.0
0.0
0.0
0.0
0.0
0.466666666667
0.15
0.389830508475
0.0
0.0
0.0
0.333333333333
0.0
0.0
0.0
0.0333333333333
0.466666666667
0.0
0.0
0.0
--END OF 12--
