26.0666666667
26.0
26.9152542373
26.0833333333
25.8
26.2666666667
26.7
26.8
26.2881355932
25.85
26.2666666667
25.8666666667
26.65
26.7166666667
26.3559322034
27.5
26.2833333333
25.7666666667
25.7833333333
25.6
24.6949152542
25.1666666667
26.1333333333
26.4666666667
27.8333333333
24.2
24.7118644068
25.2166666667
24.4666666667
23.4166666667
25.3166666667
25.9661016949
25.6166666667
25.9666666667
24.9833333333
24.7666666667
24.4666666667
25.3389830508
26.2333333333
24.7
26.15
24.3333333333
26.2166666667
24.7457627119
24.3333333333
25.6333333333
24.2833333333
24.6666666667
24.593220339
25.2166666667
24.25
24.1
24.8
24.3389830508
25.6666666667
24.25
24.6833333333
24.6166666667
25.85
26.1153846154
--END OF 1--
37.7333333333
36.1333333333
37.9830508475
37.0
37.0
37.7666666667
36.5333333333
38.6666666667
36.5084745763
36.3833333333
36.7666666667
37.1
36.1
37.6
38.3220338983
37.7666666667
35.8833333333
36.6166666667
37.4666666667
38.1166666667
36.9152542373
36.4
37.6666666667
37.4
37.8166666667
37.1833333333
34.8474576271
35.9833333333
36.6
32.8666666667
35.3166666667
36.1186440678
36.0666666667
36.75
36.35
34.6
34.8333333333
35.0508474576
35.75
35.2833333333
37.35
35.95
36.9333333333
36.0508474576
35.0833333333
36.7
35.5333333333
35.0
35.2033898305
36.2
33.2166666667
32.9666666667
34.7666666667
35.6271186441
36.75
35.1
34.2666666667
34.4333333333
35.4333333333
38.2692307692
--END OF 2--
39.0
37.0333333333
39.7118644068
38.9166666667
38.7666666667
39.1333333333
38.9833333333
40.4
38.3220338983
37.3833333333
38.1666666667
38.2833333333
37.4
38.3
40.0
39.25
36.75
38.2
38.1333333333
39.3166666667
37.9661016949
37.15
38.4166666667
39.7833333333
38.4333333333
38.1166666667
36.2203389831
38.3666666667
38.25
33.7666666667
35.7666666667
37.7457627119
38.0666666667
38.1833333333
37.4166666667
35.7666666667
36.9333333333
35.6610169492
36.3333333333
37.2333333333
37.9
36.4333333333
37.7833333333
38.3050847458
35.5833333333
37.75
36.5833333333
36.1666666667
38.3728813559
37.7333333333
34.6333333333
34.3166666667
36.4833333333
37.3898305085
37.6
36.2
34.7333333333
35.0833333333
36.8
40.75
--END OF 3--
22.95
23.3166666667
23.6271186441
22.9
23.1666666667
23.3333333333
23.55
23.75
23.4915254237
23.0666666667
23.1166666667
22.9
23.6
23.6
23.3389830508
23.9
23.3666666667
23.0333333333
22.6333333333
22.9833333333
22.5593220339
22.7833333333
23.3333333333
23.4
24.2166666667
22.4833333333
22.4745762712
22.7833333333
22.0166666667
21.4666666667
22.8666666667
23.2372881356
22.9666666667
23.05
22.3833333333
22.5666666667
22.2833333333
22.7966101695
23.3166666667
22.5833333333
23.3666666667
22.3166666667
23.2833333333
22.6779661017
22.3333333333
23.05
22.2166666667
22.4166666667
22.5423728814
22.85
22.3333333333
21.8666666667
22.3
22.3389830508
23.1166666667
22.15
22.4666666667
22.4833333333
23.0333333333
23.0961538462
--END OF 4--
34.1833333333
33.5
34.5254237288
33.8333333333
33.9
34.3
33.5833333333
35.0333333333
33.4745762712
33.7
33.5166666667
33.9166666667
33.45
34.55
34.8813559322
34.4666666667
33.25
33.6666666667
33.9666666667
34.6666666667
33.9491525424
33.4666666667
34.3333333333
34.2333333333
34.6666666667
34.1833333333
32.6610169492
33.35
33.6
31.2166666667
32.7166666667
33.4915254237
33.45
33.7333333333
33.3833333333
32.5
32.55
32.6949152542
33.3833333333
32.9833333333
34.2666666667
33.2833333333
33.9333333333
33.2711864407
32.7833333333
33.75
32.9333333333
32.5333333333
32.8983050847
33.5166666667
31.65
31.35
32.2333333333
33.2033898305
33.9333333333
32.5166666667
32.4166666667
32.4166666667
32.8166666667
34.6538461538
--END OF 5--
39.0
37.0333333333
39.7118644068
38.9166666667
38.7666666667
39.1333333333
38.9833333333
40.4
38.3220338983
37.3833333333
38.1666666667
38.2833333333
37.4
38.3
40.0
39.25
36.75
38.2
38.1333333333
39.3166666667
37.9661016949
37.15
38.4166666667
39.7833333333
38.4333333333
38.1166666667
36.2203389831
38.3666666667
38.25
33.7666666667
35.7666666667
37.7457627119
38.0666666667
38.1833333333
37.4166666667
35.7666666667
36.9333333333
35.6610169492
36.3333333333
37.2333333333
37.9
36.4333333333
37.7833333333
38.3050847458
35.5833333333
37.75
36.5833333333
36.1666666667
38.3728813559
37.7333333333
34.6333333333
34.3166666667
36.4833333333
37.3898305085
37.6
36.2
34.7333333333
35.0833333333
36.8
40.75
--END OF 6--
4841.15
4758.9
4990.01694915
4945.8
4809.45
4924.6
4839.3
4904.9
4746.25423729
4766.05
4842.75
4815.5
4677.15
4910.25
4908.81355932
5049.8
4809.0
4728.35
4762.9
4723.05
4723.88135593
4741.95
4871.65
4782.75
4831.8
4530.9
4646.6440678
4667.8
4664.85
4570.2
4644.3
4579.06779661
4652.95
4815.7
4656.55
4512.15
4583.65
4744.06779661
4788.8
4533.2
4683.65
4576.55
4897.85
4515.86440678
4451.4
4628.0
4589.65
4535.5
4510.47457627
4613.75
4508.35
4537.4
4647.65
4382.74576271
4722.0
4517.2
4523.75
4460.85
4684.05
4841.76923077
--END OF 7--
1358.66666667
1336.18333333
1393.93220339
1366.7
1328.6
1362.33333333
1367.71666667
1362.81666667
1329.18644068
1333.85
1346.75
1338.95
1321.2
1385.81666667
1369.59322034
1403.2
1336.8
1331.85
1345.3
1333.73333333
1304.54237288
1314.95
1354.95
1354.3
1371.7
1268.51666667
1274.0
1306.3
1295.06666667
1261.4
1297.65
1302.88135593
1311.0
1336.68333333
1297.7
1270.08333333
1272.5
1324.06779661
1330.76666667
1268.1
1334.78333333
1272.88333333
1336.06666667
1282.33898305
1234.75
1307.33333333
1269.11666667
1261.81666667
1264.83050847
1298.66666667
1255.51666667
1260.53333333
1290.33333333
1248.23728814
1304.0
1271.53333333
1258.05
1264.85
1309.55
1359.32692308
--END OF 8--
230.15
212.033333333
228.491525424
229.066666667
213.916666667
241.75
216.116666667
247.566666667
226.610169492
217.25
221.45
222.05
224.35
218.383333333
232.186440678
238.716666667
217.516666667
227.833333333
236.233333333
242.266666667
215.881355932
220.966666667
224.233333333
231.816666667
226.416666667
256.983333333
215.779661017
219.133333333
239.45
205.6
201.8
216.881355932
226.733333333
234.916666667
231.133333333
210.5
224.516666667
204.254237288
213.533333333
223.166666667
230.383333333
202.683333333
213.316666667
229.101694915
217.5
224.05
222.533333333
215.516666667
219.508474576
222.05
194.65
197.766666667
219.783333333
188.474576271
217.766666667
224.066666667
219.366666667
207.883333333
222.583333333
242.846153846
--END OF 9--
13.2166666667
8.55
9.38983050847
12.15
12.3166666667
10.1
11.2833333333
13.2166666667
8.22033898305
8.78333333333
10.55
13.0333333333
8.2
6.81666666667
11.2542372881
6.95
6.18333333333
11.3166666667
11.7166666667
10.9833333333
11.7457627119
9.43333333333
6.83333333333
10.5166666667
10.7333333333
13.5666666667
7.81355932203
9.96666666667
12.7
5.65
5.05
12.6610169492
9.95
9.58333333333
9.16666666667
8.91666666667
10.8
4.05084745763
7.21666666667
11.15
10.1833333333
15.6833333333
8.36666666667
12.5084745763
9.3
9.13333333333
9.86666666667
10.35
14.5254237288
9.85
7.3
9.43333333333
9.45
15.186440678
9.4
8.15
4.33333333333
5.26666666667
6.11666666667
15.2692307692
--END OF 10--
2.03333333333
1.01666666667
2.64406779661
2.28333333333
2.86666666667
1.45
2.28333333333
2.06666666667
1.96610169492
1.18333333333
1.85
1.65
1.45
1.01666666667
2.42372881356
2.45
1.08333333333
1.65
0.833333333333
1.68333333333
1.33898305085
0.8
1.33333333333
3.95
0.8
2.11666666667
2.1186440678
3.28333333333
2.55
0.6
0.55
1.38983050847
3.1
2.0
1.53333333333
1.21666666667
2.85
0.28813559322
0.6
2.75
0.683333333333
0.35
1.26666666667
3.32203389831
0.7
1.1
1.73333333333
1.88333333333
4.35593220339
2.21666666667
1.41666666667
1.7
1.46666666667
2.10169491525
1.6
0.7
0.666666666667
1.0
1.5
2.01923076923
--END OF 11--
0.116666666667
0.233333333333
0.677966101695
0.5
0.266666666667
0.65
0.816666666667
0.716666666667
0.745762711864
0.316666666667
0.5
0.4
0.25
0.25
0.406779661017
0.0
0.316666666667
0.683333333333
0.2
0.0
0.271186440678
0.0
0.0333333333333
0.633333333333
0.0
0.0
0.0
0.966666666667
0.35
0.0
0.0
0.0
0.0
0.0
0.0
0.233333333333
0.166666666667
0.169491525424
0.0
0.666666666667
0.0
0.0
0.5
0.0
0.0
0.533333333333
0.466666666667
0.0
0.338983050847
0.433333333333
0.433333333333
0.0666666666667
0.0
1.01694915254
0.2
0.233333333333
0.0
0.0
0.0
0.442307692308
--END OF 12--
