13.7
12.35
12.65
13.1016949153
13.6166666667
21.45
26.95
31.55
28.9666666667
22.8666666667
18.8813559322
20.7666666667
17.0166666667
15.7
15.0
16.3389830508
16.1166666667
14.9333333333
15.75
15.8166666667
16.4833333333
15.813559322
15.8333333333
15.4666666667
15.6833333333
15.25
15.2372881356
17.1
17.3333333333
18.4833333333
15.3
15.8333333333
15.9322033898
16.1333333333
15.75
17.4
16.45
18.1186440678
17.15
17.2833333333
17.4333333333
16.5333333333
16.4915254237
16.05
16.5166666667
16.7
18.05
17.7288135593
17.9
16.7833333333
17.4833333333
16.5833333333
17.4666666667
17.2033898305
18.0333333333
17.3
17.4166666667
18.7333333333
17.9152542373
14.3157894737
--END OF 1--
17.2
15.05
15.05
16.7966101695
16.8
32.7666666667
46.7833333333
55.9166666667
50.6666666667
35.0333333333
30.7627118644
29.85
23.7666666667
20.2333333333
19.6333333333
21.0677966102
21.2333333333
19.8333333333
20.55
20.9666666667
21.0833333333
20.0677966102
21.3
20.9666666667
20.1333333333
19.7666666667
19.1016949153
22.0333333333
21.6333333333
22.6833333333
19.3333333333
20.3666666667
20.8305084746
21.6166666667
20.45
22.55
20.6
23.0
22.3166666667
22.4333333333
22.2666666667
20.0
21.9322033898
20.5833333333
21.4
20.6833333333
21.8
21.7288135593
22.7
20.8833333333
22.9333333333
21.1333333333
21.9166666667
22.1186440678
23.3333333333
21.55
22.5166666667
23.8833333333
22.3559322034
17.5263157895
--END OF 2--
17.85
15.2
15.25
16.7966101695
17.45
39.7833333333
58.3666666667
69.7666666667
60.9833333333
40.7666666667
33.9830508475
33.8
26.7666666667
21.8666666667
22.6166666667
21.5254237288
22.45
20.5833333333
21.85
21.5666666667
22.0333333333
20.7796610169
21.7166666667
22.6166666667
21.1
20.8833333333
19.7966101695
23.3666666667
22.7166666667
23.2333333333
19.6833333333
21.35
20.9830508475
21.9333333333
22.1
24.05
21.5
24.2881355932
23.1
23.1833333333
22.4666666667
20.8833333333
23.2203389831
20.7833333333
22.3166666667
21.9666666667
22.55
21.7288135593
22.8
21.1833333333
23.3833333333
21.9833333333
21.9166666667
22.5593220339
23.85
22.4333333333
22.7666666667
24.9333333333
23.1525423729
17.6842105263
--END OF 3--
13.7
12.35
12.65
13.1016949153
13.6166666667
20.4166666667
23.7333333333
26.3
24.8833333333
21.45
18.8474576271
20.2166666667
17.0166666667
15.7
15.0
16.3389830508
16.1166666667
14.9333333333
15.75
15.8166666667
16.4833333333
15.813559322
15.8333333333
15.4666666667
15.6833333333
15.25
15.2372881356
17.1
17.3333333333
18.4833333333
15.3
15.8333333333
15.9322033898
16.1333333333
15.75
17.4
16.45
18.1186440678
17.15
17.2833333333
17.4333333333
16.5333333333
16.4915254237
16.05
16.5166666667
16.7
18.05
17.7288135593
17.9
16.7833333333
17.4833333333
16.5833333333
17.4666666667
17.2033898305
18.0333333333
17.3
17.4166666667
18.6
17.7457627119
14.3157894737
--END OF 4--
17.2
15.05
15.05
16.7966101695
16.8
30.7833333333
38.8333333333
43.8166666667
41.4
32.7333333333
30.0169491525
29.3166666667
23.7666666667
20.2333333333
19.6333333333
21.0677966102
21.2333333333
19.8333333333
20.55
20.9666666667
21.0833333333
20.0677966102
21.3
20.9666666667
20.1333333333
19.7666666667
19.1016949153
22.0333333333
21.6333333333
22.6833333333
19.3333333333
20.3666666667
20.8305084746
21.6166666667
20.45
22.55
20.6
23.0
22.3166666667
22.4333333333
22.2666666667
20.0
21.9322033898
20.5833333333
21.4
20.6833333333
21.8
21.7288135593
22.7
20.8833333333
22.9333333333
21.1333333333
21.9166666667
22.1186440678
23.3333333333
21.55
22.5166666667
23.8833333333
22.3559322034
17.5263157895
--END OF 5--
17.85
15.2
15.25
16.7966101695
17.45
38.8833333333
52.2333333333
59.1
54.3833333333
40.1
33.9830508475
33.8
26.7666666667
21.8666666667
22.6166666667
21.5254237288
22.45
20.5833333333
21.85
21.5666666667
22.0333333333
20.7796610169
21.7166666667
22.6166666667
21.1
20.8833333333
19.7966101695
23.3666666667
22.7166666667
23.2333333333
19.6833333333
21.35
20.9830508475
21.9333333333
22.1
24.05
21.5
24.2881355932
23.1
23.1833333333
22.4666666667
20.8833333333
23.2203389831
20.7833333333
22.3166666667
21.9666666667
22.55
21.7288135593
22.8
21.1833333333
23.3833333333
21.9833333333
21.9166666667
22.5593220339
23.85
22.4333333333
22.7666666667
24.9333333333
23.1525423729
17.6842105263
--END OF 6--
2631.0
2351.1
2392.5
2484.3559322
2637.7
4036.05
5177.25
6075.5
5521.55
4336.7
3679.6779661
3915.6
3270.2
2968.0
2857.75
3093.40677966
3026.85
2848.2
3023.0
3153.45
3113.55
3005.03389831
3013.7
3123.0
3002.85
3045.0
2872.27118644
3199.2
3204.45
3339.85
2901.15
3040.95
3016.06779661
3194.75
3074.1
3244.2
3142.95
3354.05084746
3229.25
3182.75
3233.6
3026.3
3171.30508475
3161.4
3146.25
3235.55
3374.9
3385.93220339
3320.4
3178.65
3439.95
3259.05
3303.75
3260.23728814
3409.55
3175.9
3232.8
3483.95
3387.30508475
2622.0
--END OF 7--
723.05
643.8
645.9
690.033898305
736.433333333
1131.18333333
1469.38333333
1693.45
1558.4
1212.6
1023.96610169
1091.83333333
906.116666667
824.916666667
787.583333333
855.508474576
847.116666667
796.2
830.916666667
859.75
870.65
817.186440678
846.316666667
835.95
829.15
822.416666667
794.830508475
888.516666667
878.916666667
921.3
790.566666667
846.066666667
826.203389831
865.016666667
834.85
909.85
852.15
923.152542373
897.516666667
900.883333333
883.433333333
833.766666667
891.06779661
860.05
877.65
901.45
929.183333333
921.847457627
918.25
872.75
938.45
890.8
916.45
906.525423729
939.183333333
883.05
900.566666667
982.9
937.93220339
725.736842105
--END OF 8--
81.25
69.9
70.35
88.4745762712
80.1333333333
205.483333333
323.033333333
398.9
345.533333333
216.35
184.677966102
186.483333333
128.116666667
102.483333333
96.3333333333
103.084745763
106.45
91.25
101.266666667
96.45
103.6
101.610169492
113.366666667
119.05
100.283333333
92.4333333333
90.5423728814
109.383333333
105.5
112.233333333
87.4333333333
102.683333333
100.016949153
102.55
103.8
108.75
94.35
105.915254237
103.583333333
106.083333333
115.066666667
97.1833333333
114.101694915
102.55
116.866666667
102.5
112.766666667
85.6779661017
108.15
100.35
118.25
94.8
90.15
108.813559322
115.65
106.983333333
114.2
123.066666667
107.677966102
90.5789473684
--END OF 9--
2.8
2.0
1.4
2.86440677966
3.58333333333
26.4
48.0166666667
61.6333333333
57.1
25.2833333333
25.0169491525
16.3833333333
13.7833333333
8.4
10.5833333333
4.37288135593
7.16666666667
6.05
5.05
6.2
4.9
3.16949152542
5.65
5.41666666667
6.06666666667
6.76666666667
2.8813559322
7.26666666667
4.95
5.08333333333
2.51666666667
2.76666666667
5.13559322034
3.98333333333
5.75
6.9
3.8
6.49152542373
5.75
4.71666666667
3.7
3.76666666667
6.62711864407
2.88333333333
3.95
3.41666666667
2.96666666667
2.69491525424
2.3
2.8
3.35
3.3
4.5
2.50847457627
3.91666666667
3.11666666667
3.08333333333
3.85
4.93220338983
0.789473684211
--END OF 10--
0.85
0.0
0.0
0.0
1.03333333333
10.4
17.4833333333
19.3166666667
13.4833333333
6.71666666667
4.38983050847
4.01666666667
5.13333333333
2.78333333333
4.71666666667
0.64406779661
1.86666666667
0.7
1.56666666667
0.45
1.2
1.0
0.583333333333
2.61666666667
1.68333333333
0.983333333333
0.847457627119
1.61666666667
1.6
0.483333333333
0.5
1.48333333333
0.508474576271
0.433333333333
2.6
2.05
0.85
1.67796610169
1.35
0.683333333333
0.316666666667
1.71666666667
2.32203389831
0.466666666667
1.81666666667
1.36666666667
0.85
0.0
0.3
0.85
1.05
1.3
0.0
0.881355932203
0.633333333333
1.3
0.0333333333333
1.65
1.0
0.263157894737
--END OF 11--
0.35
0.0
0.0
0.0
0.0
3.1
3.35
4.06666666667
2.95
2.23333333333
0.338983050847
0.85
0.483333333333
0.0166666666667
0.483333333333
0.0
0.0
0.55
0.95
0.3
0.2
0.0
0.0
1.0
0.0
0.483333333333
0.525423728814
0.0
0.466666666667
0.0333333333333
0.0166666666667
0.483333333333
0.0
0.433333333333
0.5
0.5
0.0
1.01694915254
0.0
0.0
0.0
0.0
0.508474576271
0.0
0.166666666667
0.333333333333
0.0
0.0
0.0
0.0
0.0
0.5
0.0
0.0
0.0
0.0
0.0
0.183333333333
0.491525423729
0.157894736842
--END OF 12--
