18.7166666667
19.3666666667
19.593220339
19.4833333333
19.2833333333
19.0
19.85
18.95
19.5762711864
19.3833333333
19.85
19.6333333333
18.9666666667
20.3
19.1016949153
20.15
18.6333333333
19.2333333333
19.7666666667
19.95
19.2881355932
19.35
19.6
18.25
18.65
19.6833333333
19.7796610169
19.9666666667
19.7166666667
20.2666666667
18.8833333333
18.9152542373
18.7333333333
19.1333333333
18.5
19.1666666667
19.35
19.0508474576
18.65
18.7
18.0833333333
17.9166666667
17.4915254237
18.45
18.95
19.9333333333
19.1333333333
19.5333333333
18.6440677966
18.4666666667
18.4333333333
18.55
17.85
18.2
17.7118644068
19.0666666667
18.8666666667
17.5166666667
17.2166666667
19.6379310345
--END OF 1--
25.1166666667
25.9333333333
27.5423728814
24.7833333333
24.8833333333
26.2
26.8
24.6
25.4237288136
25.5333333333
25.35
26.55
24.85
26.5
25.0169491525
27.3333333333
25.0
25.8333333333
26.95
27.4166666667
26.3559322034
25.6
26.3
24.15
23.7
27.1
27.0169491525
26.7
27.1166666667
27.2
25.5333333333
24.9830508475
25.7333333333
25.75
25.1
24.5833333333
25.75
25.3559322034
26.0
26.05
25.3666666667
24.9166666667
24.9152542373
24.3166666667
24.7666666667
24.7833333333
25.6666666667
25.95
25.6101694915
24.5666666667
25.5333333333
24.7666666667
24.5166666667
23.6833333333
24.6949152542
24.9166666667
24.8166666667
25.0833333333
23.95
26.4137931034
--END OF 2--
26.25
26.2666666667
27.8983050847
25.5333333333
25.0833333333
27.15
27.8
25.15
25.8474576271
26.25
25.5666666667
27.0333333333
25.1666666667
27.1833333333
26.3220338983
28.2
26.4833333333
26.8833333333
28.9666666667
28.25
28.0
27.05
26.5
24.8
23.95
28.2333333333
28.0
27.8
27.9833333333
28.1
27.2
25.5423728814
26.1333333333
26.2833333333
26.6833333333
25.55
26.4
25.7627118644
27.0
26.45
25.9333333333
25.8166666667
25.5762711864
25.3333333333
25.5333333333
25.9
27.05
27.05
26.1694915254
25.6166666667
26.9666666667
25.25
26.55
24.15
26.0338983051
25.8666666667
25.5166666667
26.2666666667
24.7666666667
26.8620689655
--END OF 3--
18.7166666667
19.1666666667
19.2372881356
19.4333333333
19.2833333333
18.95
19.65
18.95
19.5762711864
19.2833333333
19.65
19.4333333333
18.8833333333
19.7833333333
19.0508474576
19.85
18.6333333333
19.2166666667
19.5333333333
19.5
19.2372881356
19.35
19.4
18.25
18.65
19.5833333333
19.6610169492
19.6166666667
19.5666666667
19.7666666667
18.8833333333
18.9152542373
18.6833333333
18.9333333333
18.5
19.1166666667
19.35
19.0
18.55
18.7
18.0833333333
17.8666666667
17.4915254237
18.45
18.95
19.6333333333
19.1333333333
19.2333333333
18.6440677966
18.4666666667
18.4333333333
18.55
17.85
18.2
17.7118644068
19.0666666667
18.6666666667
17.5166666667
17.2166666667
19.5344827586
--END OF 4--
25.1166666667
25.9333333333
27.4915254237
24.7833333333
24.8833333333
26.2
26.8
24.6
25.4237288136
25.5333333333
25.35
26.55
24.85
26.5
25.0169491525
27.3333333333
25.0
25.8333333333
26.95
27.4166666667
26.3559322034
25.6
26.3
24.15
23.7
27.1
27.0169491525
26.7
27.1166666667
27.2
25.5333333333
24.9830508475
25.7333333333
25.75
25.1
24.5833333333
25.75
25.3559322034
26.0
26.05
25.3666666667
24.9166666667
24.9152542373
24.3166666667
24.7666666667
24.7833333333
25.6666666667
25.95
25.6101694915
24.5666666667
25.5333333333
24.7666666667
24.5166666667
23.6833333333
24.6949152542
24.9166666667
24.8166666667
25.0833333333
23.95
26.4137931034
--END OF 5--
26.25
26.2666666667
27.8983050847
25.5333333333
25.0833333333
27.15
27.8
25.15
25.8474576271
26.25
25.5666666667
27.0333333333
25.1666666667
27.1833333333
26.3220338983
28.2
26.4833333333
26.8833333333
28.9666666667
28.25
28.0
27.05
26.5
24.8
23.95
28.2333333333
28.0
27.8
27.9833333333
28.1
27.2
25.5423728814
26.1333333333
26.2833333333
26.6833333333
25.55
26.4
25.7627118644
27.0
26.45
25.9333333333
25.8166666667
25.5762711864
25.3333333333
25.5333333333
25.9
27.05
27.05
26.1694915254
25.6166666667
26.9666666667
25.25
26.55
24.15
26.0338983051
25.8666666667
25.5166666667
26.2666666667
24.7666666667
26.8620689655
--END OF 6--
3510.25
3555.0
3632.23728814
3565.2
3521.7
3615.0
3741.9
3431.85
3529.22033898
3605.0
3670.55
3640.0
3449.0
3581.05
3594.10169492
3753.05
3497.9
3479.45
3655.95
3682.55
3583.77966102
3593.85
3642.15
3481.2
3438.75
3687.8
3721.83050847
3724.05
3687.75
3639.3
3505.55
3524.79661017
3513.25
3616.85
3391.7
3516.2
3564.65
3524.79661017
3512.1
3502.2
3386.35
3396.45
3482.74576271
3414.05
3556.25
3579.5
3521.95
3591.65
3507.50847458
3566.25
3570.8
3533.85
3375.95
3439.8
3394.37288136
3559.8
3513.75
3410.05
3376.6
3573.82758621
--END OF 7--
991.7
993.8
1010.83050847
993.2
990.95
1002.25
1035.7
962.45
997.898305085
995.4
1017.86666667
1023.13333333
964.016666667
1024.33333333
1000.86440678
1033.13333333
973.0
978.666666667
1035.61666667
1028.41666667
1000.84745763
996.9
983.95
945.0
955.35
1030.98333333
1032.86440678
1037.86666667
1024.16666667
1027.56666667
975.866666667
974.06779661
989.7
994.133333333
958.116666667
989.15
979.9
978.457627119
976.5
976.75
947.716666667
954.45
956.254237288
951.983333333
983.883333333
998.866666667
985.633333333
1004.76666667
975.271186441
980.783333333
994.583333333
999.383333333
933.616666667
943.733333333
943.796610169
1000.1
965.5
957.633333333
929.65
1015.56896552
--END OF 8--
145.1
155.766666667
159.661016949
143.6
144.6
146.9
149.9
139.55
140.898305085
131.2
129.133333333
142.166666667
139.25
147.283333333
132.559322034
149.166666667
125.65
143.916666667
147.516666667
156.666666667
144.423728814
133.8
146.6
126.1
128.9
155.433333333
146.491525424
152.816666667
164.4
166.3
150.316666667
123.966101695
140.55
143.533333333
144.883333333
111.1
136.416666667
135.847457627
147.6
158.2
158.85
145.6
151.338983051
130.833333333
125.2
123.783333333
129.916666667
143.283333333
144.627118644
127.466666667
150.3
139.15
132.383333333
111.883333333
139.847457627
137.35
129.65
152.716666667
148.866666667
130.0
--END OF 9--
5.15
2.86666666667
7.37288135593
2.1
2.25
6.85
7.6
2.4
5.06779661017
5.03333333333
2.6
6.38333333333
4.8
6.03333333333
5.28813559322
7.16666666667
9.33333333333
6.53333333333
8.35
5.58333333333
9.33898305085
3.9
5.75
4.85
1.8
10.3833333333
5.96610169492
4.2
5.35
6.71666666667
7.78333333333
5.18644067797
4.76666666667
5.75
7.95
5.8
7.0
5.15254237288
7.0
5.4
6.0
8.55
5.94915254237
6.11666666667
3.75
3.43333333333
7.8
5.43333333333
6.67796610169
5.78333333333
7.93333333333
3.7
8.08333333333
4.33333333333
7.22033898305
2.85
4.35
9.8
6.45
8.10344827586
--END OF 10--
1.23333333333
0.633333333333
0.457627118644
0.55
0.0
1.35
1.55
0.6
0.576271186441
0.716666666667
0.216666666667
0.5
0.383333333333
0.65
1.67796610169
1.26666666667
2.01666666667
1.31666666667
3.11666666667
1.68333333333
2.61016949153
1.25
0.0
0.25
0.25
1.38333333333
1.52542372881
1.7
1.03333333333
1.46666666667
2.85
0.745762711864
0.566666666667
0.333333333333
2.63333333333
1.26666666667
1.0
0.457627118644
1.3
0.45
0.933333333333
1.2
0.813559322034
1.58333333333
0.916666666667
1.46666666667
2.41666666667
1.56666666667
0.813559322034
1.01666666667
1.56666666667
0.55
2.55
0.533333333333
1.62711864407
1.35
0.85
1.31666666667
1.28333333333
1.0
--END OF 11--
0.55
0.133333333333
0.0
0.0
0.0
0.0
0.0
0.0
0.0
0.0
0.0
0.0
0.0
0.0333333333333
0.474576271186
0.0
0.966666666667
0.0333333333333
0.0
0.0
0.254237288136
0.75
0.0
0.0
0.0
0.0
0.0
0.183333333333
0.316666666667
0.0
0.5
0.0
0.366666666667
0.0
0.0
0.0
0.0
0.0
0.0
0.2
0.3
0.0
0.0
0.0833333333333
0.416666666667
0.133333333333
0.366666666667
0.0
0.0
0.266666666667
0.233333333333
0.0166666666667
0.716666666667
0.266666666667
0.440677966102
0.0
0.0
0.0
0.333333333333
0.051724137931
--END OF 12--
