9.11666666667
8.68333333333
8.65
8.49152542373
9.03333333333
9.16666666667
8.71666666667
8.78333333333
8.86666666667
9.62711864407
9.28333333333
9.6
9.51666666667
9.73333333333
9.36666666667
9.35593220339
9.78333333333
10.2
9.65
9.7
10.0338983051
10.7
10.1
9.9
9.55
10.2333333333
8.89830508475
10.3
9.75
9.95
9.63333333333
9.61016949153
10.2666666667
10.5
10.7166666667
10.4666666667
11.05
10.406779661
9.7
9.86666666667
9.45
10.5833333333
11.3220338983
10.4
11.1
9.53333333333
10.4333333333
9.95
10.0338983051
10.7
10.8666666667
10.7
11.1333333333
10.1694915254
10.2833333333
9.75
10.3333333333
10.9833333333
11.6779661017
9.49122807018
--END OF 1--
12.7833333333
11.8166666667
11.5
12.3050847458
12.2833333333
12.4666666667
12.7666666667
11.9333333333
11.8666666667
12.7627118644
13.7833333333
13.4
13.1833333333
13.5666666667
12.7166666667
13.0677966102
14.2333333333
13.9333333333
13.35
12.7166666667
14.7288135593
14.05
13.7
13.35
13.5
13.4833333333
12.6949152542
15.3
12.7
13.2666666667
13.7666666667
13.5423728814
14.1
15.1666666667
15.6666666667
15.2
14.6
14.8644067797
13.65
14.0666666667
14.35
15.1833333333
15.8983050847
14.0833333333
15.1833333333
13.4166666667
13.8166666667
13.5666666667
12.813559322
14.0333333333
14.8166666667
14.2166666667
16.0666666667
14.2033898305
13.7333333333
13.6
14.2333333333
14.7833333333
15.6779661017
12.8070175439
--END OF 2--
13.75
12.4166666667
11.7833333333
13.3728813559
13.3333333333
12.9166666667
13.0666666667
12.6833333333
12.1166666667
14.0508474576
14.4166666667
13.9
13.7166666667
14.1333333333
13.6166666667
13.6440677966
15.0166666667
14.75
14.3666666667
13.2333333333
15.5423728814
14.25
14.35
14.2
13.8
15.0833333333
13.5593220339
15.6166666667
13.2833333333
13.5666666667
14.3666666667
14.1186440678
14.1
16.0333333333
16.4666666667
15.55
15.2666666667
15.406779661
14.35
14.9166666667
15.4
15.1833333333
16.6440677966
14.45
15.4833333333
13.4666666667
14.8666666667
13.8166666667
13.2542372881
15.75
15.6666666667
14.5833333333
16.2666666667
14.7627118644
14.6333333333
14.0
14.7833333333
15.1833333333
16.4237288136
13.1052631579
--END OF 3--
9.11666666667
8.68333333333
8.65
8.49152542373
9.03333333333
9.16666666667
8.71666666667
8.78333333333
8.86666666667
9.62711864407
9.28333333333
9.6
9.51666666667
9.73333333333
9.36666666667
9.35593220339
9.78333333333
10.2
9.65
9.7
10.0338983051
10.7
10.1
9.9
9.55
10.2333333333
8.89830508475
10.3
9.75
9.95
9.63333333333
9.61016949153
10.2666666667
10.5
10.7166666667
10.4666666667
11.05
10.406779661
9.7
9.86666666667
9.45
10.5833333333
11.3220338983
10.4
11.1
9.53333333333
10.4333333333
9.95
10.0338983051
10.7
10.8666666667
10.7
11.1333333333
10.1694915254
10.2833333333
9.75
10.3333333333
10.9833333333
11.6779661017
9.49122807018
--END OF 4--
12.7833333333
11.8166666667
11.5
12.3050847458
12.2833333333
12.4666666667
12.7666666667
11.9333333333
11.8666666667
12.7627118644
13.7833333333
13.4
13.1833333333
13.5666666667
12.7166666667
13.0677966102
14.2333333333
13.9333333333
13.35
12.7166666667
14.7288135593
14.05
13.7
13.35
13.5
13.4833333333
12.6949152542
15.3
12.7
13.2666666667
13.7666666667
13.5423728814
14.1
15.1666666667
15.6666666667
15.2
14.6
14.8644067797
13.65
14.0666666667
14.35
15.1833333333
15.8983050847
14.0833333333
15.1833333333
13.4166666667
13.8166666667
13.5666666667
12.813559322
14.0333333333
14.8166666667
14.2166666667
16.0666666667
14.2033898305
13.7333333333
13.6
14.2333333333
14.7833333333
15.6779661017
12.8070175439
--END OF 5--
13.75
12.4166666667
11.7833333333
13.3728813559
13.3333333333
12.9166666667
13.0666666667
12.6833333333
12.1166666667
14.0508474576
14.4166666667
13.9
13.7166666667
14.1333333333
13.6166666667
13.6440677966
15.0166666667
14.75
14.3666666667
13.2333333333
15.5423728814
14.25
14.35
14.2
13.8
15.0833333333
13.5593220339
15.6166666667
13.2833333333
13.5666666667
14.3666666667
14.1186440678
14.1
16.0333333333
16.4666666667
15.55
15.2666666667
15.406779661
14.35
14.9166666667
15.4
15.1833333333
16.6440677966
14.45
15.4833333333
13.4666666667
14.8666666667
13.8166666667
13.2542372881
15.75
15.6666666667
14.5833333333
16.2666666667
14.7627118644
14.6333333333
14.0
14.7833333333
15.1833333333
16.4237288136
13.1052631579
--END OF 6--
1817.95
1822.6
1754.9
1746.61016949
1762.8
1844.1
1792.35
1762.8
1675.05
1838.03389831
1917.8
1881.25
1852.2
1896.3
1818.7
1907.28813559
1941.95
1967.15
1905.3
1883.2
1973.49152542
2045.85
1912.5
1865.85
1903.05
1926.6
1846.27118644
2085.4
1933.75
1981.6
1895.7
1956.81355932
1967.9
2027.6
2016.15
2066.5
2032.3
2070.50847458
1988.85
1983.0
2047.95
2109.6
2054.74576271
1991.5
2092.55
1974.75
2085.55
2041.75
2089.72881356
2088.25
2175.2
2076.05
2167.25
2105.23728814
2018.7
1952.7
2109.0
2130.3
2148.15254237
1883.31578947
--END OF 7--
504.666666667
497.866666667
487.266666667
481.644067797
503.95
516.7
503.55
482.75
477.95
522.186440678
532.033333333
524.583333333
522.85
530.166666667
508.766666667
513.389830508
536.333333333
548.85
525.966666667
515.933333333
557.06779661
566.9
540.95
519.15
528.65
546.85
491.118644068
574.616666667
540.733333333
547.233333333
535.066666667
535.779661017
544.083333333
576.616666667
572.766666667
571.883333333
577.633333333
575.084745763
537.75
549.8
553.5
587.95
592.694915254
565.783333333
589.6
551.0
576.183333333
569.1
562.915254237
576.066666667
588.2
581.033333333
618.883333333
571.169491525
578.65
550.45
563.55
585.5
609.93220339
518.368421053
--END OF 8--
79.4
71.6333333333
64.8666666667
84.9152542373
65.9
68.35
68.3
62.0
64.45
68.5593220339
85.9333333333
83.55
81.9
74.5333333333
75.2333333333
77.6271186441
90.6166666667
80.9833333333
78.3833333333
68.7666666667
95.2372881356
84.2
84.1
74.0
75.85
78.5
82.8644067797
102.016666667
67.1333333333
72.9666666667
81.5166666667
75.0169491525
79.8
86.0
97.95
90.4166666667
84.0833333333
88.5254237288
71.95
89.45
93.85
91.25
96.2711864407
80.1666666667
79.8666666667
76.5
74.9333333333
89.3166666667
67.3898305085
80.1666666667
77.5166666667
75.2
94.7666666667
78.7288135593
75.1
79.2
80.9
83.2
95.2203389831
68.0
--END OF 9--
5.85
2.5
2.23333333333
4.4406779661
6.15
2.2
7.85
5.05
3.1
3.76271186441
3.86666666667
2.4
3.16666666667
5.23333333333
5.53333333333
4.32203389831
5.25
3.46666666667
5.38333333333
3.56666666667
5.74576271186
2.4
2.7
4.35
3.6
5.3
4.06779661017
3.73333333333
1.53333333333
3.46666666667
6.08333333333
4.23728813559
3.41666666667
6.08333333333
7.51666666667
2.86666666667
3.55
4.23728813559
5.25
4.3
4.1
4.95
5.38983050847
2.46666666667
3.33333333333
2.31666666667
3.98333333333
0.933333333333
1.91525423729
5.08333333333
5.11666666667
2.31666666667
4.53333333333
3.64406779661
4.2
4.55
3.45
4.05
5.15254237288
3.35087719298
--END OF 10--
1.46666666667
0.7
0.333333333333
1.52542372881
1.5
0.55
0.45
1.0
0.6
1.18644067797
0.966666666667
0.866666666667
0.833333333333
1.16666666667
1.0
1.10169491525
0.916666666667
0.766666666667
0.7
0.2
1.23728813559
0.35
1.15
0.85
0.2
1.8
1.30508474576
0.466666666667
0.75
0.25
0.8
0.627118644068
0.0
1.0
1.26666666667
0.65
1.01666666667
0.677966101695
1.0
1.8
1.7
0.0
0.983050847458
0.566666666667
0.466666666667
0.0833333333333
0.916666666667
0.0
0.457627118644
2.23333333333
0.816666666667
0.0666666666667
0.1
0.610169491525
0.9
0.1
0.85
0.05
1.01694915254
0.0
--END OF 11--
0.0
0.0
0.0
1.01694915254
0.0
0.35
0.15
1.0
0.1
0.898305084746
0.0166666666667
0.0
0.5
0.0
0.0
0.0
0.0
0.5
0.0
0.133333333333
0.338983050847
0.0
0.5
0.0
0.0
0.5
0.508474576271
0.166666666667
0.333333333333
0.166666666667
0.0
0.0
0.0
0.0
0.0
0.0
0.5
0.0
0.5
0.0
0.0
0.0
0.0
0.0
0.0
0.0
0.5
0.0
0.0
0.683333333333
0.316666666667
0.0666666666667
0.1
0.0
0.0
0.0
0.45
0.05
0.389830508475
0.0
--END OF 12--
