15.2
14.7966101695
15.95
15.2666666667
15.1833333333
14.75
15.1333333333
15.2666666667
15.8644067797
15.15
14.2666666667
14.9666666667
15.3166666667
15.5666666667
15.9491525424
15.0333333333
14.3166666667
14.8833333333
13.85
15.1186440678
15.5666666667
14.8166666667
14.0
13.1166666667
14.4666666667
14.9322033898
13.9833333333
14.1666666667
14.4
14.7333333333
13.9661016949
13.6666666667
14.2333333333
14.8
15.65
15.0677966102
14.0
15.5166666667
13.9166666667
13.65
15.0666666667
14.0338983051
14.9166666667
14.0
14.7333333333
14.3833333333
14.6101694915
15.0166666667
14.0833333333
14.2333333333
14.5666666667
14.15
13.3220338983
15.3833333333
16.8666666667
17.05
17.15
19.8983050847
22.1
14.775862069
--END OF 1--
19.5
18.8305084746
20.4166666667
20.5833333333
19.9166666667
19.05
19.4833333333
18.7333333333
19.7288135593
20.1333333333
18.3833333333
19.7
19.4
20.7
20.5593220339
19.5833333333
19.3
19.8166666667
19.7
20.0169491525
20.7166666667
18.3833333333
19.6333333333
17.1
18.0333333333
18.593220339
17.85
18.2333333333
18.7666666667
18.3333333333
18.1694915254
17.4166666667
19.0833333333
19.85
19.1
18.8474576271
19.1
19.5833333333
18.55
17.8666666667
19.8166666667
18.406779661
18.6833333333
17.7166666667
19.45
17.8
17.8644067797
19.45
18.5333333333
18.4333333333
18.65
17.85
17.1525423729
20.3833333333
22.7
23.3666666667
22.65
27.7966101695
31.45
19.4137931034
--END OF 2--
20.05
19.6271186441
20.8833333333
21.0833333333
20.0
19.05
19.7833333333
19.4833333333
21.2033898305
20.45
18.8166666667
20.0166666667
19.4
21.3666666667
21.2542372881
20.2833333333
19.35
21.05
20.3
20.1525423729
21.2666666667
18.45
19.7833333333
17.35
18.6166666667
18.7796610169
18.4333333333
18.2333333333
19.5166666667
18.8
19.7796610169
17.6666666667
19.1333333333
20.75
19.55
19.1525423729
19.2
19.6333333333
19.15
18.1666666667
20.6166666667
18.406779661
19.0333333333
18.0166666667
20.4
18.6833333333
19.1016949153
20.6833333333
19.1833333333
19.4333333333
19.5833333333
17.85
17.3050847458
20.5833333333
23.8833333333
23.5
23.4
28.7457627119
33.6166666667
19.6206896552
--END OF 3--
15.2
14.7966101695
15.95
15.2666666667
15.1833333333
14.75
15.1333333333
15.2666666667
15.8644067797
15.15
14.2666666667
14.9666666667
15.3166666667
15.5666666667
15.9491525424
15.0333333333
14.3166666667
14.8833333333
13.85
15.1186440678
15.5666666667
14.8166666667
14.0
13.1166666667
14.4666666667
14.9322033898
13.9833333333
14.1666666667
14.4
14.7333333333
13.9661016949
13.6666666667
14.2333333333
14.8
15.65
15.0677966102
14.0
15.5166666667
13.9166666667
13.65
15.0666666667
14.0338983051
14.9166666667
14.0
14.7333333333
14.3833333333
14.6101694915
15.0166666667
14.0833333333
14.2333333333
14.5666666667
14.15
13.3220338983
15.3833333333
16.8666666667
17.05
17.15
19.4576271186
20.7833333333
14.775862069
--END OF 4--
19.5
18.8305084746
20.4166666667
20.5833333333
19.9166666667
19.05
19.4833333333
18.7333333333
19.7288135593
20.1333333333
18.3833333333
19.7
19.4
20.7
20.5593220339
19.5833333333
19.3
19.8166666667
19.7
20.0169491525
20.7166666667
18.3833333333
19.6333333333
17.1
18.0333333333
18.593220339
17.85
18.2333333333
18.7666666667
18.3333333333
18.1694915254
17.4166666667
19.0833333333
19.85
19.1
18.8474576271
19.1
19.5833333333
18.55
17.8666666667
19.8166666667
18.406779661
18.6833333333
17.7166666667
19.45
17.8
17.8644067797
19.45
18.5333333333
18.4333333333
18.65
17.85
17.1525423729
20.3833333333
22.7
23.3666666667
22.65
27.4915254237
30.3833333333
19.4137931034
--END OF 5--
20.05
19.6271186441
20.8833333333
21.0833333333
20.0
19.05
19.7833333333
19.4833333333
21.2033898305
20.45
18.8166666667
20.0166666667
19.4
21.3666666667
21.2542372881
20.2833333333
19.35
21.05
20.3
20.1525423729
21.2666666667
18.45
19.7833333333
17.35
18.6166666667
18.7796610169
18.4333333333
18.2333333333
19.5166666667
18.8
19.7796610169
17.6666666667
19.1333333333
20.75
19.55
19.1525423729
19.2
19.6333333333
19.15
18.1666666667
20.6166666667
18.406779661
19.0333333333
18.0166666667
20.4
18.6833333333
19.1016949153
20.6833333333
19.1833333333
19.4333333333
19.5833333333
17.85
17.3050847458
20.5833333333
23.8833333333
23.5
23.4
28.7457627119
33.6166666667
19.6206896552
--END OF 6--
2783.25
2825.03389831
3004.25
2921.45
2955.5
2906.2
2828.35
2812.55
2954.94915254
2900.1
2709.1
2743.8
2907.45
2974.5
3031.72881356
2838.0
2733.4
2868.0
2748.6
2861.38983051
2951.4
2796.15
2788.0
2680.25
2896.5
2849.89830508
2682.15
2780.7
2866.15
2831.45
2694.86440678
2650.05
2826.9
2800.2
2820.75
2800.83050847
2626.8
2844.75
2806.6
2676.6
2827.2
2665.42372881
2744.8
2800.35
2777.05
2695.6
2669.94915254
2825.0
2756.25
2729.7
2766.35
2767.05
2601.76271186
2986.35
3116.3
3383.95
3294.9
3759.45762712
4117.9
2809.55172414
--END OF 7--
783.25
771.13559322
818.166666667
804.033333333
818.3
780.65
794.35
770.366666667
811.389830508
803.666666667
746.033333333
774.983333333
804.816666667
832.35
839.983050847
782.7
760.383333333
796.15
753.5
792.101694915
811.8
766.433333333
773.016666667
747.666666667
772.083333333
769.610169492
750.633333333
774.4
781.233333333
792.716666667
758.033898305
736.25
777.1
770.05
787.65
767.898305085
732.716666667
789.866666667
756.983333333
736.5
790.766666667
735.762711864
752.2
762.083333333
779.85
753.633333333
749.491525424
784.683333333
744.4
742.95
767.45
763.0
703.983050847
807.966666667
873.783333333
932.95
899.233333333
1034.98305085
1156.4
780.706896552
--END OF 8--
87.35
90.8305084746
104.583333333
103.366666667
90.6166666667
97.7166666667
99.3
93.3333333333
103.118644068
95.4333333333
93.6666666667
103.8
99.6833333333
99.2833333333
104.423728814
97.9
112.783333333
112.7
112.1
115.0
114.566666667
91.7
101.466666667
84.55
88.8333333333
88.1186440678
91.65
98.45
98.0
93.85
106.457627119
84.3
95.75
110.1
92.5
95.3898305085
106.05
93.0333333333
91.4166666667
92.8
101.6
84.2203389831
89.1833333333
82.9333333333
101.6
86.0
95.8644067797
104.6
92.75
83.3
97.4666666667
86.35
85.0
100.683333333
126.883333333
123.333333333
124.233333333
153.423728814
178.316666667
93.6379310345
--END OF 9--
5.55
3.8813559322
3.95
5.63333333333
2.95
0.283333333333
1.95
1.6
3.94915254237
5.0
3.65
3.26666666667
2.56666666667
7.41666666667
2.94915254237
5.25
3.96666666667
4.88333333333
4.95
2.10169491525
5.3
1.43333333333
5.15
2.85
1.93333333333
3.74576271186
3.21666666667
2.23333333333
5.05
2.63333333333
3.25423728814
1.15
2.4
5.55
3.2
3.06779661017
5.78333333333
4.01666666667
2.83333333333
2.53333333333
7.4
3.50847457627
4.28333333333
2.01666666667
7.06666666667
4.3
4.47457627119
3.66666666667
5.25
6.35
3.33333333333
1.2
0.881355932203
4.93333333333
7.28333333333
6.13333333333
5.25
10.0508474576
14.0666666667
4.01724137931
--END OF 10--
0.75
1.45762711864
1.3
0.166666666667
0.133333333333
0.2
0.75
1.15
1.49152542373
0.366666666667
0.633333333333
0.433333333333
0.0
1.03333333333
0.983050847458
1.0
0.05
1.91666666667
0.5
0.0338983050847
0.683333333333
0.116666666667
0.3
0.0666666666667
1.13333333333
0.237288135593
0.933333333333
0.0166666666667
0.983333333333
0.516666666667
2.22033898305
0.3
0.05
1.2
0.25
0.508474576271
0.0
0.0
0.983333333333
0.516666666667
1.5
0.0
0.5
0.5
1.11666666667
1.1
1.61016949153
1.68333333333
1.05
1.15
1.38333333333
0.1
0.0
0.0
2.03333333333
0.166666666667
1.0
1.27118644068
3.48333333333
0.362068965517
--END OF 11--
0.0
0.0
0.0
0.0
0.0
0.0
0.0
0.25
1.27118644068
0.366666666667
0.133333333333
0.0
0.0
0.0
0.0
0.0
0.0
0.7
0.0
0.0338983050847
0.3
0.0
0.0
0.0
0.0
0.0677966101695
0.433333333333
0.0166666666667
0.483333333333
0.0
0.71186440678
0.3
0.0
0.0
0.0
0.0
0.0
0.0
0.0
0.0
0.0
0.0
0.0
0.0
0.0
0.716666666667
0.28813559322
0.3
0.0
0.0
0.266666666667
0.0
0.0
0.0
0.0
0.0
0.0
0.0
0.5
0.0
--END OF 12--
