15.05
15.2542372881
15.35
15.25
15.1833333333
15.5
15.2
14.6440677966
15.2666666667
13.5166666667
14.6166666667
15.1333333333
15.0666666667
15.5166666667
14.6779661017
15.25
14.7
15.7333333333
14.7666666667
14.6610169492
16.4333333333
15.25
15.55
15.1666666667
14.8333333333
16.2372881356
14.4333333333
14.65
14.9666666667
14.2
14.593220339
14.2833333333
14.0166666667
14.7
14.55
15.4833333333
15.593220339
14.9666666667
15.5166666667
15.85
16.5
14.5833333333
14.5423728814
13.6833333333
14.0833333333
14.7
14.2166666667
15.15
15.2203389831
13.9
15.25
15.0
14.85
14.4745762712
15.6
14.9
15.8166666667
14.2166666667
14.7
16.1551724138
--END OF 1--
19.9
20.7457627119
19.8333333333
20.2166666667
19.9666666667
20.5833333333
20.05
19.0
20.8166666667
17.4166666667
19.15
19.3833333333
20.35
20.9166666667
20.3559322034
19.45
18.9
20.3833333333
18.8166666667
19.9322033898
20.2333333333
19.4666666667
18.8833333333
19.55
18.4
20.4237288136
19.8
19.4833333333
19.9166666667
19.25
19.1186440678
18.4333333333
19.0666666667
19.4
18.35
19.5833333333
19.8813559322
21.0333333333
20.0166666667
21.0833333333
21.05
18.5
20.186440678
17.8666666667
18.4
18.7666666667
19.1333333333
19.9666666667
20.1186440678
18.45
21.3
19.35
19.25
20.0677966102
20.2166666667
19.2333333333
21.0333333333
18.8833333333
19.4
20.9482758621
--END OF 2--
20.1
21.5084745763
19.8333333333
20.9166666667
20.1833333333
20.8666666667
20.4666666667
19.1525423729
21.0166666667
17.9833333333
20.1666666667
20.2
20.75
22.0833333333
20.5423728814
20.0
19.25
21.4833333333
19.6666666667
20.5423728814
21.3666666667
19.9333333333
19.3333333333
19.9333333333
19.0
20.9661016949
20.4
20.1166666667
20.2666666667
19.7666666667
19.7118644068
19.3333333333
20.0166666667
19.6
18.95
20.5833333333
20.4237288136
22.1833333333
20.85
21.95
21.2333333333
19.6166666667
22.593220339
18.0
18.55
19.4333333333
19.7833333333
21.3166666667
21.0677966102
18.45
21.55
19.75
19.65
20.6440677966
20.5666666667
21.0
21.7
19.7333333333
19.4
20.9482758621
--END OF 3--
15.05
15.2542372881
15.35
15.25
15.1833333333
15.5
15.2
14.6440677966
15.2666666667
13.5166666667
14.6166666667
15.1333333333
15.0666666667
15.5166666667
14.6779661017
15.25
14.7
15.7333333333
14.7666666667
14.6610169492
16.4333333333
15.25
15.55
15.1666666667
14.8333333333
16.2372881356
14.4333333333
14.65
14.9666666667
14.2
14.593220339
14.2833333333
14.0166666667
14.7
14.55
15.4833333333
15.593220339
14.9666666667
15.5166666667
15.85
16.5
14.5833333333
14.5423728814
13.6833333333
14.0833333333
14.7
14.2166666667
15.15
15.2203389831
13.9
15.25
15.0
14.85
14.4745762712
15.6
14.9
15.8166666667
14.2166666667
14.7
16.1551724138
--END OF 4--
19.9
20.7457627119
19.8333333333
20.2166666667
19.9666666667
20.5833333333
20.05
19.0
20.8166666667
17.4166666667
19.15
19.3833333333
20.35
20.9166666667
20.3559322034
19.45
18.9
20.3833333333
18.8166666667
19.9322033898
20.2333333333
19.4666666667
18.8833333333
19.55
18.4
20.4237288136
19.8
19.4833333333
19.9166666667
19.25
19.1186440678
18.4333333333
19.0666666667
19.4
18.35
19.5833333333
19.8813559322
21.0333333333
20.0166666667
21.0833333333
21.05
18.5
20.186440678
17.8666666667
18.4
18.7666666667
19.1333333333
19.9666666667
20.1186440678
18.45
21.3
19.35
19.25
20.0677966102
20.2166666667
19.2333333333
21.0333333333
18.8833333333
19.4
20.9482758621
--END OF 5--
20.1
21.5084745763
19.8333333333
20.9166666667
20.1833333333
20.8666666667
20.4666666667
19.1525423729
21.0166666667
17.9833333333
20.1666666667
20.2
20.75
22.0833333333
20.5423728814
20.0
19.25
21.4833333333
19.6666666667
20.5423728814
21.3666666667
19.9333333333
19.3333333333
19.9333333333
19.0
20.9661016949
20.4
20.1166666667
20.2666666667
19.7666666667
19.7118644068
19.3333333333
20.0166666667
19.6
18.95
20.5833333333
20.4237288136
22.1833333333
20.85
21.95
21.2333333333
19.6166666667
22.593220339
18.0
18.55
19.4333333333
19.7833333333
21.3166666667
21.0677966102
18.45
21.55
19.75
19.65
20.6440677966
20.5666666667
21.0
21.7
19.7333333333
19.4
20.9482758621
--END OF 6--
2891.25
2905.6779661
2918.6
2833.05
2812.35
2850.35
2931.45
2863.88135593
2860.8
2682.3
2807.5
2888.45
2951.55
2935.55
2779.57627119
2958.3
2830.65
2914.65
2757.9
2880.71186441
3015.9
2827.1
2777.5
2751.1
2672.8
2980.83050847
2793.75
2891.3
2779.05
2894.75
2900.79661017
2828.7
2740.05
2883.3
2810.4
2933.25
2861.6440678
2940.6
2966.25
2963.15
3023.05
2855.75
2841.10169492
2735.1
2777.3
2801.9
2721.8
2832.35
2718.45762712
2628.0
2883.75
2760.45
2773.5
2783.89830508
2855.85
2819.2
2994.3
2767.05
2765.65
3013.18965517
--END OF 7--
797.75
806.745762712
809.15
796.783333333
790.05
794.266666667
796.483333333
803.474576271
798.933333333
749.216666667
781.833333333
797.05
817.216666667
814.55
783.491525424
833.35
786.9
809.45
766.2
809.440677966
845.183333333
781.183333333
778.666666667
777.366666667
750.766666667
831.813559322
771.916666667
782.333333333
775.683333333
785.933333333
787.847457627
789.25
781.7
805.7
774.85
802.75
790.169491525
799.483333333
810.133333333
827.533333333
856.916666667
793.383333333
787.474576271
740.95
775.666666667
784.416666667
737.733333333
786.583333333
778.474576271
736.75
809.0
768.45
758.05
770.644067797
805.816666667
772.65
822.233333333
768.916666667
776.733333333
831.24137931
--END OF 8--
96.2
112.203389831
105.516666667
106.983333333
97.0833333333
104.05
113.816666667
100.728813559
104.616666667
79.4333333333
100.216666667
100.133333333
109.433333333
106.833333333
108.728813559
92.65
99.5
105.5
89.4
97.9152542373
88.8166666667
104.733333333
93.5666666667
95.9833333333
86.0
101.983050847
112.75
106.95
105.916666667
105.766666667
102.711864407
103.45
101.05
109.2
98.6
104.2
112.355932203
119.583333333
105.0
117.15
111.266666667
90.7833333333
111.610169492
89.55
97.05
103.75
115.033333333
103.85
109.813559322
95.55
113.6
101.95
116.65
118.050847458
116.433333333
110.016666667
113.883333333
90.8666666667
108.266666667
103.224137931
--END OF 9--
4.5
5.76271186441
1.55
4.5
4.36666666667
4.71666666667
2.06666666667
3.27118644068
5.65
2.35
3.6
3.83333333333
3.41666666667
7.28333333333
5.49152542373
4.25
2.05
5.7
5.75
8.08474576271
3.56666666667
2.78333333333
2.33333333333
4.05
3.55
4.38983050847
3.36666666667
3.35
4.1
4.58333333333
4.52542372881
3.2
5.7
3.4
1.6
2.2
3.38983050847
8.71666666667
4.26666666667
5.25
1.73333333333
4.7
7.77966101695
2.73333333333
2.16666666667
3.73333333333
4.03333333333
6.01666666667
5.40677966102
3.7
7.35
1.65
2.25
3.64406779661
2.45
5.95
1.68333333333
4.0
2.95
2.79310344828
--END OF 10--
0.4
0.610169491525
0.0
1.05
0.383333333333
0.566666666667
0.433333333333
0.0
0.0
0.616666666667
1.4
0.916666666667
0.433333333333
1.76666666667
0.237288135593
0.5
0.7
1.5
0.9
0.949152542373
1.5
0.466666666667
0.5
0.633333333333
1.03333333333
0.966101694915
0.6
0.75
0.9
0.25
1.0
0.85
1.05
0.05
0.95
1.4
0.101694915254
2.1
1.43333333333
1.06666666667
0.516666666667
1.3
4.49152542373
0.266666666667
0.5
0.916666666667
1.2
1.2
0.694915254237
0.55
0.45
0.5
0.25
0.881355932203
0.716666666667
1.88333333333
1.05
1.5
0.0
0.0
--END OF 11--
0.0
0.508474576271
0.0
0.616666666667
0.383333333333
0.0
0.0
0.0
0.0
0.0
0.65
0.85
0.0
0.0
0.0
0.0
0.0
0.0
0.25
0.254237288136
0.5
0.0
0.5
0.133333333333
0.366666666667
0.0
0.0
0.0
0.0
0.0
0.101694915254
0.4
0.5
0.0
0.0
0.4
0.101694915254
0.0
0.5
0.366666666667
0.0
0.0
0.0
0.0
0.0
0.0
0.116666666667
0.883333333333
0.0
0.0
0.0
0.0
0.0
0.0
0.0
0.583333333333
0.116666666667
0.0
0.0
0.0
--END OF 12--
