12.95
12.6166666667
13.0833333333
13.1666666667
13.9333333333
13.1355932203
13.5333333333
14.4333333333
13.4
13.5166666667
14.3
13.6101694915
14.15
13.4166666667
13.2166666667
14.1666666667
13.7333333333
13.0847457627
13.4
14.1333333333
12.9833333333
14.45
13.6666666667
14.186440678
14.4
14.7
13.2666666667
13.65
13.9830508475
15.0
15.1166666667
14.5
15.1333333333
14.8833333333
13.9661016949
14.3833333333
14.2166666667
14.3333333333
15.8
14.7166666667
15.8305084746
14.45
14.6666666667
15.1666666667
13.2333333333
14.0166666667
15.7288135593
15.2833333333
13.8166666667
14.7333333333
14.1166666667
16.3050847458
15.4833333333
13.9166666667
14.8666666667
14.6333333333
14.7166666667
13.6779661017
14.3833333333
14.0877192982
--END OF 1--
20.3
19.4166666667
18.8333333333
18.8666666667
20.1333333333
20.7966101695
19.7
20.5166666667
19.0333333333
19.6
20.8166666667
19.3898305085
20.6333333333
20.25
18.3
21.0666666667
19.9666666667
18.8474576271
19.35
20.3166666667
20.45
20.7666666667
20.75
21.6949152542
20.8666666667
20.6666666667
19.5166666667
19.2666666667
19.3559322034
21.4166666667
21.5166666667
19.9833333333
20.4666666667
22.2
19.8474576271
22.2333333333
20.7166666667
19.6833333333
22.75
22.4166666667
21.5423728814
20.1666666667
21.8
20.9666666667
17.95
19.8
22.4237288136
21.7666666667
19.4333333333
22.9666666667
20.0
23.813559322
21.0833333333
21.1166666667
21.7333333333
21.2833333333
21.3666666667
19.0677966102
21.5666666667
19.4736842105
--END OF 2--
21.1
19.5666666667
18.9333333333
19.9166666667
20.9833333333
21.8474576271
20.55
21.3666666667
19.5
19.9
21.0
21.6440677966
21.2333333333
21.1166666667
18.6
21.8166666667
20.3666666667
19.2542372881
20.15
21.9833333333
21.8833333333
21.5
21.3833333333
22.4576271186
21.5833333333
21.1833333333
19.9333333333
19.5
19.8474576271
23.1
22.3333333333
20.8666666667
22.0166666667
23.2333333333
20.3728813559
23.4333333333
21.2666666667
20.1333333333
23.4
22.9166666667
22.1186440678
20.2833333333
21.8
22.3166666667
19.1833333333
20.7
22.6101694915
23.2833333333
20.25
23.2833333333
20.45
24.4745762712
21.7333333333
22.3166666667
22.7
22.7333333333
21.7166666667
19.7627118644
22.3833333333
19.7368421053
--END OF 3--
12.95
12.6166666667
13.0833333333
13.1666666667
13.9333333333
13.1355932203
13.5333333333
14.4333333333
13.4
13.5166666667
14.3
13.6101694915
14.15
13.4166666667
13.2166666667
14.1666666667
13.7333333333
13.0847457627
13.4
14.1333333333
12.9833333333
14.45
13.6666666667
14.186440678
14.4
14.7
13.2666666667
13.65
13.9830508475
15.0
15.1166666667
14.5
15.1333333333
14.8833333333
13.9661016949
14.3833333333
14.2166666667
14.3333333333
15.8
14.7166666667
15.8305084746
14.45
14.6666666667
15.1666666667
13.2333333333
14.0166666667
15.7288135593
15.2833333333
13.8166666667
14.7333333333
14.1166666667
16.3050847458
15.4833333333
13.9166666667
14.8666666667
14.6333333333
14.7166666667
13.6779661017
14.3833333333
14.0877192982
--END OF 4--
20.3
19.4166666667
18.8333333333
18.8666666667
20.1333333333
20.7966101695
19.7
20.5166666667
19.0333333333
19.6
20.8166666667
19.3898305085
20.6333333333
20.25
18.3
21.0666666667
19.9666666667
18.8474576271
19.35
20.3166666667
20.45
20.7666666667
20.75
21.6949152542
20.8666666667
20.6666666667
19.5166666667
19.2666666667
19.3559322034
21.4166666667
21.5166666667
19.9833333333
20.4666666667
22.2
19.8474576271
22.2333333333
20.7166666667
19.6833333333
22.75
22.4166666667
21.5423728814
20.1666666667
21.8
20.9666666667
17.95
19.8
22.4237288136
21.7666666667
19.4333333333
22.9666666667
20.0
23.813559322
21.0833333333
21.1166666667
21.7333333333
21.2833333333
21.3666666667
19.0677966102
21.5666666667
19.4736842105
--END OF 5--
21.1
19.5666666667
18.9333333333
19.9166666667
20.9833333333
21.8474576271
20.55
21.3666666667
19.5
19.9
21.0
21.6440677966
21.2333333333
21.1166666667
18.6
21.8166666667
20.3666666667
19.2542372881
20.15
21.9833333333
21.8833333333
21.5
21.3833333333
22.4576271186
21.5833333333
21.1833333333
19.9333333333
19.5
19.8474576271
23.1
22.3333333333
20.8666666667
22.0166666667
23.2333333333
20.3728813559
23.4333333333
21.2666666667
20.1333333333
23.4
22.9166666667
22.1186440678
20.2833333333
21.8
22.3166666667
19.1833333333
20.7
22.6101694915
23.2833333333
20.25
23.2833333333
20.45
24.4745762712
21.7333333333
22.3166666667
22.7
22.7333333333
21.7166666667
19.7627118644
22.3833333333
19.7368421053
--END OF 6--
2609.85
2620.8
2633.1
2709.75
2711.25
2619.55932203
2571.5
2564.95
2496.85
2520.6
2696.55
2596.01694915
2708.2
2670.75
2564.45
2754.9
2624.7
2601.91525424
2558.7
2722.4
2550.0
2667.85
2593.9
2617.57627119
2928.95
2753.8
2592.45
2621.25
2571.3559322
2744.85
2731.55
2756.25
2820.55
2786.35
2794.11864407
2884.2
2832.45
2730.75
3027.9
2938.5
2905.52542373
2727.6
2743.1
2785.1
2564.75
2675.4
2869.88135593
2839.3
2676.75
2824.45
2641.65
2901.20338983
2803.65
2801.55
2829.8
2747.7
2773.95
2605.11864407
2787.4
2649.89473684
--END OF 7--
727.3
727.05
730.6
737.25
766.05
731.661016949
717.016666667
731.95
702.65
718.716666667
762.15
729.084745763
762.733333333
746.166666667
707.05
771.733333333
744.15
712.86440678
709.2
758.75
735.216666667
768.7
726.283333333
756.627118644
806.2
785.333333333
712.2
729.583333333
722.050847458
786.416666667
776.3
767.333333333
788.4
784.333333333
758.203389831
797.6
787.9
750.7
834.15
813.85
810.254237288
762.933333333
778.683333333
795.966666667
708.7
742.183333333
810.542372881
801.083333333
757.55
786.4
731.75
829.542372881
790.8
780.4
787.216666667
769.0
785.2
736.93220339
778.433333333
739.49122807
--END OF 8--
139.3
130.95
119.1
117.45
136.1
144.983050847
130.166666667
126.933333333
128.666666667
123.633333333
129.116666667
120.677966102
132.733333333
129.75
102.216666667
130.883333333
136.7
117.186440678
120.25
131.433333333
139.133333333
137.0
140.0
144.610169492
123.116666667
115.9
130.016666667
110.7
119.355932203
120.083333333
123.083333333
114.2
115.366666667
148.683333333
128.271186441
139.65
135.05
114.9
147.5
153.6
136.728813559
118.3
139.966666667
119.033333333
112.9
115.266666667
134.627118644
138.35
127.683333333
151.15
126.366666667
148.440677966
119.75
133.95
147.65
133.65
142.85
118.237288136
133.75
109.263157895
--END OF 9--
7.05
4.5
2.15
5.2
6.7
10.1694915254
4.66666666667
7.55
3.5
3.35
5.05
8.13559322034
4.33333333333
6.41666666667
5.35
10.1
3.5
3.38983050847
5.35
8.43333333333
8.43333333333
3.3
6.1
8.64406779661
7.33333333333
4.78333333333
3.8
4.53333333333
4.71186440678
8.2
8.35
8.6
6.6
7.01666666667
5.64406779661
12.4
4.65
5.0
5.0
6.25
6.1186440678
5.11666666667
5.31666666667
7.65
4.35
6.86666666667
5.57627118644
8.16666666667
3.5
8.3
3.7
9.79661016949
4.45
6.35
6.51666666667
7.05
3.35
2.22033898305
7.4
4.66666666667
--END OF 10--
1.0
0.5
0.1
1.4
0.9
2.05084745763
1.4
0.866666666667
0.816666666667
0.433333333333
0.283333333333
3.33898305085
0.716666666667
1.05
0.316666666667
1.16666666667
0.65
0.0
1.15
1.6
1.58333333333
1.16666666667
1.15
1.27118644068
1.3
0.733333333333
0.466666666667
0.316666666667
0.762711864407
2.93333333333
0.466666666667
1.08333333333
1.45
1.53333333333
0.677966101695
2.35
0.75
0.45
0.85
0.4
0.949152542373
0.166666666667
0.0
2.33333333333
1.9
1.26666666667
0.0
1.93333333333
1.26666666667
0.733333333333
1.0
1.1186440678
1.25
1.6
1.06666666667
1.45
0.5
0.627118644068
1.26666666667
0.385964912281
--END OF 11--
0.0
0.0
0.0
0.5
0.0
0.0
0.0
0.0
0.0
0.0
0.0
0.508474576271
0.183333333333
0.25
0.0
0.266666666667
0.0
0.0
0.0
0.366666666667
0.766666666667
0.0
0.95
0.0508474576271
0.0
0.0
0.0
0.0
0.0
0.0
0.0
0.0
0.5
0.0666666666667
0.440677966102
0.05
0.45
0.0
0.0
0.0
0.0
0.0
0.0
0.0
0.233333333333
0.266666666667
0.0
0.433333333333
0.766666666667
0.233333333333
0.0
0.0
0.0
0.0
0.333333333333
0.5
0.0
0.338983050847
0.666666666667
0.0
--END OF 12--
