8.78333333333
8.13333333333
8.35
8.27118644068
7.86666666667
8.11666666667
8.73333333333
8.18333333333
7.95
7.79661016949
9.5
8.2
9.11666666667
9.13333333333
8.6
9.22033898305
8.63333333333
9.16666666667
9.11666666667
9.51666666667
9.50847457627
8.91666666667
8.4
8.66666666667
9.0
8.41666666667
8.5593220339
9.13333333333
8.6
8.7
9.25
8.81355932203
7.73333333333
7.66666666667
8.38333333333
9.03333333333
8.91666666667
7.74576271186
8.15
8.31666666667
9.43333333333
9.35
7.76271186441
7.75
8.25
8.2
8.4
8.5
8.42372881356
8.46666666667
8.1
9.08333333333
8.58333333333
8.1186440678
8.23333333333
7.71666666667
9.03333333333
8.96666666667
8.74576271186
8.19298245614
--END OF 1--
12.2166666667
11.8
11.5833333333
10.8644067797
10.1833333333
11.3666666667
11.7833333333
11.0666666667
11.5666666667
10.8474576271
12.55
10.7
12.6166666667
11.5833333333
11.15
12.7118644068
11.3
11.85
12.4166666667
12.8833333333
12.406779661
11.9166666667
12.0333333333
11.5
11.8
10.9
11.6440677966
12.2833333333
11.1
11.95
13.2
11.9152542373
10.4333333333
10.75
11.1666666667
11.8833333333
11.6166666667
10.7118644068
10.3666666667
11.1666666667
11.7333333333
12.05
10.3559322034
9.95
11.1
11.5
10.85
11.4
11.2203389831
11.8
11.5166666667
11.5833333333
11.25
10.7966101695
11.0833333333
10.1166666667
12.6833333333
11.3166666667
12.0508474576
11.2631578947
--END OF 2--
12.3333333333
11.9333333333
11.9
11.6271186441
10.1833333333
12.0166666667
11.8833333333
11.8166666667
12.3166666667
11.7627118644
13.45
11.0
12.8166666667
11.7333333333
11.9
12.8644067797
11.7333333333
11.8666666667
12.9
13.0
12.406779661
12.0666666667
12.6666666667
11.5
11.8
10.9666666667
11.8305084746
13.0833333333
11.35
13.0
13.65
12.6271186441
10.9333333333
11.3833333333
11.6833333333
12.7833333333
11.95
10.8983050847
10.75
11.6166666667
11.9833333333
12.55
10.406779661
10.65
11.1
11.7
11.05
11.65
11.7288135593
12.0
11.5166666667
11.9166666667
12.95
11.5254237288
12.1
10.2166666667
13.5166666667
11.3166666667
12.0508474576
11.7192982456
--END OF 3--
8.78333333333
8.13333333333
8.35
8.27118644068
7.86666666667
8.11666666667
8.73333333333
8.18333333333
7.95
7.79661016949
9.5
8.2
9.11666666667
9.13333333333
8.6
9.22033898305
8.63333333333
9.16666666667
9.11666666667
9.51666666667
9.50847457627
8.91666666667
8.4
8.66666666667
9.0
8.41666666667
8.5593220339
9.13333333333
8.6
8.7
9.25
8.81355932203
7.73333333333
7.66666666667
8.38333333333
9.03333333333
8.91666666667
7.74576271186
8.15
8.31666666667
9.43333333333
9.35
7.76271186441
7.75
8.25
8.2
8.4
8.5
8.42372881356
8.46666666667
8.1
9.08333333333
8.58333333333
8.1186440678
8.23333333333
7.71666666667
9.03333333333
8.96666666667
8.74576271186
8.19298245614
--END OF 4--
12.2166666667
11.8
11.5833333333
10.8644067797
10.1833333333
11.3666666667
11.7833333333
11.0666666667
11.5666666667
10.8474576271
12.55
10.7
12.6166666667
11.5833333333
11.15
12.7118644068
11.3
11.85
12.4166666667
12.8833333333
12.406779661
11.9166666667
12.0333333333
11.5
11.8
10.9
11.6440677966
12.2833333333
11.1
11.95
13.2
11.9152542373
10.4333333333
10.75
11.1666666667
11.8833333333
11.6166666667
10.7118644068
10.3666666667
11.1666666667
11.7333333333
12.05
10.3559322034
9.95
11.1
11.5
10.85
11.4
11.2203389831
11.8
11.5166666667
11.5833333333
11.25
10.7966101695
11.0833333333
10.1166666667
12.6833333333
11.3166666667
12.0508474576
11.2631578947
--END OF 5--
12.3333333333
11.9333333333
11.9
11.6271186441
10.1833333333
12.0166666667
11.8833333333
11.8166666667
12.3166666667
11.7627118644
13.45
11.0
12.8166666667
11.7333333333
11.9
12.8644067797
11.7333333333
11.8666666667
12.9
13.0
12.406779661
12.0666666667
12.6666666667
11.5
11.8
10.9666666667
11.8305084746
13.0833333333
11.35
13.0
13.65
12.6271186441
10.9333333333
11.3833333333
11.6833333333
12.7833333333
11.95
10.8983050847
10.75
11.6166666667
11.9833333333
12.55
10.406779661
10.65
11.1
11.7
11.05
11.65
11.7288135593
12.0
11.5166666667
11.9166666667
12.95
11.5254237288
12.1
10.2166666667
13.5166666667
11.3166666667
12.0508474576
11.7192982456
--END OF 6--
1695.4
1675.35
1667.95
1676.23728814
1535.8
1627.85
1801.2
1714.2
1590.35
1540.42372881
1858.2
1707.0
1839.0
1734.3
1745.4
1867.42372881
1794.95
1757.8
1802.85
1852.2
1807.11864407
1723.2
1792.55
1712.8
1708.6
1644.0
1718.54237288
1725.9
1672.8
1670.25
1847.85
1725.30508475
1672.55
1641.15
1653.25
1684.1
1672.25
1662.61016949
1658.25
1654.6
1711.5
1753.65
1604.44067797
1579.95
1688.85
1669.05
1667.25
1715.1
1683.66101695
1731.9
1714.45
1793.6
1754.6
1649.13559322
1682.8
1574.9
1821.85
1762.6
1789.62711864
1695.21052632
--END OF 7--
468.183333333
472.3
476.466666667
468.457627119
431.866666667
454.166666667
493.2
473.05
444.483333333
428.949152542
511.4
446.95
516.25
484.3
480.3
518.593220339
474.5
487.916666667
502.35
517.416666667
508.525423729
508.583333333
499.133333333
472.6
480.35
454.266666667
471.186440678
488.1
458.75
474.8
506.95
482.338983051
444.466666667
458.416666667
467.9
485.733333333
469.95
435.610169492
451.9
467.716666667
489.533333333
494.916666667
437.915254237
436.45
463.45
449.9
447.7
470.05
464.881355932
486.533333333
478.85
500.533333333
476.166666667
451.661016949
460.933333333
430.566666667
506.8
485.183333333
494.711864407
464.561403509
--END OF 8--
70.2166666667
76.85
65.65
64.9491525424
50.9666666667
74.0333333333
64.8666666667
57.7333333333
74.8833333333
63.9661016949
64.9
57.0
67.85
66.1
69.6
70.7627118644
53.1
69.4166666667
77.0666666667
65.2666666667
52.7288135593
58.1833333333
78.2666666667
65.2833333333
64.3666666667
53.1
61.6610169492
72.85
64.5
67.8
84.95
73.2881355932
62.2666666667
62.3833333333
52.3666666667
61.6
60.5833333333
69.3898305085
56.8833333333
65.4166666667
60.0666666667
62.0166666667
50.7118644068
48.25
57.6
73.3
60.5
64.25
59.0508474576
76.5666666667
72.5333333333
63.3666666667
68.5166666667
53.406779661
58.95
58.25
74.9333333333
63.2666666667
71.2711864407
60.6140350877
--END OF 9--
2.33333333333
3.35
3.86666666667
2.64406779661
1.61666666667
3.01666666667
2.2
4.25
4.55
3.05084745763
3.25
1.65
2.35
1.1
2.7
2.79661016949
2.21666666667
0.45
2.4
3.85
4.35593220339
2.31666666667
3.41666666667
2.08333333333
1.83333333333
2.16666666667
1.66101694915
3.5
1.2
6.35
4.45
2.57627118644
1.65
2.78333333333
5.55
5.0
4.11666666667
0.864406779661
1.71666666667
2.46666666667
1.31666666667
4.06666666667
2.69491525424
2.3
0.2
1.45
2.15
5.6
3.10169491525
1.25
1.95
2.0
3.31666666667
3.32203389831
4.65
3.16666666667
4.18333333333
1.15
2.35593220339
3.15789473684
--END OF 10--
0.116666666667
0.233333333333
0.5
1.28813559322
0.0
1.0
0.0
1.0
1.0
1.1186440678
1.4
0.4
0.1
0.1
1.1
0.491525423729
0.316666666667
0.0333333333333
0.85
0.116666666667
0.0
0.366666666667
1.36666666667
0.0
0.0
0.166666666667
0.389830508475
1.25
0.3
1.4
0.5
1.35593220339
0.666666666667
0.966666666667
0.533333333333
1.0
0.433333333333
0.0677966101695
0.5
0.5
0.0
0.5
0.101694915254
0.9
0.0
0.4
0.5
0.6
0.508474576271
0.5
0.0
0.416666666667
2.56666666667
0.508474576271
0.933333333333
0.1
0.983333333333
0.0
0.0
0.929824561404
--END OF 11--
0.0
0.0
0.0
0.0
0.0
0.0
0.0
0.0
0.0
0.203389830508
0.3
0.0
0.0
0.0
0.5
0.186440677966
0.316666666667
0.0
0.383333333333
0.116666666667
0.0
0.0
0.0
0.0
0.0
0.0
0.0508474576271
0.45
0.0
0.0
0.0
0.0
0.0
0.283333333333
0.216666666667
1.0
0.0
0.0
0.0
0.0
0.0
0.0
0.0
0.0
0.0
0.0
0.0
0.0
0.0
0.0
0.0
0.0
0.983333333333
0.508474576271
0.516666666667
0.0166666666667
0.483333333333
0.0
0.0
0.0
--END OF 12--
