12.3898305085
12.3666666667
12.9
12.4
11.7333333333
12.5
12.8983050847
12.45
12.9666666667
12.1333333333
13.1
12.7833333333
13.0169491525
12.1
11.8833333333
11.6666666667
12.35
12.2
11.4915254237
11.9166666667
12.65
11.2
11.9333333333
11.3389830508
12.6833333333
12.1
11.6
12.0166666667
11.8305084746
12.4166666667
11.8833333333
12.0833333333
12.0833333333
13.2833333333
12.5762711864
12.35
12.2
11.6
12.1166666667
11.4576271186
12.3
12.75
13.0
11.7166666667
12.8833333333
12.6440677966
12.6666666667
12.4
12.5833333333
12.3833333333
12.3666666667
12.6440677966
12.7666666667
12.4666666667
12.2666666667
12.8666666667
12.406779661
12.4833333333
12.0333333333
12.6666666667
--END OF 1--
18.0338983051
17.05
17.9833333333
17.6333333333
16.6666666667
18.0166666667
17.5254237288
17.9833333333
17.95
17.7333333333
17.2666666667
16.9833333333
17.813559322
16.8
16.4333333333
17.3666666667
17.1166666667
17.05
16.3220338983
18.1333333333
18.1333333333
16.5666666667
17.0333333333
15.9491525424
18.55
18.3333333333
17.1333333333
16.3833333333
15.1355932203
15.8166666667
16.4833333333
17.1333333333
17.2833333333
18.8333333333
16.7627118644
18.1666666667
18.0166666667
16.75
16.6166666667
16.9491525424
17.8166666667
16.9666666667
17.55
17.1666666667
18.4333333333
17.186440678
17.5666666667
17.45
17.2333333333
17.1333333333
17.1
16.2033898305
17.15
17.2833333333
17.9833333333
18.0833333333
17.0338983051
18.0666666667
17.4833333333
17.4561403509
--END OF 2--
19.0338983051
18.05
19.75
18.8166666667
17.7666666667
18.5833333333
18.2881355932
19.5666666667
19.3166666667
17.9
17.7166666667
17.3166666667
18.0169491525
17.25
17.2833333333
18.2666666667
17.2
17.6
17.5762711864
18.9333333333
18.55
16.5666666667
17.1333333333
16.6271186441
19.2
18.7666666667
17.3333333333
16.9
15.4237288136
15.8166666667
16.4833333333
17.8833333333
17.9333333333
20.0833333333
17.406779661
19.35
18.8666666667
16.9166666667
16.6666666667
17.2711864407
18.6166666667
17.25
17.6666666667
17.55
19.1666666667
17.9661016949
18.0666666667
17.8
17.5833333333
17.1333333333
18.4
17.9322033898
17.7833333333
17.3
18.8166666667
19.0333333333
17.7118644068
18.6833333333
18.0833333333
18.350877193
--END OF 3--
12.3898305085
12.3666666667
12.9
12.4
11.7333333333
12.5
12.8983050847
12.45
12.9666666667
12.1333333333
13.1
12.7833333333
13.0169491525
12.1
11.8833333333
11.6666666667
12.35
12.2
11.4915254237
11.9166666667
12.65
11.2
11.9333333333
11.3389830508
12.6833333333
12.1
11.6
12.0166666667
11.8305084746
12.4166666667
11.8833333333
12.0833333333
12.0833333333
13.2833333333
12.5762711864
12.35
12.2
11.6
12.1166666667
11.4576271186
12.3
12.75
13.0
11.7166666667
12.8833333333
12.6440677966
12.6666666667
12.4
12.5833333333
12.3833333333
12.3666666667
12.6440677966
12.7666666667
12.4666666667
12.2666666667
12.8666666667
12.406779661
12.4833333333
12.0333333333
12.6666666667
--END OF 4--
18.0338983051
17.05
17.9833333333
17.6333333333
16.6666666667
18.0166666667
17.5254237288
17.9833333333
17.95
17.7333333333
17.2666666667
16.9833333333
17.813559322
16.8
16.4333333333
17.3666666667
17.1166666667
17.05
16.3220338983
18.1333333333
18.1333333333
16.5666666667
17.0333333333
15.9491525424
18.55
18.3333333333
17.1333333333
16.3833333333
15.1355932203
15.8166666667
16.4833333333
17.1333333333
17.2833333333
18.8333333333
16.7627118644
18.1666666667
18.0166666667
16.75
16.6166666667
16.9491525424
17.8166666667
16.9666666667
17.55
17.1666666667
18.4333333333
17.186440678
17.5666666667
17.45
17.2333333333
17.1333333333
17.1
16.2033898305
17.15
17.2833333333
17.9833333333
18.0833333333
17.0338983051
18.0666666667
17.4833333333
17.4561403509
--END OF 5--
19.0338983051
18.05
19.75
18.8166666667
17.7666666667
18.5833333333
18.2881355932
19.5666666667
19.3166666667
17.9
17.7166666667
17.3166666667
18.0169491525
17.25
17.2833333333
18.2666666667
17.2
17.6
17.5762711864
18.9333333333
18.55
16.5666666667
17.1333333333
16.6271186441
19.2
18.7666666667
17.3333333333
16.9
15.4237288136
15.8166666667
16.4833333333
17.8833333333
17.9333333333
20.0833333333
17.406779661
19.35
18.8666666667
16.9166666667
16.6666666667
17.2711864407
18.6166666667
17.25
17.6666666667
17.55
19.1666666667
17.9661016949
18.0666666667
17.8
17.5833333333
17.1333333333
18.4
17.9322033898
17.7833333333
17.3
18.8166666667
19.0333333333
17.7118644068
18.6833333333
18.0833333333
18.350877193
--END OF 6--
2414.49152542
2366.95
2384.9
2489.65
2315.4
2329.1
2404.27118644
2416.85
2472.95
2364.7
2376.95
2289.25
2368.42372881
2254.05
2263.65
2314.05
2369.0
2412.75
2276.38983051
2380.45
2420.25
2328.5
2262.7
2305.72881356
2442.2
2309.75
2243.7
2289.95
2209.88135593
2345.85
2329.35
2417.4
2266.35
2498.55
2355.96610169
2392.5
2382.75
2169.65
2349.7
2178.61016949
2286.1
2328.95
2312.1
2323.2
2482.85
2368.77966102
2463.9
2413.2
2466.75
2453.55
2292.85
2305.83050847
2386.1
2382.45
2328.5
2376.65
2334.55932203
2341.35
2309.15
2499.94736842
--END OF 7--
689.169491525
676.333333333
679.116666667
677.616666667
643.666666667
657.95
682.915254237
691.366666667
689.466666667
648.966666667
671.55
650.35
676.86440678
631.95
628.2
638.3
662.8
654.5
624.508474576
674.166666667
685.716666667
660.866666667
634.333333333
637.881355932
683.433333333
656.2
640.5
639.583333333
606.406779661
648.55
650.45
664.3
646.75
704.0
662.305084746
671.183333333
661.25
607.066666667
658.683333333
625.457627119
650.6
658.216666667
665.483333333
637.95
696.783333333
669.86440678
682.45
676.4
680.9
680.4
640.233333333
644.406779661
665.616666667
667.05
654.983333333
675.0
653.305084746
673.2
642.3
693.631578947
--END OF 8--
117.830508475
102.083333333
108.383333333
97.5833333333
92.3
118.533333333
115.169491525
109.833333333
105.65
111.75
85.1333333333
84.0833333333
97.813559322
100.85
110.8
108.4
99.0166666667
101.45
95.7457627119
122.516666667
113.166666667
120.216666667
104.966666667
99.3898305085
113.85
114.85
102.983333333
82.9
88.2881355932
79.4
98.7
112.3
103.25
107.15
101.372881356
118.3
101.8
99.5166666667
94.8166666667
113.13559322
110.933333333
101.716666667
114.933333333
108.55
108.733333333
99.5593220339
98.25
109.85
94.75
101.95
97.5333333333
90.9830508475
105.4
97.6333333333
116.716666667
108.483333333
100.457627119
114.466666667
108.683333333
107.578947368
--END OF 9--
5.08474576271
4.3
7.06666666667
8.53333333333
6.7
5.8
3.35593220339
7.31666666667
6.81666666667
4.93333333333
4.03333333333
5.33333333333
5.05084745763
4.2
2.2
7.45
2.61666666667
4.9
4.89830508475
3.96666666667
4.5
1.93333333333
4.15
5.27118644068
5.63333333333
5.28333333333
4.06666666667
4.51666666667
1.72881355932
0.6
2.1
4.95
5.85
6.9
1.93220338983
4.91666666667
8.11666666667
4.63333333333
3.15
5.06779661017
6.46666666667
2.13333333333
0.883333333333
2.93333333333
5.48333333333
3.5593220339
4.05
2.45
3.15
1.7
9.45
4.67796610169
2.95
2.96666666667
4.88333333333
6.61666666667
4.42372881356
5.23333333333
7.36666666667
2.73684210526
--END OF 10--
1.40677966102
1.76666666667
2.83333333333
0.483333333333
2.1
1.28333333333
1.13559322034
2.11666666667
2.38333333333
0.216666666667
0.666666666667
0.616666666667
0.0508474576271
0.5
0.95
1.0
0.0833333333333
0.7
1.93220338983
1.43333333333
0.716666666667
0.0
0.5
1.15254237288
1.23333333333
0.8
0.333333333333
0.5
0.508474576271
0.0
0.2
1.25
0.45
1.25
0.440677966102
1.88333333333
0.966666666667
0.433333333333
0.0666666666667
0.338983050847
1.43333333333
0.233333333333
0.316666666667
0.85
1.43333333333
1.22033898305
0.7
0.5
0.5
0.0
1.31666666667
2.28813559322
0.983333333333
0.0166666666667
1.48333333333
0.883333333333
1.15254237288
0.966666666667
1.13333333333
1.05263157895
--END OF 11--
0.406779661017
0.183333333333
0.816666666667
0.0
0.0
0.0
0.0
0.916666666667
0.583333333333
0.216666666667
0.283333333333
0.0
0.0508474576271
0.45
0.0
0.5
0.0
0.0
0.0
0.283333333333
0.216666666667
0.0
0.0
0.0
0.0
0.0
0.0
0.0
0.0
0.0
0.0
0.0
0.0
0.15
0.35593220339
0.0
0.0
0.0
0.0
0.0
0.0
0.0
0.0
0.0
0.466666666667
0.440677966102
0.6
0.0
0.0
0.0
0.266666666667
0.0
0.0
0.0
0.0
0.5
0.0
0.0
0.0
0.0
--END OF 12--
