11.85
11.6
10.8666666667
11.1525423729
11.5166666667
12.0833333333
11.7166666667
11.6333333333
11.4666666667
11.8983050847
11.2
10.8166666667
10.0666666667
10.0666666667
11.5166666667
10.8305084746
12.1
11.2
12.5166666667
11.7666666667
11.9322033898
12.8666666667
11.15
11.7833333333
11.4333333333
11.2333333333
11.4915254237
12.0
11.15
11.45
11.3
11.593220339
11.1
11.3166666667
12.1333333333
11.5666666667
11.7333333333
10.5762711864
11.2833333333
11.7
10.9833333333
11.0833333333
11.0
10.7833333333
12.2333333333
10.2833333333
11.2
12.05
11.6949152542
11.4666666667
11.65
11.2
10.0666666667
12.0338983051
11.6833333333
11.45
11.0666666667
11.5166666667
11.6333333333
11.6315789474
--END OF 1--
14.75
14.8833333333
13.3833333333
14.1694915254
14.4
15.05
15.3
15.0666666667
15.2333333333
15.3559322034
14.45
13.7666666667
13.3666666667
12.5666666667
13.9166666667
13.2203389831
15.0833333333
14.6
15.6666666667
15.5833333333
15.3898305085
15.5666666667
14.0
13.7166666667
14.8666666667
14.2833333333
15.0338983051
14.7
14.85
14.3
14.2
15.0338983051
13.75
15.2
15.35
15.05
14.1
13.593220339
13.5333333333
14.65
14.1333333333
13.8166666667
14.1694915254
14.8333333333
15.8333333333
13.3833333333
14.55
15.4
15.0
13.5833333333
13.9833333333
13.6333333333
13.1833333333
14.8474576271
15.3
14.4
14.4333333333
14.5666666667
15.4666666667
13.6140350877
--END OF 2--
15.7166666667
15.2333333333
13.9166666667
14.6101694915
14.6833333333
15.55
15.35
15.0666666667
16.0666666667
16.3389830508
14.75
14.0666666667
14.3166666667
13.6166666667
14.0666666667
13.2711864407
15.0833333333
14.6
15.9666666667
15.9666666667
15.6779661017
15.8
14.0166666667
14.7166666667
15.2666666667
14.7166666667
15.0338983051
15.7
15.55
14.95
14.6
15.0338983051
14.2
15.5
15.7
15.05
14.1
14.0
13.55
15.3833333333
14.7
14.6166666667
14.6610169492
15.9333333333
16.7333333333
13.4333333333
14.8
15.45
15.813559322
13.9833333333
14.2166666667
14.5833333333
13.3
15.3050847458
15.3
14.8666666667
14.6666666667
14.7666666667
15.7833333333
14.8596491228
--END OF 3--
11.85
11.6
10.8666666667
11.1525423729
11.5166666667
12.0833333333
11.7166666667
11.6333333333
11.4666666667
11.8983050847
11.2
10.8166666667
10.0666666667
10.0666666667
11.5166666667
10.8305084746
12.1
11.2
12.5166666667
11.7666666667
11.9322033898
12.8666666667
11.15
11.7833333333
11.4333333333
11.2333333333
11.4915254237
12.0
11.15
11.45
11.3
11.593220339
11.1
11.3166666667
12.1333333333
11.5666666667
11.7333333333
10.5762711864
11.2833333333
11.7
10.9833333333
11.0833333333
11.0
10.7833333333
12.2333333333
10.2833333333
11.2
12.05
11.6949152542
11.4666666667
11.65
11.2
10.0666666667
12.0338983051
11.6833333333
11.45
11.0666666667
11.5166666667
11.6333333333
11.6315789474
--END OF 4--
14.75
14.8833333333
13.3833333333
14.1694915254
14.4
15.05
15.3
15.0666666667
15.2333333333
15.3559322034
14.45
13.7666666667
13.3666666667
12.5666666667
13.9166666667
13.2203389831
15.0833333333
14.6
15.6666666667
15.5833333333
15.3898305085
15.5666666667
14.0
13.7166666667
14.8666666667
14.2833333333
15.0338983051
14.7
14.85
14.3
14.2
15.0338983051
13.75
15.2
15.35
15.05
14.1
13.593220339
13.5333333333
14.65
14.1333333333
13.8166666667
14.1694915254
14.8333333333
15.8333333333
13.3833333333
14.55
15.4
15.0
13.5833333333
13.9833333333
13.6333333333
13.1833333333
14.8474576271
15.3
14.4
14.4333333333
14.5666666667
15.4666666667
13.6140350877
--END OF 5--
15.7166666667
15.2333333333
13.9166666667
14.6101694915
14.6833333333
15.55
15.35
15.0666666667
16.0666666667
16.3389830508
14.75
14.0666666667
14.3166666667
13.6166666667
14.0666666667
13.2711864407
15.0833333333
14.6
15.9666666667
15.9666666667
15.6779661017
15.8
14.0166666667
14.7166666667
15.2666666667
14.7166666667
15.0338983051
15.7
15.55
14.95
14.6
15.0338983051
14.2
15.5
15.7
15.05
14.1
14.0
13.55
15.3833333333
14.7
14.6166666667
14.6610169492
15.9333333333
16.7333333333
13.4333333333
14.8
15.45
15.813559322
13.9833333333
14.2166666667
14.5833333333
13.3
15.3050847458
15.3
14.8666666667
14.6666666667
14.7666666667
15.7833333333
14.8596491228
--END OF 6--
2299.2
2282.25
2120.55
2171.49152542
2218.4
2229.15
2178.25
2203.95
2163.1
2309.33898305
2176.05
2166.45
2106.9
2114.85
2244.0
2055.96610169
2253.4
2167.6
2381.35
2223.1
2303.89830508
2372.0
2196.75
2240.4
2263.1
2149.8
2236.16949153
2257.2
2177.25
2177.25
2095.05
2197.52542373
2087.45
2135.55
2337.9
2192.35
2201.4
2036.94915254
2217.95
2265.55
2244.75
2160.2
2180.6440678
2176.05
2375.55
2153.7
2193.3
2273.55
2199.81355932
2158.95
2156.75
2127.1
2100.85
2373.76271186
2294.0
2237.5
2189.0
2182.5
2226.7
2190.73684211
--END OF 7--
629.533333333
639.7
568.0
589.966101695
615.9
640.8
620.9
612.8
603.783333333
627.728813559
603.15
596.95
594.15
570.65
612.45
571.186440678
622.133333333
590.533333333
653.5
624.35
641.0
658.983333333
599.85
604.966666667
617.1
587.616666667
615.440677966
623.15
598.55
607.85
593.8
614.186440678
578.866666667
591.883333333
655.233333333
625.783333333
606.9
558.169491525
585.183333333
619.916666667
607.216666667
587.483333333
605.305084746
603.95
665.45
582.4
603.05
625.8
621.423728814
583.216666667
591.433333333
589.016666667
567.916666667
648.423728814
639.216666667
624.6
600.35
599.65
619.266666667
614.894736842
--END OF 8--
72.4666666667
69.65
73.3166666667
64.2881355932
73.4166666667
78.1166666667
76.1166666667
80.6666666667
84.7666666667
79.2542372881
74.05
68.6
63.85
53.8
49.25
64.7457627119
81.8166666667
75.5833333333
83.5333333333
82.1166666667
75.3728813559
69.5666666667
68.3166666667
69.2
71.7833333333
74.4833333333
66.9322033898
65.0
74.55
68.2
72.15
73.3050847458
65.95
85.4666666667
71.6333333333
82.0166666667
62.7
73.3898305085
66.1666666667
62.8666666667
74.5333333333
70.2166666667
67.6271186441
85.65
79.15
61.2
69.05
82.55
77.3728813559
69.8833333333
69.4666666667
62.7
72.0666666667
77.0
71.85
66.0166666667
65.7166666667
71.9666666667
80.9
63.7894736842
--END OF 9--
3.73333333333
4.4
2.75
3.94915254237
1.58333333333
1.88333333333
2.5
1.68333333333
3.95
4.50847457627
2.45
3.15
3.7
2.6
2.4
1.25423728814
0.783333333333
2.15
2.5
3.93333333333
2.03389830508
2.41666666667
0.95
1.96666666667
2.18333333333
3.73333333333
2.94915254237
3.05
5.15
2.8
3.65
3.79661016949
2.6
4.8
1.78333333333
2.71666666667
0.216666666667
3.5593220339
0.0166666666667
3.4
1.96666666667
1.91666666667
3.35593220339
4.5
5.65
2.4
4.1
2.3
4.37288135593
1.15
1.26666666667
2.95
2.7
1.47457627119
3.06666666667
1.8
2.26666666667
1.2
4.21666666667
2.85964912281
--END OF 10--
0.866666666667
0.5
0.383333333333
0.118644067797
0.0
1.0
0.0
0.0
1.51666666667
1.5593220339
0.45
0.6
1.45
1.75
0.2
0.0
0.0
0.0
0.0
0.816666666667
0.610169491525
0.0833333333333
0.216666666667
1.45
0.8
0.0333333333333
0.0
1.75
0.75
0.5
0.5
0.0
0.433333333333
0.566666666667
0.5
0.0
0.0
0.508474576271
0.0166666666667
1.15
0.716666666667
1.28333333333
0.389830508475
1.5
0.95
0.0
0.5
0.0
0.508474576271
0.0
0.0
1.0
0.0
0.508474576271
0.0
0.766666666667
0.233333333333
0.566666666667
0.75
1.71929824561
--END OF 11--
0.866666666667
0.0
0.0
0.0
0.0
0.0
0.0
0.0
0.0
0.0
0.0
0.0
0.0
0.0
0.0
0.0
0.0
0.0
0.0
0.0
0.0
0.0
0.0
0.0
0.0
0.0
0.0
0.0
0.0
0.0
0.0
0.0
0.0
0.0
0.0
0.0
0.0
0.0
0.0
0.0
0.166666666667
0.5
0.389830508475
0.45
0.0
0.0
0.0
0.0
0.0
0.0
0.0
0.0
0.0
0.0
0.0
0.766666666667
0.233333333333
0.0666666666667
0.75
0.666666666667
--END OF 12--
