14.1
13.8983050847
14.3333333333
14.4166666667
14.5833333333
15.3666666667
14.8166666667
14.6101694915
14.6833333333
15.0166666667
14.9
14.65
13.95
14.8813559322
14.8333333333
14.5
15.8333333333
15.2666666667
14.9166666667
13.2711864407
14.1666666667
15.6166666667
14.55
13.25
14.5
13.9322033898
15.75
14.9666666667
14.7333333333
15.0
13.7833333333
14.1016949153
14.8166666667
14.2
15.05
14.5166666667
14.1355932203
14.8333333333
14.4333333333
15.3166666667
15.1666666667
14.9833333333
15.7118644068
14.8333333333
14.95
14.6166666667
15.5833333333
15.0833333333
16.0508474576
14.6666666667
13.9833333333
14.6666666667
14.3
15.0666666667
15.0508474576
14.05
14.9333333333
15.15
14.9333333333
13.275862069
--END OF 1--
19.5166666667
19.3050847458
18.8833333333
18.9666666667
19.2
19.55
19.9333333333
20.5762711864
21.2833333333
21.4
20.8
19.9
18.15
19.9491525424
19.3
19.4166666667
19.75
20.6833333333
19.7833333333
19.3559322034
18.4166666667
20.25
20.05
18.6833333333
18.6
18.5762711864
21.2
21.3166666667
20.1833333333
20.1833333333
19.5333333333
19.5084745763
20.5166666667
19.2
20.1666666667
19.9166666667
19.9152542373
19.1666666667
20.3
20.1333333333
20.3833333333
20.0833333333
21.406779661
20.6333333333
19.4333333333
19.9166666667
20.2333333333
20.3833333333
20.0508474576
19.8666666667
18.0666666667
20.8166666667
19.2
18.5833333333
20.9152542373
19.2833333333
19.2333333333
20.3
20.1333333333
18.1896551724
--END OF 2--
21.15
19.8305084746
19.1666666667
19.5666666667
20.2
20.2
21.6166666667
21.7627118644
21.9833333333
21.9333333333
21.45
20.5
19.15
20.3389830508
19.8166666667
20.9
19.9833333333
21.45
21.1833333333
20.1525423729
18.85
20.9166666667
22.0
20.3166666667
18.8833333333
19.3898305085
22.4
21.6333333333
20.2833333333
21.95
19.9833333333
20.5762711864
22.0
19.6
20.8166666667
20.2333333333
20.1525423729
20.2666666667
21.1333333333
20.3
20.7666666667
20.6166666667
22.3220338983
21.9666666667
19.7666666667
20.4333333333
20.3333333333
21.3833333333
21.0169491525
20.2166666667
18.5
21.7833333333
19.7
18.5833333333
20.9152542373
19.4833333333
20.2
20.6833333333
20.4333333333
19.3275862069
--END OF 3--
14.1
13.8983050847
14.3333333333
14.4166666667
14.5833333333
15.3666666667
14.8166666667
14.6101694915
14.6833333333
15.0166666667
14.9
14.65
13.95
14.8813559322
14.8333333333
14.5
15.8333333333
15.2666666667
14.9166666667
13.2711864407
14.1666666667
15.6166666667
14.55
13.25
14.5
13.9322033898
15.75
14.9666666667
14.7333333333
15.0
13.7833333333
14.1016949153
14.8166666667
14.2
15.05
14.5166666667
14.1355932203
14.8333333333
14.4333333333
15.3166666667
15.1666666667
14.9833333333
15.7118644068
14.8333333333
14.95
14.6166666667
15.5833333333
15.0833333333
16.0508474576
14.6666666667
13.9833333333
14.6666666667
14.3
15.0666666667
15.0508474576
14.05
14.9333333333
15.15
14.9333333333
13.275862069
--END OF 4--
19.5166666667
19.3050847458
18.8833333333
18.9666666667
19.2
19.55
19.9333333333
20.5762711864
21.2833333333
21.4
20.8
19.9
18.15
19.9491525424
19.3
19.4166666667
19.75
20.6833333333
19.7833333333
19.3559322034
18.4166666667
20.25
20.05
18.6833333333
18.6
18.5762711864
21.2
21.3166666667
20.1833333333
20.1833333333
19.5333333333
19.5084745763
20.5166666667
19.2
20.1666666667
19.9166666667
19.9152542373
19.1666666667
20.3
20.1333333333
20.3833333333
20.0833333333
21.406779661
20.6333333333
19.4333333333
19.9166666667
20.2333333333
20.3833333333
20.0508474576
19.8666666667
18.0666666667
20.8166666667
19.2
18.5833333333
20.9152542373
19.2833333333
19.2333333333
20.3
20.1333333333
18.1896551724
--END OF 5--
21.15
19.8305084746
19.1666666667
19.5666666667
20.2
20.2
21.6166666667
21.7627118644
21.9833333333
21.9333333333
21.45
20.5
19.15
20.3389830508
19.8166666667
20.9
19.9833333333
21.45
21.1833333333
20.1525423729
18.85
20.9166666667
22.0
20.3166666667
18.8833333333
19.3898305085
22.4
21.6333333333
20.2833333333
21.95
19.9833333333
20.5762711864
22.0
19.6
20.8166666667
20.2333333333
20.1525423729
20.2666666667
21.1333333333
20.3
20.7666666667
20.6166666667
22.3220338983
21.9666666667
19.7666666667
20.4333333333
20.3333333333
21.3833333333
21.0169491525
20.2166666667
18.5
21.7833333333
19.7
18.5833333333
20.9152542373
19.4833333333
20.2
20.6833333333
20.4333333333
19.3275862069
--END OF 6--
2768.75
2736.86440678
2705.9
2741.25
2718.55
2910.05
2826.45
2887.01694915
2905.65
2950.95
2874.9
2803.35
2689.2
2769.55932203
2676.0
2752.75
2933.7
2853.25
2777.4
2691.0
2712.7
2848.05
2775.15
2729.6
2878.95
2862.40677966
2935.2
2889.55
2798.85
2822.65
2737.5
2860.6779661
2923.15
2706.15
2813.75
2758.25
2752.3220339
2975.65
2854.85
2891.8
2870.85
2872.7
2969.18644068
2883.8
2778.35
2853.1
2914.8
2860.5
3041.74576271
2845.6
2804.55
2766.55
2820.3
2810.25
2884.77966102
2634.75
2712.45
2835.95
2845.65
2656.0862069
--END OF 7--
769.166666667
762.033898305
752.583333333
747.683333333
773.35
793.116666667
784.85
798.033898305
811.5
813.183333333
787.8
771.9
730.45
769.237288136
749.133333333
763.3
810.7
807.7
766.8
742.525423729
741.616666667
803.516666667
774.666666667
746.616666667
786.1
771.762711864
809.2
801.2
773.15
796.266666667
757.416666667
792.06779661
806.516666667
745.683333333
787.683333333
758.766666667
753.677966102
792.533333333
776.183333333
791.45
782.3
799.066666667
829.898305085
807.2
776.8
796.833333333
808.5
790.4
823.237288136
796.916666667
768.016666667
786.35
773.583333333
779.983333333
799.949152542
723.383333333
755.516666667
786.133333333
776.233333333
727.275862069
--END OF 8--
114.85
100.508474576
97.8666666667
95.1666666667
94.2833333333
94.2666666667
94.6833333333
127.101694915
114.65
125.2
107.65
105.35
98.1
101.830508475
104.083333333
117.45
103.566666667
118.433333333
119.533333333
106.406779661
106.483333333
108.433333333
111.783333333
115.133333333
96.0666666667
111.372881356
116.05
125.7
107.5
116.033333333
106.483333333
105.949152542
112.5
104.033333333
110.066666667
106.466666667
108.305084746
103.833333333
113.166666667
110.666666667
119.233333333
99.55
120.355932203
118.883333333
108.25
113.15
113.45
113.2
115.101694915
110.366666667
99.05
116.233333333
103.95
101.583333333
117.610169492
102.433333333
99.4333333333
116.6
110.45
97.4310344828
--END OF 9--
7.58333333333
7.06779661017
3.08333333333
4.75
3.55
1.76666666667
11.05
5.35593220339
7.7
3.65
7.5
5.0
5.4
5.79661016949
4.88333333333
7.65
2.93333333333
4.16666666667
5.16666666667
8.49152542373
4.01666666667
4.16666666667
8.43333333333
6.55
2.01666666667
3.15254237288
6.75
3.4
5.05
6.75
6.85
7.10169491525
9.01666666667
4.35
3.26666666667
5.0
3.89830508475
3.8
7.0
3.16666666667
3.73333333333
4.35
4.84745762712
5.93333333333
1.66666666667
5.26666666667
5.05
5.95
3.16949152542
5.73333333333
3.38333333333
8.66666666667
4.18333333333
0.516666666667
4.64406779661
5.63333333333
5.28333333333
4.66666666667
3.41666666667
5.68965517241
--END OF 10--
1.83333333333
0.932203389831
0.583333333333
1.0
1.5
1.06666666667
2.33333333333
1.01694915254
0.7
0.866666666667
0.8
1.0
1.25
0.796610169492
0.966666666667
1.41666666667
0.45
1.13333333333
0.833333333333
1.25423728814
0.55
1.11666666667
3.25
2.73333333333
0.283333333333
0.813559322034
2.2
0.266666666667
0.15
2.53333333333
0.95
1.76271186441
2.05
0.65
1.2
0.366666666667
0.474576271186
1.56666666667
1.31666666667
0.116666666667
0.0
0.116666666667
1.54237288136
1.63333333333
0.6
0.583333333333
0.15
1.3
1.22033898305
0.5
0.466666666667
1.53333333333
0.5
0.0
0.0
0.366666666667
1.66666666667
0.733333333333
0.3
1.72413793103
--END OF 11--
0.0
0.0
0.0
0.5
0.5
0.0
0.0
0.0
0.0
0.0
0.0
0.0
0.5
0.0
0.0
0.0
0.233333333333
0.766666666667
0.0
0.508474576271
0.0
0.516666666667
0.916666666667
0.233333333333
0.0
0.0
0.0
0.0
0.0
0.633333333333
0.1
0.372881355932
0.633333333333
0.0
0.0
0.0
0.0
0.0
0.0
0.0
0.0
0.0
0.0
0.0333333333333
0.133333333333
0.35
0.15
0.5
0.508474576271
0.0
0.0
0.0
0.0
0.0
0.0
0.0
0.5
0.0
0.266666666667
0.344827586207
--END OF 12--
