16.3666666667
15.9
15.0833333333
14.7166666667
16.406779661
16.5166666667
15.55
16.6333333333
17.0166666667
16.5333333333
16.6779661017
16.4333333333
14.7666666667
15.8833333333
15.7
16.4666666667
16.4576271186
16.55
15.6833333333
15.8666666667
16.5
16.6779661017
17.0166666667
17.1666666667
15.4166666667
15.9666666667
16.0338983051
15.2166666667
16.8
16.9333333333
16.6666666667
16.2203389831
16.5
15.75
16.0
15.85
15.7457627119
16.3666666667
16.5666666667
16.5
16.6333333333
16.2033898305
17.0
17.4333333333
16.5
16.2833333333
16.1016949153
15.7333333333
15.4833333333
16.5
15.3333333333
15.7796610169
17.5833333333
17.0166666667
16.0
16.8166666667
16.8474576271
15.9333333333
16.5833333333
15.9824561404
--END OF 1--
20.9
19.35
19.2
19.9666666667
22.0169491525
20.7666666667
19.2833333333
21.7666666667
23.0333333333
20.65
21.1186440678
21.5333333333
18.8166666667
21.3833333333
20.9
22.6166666667
21.813559322
22.2833333333
20.7333333333
20.8166666667
21.0833333333
22.7966101695
21.95
21.4666666667
20.15
19.1166666667
21.7627118644
19.0666666667
22.25
21.3333333333
22.9166666667
21.7118644068
22.2166666667
20.0666666667
21.05
20.55
21.0338983051
21.0166666667
21.9333333333
21.9666666667
22.6833333333
21.4915254237
22.8
23.15
21.7
21.6833333333
22.3050847458
20.9666666667
20.3166666667
21.5833333333
21.4
20.8813559322
22.85
22.2333333333
20.3333333333
20.9
22.1016949153
20.6833333333
21.0833333333
21.3333333333
--END OF 2--
22.1333333333
19.4
19.45
20.1666666667
22.4237288136
21.0166666667
19.2833333333
21.8833333333
24.0333333333
21.1833333333
21.6101694915
21.7333333333
19.3666666667
22.1
21.25
22.6166666667
23.0169491525
22.55
20.7833333333
21.2
21.3666666667
23.3050847458
22.25
22.05
20.8833333333
20.6
22.0169491525
19.8166666667
22.95
21.7333333333
23.1666666667
22.0677966102
23.7333333333
20.4833333333
21.9666666667
21.6333333333
21.2542372881
21.1833333333
22.1333333333
22.45
23.15
22.0338983051
23.85
23.7833333333
22.15
22.2333333333
23.7288135593
21.05
21.3333333333
21.8833333333
21.9666666667
21.3728813559
23.65
22.7666666667
20.7166666667
21.4666666667
22.5084745763
21.9333333333
22.6833333333
23.1578947368
--END OF 3--
16.3666666667
15.9
15.0833333333
14.7166666667
16.406779661
16.5166666667
15.55
16.6333333333
17.0166666667
16.5333333333
16.6779661017
16.4333333333
14.7666666667
15.8833333333
15.7
16.4666666667
16.4576271186
16.55
15.6833333333
15.8666666667
16.5
16.6779661017
17.0166666667
17.1666666667
15.4166666667
15.9666666667
16.0338983051
15.2166666667
16.8
16.9333333333
16.6666666667
16.2203389831
16.5
15.75
16.0
15.85
15.7457627119
16.3666666667
16.5666666667
16.5
16.6333333333
16.2033898305
17.0
17.4333333333
16.5
16.2833333333
16.1016949153
15.7333333333
15.4833333333
16.5
15.3333333333
15.7796610169
17.5833333333
17.0166666667
16.0
16.8166666667
16.8474576271
15.9333333333
16.5833333333
15.9824561404
--END OF 4--
20.9
19.35
19.2
19.9666666667
22.0169491525
20.7666666667
19.2833333333
21.7666666667
23.0333333333
20.65
21.1186440678
21.5333333333
18.8166666667
21.3833333333
20.9
22.6166666667
21.813559322
22.2833333333
20.7333333333
20.8166666667
21.0833333333
22.7966101695
21.95
21.4666666667
20.15
19.1166666667
21.7627118644
19.0666666667
22.25
21.3333333333
22.9166666667
21.7118644068
22.2166666667
20.0666666667
21.05
20.55
21.0338983051
21.0166666667
21.9333333333
21.9666666667
22.6833333333
21.4915254237
22.8
23.15
21.7
21.6833333333
22.3050847458
20.9666666667
20.3166666667
21.5833333333
21.4
20.8813559322
22.85
22.2333333333
20.3333333333
20.9
22.1016949153
20.6833333333
21.0833333333
21.3333333333
--END OF 5--
22.1333333333
19.4
19.45
20.1666666667
22.4237288136
21.0166666667
19.2833333333
21.8833333333
24.0333333333
21.1833333333
21.6101694915
21.7333333333
19.3666666667
22.1
21.25
22.6166666667
23.0169491525
22.55
20.7833333333
21.2
21.3666666667
23.3050847458
22.25
22.05
20.8833333333
20.6
22.0169491525
19.8166666667
22.95
21.7333333333
23.1666666667
22.0677966102
23.7333333333
20.4833333333
21.9666666667
21.6333333333
21.2542372881
21.1833333333
22.1333333333
22.45
23.15
22.0338983051
23.85
23.7833333333
22.15
22.2333333333
23.7288135593
21.05
21.3333333333
21.8833333333
21.9666666667
21.3728813559
23.65
22.7666666667
20.7166666667
21.4666666667
22.5084745763
21.9333333333
22.6833333333
23.1578947368
--END OF 6--
3051.55
2980.25
2810.0
2867.5
3077.74576271
2862.45
2872.65
3120.9
3137.95
3005.0
3032.94915254
3079.8
2792.1
2905.35
2967.6
3083.4
2993.18644068
3008.3
3060.85
3045.65
3015.9
3114.30508475
3185.8
3140.9
2975.0
2928.1
3067.06779661
2941.35
3110.1
3057.6
3037.05
2977.62711864
3116.65
2964.35
2942.5
2978.05
3004.88135593
2953.3
3070.6
3052.8
3212.75
3120.30508475
3231.45
3267.45
3057.6
3116.6
3112.77966102
2984.35
2878.75
3090.7
2979.6
3008.69491525
3298.25
3173.0
2927.2
3146.35
3126.40677966
3023.4
3053.25
3007.78947368
--END OF 7--
844.466666667
816.85
794.65
785.683333333
868.813559322
823.616666667
804.066666667
871.933333333
880.666666667
850.366666667
850.661016949
861.3
765.4
834.166666667
830.5
878.1
846.050847458
848.15
825.016666667
827.7
843.366666667
865.898305085
888.516666667
870.1
818.55
813.883333333
860.661016949
793.85
871.0
853.6
868.066666667
844.050847458
864.6
799.6
821.35
827.033333333
835.830508475
839.533333333
854.583333333
846.233333333
884.516666667
855.915254237
882.2
905.766666667
848.85
860.1
869.372881356
822.983333333
791.766666667
855.3
818.633333333
833.474576271
907.416666667
890.566666667
818.433333333
861.016666667
869.525423729
842.65
846.2
844.228070175
--END OF 8--
106.05
97.7
95.8833333333
109.25
122.644067797
105.933333333
93.25
106.633333333
123.8
96.5666666667
106.338983051
102.5
86.35
125.55
122.5
119.85
128.559322034
122.716666667
108.65
122.183333333
109.783333333
122.13559322
110.916666667
109.4
102.283333333
84.9166666667
100.966101695
89.2
121.7
102.85
124.7
117.745762712
121.4
96.9
114.333333333
88.1833333333
113.644067797
120.85
116.366666667
105.75
128.0
118.254237288
130.85
126.783333333
108.35
104.083333333
123.322033898
107.45
111.516666667
116.05
126.3
109.745762712
114.55
116.816666667
106.033333333
104.316666667
108.186440678
100.2
106.65
116.421052632
--END OF 9--
4.91666666667
2.66666666667
2.78333333333
4.56666666667
2.91525423729
5.8
2.38333333333
4.95
7.75
4.43333333333
4.23728813559
2.1
4.95
2.95
4.45
4.15
6.57627118644
3.43333333333
1.8
3.76666666667
3.33333333333
5.4406779661
2.2
2.3
3.08333333333
3.48333333333
5.74576271186
3.6
3.6
3.7
4.36666666667
2.52542372881
7.9
4.01666666667
3.75
5.93333333333
3.72881355932
1.31666666667
3.66666666667
3.9
2.88333333333
3.5593220339
7.95
4.58333333333
4.35
5.23333333333
8.76271186441
6.13333333333
5.66666666667
2.61666666667
5.68333333333
4.49152542373
7.13333333333
4.33333333333
2.28333333333
3.16666666667
5.74576271186
4.75
6.75
7.0
--END OF 10--
1.63333333333
0.0
0.5
0.5
0.508474576271
0.5
0.0
0.0
0.5
0.266666666667
0.949152542373
0.5
1.0
0.566666666667
0.8
0.0
1.20338983051
0.483333333333
0.133333333333
0.7
0.333333333333
0.508474576271
0.316666666667
0.916666666667
1.05
2.18333333333
0.542372881356
1.35
1.15
0.3
0.75
0.457627118644
1.46666666667
0.55
1.26666666667
1.53333333333
0.28813559322
0.166666666667
0.0166666666667
0.983333333333
0.966666666667
0.338983050847
1.2
0.8
0.5
0.883333333333
1.67796610169
0.0833333333333
1.2
0.35
0.883333333333
1.1186440678
0.883333333333
0.5
0.283333333333
0.716666666667
0.457627118644
2.15
2.0
2.35087719298
--END OF 11--
0.5
0.0
0.0
0.0
0.0
0.0
0.0
0.0
0.0
0.0
0.406779661017
0.0
0.0
0.4
0.3
0.0
0.0
0.3
0.0
0.333333333333
0.0
0.508474576271
0.0
0.266666666667
0.233333333333
0.966666666667
0.0338983050847
0.3
0.7
0.0
0.0
0.0
0.25
0.1
0.916666666667
0.833333333333
0.169491525424
0.0
0.0
0.0
0.0
0.203389830508
0.3
0.0
0.5
0.0
0.0
0.0
0.0
0.133333333333
0.133333333333
0.0
0.0
0.0
0.0
0.0
0.0
0.1
1.4
0.0
--END OF 12--
