13.4166666667
13.593220339
12.5
12.8666666667
12.9833333333
12.15
12.3
11.8644067797
12.35
13.3333333333
13.6
12.2
12.3
12.9491525424
11.2333333333
12.0666666667
12.3666666667
12.5333333333
12.593220339
12.7833333333
13.55
12.85
13.1333333333
12.4745762712
12.5
11.9333333333
11.7666666667
12.4333333333
12.8644067797
11.7166666667
12.05
12.2666666667
12.5666666667
11.9830508475
12.5
12.4166666667
12.3666666667
12.75
12.5593220339
12.5166666667
12.8
11.3166666667
13.0833333333
12.7833333333
13.1186440678
12.1833333333
12.65
12.8833333333
12.0333333333
11.813559322
11.65
11.9833333333
11.4833333333
11.8833333333
12.4406779661
12.85
12.5333333333
13.1333333333
11.4333333333
12.8245614035
--END OF 1--
17.6666666667
17.9152542373
16.8666666667
17.5666666667
17.75
16.6833333333
17.4833333333
17.1016949153
18.0
18.35
18.85
17.0
17.75
18.5593220339
15.9333333333
16.8833333333
16.3166666667
17.3166666667
17.8983050847
17.0166666667
18.5166666667
18.4666666667
17.25
16.6271186441
18.35
16.0333333333
16.3666666667
16.5833333333
17.7118644068
16.2
17.0833333333
16.7
16.3166666667
15.9491525424
17.8833333333
16.8333333333
17.05
17.95
16.406779661
18.4
17.75
15.8666666667
17.7333333333
16.7333333333
17.7966101695
17.1166666667
16.0
17.7166666667
16.35
15.3050847458
17.0666666667
16.5166666667
16.7
16.2166666667
16.2881355932
18.1
17.0833333333
17.0833333333
14.9833333333
17.7543859649
--END OF 2--
18.8666666667
18.813559322
17.15
18.1333333333
18.3
17.5333333333
17.5666666667
17.1016949153
18.3166666667
19.65
19.3
17.3
18.0
19.186440678
17.3166666667
17.6166666667
17.1666666667
17.8166666667
19.3559322034
18.15
19.5333333333
19.2166666667
18.0833333333
17.7457627119
19.45
16.3333333333
16.7666666667
17.5333333333
18.3050847458
16.2166666667
17.65
17.5666666667
17.3666666667
16.5084745763
17.8833333333
16.8333333333
17.55
18.15
16.9661016949
19.0833333333
18.45
16.1166666667
19.0833333333
17.8833333333
18.0508474576
17.5166666667
16.65
18.1666666667
16.6
15.8983050847
17.9333333333
16.7166666667
16.95
17.3833333333
16.6271186441
18.45
18.5833333333
17.7333333333
14.9833333333
18.5964912281
--END OF 3--
13.4166666667
13.593220339
12.5
12.8666666667
12.9833333333
12.15
12.3
11.8644067797
12.35
13.3333333333
13.6
12.2
12.3
12.9491525424
11.2333333333
12.0666666667
12.3666666667
12.5333333333
12.593220339
12.7833333333
13.55
12.85
13.1333333333
12.4745762712
12.5
11.9333333333
11.7666666667
12.4333333333
12.8644067797
11.7166666667
12.05
12.2666666667
12.5666666667
11.9830508475
12.5
12.4166666667
12.3666666667
12.75
12.5593220339
12.5166666667
12.8
11.3166666667
13.0833333333
12.7833333333
13.1186440678
12.1833333333
12.65
12.8833333333
12.0333333333
11.813559322
11.65
11.9833333333
11.4833333333
11.8833333333
12.4406779661
12.85
12.5333333333
13.1333333333
11.4333333333
12.8245614035
--END OF 4--
17.6666666667
17.9152542373
16.8666666667
17.5666666667
17.75
16.6833333333
17.4833333333
17.1016949153
18.0
18.35
18.85
17.0
17.75
18.5593220339
15.9333333333
16.8833333333
16.3166666667
17.3166666667
17.8983050847
17.0166666667
18.5166666667
18.4666666667
17.25
16.6271186441
18.35
16.0333333333
16.3666666667
16.5833333333
17.7118644068
16.2
17.0833333333
16.7
16.3166666667
15.9491525424
17.8833333333
16.8333333333
17.05
17.95
16.406779661
18.4
17.75
15.8666666667
17.7333333333
16.7333333333
17.7966101695
17.1166666667
16.0
17.7166666667
16.35
15.3050847458
17.0666666667
16.5166666667
16.7
16.2166666667
16.2881355932
18.1
17.0833333333
17.0833333333
14.9833333333
17.7543859649
--END OF 5--
18.8666666667
18.813559322
17.15
18.1333333333
18.3
17.5333333333
17.5666666667
17.1016949153
18.3166666667
19.65
19.3
17.3
18.0
19.186440678
17.3166666667
17.6166666667
17.1666666667
17.8166666667
19.3559322034
18.15
19.5333333333
19.2166666667
18.0833333333
17.7457627119
19.45
16.3333333333
16.7666666667
17.5333333333
18.3050847458
16.2166666667
17.65
17.5666666667
17.3666666667
16.5084745763
17.8833333333
16.8333333333
17.55
18.15
16.9661016949
19.0833333333
18.45
16.1166666667
19.0833333333
17.8833333333
18.0508474576
17.5166666667
16.65
18.1666666667
16.6
15.8983050847
17.9333333333
16.7166666667
16.95
17.3833333333
16.6271186441
18.45
18.5833333333
17.7333333333
14.9833333333
18.5964912281
--END OF 6--
2494.0
2491.83050847
2424.9
2435.7
2512.05
2369.35
2422.6
2303.84745763
2500.25
2461.8
2554.95
2406.9
2418.9
2526.45762712
2275.55
2374.45
2322.35
2426.65
2428.93220339
2419.55
2504.95
2381.6
2388.8
2383.77966102
2377.8
2381.55
2312.1
2404.2
2422.01694915
2249.35
2409.55
2333.6
2448.0
2251.98305085
2418.2
2346.7
2346.3
2466.3
2363.13559322
2426.15
2534.1
2311.5
2488.2
2331.45
2401.42372881
2291.1
2283.4
2372.0
2315.15
2278.42372881
2267.55
2263.0
2267.6
2278.4
2428.98305085
2357.4
2317.2
2381.25
2123.55
2422.57894737
--END OF 7--
698.1
696.711864407
658.433333333
675.116666667
693.683333333
658.75
680.666666667
641.847457627
697.583333333
699.316666667
720.6
660.7
673.2
712.118644068
641.333333333
666.416666667
631.216666667
674.6
676.915254237
667.933333333
694.066666667
667.816666667
672.266666667
669.474576271
690.9
664.45
644.8
683.1
689.152542373
632.9
669.616666667
651.483333333
677.7
632.152542373
662.05
655.733333333
656.783333333
687.0
654.694915254
694.65
714.8
644.8
708.25
656.5
696.762711864
641.633333333
650.366666667
671.933333333
656.133333333
638.440677966
641.266666667
636.583333333
621.15
634.8
655.457627119
668.15
659.4
690.8
604.85
687.333333333
--END OF 8--
99.9166666667
118.881355932
97.0333333333
109.9
94.7
109.116666667
103.783333333
101.118644068
114.4
116.666666667
110.65
104.9
106.65
115.0
100.033333333
100.866666667
98.3333333333
110.916666667
121.186440678
95.6666666667
102.633333333
107.916666667
96.9
95.5254237288
100.35
95.4
92.6
91.2
100.728813559
108.8
97.4166666667
93.4833333333
94.5
90.0847457627
106.1
98.0333333333
104.466666667
100.066666667
87.5254237288
113.2
100.1
87.25
97.85
104.95
102.813559322
108.083333333
84.1666666667
97.5166666667
89.15
84.5593220339
105.366666667
90.7333333333
101.75
101.866666667
89.0
110.85
98.05
94.8
84.65
96.1578947368
--END OF 9--
4.45
2.5593220339
3.7
3.68333333333
6.9
3.58333333333
3.05
4.50847457627
4.81666666667
5.01666666667
6.05
2.6
4.25
5.20338983051
3.31666666667
5.16666666667
4.75
4.35
5.52542372881
4.83333333333
6.33333333333
8.56666666667
3.8
3.69491525424
6.65
2.35
4.5
4.1
5.18644067797
2.41666666667
2.63333333333
4.31666666667
3.46666666667
2.77966101695
2.83333333333
2.28333333333
3.78333333333
4.91666666667
4.27118644068
5.91666666667
5.45
4.65
4.65
4.7
3.30508474576
3.18333333333
1.5
4.85
2.05
1.45762711864
5.36666666667
4.5
2.78333333333
4.83333333333
2.79661016949
4.7
6.6
2.7
1.45
5.10526315789
--END OF 10--
1.85
1.15254237288
0.0833333333333
0.883333333333
1.33333333333
0.65
0.133333333333
0.0
0.6
1.63333333333
0.25
0.35
0.5
1.10169491525
1.91666666667
1.21666666667
1.45
0.616666666667
1.52542372881
1.21666666667
1.21666666667
0.95
1.33333333333
1.42372881356
1.6
0.45
0.4
1.65
1.0
0.0166666666667
1.1
1.56666666667
1.18333333333
0.830508474576
0.0
0.0
0.5
0.0
0.813559322034
1.0
0.75
0.45
1.95
1.25
0.101694915254
0.5
0.933333333333
0.35
0.55
0.440677966102
0.733333333333
0.0
0.166666666667
1.61666666667
0.474576271186
0.75
2.4
1.1
0.0
0.473684210526
--END OF 11--
0.0666666666667
0.423728813559
0.0833333333333
0.0
0.0
0.366666666667
0.133333333333
0.0
0.0
0.0
0.0
0.0
0.0
0.0
0.0
0.0
0.0
0.283333333333
0.220338983051
0.0
0.216666666667
0.283333333333
0.0
0.152542372881
0.85
0.0
0.0
0.0
0.0
0.0
0.0
0.5
0.283333333333
0.220338983051
0.0
0.0
0.0
0.0
0.305084745763
0.633333333333
0.0
0.0
0.45
0.55
0.0
0.0
0.433333333333
0.35
0.216666666667
0.0
0.0
0.0
0.0
0.5
0.0
0.0
0.0
0.0
0.0
0.456140350877
--END OF 12--
