26.4833333333
26.8333333333
26.4666666667
24.4333333333
24.8983050847
24.5833333333
24.5333333333
24.8166666667
24.1833333333
23.6833333333
24.2542372881
24.3833333333
22.8666666667
21.8333333333
21.3166666667
22.5
22.2372881356
21.5666666667
21.7166666667
21.1
22.8
22.8166666667
21.8474576271
20.5
20.1666666667
18.4833333333
19.2333333333
18.8333333333
19.1016949153
18.8666666667
18.1166666667
19.3166666667
18.7833333333
19.2372881356
19.8
19.2166666667
19.1
18.7
18.7966101695
18.65
18.2833333333
18.2333333333
19.1833333333
18.4666666667
19.3050847458
18.55
18.2833333333
17.85
18.7666666667
18.6101694915
17.4
18.4833333333
17.6
18.4833333333
18.35
19.4406779661
18.8833333333
18.2
19.6666666667
28.1578947368
--END OF 1--
34.4166666667
36.1833333333
35.2333333333
34.7333333333
34.5254237288
32.8833333333
33.2333333333
31.7
31.6333333333
31.8833333333
32.9152542373
32.5166666667
29.7333333333
29.1833333333
28.85
28.05
29.4745762712
29.2166666667
28.65
28.85
28.6
29.4166666667
27.6949152542
27.6333333333
26.1166666667
23.7333333333
24.8833333333
24.4833333333
24.8813559322
24.0833333333
23.0166666667
24.6666666667
24.8166666667
26.0847457627
25.6166666667
25.05
24.6166666667
24.6166666667
24.6271186441
22.95
23.8333333333
24.4333333333
24.1
24.9166666667
23.593220339
24.25
23.7833333333
22.95
24.1333333333
24.4406779661
22.2833333333
23.1
23.85
24.7833333333
23.2833333333
24.9322033898
24.4833333333
23.85
23.8666666667
38.0175438596
--END OF 2--
36.0666666667
37.3833333333
36.8666666667
36.4666666667
36.6101694915
33.2833333333
34.4333333333
33.3166666667
32.8833333333
32.9333333333
33.7627118644
34.3333333333
30.5
30.65
29.4166666667
28.7833333333
30.1016949153
30.2833333333
29.3
29.7166666667
29.7833333333
31.1333333333
28.9661016949
28.2166666667
26.9166666667
24.1833333333
25.7833333333
25.5333333333
25.8813559322
25.8666666667
23.9666666667
25.5333333333
25.2166666667
27.2711864407
26.5166666667
25.7
25.0
25.5166666667
24.8305084746
22.95
25.3166666667
25.3333333333
24.4166666667
25.0166666667
24.5423728814
25.1333333333
24.75
23.25
25.6833333333
24.7118644068
22.4833333333
24.1666666667
24.2666666667
25.8166666667
25.0
25.8474576271
24.7833333333
24.4
23.8666666667
39.6140350877
--END OF 3--
23.3666666667
23.6333333333
23.45
22.3833333333
22.3728813559
22.4833333333
22.3833333333
22.5833333333
22.25
22.0333333333
22.3050847458
22.45
21.4166666667
20.6166666667
20.6333333333
21.3833333333
21.2711864407
20.5666666667
20.6
20.35
21.75
21.7666666667
20.8474576271
19.8833333333
19.3166666667
18.4833333333
19.2333333333
18.8333333333
18.9491525424
18.85
18.1166666667
19.3166666667
18.7333333333
19.186440678
19.8
18.9666666667
19.1
18.7
18.7966101695
18.6
18.2333333333
18.2333333333
19.1833333333
18.4666666667
19.2033898305
18.55
18.2833333333
17.85
18.7666666667
18.6101694915
17.4
18.4833333333
17.6
18.4833333333
18.35
19.3389830508
18.8833333333
18.2
19.2666666667
24.3684210526
--END OF 4--
32.25
33.4833333333
32.9166666667
32.6166666667
32.4576271186
31.4833333333
31.7333333333
30.7666666667
30.7166666667
30.9833333333
31.5593220339
31.4833333333
29.3833333333
28.7666666667
28.4833333333
27.9333333333
29.186440678
29.0666666667
28.4166666667
28.7666666667
28.6
29.4166666667
27.6949152542
27.6333333333
26.1166666667
23.7333333333
24.8833333333
24.4833333333
24.8813559322
24.0833333333
23.0166666667
24.6666666667
24.8166666667
26.0847457627
25.6166666667
25.05
24.6166666667
24.6166666667
24.6271186441
22.95
23.8333333333
24.4333333333
24.1
24.9166666667
23.593220339
24.25
23.7833333333
22.95
24.1333333333
24.4406779661
22.2833333333
23.1
23.85
24.7833333333
23.2833333333
24.9322033898
24.4833333333
23.85
23.8666666667
34.3333333333
--END OF 5--
36.0666666667
37.3833333333
36.8666666667
36.4666666667
36.6101694915
33.2833333333
34.4333333333
33.3166666667
32.8833333333
32.9333333333
33.7627118644
34.3333333333
30.5
30.65
29.4166666667
28.7833333333
30.1016949153
30.2833333333
29.3
29.7166666667
29.7833333333
31.1333333333
28.9661016949
28.2166666667
26.9166666667
24.1833333333
25.7833333333
25.5333333333
25.8813559322
25.8666666667
23.9666666667
25.5333333333
25.2166666667
27.2711864407
26.5166666667
25.7
25.0
25.5166666667
24.8305084746
22.95
25.3166666667
25.3333333333
24.4166666667
25.0166666667
24.5423728814
25.1333333333
24.75
23.25
25.6833333333
24.7118644068
22.4833333333
24.1666666667
24.2666666667
25.8166666667
25.0
25.8474576271
24.7833333333
24.4
23.8666666667
39.6140350877
--END OF 6--
4925.25
5035.4
4938.45
4661.3
4640.33898305
4595.7
4590.3
4615.0
4521.15
4399.95
4577.84745763
4474.1
4209.95
4210.65
4075.5
4174.15
4152.25423729
4063.0
4090.3
4069.2
4060.5
4113.0
3946.52542373
3931.45
3812.4
3573.0
3698.85
3564.3
3715.47457627
3586.9
3418.6
3608.7
3782.45
3655.83050847
3702.6
3638.25
3646.15
3536.05
3589.01694915
3512.55
3564.85
3490.2
3569.4
3573.0
3582.91525424
3507.05
3475.2
3327.15
3530.9
3485.84745763
3317.75
3506.65
3462.6
3497.8
3447.55
3599.18644068
3450.6
3350.4
3585.45
5227.21052632
--END OF 7--
1357.18333333
1389.83333333
1345.48333333
1288.66666667
1298.23728814
1284.9
1268.1
1271.51666667
1269.76666667
1216.25
1280.49152542
1240.75
1168.38333333
1162.46666667
1126.75
1156.68333333
1150.77966102
1112.85
1138.85
1110.28333333
1129.46666667
1147.98333333
1112.20338983
1086.45
1062.15
997.2
991.35
984.3
1026.18644068
981.516666667
940.966666667
996.933333333
1020.25
1006.3220339
1017.78333333
990.266666667
990.616666667
975.016666667
991.93220339
978.25
986.05
957.8
992.4
990.3
990.0
971.866666667
959.383333333
926.933333333
970.9
965.559322034
910.033333333
971.766666667
947.233333333
964.616666667
957.966666667
998.915254237
965.9
950.283333333
997.8
1472.35087719
--END OF 8--
177.966666667
176.416666667
177.0
188.816666667
188.508474576
174.8
167.25
155.55
156.316666667
171.1
169.983050847
179.15
153.983333333
145.1
152.583333333
131.116666667
155.084745763
161.466666667
149.4
156.15
145.266666667
145.716666667
140.644067797
142.3
123.95
121.9
120.4
115.85
130.372881356
124.683333333
118.133333333
119.8
131.0
134.06779661
131.666666667
125.833333333
124.683333333
126.4
117.542372881
105.75
118.45
129.7
123.366666667
127.95
103.169491525
120.166666667
111.8
105.333333333
117.966666667
124.779661017
104.15
109.316666667
120.6
127.816666667
107.233333333
118.101694915
128.9
128.266666667
107.75
210.50877193
--END OF 9--
7.93333333333
13.4166666667
11.3833333333
11.85
12.8983050847
6.6
12.2
8.96666666667
5.6
9.0
6.37288135593
9.85
3.73333333333
9.28333333333
6.46666666667
3.65
7.10169491525
9.51666666667
6.55
6.98333333333
7.38333333333
10.2666666667
8.18644067797
5.86666666667
5.0
2.85
6.3
6.95
4.28813559322
4.46666666667
3.8
6.16666666667
4.5
8.72881355932
4.28333333333
5.1
2.88333333333
5.35
5.69491525424
2.95
7.63333333333
7.25
3.53333333333
1.9
3.91525423729
6.33333333333
6.18333333333
6.85
5.3
3.10169491525
4.08333333333
4.58333333333
4.9
7.26666666667
7.35
6.01694915254
5.65
3.75
3.2
8.0
--END OF 10--
2.93333333333
1.76666666667
2.45
2.58333333333
2.59322033898
0.5
1.5
1.81666666667
1.43333333333
1.55
1.01694915254
3.41666666667
1.18333333333
2.31666666667
0.9
1.35
1.10169491525
1.8
1.0
1.08333333333
1.9
2.7
1.22033898305
0.933333333333
1.0
0.5
1.8
0.7
1.28813559322
2.31666666667
1.26666666667
1.61666666667
0.5
1.10169491525
1.58333333333
1.05
0.783333333333
1.21666666667
0.28813559322
0.0
1.98333333333
0.55
0.7
0.0
1.49152542373
0.966666666667
1.53333333333
0.716666666667
1.73333333333
0.593220338983
0.3
0.933333333333
0.416666666667
1.73333333333
2.86666666667
1.86440677966
0.35
0.733333333333
0.0
2.17543859649
--END OF 11--
0.0
0.416666666667
0.733333333333
1.0
0.389830508475
0.0
0.0
0.966666666667
0.683333333333
0.15
0.0
0.0
0.0
0.483333333333
0.0166666666667
0.0
0.508474576271
0.0
0.0
0.0
0.0
0.0
0.508474576271
0.0
0.5
0.0
0.0
0.5
0.576271186441
0.733333333333
0.383333333333
0.616666666667
0.0
0.508474576271
0.0
0.0
0.0
0.216666666667
0.28813559322
0.0
0.633333333333
0.2
0.2
0.0
0.0
0.0
0.0
0.0
0.5
0.0
0.0
0.933333333333
0.416666666667
0.0833333333333
0.0
0.0
0.0
0.433333333333
0.0
0.368421052632
--END OF 12--
