7.8
7.48333333333
7.65
8.03389830508
8.16666666667
8.25
7.75
7.7
7.88333333333
8.15254237288
8.6
7.51666666667
7.06666666667
7.51666666667
8.01666666667
8.1186440678
7.11666666667
7.63333333333
7.0
7.36666666667
8.2
7.28813559322
8.31666666667
8.43333333333
7.66666666667
7.6
6.93220338983
6.58333333333
7.15
7.8
7.2
6.95
6.47457627119
6.53333333333
6.91666666667
7.0
6.95
7.30508474576
7.11666666667
7.63333333333
6.43333333333
6.98333333333
6.71666666667
7.22033898305
7.25
7.1
6.6
6.65
6.38333333333
6.37288135593
5.93333333333
6.66666666667
6.6
6.08333333333
5.5593220339
6.23333333333
6.2
6.51666666667
6.4
7.85964912281
--END OF 1--
10.9333333333
10.25
10.1833333333
10.9322033898
11.0333333333
11.3833333333
10.5333333333
10.8833333333
10.9833333333
10.4406779661
10.55
10.3666666667
9.71666666667
10.6166666667
11.0666666667
10.3559322034
10.3833333333
9.96666666667
9.3
10.2333333333
11.0833333333
10.1694915254
10.8333333333
11.1833333333
9.35
9.45
9.33898305085
9.88333333333
9.65
10.95
10.1
9.05
8.81355932203
8.86666666667
8.36666666667
9.18333333333
9.98333333333
9.49152542373
9.75
9.53333333333
8.53333333333
10.3333333333
8.41666666667
9.93220338983
9.7
9.4
9.5
9.05
8.13333333333
8.91525423729
8.68333333333
9.03333333333
8.25
7.85
8.22033898305
8.26666666667
7.95
8.6
8.43333333333
10.6140350877
--END OF 2--
11.2
10.5833333333
10.2333333333
11.2881355932
11.0333333333
11.8833333333
11.0166666667
11.85
11.0833333333
11.4576271186
11.15
10.6166666667
9.91666666667
10.7166666667
11.2666666667
11.5762711864
10.3833333333
9.96666666667
9.3
10.3333333333
11.4833333333
10.4406779661
11.9666666667
11.5
10.0333333333
9.6
10.1525423729
11.0833333333
9.95
11.15
10.3
9.05
9.77966101695
9.26666666667
8.76666666667
9.46666666667
10.9333333333
9.81355932203
9.81666666667
9.83333333333
8.71666666667
10.4833333333
8.58333333333
10.1186440678
10.15
9.55
9.65
9.15
8.53333333333
8.91525423729
8.68333333333
9.66666666667
8.51666666667
8.08333333333
8.54237288136
8.61666666667
8.51666666667
9.03333333333
9.2
10.8596491228
--END OF 3--
7.8
7.48333333333
7.65
8.03389830508
8.16666666667
8.25
7.75
7.7
7.88333333333
8.15254237288
8.6
7.51666666667
7.06666666667
7.51666666667
8.01666666667
8.1186440678
7.11666666667
7.63333333333
7.0
7.36666666667
8.2
7.28813559322
8.31666666667
8.43333333333
7.66666666667
7.6
6.93220338983
6.58333333333
7.15
7.8
7.2
6.95
6.47457627119
6.53333333333
6.91666666667
7.0
6.95
7.30508474576
7.11666666667
7.63333333333
6.43333333333
6.98333333333
6.71666666667
7.22033898305
7.25
7.1
6.6
6.65
6.38333333333
6.37288135593
5.93333333333
6.66666666667
6.6
6.08333333333
5.5593220339
6.23333333333
6.2
6.51666666667
6.4
7.85964912281
--END OF 4--
10.9333333333
10.25
10.1833333333
10.9322033898
11.0333333333
11.3833333333
10.5333333333
10.8833333333
10.9833333333
10.4406779661
10.55
10.3666666667
9.71666666667
10.6166666667
11.0666666667
10.3559322034
10.3833333333
9.96666666667
9.3
10.2333333333
11.0833333333
10.1694915254
10.8333333333
11.1833333333
9.35
9.45
9.33898305085
9.88333333333
9.65
10.95
10.1
9.05
8.81355932203
8.86666666667
8.36666666667
9.18333333333
9.98333333333
9.49152542373
9.75
9.53333333333
8.53333333333
10.3333333333
8.41666666667
9.93220338983
9.7
9.4
9.5
9.05
8.13333333333
8.91525423729
8.68333333333
9.03333333333
8.25
7.85
8.22033898305
8.26666666667
7.95
8.6
8.43333333333
10.6140350877
--END OF 5--
11.2
10.5833333333
10.2333333333
11.2881355932
11.0333333333
11.8833333333
11.0166666667
11.85
11.0833333333
11.4576271186
11.15
10.6166666667
9.91666666667
10.7166666667
11.2666666667
11.5762711864
10.3833333333
9.96666666667
9.3
10.3333333333
11.4833333333
10.4406779661
11.9666666667
11.5
10.0333333333
9.6
10.1525423729
11.0833333333
9.95
11.15
10.3
9.05
9.77966101695
9.26666666667
8.76666666667
9.46666666667
10.9333333333
9.81355932203
9.81666666667
9.83333333333
8.71666666667
10.4833333333
8.58333333333
10.1186440678
10.15
9.55
9.65
9.15
8.53333333333
8.91525423729
8.68333333333
9.66666666667
8.51666666667
8.08333333333
8.54237288136
8.61666666667
8.51666666667
9.03333333333
9.2
10.8596491228
--END OF 6--
1492.45
1556.65
1587.55
1599.61016949
1566.75
1634.7
1579.3
1588.75
1582.9
1602.91525424
1656.3
1596.6
1467.15
1560.0
1711.95
1645.3220339
1498.3
1513.3
1408.05
1554.2
1654.1
1445.94915254
1622.85
1584.9
1552.95
1528.6
1492.52542373
1402.2
1471.5
1595.25
1393.8
1447.95
1341.0
1354.95
1356.35
1378.85
1391.5
1474.77966102
1470.7
1406.7
1307.6
1459.25
1299.0
1420.37288136
1391.4
1369.8
1287.45
1344.0
1372.35
1372.3220339
1356.6
1294.75
1318.85
1259.6
1240.47457627
1336.75
1335.55
1324.95
1307.0
1526.05263158
--END OF 7--
430.883333333
447.983333333
449.5
450.118644068
451.55
452.65
426.3
433.916666667
439.766666667
437.423728814
452.8
435.1
392.9
433.75
476.9
455.966101695
427.166666667
410.733333333
400.966666667
448.15
462.15
404.694915254
457.216666667
453.466666667
420.25
415.283333333
392.491525424
385.0
410.65
436.0
399.7
395.4
375.711864407
372.4
375.516666667
385.75
392.816666667
412.728813559
398.633333333
400.8
371.633333333
404.466666667
363.216666667
400.13559322
386.7
389.25
372.9
378.5
382.1
398.389830508
381.183333333
359.216666667
363.283333333
346.85
345.169491525
361.533333333
368.7
374.516666667
363.3
431.438596491
--END OF 8--
65.6333333333
56.2833333333
54.7333333333
62.1186440678
65.8333333333
71.7833333333
61.7166666667
66.8666666667
65.6166666667
54.8644067797
59.3
60.75
56.65
68.35
58.6
51.5084745763
66.8833333333
52.4
49.2
63.3
64.8666666667
49.0508474576
56.5666666667
67.0333333333
47.4333333333
49.7
57.4915254237
67.35
53.0
69.6
60.55
51.7
52.7966101695
52.5166666667
45.1
59.3
65.4333333333
46.9830508475
54.7333333333
58.7833333333
47.5
58.8833333333
43.5166666667
50.8644067797
55.85
57.65
55.05
54.9
41.8
54.5084745763
60.7166666667
54.2166666667
43.95
41.8666666667
47.1525423729
43.85
39.2166666667
46.3
54.9666666667
56.5789473684
--END OF 9--
2.93333333333
3.58333333333
1.26666666667
2.57627118644
1.68333333333
2.25
3.06666666667
3.15
2.83333333333
2.94915254237
0.9
3.25
2.95
3.2
1.85
3.54237288136
1.0
1.61666666667
1.28333333333
0.933333333333
1.56666666667
2.89830508475
3.23333333333
1.98333333333
1.93333333333
2.1
4.49152542373
4.55
1.2
1.4
2.7
0.15
2.15254237288
0.966666666667
1.3
1.48333333333
4.08333333333
1.42372881356
1.33333333333
1.35
0.933333333333
3.65
2.75
3.38983050847
4.25
0.9
2.95
0.9
2.5
1.30508474576
0.6
2.46666666667
1.28333333333
0.433333333333
4.13559322034
2.63333333333
1.76666666667
1.11666666667
1.48333333333
2.85964912281
--END OF 10--
0.266666666667
0.716666666667
0.116666666667
0.508474576271
0.0
0.716666666667
0.9
1.75
0.133333333333
1.1186440678
0.9
0.0
0.5
0.0
0.25
2.28813559322
0.0
0.0
0.0
0.0
0.5
0.474576271186
1.53333333333
0.416666666667
0.75
0.333333333333
0.71186440678
1.8
0.5
0.2
0.3
0.0
1.76271186441
0.266666666667
0.5
0.516666666667
0.983333333333
0.508474576271
0.116666666667
0.383333333333
0.0
0.0
0.216666666667
0.28813559322
0.5
0.15
0.35
0.0
0.5
0.0
0.0
0.916666666667
0.583333333333
0.0
0.0
0.616666666667
0.766666666667
0.616666666667
0.866666666667
0.245614035088
--END OF 11--
0.0
0.333333333333
0.0
0.0
0.0
0.0
0.283333333333
0.716666666667
0.0
0.915254237288
0.6
0.0
0.0
0.0
0.0
0.0
0.0
0.0
0.0
0.0
0.0
0.0
0.5
0.0
0.0
0.0
0.508474576271
0.5
0.0
0.0
0.0
0.0
0.508474576271
0.0
0.5
0.0333333333333
0.466666666667
0.0
0.0
0.0
0.0
0.0
0.0
0.0
0.5
0.0
0.0
0.0
0.0
0.0
0.0
0.0
0.0
0.0
0.0
0.0
0.0
0.0
0.366666666667
0.0
--END OF 12--
