17.3333333333
17.2833333333
16.5254237288
16.9
15.7333333333
16.7833333333
16.4166666667
17.1
18.0
16.8333333333
16.5
16.7333333333
17.6
16.5
16.4406779661
18.15
16.25
16.8666666667
16.3333333333
16.5833333333
15.9661016949
16.8166666667
16.45
16.8666666667
16.6
17.3666666667
15.7118644068
16.2666666667
16.1166666667
16.3166666667
16.35
16.3050847458
17.0
17.9333333333
16.05
15.5833333333
16.7333333333
16.593220339
16.0333333333
17.1166666667
17.3
16.0166666667
16.4833333333
16.6610169492
15.55
16.4666666667
16.35
15.45
15.7457627119
16.6
16.8
16.1
16.1
16.7457627119
16.65
16.3666666667
15.8333333333
16.7833333333
16.9333333333
16.641509434
--END OF 1--
23.7833333333
23.75
22.8644067797
23.5
22.8
22.3166666667
22.75
23.0333333333
22.7966101695
22.6833333333
22.3333333333
22.4166666667
24.2833333333
22.3
22.6440677966
25.1
23.15
23.4666666667
22.0833333333
22.7333333333
21.9661016949
22.0166666667
23.1166666667
23.15
25.0166666667
23.8666666667
22.2372881356
21.9833333333
21.55
21.9
23.1666666667
22.9830508475
23.7833333333
23.0333333333
21.85
23.2333333333
23.1166666667
23.2033898305
22.3166666667
22.8166666667
22.8
21.1166666667
22.5
22.2372881356
22.4833333333
24.5
23.4333333333
21.3833333333
21.3050847458
22.8
23.0
22.45
20.95
21.8474576271
22.15
23.2
21.8166666667
22.2
23.25
22.8301886792
--END OF 2--
24.5333333333
24.7
22.8644067797
24.6333333333
23.55
22.8
24.2
23.5833333333
23.2711864407
24.0333333333
23.35
22.6166666667
25.0166666667
22.9833333333
23.7966101695
25.9
24.05
24.1666666667
23.5833333333
23.0333333333
23.7796610169
22.0833333333
23.8166666667
23.65
26.05
24.5166666667
22.8813559322
23.8166666667
21.55
21.9666666667
24.5166666667
23.3728813559
24.7833333333
24.0333333333
23.3
24.5166666667
23.4
23.6271186441
22.4666666667
23.8333333333
23.85
22.4666666667
23.4166666667
23.3898305085
22.6833333333
25.5666666667
23.65
21.6
22.1186440678
23.0
24.0
23.0
23.95
23.1016949153
22.9666666667
24.3333333333
22.5833333333
23.45
24.7
23.7169811321
--END OF 3--
17.3333333333
17.2833333333
16.5254237288
16.9
15.7333333333
16.7833333333
16.4166666667
17.1
18.0
16.8333333333
16.5
16.7333333333
17.6
16.5
16.4406779661
18.15
16.25
16.8666666667
16.3333333333
16.5833333333
15.9661016949
16.8166666667
16.45
16.8666666667
16.6
17.3666666667
15.7118644068
16.2666666667
16.1166666667
16.3166666667
16.35
16.3050847458
17.0
17.9333333333
16.05
15.5833333333
16.7333333333
16.593220339
16.0333333333
17.1166666667
17.3
16.0166666667
16.4833333333
16.6610169492
15.55
16.4666666667
16.35
15.45
15.7457627119
16.6
16.8
16.1
16.1
16.7457627119
16.65
16.3666666667
15.8333333333
16.7833333333
16.9333333333
16.641509434
--END OF 4--
23.7833333333
23.75
22.8644067797
23.5
22.8
22.3166666667
22.75
23.0333333333
22.7966101695
22.6833333333
22.3333333333
22.4166666667
24.2833333333
22.3
22.6440677966
25.1
23.15
23.4666666667
22.0833333333
22.7333333333
21.9661016949
22.0166666667
23.1166666667
23.15
25.0166666667
23.8666666667
22.2372881356
21.9833333333
21.55
21.9
23.1666666667
22.9830508475
23.7833333333
23.0333333333
21.85
23.2333333333
23.1166666667
23.2033898305
22.3166666667
22.8166666667
22.8
21.1166666667
22.5
22.2372881356
22.4833333333
24.5
23.4333333333
21.3833333333
21.3050847458
22.8
23.0
22.45
20.95
21.8474576271
22.15
23.2
21.8166666667
22.2
23.25
22.8301886792
--END OF 5--
24.5333333333
24.7
22.8644067797
24.6333333333
23.55
22.8
24.2
23.5833333333
23.2711864407
24.0333333333
23.35
22.6166666667
25.0166666667
22.9833333333
23.7966101695
25.9
24.05
24.1666666667
23.5833333333
23.0333333333
23.7796610169
22.0833333333
23.8166666667
23.65
26.05
24.5166666667
22.8813559322
23.8166666667
21.55
21.9666666667
24.5166666667
23.3728813559
24.7833333333
24.0333333333
23.3
24.5166666667
23.4
23.6271186441
22.4666666667
23.8333333333
23.85
22.4666666667
23.4166666667
23.3898305085
22.6833333333
25.5666666667
23.65
21.6
22.1186440678
23.0
24.0
23.0
23.95
23.1016949153
22.9666666667
24.3333333333
22.5833333333
23.45
24.7
23.7169811321
--END OF 6--
3240.3
3215.6
3119.33898305
3227.95
3079.4
3122.55
2960.7
3198.4
3239.6440678
3116.0
3061.75
3117.25
3215.5
3185.6
3037.47457627
3291.75
3202.2
3333.6
3097.8
3183.9
3144.45762712
3127.2
3088.25
3188.75
3281.15
3263.25
3034.42372881
3102.55
3069.75
3076.65
3107.8
3121.47457627
3235.75
3297.9
3058.65
3069.05
3140.7
3147.55932203
3086.05
3174.8
3138.25
3011.05
3124.5
3034.88135593
3064.75
3271.65
3078.25
2966.15
3068.03389831
3103.0
3137.7
3012.75
3037.2
3126.55932203
3116.8
3205.1
3100.45
3083.95
3116.9
3052.81132075
--END OF 7--
912.85
896.75
872.627118644
896.05
852.35
881.833333333
854.583333333
903.116666667
905.186440678
860.366666667
859.166666667
867.25
912.066666667
890.0
854.610169492
928.45
891.2
920.05
868.0
875.1
860.661016949
865.1
858.383333333
885.516666667
896.216666667
913.916666667
848.559322034
864.233333333
852.066666667
851.75
864.366666667
861.118644068
895.266666667
913.05
842.45
851.716666667
867.933333333
873.101694915
853.45
885.3
871.566666667
832.016666667
870.05
849.677966102
829.85
890.583333333
864.1
831.283333333
848.491525424
864.333333333
859.4
832.95
836.65
857.338983051
853.433333333
887.333333333
852.6
869.033333333
889.95
873.754716981
--END OF 8--
148.666666667
149.366666667
141.661016949
133.633333333
142.466666667
114.85
118.016666667
132.883333333
121.627118644
129.983333333
126.683333333
120.85
133.483333333
120.216666667
139.06779661
145.85
144.6
143.3
150.4
136.7
129.610169492
115.8
131.983333333
144.9
145.216666667
131.466666667
122.084745763
123.633333333
115.566666667
115.533333333
145.3
133.728813559
146.333333333
117.7
121.5
140.4
134.466666667
134.661016949
122.516666667
140.866666667
124.633333333
106.1
127.116666667
124.847457627
132.9
150.233333333
149.116666667
123.633333333
130.186440678
142.516666667
132.6
127.25
113.55
113.491525424
128.416666667
143.733333333
115.85
122.883333333
124.016666667
119.528301887
--END OF 9--
4.2
5.91666666667
1.38983050847
5.96666666667
5.33333333333
5.03333333333
7.33333333333
3.61666666667
1.57627118644
6.1
6.43333333333
4.93333333333
5.5
4.38333333333
6.20338983051
5.1
6.25
6.35
4.75
6.45
5.22033898305
2.73333333333
7.81666666667
3.81666666667
10.2833333333
6.03333333333
8.54237288136
6.81666666667
1.91666666667
2.16666666667
6.66666666667
5.45762711864
4.4
3.35
7.0
10.3333333333
4.73333333333
6.27118644068
6.53333333333
4.93333333333
8.26666666667
6.53333333333
4.93333333333
5.10169491525
5.0
9.8
4.8
3.15
2.27118644068
4.41666666667
5.95
6.45
8.1
8.40677966102
5.05
5.73333333333
6.46666666667
5.93333333333
7.63333333333
7.69811320755
--END OF 10--
1.45
1.08333333333
0.0
0.933333333333
0.866666666667
0.616666666667
2.43333333333
1.01666666667
0.372881355932
1.65
1.76666666667
0.283333333333
1.13333333333
1.13333333333
1.76271186441
1.15
0.85
0.95
2.05
0.3
2.57627118644
0.166666666667
1.13333333333
0.966666666667
1.0
0.55
0.610169491525
3.01666666667
0.0
0.0833333333333
1.91666666667
0.64406779661
1.33333333333
1.35
2.2
1.78333333333
0.633333333333
0.661016949153
0.0166666666667
1.33333333333
1.28333333333
1.98333333333
0.933333333333
1.91525423729
0.15
1.15
0.216666666667
0.216666666667
1.05084745763
0.2
1.85
1.0
3.6
2.0
1.21666666667
1.66666666667
1.01666666667
2.4
2.28333333333
1.24528301887
--END OF 11--
0.0
0.4
0.0
0.0
0.266666666667
0.0
0.5
0.133333333333
0.372881355932
0.0
0.0
0.0
0.416666666667
0.0833333333333
0.508474576271
0.0
0.0
0.0
0.5
0.3
1.22033898305
0.0
0.0
0.0
0.5
0.0
0.0
0.5
0.0
0.0
0.0
0.0
0.266666666667
0.5
0.0
0.0
0.0
0.0
0.0
0.333333333333
0.166666666667
0.183333333333
0.316666666667
0.0
0.0
0.116666666667
0.0833333333333
0.0
0.0
0.0
0.5
0.45
0.55
0.0
0.0
0.4
0.266666666667
0.0
0.5
0.566037735849
--END OF 12--
