21.05
19.0
19.8644067797
19.4666666667
20.05
20.15
20.1666666667
20.2833333333
20.5084745763
20.2
19.6166666667
19.0333333333
20.6166666667
20.9
20.4406779661
21.0333333333
19.4
20.1333333333
20.3333333333
20.4166666667
18.8305084746
18.6666666667
19.6666666667
19.8166666667
21.1833333333
20.4745762712
19.5666666667
20.2666666667
20.15
20.3
20.3
20.406779661
19.75
19.3833333333
19.1833333333
20.7666666667
19.7333333333
19.8474576271
19.9
20.0166666667
19.05
20.0166666667
20.4166666667
19.3559322034
19.4
18.2
19.9166666667
20.85
19.85
19.9322033898
19.85
20.4166666667
19.9166666667
18.5333333333
19.6610169492
20.4333333333
19.9333333333
19.8166666667
18.7
19.5263157895
--END OF 1--
30.1
28.7
30.8813559322
29.7166666667
31.6833333333
30.35
30.05
30.8166666667
30.2881355932
30.5666666667
29.25
29.25
29.4
31.95
30.1016949153
29.7333333333
30.35
30.1333333333
30.2833333333
30.6666666667
28.4406779661
28.6833333333
29.3833333333
30.8166666667
31.1666666667
30.2372881356
29.6833333333
29.0333333333
27.5333333333
28.7333333333
29.8666666667
31.1186440678
29.2
29.05
29.0833333333
31.8833333333
30.3
30.3559322034
30.1833333333
29.3666666667
28.9166666667
30.8333333333
30.05
30.2203389831
29.6166666667
27.95
30.0833333333
31.7
30.2666666667
30.7966101695
29.75
29.5
29.7666666667
28.35
30.3050847458
30.0666666667
30.1166666667
29.6166666667
27.7
29.0
--END OF 2--
31.4
30.3
32.1186440678
31.95
33.1833333333
32.6
32.0833333333
32.45
31.5254237288
32.2833333333
30.35
30.6666666667
31.2666666667
33.75
30.7288135593
31.0833333333
31.3
30.7333333333
32.0333333333
32.45
29.7118644068
30.95
30.6
31.7833333333
33.1
31.7627118644
30.9666666667
30.1333333333
28.3333333333
29.6666666667
30.8833333333
31.3559322034
31.15
30.3333333333
30.2833333333
32.75
32.1
32.0338983051
31.6166666667
30.1333333333
30.05
32.15
31.05
33.9661016949
30.85
30.0333333333
30.9166666667
35.1666666667
32.0166666667
32.1016949153
32.2166666667
31.9333333333
30.8166666667
30.1833333333
32.2203389831
31.25
31.1833333333
30.35
29.2333333333
30.8947368421
--END OF 3--
20.35
18.9166666667
19.2881355932
19.0833333333
19.75
19.7166666667
19.6166666667
19.5333333333
19.9322033898
19.8333333333
19.0833333333
18.8666666667
19.8666666667
20.2166666667
19.9322033898
20.1833333333
19.25
19.6833333333
19.6833333333
19.8666666667
18.6949152542
18.65
19.5833333333
19.4833333333
20.35
19.9661016949
19.35
19.7833333333
19.85
19.95
19.9
20.0
19.35
19.05
18.8333333333
19.8
19.4833333333
19.5254237288
19.65
19.6333333333
18.65
19.6666666667
19.95
19.3559322034
19.2
18.2
19.4333333333
20.05
19.7166666667
19.4745762712
19.5
19.7666666667
19.5166666667
18.5333333333
19.5593220339
19.9333333333
19.55
19.7
18.7
19.5263157895
--END OF 4--
29.75
28.6166666667
29.8305084746
29.1666666667
30.8166666667
29.7333333333
29.4666666667
30.0666666667
29.8644067797
29.85
28.7666666667
28.7833333333
29.1666666667
31.0
29.7627118644
29.4333333333
29.8
29.6833333333
29.8333333333
29.95
28.1694915254
28.5166666667
29.1
30.0666666667
30.55
29.593220339
29.4833333333
28.9166666667
27.5333333333
28.6833333333
29.5166666667
30.4576271186
28.9
28.7
28.9333333333
30.5666666667
29.7333333333
29.8983050847
29.85
29.1
28.4166666667
30.2666666667
29.7166666667
29.6949152542
29.3166666667
27.95
29.5
30.6833333333
29.8833333333
30.1694915254
29.5
29.45
29.35
28.3
29.7457627119
29.6166666667
29.7
29.5
27.6833333333
28.6842105263
--END OF 5--
31.4
30.3
32.1186440678
31.95
33.1833333333
32.6
32.0833333333
32.45
31.5254237288
32.2833333333
30.35
30.6666666667
31.2666666667
33.75
30.7288135593
31.0833333333
31.3
30.7333333333
32.0333333333
32.45
29.7118644068
30.95
30.6
31.7833333333
33.1
31.7627118644
30.9666666667
30.1333333333
28.3333333333
29.6666666667
30.8833333333
31.3559322034
31.15
30.3333333333
30.2833333333
32.75
32.1
32.0338983051
31.6166666667
30.1333333333
30.05
32.15
31.05
33.9661016949
30.85
30.0333333333
30.9166666667
35.1666666667
32.0166666667
32.1016949153
32.2166666667
31.9333333333
30.8166666667
30.1833333333
32.2203389831
31.25
31.1833333333
30.35
29.2333333333
30.8947368421
--END OF 6--
3843.15
3636.65
3833.79661017
3794.7
3769.5
3800.8
3783.65
3849.1
3697.83050847
3835.25
3750.2
3606.3
3927.95
3896.8
3818.08474576
3800.85
3759.45
3646.5
3783.3
3820.9
3572.49152542
3615.85
3631.95
3828.55
3771.0
3801.20338983
3660.25
3701.8
3602.55
3623.55
3761.4
3743.94915254
3589.2
3795.1
3735.15
3981.6
3751.35
3724.22033898
3774.1
3664.2
3681.5
3786.45
3725.9
3750.45762712
3709.25
3551.45
3768.05
3872.85
3721.15
3796.62711864
3656.35
3890.95
3688.5
3532.4
3611.89830508
3724.3
3686.85
3683.35
3678.65
3670.10526316
--END OF 7--
1102.9
1021.98333333
1084.59322034
1066.41666667
1068.31666667
1063.3
1063.28333333
1082.36666667
1034.15254237
1073.21666667
1067.88333333
1014.48333333
1078.31666667
1108.78333333
1058.66101695
1061.5
1045.1
1029.45
1063.85
1072.61666667
1006.6440678
1001.98333333
1028.46666667
1068.83333333
1065.88333333
1059.79661017
1051.0
1044.7
1026.53333333
1023.81666667
1037.16666667
1074.05084746
1021.4
1059.96666667
1052.1
1128.95
1054.3
1035.76271186
1058.71666667
1032.21666667
1045.6
1049.96666667
1050.81666667
1046.37288136
1038.45
990.8
1064.91666667
1103.41666667
1066.03333333
1065.88135593
1035.13333333
1074.86666667
1036.48333333
990.5
1020.10169492
1050.4
1039.36666667
1035.0
1016.95
1023.05263158
--END OF 8--
190.15
194.966666667
215.0
199.816666667
204.466666667
202.75
193.833333333
199.65
194.796610169
210.316666667
187.85
182.333333333
200.016666667
214.266666667
182.203389831
192.95
224.5
204.55
203.7
193.533333333
178.237288136
191.8
196.45
212.616666667
204.75
198.0
203.316666667
181.966666667
159.333333333
178.5
201.816666667
198.711864407
193.15
187.133333333
186.85
220.35
203.55
193.949152542
204.116666667
195.183333333
199.133333333
199.95
191.566666667
208.542372881
205.366666667
203.416666667
196.116666667
196.8
197.35
208.338983051
195.433333333
191.416666667
191.366666667
190.266666667
207.644067797
188.2
197.716666667
185.083333333
172.533333333
195.105263158
--END OF 9--
7.65
9.43333333333
10.3050847458
12.9
11.95
13.0666666667
11.5166666667
13.1833333333
11.9491525424
9.93333333333
9.15
13.05
8.4
9.38333333333
6.0
7.35
10.3
11.5
10.5
10.9833333333
10.7457627119
14.9333333333
8.0
8.58333333333
10.2666666667
10.4237288136
9.18333333333
6.23333333333
5.65
8.6
9.2
9.38983050847
14.05
7.71666666667
10.45
9.25
11.0333333333
11.4237288136
8.81666666667
9.66666666667
10.2333333333
14.7166666667
9.26666666667
18.186440678
8.96666666667
10.95
10.65
15.4
10.4666666667
10.9830508475
10.1666666667
10.55
8.61666666667
10.8666666667
11.7457627119
7.9
9.96666666667
11.1666666667
8.18333333333
8.15789473684
--END OF 10--
2.3
1.88333333333
1.98305084746
1.6
1.58333333333
2.3
3.36666666667
2.58333333333
1.72881355932
2.31666666667
0.933333333333
2.3
3.26666666667
2.58333333333
0.423728813559
1.75
1.25
1.0
3.25
2.38333333333
1.45762711864
3.63333333333
0.983333333333
1.3
2.88333333333
1.96610169492
1.76666666667
1.45
1.2
1.28333333333
1.21666666667
0.220338983051
2.6
1.7
1.4
0.916666666667
2.6
2.10169491525
2.0
1.01666666667
1.58333333333
1.46666666667
1.5
5.49152542373
1.46666666667
2.23333333333
0.633333333333
4.7
2.18333333333
1.89830508475
2.7
2.36666666667
1.63333333333
2.41666666667
1.35593220339
1.58333333333
1.7
1.08333333333
1.51666666667
2.94736842105
--END OF 11--
0.0
0.0
0.0
0.616666666667
0.616666666667
0.0
0.0333333333333
1.03333333333
0.440677966102
0.5
0.5
0.866666666667
0.566666666667
0.45
0.0508474576271
0.5
0.5
0.0
0.5
0.8
0.389830508475
0.116666666667
0.483333333333
0.216666666667
0.0
0.406779661017
0.0
0.7
0.0
0.0
0.316666666667
0.186440677966
1.05
0.416666666667
0.0
0.366666666667
0.466666666667
0.491525423729
0.433333333333
0.65
0.133333333333
0.166666666667
0.383333333333
0.627118644068
0.416666666667
0.716666666667
0.25
1.05
0.383333333333
0.271186440678
1.33333333333
0.4
0.0
0.116666666667
0.796610169492
0.0666666666667
0.0
0.0
0.266666666667
0.526315789474
--END OF 12--
