12.8305084746
13.6
13.1333333333
13.0
13.15
13.3333333333
14.406779661
13.7666666667
13.5666666667
12.8
12.5833333333
13.0166666667
12.1186440678
13.6333333333
12.9666666667
13.0833333333
12.1
12.5423728814
12.9833333333
11.6666666667
12.3166666667
11.65
13.7833333333
13.1525423729
12.8666666667
12.0666666667
13.25
12.4166666667
13.35
12.8644067797
13.1
13.1666666667
12.5833333333
11.7666666667
13.55
12.9491525424
12.4166666667
12.0166666667
13.8166666667
13.95
12.9322033898
14.4833333333
13.3666666667
14.2833333333
13.05
13.35
13.0847457627
13.8
14.1166666667
14.5833333333
14.95
13.7
13.3898305085
13.8166666667
14.1166666667
14.2666666667
13.6
13.2166666667
13.7457627119
12.6724137931
--END OF 1--
18.9322033898
18.6166666667
18.9
17.5
17.4166666667
18.5666666667
20.0847457627
19.45
19.0333333333
17.1666666667
17.6
19.0166666667
17.7627118644
18.4833333333
18.5666666667
18.2833333333
18.05
17.6610169492
17.2166666667
16.7333333333
18.2833333333
17.4666666667
19.8
18.593220339
19.3666666667
17.95
18.1833333333
17.4666666667
17.4333333333
17.3220338983
18.65
19.0166666667
18.1333333333
17.5666666667
19.3
19.1525423729
17.6833333333
17.6833333333
18.8333333333
20.6
18.8305084746
20.5
18.0333333333
20.4333333333
19.4833333333
18.95
18.2033898305
20.45
20.1333333333
21.0333333333
20.3
19.75
18.6610169492
19.8666666667
19.4666666667
20.8833333333
19.9166666667
18.4333333333
18.9322033898
18.0
--END OF 2--
20.3728813559
19.5166666667
21.5333333333
18.9833333333
17.8666666667
19.8166666667
20.5762711864
20.55
19.95
18.8166666667
18.7166666667
19.5833333333
18.406779661
19.9333333333
19.7666666667
19.1833333333
19.6
18.186440678
18.0333333333
17.1
19.8666666667
18.6666666667
21.4833333333
19.2372881356
20.4666666667
18.7333333333
18.95
19.05
18.4333333333
19.1525423729
19.45
19.85
18.9833333333
18.8666666667
20.6
19.8305084746
17.9
18.3166666667
18.9
22.6333333333
19.2711864407
21.2166666667
18.5666666667
21.0333333333
20.5666666667
19.0666666667
18.8983050847
21.75
21.5833333333
23.2333333333
21.15
21.6
21.0677966102
21.0333333333
20.3666666667
21.6833333333
20.3
20.9833333333
19.4745762712
18.9827586207
--END OF 3--
12.8305084746
13.6
13.1333333333
13.0
13.15
13.3333333333
14.406779661
13.7666666667
13.5666666667
12.8
12.5833333333
13.0166666667
12.1186440678
13.6333333333
12.9666666667
13.0833333333
12.1
12.5423728814
12.9833333333
11.6666666667
12.3166666667
11.65
13.7833333333
13.1525423729
12.8666666667
12.0666666667
13.25
12.4166666667
13.35
12.8644067797
13.1
13.1666666667
12.5833333333
11.7666666667
13.55
12.9491525424
12.4166666667
12.0166666667
13.8166666667
13.95
12.9322033898
14.4833333333
13.3666666667
14.2833333333
13.05
13.35
13.0847457627
13.8
14.1166666667
14.5833333333
14.95
13.7
13.3898305085
13.8166666667
14.1166666667
14.2666666667
13.6
13.2166666667
13.7457627119
12.6724137931
--END OF 4--
18.9322033898
18.6166666667
18.9
17.5
17.4166666667
18.5666666667
20.0847457627
19.45
19.0333333333
17.1666666667
17.6
19.0166666667
17.7627118644
18.4833333333
18.5666666667
18.2833333333
18.05
17.6610169492
17.2166666667
16.7333333333
18.2833333333
17.4666666667
19.8
18.593220339
19.3666666667
17.95
18.1833333333
17.4666666667
17.4333333333
17.3220338983
18.65
19.0166666667
18.1333333333
17.5666666667
19.3
19.1525423729
17.6833333333
17.6833333333
18.8333333333
20.6
18.8305084746
20.5
18.0333333333
20.4333333333
19.4833333333
18.95
18.2033898305
20.45
20.1333333333
21.0333333333
20.3
19.75
18.6610169492
19.8666666667
19.4666666667
20.8833333333
19.9166666667
18.4333333333
18.9322033898
18.0
--END OF 5--
20.3728813559
19.5166666667
21.5333333333
18.9833333333
17.8666666667
19.8166666667
20.5762711864
20.55
19.95
18.8166666667
18.7166666667
19.5833333333
18.406779661
19.9333333333
19.7666666667
19.1833333333
19.6
18.186440678
18.0333333333
17.1
19.8666666667
18.6666666667
21.4833333333
19.2372881356
20.4666666667
18.7333333333
18.95
19.05
18.4333333333
19.1525423729
19.45
19.85
18.9833333333
18.8666666667
20.6
19.8305084746
17.9
18.3166666667
18.9
22.6333333333
19.2711864407
21.2166666667
18.5666666667
21.0333333333
20.5666666667
19.0666666667
18.8983050847
21.75
21.5833333333
23.2333333333
21.15
21.6
21.0677966102
21.0333333333
20.3666666667
21.6833333333
20.3
20.9833333333
19.4745762712
18.9827586207
--END OF 6--
2572.06779661
2506.0
2562.35
2544.3
2498.95
2668.45
2801.54237288
2621.35
2643.15
2435.3
2491.35
2516.35
2405.13559322
2705.55
2578.35
2614.2
2437.95
2420.03389831
2415.1
2369.9
2421.3
2387.3
2584.75
2456.59322034
2569.05
2491.85
2487.55
2437.45
2504.35
2527.11864407
2578.65
2482.05
2481.9
2494.65
2660.1
2513.79661017
2422.65
2415.8
2617.95
2671.45
2552.49152542
2751.6
2587.4
2699.25
2638.95
2571.45
2495.89830508
2646.6
2726.25
2827.95
2821.5
2650.95
2590.11864407
2664.75
2691.6
2671.6
2675.6
2649.25
2683.42372881
2467.55172414
--END OF 7--
729.152542373
711.083333333
709.233333333
710.05
697.633333333
727.25
759.491525424
730.6
724.65
675.716666667
682.966666667
704.216666667
680.915254237
740.2
715.183333333
731.0
670.0
662.288135593
672.133333333
640.25
676.9
674.15
738.883333333
694.525423729
724.5
702.733333333
705.333333333
675.85
705.533333333
712.305084746
724.45
694.683333333
688.25
678.95
736.95
707.389830508
684.016666667
677.666666667
726.716666667
749.466666667
712.220338983
770.45
710.2
760.45
737.083333333
708.116666667
690.813559322
724.3
755.766666667
786.0
781.2
740.85
719.118644068
733.816666667
747.65
751.75
728.333333333
733.333333333
749.406779661
685.120689655
--END OF 8--
110.305084746
106.666666667
126.566666667
97.0333333333
102.666666667
106.05
101.525423729
117.766666667
110.633333333
97.1
97.1833333333
116.05
112.254237288
103.8
111.4
105.05
101.35
106.084745763
98.6666666667
100.483333333
115.233333333
108.233333333
114.033333333
112.355932203
124.15
117.416666667
105.283333333
95.2166666667
96.0833333333
97.4915254237
103.85
109.316666667
94.6
105.6
103.2
119.457627119
107.133333333
119.0
118.033333333
130.066666667
114.898305085
118.766666667
96.5666666667
113.233333333
120.083333333
104.383333333
112.474576271
114.2
126.066666667
117.85
107.25
111.5
115.644067797
120.433333333
109.433333333
137.2
128.783333333
122.666666667
104.084745763
101.24137931
--END OF 9--
9.40677966102
5.8
6.9
6.23333333333
2.13333333333
4.93333333333
5.30508474576
5.85
4.35
4.31666666667
6.0
4.15
6.27118644068
6.35
4.35
3.6
7.55
3.86440677966
4.05
3.88333333333
7.58333333333
7.78333333333
7.11666666667
4.18644067797
7.26666666667
4.06666666667
5.66666666667
10.2833333333
3.21666666667
8.35593220339
5.5
8.06666666667
8.5
8.7
8.1
6.10169491525
3.93333333333
4.46666666667
1.55
9.98333333333
4.01694915254
6.13333333333
5.53333333333
8.58333333333
8.03333333333
5.68333333333
3.77966101695
12.5
7.73333333333
10.8
5.7
9.9
5.05084745763
6.53333333333
5.03333333333
6.93333333333
4.13333333333
6.18333333333
3.79661016949
8.68965517241
--END OF 10--
1.96610169492
1.45
4.33333333333
1.78333333333
0.0833333333333
2.08333333333
1.08474576271
1.18333333333
0.9
1.78333333333
1.4
0.933333333333
1.18644067797
1.75
1.68333333333
1.0
1.5
0.525423728814
1.31666666667
0.5
2.6
2.1
2.7
1.16949152542
1.3
0.916666666667
1.11666666667
1.68333333333
0.7
2.74576271186
1.3
0.533333333333
1.7
2.0
1.9
1.15254237288
0.133333333333
0.933333333333
0.0666666666667
2.9
0.915254237288
1.16666666667
0.483333333333
0.9
1.18333333333
0.0
0.813559322034
2.2
1.46666666667
3.15
1.45
2.6
3.40677966102
1.38333333333
1.3
0.0
0.716666666667
3.33333333333
0.389830508475
0.51724137931
--END OF 11--
0.0
0.283333333333
0.716666666667
0.0
0.0
0.283333333333
0.220338983051
0.416666666667
0.4
1.05
0.633333333333
0.166666666667
0.338983050847
0.0
0.466666666667
0.0
0.0
0.440677966102
0.0666666666667
0.0
0.85
0.65
0.0
0.0
0.366666666667
0.0
0.5
0.766666666667
0.233333333333
0.0
0.0
0.366666666667
0.0
0.2
0.8
0.0
0.0
0.0
0.0
0.0
0.0
0.0
0.0
0.0
0.366666666667
0.0
0.0
1.5
0.95
1.25
0.5
0.0
1.0
0.516666666667
0.0
0.0
0.283333333333
1.0
0.220338983051
0.51724137931
--END OF 12--
