14.05
13.3389830508
13.65
14.2666666667
15.4
14.2666666667
12.85
15.1355932203
13.9833333333
14.7
13.15
14.85
14.15
14.2542372881
13.35
13.9166666667
13.7166666667
14.6949152542
15.7333333333
14.2
14.5833333333
14.3166666667
14.6949152542
13.35
14.75
12.6
13.9333333333
14.0
13.55
14.2166666667
13.2833333333
13.9833333333
13.1016949153
15.0833333333
13.3166666667
14.2333333333
13.15
14.1694915254
14.7333333333
13.5
13.0333333333
14.2833333333
13.8305084746
14.2166666667
13.5833333333
13.7
13.65
13.8644067797
13.8166666667
12.9
14.3666666667
14.6
13.6610169492
14.7333333333
14.9
13.6333333333
13.6779661017
13.5666666667
12.8
14.1206896552
--END OF 1--
20.75
19.3898305085
20.3666666667
20.65
22.1
20.85
19.75
20.4915254237
20.6333333333
20.4
19.05
20.4
21.35
20.813559322
19.4666666667
20.4833333333
19.2333333333
19.5762711864
22.1166666667
19.75
20.55
21.2833333333
20.8813559322
18.75
21.05
19.55
19.3333333333
20.8644067797
18.6
19.05
19.5666666667
20.15
18.6949152542
21.4833333333
19.3166666667
20.55
19.4833333333
19.2711864407
21.6833333333
19.0833333333
19.5833333333
19.3833333333
21.4237288136
20.6333333333
19.2666666667
20.5166666667
20.3166666667
20.0847457627
19.6833333333
19.4166666667
21.0666666667
20.8
20.8644067797
20.2333333333
19.65
18.3833333333
19.3728813559
19.6166666667
18.9666666667
19.3275862069
--END OF 2--
21.9833333333
19.9830508475
21.3833333333
20.9
22.4
21.5666666667
20.4
21.186440678
21.2333333333
21.4
20.6
20.75
21.8
21.5254237288
20.1666666667
20.8
19.9833333333
20.0338983051
22.1666666667
20.3
22.0
21.4333333333
21.0847457627
19.55
21.85
20.15
20.2333333333
21.4406779661
19.3833333333
19.7166666667
20.45
20.7333333333
19.9152542373
21.9
19.9333333333
21.0333333333
20.2
20.2711864407
22.9333333333
19.6166666667
20.5333333333
19.4833333333
21.9491525424
21.3
20.0833333333
21.45
21.7333333333
21.2372881356
19.9833333333
20.7
21.6333333333
22.0833333333
21.6779661017
21.0833333333
20.75
18.6833333333
19.9661016949
19.9333333333
19.4
19.8275862069
--END OF 3--
14.05
13.3389830508
13.65
14.2666666667
15.4
14.2666666667
12.85
15.1355932203
13.9833333333
14.7
13.15
14.85
14.15
14.2542372881
13.35
13.9166666667
13.7166666667
14.6949152542
15.7333333333
14.2
14.5833333333
14.3166666667
14.6949152542
13.35
14.75
12.6
13.9333333333
14.0
13.55
14.2166666667
13.2833333333
13.9833333333
13.1016949153
15.0833333333
13.3166666667
14.2333333333
13.15
14.1694915254
14.7333333333
13.5
13.0333333333
14.2833333333
13.8305084746
14.2166666667
13.5833333333
13.7
13.65
13.8644067797
13.8166666667
12.9
14.3666666667
14.6
13.6610169492
14.7333333333
14.9
13.6333333333
13.6779661017
13.5666666667
12.8
14.1206896552
--END OF 4--
20.75
19.3898305085
20.3666666667
20.65
22.1
20.85
19.75
20.4915254237
20.6333333333
20.4
19.05
20.4
21.35
20.813559322
19.4666666667
20.4833333333
19.2333333333
19.5762711864
22.1166666667
19.75
20.55
21.2833333333
20.8813559322
18.75
21.05
19.55
19.3333333333
20.8644067797
18.6
19.05
19.5666666667
20.15
18.6949152542
21.4833333333
19.3166666667
20.55
19.4833333333
19.2711864407
21.6833333333
19.0833333333
19.5833333333
19.3833333333
21.4237288136
20.6333333333
19.2666666667
20.5166666667
20.3166666667
20.0847457627
19.6833333333
19.4166666667
21.0666666667
20.8
20.8644067797
20.2333333333
19.65
18.3833333333
19.3728813559
19.6166666667
18.9666666667
19.3275862069
--END OF 5--
21.9833333333
19.9830508475
21.3833333333
20.9
22.4
21.5666666667
20.4
21.186440678
21.2333333333
21.4
20.6
20.75
21.8
21.5254237288
20.1666666667
20.8
19.9833333333
20.0338983051
22.1666666667
20.3
22.0
21.4333333333
21.0847457627
19.55
21.85
20.15
20.2333333333
21.4406779661
19.3833333333
19.7166666667
20.45
20.7333333333
19.9152542373
21.9
19.9333333333
21.0333333333
20.2
20.2711864407
22.9333333333
19.6166666667
20.5333333333
19.4833333333
21.9491525424
21.3
20.0833333333
21.45
21.7333333333
21.2372881356
19.9833333333
20.7
21.6333333333
22.0833333333
21.6779661017
21.0833333333
20.75
18.6833333333
19.9661016949
19.9333333333
19.4
19.8275862069
--END OF 6--
2814.7
2745.20338983
2703.25
2713.3
2805.85
2707.2
2545.05
2704.22033898
2661.45
2756.25
2603.85
2790.3
2763.1
2658.45762712
2584.9
2686.75
2621.7
2633.54237288
2746.95
2585.7
2695.4
2549.75
2747.08474576
2559.3
2789.1
2521.95
2752.2
2655.61016949
2606.7
2645.05
2578.35
2702.4
2636.79661017
2803.1
2616.3
2748.7
2592.8
2697.61016949
2789.4
2528.1
2591.85
2766.9
2754.71186441
2723.3
2518.1
2589.9
2586.1
2494.57627119
2616.2
2574.7
2667.4
2728.0
2665.37288136
2728.2
2812.5
2619.75
2725.72881356
2553.0
2619.15
2799.31034483
--END OF 7--
782.683333333
745.830508475
755.65
767.283333333
795.0
747.633333333
705.633333333
761.0
733.6
762.0
719.9
775.45
760.25
751.966101695
725.75
744.716666667
737.333333333
746.711864407
797.016666667
728.283333333
759.75
739.1
769.661016949
695.95
777.15
714.85
757.95
750.644067797
720.4
737.316666667
718.25
759.9
730.559322034
785.016666667
715.15
763.983333333
723.8
763.169491525
784.15
709.8
722.2
772.3
782.728813559
756.366666667
715.85
722.566666667
724.716666667
720.762711864
732.7
705.833333333
753.016666667
763.383333333
748.118644068
769.1
777.7
730.1
750.305084746
735.55
727.316666667
780.775862069
--END OF 8--
136.116666667
125.711864407
119.116666667
125.466666667
128.833333333
128.333333333
136.15
121.627118644
125.35
134.2
117.0
110.75
142.8
130.728813559
120.2
127.5
113.116666667
107.220338983
129.7
122.883333333
119.183333333
132.033333333
118.186440678
105.25
127.2
119.05
119.4
123.474576271
108.366666667
116.133333333
135.183333333
130.216666667
119.389830508
136.783333333
117.616666667
133.766666667
130.6
120.457627119
142.65
122.283333333
125.9
116.1
147.661016949
138.266666667
119.2
135.766666667
124.4
122.93220339
120.2
134.983333333
134.916666667
138.016666667
139.440677966
113.45
111.75
120.3
115.796610169
127.316666667
117.116666667
114.965517241
--END OF 9--
8.15
5.84745762712
7.48333333333
4.4
5.78333333333
6.0
5.85
4.47457627119
8.7
3.45
6.05
4.35
6.05
7.01694915254
4.31666666667
4.56666666667
6.48333333333
4.74576271186
6.16666666667
4.91666666667
6.63333333333
7.26666666667
6.35593220339
7.25
5.65
7.4
4.45
7.74576271186
5.8
3.3
6.78333333333
5.25
5.57627118644
4.88333333333
4.66666666667
5.28333333333
4.56666666667
3.5593220339
8.35
4.41666666667
3.95
1.85
5.93220338983
5.11666666667
5.85
9.08333333333
10.4333333333
5.69491525424
4.25
6.58333333333
6.6
4.48333333333
6.32203389831
6.05
4.2
2.25
4.5593220339
6.06666666667
6.51666666667
3.41379310345
--END OF 10--
0.766666666667
0.406779661017
1.3
0.266666666667
0.233333333333
0.833333333333
0.883333333333
0.796610169492
0.5
1.25
2.1
0.65
0.466666666667
0.932203389831
0.75
0.75
1.41666666667
0.508474576271
0.0666666666667
0.933333333333
2.0
0.5
0.508474576271
1.15
1.3
0.75
1.05
0.830508474576
0.866666666667
0.916666666667
1.08333333333
0.983333333333
1.40677966102
0.8
0.883333333333
1.18333333333
1.1
1.20338983051
1.8
0.85
0.7
0.35
0.728813559322
0.383333333333
0.45
1.05
2.25
1.86440677966
0.4
1.63333333333
0.8
2.36666666667
0.915254237288
1.0
1.5
0.2
0.830508474576
0.483333333333
0.366666666667
0.344827586207
--END OF 11--
0.0
0.169491525424
0.5
0.266666666667
0.233333333333
0.5
0.216666666667
0.28813559322
0.0
0.5
0.0
0.0
0.0
0.305084745763
0.0
0.0
0.0
0.0
0.0
0.0
0.0
0.0
0.0
0.0
0.0
0.0
0.0
0.0
0.0
0.0
0.0
0.0
0.508474576271
0.0
0.0
0.0
0.5
0.559322033898
0.45
0.0
0.0
0.05
0.220338983051
0.0
0.0
0.0
0.0
0.0
0.0
1.0
0.166666666667
0.0
0.305084745763
0.5
0.5
0.0
0.0
0.0
0.0
0.0
--END OF 12--
