20.65
23.0847457627
23.1833333333
22.0
21.9666666667
21.3333333333
22.2
21.2203389831
21.75
22.5
22.95
22.5166666667
22.1666666667
22.3050847458
21.5833333333
23.5666666667
24.4
24.7833333333
25.3166666667
23.5593220339
23.0166666667
24.7
24.2833333333
23.75
24.4666666667
24.0169491525
24.35
23.2
23.6333333333
22.7833333333
22.55
23.1525423729
23.5166666667
23.2833333333
23.4333333333
22.7333333333
23.0508474576
23.5166666667
22.4
23.5
23.4
22.2666666667
22.7118644068
23.05
22.4666666667
22.9333333333
22.9333333333
21.6610169492
22.65
23.65
22.1166666667
22.8833333333
22.9833333333
22.1355932203
22.9166666667
22.3666666667
21.9333333333
21.4333333333
21.9322033898
21.1724137931
--END OF 1--
32.0166666667
32.4406779661
32.05
29.8666666667
30.8666666667
31.2
31.6
30.1016949153
31.45
31.05
32.25
31.0
30.6666666667
31.9491525424
32.5166666667
33.1166666667
35.2833333333
38.75
40.8666666667
38.2203389831
35.3166666667
38.7833333333
36.3
35.3166666667
36.8
36.5084745763
36.8333333333
35.05
36.35
34.55
34.8
34.0847457627
34.8
34.45
34.7166666667
32.5833333333
33.7627118644
34.2666666667
34.0333333333
34.2
34.2833333333
32.85
34.6949152542
34.0
32.7333333333
34.4166666667
32.6833333333
32.0677966102
34.55
34.1
32.65
32.0833333333
32.2666666667
32.4576271186
32.0833333333
32.75
32.3833333333
32.5166666667
32.3389830508
32.5862068966
--END OF 2--
32.65
33.4576271186
34.6833333333
30.2
31.8666666667
31.7833333333
33.2
31.0677966102
32.65
31.95
32.9
31.6333333333
32.4666666667
33.5423728814
33.2666666667
34.55
37.85
41.9166666667
45.8166666667
42.3389830508
40.7
42.85
40.8166666667
37.9833333333
40.95
38.9830508475
38.95
36.5833333333
40.6833333333
36.6166666667
38.1166666667
39.3050847458
37.9333333333
37.05
37.5333333333
35.4
36.0847457627
36.7666666667
36.4
38.6833333333
35.3333333333
36.1
36.1016949153
36.7833333333
34.3166666667
36.5166666667
35.95
35.1016949153
35.8333333333
37.4
33.7166666667
34.0833333333
34.4333333333
35.0338983051
34.3
34.0
34.5666666667
35.8
35.1355932203
34.2413793103
--END OF 3--
20.1166666667
21.7118644068
21.8333333333
21.0
21.05
20.4833333333
21.2
20.6271186441
20.95
21.45
21.7
21.4666666667
20.9666666667
20.9152542373
20.6666666667
21.8833333333
22.3666666667
22.55
22.9
21.8305084746
21.7166666667
22.5666666667
22.2833333333
22.0166666667
22.4666666667
22.0847457627
22.25
21.8
21.9333333333
21.5833333333
21.35
21.8983050847
21.9833333333
21.8
21.8166666667
21.6666666667
21.7796610169
21.9333333333
21.1
21.95
21.85
21.2666666667
21.5593220339
21.9333333333
21.2666666667
21.45
21.5833333333
20.6610169492
21.3666666667
21.85
21.0666666667
21.4333333333
21.75
20.9661016949
21.5833333333
21.2166666667
20.8833333333
20.4333333333
20.7966101695
20.2586206897
--END OF 4--
31.0
31.2372881356
31.0166666667
29.45
30.2
30.5666666667
30.7333333333
29.7118644068
30.7
30.4
31.2
30.3166666667
29.9166666667
30.8305084746
31.25
31.6666666667
32.9666666667
35.0833333333
36.3333333333
34.6440677966
32.9
34.9666666667
33.45
32.9166666667
33.8666666667
33.6610169492
33.7833333333
32.6166666667
33.6333333333
32.4
32.55
32.3728813559
32.5666666667
32.3833333333
32.4333333333
31.4166666667
31.9830508475
32.35
32.3166666667
32.2666666667
32.3166666667
31.6833333333
32.6271186441
32.2333333333
31.4333333333
32.3666666667
31.5833333333
31.0
32.5
32.0666666667
31.3666666667
30.9833333333
31.1333333333
31.3050847458
31.1833333333
31.45
31.2166666667
31.2166666667
30.9152542373
31.2413793103
--END OF 5--
32.65
33.4576271186
34.6833333333
30.2
31.8666666667
31.7833333333
33.2
31.0677966102
32.65
31.95
32.9
31.6333333333
32.4666666667
33.5423728814
33.2666666667
34.55
37.85
41.85
44.8
42.3220338983
40.7
42.6666666667
40.6833333333
37.9833333333
40.95
38.9830508475
38.95
36.5833333333
40.6333333333
36.6166666667
38.1166666667
39.2542372881
37.9333333333
37.05
37.5333333333
35.4
36.0847457627
36.7666666667
36.4
38.6833333333
35.3333333333
36.1
36.1016949153
36.7833333333
34.3166666667
36.5166666667
35.95
35.1016949153
35.8333333333
37.4
33.7166666667
34.0833333333
34.4333333333
35.0338983051
34.3
34.0
34.5666666667
35.8
35.1355932203
34.2413793103
--END OF 6--
3981.05
4255.42372881
4085.4
3995.8
4045.95
3929.35
4115.2
3920.89830508
4075.95
4098.9
4117.35
4094.2
4089.45
4142.33898305
4071.95
4423.7
4499.8
4681.45
4834.0
4481.6440678
4350.4
4599.85
4366.75
4453.65
4465.05
4466.08474576
4588.2
4362.8
4401.6
4276.75
4317.95
4249.27118644
4296.05
4292.4
4380.15
4205.85
4272.61016949
4275.3
4108.25
4325.05
4272.4
4220.9
4195.72881356
4337.15
4211.65
4284.75
4199.95
3997.01694915
4310.65
4470.0
4116.85
4294.5
4189.35
4144.37288136
4181.1
4164.5
4209.35
4150.15
4161.71186441
4061.68965517
--END OF 7--
1106.28333333
1184.98305085
1169.88333333
1111.38333333
1118.06666667
1106.23333333
1159.65
1092.3220339
1135.7
1147.8
1161.85
1133.9
1147.15
1154.98305085
1135.43333333
1211.53333333
1256.58333333
1306.61666667
1349.4
1270.40677966
1223.48333333
1305.26666667
1250.8
1240.66666667
1265.18333333
1240.18644068
1283.51666667
1213.1
1226.08333333
1214.2
1209.38333333
1216.40677966
1211.83333333
1210.63333333
1234.41666667
1169.55
1208.18644068
1216.6
1149.91666667
1214.18333333
1211.5
1185.8
1187.6440678
1203.48333333
1172.35
1217.75
1169.48333333
1137.20338983
1191.25
1247.85
1151.05
1191.35
1190.45
1161.44067797
1171.43333333
1183.18333333
1159.1
1152.45
1167.20338983
1139.10344828
--END OF 8--
205.133333333
195.745762712
185.35
165.816666667
183.65
184.85
190.85
185.661016949
188.35
184.75
185.35
176.466666667
193.0
207.491525424
191.666666667
204.266666667
230.216666667
237.566666667
263.266666667
255.050847458
227.65
252.05
231.333333333
224.566666667
237.916666667
218.254237288
237.833333333
212.8
232.166666667
230.25
224.583333333
211.93220339
213.533333333
214.933333333
219.233333333
194.866666667
204.86440678
198.283333333
215.616666667
208.716666667
212.4
200.75
213.525423729
207.583333333
206.583333333
211.166666667
207.7
204.644067797
210.116666667
203.5
196.266666667
195.583333333
178.75
213.338983051
187.783333333
181.6
183.266666667
211.533333333
197.288135593
209.534482759
--END OF 9--
9.41666666667
7.81355932203
11.3833333333
4.56666666667
7.75
8.0
7.71666666667
6.32203389831
8.9
6.0
10.0
6.35
7.75
12.3898305085
13.7833333333
9.6
10.1333333333
22.3333333333
27.4833333333
24.6440677966
22.0
22.0833333333
19.6833333333
14.2
21.9333333333
21.9322033898
15.5333333333
15.2
24.3833333333
12.6833333333
16.2333333333
21.1186440678
18.0833333333
14.8833333333
11.35
15.3
13.9661016949
16.6166666667
18.5
20.3166666667
11.95
13.65
15.9152542373
15.4666666667
11.3166666667
14.8833333333
12.25
12.3728813559
15.9333333333
16.6666666667
13.5333333333
6.93333333333
9.71666666667
11.4406779661
13.15
13.6
13.65
15.9833333333
16.2372881356
12.9655172414
--END OF 10--
0.75
1.66101694915
2.88333333333
0.566666666667
1.46666666667
0.766666666667
2.23333333333
0.610169491525
1.9
1.5
0.5
1.13333333333
2.05
1.57627118644
1.33333333333
1.98333333333
4.18333333333
4.28333333333
7.45
6.22033898305
7.86666666667
5.96666666667
7.6
3.76666666667
6.61666666667
3.08474576271
3.18333333333
2.01666666667
6.41666666667
2.25
4.9
7.69491525424
4.26666666667
4.06666666667
4.03333333333
4.11666666667
2.22033898305
2.0
3.45
6.1
1.83333333333
5.0
2.0
3.78333333333
1.86666666667
2.11666666667
4.86666666667
3.42372881356
1.46666666667
4.55
1.48333333333
3.43333333333
2.71666666667
2.66101694915
3.88333333333
1.5
3.41666666667
5.18333333333
4.77966101695
1.74137931034
--END OF 11--
0.0
0.0847457627119
0.8
0.1
0.6
0.0
0.0
0.610169491525
0.4
0.0
0.5
0.0
0.95
0.559322033898
0.0
0.383333333333
0.25
0.55
2.35
1.28813559322
0.0333333333333
1.38333333333
1.11666666667
0.616666666667
0.5
0.457627118644
0.0
0.4
0.4
0.0
0.733333333333
0.71186440678
0.933333333333
0.0
1.41666666667
0.116666666667
0.0
0.0
0.366666666667
0.6
0.0
1.0
0.0
0.466666666667
0.0
0.416666666667
0.75
0.796610169492
0.0166666666667
0.2
0.133333333333
0.566666666667
0.783333333333
0.728813559322
0.0
0.0
0.2
1.8
0.0
0.448275862069
--END OF 12--
