22.5166666667
21.9333333333
22.6166666667
22.4915254237
22.2
21.1
20.8166666667
22.2833333333
22.2
21.7333333333
22.8813559322
22.3166666667
22.0166666667
22.5333333333
22.2833333333
22.25
22.0
21.3833333333
21.1333333333
21.8833333333
21.9333333333
20.8474576271
22.75
21.1
22.35
22.0666666667
22.8666666667
22.4915254237
21.75
22.25
21.35
20.75
21.65
21.8813559322
21.05
22.2166666667
23.0
20.9
21.813559322
23.35
22.7
22.3333333333
22.4166666667
22.8166666667
22.6610169492
22.9166666667
21.5333333333
20.85
21.9
22.4
22.186440678
23.6666666667
22.4333333333
21.9
22.6666666667
22.186440678
22.85
22.2833333333
22.5166666667
22.2105263158
--END OF 1--
30.5166666667
30.6333333333
30.8333333333
30.6779661017
30.3166666667
27.75
29.9333333333
30.8
30.75
31.0
32.2033898305
30.5
29.2166666667
31.15
30.9666666667
30.65
30.0677966102
30.8833333333
30.2166666667
30.2333333333
30.7333333333
30.186440678
32.15
29.5
30.95
29.6166666667
30.8
31.6779661017
29.7833333333
30.2
30.25
29.8333333333
29.8333333333
31.1186440678
28.4333333333
31.25
31.8333333333
29.3666666667
31.0338983051
32.7333333333
30.1333333333
30.4833333333
30.5666666667
31.0
30.7796610169
32.15
31.1333333333
30.55
29.35
30.6166666667
30.2033898305
32.1333333333
29.8833333333
31.0833333333
31.4166666667
31.7966101695
30.45
30.5833333333
29.6666666667
30.7719298246
--END OF 2--
31.8
31.7833333333
31.1666666667
30.8813559322
31.3666666667
28.6
30.8
31.0
32.7
31.6666666667
32.7288135593
31.2333333333
29.45
32.6166666667
31.9
31.0833333333
30.9830508475
31.8
31.7333333333
31.1
31.4666666667
31.3389830508
33.85
29.65
32.4
30.25
32.2
32.0847457627
31.2333333333
30.7666666667
30.5166666667
30.6333333333
30.7
32.1355932203
30.0333333333
32.0666666667
32.1833333333
30.15
31.3898305085
33.9333333333
30.3833333333
31.1333333333
31.2666666667
31.8666666667
31.9661016949
33.85
32.2666666667
31.3
30.9
31.5666666667
30.406779661
32.65
30.6166666667
32.8333333333
31.6666666667
32.5084745763
31.35
31.2166666667
30.0833333333
32.0877192982
--END OF 3--
21.5166666667
20.9333333333
21.6166666667
21.3898305085
21.2
20.1
20.2166666667
21.2833333333
21.2
20.9833333333
21.4745762712
21.3166666667
20.9333333333
21.5166666667
21.2833333333
21.25
21.0
20.4333333333
20.2833333333
20.8333333333
20.8
20.0677966102
21.7
20.0166666667
21.05
20.9
21.7166666667
21.3898305085
20.75
21.25
20.5333333333
20.2833333333
20.6833333333
20.8305084746
20.1
20.9666666667
21.5833333333
20.1
20.7966101695
21.8333333333
21.5
21.0333333333
21.1166666667
21.4833333333
21.5084745763
21.5666666667
20.4833333333
19.9
20.9
21.3166666667
21.186440678
21.8333333333
21.3333333333
20.7333333333
21.4333333333
20.9830508475
21.5
21.2166666667
21.5166666667
20.8596491228
--END OF 4--
30.05
30.05
30.2166666667
30.1355932203
29.7
27.65
29.7
30.15
30.1
30.2833333333
31.186440678
29.9333333333
28.9333333333
30.25
30.15
30.0
29.8644067797
30.25
29.8333333333
29.8333333333
30.1
29.5084745763
31.1
29.2166666667
30.05
29.3166666667
30.2666666667
30.7118644068
29.5833333333
29.8
29.7666666667
29.6
29.3666666667
30.3389830508
28.3333333333
30.3833333333
30.8166666667
29.2
30.2881355932
31.3833333333
29.6833333333
29.7333333333
29.8166666667
30.3833333333
30.2203389831
31.1166666667
30.2833333333
29.8
29.1333333333
30.1166666667
29.8813559322
31.0833333333
29.5
30.2166666667
30.6166666667
30.7457627119
29.65
29.8833333333
29.2666666667
29.9473684211
--END OF 5--
31.8
31.7833333333
31.1666666667
30.8813559322
31.3666666667
28.6
30.8
31.0
32.7
31.6666666667
32.7288135593
31.2333333333
29.45
32.6166666667
31.9
31.0833333333
30.9830508475
31.8
31.7333333333
31.1
31.4666666667
31.3389830508
33.85
29.65
32.4
30.25
32.2
32.0847457627
31.2333333333
30.7666666667
30.5166666667
30.6333333333
30.7
32.1355932203
30.0333333333
32.0666666667
32.1833333333
30.15
31.3898305085
33.9333333333
30.3833333333
31.1333333333
31.2666666667
31.8666666667
31.9661016949
33.85
32.2666666667
31.3
30.9
31.5666666667
30.406779661
32.65
30.6166666667
32.8333333333
31.6666666667
32.5084745763
31.35
31.2166666667
30.0833333333
32.0877192982
--END OF 6--
4123.1
4018.8
4090.4
4133.28813559
4062.6
3956.85
3886.9
4055.4
4087.05
4040.0
4135.62711864
4023.1
3953.2
4062.0
4177.1
4086.65
4016.94915254
3957.1
3837.25
3983.75
4055.95
3989.94915254
4116.45
4120.3
4329.3
4138.75
4143.3
4064.49152542
3980.85
3971.55
4012.25
3938.05
4076.45
4051.06779661
3962.05
4132.1
4200.5
4001.5
4084.93220339
4268.35
4130.9
4081.2
4190.25
4177.15
4074.66101695
4257.55
4165.05
4062.1
4025.75
4121.15
4126.93220339
4248.5
4119.4
4151.95
4129.25
4199.28813559
4173.45
4122.6
4123.7
4141.36842105
--END OF 7--
1146.4
1133.06666667
1137.36666667
1145.27118644
1139.43333333
1100.7
1081.98333333
1123.5
1155.6
1123.41666667
1157.66101695
1127.86666667
1114.78333333
1165.76666667
1159.46666667
1146.16666667
1131.91525424
1108.51666667
1077.33333333
1122.1
1134.06666667
1112.28813559
1170.55
1142.28333333
1195.65
1128.81666667
1159.16666667
1147.40677966
1110.33333333
1119.33333333
1109.9
1088.98333333
1127.85
1145.33898305
1096.11666667
1157.85
1174.2
1118.85
1143.54237288
1204.05
1139.48333333
1135.6
1166.05
1163.41666667
1136.61016949
1188.46666667
1147.78333333
1119.83333333
1111.05
1147.2
1141.13559322
1211.45
1149.28333333
1155.13333333
1163.13333333
1164.38983051
1167.45
1146.31666667
1140.66666667
1162.40350877
--END OF 8--
164.966666667
181.6
172.166666667
172.372881356
184.35
150.35
178.566666667
185.983333333
177.5
196.916666667
192.898305085
178.866666667
177.783333333
178.7
183.833333333
183.633333333
177.627118644
196.45
191.466666667
166.483333333
187.733333333
190.237288136
194.1
171.5
187.95
176.166666667
181.266666667
198.372881356
187.333333333
169.816666667
180.15
175.1
173.083333333
186.203389831
165.233333333
189.316666667
192.7
191.833333333
183.0
190.016666667
179.9
173.55
180.95
184.333333333
172.186440678
181.233333333
183.916666667
185.9
169.316666667
184.433333333
181.457627119
188.55
167.733333333
183.316666667
180.566666667
204.559322034
185.6
191.066666667
166.133333333
158.947368421
--END OF 9--
9.93333333333
7.46666666667
6.7
4.72881355932
5.46666666667
4.25
7.65
4.83333333333
6.9
4.71666666667
8.38983050847
6.5
3.96666666667
8.76666666667
6.86666666667
6.7
7.59322033898
9.83333333333
9.75
9.23333333333
9.21666666667
4.98305084746
9.45
3.55
7.6
5.05
7.71666666667
5.81355932203
6.11666666667
6.2
5.33333333333
8.48333333333
5.78333333333
7.91525423729
6.93333333333
5.93333333333
6.46666666667
4.25
6.03389830508
10.5833333333
5.48333333333
6.35
7.8
5.56666666667
8.20338983051
9.93333333333
9.05
9.15
5.28333333333
4.75
3.77966101695
5.43333333333
5.48333333333
12.2666666667
7.61666666667
5.69491525424
3.85
3.78333333333
3.83333333333
11.3859649123
--END OF 10--
1.2
1.23333333333
0.6
0.186440677966
1.26666666667
1.1
1.2
0.15
3.05
1.16666666667
1.08474576271
1.1
0.383333333333
1.6
1.5
0.133333333333
1.52542372881
0.933333333333
2.31666666667
1.31666666667
0.883333333333
1.27118644068
1.75
0.166666666667
1.5
0.766666666667
1.63333333333
0.813559322034
2.3
0.833333333333
0.333333333333
1.25
1.31666666667
1.71186440678
2.35
1.06666666667
0.333333333333
0.933333333333
0.508474576271
1.11666666667
0.35
0.95
1.45
1.46666666667
1.74576271186
1.48333333333
1.53333333333
1.05
2.21666666667
0.866666666667
0.0
0.816666666667
0.683333333333
3.0
0.5
1.37288135593
1.25
1.26666666667
0.633333333333
1.66666666667
--END OF 11--
0.216666666667
0.5
0.0
0.0
0.0
0.1
0.4
0.0
0.25
0.25
0.0
0.0
0.0
0.5
0.0
0.0833333333333
0.423728813559
0.116666666667
0.883333333333
0.5
0.333333333333
0.338983050847
0.4
0.0
1.0
0.0
0.0
0.508474576271
0.5
0.0
0.0
0.0
0.0
0.0
0.0
0.0
0.0
0.0
0.0
0.616666666667
0.35
0.9
0.0
0.0
0.0
0.466666666667
0.0833333333333
0.0
0.5
0.7
0.0
0.0
0.0
0.0
0.0
0.35593220339
0.6
0.316666666667
0.0
1.47368421053
--END OF 12--
