11.8166666667
13.2881355932
12.4
12.4
13.2166666667
12.7666666667
12.3
14.0677966102
12.9166666667
13.5333333333
12.25
12.4166666667
12.4833333333
13.1355932203
12.8
12.3
12.5833333333
13.3333333333
12.9
13.186440678
12.7166666667
12.5
12.8666666667
13.2166666667
11.8166666667
12.5762711864
12.8666666667
12.2833333333
12.7666666667
12.1666666667
12.1333333333
12.5423728814
12.5
12.4833333333
13.1
12.9333333333
12.7966101695
12.7333333333
11.9833333333
12.9333333333
12.3666666667
12.5333333333
12.0508474576
13.5333333333
12.9333333333
12.4666666667
13.7666666667
13.0166666667
12.406779661
12.7
13.0833333333
12.5666666667
13.15
13.0508474576
13.0333333333
13.6833333333
12.3166666667
12.3833333333
12.1833333333
11.9310344828
--END OF 1--
17.0666666667
17.0338983051
16.9833333333
16.3833333333
19.3333333333
17.8833333333
16.8333333333
18.5762711864
18.2666666667
17.85
16.7166666667
16.05
17.8333333333
18.2711864407
17.85
17.25
17.6333333333
17.2833333333
17.4
16.8305084746
16.75
17.2666666667
17.2
18.1166666667
17.1
16.406779661
16.5666666667
16.0833333333
16.7
16.8166666667
15.5833333333
17.0338983051
16.95
17.9333333333
16.9
17.7333333333
17.5593220339
16.7833333333
16.1666666667
17.0333333333
18.35
17.4
17.186440678
18.0166666667
16.9166666667
16.3
17.8166666667
17.2666666667
16.406779661
16.25
17.1333333333
17.1166666667
18.35
17.1016949153
17.5166666667
17.6
17.6166666667
16.6166666667
17.9833333333
16.0689655172
--END OF 2--
17.5666666667
17.3728813559
17.5833333333
16.8333333333
19.9833333333
18.4333333333
17.5
19.3050847458
19.0
18.15
16.9333333333
16.6166666667
18.4
18.9661016949
18.6
17.75
18.2333333333
17.6833333333
17.7
17.8813559322
17.0
17.2666666667
17.6666666667
19.15
18.9333333333
16.9322033898
18.85
17.0
17.15
17.5666666667
15.75
17.2203389831
17.15
18.0833333333
17.4
18.1833333333
17.9491525424
17.7333333333
16.5833333333
17.3166666667
19.6166666667
17.45
19.0338983051
18.35
17.85
16.9666666667
19.0166666667
17.3666666667
16.6610169492
16.65
17.2833333333
17.8666666667
18.9
18.1016949153
18.2666666667
18.6166666667
17.9
17.0833333333
18.45
16.5517241379
--END OF 3--
11.8166666667
13.2881355932
12.4
12.4
13.2166666667
12.7666666667
12.3
14.0677966102
12.9166666667
13.5333333333
12.25
12.4166666667
12.4833333333
13.1355932203
12.8
12.3
12.5833333333
13.3333333333
12.9
13.186440678
12.7166666667
12.5
12.8666666667
13.2166666667
11.8166666667
12.5762711864
12.8666666667
12.2833333333
12.7666666667
12.1666666667
12.1333333333
12.5423728814
12.5
12.4833333333
13.1
12.9333333333
12.7966101695
12.7333333333
11.9833333333
12.9333333333
12.3666666667
12.5333333333
12.0508474576
13.5333333333
12.9333333333
12.4666666667
13.7666666667
13.0166666667
12.406779661
12.7
13.0833333333
12.5666666667
13.15
13.0508474576
13.0333333333
13.6833333333
12.3166666667
12.3833333333
12.1833333333
11.9310344828
--END OF 4--
17.0666666667
17.0338983051
16.9833333333
16.3833333333
19.3333333333
17.8833333333
16.8333333333
18.5762711864
18.2666666667
17.85
16.7166666667
16.05
17.8333333333
18.2711864407
17.85
17.25
17.6333333333
17.2833333333
17.4
16.8305084746
16.75
17.2666666667
17.2
18.1166666667
17.1
16.406779661
16.5666666667
16.0833333333
16.7
16.8166666667
15.5833333333
17.0338983051
16.95
17.9333333333
16.9
17.7333333333
17.5593220339
16.7833333333
16.1666666667
17.0333333333
18.35
17.4
17.186440678
18.0166666667
16.9166666667
16.3
17.8166666667
17.2666666667
16.406779661
16.25
17.1333333333
17.1166666667
18.35
17.1016949153
17.5166666667
17.6
17.6166666667
16.6166666667
17.9833333333
16.0689655172
--END OF 5--
17.5666666667
17.3728813559
17.5833333333
16.8333333333
19.9833333333
18.4333333333
17.5
19.3050847458
19.0
18.15
16.9333333333
16.6166666667
18.4
18.9661016949
18.6
17.75
18.2333333333
17.6833333333
17.7
17.8813559322
17.0
17.2666666667
17.6666666667
19.15
18.9333333333
16.9322033898
18.85
17.0
17.15
17.5666666667
15.75
17.2203389831
17.15
18.0833333333
17.4
18.1833333333
17.9491525424
17.7333333333
16.5833333333
17.3166666667
19.6166666667
17.45
19.0338983051
18.35
17.85
16.9666666667
19.0166666667
17.3666666667
16.6610169492
16.65
17.2833333333
17.8666666667
18.9
18.1016949153
18.2666666667
18.6166666667
17.9
17.0833333333
18.45
16.5517241379
--END OF 6--
2374.35
2475.15254237
2373.3
2381.95
2533.7
2458.3
2327.25
2599.93220339
2431.2
2515.6
2445.05
2359.9
2366.6
2472.81355932
2381.4
2448.3
2358.75
2559.3
2472.15
2488.83050847
2399.85
2333.95
2399.8
2543.95
2351.1
2445.15254237
2496.85
2393.2
2523.15
2347.7
2322.1
2483.69491525
2423.85
2598.45
2428.2
2458.8
2448.71186441
2359.35
2425.3
2463.55
2406.3
2385.25
2387.13559322
2512.2
2486.55
2390.5
2642.75
2478.0
2419.22033898
2398.05
2443.2
2420.1
2429.25
2409.86440678
2404.15
2466.65
2355.65
2463.8
2459.9
2384.53448276
--END OF 7--
647.75
690.474576271
657.95
647.016666667
708.45
679.783333333
645.933333333
733.288135593
687.183333333
695.25
676.683333333
650.2
666.75
705.949152542
666.3
678.95
663.4
702.85
687.75
688.644067797
678.6
661.016666667
673.4
695.85
651.933333333
657.762711864
696.066666667
657.5
686.966666667
651.483333333
623.266666667
651.915254237
649.8
704.4
683.35
674.0
683.881355932
653.6
650.616666667
692.1
681.566666667
654.983333333
666.203389831
697.916666667
695.566666667
668.783333333
731.0
695.766666667
657.06779661
669.6
686.95
673.75
675.7
677.288135593
676.15
703.583333333
663.65
653.483333333
678.95
664.24137931
--END OF 8--
108.25
82.3898305085
100.783333333
84.0666666667
128.216666667
104.316666667
101.816666667
101.355932203
103.033333333
107.15
98.7166666667
93.8166666667
110.55
106.389830508
107.6
110.8
110.6
80.35
102.35
84.7796610169
84.0666666667
98.7166666667
92.2
106.35
96.8666666667
85.9322033898
81.9833333333
91.6333333333
94.0833333333
93.8666666667
73.5
99.3389830508
97.3
112.7
87.0
95.9
95.2033898305
106.266666667
84.8333333333
96.3833333333
103.916666667
100.266666667
95.9491525424
91.6333333333
90.1
88.65
104.033333333
94.6
96.406779661
86.6
101.8
92.05
107.3
95.4915254237
101.683333333
96.7833333333
101.533333333
94.2166666667
109.35
91.6896551724
--END OF 9--
4.4
4.40677966102
4.88333333333
4.3
7.3
4.91666666667
4.01666666667
3.35593220339
6.61666666667
3.0
3.01666666667
2.6
6.31666666667
3.28813559322
5.2
3.85
3.7
4.75
2.9
3.84745762712
4.0
5.1
3.53333333333
4.9
8.06666666667
4.38983050847
7.06666666667
4.41666666667
2.16666666667
4.35
1.85
4.49152542373
3.8
2.5
3.2
5.35
5.1186440678
3.13333333333
5.01666666667
2.2
7.63333333333
4.68333333333
6.45762711864
5.43333333333
2.88333333333
2.2
3.06666666667
2.45
3.77966101695
2.15
1.6
5.8
6.15
6.37288135593
5.35
6.43333333333
3.76666666667
5.35
5.1
3.39655172414
--END OF 10--
0.25
0.745762711864
0.516666666667
0.283333333333
0.7
0.683333333333
1.11666666667
0.627118644068
1.0
0.5
0.216666666667
0.666666666667
0.616666666667
0.864406779661
0.95
0.8
0.85
0.15
0.5
1.69491525424
0.5
0.0
0.7
1.8
2.1
0.694915254237
4.05
1.43333333333
0.5
1.5
0.316666666667
0.28813559322
0.4
0.5
0.85
0.45
0.28813559322
1.43333333333
0.483333333333
0.85
2.15
0.0833333333333
2.57627118644
0.383333333333
0.633333333333
0.866666666667
1.31666666667
0.183333333333
0.508474576271
0.4
0.1
1.0
0.85
1.30508474576
0.966666666667
0.5
0.333333333333
0.533333333333
0.566666666667
0.913793103448
--END OF 11--
0.0
0.0
0.0
0.0
0.0
0.166666666667
0.0
0.0
0.5
0.0
0.0
0.0
0.0
0.254237288136
0.25
0.0
0.5
0.0
0.5
0.0
0.0
0.0
0.233333333333
0.266666666667
0.0
0.508474576271
0.666666666667
0.333333333333
0.0
0.0
0.0
0.0
0.0
0.0
0.0
0.0
0.0
0.0
0.0
0.0
1.0
0.0
1.52542372881
0.0
0.0166666666667
0.483333333333
0.316666666667
0.183333333333
0.0
0.0
0.0
0.5
0.0
0.0
0.166666666667
0.0
0.0
0.0
0.0
0.0
--END OF 12--
