18.1666666667
17.65
16.9
17.5
18.3559322034
16.4
17.1833333333
18.1666666667
17.95
17.1333333333
16.186440678
17.8
17.9833333333
18.35
17.45
16.6833333333
17.1355932203
17.1166666667
16.8333333333
16.6833333333
16.0666666667
15.8
17.0169491525
16.7
18.35
17.0166666667
17.6166666667
16.6666666667
17.2711864407
17.8166666667
17.3666666667
16.7833333333
16.6666666667
16.5166666667
16.4915254237
17.2166666667
17.8666666667
17.3
17.05
17.6440677966
17.05
17.4
16.3666666667
17.4833333333
16.6166666667
17.186440678
18.7166666667
18.45
17.5333333333
16.9166666667
15.4333333333
16.6779661017
17.5166666667
17.3833333333
16.0833333333
16.2
16.4
16.4745762712
16.8166666667
17.1403508772
--END OF 1--
24.7
21.8
21.8
22.85
23.6779661017
22.15
24.0666666667
24.15
23.55
23.65
22.3220338983
23.85
23.3666666667
23.8
23.9
21.6833333333
22.593220339
22.9333333333
21.9
23.3166666667
21.4666666667
21.95
22.9661016949
21.9166666667
23.9833333333
22.6166666667
22.9666666667
22.1833333333
23.9661016949
24.7666666667
22.45
23.1166666667
23.8166666667
22.3833333333
23.0847457627
23.2166666667
23.9166666667
22.05
23.35
23.9830508475
22.95
22.6166666667
21.8833333333
23.5833333333
21.7166666667
22.813559322
25.55
25.1833333333
23.4166666667
22.8
21.7666666667
21.8474576271
23.8
23.3333333333
21.4333333333
20.7
23.15
22.6779661017
22.9333333333
24.1578947368
--END OF 2--
26.15
21.95
22.1
23.75
24.0169491525
22.8
24.8666666667
24.95
24.1833333333
24.8166666667
22.8644067797
25.05
23.9
24.0666666667
25.1833333333
21.6833333333
23.0
23.5833333333
22.55
24.15
21.9166666667
23.0
23.6271186441
22.3333333333
24.7666666667
23.3166666667
23.1166666667
22.4666666667
24.5084745763
25.35
23.1
24.2
25.5
23.6166666667
23.2881355932
24.1166666667
24.4666666667
22.9
23.8
26.9830508475
23.7333333333
23.6166666667
22.2666666667
24.2333333333
22.7166666667
24.4406779661
26.5666666667
26.1
23.9833333333
23.0
22.1166666667
22.4745762712
24.5166666667
24.2833333333
21.8833333333
20.7
23.7333333333
23.8474576271
23.2166666667
25.5087719298
--END OF 3--
18.1666666667
17.65
16.9
17.5
18.3559322034
16.4
17.1833333333
18.1666666667
17.95
17.1333333333
16.186440678
17.8
17.9833333333
18.35
17.45
16.6833333333
17.1355932203
17.1166666667
16.8333333333
16.6833333333
16.0666666667
15.8
17.0169491525
16.7
18.35
17.0166666667
17.6166666667
16.6666666667
17.2711864407
17.8166666667
17.3666666667
16.7833333333
16.6666666667
16.5166666667
16.4915254237
17.2166666667
17.8666666667
17.3
17.05
17.6440677966
17.05
17.4
16.3666666667
17.4833333333
16.6166666667
17.186440678
18.7166666667
18.45
17.5333333333
16.9166666667
15.4333333333
16.6779661017
17.5166666667
17.3833333333
16.0833333333
16.2
16.4
16.4745762712
16.8166666667
17.1403508772
--END OF 4--
24.7
21.8
21.8
22.85
23.6779661017
22.15
24.0666666667
24.15
23.55
23.65
22.3220338983
23.85
23.3666666667
23.8
23.9
21.6833333333
22.593220339
22.9333333333
21.9
23.3166666667
21.4666666667
21.95
22.9661016949
21.9166666667
23.9833333333
22.6166666667
22.9666666667
22.1833333333
23.9661016949
24.7666666667
22.45
23.1166666667
23.8166666667
22.3833333333
23.0847457627
23.2166666667
23.9166666667
22.05
23.35
23.9830508475
22.95
22.6166666667
21.8833333333
23.5833333333
21.7166666667
22.813559322
25.55
25.1833333333
23.4166666667
22.8
21.7666666667
21.8474576271
23.8
23.3333333333
21.4333333333
20.7
23.15
22.6779661017
22.9333333333
24.1578947368
--END OF 5--
26.15
21.95
22.1
23.75
24.0169491525
22.8
24.8666666667
24.95
24.1833333333
24.8166666667
22.8644067797
25.05
23.9
24.0666666667
25.1833333333
21.6833333333
23.0
23.5833333333
22.55
24.15
21.9166666667
23.0
23.6271186441
22.3333333333
24.7666666667
23.3166666667
23.1166666667
22.4666666667
24.5084745763
25.35
23.1
24.2
25.5
23.6166666667
23.2881355932
24.1166666667
24.4666666667
22.9
23.8
26.9830508475
23.7333333333
23.6166666667
22.2666666667
24.2333333333
22.7166666667
24.4406779661
26.5666666667
26.1
23.9833333333
23.0
22.1166666667
22.4745762712
24.5166666667
24.2833333333
21.8833333333
20.7
23.7333333333
23.8474576271
23.2166666667
25.5087719298
--END OF 6--
3406.25
3294.6
3139.65
3195.9
3472.72881356
3221.95
3359.95
3412.95
3439.2
3290.95
3204.91525424
3275.2
3323.15
3433.25
3241.7
3172.65
3322.16949153
3252.4
3302.8
3195.4
3144.6
3187.5
3315.71186441
3288.65
3426.4
3330.6
3274.0
3274.1
3330.0
3378.0
3158.6
3170.5
3193.15
3192.45
3185.94915254
3250.2
3351.3
3324.15
3147.9
3384.0
3267.15
3250.65
3149.35
3352.9
3318.25
3245.69491525
3483.05
3394.95
3293.8
3200.4
2958.3
3102.05084746
3388.1
3308.1
3133.05
3154.5
3192.25
3049.93220339
3251.6
3223.05263158
--END OF 7--
953.883333333
894.15
879.6
898.3
977.593220339
895.966666667
940.25
945.233333333
926.933333333
903.55
897.0
931.016666667
928.316666667
945.583333333
897.483333333
875.483333333
914.728813559
902.033333333
890.033333333
883.8
881.45
885.4
932.542372881
899.533333333
968.6
903.25
897.166666667
893.75
908.644067797
924.333333333
866.183333333
876.583333333
882.533333333
883.116666667
884.220338983
913.05
927.05
890.3
887.25
919.169491525
898.766666667
900.1
865.8
939.533333333
890.116666667
893.779661017
970.55
961.583333333
896.633333333
889.533333333
817.033333333
850.966101695
944.35
906.0
864.8
862.8
880.2
845.576271186
900.75
896.578947368
--END OF 8--
140.95
109.55
116.7
115.35
139.830508475
127.966666667
133.95
137.8
125.45
135.716666667
133.745762712
137.516666667
121.883333333
131.216666667
128.566666667
110.0
133.423728814
128.8
129.583333333
136.933333333
125.55
138.2
138.745762712
125.9
118.766666667
120.25
136.2
118.366666667
138.016949153
149.433333333
127.65
130.6
137.516666667
127.2
126.745762712
136.7
132.6
110.45
132.6
142.406779661
121.35
129.3
122.15
128.883333333
115.3
127.898305085
142.916666667
144.066666667
126.333333333
125.85
137.916666667
128.779661017
140.633333333
136.2
121.05
106.35
127.933333333
135.13559322
133.716666667
141.157894737
--END OF 9--
7.1
2.05
3.3
5.15
1.13559322034
4.38333333333
9.26666666667
4.48333333333
3.7
5.73333333333
3.89830508475
4.75
2.38333333333
2.41666666667
7.23333333333
3.15
2.98305084746
7.11666666667
3.3
4.6
1.45
4.65
2.91525423729
4.53333333333
4.51666666667
3.56666666667
2.9
2.3
7.08474576271
8.85
5.41666666667
5.53333333333
9.63333333333
6.18333333333
6.40677966102
4.8
5.2
2.85
3.8
11.0508474576
7.96666666667
4.8
4.85
4.18333333333
4.81666666667
5.66101694915
8.21666666667
4.11666666667
5.15
4.35
3.56666666667
3.62711864407
3.51666666667
4.6
3.4
2.1
7.66666666667
7.38983050847
2.38333333333
8.89473684211
--END OF 10--
1.93333333333
0.0
0.35
1.25
0.406779661017
0.983333333333
0.533333333333
0.483333333333
0.783333333333
1.2
1.0
1.65
0.883333333333
0.333333333333
1.16666666667
0.0
0.508474576271
0.766666666667
1.0
1.01666666667
0.35
1.5
0.576271186441
0.733333333333
0.683333333333
0.8
0.183333333333
0.566666666667
1.35593220339
1.41666666667
1.18333333333
1.23333333333
1.6
1.0
0.0
1.4
0.9
0.85
0.6
3.47457627119
0.566666666667
1.48333333333
0.9
0.583333333333
1.45
2.5593220339
1.66666666667
1.45
0.95
0.0
0.5
1.22033898305
0.9
0.9
0.0
0.0
0.9
2.13559322034
0.283333333333
1.78947368421
--END OF 11--
0.433333333333
0.0
0.0
0.5
0.0
0.0
0.0
0.0
0.0
0.316666666667
0.0
0.0
0.0
0.0666666666667
0.933333333333
0.0
0.508474576271
0.0666666666667
0.2
0.483333333333
0.35
0.0
0.338983050847
0.0
0.0
0.0
0.166666666667
0.0
0.0
0.0
0.0
0.0166666666667
0.483333333333
0.5
0.0
0.5
0.0
0.3
0.2
1.01694915254
0.0
0.0
0.0
0.433333333333
0.0
0.508474576271
0.0
0.0
0.0
0.0
0.0
0.0
0.1
0.4
0.0
0.0
0.0
0.0
0.0
0.526315789474
--END OF 12--
