14.5833333333
16.2166666667
15.9830508475
14.2833333333
15.6833333333
15.4166666667
15.5333333333
16.65
16.4576271186
16.3333333333
16.25
15.9166666667
14.3833333333
17.0333333333
15.2203389831
16.7
15.3333333333
15.2166666667
16.25
15.0677966102
15.6333333333
15.5
15.7666666667
16.45
16.75
15.2711864407
15.3166666667
15.3833333333
15.9833333333
15.7333333333
16.6666666667
14.8813559322
16.1833333333
16.1
15.55
15.9666666667
16.35
15.7457627119
15.8833333333
15.5
15.9666666667
16.0
14.593220339
15.8333333333
15.1666666667
15.75
14.1833333333
17.15
15.7288135593
16.6666666667
16.65
16.2166666667
15.35
14.65
16.1016949153
15.3833333333
14.8666666667
16.3333333333
14.8833333333
15.9824561404
--END OF 1--
20.3166666667
25.5833333333
22.3389830508
21.1333333333
21.6166666667
20.65
21.65
22.6
22.0847457627
22.2833333333
22.4
21.8166666667
21.7166666667
23.1333333333
21.7118644068
24.6333333333
22.7
22.6166666667
23.0666666667
21.4406779661
22.0166666667
20.55
22.8166666667
21.8333333333
23.3666666667
21.3728813559
21.4833333333
21.7833333333
22.3833333333
21.1833333333
22.8666666667
21.8305084746
23.2833333333
22.0666666667
21.5666666667
22.45
23.0166666667
22.8474576271
20.3666666667
21.5666666667
24.2
22.1
20.4576271186
21.6333333333
20.6333333333
22.55
20.1833333333
23.2
23.593220339
22.8833333333
22.7833333333
21.8333333333
21.1166666667
20.75
20.2203389831
22.0
22.3333333333
22.2666666667
20.7333333333
23.8771929825
--END OF 2--
20.55
26.45
23.8305084746
21.9833333333
22.3
21.95
23.1333333333
23.95
23.1186440678
23.0333333333
23.35
21.9166666667
22.1833333333
23.4333333333
21.813559322
24.7833333333
22.9166666667
22.9166666667
23.45
22.2711864407
22.4
20.8
23.4166666667
22.3833333333
24.0833333333
21.7627118644
21.8666666667
22.3333333333
23.7333333333
22.1333333333
23.7166666667
22.2881355932
23.8333333333
23.05
23.8666666667
23.6833333333
23.0166666667
24.0847457627
21.3333333333
21.6666666667
24.8166666667
22.5166666667
21.9661016949
23.0833333333
21.5
22.9833333333
20.4333333333
24.25
24.2542372881
23.3333333333
22.9666666667
22.0833333333
21.9
22.2166666667
20.2881355932
22.5833333333
23.0666666667
22.75
21.75
24.3157894737
--END OF 3--
14.5833333333
16.2166666667
15.9830508475
14.2833333333
15.6833333333
15.4166666667
15.5333333333
16.65
16.4576271186
16.3333333333
16.25
15.9166666667
14.3833333333
17.0333333333
15.2203389831
16.7
15.3333333333
15.2166666667
16.25
15.0677966102
15.6333333333
15.5
15.7666666667
16.45
16.75
15.2711864407
15.3166666667
15.3833333333
15.9833333333
15.7333333333
16.6666666667
14.8813559322
16.1833333333
16.1
15.55
15.9666666667
16.35
15.7457627119
15.8833333333
15.5
15.9666666667
16.0
14.593220339
15.8333333333
15.1666666667
15.75
14.1833333333
17.15
15.7288135593
16.6666666667
16.65
16.2166666667
15.35
14.65
16.1016949153
15.3833333333
14.8666666667
16.3333333333
14.8833333333
15.9824561404
--END OF 4--
20.3166666667
25.5833333333
22.3389830508
21.1333333333
21.6166666667
20.65
21.65
22.6
22.0847457627
22.2833333333
22.4
21.8166666667
21.7166666667
23.1333333333
21.7118644068
24.6333333333
22.7
22.6166666667
23.0666666667
21.4406779661
22.0166666667
20.55
22.8166666667
21.8333333333
23.3666666667
21.3728813559
21.4833333333
21.7833333333
22.3833333333
21.1833333333
22.8666666667
21.8305084746
23.2833333333
22.0666666667
21.5666666667
22.45
23.0166666667
22.8474576271
20.3666666667
21.5666666667
24.2
22.1
20.4576271186
21.6333333333
20.6333333333
22.55
20.1833333333
23.2
23.593220339
22.8833333333
22.7833333333
21.8333333333
21.1166666667
20.75
20.2203389831
22.0
22.3333333333
22.2666666667
20.7333333333
23.8771929825
--END OF 5--
20.55
26.45
23.8305084746
21.9833333333
22.3
21.95
23.1333333333
23.95
23.1186440678
23.0333333333
23.35
21.9166666667
22.1833333333
23.4333333333
21.813559322
24.7833333333
22.9166666667
22.9166666667
23.45
22.2711864407
22.4
20.8
23.4166666667
22.3833333333
24.0833333333
21.7627118644
21.8666666667
22.3333333333
23.7333333333
22.1333333333
23.7166666667
22.2881355932
23.8333333333
23.05
23.8666666667
23.6833333333
23.0166666667
24.0847457627
21.3333333333
21.6666666667
24.8166666667
22.5166666667
21.9661016949
23.0833333333
21.5
22.9833333333
20.4333333333
24.25
24.2542372881
23.3333333333
22.9666666667
22.0833333333
21.9
22.2166666667
20.2881355932
22.5833333333
23.0666666667
22.75
21.75
24.3157894737
--END OF 6--
2732.6
3060.95
3025.52542373
2796.9
2872.8
2867.3
2860.95
2958.85
3047.33898305
3025.2
3010.2
2974.8
2771.1
3170.25
2901.50847458
3113.2
2856.2
2916.7
2971.8
2844.76271186
3025.4
2787.1
2967.7
3035.55
3048.9
2863.52542373
2835.45
2972.7
3178.5
2953.65
3154.05
2955.0
3230.55
2987.35
3032.65
2998.7
3000.8
3004.16949153
2847.55
2858.5
3041.55
3072.15
2850.96610169
2924.7
2868.45
2963.1
2726.25
3169.65
3102.05084746
3109.0
3085.45
3023.05
2958.65
2840.9
3006.3559322
2822.35
2890.4
3146.9
2853.2
3070.63157895
--END OF 7--
757.35
867.583333333
855.423728814
780.016666667
803.766666667
802.083333333
807.883333333
844.916666667
847.254237288
837.4
843.85
833.45
778.45
878.6
813.13559322
885.916666667
818.816666667
811.766666667
837.383333333
797.474576271
841.216666667
793.216666667
834.816666667
848.316666667
864.416666667
803.525423729
813.216666667
828.55
865.7
826.2
867.25
825.762711864
900.116666667
847.566666667
854.466666667
836.066666667
850.666666667
832.677966102
796.666666667
805.483333333
851.55
859.983333333
789.898305085
808.2
788.933333333
834.783333333
753.55
880.75
855.474576271
865.033333333
867.8
838.2
822.183333333
792.616666667
828.644067797
798.55
806.866666667
863.083333333
809.016666667
850.0
--END OF 8--
117.983333333
159.316666667
131.118644068
123.616666667
125.816666667
126.016666667
134.85
139.483333333
119.220338983
132.75
140.6
134.4
141.883333333
134.7
131.118644068
148.6
141.9
135.883333333
143.033333333
134.779661017
123.333333333
111.533333333
131.866666667
118.833333333
143.5
121.152542373
129.766666667
121.6
140.35
115.45
135.25
144.016949153
151.166666667
130.633333333
130.9
135.616666667
139.716666667
132.0
116.6
137.15
158.033333333
127.8
127.372881356
133.25
110.2
138.45
116.25
121.35
150.813559322
133.5
124.566666667
131.116666667
115.916666667
130.283333333
109.0
126.65
137.15
131.433333333
121.266666667
135.578947368
--END OF 9--
3.7
9.71666666667
7.62711864407
6.81666666667
2.7
4.26666666667
7.65
5.18333333333
2.76271186441
5.8
4.4
2.7
5.46666666667
4.85
3.54237288136
6.81666666667
3.98333333333
7.18333333333
6.88333333333
5.50847457627
5.1
3.16666666667
6.2
5.06666666667
7.0
4.10169491525
4.68333333333
5.8
6.05
4.65
6.05
5.54237288136
2.13333333333
5.26666666667
7.9
6.71666666667
4.16666666667
6.05084745763
4.23333333333
0.3
7.53333333333
4.8
5.32203389831
6.15
5.08333333333
3.03333333333
4.9
6.3
3.35593220339
5.08333333333
5.65
3.11666666667
5.28333333333
7.46666666667
2.61016949153
6.66666666667
7.96666666667
6.11666666667
6.1
9.29824561404
--END OF 10--
0.55
1.28333333333
1.79661016949
1.4
1.13333333333
2.51666666667
1.41666666667
2.01666666667
1.32203389831
0.95
0.5
0.2
0.866666666667
0.1
0.0
0.283333333333
0.55
0.133333333333
0.533333333333
1.01694915254
0.7
0.0
1.16666666667
0.683333333333
0.933333333333
0.389830508475
0.516666666667
0.8
1.9
1.3
0.5
0.508474576271
0.7
0.983333333333
3.18333333333
1.6
0.0333333333333
1.27118644068
1.35
0.15
1.03333333333
0.45
1.59322033898
1.65
1.3
0.716666666667
0.3
1.85
1.06779661017
0.6
0.2
0.45
0.783333333333
2.45
0.186440677966
1.13333333333
0.733333333333
0.35
1.7
0.0
--END OF 11--
0.0
0.0
0.0
0.5
0.466666666667
0.0333333333333
0.716666666667
0.283333333333
0.0
0.0
0.5
0.0
0.0
0.0
0.0
0.0
0.0
0.05
0.316666666667
0.0
0.0
0.0
0.0
0.283333333333
0.5
0.389830508475
0.0
0.0
0.0
1.0
0.0
0.0
0.233333333333
0.266666666667
0.483333333333
0.0166666666667
0.0
0.508474576271
0.0
0.0166666666667
0.283333333333
0.0
0.0
0.0
0.166666666667
0.0
0.0
0.0
0.0
0.0
0.0
0.0
0.233333333333
0.266666666667
0.0
0.0
0.366666666667
0.133333333333
0.0
0.0
--END OF 12--
