10.0333333333
9.43333333333
9.43333333333
7.52542372881
9.63333333333
9.33333333333
9.9
9.23333333333
8.95
9.08474576271
9.33333333333
8.95
8.81666666667
7.83333333333
8.96666666667
8.52542372881
8.58333333333
10.1
9.41666666667
9.53333333333
8.69491525424
9.7
8.95
8.85
9.78333333333
9.08333333333
9.18644067797
8.68333333333
8.75
9.18333333333
9.51666666667
9.37288135593
8.88333333333
8.9
8.75
9.66666666667
9.84745762712
9.15
9.25
9.26666666667
8.41666666667
9.77966101695
9.3
7.96666666667
9.45
9.16666666667
9.47457627119
9.58333333333
9.05
8.6
7.68333333333
7.91666666667
9.0
9.2
9.05
8.8
9.0
8.86440677966
8.71666666667
8.49122807018
--END OF 1--
11.9666666667
11.4833333333
11.7833333333
10.0847457627
11.5833333333
11.9833333333
11.65
11.3333333333
10.9
11.7966101695
11.4666666667
11.6833333333
12.4666666667
10.4166666667
11.5833333333
10.3728813559
10.9833333333
11.75
12.05
11.8
11.0
11.75
11.3
11.55
12.3333333333
11.5833333333
11.0338983051
10.8333333333
10.75
12.0833333333
11.65
11.8644067797
11.3166666667
11.3166666667
11.75
12.3833333333
12.2203389831
11.4
11.0
11.8666666667
11.0166666667
11.8305084746
11.6166666667
9.8
12.1833333333
10.9833333333
12.4915254237
11.5833333333
11.1
11.0166666667
9.76666666667
10.2
11.8305084746
11.2
11.55
11.95
11.15
11.4237288136
10.3166666667
10.7719298246
--END OF 2--
12.45
11.7166666667
12.0666666667
10.5423728814
12.0333333333
12.5833333333
13.1
11.5333333333
11.3
11.8305084746
12.1666666667
12.15
12.8
11.4333333333
11.7833333333
10.6440677966
11.3166666667
11.75
12.3666666667
12.5333333333
11.7118644068
11.8
11.3
11.55
12.7333333333
12.6833333333
11.4406779661
10.8333333333
10.75
12.2833333333
11.9333333333
12.813559322
11.4
11.4166666667
11.75
12.7333333333
13.0847457627
12.1
11.25
11.8666666667
11.5166666667
11.8305084746
11.8666666667
10.1833333333
12.5833333333
11.45
12.8644067797
12.0666666667
11.25
11.3166666667
10.4166666667
10.6166666667
12.3728813559
11.3
11.7
12.1
11.4
11.7796610169
10.4666666667
11.701754386
--END OF 3--
10.0333333333
9.43333333333
9.43333333333
7.52542372881
9.63333333333
9.33333333333
9.9
9.23333333333
8.95
9.08474576271
9.33333333333
8.95
8.81666666667
7.83333333333
8.96666666667
8.52542372881
8.58333333333
10.1
9.41666666667
9.53333333333
8.69491525424
9.7
8.95
8.85
9.78333333333
9.08333333333
9.18644067797
8.68333333333
8.75
9.18333333333
9.51666666667
9.37288135593
8.88333333333
8.9
8.75
9.66666666667
9.84745762712
9.15
9.25
9.26666666667
8.41666666667
9.77966101695
9.3
7.96666666667
9.45
9.16666666667
9.47457627119
9.58333333333
9.05
8.6
7.68333333333
7.91666666667
9.0
9.2
9.05
8.8
9.0
8.86440677966
8.71666666667
8.49122807018
--END OF 4--
11.9666666667
11.4833333333
11.7833333333
10.0847457627
11.5833333333
11.9833333333
11.65
11.3333333333
10.9
11.7966101695
11.4666666667
11.6833333333
12.4666666667
10.4166666667
11.5833333333
10.3728813559
10.9833333333
11.75
12.05
11.8
11.0
11.75
11.3
11.55
12.3333333333
11.5833333333
11.0338983051
10.8333333333
10.75
12.0833333333
11.65
11.8644067797
11.3166666667
11.3166666667
11.75
12.3833333333
12.2203389831
11.4
11.0
11.8666666667
11.0166666667
11.8305084746
11.6166666667
9.8
12.1833333333
10.9833333333
12.4915254237
11.5833333333
11.1
11.0166666667
9.76666666667
10.2
11.8305084746
11.2
11.55
11.95
11.15
11.4237288136
10.3166666667
10.7719298246
--END OF 5--
12.45
11.7166666667
12.0666666667
10.5423728814
12.0333333333
12.5833333333
13.1
11.5333333333
11.3
11.8305084746
12.1666666667
12.15
12.8
11.4333333333
11.7833333333
10.6440677966
11.3166666667
11.75
12.3666666667
12.5333333333
11.7118644068
11.8
11.3
11.55
12.7333333333
12.6833333333
11.4406779661
10.8333333333
10.75
12.2833333333
11.9333333333
12.813559322
11.4
11.4166666667
11.75
12.7333333333
13.0847457627
12.1
11.25
11.8666666667
11.5166666667
11.8305084746
11.8666666667
10.1833333333
12.5833333333
11.45
12.8644067797
12.0666666667
11.25
11.3166666667
10.4166666667
10.6166666667
12.3728813559
11.3
11.7
12.1
11.4
11.7796610169
10.4666666667
11.701754386
--END OF 6--
1876.9
1881.2
1790.0
1665.96610169
1799.1
1818.15
1871.1
1800.15
1703.7
1738.52542373
1814.1
1756.4
1789.65
1669.95
1804.85
1825.06779661
1788.8
1912.25
1896.3
1840.4
1706.03389831
1852.5
1784.7
1766.25
1810.2
1744.95
1749.45762712
1677.8
1728.45
1817.8
1831.25
1796.6440678
1762.6
1752.8
1765.85
1873.8
1819.62711864
1672.5
1765.95
1794.6
1802.85
1853.13559322
1852.45
1760.15
1829.8
1703.7
1847.38983051
1819.5
1800.05
1709.8
1683.9
1756.2
1750.47457627
1777.95
1786.2
1705.8
1744.5
1735.6779661
1743.95
1692.15789474
--END OF 7--
512.516666667
510.85
505.6
442.762711864
499.4
503.6
522.5
504.55
467.7
488.305084746
493.333333333
488.566666667
502.133333333
461.033333333
493.116666667
497.508474576
489.516666667
526.25
528.65
510.916666667
478.796610169
517.75
503.9
494.15
515.75
487.8
486.661016949
473.266666667
467.8
499.383333333
507.866666667
500.610169492
481.8
482.166666667
494.266666667
523.566666667
507.372881356
484.85
485.8
507.35
500.6
511.084745763
502.116666667
474.683333333
510.133333333
480.366666667
513.983050847
506.833333333
486.883333333
473.216666667
457.35
472.516666667
493.491525424
494.2
486.75
482.25
494.3
479.491525424
464.083333333
470.561403509
--END OF 8--
61.8
55.8
54.55
55.5593220339
48.25
55.95
57.2
49.15
48.8
63.3898305085
60.1166666667
60.9333333333
72.7166666667
49.1333333333
58.2833333333
49.7966101695
57.8666666667
49.7
62.2833333333
60.0
57.9491525424
51.25
52.6
59.3
68.3
62.25
53.7288135593
54.0666666667
52.1333333333
61.2166666667
54.9833333333
69.0169491525
57.7
57.85
67.5166666667
67.0833333333
67.3728813559
54.9
50.55
58.05
59.2
56.0847457627
55.4666666667
49.9
61.15
46.35
63.8474576271
49.25
57.85
58.2333333333
52.2333333333
48.3166666667
57.4745762712
54.05
56.85
60.8
50.9
54.2372881356
46.05
50.7894736842
--END OF 9--
2.1
1.23333333333
1.41666666667
1.74576271186
2.25
2.8
3.05
0.7
2.1
2.45762711864
3.48333333333
2.08333333333
3.16666666667
4.26666666667
1.65
0.389830508475
1.61666666667
1.15
3.31666666667
3.03333333333
2.69491525424
1.5
1.3
0.65
2.5
3.65
0.762711864407
0.0
0.5
3.21666666667
1.21666666667
1.93220338983
0.633333333333
1.53333333333
0.966666666667
2.63333333333
3.81355932203
3.1
1.9
2.8
1.4
1.98305084746
1.88333333333
1.33333333333
2.18333333333
2.53333333333
2.38983050847
1.21666666667
1.0
0.933333333333
2.06666666667
1.53333333333
5.15254237288
1.0
1.6
3.6
2.55
2.64406779661
0.933333333333
2.57894736842
--END OF 10--
0.683333333333
0.383333333333
0.6
0.745762711864
0.95
0.65
2.2
0.3
0.5
0.0338983050847
0.55
0.55
0.466666666667
1.63333333333
0.266666666667
0.389830508475
0.616666666667
0.0
0.2
1.3
0.915254237288
0.1
0.0
0.1
0.4
1.5
0.508474576271
0.0
0.0
0.0
0.433333333333
1.42372881356
0.166666666667
0.0
0.0
0.716666666667
0.796610169492
1.0
0.5
0.0
0.5
0.0
0.5
0.233333333333
0.633333333333
0.633333333333
0.474576271186
0.533333333333
0.0
0.616666666667
0.883333333333
0.216666666667
0.491525423729
0.3
0.0
0.0
0.35
0.661016949153
0.5
0.929824561404
--END OF 11--
0.366666666667
0.133333333333
0.0
0.0
0.35
0.65
0.25
0.25
0.5
0.0
0.0
0.0
0.0333333333333
0.466666666667
0.0
0.0
0.0
0.0
0.0666666666667
0.433333333333
0.0
0.0
0.0
0.0
0.0
0.5
0.508474576271
0.0
0.0
0.0
0.0
0.0
0.0
0.0
0.0
0.0
0.508474576271
0.5
0.0
0.0
0.0
0.0
0.0
0.0
0.283333333333
0.216666666667
0.0
0.5
0.0
0.0
0.0
0.0
0.0
0.0
0.0
0.0
0.0
0.508474576271
0.0
0.40350877193
--END OF 12--
