12.9
12.55
14.15
12.75
12.9491525424
13.2166666667
13.95
12.5833333333
12.8666666667
13.0833333333
12.8305084746
13.25
13.7833333333
12.1833333333
12.6166666667
13.1186440678
13.0166666667
13.1666666667
12.7
12.7166666667
13.75
14.6610169492
12.1166666667
13.15
12.3666666667
13.7833333333
14.3220338983
12.9166666667
13.3333333333
12.2666666667
12.7833333333
13.8644067797
13.4833333333
13.3833333333
13.2
13.2
13.4237288136
13.95
13.2666666667
13.3333333333
14.3666666667
12.7966101695
13.0
14.1
13.4
12.05
12.3220338983
13.2
13.6833333333
12.65
12.8833333333
14.813559322
12.85
12.8
12.8
12.3333333333
13.8305084746
13.4333333333
12.9666666667
13.6379310345
--END OF 1--
19.75
18.8
19.15
18.5
17.3728813559
18.2833333333
19.15
19.05
17.65
18.1833333333
17.7118644068
18.3666666667
19.0166666667
17.8166666667
17.6166666667
18.6610169492
19.1666666667
18.6166666667
18.7
19.5166666667
19.3
19.3728813559
17.0
19.0
18.05
19.2166666667
18.9491525424
19.1666666667
19.7
18.8
19.1333333333
19.3050847458
19.9166666667
18.6833333333
18.45
17.0
20.1186440678
19.2333333333
17.8833333333
19.2333333333
20.5
19.3898305085
17.75
19.45
18.6666666667
18.0
17.9661016949
19.1833333333
17.8833333333
17.45
17.9833333333
21.3050847458
18.1166666667
17.5166666667
18.0166666667
18.8333333333
20.0508474576
19.25
18.8833333333
19.9482758621
--END OF 2--
20.4
20.1
20.7
19.6
17.9830508475
18.3333333333
20.15
19.45
18.35
18.5666666667
18.6949152542
18.8666666667
20.1833333333
18.0
17.9833333333
18.8983050847
19.6
19.5166666667
19.55
20.6666666667
19.65
20.5423728814
17.35
19.3333333333
18.4666666667
19.7166666667
19.1694915254
19.9166666667
20.3833333333
20.6
20.1833333333
20.0
21.0333333333
19.9333333333
19.35
18.55
20.8305084746
19.85
18.3833333333
20.1666666667
21.4666666667
19.3898305085
18.8666666667
19.8833333333
19.9
19.0666666667
18.4237288136
19.9333333333
18.8333333333
17.75
19.0333333333
21.3559322034
19.3166666667
18.6
18.1166666667
19.8666666667
20.593220339
19.7666666667
19.7666666667
20.1034482759
--END OF 3--
12.9
12.55
14.15
12.75
12.9491525424
13.2166666667
13.95
12.5833333333
12.8666666667
13.0833333333
12.8305084746
13.25
13.7833333333
12.1833333333
12.6166666667
13.1186440678
13.0166666667
13.1666666667
12.7
12.7166666667
13.75
14.6610169492
12.1166666667
13.15
12.3666666667
13.7833333333
14.3220338983
12.9166666667
13.3333333333
12.2666666667
12.7833333333
13.8644067797
13.4833333333
13.3833333333
13.2
13.2
13.4237288136
13.95
13.2666666667
13.3333333333
14.3666666667
12.7966101695
13.0
14.1
13.4
12.05
12.3220338983
13.2
13.6833333333
12.65
12.8833333333
14.813559322
12.85
12.8
12.8
12.3333333333
13.8305084746
13.4333333333
12.9666666667
13.6379310345
--END OF 4--
19.75
18.8
19.15
18.5
17.3728813559
18.2833333333
19.15
19.05
17.65
18.1833333333
17.7118644068
18.3666666667
19.0166666667
17.8166666667
17.6166666667
18.6610169492
19.1666666667
18.6166666667
18.7
19.5166666667
19.3
19.3728813559
17.0
19.0
18.05
19.2166666667
18.9491525424
19.1666666667
19.7
18.8
19.1333333333
19.3050847458
19.9166666667
18.6833333333
18.45
17.0
20.1186440678
19.2333333333
17.8833333333
19.2333333333
20.5
19.3898305085
17.75
19.45
18.6666666667
18.0
17.9661016949
19.1833333333
17.8833333333
17.45
17.9833333333
21.3050847458
18.1166666667
17.5166666667
18.0166666667
18.8333333333
20.0508474576
19.25
18.8833333333
19.9482758621
--END OF 5--
20.4
20.1
20.7
19.6
17.9830508475
18.3333333333
20.15
19.45
18.35
18.5666666667
18.6949152542
18.8666666667
20.1833333333
18.0
17.9833333333
18.8983050847
19.6
19.5166666667
19.55
20.6666666667
19.65
20.5423728814
17.35
19.3333333333
18.4666666667
19.7166666667
19.1694915254
19.9166666667
20.3833333333
20.6
20.1833333333
20.0
21.0333333333
19.9333333333
19.35
18.55
20.8305084746
19.85
18.3833333333
20.1666666667
21.4666666667
19.3898305085
18.8666666667
19.8833333333
19.9
19.0666666667
18.4237288136
19.9333333333
18.8333333333
17.75
19.0333333333
21.3559322034
19.3166666667
18.6
18.1166666667
19.8666666667
20.593220339
19.7666666667
19.7666666667
20.1034482759
--END OF 6--
2458.5
2420.4
2646.6
2505.6
2454.15254237
2454.75
2540.3
2534.95
2558.1
2485.55
2386.77966102
2441.55
2560.15
2452.55
2381.05
2561.44067797
2496.3
2453.75
2472.75
2613.45
2582.25
2584.47457627
2346.9
2570.0
2349.5
2618.8
2599.37288136
2416.65
2512.55
2429.1
2435.9
2564.69491525
2552.75
2537.55
2413.95
2445.6
2582.79661017
2524.1
2354.4
2485.5
2653.55
2460.86440678
2374.75
2631.6
2577.0
2429.4
2405.49152542
2466.25
2511.9
2357.1
2441.55
2786.54237288
2489.4
2414.95
2430.9
2443.8
2596.83050847
2545.7
2431.8
2556.25862069
--END OF 7--
703.5
674.35
729.4
694.15
678.186440678
693.6
730.733333333
707.183333333
685.5
698.433333333
663.881355932
685.233333333
711.983333333
661.15
666.75
698.033898305
701.416666667
697.933333333
686.55
726.25
722.9
735.508474576
647.283333333
715.583333333
661.65
722.95
716.508474576
680.066666667
700.416666667
679.683333333
684.933333333
718.084745763
718.333333333
700.85
691.65
685.35
730.203389831
722.4
679.6
702.016666667
742.066666667
678.457627119
671.566666667
738.333333333
711.716666667
667.55
668.457627119
697.916666667
694.0
654.1
677.45
768.355932203
695.816666667
664.966666667
670.783333333
672.766666667
721.881355932
706.6
680.85
715.913793103
--END OF 8--
126.05
125.8
115.85
125.85
103.847457627
106.266666667
120.433333333
135.416666667
104.033333333
107.566666667
109.627118644
106.466666667
110.466666667
120.5
100.166666667
104.525423729
114.033333333
124.55
110.5
116.1
102.1
112.084745763
104.15
115.283333333
108.333333333
114.316666667
109.542372881
113.416666667
132.533333333
118.2
116.333333333
111.949152542
132.116666667
111.7
104.2
95.5
126.559322034
112.816666667
109.983333333
119.7
125.7
116.372881356
100.666666667
114.283333333
109.35
119.583333333
106.576271186
128.416666667
108.35
114.85
104.95
120.13559322
115.95
105.616666667
110.666666667
122.183333333
130.491525424
131.95
107.65
124.465517241
--END OF 9--
7.6
8.35
8.4
4.75
3.30508474576
3.06666666667
5.63333333333
4.71666666667
4.15
3.21666666667
3.25423728814
4.6
6.05
3.7
4.03333333333
6.10169491525
4.73333333333
3.75
7.05
8.95
6.55
6.98305084746
3.58333333333
3.9
5.23333333333
4.96666666667
1.76271186441
7.25
5.68333333333
8.41666666667
9.5
5.5593220339
4.61666666667
7.5
4.25
3.85
5.30508474576
3.91666666667
4.76666666667
6.1
4.93333333333
6.94915254237
8.41666666667
3.73333333333
4.46666666667
7.18333333333
5.66101694915
2.96666666667
3.55
3.3
7.5
7.10169491525
4.33333333333
5.01666666667
3.36666666667
8.38333333333
5.23728813559
2.85
7.55
5.08620689655
--END OF 10--
1.0
2.15
1.85
1.75
0.762711864407
0.283333333333
1.53333333333
0.416666666667
1.0
0.533333333333
1.49152542373
1.0
1.96666666667
0.0333333333333
0.633333333333
0.372881355932
0.9
0.85
0.5
1.15
0.45
1.66101694915
0.416666666667
0.5
0.533333333333
0.466666666667
0.271186440678
1.2
0.766666666667
2.65
1.11666666667
1.1186440678
1.96666666667
1.8
1.0
2.55
1.25423728814
1.08333333333
0.5
1.01666666667
1.46666666667
0.0338983050847
1.98333333333
0.666666666667
1.46666666667
1.18333333333
0.64406779661
1.13333333333
1.35
0.2
2.15
0.152542372881
1.61666666667
1.71666666667
0.383333333333
1.88333333333
0.983050847458
0.666666666667
0.983333333333
0.0
--END OF 11--
0.0
0.0
0.0
0.25
0.254237288136
0.0
0.0
0.0
0.0
0.0
0.0
0.0
0.466666666667
0.0333333333333
0.0
0.0
0.0
0.0
0.05
0.45
0.15
0.864406779661
0.0
0.0
0.0
0.0
0.0
0.0
0.3
0.0
0.5
0.0
0.0
0.0
0.4
0.8
0.169491525424
0.0
0.0
0.0333333333333
0.466666666667
0.0
0.0
0.0
0.216666666667
0.283333333333
0.254237288136
0.116666666667
0.0
0.0
0.0
0.0
0.883333333333
0.116666666667
0.0
0.0
0.0
0.5
0.0
0.0
--END OF 12--
