12.2333333333
14.0333333333
12.85
14.2333333333
12.5166666667
13.1186440678
12.6166666667
12.9833333333
13.8666666667
13.2666666667
13.4
12.7666666667
12.9491525424
13.0
13.2666666667
13.3666666667
12.406779661
12.45
13.4
13.2666666667
13.3166666667
13.1355932203
13.1
12.4166666667
12.5333333333
12.3833333333
14.3220338983
13.9666666667
13.55
12.5333333333
12.6333333333
12.9661016949
12.2666666667
11.7833333333
13.0833333333
13.7166666667
13.186440678
13.55
13.6
13.5
12.1833333333
11.7457627119
13.5333333333
12.4166666667
13.4666666667
13.5
13.0847457627
12.0833333333
12.4166666667
12.3
11.8
13.593220339
13.6
12.9833333333
12.1833333333
12.9333333333
12.25
13.5593220339
13.25
12.8703703704
--END OF 1--
15.7333333333
18.7333333333
17.5
19.8833333333
18.1
17.7288135593
17.3833333333
18.3333333333
19.5833333333
17.9666666667
18.65
17.5666666667
17.6440677966
18.55
18.1166666667
18.35
16.7966101695
16.4
18.4
17.8166666667
17.4666666667
17.4406779661
16.8833333333
16.3333333333
17.5
17.4166666667
19.7966101695
19.5166666667
18.2666666667
16.6333333333
17.3666666667
17.0677966102
17.2666666667
16.0833333333
16.7333333333
19.0666666667
17.9830508475
18.35
18.65
19.0166666667
17.8666666667
15.813559322
17.65
16.9166666667
18.8666666667
18.0
17.3220338983
17.0333333333
17.1166666667
17.2
15.8
18.593220339
19.0666666667
17.6333333333
18.0
18.0166666667
16.35
18.3220338983
17.7666666667
16.8148148148
--END OF 2--
16.2833333333
19.3333333333
18.65
21.0333333333
19.9
18.3898305085
17.6166666667
18.7833333333
20.9333333333
18.4833333333
18.7
18.0
18.4406779661
19.0833333333
18.1166666667
18.5166666667
17.4915254237
17.15
19.2
18.4666666667
18.2666666667
18.7627118644
16.8833333333
17.1166666667
17.95
17.8333333333
20.1355932203
21.0
19.1666666667
17.2
18.95
17.2542372881
18.0166666667
17.1833333333
17.2333333333
20.0666666667
19.593220339
19.05
19.2166666667
19.5
19.0166666667
16.0338983051
17.85
17.2166666667
19.6333333333
18.2333333333
18.4915254237
18.0333333333
18.4666666667
17.8
16.9
19.5593220339
19.7166666667
18.1666666667
18.7833333333
19.5833333333
16.7
18.9830508475
18.2833333333
18.3148148148
--END OF 3--
12.2333333333
14.0333333333
12.85
14.2333333333
12.5166666667
13.1186440678
12.6166666667
12.9833333333
13.8666666667
13.2666666667
13.4
12.7666666667
12.9491525424
13.0
13.2666666667
13.3666666667
12.406779661
12.45
13.4
13.2666666667
13.3166666667
13.1355932203
13.1
12.4166666667
12.5333333333
12.3833333333
14.3220338983
13.9666666667
13.55
12.5333333333
12.6333333333
12.9661016949
12.2666666667
11.7833333333
13.0833333333
13.7166666667
13.186440678
13.55
13.6
13.5
12.1833333333
11.7457627119
13.5333333333
12.4166666667
13.4666666667
13.5
13.0847457627
12.0833333333
12.4166666667
12.3
11.8
13.593220339
13.6
12.9833333333
12.1833333333
12.9333333333
12.25
13.5593220339
13.25
12.8703703704
--END OF 4--
15.7333333333
18.7333333333
17.5
19.8833333333
18.1
17.7288135593
17.3833333333
18.3333333333
19.5833333333
17.9666666667
18.65
17.5666666667
17.6440677966
18.55
18.1166666667
18.35
16.7966101695
16.4
18.4
17.8166666667
17.4666666667
17.4406779661
16.8833333333
16.3333333333
17.5
17.4166666667
19.7966101695
19.5166666667
18.2666666667
16.6333333333
17.3666666667
17.0677966102
17.2666666667
16.0833333333
16.7333333333
19.0666666667
17.9830508475
18.35
18.65
19.0166666667
17.8666666667
15.813559322
17.65
16.9166666667
18.8666666667
18.0
17.3220338983
17.0333333333
17.1166666667
17.2
15.8
18.593220339
19.0666666667
17.6333333333
18.0
18.0166666667
16.35
18.3220338983
17.7666666667
16.8148148148
--END OF 5--
16.2833333333
19.3333333333
18.65
21.0333333333
19.9
18.3898305085
17.6166666667
18.7833333333
20.9333333333
18.4833333333
18.7
18.0
18.4406779661
19.0833333333
18.1166666667
18.5166666667
17.4915254237
17.15
19.2
18.4666666667
18.2666666667
18.7627118644
16.8833333333
17.1166666667
17.95
17.8333333333
20.1355932203
21.0
19.1666666667
17.2
18.95
17.2542372881
18.0166666667
17.1833333333
17.2333333333
20.0666666667
19.593220339
19.05
19.2166666667
19.5
19.0166666667
16.0338983051
17.85
17.2166666667
19.6333333333
18.2333333333
18.4915254237
18.0333333333
18.4666666667
17.8
16.9
19.5593220339
19.7166666667
18.1666666667
18.7833333333
19.5833333333
16.7
18.9830508475
18.2833333333
18.3148148148
--END OF 6--
2402.55
2686.8
2552.7
2658.45
2465.5
2455.57627119
2441.15
2436.35
2639.05
2498.25
2559.2
2500.3
2472.71186441
2503.9
2468.1
2564.0
2432.23728814
2319.0
2526.75
2615.1
2560.2
2395.72881356
2479.55
2407.1
2449.75
2498.0
2745.25423729
2559.0
2526.5
2435.85
2424.45
2456.74576271
2463.75
2266.2
2460.3
2544.3
2514.91525424
2518.6
2577.25
2551.45
2397.5
2301.50847458
2543.2
2353.4
2589.85
2488.15
2482.16949153
2338.5
2388.6
2372.55
2180.85
2478.76271186
2474.4
2483.75
2427.65
2447.65
2356.8
2593.52542373
2516.4
2475.16666667
--END OF 7--
677.45
762.4
717.2
765.45
700.75
693.406779661
691.016666667
682.65
730.033333333
701.216666667
728.0
685.783333333
690.745762712
700.55
694.716666667
717.383333333
681.677966102
639.95
714.7
720.2
712.4
677.203389831
679.166666667
668.533333333
701.166666667
687.766666667
757.593220339
719.816666667
695.666666667
679.0
687.016666667
685.186440678
670.85
625.15
675.6
725.3
700.372881356
716.833333333
725.9
720.983333333
675.616666667
645.677966102
718.75
656.716666667
738.416666667
710.916666667
694.525423729
651.3
678.1
672.25
617.75
706.06779661
707.633333333
698.566666667
676.366666667
686.95
657.333333333
710.288135593
716.283333333
693.388888889
--END OF 8--
76.3
112.55
103.5
119.45
118.733333333
107.338983051
89.3833333333
108.033333333
120.633333333
99.7333333333
102.866666667
106.6
98.3559322034
103.583333333
119.683333333
108.616666667
88.9322033898
88.65
98.45
107.15
98.55
104.338983051
89.0166666667
88.3166666667
103.133333333
112.3
113.457627119
109.783333333
104.516666667
96.6666666667
96.5833333333
90.3220338983
94.55
91.75
84.65
100.65
110.152542373
105.65
101.933333333
93.55
106.666666667
89.1355932203
88.0333333333
99.2833333333
109.8
106.066666667
95.186440678
102.9
98.65
96.05
85.05
109.830508475
108.583333333
102.216666667
106.483333333
100.15
88.2333333333
104.118644068
92.4333333333
96.6111111111
--END OF 9--
3.5
3.5
4.1
5.45
5.18333333333
2.50847457627
3.08333333333
6.96666666667
7.48333333333
3.6
3.53333333333
3.6
2.40677966102
3.95
3.06666666667
2.38333333333
2.05084745763
4.15
4.85
3.6
4.25
5.10169491525
1.83333333333
2.96666666667
4.28333333333
2.35
3.1186440678
7.88333333333
4.68333333333
2.18333333333
4.98333333333
0.932203389831
6.25
4.8
3.0
5.95
6.23728813559
4.51666666667
4.86666666667
6.75
5.0
4.1186440678
5.31666666667
3.21666666667
4.93333333333
3.53333333333
2.83050847458
5.6
4.5
4.55
5.9
5.8813559322
4.31666666667
3.58333333333
5.81666666667
4.15
2.63333333333
3.98305084746
4.66666666667
4.61111111111
--END OF 10--
0.5
0.7
1.8
1.35
2.51666666667
1.1186440678
0.416666666667
1.05
2.1
0.933333333333
0.0
0.55
1.08474576271
0.883333333333
0.0
0.233333333333
0.983050847458
0.9
1.0
1.1
1.05
1.8813559322
0.0
1.08333333333
0.8
0.816666666667
0.508474576271
2.13333333333
1.48333333333
0.816666666667
2.16666666667
0.338983050847
1.25
1.25
0.5
1.05
1.61016949153
1.08333333333
0.416666666667
0.933333333333
1.21666666667
0.220338983051
0.0
0.0
0.916666666667
0.0833333333333
1.42372881356
1.5
2.6
0.75
1.45
1.37288135593
0.95
0.966666666667
1.26666666667
1.93333333333
0.5
1.01694915254
0.866666666667
1.66666666667
--END OF 11--
0.0
0.0
0.5
0.5
0.5
0.0
0.0
0.133333333333
0.866666666667
0.5
0.0
0.183333333333
0.322033898305
0.0
0.0
0.0
0.508474576271
0.4
0.0
0.5
0.15
0.35593220339
0.0
0.5
0.0
0.0
0.0
0.0
0.116666666667
0.383333333333
1.0
0.0
0.0
0.5
0.0
0.5
0.508474576271
0.0
0.0
0.0833333333333
0.7
0.220338983051
0.0
0.0
0.5
0.0
0.915254237288
0.1
0.0
0.25
0.7
0.627118644068
0.433333333333
0.0
0.316666666667
1.11666666667
0.0
0.508474576271
0.0
0.555555555556
--END OF 12--
