17.35
17.8833333333
17.406779661
16.5166666667
15.2833333333
16.7666666667
15.7
16.0166666667
15.7457627119
15.6166666667
15.6166666667
16.8
15.95
16.4666666667
17.1186440678
16.7833333333
16.3166666667
16.9833333333
15.5
15.7833333333
16.1525423729
15.4166666667
15.5833333333
15.7
16.4666666667
16.4833333333
16.2711864407
16.2166666667
15.7
15.3833333333
15.6333333333
16.3
16.2372881356
16.05
16.3666666667
16.5166666667
15.8833333333
15.6440677966
15.1666666667
15.0833333333
15.4333333333
16.3833333333
15.5333333333
15.1694915254
15.7333333333
16.7166666667
16.8333333333
16.0833333333
15.9491525424
15.6
15.5
16.45
17.3
15.4166666667
16.0169491525
15.5166666667
15.3166666667
15.55
15.55
17.5789473684
--END OF 1--
24.15
22.9333333333
23.2203389831
21.5666666667
21.5
22.0166666667
21.7
21.2166666667
20.2372881356
20.7166666667
21.0166666667
21.5166666667
20.5333333333
21.9
22.3898305085
20.7833333333
20.9166666667
23.5333333333
20.95
20.6333333333
21.8644067797
20.6833333333
20.4166666667
20.9
21.5666666667
20.7833333333
21.813559322
20.3166666667
20.6
19.95
19.1
20.0166666667
20.186440678
20.15
21.6166666667
21.9166666667
21.0833333333
21.7457627119
20.05
19.1833333333
19.6
21.2
20.3833333333
20.593220339
20.6166666667
22.3333333333
22.05
21.25
21.3220338983
21.25
20.05
20.95
22.1
21.35
21.6440677966
19.8333333333
20.3666666667
19.4833333333
20.1
22.7894736842
--END OF 2--
24.5
23.3333333333
23.5254237288
21.5666666667
21.6
22.2
22.95
21.6166666667
20.6440677966
21.8333333333
22.1
22.0833333333
21.15
23.1166666667
22.4915254237
21.1333333333
22.5666666667
23.6333333333
21.3
21.5333333333
22.593220339
21.45
20.95
21.75
22.5666666667
21.4833333333
21.8983050847
21.0
20.8
20.3
19.55
20.4166666667
20.4915254237
20.3
21.9166666667
23.3166666667
21.5833333333
21.9322033898
20.2666666667
21.5333333333
20.6
21.55
20.7166666667
20.9661016949
21.5666666667
24.2333333333
22.45
21.5
22.4576271186
22.1
20.15
21.35
22.8
22.0166666667
22.1525423729
20.85
21.6833333333
19.5
20.1333333333
23.7894736842
--END OF 3--
17.35
17.8833333333
17.406779661
16.5166666667
15.2833333333
16.7666666667
15.7
16.0166666667
15.7457627119
15.6166666667
15.6166666667
16.8
15.95
16.4666666667
17.1186440678
16.7833333333
16.3166666667
16.9833333333
15.5
15.7833333333
16.1525423729
15.4166666667
15.5833333333
15.7
16.4666666667
16.4833333333
16.2711864407
16.2166666667
15.7
15.3833333333
15.6333333333
16.3
16.2372881356
16.05
16.3666666667
16.5166666667
15.8833333333
15.6440677966
15.1666666667
15.0833333333
15.4333333333
16.3833333333
15.5333333333
15.1694915254
15.7333333333
16.7166666667
16.8333333333
16.0833333333
15.9491525424
15.6
15.5
16.45
17.3
15.4166666667
16.0169491525
15.5166666667
15.3166666667
15.55
15.55
17.5789473684
--END OF 4--
24.15
22.9333333333
23.2203389831
21.5666666667
21.5
22.0166666667
21.7
21.2166666667
20.2372881356
20.7166666667
21.0166666667
21.5166666667
20.5333333333
21.9
22.3898305085
20.7833333333
20.9166666667
23.5333333333
20.95
20.6333333333
21.8644067797
20.6833333333
20.4166666667
20.9
21.5666666667
20.7833333333
21.813559322
20.3166666667
20.6
19.95
19.1
20.0166666667
20.186440678
20.15
21.6166666667
21.9166666667
21.0833333333
21.7457627119
20.05
19.1833333333
19.6
21.2
20.3833333333
20.593220339
20.6166666667
22.3333333333
22.05
21.25
21.3220338983
21.25
20.05
20.95
22.1
21.35
21.6440677966
19.8333333333
20.3666666667
19.4833333333
20.1
22.7894736842
--END OF 5--
24.5
23.3333333333
23.5254237288
21.5666666667
21.6
22.2
22.95
21.6166666667
20.6440677966
21.8333333333
22.1
22.0833333333
21.15
23.1166666667
22.4915254237
21.1333333333
22.5666666667
23.6333333333
21.3
21.5333333333
22.593220339
21.45
20.95
21.75
22.5666666667
21.4833333333
21.8983050847
21.0
20.8
20.3
19.55
20.4166666667
20.4915254237
20.3
21.9166666667
23.3166666667
21.5833333333
21.9322033898
20.2666666667
21.5333333333
20.6
21.55
20.7166666667
20.9661016949
21.5666666667
24.2333333333
22.45
21.5
22.4576271186
22.1
20.15
21.35
22.8
22.0166666667
22.1525423729
20.85
21.6833333333
19.5
20.1333333333
23.7894736842
--END OF 6--
3308.7
3370.65
3219.3559322
3121.3
3006.0
3149.0
3030.2
3085.9
2992.77966102
3016.05
3025.7
3209.55
3022.7
3086.75
3161.28813559
3155.85
3039.15
3270.75
3084.6
3048.75
3164.54237288
2996.85
3023.1
2931.25
3125.75
3046.35
3115.52542373
3077.7
2965.5
2912.35
2787.85
3000.55
3125.89830508
2976.45
3157.95
3111.9
2907.6
3003.81355932
2787.9
2989.6
3004.25
3094.8
2920.45
2869.77966102
2990.2
3227.95
3136.7
3025.8
2964.91525424
2957.85
2961.15
3086.1
3108.9
2907.6
2917.98305085
2912.45
2931.55
2891.9
2897.4
3298.73684211
--END OF 7--
924.1
922.9
892.13559322
858.8
834.116666667
881.683333333
848.25
856.65
830.169491525
826.95
820.483333333
887.933333333
832.75
858.983333333
884.762711864
869.1
850.7
908.4
847.55
822.7
857.677966102
831.85
842.6
829.833333333
866.566666667
858.383333333
851.93220339
835.066666667
828.333333333
809.3
797.366666667
838.316666667
863.796610169
821.75
863.9
867.7
812.85
831.084745763
780.35
807.45
836.166666667
863.866666667
806.533333333
789.118644068
824.133333333
882.083333333
867.383333333
841.733333333
813.525423729
822.7
803.5
860.55
870.3
811.683333333
821.644067797
804.35
804.833333333
794.633333333
800.233333333
898.315789474
--END OF 8--
125.1
126.85
132.322033898
112.2
125.033333333
113.633333333
114.1
110.1
102.559322034
108.833333333
114.25
106.25
95.4666666667
122.816666667
124.593220339
104.15
116.45
140.15
103.3
105.1
114.13559322
107.066666667
101.2
123.733333333
114.616666667
94.5
110.576271186
107.283333333
96.9666666667
93.8666666667
80.9166666667
97.65
94.8474576271
103.7
110.0
121.45
108.75
115.593220339
112.7
106.483333333
102.383333333
95.2166666667
110.15
113.033898305
105.266666667
114.4
124.316666667
113.05
121.762711864
104.75
93.1
101.0
115.45
122.483333333
113.847457627
99.4
100.1
104.2
100.166666667
117.736842105
--END OF 9--
6.3
3.75
5.37288135593
2.75
7.08333333333
5.16666666667
9.0
4.01666666667
1.69491525424
4.68333333333
7.06666666667
4.3
5.31666666667
4.1
2.8813559322
1.15
3.75
3.25
5.45
4.8
5.15254237288
5.18333333333
3.85
2.61666666667
4.75
3.05
4.27118644068
2.58333333333
1.91666666667
5.33333333333
2.61666666667
1.51666666667
2.30508474576
1.95
3.55
6.0
4.2
6.83050847458
5.66666666667
6.2
2.26666666667
2.9
2.15
5.28813559322
3.58333333333
6.53333333333
1.55
3.35
7.38983050847
9.25
6.4
3.3
4.3
5.01666666667
6.10169491525
4.2
6.26666666667
1.76666666667
2.68333333333
5.84210526316
--END OF 10--
0.4
0.2
0.305084745763
0.0
0.0
0.216666666667
2.03333333333
0.683333333333
0.525423728814
2.06666666667
0.916666666667
0.716666666667
0.55
1.5
0.237288135593
0.55
1.95
0.0
0.0
0.95
0.949152542373
1.35
0.366666666667
0.433333333333
1.08333333333
0.966666666667
0.135593220339
0.883333333333
0.216666666667
0.783333333333
0.5
0.5
0.508474576271
0.0
0.5
2.1
0.9
0.28813559322
0.216666666667
3.86666666667
1.63333333333
0.5
0.633333333333
0.372881355932
1.76666666667
3.1
0.133333333333
0.383333333333
1.13559322034
1.0
0.15
0.35
1.35
1.15
1.01694915254
1.56666666667
1.91666666667
0.0166666666667
0.0333333333333
1.10526315789
--END OF 11--
0.4
0.0
0.0
0.0
0.0
0.0
0.5
0.0
0.0
0.0
0.0
0.216666666667
0.55
0.233333333333
0.0
0.0
1.5
0.0
0.0
0.0
0.271186440678
0.0
0.0
0.0
0.0
0.483333333333
0.0169491525424
0.5
0.0
0.0
0.0
0.0
0.0
0.0
0.0
0.8
0.2
0.28813559322
0.216666666667
0.283333333333
0.216666666667
0.0
0.133333333333
0.372881355932
0.5
0.5
0.0
0.0
0.508474576271
0.5
0.0
0.0
0.3
0.2
0.0
0.233333333333
0.266666666667
0.0
0.0
0.631578947368
--END OF 12--
