9.86666666667
9.46666666667
9.28333333333
9.36666666667
9.18644067797
8.35
9.95
8.81666666667
8.28333333333
9.03333333333
8.66101694915
9.25
9.56666666667
9.15
8.78333333333
7.91666666667
7.77966101695
8.0
8.58333333333
8.23333333333
8.68333333333
8.42372881356
8.78333333333
7.95
8.05
7.81666666667
8.31666666667
8.67796610169
8.53333333333
8.23333333333
8.13333333333
7.93333333333
8.35593220339
8.93333333333
8.41666666667
8.26666666667
8.7
8.93333333333
7.91525423729
9.33333333333
7.85
9.03333333333
8.45
8.86440677966
9.08333333333
8.48333333333
9.35
7.61666666667
9.01694915254
8.26666666667
8.98333333333
9.03333333333
8.61666666667
8.15
8.32203389831
7.63333333333
8.46666666667
7.61666666667
9.03333333333
8.44642857143
--END OF 1--
13.3833333333
12.2333333333
12.1333333333
11.1333333333
11.2881355932
11.25
13.3
11.4166666667
10.6833333333
11.1333333333
12.0677966102
12.3
12.4666666667
11.9833333333
12.0166666667
11.0833333333
10.8813559322
10.75
11.0166666667
10.4
11.5
12.4237288136
11.7333333333
11.25
11.1
10.3166666667
10.9666666667
10.8983050847
11.0333333333
10.75
11.3333333333
10.65
10.5084745763
11.9
10.9166666667
11.1166666667
11.2
11.9333333333
10.2033898305
12.2833333333
11.55
11.9333333333
11.65
11.1525423729
11.25
11.2666666667
12.45
10.2333333333
11.7457627119
10.9833333333
11.9666666667
11.25
11.4333333333
10.6
11.1016949153
10.6333333333
10.9666666667
10.7166666667
11.5166666667
11.4464285714
--END OF 2--
13.8333333333
13.3333333333
12.35
11.8833333333
11.9322033898
11.6
13.75
11.4666666667
10.8333333333
11.4333333333
12.7966101695
12.9
13.5666666667
12.2166666667
12.9333333333
12.0
11.1525423729
11.1333333333
11.3666666667
10.6666666667
11.9
13.4745762712
11.8833333333
12.45
11.95
10.7166666667
10.9666666667
11.2881355932
12.1833333333
11.3166666667
11.3333333333
10.65
11.7966101695
12.0333333333
11.6833333333
11.7166666667
11.6333333333
11.9333333333
10.2033898305
12.6833333333
11.75
12.1833333333
12.4
11.5423728814
11.5166666667
11.3
13.5
10.4
12.5084745763
11.6833333333
12.4833333333
11.6333333333
11.4833333333
11.2
11.406779661
11.7333333333
11.4666666667
10.8666666667
11.85
11.4464285714
--END OF 3--
9.86666666667
9.46666666667
9.28333333333
9.36666666667
9.18644067797
8.35
9.95
8.81666666667
8.28333333333
9.03333333333
8.66101694915
9.25
9.56666666667
9.15
8.78333333333
7.91666666667
7.77966101695
8.0
8.58333333333
8.23333333333
8.68333333333
8.42372881356
8.78333333333
7.95
8.05
7.81666666667
8.31666666667
8.67796610169
8.53333333333
8.23333333333
8.13333333333
7.93333333333
8.35593220339
8.93333333333
8.41666666667
8.26666666667
8.7
8.93333333333
7.91525423729
9.33333333333
7.85
9.03333333333
8.45
8.86440677966
9.08333333333
8.48333333333
9.35
7.61666666667
9.01694915254
8.26666666667
8.98333333333
9.03333333333
8.61666666667
8.15
8.32203389831
7.63333333333
8.46666666667
7.61666666667
9.03333333333
8.44642857143
--END OF 4--
13.3833333333
12.2333333333
12.1333333333
11.1333333333
11.2881355932
11.25
13.3
11.4166666667
10.6833333333
11.1333333333
12.0677966102
12.3
12.4666666667
11.9833333333
12.0166666667
11.0833333333
10.8813559322
10.75
11.0166666667
10.4
11.5
12.4237288136
11.7333333333
11.25
11.1
10.3166666667
10.9666666667
10.8983050847
11.0333333333
10.75
11.3333333333
10.65
10.5084745763
11.9
10.9166666667
11.1166666667
11.2
11.9333333333
10.2033898305
12.2833333333
11.55
11.9333333333
11.65
11.1525423729
11.25
11.2666666667
12.45
10.2333333333
11.7457627119
10.9833333333
11.9666666667
11.25
11.4333333333
10.6
11.1016949153
10.6333333333
10.9666666667
10.7166666667
11.5166666667
11.4464285714
--END OF 5--
13.8333333333
13.3333333333
12.35
11.8833333333
11.9322033898
11.6
13.75
11.4666666667
10.8333333333
11.4333333333
12.7966101695
12.9
13.5666666667
12.2166666667
12.9333333333
12.0
11.1525423729
11.1333333333
11.3666666667
10.6666666667
11.9
13.4745762712
11.8833333333
12.45
11.95
10.7166666667
10.9666666667
11.2881355932
12.1833333333
11.3166666667
11.3333333333
10.65
11.7966101695
12.0333333333
11.6833333333
11.7166666667
11.6333333333
11.9333333333
10.2033898305
12.6833333333
11.75
12.1833333333
12.4
11.5423728814
11.5166666667
11.3
13.5
10.4
12.5084745763
11.6833333333
12.4833333333
11.6333333333
11.4833333333
11.2
11.406779661
11.7333333333
11.4666666667
10.8666666667
11.85
11.4464285714
--END OF 6--
1902.05
1847.2
1810.5
1887.05
1806.76271186
1741.05
1935.75
1822.2
1627.2
1706.7
1801.52542373
1830.15
1843.5
1833.45
1831.9
1720.55
1588.11864407
1654.75
1748.35
1707.45
1821.75
1811.18644068
1754.55
1674.3
1698.0
1713.9
1699.2
1639.52542373
1743.3
1772.1
1762.55
1615.3
1733.18644068
1810.6
1755.8
1721.35
1822.05
1810.3
1617.96610169
1847.85
1726.2
1814.7
1712.55
1653.0
1781.25
1678.55
1792.6
1676.9
1825.62711864
1708.35
1778.7
1830.85
1767.3
1719.8
1702.37288136
1665.3
1708.05
1677.15
1807.65
1736.73214286
--END OF 7--
530.583333333
513.883333333
498.45
498.466666667
489.101694915
481.9
535.2
488.3
453.25
478.05
490.355932203
508.533333333
515.216666667
509.116666667
504.05
459.016666667
445.745762712
444.85
472.383333333
467.366666667
488.55
498.237288136
485.05
468.65
459.0
471.7
474.75
451.050847458
484.266666667
474.3
474.116666667
457.466666667
475.0
496.916666667
478.333333333
471.666666667
501.55
498.8
450.881355932
519.55
474.25
497.95
469.55
462.254237288
480.433333333
464.7
498.516666667
460.516666667
506.542372881
466.7
486.9
504.3
472.65
468.433333333
477.254237288
464.9
473.1
462.2
499.116666667
478.285714286
--END OF 8--
75.55
64.55
64.8666666667
55.3666666667
58.9661016949
60.95
67.25
51.65
51.2
56.3
69.9152542373
70.8833333333
61.6166666667
66.35
66.2
69.4333333333
62.406779661
56.4166666667
51.0833333333
49.7666666667
58.1833333333
69.9830508475
62.65
74.65
68.5
58.7
49.45
55.0508474576
55.3166666667
51.9166666667
61.2
51.5666666667
52.7796610169
63.2666666667
54.25
54.9
57.05
56.55
48.5593220339
60.4
66.7
60.1
72.75
60.0847457627
56.6666666667
68.2
75.8833333333
53.7833333333
59.0677966102
55.4333333333
58.8833333333
57.45
59.75
49.1833333333
58.5084745763
64.95
54.2
57.15
61.6166666667
55.1607142857
--END OF 9--
1.8
2.05
2.55
1.73333333333
1.69491525424
2.4
5.05
2.4
2.85
2.2
4.20338983051
2.96666666667
5.11666666667
2.43333333333
4.6
3.31666666667
1.91525423729
1.28333333333
1.98333333333
2.28333333333
2.51666666667
5.77966101695
4.05
4.2
3.35
1.25
1.95
2.61016949153
3.56666666667
1.56666666667
1.58333333333
1.91666666667
2.81355932203
1.58333333333
4.03333333333
3.56666666667
1.73333333333
3.28333333333
1.40677966102
2.15
2.75
3.95
3.65
2.49152542373
1.31666666667
1.83333333333
4.85
1.21666666667
3.0
5.55
4.9
2.3
1.35
2.63333333333
2.42372881356
4.45
3.0
3.1
1.75
2.44642857143
--END OF 10--
0.566666666667
1.43333333333
0.316666666667
0.95
0.847457627119
0.9
0.95
0.05
0.0
0.8
0.779661016949
0.866666666667
1.48333333333
0.383333333333
1.83333333333
1.56666666667
0.559322033898
0.616666666667
0.5
0.383333333333
0.75
1.79661016949
0.1
1.35
1.15
0.5
0.0
0.0
1.43333333333
0.566666666667
0.0
0.0
1.79661016949
0.233333333333
0.916666666667
0.583333333333
0.0
0.0
0.0
0.5
0.0
0.0
0.85
0.728813559322
0.433333333333
0.0333333333333
1.4
0.0666666666667
0.881355932203
1.0
0.966666666667
0.533333333333
0.116666666667
0.883333333333
0.0
2.1
0.8
0.1
0.5
0.0
--END OF 11--
0.566666666667
1.43333333333
0.0
0.0
0.0
0.0
0.0
0.0
0.0
0.0
0.186440677966
0.316666666667
0.0
0.0
0.183333333333
0.316666666667
0.0
0.0
0.0
0.0
0.0
0.0
0.0
0.0
0.0
0.5
0.0
0.0
0.433333333333
0.566666666667
0.0
0.0
0.779661016949
0.233333333333
0.416666666667
0.583333333333
0.0
0.0
0.0
0.0
0.0
0.0
0.35
0.152542372881
0.0
0.0333333333333
0.466666666667
0.0
0.508474576271
0.5
0.0
0.0
0.0
0.0
0.0
0.0
0.0
0.0
0.0
0.0
--END OF 12--
