10.4666666667
10.4166666667
10.4915254237
10.65
10.65
10.2
10.4833333333
11.05
10.8813559322
10.2
10.1
10.2166666667
9.86666666667
9.66666666667
10.593220339
10.8666666667
11.1666666667
10.65
11.0333333333
10.2833333333
9.72881355932
9.95
10.0333333333
11.1333333333
9.53333333333
10.2833333333
11.1016949153
9.9
10.4
10.85
10.65
10.25
10.4745762712
9.33333333333
9.83333333333
10.1166666667
10.1166666667
11.05
10.0847457627
10.9833333333
10.8333333333
10.2333333333
10.8833333333
10.5166666667
10.0
10.4166666667
11.35
10.7833333333
10.55
10.6949152542
11.2333333333
11.0333333333
10.7166666667
11.65
11.1166666667
11.6949152542
10.6
10.4166666667
11.2
10.4339622642
--END OF 1--
13.5
14.45
13.1694915254
13.0166666667
13.7666666667
13.1
13.8333333333
14.25
13.8305084746
13.2
13.1
13.6666666667
12.4166666667
11.6666666667
13.8474576271
13.9666666667
14.7166666667
13.7166666667
14.1
13.5333333333
13.2203389831
12.05
12.4833333333
13.85
12.2166666667
13.55
14.1694915254
12.65
13.2
13.35
14.25
13.8
12.7627118644
12.3833333333
12.3333333333
12.8
12.7
13.4666666667
13.5084745763
14.2833333333
14.35
12.8333333333
13.8
12.9333333333
13.6101694915
14.5166666667
14.65
14.7333333333
13.0
13.7627118644
13.9833333333
13.7333333333
14.25
14.5833333333
13.65
14.3898305085
14.5
14.6833333333
13.9666666667
13.0566037736
--END OF 2--
13.9666666667
15.7666666667
13.3898305085
14.0166666667
13.7666666667
13.4
13.9
15.2
13.9152542373
13.55
14.5
15.2666666667
12.7166666667
12.7166666667
14.9661016949
14.3166666667
15.0
14.0333333333
14.1
14.2
14.6101694915
12.9666666667
12.75
14.4333333333
12.3666666667
14.1166666667
14.9152542373
13.8
14.15
13.55
14.85
14.0
14.0169491525
12.7
12.7833333333
12.95
13.55
14.1
14.0338983051
14.4
14.9
13.3
14.1
13.4333333333
14.1186440678
14.6166666667
14.8
15.0833333333
13.45
14.2711864407
13.9833333333
14.2333333333
14.9833333333
15.6833333333
15.4166666667
14.5084745763
15.0166666667
15.2166666667
15.25
13.2830188679
--END OF 3--
10.4666666667
10.4166666667
10.4915254237
10.65
10.65
10.2
10.4833333333
11.05
10.8813559322
10.2
10.1
10.2166666667
9.86666666667
9.66666666667
10.593220339
10.8666666667
11.1666666667
10.65
11.0333333333
10.2833333333
9.72881355932
9.95
10.0333333333
11.1333333333
9.53333333333
10.2833333333
11.1016949153
9.9
10.4
10.85
10.65
10.25
10.4745762712
9.33333333333
9.83333333333
10.1166666667
10.1166666667
11.05
10.0847457627
10.9833333333
10.8333333333
10.2333333333
10.8833333333
10.5166666667
10.0
10.4166666667
11.35
10.7833333333
10.55
10.6949152542
11.2333333333
11.0333333333
10.7166666667
11.65
11.1166666667
11.6949152542
10.6
10.4166666667
11.2
10.4339622642
--END OF 4--
13.5
14.45
13.1694915254
13.0166666667
13.7666666667
13.1
13.8333333333
14.25
13.8305084746
13.2
13.1
13.6666666667
12.4166666667
11.6666666667
13.8474576271
13.9666666667
14.7166666667
13.7166666667
14.1
13.5333333333
13.2203389831
12.05
12.4833333333
13.85
12.2166666667
13.55
14.1694915254
12.65
13.2
13.35
14.25
13.8
12.7627118644
12.3833333333
12.3333333333
12.8
12.7
13.4666666667
13.5084745763
14.2833333333
14.35
12.8333333333
13.8
12.9333333333
13.6101694915
14.5166666667
14.65
14.7333333333
13.0
13.7627118644
13.9833333333
13.7333333333
14.25
14.5833333333
13.65
14.3898305085
14.5
14.6833333333
13.9666666667
13.0566037736
--END OF 5--
13.9666666667
15.7666666667
13.3898305085
14.0166666667
13.7666666667
13.4
13.9
15.2
13.9152542373
13.55
14.5
15.2666666667
12.7166666667
12.7166666667
14.9661016949
14.3166666667
15.0
14.0333333333
14.1
14.2
14.6101694915
12.9666666667
12.75
14.4333333333
12.3666666667
14.1166666667
14.9152542373
13.8
14.15
13.55
14.85
14.0
14.0169491525
12.7
12.7833333333
12.95
13.55
14.1
14.0338983051
14.4
14.9
13.3
14.1
13.4333333333
14.1186440678
14.6166666667
14.8
15.0833333333
13.45
14.2711864407
13.9833333333
14.2333333333
14.9833333333
15.6833333333
15.4166666667
14.5084745763
15.0166666667
15.2166666667
15.25
13.2830188679
--END OF 6--
1991.5
2093.35
2074.42372881
2003.55
2115.45
2031.05
2135.95
2132.05
2160.20338983
2013.15
2009.1
2019.6
2057.1
2033.55
2130.0
2137.15
2103.05
2103.6
2130.4
2100.85
2003.28813559
1865.85
1961.85
2091.7
1898.85
2124.1
2171.79661017
1963.5
2040.75
2163.15
2135.4
2037.0
2124.30508475
1951.2
1921.95
2014.55
2011.8
2134.1
1927.88135593
2156.05
2169.45
2030.45
2197.8
2137.2
2148.20338983
2227.8
2194.35
2177.1
2024.1
2085.15254237
2143.05
2082.9
2139.0
2262.05
2147.3
2268.61016949
2183.4
2178.0
2232.2
2008.64150943
--END OF 7--
555.75
580.283333333
559.813559322
557.6
578.2
563.216666667
585.583333333
588.516666667
594.627118644
555.05
547.6
562.6
566.7
550.9
583.169491525
588.783333333
587.533333333
570.916666667
585.95
571.716666667
561.423728814
517.116666667
538.016666667
576.683333333
523.483333333
563.8
595.610169492
540.9
563.75
580.1
590.75
581.35
584.355932203
533.5
528.0
540.766666667
549.95
585.033333333
546.033898305
585.016666667
598.583333333
554.7
590.716666667
590.133333333
594.050847458
614.55
612.25
608.25
561.35
562.847457627
590.0
585.15
587.9
634.2
608.216666667
625.338983051
615.5
594.616666667
603.883333333
557.603773585
--END OF 8--
68.3833333333
72.6333333333
67.2033898305
61.85
78.4333333333
65.1166666667
66.5166666667
73.9666666667
64.0338983051
60.2
63.35
65.3
62.45
54.95
63.3220338983
78.0666666667
72.7
70.5333333333
77.6833333333
74.6333333333
66.9152542373
53.7
50.3
63.0333333333
64.05
69.95
68.6779661017
64.1
72.2
68.0
77.05
72.6
64.7457627119
68.95
59.65
61.4166666667
59.9166666667
56.9333333333
65.2881355932
64.4333333333
70.0666666667
55.55
66.1833333333
61.7
69.6440677966
72.45
76.75
74.25
56.2
68.9152542373
57.5833333333
59.7333333333
76.4333333333
72.7
69.4333333333
70.4745762712
76.3333333333
87.0166666667
69.95
67.4716981132
--END OF 9--
2.75
7.3
3.37288135593
2.75
0.883333333333
2.05
2.7
3.43333333333
0.525423728814
4.1
5.8
5.75
1.15
2.55
4.94915254237
2.5
2.33333333333
2.78333333333
0.833333333333
2.46666666667
6.05084745763
4.45
1.93333333333
3.6
2.3
1.96666666667
3.37288135593
2.9
2.5
1.35
4.1
4.35
3.06779661017
0.716666666667
2.2
1.2
2.65
3.18333333333
4.98305084746
3.33333333333
3.58333333333
1.83333333333
1.3
2.46666666667
2.71186440678
4.3
1.5
4.0
4.05
3.15254237288
2.73333333333
2.53333333333
3.13333333333
2.9
4.4
1.74576271186
4.45
3.15
3.75
1.64150943396
--END OF 10--
0.266666666667
1.23333333333
0.508474576271
2.0
0.0
0.5
0.0666666666667
1.35
0.0847457627119
0.65
1.65
2.7
0.5
1.7
1.5593220339
0.266666666667
0.583333333333
0.416666666667
0.0
1.5
2.08474576271
0.95
0.233333333333
1.13333333333
0.133333333333
1.03333333333
1.08474576271
1.75
1.3
0.35
0.9
0.15
1.54237288136
0.433333333333
0.483333333333
0.516666666667
1.23333333333
1.18333333333
1.10169491525
0.0
1.13333333333
0.566666666667
0.7
0.5
0.949152542373
0.15
0.35
0.5
0.5
1.01694915254
0.0
1.08333333333
1.23333333333
1.26666666667
2.41666666667
0.220338983051
0.783333333333
1.0
1.4
0.339622641509
--END OF 11--
0.0
0.5
0.0
0.0
0.0
0.0
0.0666666666667
0.433333333333
0.0
0.25
0.75
0.5
0.0
0.0
0.508474576271
0.0
0.0
0.0
0.0
0.0
0.0
0.0
0.216666666667
0.283333333333
0.0
0.416666666667
0.694915254237
0.9
0.0
0.0
0.0
0.05
0.593220338983
0.366666666667
0.0
0.0
1.0
0.0
0.0
0.0
0.0
0.0
0.0
0.0
0.0
0.0
0.0
0.0
0.0
0.0
0.0
0.0
0.0
0.583333333333
1.41666666667
0.220338983051
0.283333333333
0.0
1.4
0.339622641509
--END OF 12--
