28.2166666667
27.0677966102
25.7833333333
25.6833333333
25.5333333333
26.9333333333
26.35
24.6610169492
24.95
26.05
27.1166666667
26.7166666667
25.5166666667
24.813559322
27.6333333333
26.1333333333
25.0833333333
26.7333333333
25.7666666667
25.4576271186
25.4166666667
25.0
25.8
25.4
24.8
25.3728813559
25.05
25.6333333333
25.2166666667
25.2
23.9833333333
25.0847457627
25.4333333333
25.1833333333
23.95
24.85
25.7457627119
24.2
25.5333333333
24.8833333333
25.4666666667
26.0333333333
25.7118644068
25.3
23.3166666667
24.6333333333
23.8333333333
24.4666666667
24.9152542373
23.75
24.5666666667
24.6666666667
23.55
24.4915254237
24.3
24.6
22.6333333333
23.9833333333
24.05
27.0517241379
--END OF 1--
38.4333333333
38.1694915254
35.8666666667
35.3333333333
35.7666666667
38.0333333333
36.8166666667
34.2881355932
36.55
36.65
38.05
37.9333333333
36.9
35.5254237288
38.85
37.0
35.5666666667
36.8
35.4166666667
35.7966101695
34.35
35.75
35.7333333333
35.7666666667
34.1333333333
33.7288135593
34.9
34.6833333333
34.6666666667
32.9
33.45
35.2033898305
35.65
34.3833333333
34.1833333333
34.8333333333
34.6610169492
32.5666666667
35.4
34.2
35.6
36.5833333333
34.0677966102
34.1333333333
32.7833333333
34.4333333333
34.5166666667
34.6166666667
33.3220338983
34.55
34.7333333333
34.8
31.6333333333
34.8644067797
34.2333333333
35.0833333333
30.4333333333
32.45
33.3166666667
37.5172413793
--END OF 2--
38.7666666667
38.9322033898
36.3833333333
36.0333333333
36.1666666667
39.2166666667
38.1
36.4745762712
38.2
37.8
39.1833333333
39.2833333333
38.0833333333
37.7796610169
40.2833333333
37.5666666667
37.1
37.7666666667
38.1
37.7457627119
35.2333333333
37.0333333333
36.8833333333
37.4333333333
34.8
35.0338983051
35.8666666667
35.1333333333
36.3166666667
33.65
35.3666666667
36.1186440678
36.3
36.6
34.7
36.0
36.5593220339
33.7666666667
37.0666666667
36.7333333333
36.4666666667
36.8
35.4745762712
34.75
33.6333333333
35.3833333333
36.25
35.3166666667
34.4237288136
35.75
36.1
35.4666666667
31.9
35.6271186441
34.6166666667
35.9166666667
32.0333333333
34.2333333333
34.2166666667
38.8448275862
--END OF 3--
24.2666666667
23.593220339
22.8833333333
22.8
23.0166666667
23.6666666667
23.2166666667
22.2372881356
22.8
23.35
23.8166666667
23.6333333333
22.9666666667
22.6271186441
23.9166666667
23.2833333333
22.5833333333
23.5666666667
23.1666666667
23.1016949153
22.9333333333
22.7333333333
23.0333333333
22.9166666667
22.6666666667
22.7118644068
22.8833333333
22.9333333333
22.7166666667
22.55
22.1333333333
22.6779661017
22.95
22.8166666667
22.2333333333
22.8333333333
23.0847457627
22.2333333333
22.95
22.7666666667
22.9333333333
23.1666666667
23.0677966102
22.8666666667
21.8833333333
22.5333333333
22.1666666667
22.3166666667
22.6610169492
21.9833333333
22.4833333333
22.5
21.95
22.1694915254
22.2
22.3666666667
21.5
22.3
22.35
23.8103448276
--END OF 4--
34.8
34.5254237288
33.2166666667
32.8833333333
33.2666666667
34.6166666667
33.7
31.9322033898
33.55
33.7
34.6166666667
34.5833333333
33.8333333333
33.0847457627
35.0166666667
33.9666666667
33.0166666667
33.8666666667
33.1333333333
33.2203389831
32.3666666667
33.2833333333
33.1333333333
33.1833333333
32.3
32.0677966102
32.75
32.6333333333
32.3166666667
31.45
31.8666666667
32.7288135593
33.2666666667
32.5333333333
32.3
32.6666666667
32.6610169492
31.3166666667
33.0833333333
32.3
33.1833333333
33.5166666667
32.2881355932
32.3333333333
31.6
32.5333333333
32.5
32.6166666667
31.7966101695
32.4166666667
32.5
32.6333333333
30.6333333333
32.3220338983
32.1
32.7166666667
29.85
31.2333333333
31.85
34.275862069
--END OF 5--
38.7666666667
38.9322033898
36.3833333333
36.0333333333
36.1666666667
39.2166666667
38.1
36.4745762712
38.2
37.8
39.1833333333
39.2833333333
38.0833333333
37.7796610169
40.2833333333
37.5666666667
37.1
37.7666666667
38.1
37.7457627119
35.2333333333
37.0333333333
36.8833333333
37.4333333333
34.8
35.0338983051
35.8666666667
35.1333333333
36.3166666667
33.65
35.3666666667
36.1186440678
36.3
36.6
34.7
36.0
36.5593220339
33.7666666667
37.0666666667
36.7333333333
36.4666666667
36.8
35.4745762712
34.75
33.6333333333
35.3833333333
36.25
35.3166666667
34.4237288136
35.75
36.1
35.4666666667
31.9
35.6271186441
34.6166666667
35.9166666667
32.0333333333
34.2333333333
34.2166666667
38.8448275862
--END OF 6--
5138.6
5045.6440678
4917.75
4796.65
4835.05
4944.25
4874.75
4712.94915254
4673.7
4810.8
4886.65
5023.75
4776.0
4592.08474576
4979.35
4738.35
4691.45
4811.25
4646.75
4673.54237288
4643.4
4602.3
4754.4
4628.85
4567.7
4704.15254237
4663.05
4554.9
4657.95
4479.3
4491.0
4689.96610169
4775.8
4608.1
4526.9
4478.2
4706.38983051
4435.8
4678.65
4661.65
4695.95
4781.95
4627.98305085
4561.5
4353.75
4619.4
4515.5
4516.65
4560.20338983
4607.1
4575.05
4633.95
4401.45
4638.05084746
4593.0
4593.4
4229.85
4334.1
4440.1
4956.31034483
--END OF 7--
1433.75
1383.91525424
1333.36666667
1317.03333333
1325.3
1394.4
1364.31666667
1298.66101695
1304.0
1336.7
1382.9
1381.55
1323.9
1285.22033898
1415.5
1345.86666667
1314.98333333
1365.76666667
1300.31666667
1300.3220339
1309.31666667
1287.78333333
1322.6
1313.65
1261.68333333
1302.55932203
1281.78333333
1300.0
1326.45
1278.8
1255.46666667
1311.10169492
1306.3
1277.58333333
1244.48333333
1266.31666667
1289.62711864
1238.25
1297.25
1278.75
1313.53333333
1331.51666667
1303.55932203
1277.4
1214.93333333
1261.3
1248.98333333
1256.05
1249.20338983
1272.66666667
1268.36666667
1280.93333333
1206.96666667
1298.37288136
1295.08333333
1291.51666667
1177.93333333
1224.96666667
1221.83333333
1403.48275862
--END OF 8--
213.75
235.440677966
204.133333333
204.75
229.816666667
233.566666667
219.066666667
200.474576271
204.1
221.1
226.95
228.333333333
218.766666667
213.86440678
230.4
212.3
203.3
207.266666667
213.65
217.101694915
211.416666667
217.016666667
211.466666667
218.983333333
184.533333333
194.525423729
192.733333333
199.3
205.5
182.7
201.033333333
213.033898305
205.416666667
190.4
191.7
208.983333333
203.677966102
189.516666667
216.116666667
197.75
194.983333333
211.4
192.152542373
194.633333333
197.35
192.6
211.616666667
200.4
194.661016949
214.4
214.9
222.35
166.366666667
208.355932203
202.316666667
223.983333333
177.55
181.966666667
178.7
216.120689655
--END OF 9--
10.1
8.47457627119
6.11666666667
6.61666666667
3.93333333333
8.93333333333
8.28333333333
10.7288135593
16.1
9.2
11.2166666667
9.53333333333
11.4333333333
11.2203389831
9.43333333333
10.05
10.7666666667
8.18333333333
12.6
12.7457627119
5.21666666667
8.58333333333
9.4
6.81666666667
9.56666666667
6.06779661017
9.86666666667
6.55
10.2
6.65
7.58333333333
6.71186440678
8.01666666667
11.1833333333
9.1
8.6
9.61016949153
7.28333333333
10.8
10.3833333333
6.51666666667
9.58333333333
7.84745762712
5.95
6.53333333333
6.85
10.5166666667
6.75
6.33898305085
9.23333333333
7.81666666667
6.53333333333
3.88333333333
7.08474576271
6.03333333333
6.63333333333
5.38333333333
10.5333333333
8.91666666667
8.25862068966
--END OF 10--
0.533333333333
0.949152542373
0.616666666667
1.08333333333
0.45
1.78333333333
1.56666666667
2.33898305085
2.3
1.25
1.81666666667
2.45
1.93333333333
2.84745762712
1.48333333333
0.6
2.33333333333
1.36666666667
3.68333333333
3.05084745763
1.51666666667
2.2
1.5
2.66666666667
0.433333333333
1.45762711864
1.5
0.55
2.95
1.15
2.93333333333
1.23728813559
1.33333333333
3.75
0.85
1.91666666667
3.10169491525
1.88333333333
2.81666666667
3.86666666667
1.6
0.433333333333
1.42372881356
1.35
1.51666666667
1.7
2.33333333333
0.7
1.38983050847
2.21666666667
1.88333333333
0.683333333333
0.383333333333
1.32203389831
0.733333333333
1.6
1.33333333333
1.83333333333
1.85
1.98275862069
--END OF 11--
0.333333333333
0.677966101695
0.0
0.0
0.0
0.0
0.533333333333
0.0
0.0
0.0
0.0
0.0
0.0
0.0
0.0
0.6
0.0
0.283333333333
0.9
0.728813559322
0.0
0.0
0.0
0.0
0.15
0.338983050847
0.616666666667
0.0
0.0
0.65
1.56666666667
0.389830508475
0.0
0.433333333333
0.0
0.616666666667
0.898305084746
0.5
0.0
0.666666666667
0.233333333333
0.0
0.0
0.0
0.0
0.0
0.166666666667
0.4
0.610169491525
0.433333333333
0.433333333333
0.0
0.0
0.169491525424
0.0
0.316666666667
0.8
0.183333333333
0.0
0.0344827586207
--END OF 12--
